3496.90832,0.02178
3494.97953,0.02408
3493.05073,0.02369
3491.12193,0.02063
3489.19314,0.02083
3487.26434,0.02416
3485.33554,0.02503
3483.40675,0.02563
3481.47795,0.02736
3479.54915,0.02723
3477.62036,0.02712
3475.69156,0.02768
3473.76276,0.02537
3471.83397,0.02355
3469.90517,0.02465
3467.97637,0.02285
3466.04758,0.02143
3464.11878,0.02702
3462.18998,0.03382
3460.26119,0.03803
3458.33239,0.04025
3456.40359,0.03752
3454.47480,0.03115
3452.54600,0.02758
3450.61721,0.02813
3448.68841,0.02782
3446.75961,0.02940
3444.83082,0.03489
3442.90202,0.03292
3440.97322,0.02264
3439.04443,0.01736
3437.11563,0.01877
3435.18683,0.01787
3433.25804,0.01328
3431.32924,0.01100
3429.40044,0.01055
3427.47165,0.00930
3425.54285,0.00861
3423.61405,0.00814
3421.68526,0.00896
3419.75646,0.01243
3417.82766,0.01233
3415.89887,0.00588
3413.97007,0.00132
3412.04127,0.00313
3410.11248,0.00679
3408.18368,0.00865
3406.25488,0.00931
3404.32609,0.00998
3402.39729,0.00992
3400.46849,0.00889
3398.53970,0.00941
3396.61090,0.01029
3394.68210,0.00924
3392.75331,0.01015
3390.82451,0.01384
3388.89571,0.01222
3386.96692,0.00306
3385.03812,-0.00119
3383.10932,0.00372
3381.18053,0.00570
3379.25173,0.00300
3377.32293,0.00498
3375.39414,0.01257
3373.46534,0.01928
3371.53654,0.02264
3369.60775,0.02616
3367.67895,0.03205
3365.75015,0.03587
3363.82136,0.02997
3361.89256,0.01908
3359.96376,0.01830
3358.03497,0.02806
3356.10617,0.03261
3354.17737,0.02731
3352.24858,0.02310
3350.31978,0.02245
3348.39098,0.02445
3346.46219,0.03387
3344.53339,0.04386
3342.60459,0.04431
3340.67580,0.03842
3338.74700,0.03254
3336.81820,0.02701
3334.88941,0.02142
3332.96061,0.01708
3331.03181,0.01036
3329.10302,0.00433
3327.17422,0.00657
3325.24542,0.00944
3323.31663,0.00748
3321.38783,0.00777
3319.45903,0.01193
3317.53024,0.01564
3315.60144,0.01389
3313.67264,0.00708
3311.74385,0.00212
3309.81505,0.00156
3307.88625,0.00224
3305.95746,-0.00016
3304.02866,-0.00186
3302.09986,-0.00111
3300.17107,-0.00595
3298.24227,-0.01191
3296.31347,-0.01098
3294.38468,-0.00862
3292.45588,-0.00906
3290.52708,-0.01052
3288.59829,-0.01091
3286.66949,-0.01026
3284.74069,-0.00803
3282.81190,-0.00216
3280.88310,0.00518
3278.95430,0.00907
3277.02551,0.00619
3275.09671,-0.00100
3273.16791,-0.00506
3271.23912,-0.00443
3269.31032,-0.00588
3267.38152,-0.00989
3265.45273,-0.00947
3263.52393,-0.00695
3261.59513,-0.00755
3259.66634,-0.00658
3257.73754,-0.00173
3255.80874,0.00296
3253.87995,0.00680
3251.95115,0.01055
3250.02235,0.01174
3248.09356,0.00948
3246.16476,0.00710
3244.23596,0.00587
3242.30717,0.00479
3240.37837,0.00436
3238.44957,0.00538
3236.52078,0.00830
3234.59198,0.01044
3232.66318,0.00833
3230.73439,0.00669
3228.80559,0.01133
3226.87679,0.01290
3224.94800,0.00791
3223.01920,0.01006
3221.09040,0.01861
3219.16161,0.02098
3217.23281,0.01998
3215.30401,0.02237
3213.37522,0.02447
3211.44642,0.02265
3209.51762,0.01993
3207.58883,0.01908
3205.66003,0.01705
3203.73123,0.01255
3201.80244,0.01021
3199.87364,0.01194
3197.94484,0.01538
3196.01605,0.01876
3194.08725,0.02069
3192.15845,0.02101
3190.22966,0.01893
3188.30086,0.01414
3186.37206,0.01124
3184.44327,0.01388
3182.51447,0.01962
3180.58567,0.02246
3178.65688,0.02067
3176.72808,0.01793
3174.79928,0.01569
3172.87049,0.01340
3170.94169,0.01030
3169.01289,0.00653
3167.08410,0.00360
3165.15530,0.00295
3163.22650,0.00545
3161.29771,0.00910
3159.36891,0.01178
3157.44011,0.01252
3155.51132,0.01042
3153.58252,0.00724
3151.65372,0.00460
3149.72493,0.00187
3147.79613,0.00003
3145.86733,0.00048
3143.93854,0.00116
3142.00974,0.00177
3140.08094,0.00467
3138.15215,0.00754
3136.22335,0.00777
3134.29455,0.00737
3132.36576,0.00707
3130.43696,0.00566
3128.50816,0.00406
3126.57937,0.00379
3124.65057,0.00474
3122.72177,0.00575
3120.79298,0.00566
3118.86418,0.00489
3116.93538,0.00438
3115.00659,0.00347
3113.07779,0.00175
3111.14899,0.00018
3109.22020,-0.00038
3107.29140,-0.00010
3105.36260,0.00051
3103.43381,0.00183
3101.50501,0.00342
3099.57621,0.00310
3097.64742,0.00158
3095.71862,0.00158
3093.78982,0.00218
3091.86103,0.00184
3089.93223,0.00157
3088.00344,0.00161
3086.07464,0.00140
3084.14584,0.00160
3082.21705,0.00227
3080.28825,0.00175
3078.35945,0.00015
3076.43066,-0.00055
3074.50186,-0.00010
3072.57306,0.00087
3070.64427,0.00205
3068.71547,0.00265
3066.78667,0.00272
3064.85788,0.00317
3062.92908,0.00326
3061.00028,0.00226
3059.07149,0.00197
3057.14269,0.00312
3055.21389,0.00403
3053.28510,0.00426
3051.35630,0.00416
3049.42750,0.00338
3047.49871,0.00240
3045.56991,0.00208
3043.64111,0.00260
3041.71232,0.00334
3039.78352,0.00313
3037.85472,0.00250
3035.92593,0.00301
3033.99713,0.00381
3032.06833,0.00364
3030.13954,0.00362
3028.21074,0.00432
3026.28194,0.00452
3024.35315,0.00394
3022.42435,0.00328
3020.49555,0.00293
3018.56676,0.00321
3016.63796,0.00408
3014.70916,0.00481
3012.78037,0.00490
3010.85157,0.00483
3008.92277,0.00503
3006.99398,0.00541
3005.06518,0.00557
3003.13638,0.00512
3001.20759,0.00437
2999.27879,0.00430
2997.34999,0.00543
2995.42120,0.00630
2993.49240,0.00559
2991.56360,0.00489
2989.63481,0.00544
2987.70601,0.00616
2985.77721,0.00635
2983.84842,0.00640
2981.91962,0.00662
2979.99082,0.00688
2978.06203,0.00669
2976.13323,0.00590
2974.20443,0.00551
2972.27564,0.00596
2970.34684,0.00644
2968.41804,0.00673
2966.48925,0.00689
2964.56045,0.00689
2962.63165,0.00676
2960.70286,0.00626
2958.77406,0.00576
2956.84526,0.00586
2954.91647,0.00647
2952.98767,0.00729
2951.05887,0.00782
2949.13008,0.00781
2947.20128,0.00789
2945.27248,0.00827
2943.34369,0.00804
2941.41489,0.00719
2939.48609,0.00691
2937.55730,0.00744
2935.62850,0.00811
2933.69970,0.00852
2931.77091,0.00868
2929.84211,0.00853
2927.91331,0.00813
2925.98452,0.00816
2924.05572,0.00859
2922.12692,0.00860
2920.19813,0.00858
2918.26933,0.00898
2916.34053,0.00930
2914.41174,0.00948
2912.48294,0.00975
2910.55414,0.00978
2908.62535,0.00929
2906.69655,0.00862
2904.76775,0.00829
2902.83896,0.00837
2900.91016,0.00841
2898.98136,0.00831
2897.05257,0.00835
2895.12377,0.00863
2893.19497,0.00910
2891.26618,0.00953
2889.33738,0.00982
2887.40858,0.01000
2885.47979,0.00979
2883.55099,0.00933
2881.62219,0.00915
2879.69340,0.00931
2877.76460,0.00948
2875.83580,0.00969
2873.90701,0.01003
2871.97821,0.01004
2870.04941,0.00962
2868.12062,0.00920
2866.19182,0.00905
2864.26302,0.00944
2862.33423,0.01020
2860.40543,0.01069
2858.47663,0.01076
2856.54784,0.01088
2854.61904,0.01117
2852.69024,0.01136
2850.76145,0.01148
2848.83265,0.01171
2846.90385,0.01198
2844.97506,0.01230
2843.04626,0.01261
2841.11746,0.01281
2839.18867,0.01289
2837.25987,0.01297
2835.33107,0.01315
2833.40228,0.01311
2831.47348,0.01266
2829.54468,0.01225
2827.61589,0.01221
2825.68709,0.01243
2823.75829,0.01274
2821.82950,0.01302
2819.90070,0.01311
2817.97190,0.01304
2816.04311,0.01302
2814.11431,0.01306
2812.18551,0.01292
2810.25672,0.01265
2808.32792,0.01256
2806.39912,0.01277
2804.47033,0.01286
2802.54153,0.01260
2800.61273,0.01228
2798.68394,0.01218
2796.75514,0.01240
2794.82634,0.01272
2792.89755,0.01280
2790.96875,0.01253
2789.03995,0.01191
2787.11116,0.01125
2785.18236,0.01097
2783.25356,0.01108
2781.32477,0.01126
2779.39597,0.01121
2777.46717,0.01099
2775.53838,0.01095
2773.60958,0.01113
2771.68078,0.01127
2769.75199,0.01108
2767.82319,0.01063
2765.89439,0.01026
2763.96560,0.01013
2762.03680,0.01008
2760.10800,0.01003
2758.17921,0.01009
2756.25041,0.01029
2754.32161,0.01051
2752.39282,0.01058
2750.46402,0.01043
2748.53522,0.01041
2746.60643,0.01060
2744.67763,0.01065
2742.74883,0.01054
2740.82004,0.01055
2738.89124,0.01062
2736.96244,0.01061
2735.03365,0.01063
2733.10485,0.01063
2731.17605,0.01043
2729.24726,0.01015
2727.31846,0.01000
2725.38967,0.01001
2723.46087,0.01014
2721.53207,0.01027
2719.60328,0.01021
2717.67448,0.01006
2715.74568,0.01014
2713.81689,0.01037
2711.88809,0.01045
2709.95929,0.01030
2708.03050,0.01016
2706.10170,0.01026
2704.17290,0.01046
2702.24411,0.01047
2700.31531,0.01031
2698.38651,0.01030
2696.45772,0.01040
2694.52892,0.01024
2692.60012,0.00990
2690.67133,0.00991
2688.74253,0.01029
2686.81373,0.01062
2684.88494,0.01064
2682.95614,0.01040
2681.02734,0.01019
2679.09855,0.01019
2677.16975,0.01029
2675.24095,0.01031
2673.31216,0.01019
2671.38336,0.01006
2669.45456,0.01010
2667.52577,0.01018
2665.59697,0.01019
2663.66817,0.01009
2661.73938,0.01001
2659.81058,0.01009
2657.88178,0.01025
2655.95299,0.01031
2654.02419,0.01033
2652.09539,0.01034
2650.16660,0.01036
2648.23780,0.01041
2646.30900,0.01047
2644.38021,0.01058
2642.45141,0.01068
2640.52261,0.01060
2638.59382,0.01043
2636.66502,0.01037
2634.73622,0.01051
2632.80743,0.01094
2630.87863,0.01132
2628.94983,0.01133
2627.02104,0.01134
2625.09224,0.01170
2623.16344,0.01209
2621.23465,0.01219
2619.30585,0.01209
2617.37705,0.01206
2615.44826,0.01224
2613.51946,0.01248
2611.59066,0.01259
2609.66187,0.01255
2607.73307,0.01248
2605.80427,0.01239
2603.87548,0.01234
2601.94668,0.01258
2600.01788,0.01313
2598.08909,0.01363
2596.16029,0.01378
2594.23149,0.01346
2592.30270,0.01300
2590.37390,0.01299
2588.44510,0.01331
2586.51631,0.01331
2584.58751,0.01308
2582.65871,0.01314
2580.72992,0.01310
2578.80112,0.01266
2576.87232,0.01239
2574.94353,0.01246
2573.01473,0.01246
2571.08593,0.01240
2569.15714,0.01250
2567.22834,0.01275
2565.29954,0.01297
2563.37075,0.01288
2561.44195,0.01266
2559.51315,0.01265
2557.58436,0.01264
2555.65556,0.01267
2553.72676,0.01288
2551.79797,0.01297
2549.86917,0.01303
2547.94037,0.01339
2546.01158,0.01372
2544.08278,0.01366
2542.15398,0.01338
2540.22519,0.01311
2538.29639,0.01277
2536.36759,0.01237
2534.43880,0.01222
2532.51000,0.01240
2530.58120,0.01260
2528.65241,0.01281
2526.72361,0.01292
2524.79481,0.01242
2522.86602,0.01171
2520.93722,0.01165
2519.00842,0.01213
2517.07963,0.01245
2515.15083,0.01253
2513.22203,0.01261
2511.29324,0.01263
2509.36444,0.01253
2507.43564,0.01237
2505.50685,0.01225
2503.57805,0.01227
2501.64925,0.01238
2499.72046,0.01237
2497.79166,0.01208
2495.86286,0.01172
2493.93407,0.01158
2492.00527,0.01179
2490.07647,0.01214
2488.14768,0.01230
2486.21888,0.01247
2484.29008,0.01266
2482.36129,0.01243
2480.43249,0.01190
2478.50369,0.01163
2476.57490,0.01162
2474.64610,0.01149
2472.71730,0.01130
2470.78851,0.01128
2468.85971,0.01126
2466.93091,0.01118
2465.00212,0.01114
2463.07332,0.01107
2461.14452,0.01114
2459.21573,0.01158
2457.28693,0.01192
2455.35813,0.01173
2453.42934,0.01148
2451.50054,0.01153
2449.57174,0.01163
2447.64295,0.01154
2445.71415,0.01131
2443.78535,0.01111
2441.85656,0.01114
2439.92776,0.01119
2437.99896,0.01099
2436.07017,0.01055
2434.14137,0.01018
2432.21257,0.01026
2430.28378,0.01045
2428.35498,0.01026
2426.42618,0.00989
2424.49739,0.00969
2422.56859,0.00959
2420.63979,0.00942
2418.71100,0.00917
2416.78220,0.00903
2414.85340,0.00913
2412.92461,0.00933
2410.99581,0.00941
2409.06701,0.00934
2407.13822,0.00909
2405.20942,0.00870
2403.28062,0.00844
2401.35183,0.00829
2399.42303,0.00801
2397.49423,0.00768
2395.56544,0.00758
2393.63664,0.00757
2391.70784,0.00737
2389.77905,0.00734
2387.85025,0.00795
2385.92145,0.00916
2383.99266,0.01090
2382.06386,0.01339
2380.13506,0.01666
2378.20627,0.02037
2376.27747,0.02437
2374.34867,0.02874
2372.41988,0.03328
2370.49108,0.03769
2368.56228,0.04180
2366.63349,0.04521
2364.70469,0.04759
2362.77589,0.04945
2360.84710,0.05067
2358.91830,0.04971
2356.98951,0.04623
2355.06071,0.04177
2353.13191,0.03684
2351.20312,0.03185
2349.27432,0.02904
2347.34552,0.03005
2345.41673,0.03366
2343.48793,0.03612
2341.55913,0.03612
2339.63034,0.03524
2337.70154,0.03402
2335.77274,0.03287
2333.84395,0.03259
2331.91515,0.03280
2329.98635,0.03234
2328.05756,0.03126
2326.12876,0.03054
2324.19996,0.03046
2322.27117,0.03014
2320.34237,0.02864
2318.41357,0.02632
2316.48478,0.02425
2314.55598,0.02312
2312.62718,0.02277
2310.69839,0.02221
2308.76959,0.02086
2306.84079,0.01903
2304.91200,0.01719
2302.98320,0.01570
2301.05440,0.01486
2299.12561,0.01452
2297.19681,0.01405
2295.26801,0.01323
2293.33922,0.01252
2291.41042,0.01216
2289.48162,0.01189
2287.55283,0.01150
2285.62403,0.01105
2283.69523,0.01087
2281.76644,0.01124
2279.83764,0.01189
2277.90884,0.01260
2275.98005,0.01347
2274.05125,0.01421
2272.12245,0.01445
2270.19366,0.01449
2268.26486,0.01516
2266.33606,0.01620
2264.40727,0.01622
2262.47847,0.01552
2260.54967,0.01554
2258.62088,0.01652
2256.69208,0.01779
2254.76328,0.01859
2252.83449,0.01857
2250.90569,0.01777
2248.97689,0.01705
2247.04810,0.01744
2245.11930,0.01880
2243.19050,0.01994
2241.26171,0.02012
2239.33291,0.02001
2237.40411,0.02054
2235.47532,0.02127
2233.54652,0.02167
2231.61772,0.02222
2229.68893,0.02295
2227.76013,0.02313
2225.83133,0.02297
2223.90254,0.02317
2221.97374,0.02335
2220.04494,0.02391
2218.11615,0.02515
2216.18735,0.02584
2214.25855,0.02681
2212.32976,0.02867
2210.40096,0.02949
2208.47216,0.02899
2206.54337,0.02880
2204.61457,0.02952
2202.68577,0.02984
2200.75698,0.02908
2198.82818,0.02913
2196.89938,0.03090
2194.97059,0.03255
2193.04179,0.03312
2191.11299,0.03363
2189.18420,0.03427
2187.25540,0.03401
2185.32660,0.03367
2183.39781,0.03527
2181.46901,0.03825
2179.54021,0.03992
2177.61142,0.03946
2175.68262,0.03864
2173.75382,0.03845
2171.82503,0.03846
2169.89623,0.03843
2167.96743,0.03815
2166.03864,0.03866
2164.10984,0.04096
2162.18104,0.04467
2160.25225,0.04932
2158.32345,0.05099
2156.39465,0.04663
2154.46586,0.04057
2152.53706,0.03624
2150.60826,0.03287
2148.67947,0.02928
2146.75067,0.02593
2144.82187,0.02357
2142.89308,0.02221
2140.96428,0.02171
2139.03548,0.02141
2137.10669,0.01993
2135.17789,0.01717
2133.24909,0.01459
2131.32030,0.01285
2129.39150,0.01142
2127.46270,0.01005
2125.53391,0.00907
2123.60511,0.00857
2121.67631,0.00855
2119.74752,0.00850
2117.81872,0.00790
2115.88992,0.00765
2113.96113,0.00817
2112.03233,0.00818
2110.10353,0.00747
2108.17474,0.00736
2106.24594,0.00822
2104.31714,0.00939
2102.38835,0.01010
2100.45955,0.00963
2098.53075,0.00827
2096.60196,0.00731
2094.67316,0.00723
2092.74436,0.00729
2090.81557,0.00705
2088.88677,0.00681
2086.95797,0.00705
2085.02918,0.00778
2083.10038,0.00836
2081.17158,0.00865
2079.24279,0.00909
2077.31399,0.00972
2075.38519,0.01055
2073.45640,0.01151
2071.52760,0.01206
2069.59880,0.01218
2067.67001,0.01254
2065.74121,0.01295
2063.81241,0.01263
2061.88362,0.01190
2059.95482,0.01172
2058.02602,0.01203
2056.09723,0.01188
2054.16843,0.01145
2052.23963,0.01174
2050.31084,0.01265
2048.38204,0.01376
2046.45324,0.01517
2044.52445,0.01705
2042.59565,0.01868
2040.66685,0.01924
2038.73806,0.01931
2036.80926,0.01929
2034.88046,0.01949
2032.95167,0.02146
2031.02287,0.02462
2029.09407,0.02551
2027.16528,0.02349
2025.23648,0.02157
2023.30768,0.02118
2021.37889,0.02192
2019.45009,0.02316
2017.52129,0.02273
2015.59250,0.02004
2013.66370,0.01744
2011.73490,0.01646
2009.80611,0.01731
2007.87731,0.01862
2005.94851,0.01796
2004.01972,0.01596
2002.09092,0.01471
2000.16212,0.01381
1998.23333,0.01308
1996.30453,0.01401
1994.37574,0.01592
1992.44694,0.01640
1990.51814,0.01498
1988.58935,0.01381
1986.66055,0.01448
1984.73175,0.01604
1982.80296,0.01727
1980.87416,0.01755
1978.94536,0.01610
1977.01657,0.01404
1975.08777,0.01366
1973.15897,0.01400
1971.23018,0.01354
1969.30138,0.01323
1967.37258,0.01350
1965.44379,0.01313
1963.51499,0.01165
1961.58619,0.00979
1959.65740,0.00829
1957.72860,0.00743
1955.79980,0.00665
1953.87101,0.00571
1951.94221,0.00500
1950.01341,0.00473
1948.08462,0.00536
1946.15582,0.00698
1944.22702,0.00881
1942.29823,0.00850
1940.36943,0.00545
1938.44063,0.00287
1936.51184,0.00204
1934.58304,0.00184
1932.65424,0.00178
1930.72545,0.00205
1928.79665,0.00242
1926.86785,0.00307
1924.93906,0.00466
1923.01026,0.00589
1921.08146,0.00596
1919.15267,0.00601
1917.22387,0.00513
1915.29507,0.00300
1913.36628,0.00210
1911.43748,0.00316
1909.50868,0.00409
1907.57989,0.00336
1905.65109,0.00206
1903.72229,0.00120
1901.79350,0.00054
1899.86470,0.00017
1897.93590,0.00067
1896.00711,0.00155
1894.07831,0.00170
1892.14951,0.00209
1890.22072,0.00308
1888.29192,0.00244
1886.36312,0.00073
1884.43433,-0.00003
1882.50553,-0.00022
1880.57673,-0.00044
1878.64794,-0.00063
1876.71914,-0.00068
1874.79034,-0.00040
1872.86155,0.00152
1870.93275,0.00624
1869.00395,0.01023
1867.07516,0.00820
1865.14636,0.00330
1863.21756,0.00053
1861.28877,-0.00006
1859.35997,-0.00013
1857.43117,-0.00052
1855.50238,-0.00105
1853.57358,-0.00128
1851.64478,-0.00076
1849.71599,0.00117
1847.78719,0.00455
1845.85839,0.00830
1843.92960,0.00865
1842.00080,0.00446
1840.07200,0.00113
1838.14321,0.00048
1836.21441,0.00041
1834.28561,0.00081
1832.35682,0.00394
1830.42802,0.00805
1828.49922,0.00853
1826.57043,0.00707
1824.64163,0.00534
1822.71283,0.00239
1820.78404,0.00018
1818.85524,-0.00013
1816.92644,-0.00003
1814.99765,0.00042
1813.06885,0.00238
1811.14005,0.00428
1809.21126,0.00369
1807.28246,0.00184
1805.35366,0.00160
1803.42487,0.00407
1801.49607,0.00696
1799.56727,0.00702
1797.63848,0.00581
1795.70968,0.00690
1793.78088,0.01042
1791.85209,0.01117
1789.92329,0.00629
1787.99449,0.00218
1786.06570,0.00188
1784.13690,0.00311
1782.20810,0.00440
1780.27931,0.00491
1778.35051,0.00443
1776.42171,0.00586
1774.49292,0.01102
1772.56412,0.01598
1770.63532,0.01469
1768.70653,0.00956
1766.77773,0.00494
1764.84893,0.00358
1762.92014,0.00564
1760.99134,0.00697
1759.06254,0.00653
1757.13375,0.00603
1755.20495,0.00540
1753.27615,0.00768
1751.34736,0.01420
1749.41856,0.01834
1747.48976,0.01611
1745.56097,0.01261
1743.63217,0.01100
1741.70337,0.01073
1739.77458,0.01011
1737.84578,0.01001
1735.91698,0.01415
1733.98819,0.01949
1732.05939,0.01656
1730.13059,0.00965
1728.20180,0.00397
1726.27300,0.00143
1724.34420,0.00219
1722.41541,0.00470
1720.48661,0.01086
1718.55781,0.02191
1716.62902,0.02778
1714.70022,0.02176
1712.77142,0.01429
1710.84263,0.01171
1708.91383,0.01469
1706.98503,0.02161
1705.05624,0.02801
1703.12744,0.03343
1701.19864,0.04307
1699.26985,0.05346
1697.34105,0.05768
1695.41225,0.05788
1693.48346,0.05786
1691.55466,0.06374
1689.62586,0.07650
1687.69707,0.09214
1685.76827,0.11269
1683.83947,0.13594
1681.91068,0.14550
1679.98188,0.14989
1678.05308,0.15918
1676.12429,0.17435
1674.19549,0.19097
1672.26669,0.20506
1670.33790,0.21871
1668.40910,0.22652
1666.48030,0.22809
1664.55151,0.23271
1662.62271,0.23902
1660.69391,0.24028
1658.76512,0.24036
1656.83632,0.24590
1654.90752,0.25883
1652.97873,0.26756
1651.04993,0.26205
1649.12113,0.26237
1647.19234,0.26856
1645.26354,0.26831
1643.33474,0.26669
1641.40595,0.27303
1639.47715,0.28789
1637.54835,0.31069
1635.61956,0.33548
1633.69076,0.34816
1631.76197,0.35691
1629.83317,0.37179
1627.90437,0.38976
1625.97558,0.40469
1624.04678,0.41550
1622.11798,0.41978
1620.18919,0.42002
1618.26039,0.42179
1616.33159,0.42003
1614.40280,0.41243
1612.47400,0.40793
1610.54520,0.40892
1608.61641,0.41287
1606.68761,0.41792
1604.75881,0.42500
1602.83002,0.43416
1600.90122,0.44342
1598.97242,0.45180
1597.04363,0.45925
1595.11483,0.46408
1593.18603,0.46391
1591.25724,0.45890
1589.32844,0.44956
1587.39964,0.43638
1585.47085,0.42038
1583.54205,0.40216
1581.61325,0.38341
1579.68446,0.36785
1577.75566,0.35346
1575.82686,0.32969
1573.89807,0.30412
1571.96927,0.28777
1570.04047,0.27241
1568.11168,0.25263
1566.18288,0.23485
1564.25408,0.22206
1562.32529,0.21722
1560.39649,0.22092
1558.46769,0.21367
1556.53890,0.19056
1554.61010,0.17278
1552.68130,0.16072
1550.75251,0.15207
1548.82371,0.14462
1546.89491,0.14136
1544.96612,0.14500
1543.03732,0.15204
1541.10852,0.15443
1539.17973,0.14025
1537.25093,0.12410
1535.32213,0.11851
1533.39334,0.11583
1531.46454,0.10945
1529.53574,0.10591
1527.60695,0.10770
1525.67815,0.11039
1523.74935,0.11324
1521.82056,0.11492
1519.89176,0.11153
1517.96296,0.10687
1516.03417,0.10081
1514.10537,0.09414
1512.17657,0.09345
1510.24778,0.10171
1508.31898,0.11472
1506.39018,0.11198
1504.46139,0.09471
1502.53259,0.08683
1500.60379,0.08874
1498.67500,0.09521
1496.74620,0.09911
1494.81740,0.09903
1492.88861,0.10339
1490.95981,0.11614
1489.03101,0.12863
1487.10222,0.13190
1485.17342,0.13376
1483.24462,0.14095
1481.31583,0.15270
1479.38703,0.16636
1477.45823,0.18288
1475.52944,0.20328
1473.60064,0.22311
1471.67184,0.23329
1469.74305,0.23517
1467.81425,0.23967
1465.88545,0.24841
1463.95666,0.25378
1462.02786,0.25554
1460.09906,0.26129
1458.17027,0.26831
1456.24147,0.25896
1454.31267,0.23910
1452.38388,0.22329
1450.45508,0.21117
1448.52628,0.19910
1446.59749,0.18393
1444.66869,0.16835
1442.73989,0.15522
1440.81110,0.14555
1438.88230,0.14002
1436.95350,0.13374
1435.02471,0.12219
1433.09591,0.11180
1431.16711,0.10483
1429.23832,0.09765
1427.30952,0.09088
1425.38072,0.08705
1423.45193,0.08469
1421.52313,0.08380
1419.59433,0.08438
1417.66554,0.07966
1415.73674,0.07034
1413.80794,0.06367
1411.87915,0.06030
1409.95035,0.05787
1408.02155,0.05648
1406.09276,0.05648
1404.16396,0.05522
1402.23516,0.05358
1400.30637,0.05498
1398.37757,0.05779
1396.44877,0.05825
1394.51998,0.05464
1392.59118,0.04879
1390.66238,0.04601
1388.73359,0.04714
1386.80479,0.04690
1384.87599,0.04312
1382.94720,0.04005
1381.01840,0.03948
1379.08960,0.04017
1377.16081,0.04198
1375.23201,0.04411
1373.30321,0.04311
1371.37442,0.03974
1369.44562,0.03766
1367.51682,0.03688
1365.58803,0.03801
1363.65923,0.04109
1361.73043,0.04112
1359.80164,0.03714
1357.87284,0.03411
1355.94404,0.03320
1354.01525,0.03268
1352.08645,0.03201
1350.15765,0.03165
1348.22886,0.03133
1346.30006,0.03093
1344.37126,0.03139
1342.44247,0.03428
1340.51367,0.03865
1338.58487,0.03960
1336.65608,0.03608
1334.72728,0.03250
1332.79848,0.03096
1330.86969,0.03063
1328.94089,0.03048
1327.01209,0.03023
1325.08330,0.03010
1323.15450,0.03044
1321.22570,0.03148
1319.29691,0.03245
1317.36811,0.03224
1315.43931,0.03147
1313.51052,0.03080
1311.58172,0.02975
1309.65292,0.02866
1307.72413,0.02807
1305.79533,0.02773
1303.86653,0.02751
1301.93774,0.02746
1300.00894,0.02755
1298.08014,0.02777
1296.15135,0.02790
1294.22255,0.02790
1292.29375,0.02807
1290.36496,0.02854
1288.43616,0.02889
1286.50736,0.02872
1284.57857,0.02831
1282.64977,0.02815
1280.72097,0.02823
1278.79218,0.02828
1276.86338,0.02835
1274.93458,0.02864
1273.00579,0.02919
1271.07699,0.02959
1269.14820,0.02953
1267.21940,0.02921
1265.29060,0.02893
1263.36181,0.02888
1261.43301,0.02905
1259.50421,0.02906
1257.57542,0.02880
1255.64662,0.02863
1253.71782,0.02866
1251.78903,0.02877
1249.86023,0.02893
1247.93143,0.02914
1246.00264,0.02941
1244.07384,0.02966
1242.14504,0.02979
1240.21625,0.02989
1238.28745,0.03003
1236.35865,0.03019
1234.42986,0.03036
1232.50106,0.03057
1230.57226,0.03081
1228.64347,0.03111
1226.71467,0.03146
1224.78587,0.03171
1222.85708,0.03183
1220.92828,0.03196
1218.99948,0.03217
1217.07069,0.03242
1215.14189,0.03274
1213.21309,0.03316
1211.28430,0.03357
1209.35550,0.03398
1207.42670,0.03452
1205.49791,0.03518
1203.56911,0.03595
1201.64031,0.03685
1199.71152,0.03793
1197.78272,0.03916
1195.85392,0.04051
1193.92513,0.04202
1191.99633,0.04377
1190.06753,0.04580
1188.13874,0.04811
1186.20994,0.05061
1184.28114,0.05331
1182.35235,0.05636
1180.42355,0.05988
1178.49475,0.06383
1176.56596,0.06814
1174.63716,0.07269
1172.70836,0.07735
1170.77957,0.08209
1168.85077,0.08692
1166.92197,0.09166
1164.99318,0.09605
1163.06438,0.09985
1161.13558,0.10286
1159.20679,0.10486
1157.27799,0.10567
1155.34919,0.10524
1153.42040,0.10364
1151.49160,0.10096
1149.56280,0.09736
1147.63401,0.09307
1145.70521,0.08835
1143.77641,0.08348
1141.84762,0.07866
1139.91882,0.07406
1137.99002,0.06980
1136.06123,0.06587
1134.13243,0.06222
1132.20363,0.05892
1130.27484,0.05599
1128.34604,0.05340
1126.41724,0.05109
1124.48845,0.04905
1122.55965,0.04727
1120.63085,0.04573
1118.70206,0.04435
1116.77326,0.04314
1114.84446,0.04210
1112.91567,0.04124
1110.98687,0.04050
1109.05807,0.03987
1107.12928,0.03937
1105.20048,0.03895
1103.27168,0.03860
1101.34289,0.03838
1099.41409,0.03833
1097.48529,0.03841
1095.55650,0.03862
1093.62770,0.03895
1091.69890,0.03934
1089.77011,0.03976
1087.84131,0.04021
1085.91251,0.04065
1083.98372,0.04107
1082.05492,0.04147
1080.12612,0.04187
1078.19733,0.04228
1076.26853,0.04274
1074.33973,0.04323
1072.41094,0.04369
1070.48214,0.04405
1068.55334,0.04424
1066.62455,0.04430
1064.69575,0.04425
1062.76695,0.04414
1060.83816,0.04394
1058.90936,0.04361
1056.98056,0.04317
1055.05177,0.04265
1053.12297,0.04205
1051.19417,0.04137
1049.26538,0.04062
1047.33658,0.03987
1045.40778,0.03915
1043.47899,0.03846
1041.55019,0.03780
1039.62139,0.03717
1037.69260,0.03656
1035.76380,0.03598
1033.83500,0.03542
1031.90621,0.03486
1029.97741,0.03431
1028.04861,0.03381
1026.11982,0.03331
1024.19102,0.03278
1022.26222,0.03229
1020.33343,0.03189
1018.40463,0.03156
1016.47583,0.03128
1014.54704,0.03105
1012.61824,0.03086
1010.68944,0.03064
1008.76065,0.03029
1006.83185,0.02981
1004.90305,0.02923
1002.97426,0.02859
1001.04546,0.02798
999.11666,0.02749
997.18787,0.02709
995.25907,0.02679
993.33027,0.02652
991.40148,0.02623
989.47268,0.02593
987.54388,0.02566
985.61509,0.02535
983.68629,0.02502
981.75749,0.02470
979.82870,0.02438
977.89990,0.02404
975.97110,0.02369
974.04231,0.02336
972.11351,0.02306
970.18471,0.02275
968.25592,0.02234
966.32712,0.02189
964.39832,0.02148
962.46953,0.02112
960.54073,0.02077
958.61193,0.02041
956.68314,0.02006
954.75434,0.01974
952.82554,0.01949
950.89675,0.01926
948.96795,0.01900
947.03915,0.01870
945.11036,0.01837
943.18156,0.01805
941.25276,0.01775
939.32397,0.01746
937.39517,0.01712
935.46637,0.01672
933.53758,0.01629
931.60878,0.01584
929.67998,0.01537
927.75119,0.01485
925.82239,0.01429
923.89359,0.01372
921.96480,0.01318
920.03600,0.01264
918.10720,0.01211
916.17841,0.01161
914.24961,0.01114
912.32081,0.01072
910.39202,0.01032
908.46322,0.00993
906.53443,0.00950
904.60563,0.00907
902.67683,0.00871
900.74804,0.00839
898.81924,0.00806
896.89044,0.00772
894.96165,0.00736
893.03285,0.00693
891.10405,0.00646
889.17526,0.00601
887.24646,0.00558
885.31766,0.00510
883.38887,0.00458
881.46007,0.00405
879.53127,0.00353
877.60248,0.00305
875.67368,0.00257
873.74488,0.00208
871.81609,0.00165
869.88729,0.00132
867.95849,0.00103
866.02970,0.00071
864.10090,0.00037
862.17210,0.00006
860.24331,-0.00016
858.31451,-0.00030
856.38571,-0.00043
854.45692,-0.00058
852.52812,-0.00074
850.59932,-0.00083
848.67053,-0.00088
846.74173,-0.00095
844.81293,-0.00107
842.88414,-0.00117
840.95534,-0.00121
839.02654,-0.00128
837.09775,-0.00142
835.16895,-0.00151
833.24015,-0.00158
831.31136,-0.00173
829.38256,-0.00187
827.45376,-0.00198
825.52497,-0.00211
823.59617,-0.00225
821.66737,-0.00234
819.73858,-0.00232
817.80978,-0.00222
815.88098,-0.00216
813.95219,-0.00211
812.02339,-0.00194
810.09459,-0.00164
808.16580,-0.00127
806.23700,-0.00082
804.30820,-0.00032
802.37941,0.00019
800.45061,0.00080
798.52181,0.00161
796.59302,0.00257
794.66422,0.00362
792.73542,0.00465
790.80663,0.00551
788.87783,0.00626
786.94903,0.00703
785.02024,0.00748
783.09144,0.00716
781.16264,0.00624
779.23385,0.00520
777.30505,0.00401
775.37625,0.00258
773.44746,0.00121
771.51866,0.00023
769.58986,-0.00039
767.66107,-0.00090
765.73227,-0.00145
763.80347,-0.00181
761.87468,-0.00188
759.94588,-0.00204
758.01708,-0.00236
756.08829,-0.00234
754.15949,-0.00196
752.23069,-0.00174
750.30190,-0.00159
748.37310,-0.00101
