3496.90832,0.01348
3494.97953,0.01903
3493.05073,0.02507
3491.12193,0.02573
3489.19314,0.02366
3487.26434,0.02233
3485.33554,0.02190
3483.40675,0.02304
3481.47795,0.02631
3479.54915,0.02948
3477.62036,0.03129
3475.69156,0.03165
3473.76276,0.02967
3471.83397,0.02904
3469.90517,0.03199
3467.97637,0.03312
3466.04758,0.03199
3464.11878,0.03213
3462.18998,0.03001
3460.26119,0.02634
3458.33239,0.02864
3456.40359,0.03379
3454.47480,0.03289
3452.54600,0.02987
3450.61721,0.03188
3448.68841,0.03215
3446.75961,0.02735
3444.83082,0.02296
3442.90202,0.01807
3440.97322,0.01516
3439.04443,0.01613
3437.11563,0.01601
3435.18683,0.01379
3433.25804,0.01098
3431.32924,0.01017
3429.40044,0.01119
3427.47165,0.01201
3425.54285,0.01289
3423.61405,0.01323
3421.68526,0.01448
3419.75646,0.01672
3417.82766,0.01388
3415.89887,0.00696
3413.97007,0.00307
3412.04127,0.00036
3410.11248,-0.00325
3408.18368,-0.00157
3406.25488,0.00327
3404.32609,0.00468
3402.39729,0.00519
3400.46849,0.00786
3398.53970,0.01271
3396.61090,0.01848
3394.68210,0.02385
3392.75331,0.02670
3390.82451,0.02374
3388.89571,0.01716
3386.96692,0.01098
3385.03812,0.00723
3383.10932,0.00733
3381.18053,0.00854
3379.25173,0.00843
3377.32293,0.00978
3375.39414,0.01364
3373.46534,0.01515
3371.53654,0.01370
3369.60775,0.01693
3367.67895,0.02484
3365.75015,0.02874
3363.82136,0.02541
3361.89256,0.02316
3359.96376,0.03275
3358.03497,0.04853
3356.10617,0.05309
3354.17737,0.04355
3352.24858,0.03287
3350.31978,0.02955
3348.39098,0.03254
3346.46219,0.04028
3344.53339,0.04543
3342.60459,0.03975
3340.67580,0.03059
3338.74700,0.02630
3336.81820,0.02346
3334.88941,0.02118
3332.96061,0.02063
3331.03181,0.01836
3329.10302,0.01612
3327.17422,0.01646
3325.24542,0.01618
3323.31663,0.01776
3321.38783,0.02322
3319.45903,0.02471
3317.53024,0.01901
3315.60144,0.00978
3313.67264,0.00204
3311.74385,0.00081
3309.81505,0.00319
3307.88625,0.00309
3305.95746,0.00080
3304.02866,0.00101
3302.09986,0.00235
3300.17107,0.00006
3298.24227,-0.00175
3296.31347,0.00057
3294.38468,0.00499
3292.45588,0.00848
3290.52708,0.00515
3288.59829,-0.00316
3286.66949,-0.00638
3284.74069,-0.00297
3282.81190,-0.00055
3280.88310,-0.00283
3278.95430,-0.00512
3277.02551,-0.00601
3275.09671,-0.00633
3273.16791,-0.00389
3271.23912,-0.00123
3269.31032,-0.00183
3267.38152,-0.00634
3265.45273,-0.01277
3263.52393,-0.01394
3261.59513,-0.00860
3259.66634,-0.00386
3257.73754,-0.00297
3255.80874,-0.00281
3253.87995,-0.00165
3251.95115,-0.00014
3250.02235,0.00248
3248.09356,0.00491
3246.16476,0.00563
3244.23596,0.00693
3242.30717,0.00558
3240.37837,-0.00184
3238.44957,-0.00508
3236.52078,0.00442
3234.59198,0.01594
3232.66318,0.01798
3230.73439,0.01426
3228.80559,0.01248
3226.87679,0.01426
3224.94800,0.01706
3223.01920,0.01973
3221.09040,0.02194
3219.16161,0.02205
3217.23281,0.02062
3215.30401,0.01971
3213.37522,0.01896
3211.44642,0.01774
3209.51762,0.01689
3207.58883,0.01548
3205.66003,0.01185
3203.73123,0.00839
3201.80244,0.00889
3199.87364,0.01265
3197.94484,0.01619
3196.01605,0.01828
3194.08725,0.02062
3192.15845,0.02273
3190.22966,0.02017
3188.30086,0.01418
3186.37206,0.01189
3184.44327,0.01384
3182.51447,0.01661
3180.58567,0.01923
3178.65688,0.01973
3176.72808,0.01688
3174.79928,0.01411
3172.87049,0.01353
3170.94169,0.01207
3169.01289,0.00951
3167.08410,0.00853
3165.15530,0.00877
3163.22650,0.01044
3161.29771,0.01310
3159.36891,0.01396
3157.44011,0.01295
3155.51132,0.01175
3153.58252,0.01096
3151.65372,0.01069
3149.72493,0.00998
3147.79613,0.00706
3145.86733,0.00273
3143.93854,0.00029
3142.00974,0.00101
3140.08094,0.00370
3138.15215,0.00615
3136.22335,0.00700
3134.29455,0.00693
3132.36576,0.00613
3130.43696,0.00406
3128.50816,0.00206
3126.57937,0.00178
3124.65057,0.00268
3122.72177,0.00338
3120.79298,0.00359
3118.86418,0.00393
3116.93538,0.00501
3115.00659,0.00553
3113.07779,0.00375
3111.14899,0.00068
3109.22020,-0.00139
3107.29140,-0.00134
3105.36260,0.00014
3103.43381,0.00143
3101.50501,0.00146
3099.57621,0.00030
3097.64742,-0.00085
3095.71862,-0.00113
3093.78982,-0.00083
3091.86103,0.00003
3089.93223,0.00149
3088.00344,0.00231
3086.07464,0.00218
3084.14584,0.00248
3082.21705,0.00286
3080.28825,0.00218
3078.35945,0.00097
3076.43066,-0.00016
3074.50186,-0.00073
3072.57306,-0.00020
3070.64427,0.00047
3068.71547,0.00050
3066.78667,0.00071
3064.85788,0.00105
3062.92908,0.00045
3061.00028,-0.00021
3059.07149,0.00066
3057.14269,0.00225
3055.21389,0.00284
3053.28510,0.00259
3051.35630,0.00241
3049.42750,0.00224
3047.49871,0.00206
3045.56991,0.00193
3043.64111,0.00187
3041.71232,0.00199
3039.78352,0.00216
3037.85472,0.00262
3035.92593,0.00384
3033.99713,0.00493
3032.06833,0.00479
3030.13954,0.00426
3028.21074,0.00419
3026.28194,0.00394
3024.35315,0.00344
3022.42435,0.00282
3020.49555,0.00201
3018.56676,0.00208
3016.63796,0.00359
3014.70916,0.00518
3012.78037,0.00556
3010.85157,0.00467
3008.92277,0.00358
3006.99398,0.00368
3005.06518,0.00469
3003.13638,0.00513
3001.20759,0.00480
2999.27879,0.00493
2997.34999,0.00600
2995.42120,0.00685
2993.49240,0.00651
2991.56360,0.00585
2989.63481,0.00601
2987.70601,0.00650
2985.77721,0.00682
2983.84842,0.00703
2981.91962,0.00679
2979.99082,0.00635
2978.06203,0.00619
2976.13323,0.00605
2974.20443,0.00604
2972.27564,0.00646
2970.34684,0.00692
2968.41804,0.00699
2966.48925,0.00689
2964.56045,0.00702
2962.63165,0.00710
2960.70286,0.00662
2958.77406,0.00609
2956.84526,0.00630
2954.91647,0.00692
2952.98767,0.00729
2951.05887,0.00740
2949.13008,0.00763
2947.20128,0.00846
2945.27248,0.00942
2943.34369,0.00920
2941.41489,0.00800
2939.48609,0.00732
2937.55730,0.00740
2935.62850,0.00745
2933.69970,0.00759
2931.77091,0.00815
2929.84211,0.00842
2927.91331,0.00815
2925.98452,0.00821
2924.05572,0.00855
2922.12692,0.00836
2920.19813,0.00825
2918.26933,0.00893
2916.34053,0.00957
2914.41174,0.00954
2912.48294,0.00934
2910.55414,0.00916
2908.62535,0.00878
2906.69655,0.00837
2904.76775,0.00822
2902.83896,0.00850
2900.91016,0.00900
2898.98136,0.00917
2897.05257,0.00896
2895.12377,0.00889
2893.19497,0.00893
2891.26618,0.00862
2889.33738,0.00827
2887.40858,0.00856
2885.47979,0.00906
2883.55099,0.00914
2881.62219,0.00909
2879.69340,0.00934
2877.76460,0.00985
2875.83580,0.01032
2873.90701,0.01046
2871.97821,0.01016
2870.04941,0.00962
2868.12062,0.00922
2866.19182,0.00917
2864.26302,0.00955
2862.33423,0.01012
2860.40543,0.01037
2858.47663,0.01044
2856.54784,0.01077
2854.61904,0.01119
2852.69024,0.01133
2850.76145,0.01137
2848.83265,0.01150
2846.90385,0.01160
2844.97506,0.01173
2843.04626,0.01199
2841.11746,0.01221
2839.18867,0.01243
2837.25987,0.01273
2835.33107,0.01289
2833.40228,0.01266
2831.47348,0.01232
2829.54468,0.01230
2827.61589,0.01247
2825.68709,0.01265
2823.75829,0.01289
2821.82950,0.01301
2819.90070,0.01289
2817.97190,0.01275
2816.04311,0.01270
2814.11431,0.01255
2812.18551,0.01222
2810.25672,0.01200
2808.32792,0.01218
2806.39912,0.01256
2804.47033,0.01267
2802.54153,0.01249
2800.61273,0.01238
2798.68394,0.01253
2796.75514,0.01271
2794.82634,0.01267
2792.89755,0.01242
2790.96875,0.01215
2789.03995,0.01192
2787.11116,0.01168
2785.18236,0.01148
2783.25356,0.01138
2781.32477,0.01136
2779.39597,0.01122
2777.46717,0.01094
2775.53838,0.01082
2773.60958,0.01098
2771.68078,0.01114
2769.75199,0.01104
2767.82319,0.01064
2765.89439,0.01032
2763.96560,0.01023
2762.03680,0.01017
2760.10800,0.01011
2758.17921,0.01021
2756.25041,0.01032
2754.32161,0.01035
2752.39282,0.01044
2750.46402,0.01042
2748.53522,0.01028
2746.60643,0.01028
2744.67763,0.01040
2742.74883,0.01046
2740.82004,0.01049
2738.89124,0.01047
2736.96244,0.01037
2735.03365,0.01037
2733.10485,0.01045
2731.17605,0.01046
2729.24726,0.01044
2727.31846,0.01043
2725.38967,0.01035
2723.46087,0.01031
2721.53207,0.01043
2719.60328,0.01053
2717.67448,0.01043
2715.74568,0.01030
2713.81689,0.01029
2711.88809,0.01032
2709.95929,0.01029
2708.03050,0.01030
2706.10170,0.01031
2704.17290,0.01027
2702.24411,0.01024
2700.31531,0.01033
2698.38651,0.01046
2696.45772,0.01046
2694.52892,0.01032
2692.60012,0.01018
2690.67133,0.01033
2688.74253,0.01064
2686.81373,0.01072
2684.88494,0.01060
2682.95614,0.01040
2681.02734,0.01013
2679.09855,0.00998
2677.16975,0.00993
2675.24095,0.00984
2673.31216,0.00978
2671.38336,0.00989
2669.45456,0.01013
2667.52577,0.01026
2665.59697,0.01015
2663.66817,0.00994
2661.73938,0.00978
2659.81058,0.00976
2657.88178,0.00988
2655.95299,0.01000
2654.02419,0.01002
2652.09539,0.01006
2650.16660,0.01015
2648.23780,0.01018
2646.30900,0.01013
2644.38021,0.01024
2642.45141,0.01054
2640.52261,0.01065
2638.59382,0.01056
2636.66502,0.01055
2634.73622,0.01064
2632.80743,0.01082
2630.87863,0.01108
2628.94983,0.01123
2627.02104,0.01136
2625.09224,0.01167
2623.16344,0.01192
2621.23465,0.01186
2619.30585,0.01170
2617.37705,0.01174
2615.44826,0.01206
2613.51946,0.01249
2611.59066,0.01260
2609.66187,0.01240
2607.73307,0.01231
2605.80427,0.01226
2603.87548,0.01208
2601.94668,0.01207
2600.01788,0.01237
2598.08909,0.01286
2596.16029,0.01337
2594.23149,0.01345
2592.30270,0.01304
2590.37390,0.01275
2588.44510,0.01280
2586.51631,0.01276
2584.58751,0.01265
2582.65871,0.01284
2580.72992,0.01300
2578.80112,0.01272
2576.87232,0.01232
2574.94353,0.01208
2573.01473,0.01197
2571.08593,0.01205
2569.15714,0.01225
2567.22834,0.01233
2565.29954,0.01216
2563.37075,0.01199
2561.44195,0.01205
2559.51315,0.01230
2557.58436,0.01259
2555.65556,0.01268
2553.72676,0.01240
2551.79797,0.01220
2549.86917,0.01244
2547.94037,0.01267
2546.01158,0.01263
2544.08278,0.01252
2542.15398,0.01252
2540.22519,0.01267
2538.29639,0.01271
2536.36759,0.01262
2534.43880,0.01267
2532.51000,0.01264
2530.58120,0.01239
2528.65241,0.01225
2526.72361,0.01218
2524.79481,0.01188
2522.86602,0.01164
2520.93722,0.01177
2519.00842,0.01211
2517.07963,0.01241
2515.15083,0.01244
2513.22203,0.01231
2511.29324,0.01236
2509.36444,0.01249
2507.43564,0.01236
2505.50685,0.01232
2503.57805,0.01260
2501.64925,0.01279
2499.72046,0.01265
2497.79166,0.01242
2495.86286,0.01223
2493.93407,0.01188
2492.00527,0.01155
2490.07647,0.01164
2488.14768,0.01202
2486.21888,0.01234
2484.29008,0.01230
2482.36129,0.01193
2480.43249,0.01162
2478.50369,0.01160
2476.57490,0.01169
2474.64610,0.01172
2472.71730,0.01184
2470.78851,0.01195
2468.85971,0.01175
2466.93091,0.01149
2465.00212,0.01146
2463.07332,0.01133
2461.14452,0.01123
2459.21573,0.01164
2457.28693,0.01198
2455.35813,0.01166
2453.42934,0.01137
2451.50054,0.01161
2449.57174,0.01171
2447.64295,0.01140
2445.71415,0.01106
2443.78535,0.01063
2441.85656,0.01024
2439.92776,0.01029
2437.99896,0.01054
2436.07017,0.01061
2434.14137,0.01064
2432.21257,0.01073
2430.28378,0.01065
2428.35498,0.01043
2426.42618,0.01015
2424.49739,0.00976
2422.56859,0.00945
2420.63979,0.00947
2418.71100,0.00960
2416.78220,0.00952
2414.85340,0.00935
2412.92461,0.00942
2410.99581,0.00946
2409.06701,0.00915
2407.13822,0.00867
2405.20942,0.00817
2403.28062,0.00779
2401.35183,0.00766
2399.42303,0.00760
2397.49423,0.00761
2395.56544,0.00776
2393.63664,0.00782
2391.70784,0.00755
2389.77905,0.00731
2387.85025,0.00773
2385.92145,0.00901
2383.99266,0.01109
2382.06386,0.01396
2380.13506,0.01751
2378.20627,0.02130
2376.27747,0.02505
2374.34867,0.02905
2372.41988,0.03354
2370.49108,0.03804
2368.56228,0.04213
2366.63349,0.04583
2364.70469,0.04903
2362.77589,0.05170
2360.84710,0.05341
2358.91830,0.05264
2356.98951,0.04896
2355.06071,0.04371
2353.13191,0.03786
2351.20312,0.03254
2349.27432,0.02981
2347.34552,0.03086
2345.41673,0.03441
2343.48793,0.03685
2341.55913,0.03692
2339.63034,0.03624
2337.70154,0.03541
2335.77274,0.03462
2333.84395,0.03442
2331.91515,0.03458
2329.98635,0.03403
2328.05756,0.03258
2326.12876,0.03123
2324.19996,0.03057
2322.27117,0.03002
2320.34237,0.02862
2318.41357,0.02646
2316.48478,0.02460
2314.55598,0.02354
2312.62718,0.02291
2310.69839,0.02207
2308.76959,0.02062
2306.84079,0.01890
2304.91200,0.01744
2302.98320,0.01626
2301.05440,0.01531
2299.12561,0.01461
2297.19681,0.01391
2295.26801,0.01317
2293.33922,0.01265
2291.41042,0.01225
2289.48162,0.01167
2287.55283,0.01113
2285.62403,0.01091
2283.69523,0.01102
2281.76644,0.01160
2279.83764,0.01234
2277.90884,0.01274
2275.98005,0.01324
2274.05125,0.01415
2272.12245,0.01460
2270.19366,0.01425
2268.26486,0.01410
2266.33606,0.01478
2264.40727,0.01556
2262.47847,0.01558
2260.54967,0.01534
2258.62088,0.01612
2256.69208,0.01761
2254.76328,0.01812
2252.83449,0.01754
2250.90569,0.01714
2248.97689,0.01754
2247.04810,0.01880
2245.11930,0.01999
2243.19050,0.01993
2241.26171,0.01899
2239.33291,0.01902
2237.40411,0.02091
2235.47532,0.02287
2233.54652,0.02338
2231.61772,0.02326
2229.68893,0.02337
2227.76013,0.02375
2225.83133,0.02416
2223.90254,0.02372
2221.97374,0.02222
2220.04494,0.02186
2218.11615,0.02356
2216.18735,0.02520
2214.25855,0.02641
2212.32976,0.02771
2210.40096,0.02796
2208.47216,0.02760
2206.54337,0.02789
2204.61457,0.02853
2202.68577,0.02902
2200.75698,0.02900
2198.82818,0.02862
2196.89938,0.02914
2194.97059,0.03083
2193.04179,0.03272
2191.11299,0.03447
2189.18420,0.03549
2187.25540,0.03477
2185.32660,0.03380
2183.39781,0.03524
2181.46901,0.03843
2179.54021,0.04054
2177.61142,0.04066
2175.68262,0.03958
2173.75382,0.03797
2171.82503,0.03711
2169.89623,0.03903
2167.96743,0.04304
2166.03864,0.04608
2164.10984,0.04689
2162.18104,0.04669
2160.25225,0.04710
2158.32345,0.04666
2156.39465,0.04352
2154.46586,0.03984
2152.53706,0.03641
2150.60826,0.03306
2148.67947,0.03073
2146.75067,0.02863
2144.82187,0.02616
2142.89308,0.02422
2140.96428,0.02256
2139.03548,0.02083
2137.10669,0.01891
2135.17789,0.01659
2133.24909,0.01442
2131.32030,0.01286
2129.39150,0.01162
2127.46270,0.01033
2125.53391,0.00911
2123.60511,0.00829
2121.67631,0.00794
2119.74752,0.00785
2117.81872,0.00773
2115.88992,0.00760
2113.96113,0.00768
2112.03233,0.00777
2110.10353,0.00764
2108.17474,0.00771
2106.24594,0.00803
2104.31714,0.00829
2102.38835,0.00858
2100.45955,0.00864
2098.53075,0.00789
2096.60196,0.00689
2094.67316,0.00669
2092.74436,0.00714
2090.81557,0.00744
2088.88677,0.00724
2086.95797,0.00687
2085.02918,0.00705
2083.10038,0.00779
2081.17158,0.00838
2079.24279,0.00854
2077.31399,0.00864
2075.38519,0.00905
2073.45640,0.01008
2071.52760,0.01112
2069.59880,0.01121
2067.67001,0.01131
2065.74121,0.01197
2063.81241,0.01198
2061.88362,0.01137
2059.95482,0.01121
2058.02602,0.01126
2056.09723,0.01083
2054.16843,0.01044
2052.23963,0.01110
2050.31084,0.01318
2048.38204,0.01574
2046.45324,0.01716
2044.52445,0.01807
2042.59565,0.01930
2040.66685,0.02020
2038.73806,0.02037
2036.80926,0.01969
2034.88046,0.01933
2032.95167,0.02118
2031.02287,0.02353
2029.09407,0.02347
2027.16528,0.02220
2025.23648,0.02181
2023.30768,0.02209
2021.37889,0.02312
2019.45009,0.02486
2017.52129,0.02469
2015.59250,0.02145
2013.66370,0.01835
2011.73490,0.01840
2009.80611,0.02069
2007.87731,0.02130
2005.94851,0.01875
2004.01972,0.01548
2002.09092,0.01310
2000.16212,0.01160
1998.23333,0.01135
1996.30453,0.01302
1994.37574,0.01586
1992.44694,0.01753
1990.51814,0.01662
1988.58935,0.01500
1986.66055,0.01447
1984.73175,0.01473
1982.80296,0.01592
1980.87416,0.01731
1978.94536,0.01710
1977.01657,0.01565
1975.08777,0.01395
1973.15897,0.01268
1971.23018,0.01283
1969.30138,0.01345
1967.37258,0.01327
1965.44379,0.01256
1963.51499,0.01133
1961.58619,0.00954
1959.65740,0.00779
1957.72860,0.00666
1955.79980,0.00588
1953.87101,0.00520
1951.94221,0.00495
1950.01341,0.00537
1948.08462,0.00639
1946.15582,0.00774
1944.22702,0.00906
1942.29823,0.00852
1940.36943,0.00561
1938.44063,0.00342
1936.51184,0.00287
1934.58304,0.00236
1932.65424,0.00155
1930.72545,0.00116
1928.79665,0.00121
1926.86785,0.00182
1924.93906,0.00359
1923.01026,0.00520
1921.08146,0.00565
1919.15267,0.00589
1917.22387,0.00499
1915.29507,0.00273
1913.36628,0.00178
1911.43748,0.00284
1909.50868,0.00381
1907.57989,0.00312
1905.65109,0.00167
1903.72229,0.00062
1901.79350,-0.00002
1899.86470,-0.00015
1897.93590,0.00064
1896.00711,0.00170
1894.07831,0.00189
1892.14951,0.00222
1890.22072,0.00319
1888.29192,0.00264
1886.36312,0.00106
1884.43433,0.00037
1882.50553,0.00017
1880.57673,-0.00009
1878.64794,-0.00045
1876.71914,-0.00080
1874.79034,-0.00074
1872.86155,0.00106
1870.93275,0.00571
1869.00395,0.00972
1867.07516,0.00782
1865.14636,0.00310
1863.21756,0.00055
1861.28877,0.00019
1859.35997,0.00018
1857.43117,-0.00036
1855.50238,-0.00115
1853.57358,-0.00162
1851.64478,-0.00110
1849.71599,0.00099
1847.78719,0.00445
1845.85839,0.00825
1843.92960,0.00869
1842.00080,0.00454
1840.07200,0.00112
1838.14321,0.00047
1836.21441,0.00050
1834.28561,0.00095
1832.35682,0.00397
1830.42802,0.00789
1828.49922,0.00827
1826.57043,0.00680
1824.64163,0.00515
1822.71283,0.00230
1820.78404,0.00008
1818.85524,-0.00031
1816.92644,-0.00024
1814.99765,0.00022
1813.06885,0.00221
1811.14005,0.00410
1809.21126,0.00342
1807.28246,0.00150
1805.35366,0.00130
1803.42487,0.00383
1801.49607,0.00676
1799.56727,0.00688
1797.63848,0.00572
1795.70968,0.00684
1793.78088,0.01046
1791.85209,0.01136
1789.92329,0.00653
1787.99449,0.00235
1786.06570,0.00196
1784.13690,0.00313
1782.20810,0.00441
1780.27931,0.00490
1778.35051,0.00439
1776.42171,0.00579
1774.49292,0.01089
1772.56412,0.01574
1770.63532,0.01438
1768.70653,0.00925
1766.77773,0.00465
1764.84893,0.00331
1762.92014,0.00541
1760.99134,0.00676
1759.06254,0.00631
1757.13375,0.00581
1755.20495,0.00523
1753.27615,0.00757
1751.34736,0.01411
1749.41856,0.01825
1747.48976,0.01609
1745.56097,0.01268
1743.63217,0.01106
1741.70337,0.01075
1739.77458,0.01014
1737.84578,0.01005
1735.91698,0.01410
1733.98819,0.01930
1732.05939,0.01632
1730.13059,0.00942
1728.20180,0.00373
1726.27300,0.00119
1724.34420,0.00195
1722.41541,0.00439
1720.48661,0.01042
1718.55781,0.02131
1716.62902,0.02716
1714.70022,0.02130
1712.77142,0.01397
1710.84263,0.01146
1708.91383,0.01445
1706.98503,0.02133
1705.05624,0.02768
1703.12744,0.03306
1701.19864,0.04269
1699.26985,0.05312
1697.34105,0.05739
1695.41225,0.05761
1693.48346,0.05769
1691.55466,0.06369
1689.62586,0.07653
1687.69707,0.09218
1685.76827,0.11272
1683.83947,0.13596
1681.91068,0.14547
1679.98188,0.14974
1678.05308,0.15893
1676.12429,0.17405
1674.19549,0.19058
1672.26669,0.20456
1670.33790,0.21811
1668.40910,0.22589
1666.48030,0.22745
1664.55151,0.23192
1662.62271,0.23809
1660.69391,0.23934
1658.76512,0.23949
1656.83632,0.24521
1654.90752,0.25835
1652.97873,0.26709
1651.04993,0.26150
1649.12113,0.26173
1647.19234,0.26782
1645.26354,0.26778
1643.33474,0.26649
1641.40595,0.27291
1639.47715,0.28747
1637.54835,0.30979
1635.61956,0.33441
1633.69076,0.34743
1631.76197,0.35637
1629.83317,0.37121
1627.90437,0.38908
1625.97558,0.40396
1624.04678,0.41477
1622.11798,0.41904
1620.18919,0.41921
1618.26039,0.42090
1616.33159,0.41914
1614.40280,0.41170
1612.47400,0.40740
1610.54520,0.40855
1608.61641,0.41256
1606.68761,0.41764
1604.75881,0.42483
1602.83002,0.43401
1600.90122,0.44317
1598.97242,0.45146
1597.04363,0.45877
1595.11483,0.46341
1593.18603,0.46319
1591.25724,0.45815
1589.32844,0.44878
1587.39964,0.43564
1585.47085,0.41961
1583.54205,0.40126
1581.61325,0.38241
1579.68446,0.36682
1577.75566,0.35238
1575.82686,0.32861
1573.89807,0.30312
1571.96927,0.28682
1570.04047,0.27151
1568.11168,0.25182
1566.18288,0.23409
1564.25408,0.22130
1562.32529,0.21642
1560.39649,0.22007
1558.46769,0.21285
1556.53890,0.18985
1554.61010,0.17214
1552.68130,0.16020
1550.75251,0.15169
1548.82371,0.14435
1546.89491,0.14112
1544.96612,0.14468
1543.03732,0.15158
1541.10852,0.15384
1539.17973,0.13966
1537.25093,0.12354
1535.32213,0.11795
1533.39334,0.11522
1531.46454,0.10881
1529.53574,0.10527
1527.60695,0.10703
1525.67815,0.10968
1523.74935,0.11250
1521.82056,0.11418
1519.89176,0.11080
1517.96296,0.10615
1516.03417,0.10016
1514.10537,0.09359
1512.17657,0.09292
1510.24778,0.10113
1508.31898,0.11404
1506.39018,0.11142
1504.46139,0.09438
1502.53259,0.08660
1500.60379,0.08851
1498.67500,0.09495
1496.74620,0.09885
1494.81740,0.09882
1492.88861,0.10319
1490.95981,0.11592
1489.03101,0.12838
1487.10222,0.13165
1485.17342,0.13350
1483.24462,0.14063
1481.31583,0.15231
1479.38703,0.16593
1477.45823,0.18244
1475.52944,0.20280
1473.60064,0.22255
1471.67184,0.23270
1469.74305,0.23461
1467.81425,0.23912
1465.88545,0.24785
1463.95666,0.25327
1462.02786,0.25509
1460.09906,0.26082
1458.17027,0.26776
1456.24147,0.25844
1454.31267,0.23873
1452.38388,0.22300
1450.45508,0.21088
1448.52628,0.19878
1446.59749,0.18362
1444.66869,0.16812
1442.73989,0.15504
1440.81110,0.14539
1438.88230,0.13982
1436.95350,0.13348
1435.02471,0.12189
1433.09591,0.11148
1431.16711,0.10449
1429.23832,0.09729
1427.30952,0.09051
1425.38072,0.08664
1423.45193,0.08423
1421.52313,0.08329
1419.59433,0.08384
1417.66554,0.07919
1415.73674,0.06998
1413.80794,0.06339
1411.87915,0.06009
1409.95035,0.05771
1408.02155,0.05636
1406.09276,0.05637
1404.16396,0.05512
1402.23516,0.05349
1400.30637,0.05488
1398.37757,0.05763
1396.44877,0.05805
1394.51998,0.05451
1392.59118,0.04870
1390.66238,0.04589
1388.73359,0.04696
1386.80479,0.04668
1384.87599,0.04288
1382.94720,0.03980
1381.01840,0.03920
1379.08960,0.03985
1377.16081,0.04162
1375.23201,0.04375
1373.30321,0.04277
1371.37442,0.03944
1369.44562,0.03740
1367.51682,0.03663
1365.58803,0.03777
1363.65923,0.04085
1361.73043,0.04091
1359.80164,0.03699
1357.87284,0.03403
1355.94404,0.03319
1354.01525,0.03269
1352.08645,0.03203
1350.15765,0.03166
1348.22886,0.03131
1346.30006,0.03089
1344.37126,0.03133
1342.44247,0.03421
1340.51367,0.03855
1338.58487,0.03948
1336.65608,0.03593
1334.72728,0.03231
1332.79848,0.03071
1330.86969,0.03033
1328.94089,0.03016
1327.01209,0.02992
1325.08330,0.02977
1323.15450,0.03008
1321.22570,0.03114
1319.29691,0.03215
1317.36811,0.03200
1315.43931,0.03126
1313.51052,0.03061
1311.58172,0.02963
1309.65292,0.02861
1307.72413,0.02808
1305.79533,0.02778
1303.86653,0.02756
1301.93774,0.02749
1300.00894,0.02758
1298.08014,0.02779
1296.15135,0.02791
1294.22255,0.02790
1292.29375,0.02803
1290.36496,0.02844
1288.43616,0.02875
1286.50736,0.02855
1284.57857,0.02812
1282.64977,0.02793
1280.72097,0.02798
1278.79218,0.02800
1276.86338,0.02803
1274.93458,0.02830
1273.00579,0.02886
1271.07699,0.02930
1269.14820,0.02929
1267.21940,0.02901
1265.29060,0.02878
1263.36181,0.02877
1261.43301,0.02897
1259.50421,0.02901
1257.57542,0.02877
1255.64662,0.02860
1253.71782,0.02864
1251.78903,0.02877
1249.86023,0.02893
1247.93143,0.02911
1246.00264,0.02936
1244.07384,0.02960
1242.14504,0.02973
1240.21625,0.02980
1238.28745,0.02990
1236.35865,0.03001
1234.42986,0.03016
1232.50106,0.03033
1230.57226,0.03053
1228.64347,0.03080
1226.71467,0.03114
1224.78587,0.03141
1222.85708,0.03157
1220.92828,0.03174
1218.99948,0.03200
1217.07069,0.03228
1215.14189,0.03263
1213.21309,0.03308
1211.28430,0.03352
1209.35550,0.03396
1207.42670,0.03451
1205.49791,0.03518
1203.56911,0.03596
1201.64031,0.03686
1199.71152,0.03793
1197.78272,0.03915
1195.85392,0.04049
1193.92513,0.04198
1191.99633,0.04366
1190.06753,0.04564
1188.13874,0.04792
1186.20994,0.05039
1184.28114,0.05306
1182.35235,0.05608
1180.42355,0.05957
1178.49475,0.06351
1176.56596,0.06780
1174.63716,0.07235
1172.70836,0.07704
1170.77957,0.08183
1168.85077,0.08672
1166.92197,0.09149
1164.99318,0.09590
1163.06438,0.09975
1161.13558,0.10283
1159.20679,0.10487
1157.27799,0.10566
1155.34919,0.10520
1153.42040,0.10358
1151.49160,0.10089
1149.56280,0.09725
1147.63401,0.09291
1145.70521,0.08817
1143.77641,0.08330
1141.84762,0.07845
1139.91882,0.07380
1137.99002,0.06948
1136.06123,0.06552
1134.13243,0.06186
1132.20363,0.05856
1130.27484,0.05567
1128.34604,0.05312
1126.41724,0.05083
1124.48845,0.04881
1122.55965,0.04705
1120.63085,0.04553
1118.70206,0.04418
1116.77326,0.04301
1114.84446,0.04204
1112.91567,0.04124
1110.98687,0.04055
1109.05807,0.03995
1107.12928,0.03944
1105.20048,0.03898
1103.27168,0.03859
1101.34289,0.03833
1099.41409,0.03825
1097.48529,0.03831
1095.55650,0.03849
1093.62770,0.03877
1091.69890,0.03912
1089.77011,0.03948
1087.84131,0.03988
1085.91251,0.04033
1083.98372,0.04075
1082.05492,0.04114
1080.12612,0.04154
1078.19733,0.04200
1076.26853,0.04249
1074.33973,0.04300
1072.41094,0.04348
1070.48214,0.04386
1068.55334,0.04411
1066.62455,0.04424
1064.69575,0.04424
1062.76695,0.04413
1060.83816,0.04393
1058.90936,0.04361
1056.98056,0.04318
1055.05177,0.04264
1053.12297,0.04201
1051.19417,0.04129
1049.26538,0.04054
1047.33658,0.03979
1045.40778,0.03906
1043.47899,0.03833
1041.55019,0.03761
1039.62139,0.03693
1037.69260,0.03629
1035.76380,0.03567
1033.83500,0.03507
1031.90621,0.03451
1029.97741,0.03401
1028.04861,0.03356
1026.11982,0.03310
1024.19102,0.03263
1022.26222,0.03218
1020.33343,0.03179
1018.40463,0.03149
1016.47583,0.03127
1014.54704,0.03107
1012.61824,0.03090
1010.68944,0.03069
1008.76065,0.03035
1006.83185,0.02986
1004.90305,0.02926
1002.97426,0.02860
1001.04546,0.02796
999.11666,0.02741
997.18787,0.02698
995.25907,0.02664
993.33027,0.02634
991.40148,0.02602
989.47268,0.02571
987.54388,0.02540
985.61509,0.02507
983.68629,0.02472
981.75749,0.02440
979.82870,0.02411
977.89990,0.02382
975.97110,0.02350
974.04231,0.02320
972.11351,0.02294
970.18471,0.02267
968.25592,0.02233
966.32712,0.02193
964.39832,0.02153
962.46953,0.02116
960.54073,0.02080
958.61193,0.02043
956.68314,0.02007
954.75434,0.01973
952.82554,0.01943
950.89675,0.01916
948.96795,0.01887
947.03915,0.01853
945.11036,0.01814
943.18156,0.01779
941.25276,0.01748
939.32397,0.01716
937.39517,0.01681
935.46637,0.01643
933.53758,0.01601
931.60878,0.01557
929.67998,0.01512
927.75119,0.01465
925.82239,0.01417
923.89359,0.01367
921.96480,0.01314
920.03600,0.01262
918.10720,0.01213
916.17841,0.01167
914.24961,0.01122
912.32081,0.01077
910.39202,0.01032
908.46322,0.00989
906.53443,0.00950
904.60563,0.00911
902.67683,0.00871
900.74804,0.00830
898.81924,0.00789
896.89044,0.00751
894.96165,0.00717
893.03285,0.00676
891.10405,0.00627
889.17526,0.00578
887.24646,0.00532
885.31766,0.00482
883.38887,0.00429
881.46007,0.00379
879.53127,0.00332
877.60248,0.00293
875.67368,0.00253
873.74488,0.00207
871.81609,0.00164
869.88729,0.00129
867.95849,0.00098
866.02970,0.00067
864.10090,0.00037
862.17210,0.00008
860.24331,-0.00020
858.31451,-0.00040
856.38571,-0.00054
854.45692,-0.00069
852.52812,-0.00086
850.59932,-0.00100
848.67053,-0.00110
846.74173,-0.00122
844.81293,-0.00137
842.88414,-0.00148
840.95534,-0.00153
839.02654,-0.00160
837.09775,-0.00172
835.16895,-0.00187
833.24015,-0.00199
831.31136,-0.00209
829.38256,-0.00217
827.45376,-0.00222
825.52497,-0.00227
823.59617,-0.00236
821.66737,-0.00244
819.73858,-0.00244
817.80978,-0.00232
815.88098,-0.00214
813.95219,-0.00195
812.02339,-0.00174
810.09459,-0.00150
808.16580,-0.00124
806.23700,-0.00092
804.30820,-0.00051
802.37941,0.00001
800.45061,0.00061
798.52181,0.00132
796.59302,0.00224
794.66422,0.00341
792.73542,0.00453
790.80663,0.00537
788.87783,0.00611
786.94903,0.00680
785.02024,0.00705
783.09144,0.00660
781.16264,0.00574
779.23385,0.00476
777.30505,0.00352
775.37625,0.00203
773.44746,0.00082
771.51866,0.00017
769.58986,-0.00026
767.66107,-0.00095
765.73227,-0.00166
763.80347,-0.00181
761.87468,-0.00169
759.94588,-0.00201
758.01708,-0.00250
756.08829,-0.00256
754.15949,-0.00236
752.23069,-0.00222
750.30190,-0.00207
748.37310,-0.00166
