3496.90832,0.01883
3494.97953,0.02363
3493.05073,0.02905
3491.12193,0.03113
3489.19314,0.03204
3487.26434,0.03208
3485.33554,0.03186
3483.40675,0.03355
3481.47795,0.03439
3479.54915,0.03147
3477.62036,0.02715
3475.69156,0.02435
3473.76276,0.02235
3471.83397,0.02157
3469.90517,0.02280
3467.97637,0.02181
3466.04758,0.01773
3464.11878,0.01682
3462.18998,0.02274
3460.26119,0.03239
3458.33239,0.04032
3456.40359,0.04173
3454.47480,0.03271
3452.54600,0.01949
3450.61721,0.01523
3448.68841,0.01794
3446.75961,0.01931
3444.83082,0.01945
3442.90202,0.01668
3440.97322,0.01425
3439.04443,0.01683
3437.11563,0.01830
3435.18683,0.01422
3433.25804,0.00858
3431.32924,0.00804
3429.40044,0.01255
3427.47165,0.01692
3425.54285,0.01866
3423.61405,0.01633
3421.68526,0.01118
3419.75646,0.00531
3417.82766,-0.00184
3415.89887,-0.00594
3413.97007,-0.00106
3412.04127,0.00614
3410.11248,0.00528
3408.18368,0.00210
3406.25488,0.00341
3404.32609,0.00539
3402.39729,0.00695
3400.46849,0.00625
3398.53970,0.00549
3396.61090,0.00939
3394.68210,0.01099
3392.75331,0.00846
3390.82451,0.00808
3388.89571,0.00316
3386.96692,-0.00905
3385.03812,-0.01456
3383.10932,-0.00746
3381.18053,0.00290
3379.25173,0.00778
3377.32293,0.01032
3375.39414,0.01533
3373.46534,0.01748
3371.53654,0.01639
3369.60775,0.01812
3367.67895,0.02008
3365.75015,0.01891
3363.82136,0.01792
3361.89256,0.02125
3359.96376,0.02888
3358.03497,0.03747
3356.10617,0.04029
3354.17737,0.03517
3352.24858,0.03052
3350.31978,0.02995
3348.39098,0.02909
3346.46219,0.02944
3344.53339,0.03390
3342.60459,0.03850
3340.67580,0.03915
3338.74700,0.03565
3336.81820,0.03016
3334.88941,0.02527
3332.96061,0.02054
3331.03181,0.01589
3329.10302,0.01454
3327.17422,0.01482
3325.24542,0.01101
3323.31663,0.00640
3321.38783,0.00716
3319.45903,0.00700
3317.53024,0.00142
3315.60144,-0.00230
3313.67264,-0.00233
3311.74385,-0.00227
3309.81505,-0.00164
3307.88625,0.00084
3305.95746,0.00179
3304.02866,-0.00180
3302.09986,-0.00605
3300.17107,-0.00828
3298.24227,-0.00935
3296.31347,-0.00801
3294.38468,-0.00375
3292.45588,0.00233
3290.52708,0.00573
3288.59829,0.00062
3286.66949,-0.00900
3284.74069,-0.01265
3282.81190,-0.00895
3280.88310,-0.00443
3278.95430,0.00030
3277.02551,0.00521
3275.09671,0.00522
3273.16791,0.00282
3271.23912,0.00272
3269.31032,0.00020
3267.38152,-0.00745
3265.45273,-0.01514
3263.52393,-0.01603
3261.59513,-0.00867
3259.66634,-0.00180
3257.73754,-0.00068
3255.80874,0.00208
3253.87995,0.00811
3251.95115,0.01007
3250.02235,0.00647
3248.09356,0.00338
3246.16476,0.00575
3244.23596,0.01034
3242.30717,0.01049
3240.37837,0.00563
3238.44957,0.00027
3236.52078,0.00035
3234.59198,0.00425
3232.66318,0.00459
3230.73439,0.00184
3228.80559,0.00229
3226.87679,0.00716
3224.94800,0.01305
3223.01920,0.01589
3221.09040,0.01420
3219.16161,0.01217
3217.23281,0.01445
3215.30401,0.01837
3213.37522,0.02020
3211.44642,0.02230
3209.51762,0.02650
3207.58883,0.02960
3205.66003,0.02719
3203.73123,0.01838
3201.80244,0.00884
3199.87364,0.00543
3197.94484,0.00796
3196.01605,0.01212
3194.08725,0.01566
3192.15845,0.01842
3190.22966,0.01899
3188.30086,0.01625
3186.37206,0.01377
3184.44327,0.01391
3182.51447,0.01322
3180.58567,0.01155
3178.65688,0.01281
3176.72808,0.01398
3174.79928,0.01173
3172.87049,0.01057
3170.94169,0.01140
3169.01289,0.01109
3167.08410,0.00881
3165.15530,0.00579
3163.22650,0.00443
3161.29771,0.00401
3159.36891,0.00457
3157.44011,0.00825
3155.51132,0.01185
3153.58252,0.01178
3151.65372,0.00906
3149.72493,0.00607
3147.79613,0.00432
3145.86733,0.00306
3143.93854,0.00105
3142.00974,0.00005
3140.08094,0.00170
3138.15215,0.00329
3136.22335,0.00351
3134.29455,0.00418
3132.36576,0.00463
3130.43696,0.00415
3128.50816,0.00411
3126.57937,0.00480
3124.65057,0.00549
3122.72177,0.00554
3120.79298,0.00501
3118.86418,0.00427
3116.93538,0.00380
3115.00659,0.00379
3113.07779,0.00297
3111.14899,0.00099
3109.22020,-0.00008
3107.29140,0.00071
3105.36260,0.00209
3103.43381,0.00240
3101.50501,0.00121
3099.57621,-0.00016
3097.64742,-0.00080
3095.71862,-0.00067
3093.78982,0.00016
3091.86103,0.00079
3089.93223,0.00082
3088.00344,0.00083
3086.07464,0.00157
3084.14584,0.00330
3082.21705,0.00423
3080.28825,0.00335
3078.35945,0.00206
3076.43066,0.00104
3074.50186,0.00015
3072.57306,-0.00010
3070.64427,0.00077
3068.71547,0.00197
3066.78667,0.00254
3064.85788,0.00246
3062.92908,0.00163
3061.00028,0.00079
3059.07149,0.00133
3057.14269,0.00293
3055.21389,0.00392
3053.28510,0.00381
3051.35630,0.00379
3049.42750,0.00425
3047.49871,0.00420
3045.56991,0.00340
3043.64111,0.00269
3041.71232,0.00258
3039.78352,0.00270
3037.85472,0.00315
3035.92593,0.00433
3033.99713,0.00503
3032.06833,0.00400
3030.13954,0.00277
3028.21074,0.00305
3026.28194,0.00364
3024.35315,0.00333
3022.42435,0.00272
3020.49555,0.00213
3018.56676,0.00208
3016.63796,0.00329
3014.70916,0.00467
3012.78037,0.00499
3010.85157,0.00457
3008.92277,0.00420
3006.99398,0.00450
3005.06518,0.00516
3003.13638,0.00520
3001.20759,0.00467
2999.27879,0.00465
2997.34999,0.00551
2995.42120,0.00602
2993.49240,0.00536
2991.56360,0.00476
2989.63481,0.00525
2987.70601,0.00597
2985.77721,0.00610
2983.84842,0.00611
2981.91962,0.00624
2979.99082,0.00619
2978.06203,0.00604
2976.13323,0.00586
2974.20443,0.00583
2972.27564,0.00615
2970.34684,0.00664
2968.41804,0.00708
2966.48925,0.00700
2964.56045,0.00631
2962.63165,0.00572
2960.70286,0.00564
2958.77406,0.00601
2956.84526,0.00666
2954.91647,0.00697
2952.98767,0.00664
2951.05887,0.00612
2949.13008,0.00607
2947.20128,0.00701
2945.27248,0.00821
2943.34369,0.00828
2941.41489,0.00743
2939.48609,0.00699
2937.55730,0.00733
2935.62850,0.00783
2933.69970,0.00805
2931.77091,0.00828
2929.84211,0.00866
2927.91331,0.00875
2925.98452,0.00861
2924.05572,0.00849
2922.12692,0.00829
2920.19813,0.00835
2918.26933,0.00887
2916.34053,0.00918
2914.41174,0.00901
2912.48294,0.00895
2910.55414,0.00935
2908.62535,0.00975
2906.69655,0.00954
2904.76775,0.00885
2902.83896,0.00826
2900.91016,0.00810
2898.98136,0.00813
2897.05257,0.00807
2895.12377,0.00823
2893.19497,0.00883
2891.26618,0.00916
2889.33738,0.00894
2887.40858,0.00885
2885.47979,0.00903
2883.55099,0.00913
2881.62219,0.00924
2879.69340,0.00956
2877.76460,0.00991
2875.83580,0.01026
2873.90701,0.01054
2871.97821,0.01032
2870.04941,0.00982
2868.12062,0.00947
2866.19182,0.00931
2864.26302,0.00968
2862.33423,0.01050
2860.40543,0.01094
2858.47663,0.01090
2856.54784,0.01109
2854.61904,0.01153
2852.69024,0.01170
2850.76145,0.01159
2848.83265,0.01142
2846.90385,0.01127
2844.97506,0.01132
2843.04626,0.01158
2841.11746,0.01185
2839.18867,0.01209
2837.25987,0.01237
2835.33107,0.01260
2833.40228,0.01245
2831.47348,0.01203
2829.54468,0.01199
2827.61589,0.01233
2825.68709,0.01255
2823.75829,0.01263
2821.82950,0.01267
2819.90070,0.01279
2817.97190,0.01296
2816.04311,0.01293
2814.11431,0.01272
2812.18551,0.01258
2810.25672,0.01256
2808.32792,0.01267
2806.39912,0.01287
2804.47033,0.01294
2802.54153,0.01280
2800.61273,0.01257
2798.68394,0.01241
2796.75514,0.01240
2794.82634,0.01249
2792.89755,0.01250
2790.96875,0.01220
2789.03995,0.01167
2787.11116,0.01124
2785.18236,0.01112
2783.25356,0.01118
2781.32477,0.01113
2779.39597,0.01084
2777.46717,0.01072
2775.53838,0.01095
2773.60958,0.01099
2771.68078,0.01076
2769.75199,0.01065
2767.82319,0.01058
2765.89439,0.01045
2763.96560,0.01038
2762.03680,0.01028
2760.10800,0.01007
2758.17921,0.00993
2756.25041,0.01007
2754.32161,0.01045
2752.39282,0.01069
2750.46402,0.01043
2748.53522,0.01006
2746.60643,0.01003
2744.67763,0.01016
2742.74883,0.01024
2740.82004,0.01037
2738.89124,0.01048
2736.96244,0.01049
2735.03365,0.01052
2733.10485,0.01056
2731.17605,0.01047
2729.24726,0.01028
2727.31846,0.01013
2725.38967,0.01010
2723.46087,0.01018
2721.53207,0.01030
2719.60328,0.01036
2717.67448,0.01032
2715.74568,0.01037
2713.81689,0.01054
2711.88809,0.01057
2709.95929,0.01040
2708.03050,0.01036
2706.10170,0.01058
2704.17290,0.01075
2702.24411,0.01069
2700.31531,0.01046
2698.38651,0.01019
2696.45772,0.01010
2694.52892,0.01012
2692.60012,0.01004
2690.67133,0.01003
2688.74253,0.01019
2686.81373,0.01043
2684.88494,0.01061
2682.95614,0.01050
2681.02734,0.01020
2679.09855,0.01006
2677.16975,0.01015
2675.24095,0.01023
2673.31216,0.01014
2671.38336,0.01006
2669.45456,0.01016
2667.52577,0.01023
2665.59697,0.01009
2663.66817,0.00991
2661.73938,0.00977
2659.81058,0.00978
2657.88178,0.00997
2655.95299,0.01013
2654.02419,0.01018
2652.09539,0.01024
2650.16660,0.01032
2648.23780,0.01031
2646.30900,0.01031
2644.38021,0.01048
2642.45141,0.01065
2640.52261,0.01060
2638.59382,0.01047
2636.66502,0.01047
2634.73622,0.01063
2632.80743,0.01092
2630.87863,0.01111
2628.94983,0.01100
2627.02104,0.01099
2625.09224,0.01133
2623.16344,0.01162
2621.23465,0.01170
2619.30585,0.01184
2617.37705,0.01201
2615.44826,0.01220
2613.51946,0.01246
2611.59066,0.01265
2609.66187,0.01272
2607.73307,0.01274
2605.80427,0.01255
2603.87548,0.01222
2601.94668,0.01221
2600.01788,0.01257
2598.08909,0.01296
2596.16029,0.01330
2594.23149,0.01330
2592.30270,0.01294
2590.37390,0.01282
2588.44510,0.01309
2586.51631,0.01326
2584.58751,0.01328
2582.65871,0.01338
2580.72992,0.01346
2578.80112,0.01329
2576.87232,0.01301
2574.94353,0.01286
2573.01473,0.01279
2571.08593,0.01283
2569.15714,0.01307
2567.22834,0.01324
2565.29954,0.01303
2563.37075,0.01271
2561.44195,0.01256
2559.51315,0.01242
2557.58436,0.01204
2555.65556,0.01160
2553.72676,0.01151
2551.79797,0.01197
2549.86917,0.01260
2547.94037,0.01315
2546.01158,0.01357
2544.08278,0.01367
2542.15398,0.01350
2540.22519,0.01328
2538.29639,0.01294
2536.36759,0.01242
2534.43880,0.01201
2532.51000,0.01205
2530.58120,0.01239
2528.65241,0.01279
2526.72361,0.01297
2524.79481,0.01264
2522.86602,0.01223
2520.93722,0.01227
2519.00842,0.01246
2517.07963,0.01230
2515.15083,0.01182
2513.22203,0.01146
2511.29324,0.01157
2509.36444,0.01191
2507.43564,0.01200
2505.50685,0.01183
2503.57805,0.01172
2501.64925,0.01192
2499.72046,0.01239
2497.79166,0.01263
2495.86286,0.01218
2493.93407,0.01142
2492.00527,0.01122
2490.07647,0.01171
2488.14768,0.01219
2486.21888,0.01223
2484.29008,0.01214
2482.36129,0.01218
2480.43249,0.01225
2478.50369,0.01233
2476.57490,0.01220
2474.64610,0.01172
2472.71730,0.01139
2470.78851,0.01151
2468.85971,0.01162
2466.93091,0.01166
2465.00212,0.01172
2463.07332,0.01143
2461.14452,0.01101
2459.21573,0.01110
2457.28693,0.01131
2455.35813,0.01124
2453.42934,0.01147
2451.50054,0.01202
2449.57174,0.01218
2447.64295,0.01187
2445.71415,0.01136
2443.78535,0.01104
2441.85656,0.01114
2439.92776,0.01125
2437.99896,0.01107
2436.07017,0.01085
2434.14137,0.01072
2432.21257,0.01063
2430.28378,0.01049
2428.35498,0.01025
2426.42618,0.00996
2424.49739,0.00975
2422.56859,0.00956
2420.63979,0.00938
2418.71100,0.00935
2416.78220,0.00949
2414.85340,0.00957
2412.92461,0.00937
2410.99581,0.00900
2409.06701,0.00870
2407.13822,0.00841
2405.20942,0.00805
2403.28062,0.00783
2401.35183,0.00787
2399.42303,0.00777
2397.49423,0.00750
2395.56544,0.00740
2393.63664,0.00740
2391.70784,0.00730
2389.77905,0.00726
2387.85025,0.00775
2385.92145,0.00910
2383.99266,0.01138
2382.06386,0.01441
2380.13506,0.01782
2378.20627,0.02153
2376.27747,0.02560
2374.34867,0.03003
2372.41988,0.03487
2370.49108,0.03978
2368.56228,0.04404
2366.63349,0.04725
2364.70469,0.04993
2362.77589,0.05247
2360.84710,0.05405
2358.91830,0.05339
2356.98951,0.04998
2355.06071,0.04467
2353.13191,0.03859
2351.20312,0.03301
2349.27432,0.03005
2347.34552,0.03106
2345.41673,0.03478
2343.48793,0.03735
2341.55913,0.03749
2339.63034,0.03702
2337.70154,0.03654
2335.77274,0.03602
2333.84395,0.03578
2331.91515,0.03572
2329.98635,0.03498
2328.05756,0.03345
2326.12876,0.03221
2324.19996,0.03176
2322.27117,0.03120
2320.34237,0.02941
2318.41357,0.02699
2316.48478,0.02517
2314.55598,0.02424
2312.62718,0.02374
2310.69839,0.02288
2308.76959,0.02123
2306.84079,0.01924
2304.91200,0.01738
2302.98320,0.01589
2301.05440,0.01507
2299.12561,0.01476
2297.19681,0.01426
2295.26801,0.01331
2293.33922,0.01241
2291.41042,0.01194
2289.48162,0.01168
2287.55283,0.01139
2285.62403,0.01119
2283.69523,0.01122
2281.76644,0.01179
2279.83764,0.01285
2277.90884,0.01358
2275.98005,0.01383
2274.05125,0.01421
2272.12245,0.01477
2270.19366,0.01500
2268.26486,0.01507
2266.33606,0.01527
2264.40727,0.01497
2262.47847,0.01446
2260.54967,0.01509
2258.62088,0.01679
2256.69208,0.01797
2254.76328,0.01822
2252.83449,0.01810
2250.90569,0.01736
2248.97689,0.01651
2247.04810,0.01695
2245.11930,0.01819
2243.19050,0.01904
2241.26171,0.01951
2239.33291,0.02017
2237.40411,0.02133
2235.47532,0.02234
2233.54652,0.02242
2231.61772,0.02199
2229.68893,0.02182
2227.76013,0.02197
2225.83133,0.02229
2223.90254,0.02259
2221.97374,0.02279
2220.04494,0.02403
2218.11615,0.02635
2216.18735,0.02773
2214.25855,0.02826
2212.32976,0.02866
2210.40096,0.02767
2208.47216,0.02632
2206.54337,0.02664
2204.61457,0.02785
2202.68577,0.02867
2200.75698,0.02881
2198.82818,0.02894
2196.89938,0.03020
2194.97059,0.03177
2193.04179,0.03252
2191.11299,0.03294
2189.18420,0.03270
2187.25540,0.03133
2185.32660,0.03064
2183.39781,0.03322
2181.46901,0.03879
2179.54021,0.04295
2177.61142,0.04334
2175.68262,0.04131
2173.75382,0.03755
2171.82503,0.03470
2169.89623,0.03581
2167.96743,0.03821
2166.03864,0.03978
2164.10984,0.04286
2162.18104,0.04750
2160.25225,0.05187
2158.32345,0.05258
2156.39465,0.04744
2154.46586,0.04065
2152.53706,0.03571
2150.60826,0.03309
2148.67947,0.03096
2146.75067,0.02719
2144.82187,0.02291
2142.89308,0.02010
2140.96428,0.01909
2139.03548,0.01920
2137.10669,0.01858
2135.17789,0.01650
2133.24909,0.01430
2131.32030,0.01288
2129.39150,0.01170
2127.46270,0.01024
2125.53391,0.00894
2123.60511,0.00835
2121.67631,0.00814
2119.74752,0.00770
2117.81872,0.00695
2115.88992,0.00636
2113.96113,0.00631
2112.03233,0.00671
2110.10353,0.00704
2108.17474,0.00710
2106.24594,0.00749
2104.31714,0.00842
2102.38835,0.00916
2100.45955,0.00920
2098.53075,0.00874
2096.60196,0.00825
2094.67316,0.00816
2092.74436,0.00852
2090.81557,0.00883
2088.88677,0.00884
2086.95797,0.00879
2085.02918,0.00884
2083.10038,0.00898
2081.17158,0.00910
2079.24279,0.00917
2077.31399,0.00947
2075.38519,0.01019
2073.45640,0.01106
2071.52760,0.01123
2069.59880,0.01060
2067.67001,0.01051
2065.74121,0.01131
2063.81241,0.01193
2061.88362,0.01220
2059.95482,0.01260
2058.02602,0.01285
2056.09723,0.01217
2054.16843,0.01067
2052.23963,0.00962
2050.31084,0.01046
2048.38204,0.01324
2046.45324,0.01590
2044.52445,0.01715
2042.59565,0.01790
2040.66685,0.01890
2038.73806,0.01957
2036.80926,0.01938
2034.88046,0.01953
2032.95167,0.02131
2031.02287,0.02290
2029.09407,0.02260
2027.16528,0.02231
2025.23648,0.02373
2023.30768,0.02498
2021.37889,0.02386
2019.45009,0.02205
2017.52129,0.02134
2015.59250,0.02040
2013.66370,0.01890
2011.73490,0.01833
2009.80611,0.01939
2007.87731,0.02059
2005.94851,0.01996
2004.01972,0.01793
2002.09092,0.01576
2000.16212,0.01417
1998.23333,0.01407
1996.30453,0.01554
1994.37574,0.01684
1992.44694,0.01639
1990.51814,0.01453
1988.58935,0.01287
1986.66055,0.01269
1984.73175,0.01363
1982.80296,0.01479
1980.87416,0.01625
1978.94536,0.01740
1977.01657,0.01665
1975.08777,0.01436
1973.15897,0.01301
1971.23018,0.01406
1969.30138,0.01617
1967.37258,0.01711
1965.44379,0.01607
1963.51499,0.01349
1961.58619,0.01046
1959.65740,0.00828
1957.72860,0.00742
1955.79980,0.00686
1953.87101,0.00571
1951.94221,0.00457
1950.01341,0.00451
1948.08462,0.00561
1946.15582,0.00712
1944.22702,0.00831
1942.29823,0.00781
1940.36943,0.00568
1938.44063,0.00390
1936.51184,0.00275
1934.58304,0.00181
1932.65424,0.00135
1930.72545,0.00153
1928.79665,0.00199
1926.86785,0.00283
1924.93906,0.00465
1923.01026,0.00603
1921.08146,0.00598
1919.15267,0.00581
1917.22387,0.00496
1915.29507,0.00300
1913.36628,0.00208
1911.43748,0.00282
1909.50868,0.00352
1907.57989,0.00299
1905.65109,0.00193
1903.72229,0.00131
1901.79350,0.00092
1899.86470,0.00057
1897.93590,0.00092
1896.00711,0.00175
1894.07831,0.00193
1892.14951,0.00236
1890.22072,0.00350
1888.29192,0.00293
1886.36312,0.00109
1884.43433,0.00016
1882.50553,-0.00014
1880.57673,-0.00033
1878.64794,-0.00048
1876.71914,-0.00057
1874.79034,-0.00029
1872.86155,0.00157
1870.93275,0.00604
1869.00395,0.00990
1867.07516,0.00802
1865.14636,0.00329
1863.21756,0.00064
1861.28877,0.00015
1859.35997,0.00006
1857.43117,-0.00045
1855.50238,-0.00112
1853.57358,-0.00141
1851.64478,-0.00080
1849.71599,0.00125
1847.78719,0.00458
1845.85839,0.00826
1843.92960,0.00875
1842.00080,0.00477
1840.07200,0.00146
1838.14321,0.00074
1836.21441,0.00058
1834.28561,0.00091
1832.35682,0.00394
1830.42802,0.00794
1828.49922,0.00832
1826.57043,0.00675
1824.64163,0.00506
1822.71283,0.00232
1820.78404,0.00027
1818.85524,-0.00004
1816.92644,-0.00005
1814.99765,0.00027
1813.06885,0.00217
1811.14005,0.00409
1809.21126,0.00352
1807.28246,0.00166
1805.35366,0.00144
1803.42487,0.00396
1801.49607,0.00693
1799.56727,0.00707
1797.63848,0.00590
1795.70968,0.00702
1793.78088,0.01057
1791.85209,0.01142
1789.92329,0.00664
1787.99449,0.00255
1786.06570,0.00219
1784.13690,0.00329
1782.20810,0.00446
1780.27931,0.00492
1778.35051,0.00445
1776.42171,0.00580
1774.49292,0.01077
1772.56412,0.01556
1770.63532,0.01425
1768.70653,0.00919
1766.77773,0.00463
1764.84893,0.00332
1762.92014,0.00543
1760.99134,0.00684
1759.06254,0.00645
1757.13375,0.00594
1755.20495,0.00532
1753.27615,0.00765
1751.34736,0.01423
1749.41856,0.01842
1747.48976,0.01623
1745.56097,0.01281
1743.63217,0.01124
1741.70337,0.01090
1739.77458,0.01017
1737.84578,0.00998
1735.91698,0.01399
1733.98819,0.01923
1732.05939,0.01633
1730.13059,0.00944
1728.20180,0.00379
1726.27300,0.00130
1724.34420,0.00209
1722.41541,0.00453
1720.48661,0.01048
1718.55781,0.02124
1716.62902,0.02705
1714.70022,0.02124
1712.77142,0.01396
1710.84263,0.01143
1708.91383,0.01436
1706.98503,0.02121
1705.05624,0.02765
1703.12744,0.03316
1701.19864,0.04277
1699.26985,0.05300
1697.34105,0.05721
1695.41225,0.05763
1693.48346,0.05786
1691.55466,0.06383
1689.62586,0.07655
1687.69707,0.09205
1685.76827,0.11239
1683.83947,0.13544
1681.91068,0.14497
1679.98188,0.14936
1678.05308,0.15857
1676.12429,0.17361
1674.19549,0.19015
1672.26669,0.20422
1670.33790,0.21782
1668.40910,0.22563
1666.48030,0.22722
1664.55151,0.23171
1662.62271,0.23792
1660.69391,0.23927
1658.76512,0.23942
1656.83632,0.24493
1654.90752,0.25777
1652.97873,0.26657
1651.04993,0.26131
1649.12113,0.26168
1647.19234,0.26776
1645.26354,0.26754
1643.33474,0.26613
1641.40595,0.27263
1639.47715,0.28737
1637.54835,0.30977
1635.61956,0.33421
1633.69076,0.34694
1631.76197,0.35587
1629.83317,0.37088
1627.90437,0.38882
1625.97558,0.40354
1624.04678,0.41414
1622.11798,0.41835
1620.18919,0.41860
1618.26039,0.42035
1616.33159,0.41864
1614.40280,0.41117
1612.47400,0.40674
1610.54520,0.40786
1608.61641,0.41207
1606.68761,0.41734
1604.75881,0.42454
1602.83002,0.43369
1600.90122,0.44285
1598.97242,0.45120
1597.04363,0.45861
1595.11483,0.46325
1593.18603,0.46288
1591.25724,0.45776
1589.32844,0.44841
1587.39964,0.43524
1585.47085,0.41922
1583.54205,0.40091
1581.61325,0.38205
1579.68446,0.36641
1577.75566,0.35189
1575.82686,0.32806
1573.89807,0.30256
1571.96927,0.28623
1570.04047,0.27086
1568.11168,0.25114
1566.18288,0.23345
1564.25408,0.22068
1562.32529,0.21577
1560.39649,0.21925
1558.46769,0.21190
1556.53890,0.18911
1554.61010,0.17164
1552.68130,0.15978
1550.75251,0.15121
1548.82371,0.14381
1546.89491,0.14056
1544.96612,0.14410
1543.03732,0.15093
1541.10852,0.15316
1539.17973,0.13909
1537.25093,0.12309
1535.32213,0.11750
1533.39334,0.11477
1531.46454,0.10843
1529.53574,0.10491
1527.60695,0.10663
1525.67815,0.10923
1523.74935,0.11203
1521.82056,0.11369
1519.89176,0.11033
1517.96296,0.10570
1516.03417,0.09973
1514.10537,0.09320
1512.17657,0.09258
1510.24778,0.10076
1508.31898,0.11358
1506.39018,0.11098
1504.46139,0.09413
1502.53259,0.08645
1500.60379,0.08839
1498.67500,0.09482
1496.74620,0.09869
1494.81740,0.09865
1492.88861,0.10301
1490.95981,0.11567
1489.03101,0.12806
1487.10222,0.13136
1485.17342,0.13325
1483.24462,0.14039
1481.31583,0.15207
1479.38703,0.16566
1477.45823,0.18207
1475.52944,0.20229
1473.60064,0.22195
1471.67184,0.23213
1469.74305,0.23412
1467.81425,0.23868
1465.88545,0.24748
1463.95666,0.25295
1462.02786,0.25480
1460.09906,0.26049
1458.17027,0.26736
1456.24147,0.25804
1454.31267,0.23843
1452.38388,0.22277
1450.45508,0.21067
1448.52628,0.19862
1446.59749,0.18355
1444.66869,0.16807
1442.73989,0.15496
1440.81110,0.14526
1438.88230,0.13961
1436.95350,0.13319
1435.02471,0.12160
1433.09591,0.11124
1431.16711,0.10428
1429.23832,0.09710
1427.30952,0.09031
1425.38072,0.08644
1423.45193,0.08405
1421.52313,0.08311
1419.59433,0.08360
1417.66554,0.07894
1415.73674,0.06981
1413.80794,0.06329
1411.87915,0.06002
1409.95035,0.05766
1408.02155,0.05630
1406.09276,0.05629
1404.16396,0.05504
1402.23516,0.05343
1400.30637,0.05483
1398.37757,0.05758
1396.44877,0.05797
1394.51998,0.05438
1392.59118,0.04857
1390.66238,0.04578
1388.73359,0.04684
1386.80479,0.04656
1384.87599,0.04282
1382.94720,0.03977
1381.01840,0.03917
1379.08960,0.03981
1377.16081,0.04156
1375.23201,0.04365
1373.30321,0.04269
1371.37442,0.03939
1369.44562,0.03734
1367.51682,0.03657
1365.58803,0.03771
1363.65923,0.04078
1361.73043,0.04085
1359.80164,0.03698
1357.87284,0.03406
1355.94404,0.03323
1354.01525,0.03273
1352.08645,0.03208
1350.15765,0.03174
1348.22886,0.03141
1346.30006,0.03096
1344.37126,0.03134
1342.44247,0.03416
1340.51367,0.03845
1338.58487,0.03934
1336.65608,0.03581
1334.72728,0.03222
1332.79848,0.03066
1330.86969,0.03030
1328.94089,0.03013
1327.01209,0.02989
1325.08330,0.02976
1323.15450,0.03007
1321.22570,0.03111
1319.29691,0.03212
1317.36811,0.03199
1315.43931,0.03129
1313.51052,0.03067
1311.58172,0.02968
1309.65292,0.02866
1307.72413,0.02814
1305.79533,0.02786
1303.86653,0.02765
1301.93774,0.02758
1300.00894,0.02765
1298.08014,0.02785
1296.15135,0.02797
1294.22255,0.02793
1292.29375,0.02804
1290.36496,0.02845
1288.43616,0.02874
1286.50736,0.02853
1284.57857,0.02809
1282.64977,0.02792
1280.72097,0.02797
1278.79218,0.02798
1276.86338,0.02800
1274.93458,0.02828
1273.00579,0.02886
1271.07699,0.02932
1269.14820,0.02932
1267.21940,0.02904
1265.29060,0.02880
1263.36181,0.02878
1261.43301,0.02899
1259.50421,0.02905
1257.57542,0.02883
1255.64662,0.02868
1253.71782,0.02872
1251.78903,0.02883
1249.86023,0.02897
1247.93143,0.02916
1246.00264,0.02940
1244.07384,0.02961
1242.14504,0.02973
1240.21625,0.02978
1238.28745,0.02984
1236.35865,0.02993
1234.42986,0.03005
1232.50106,0.03023
1230.57226,0.03045
1228.64347,0.03075
1226.71467,0.03110
1224.78587,0.03136
1222.85708,0.03151
1220.92828,0.03171
1218.99948,0.03200
1217.07069,0.03231
1215.14189,0.03267
1213.21309,0.03314
1211.28430,0.03359
1209.35550,0.03404
1207.42670,0.03461
1205.49791,0.03529
1203.56911,0.03605
1201.64031,0.03694
1199.71152,0.03797
1197.78272,0.03916
1195.85392,0.04048
1193.92513,0.04195
1191.99633,0.04362
1190.06753,0.04559
1188.13874,0.04788
1186.20994,0.05036
1184.28114,0.05302
1182.35235,0.05603
1180.42355,0.05952
1178.49475,0.06345
1176.56596,0.06775
1174.63716,0.07230
1172.70836,0.07695
1170.77957,0.08173
1168.85077,0.08663
1166.92197,0.09143
1164.99318,0.09589
1163.06438,0.09976
1161.13558,0.10281
1159.20679,0.10482
1157.27799,0.10562
1155.34919,0.10518
1153.42040,0.10358
1151.49160,0.10088
1149.56280,0.09722
1147.63401,0.09287
1145.70521,0.08812
1143.77641,0.08323
1141.84762,0.07838
1139.91882,0.07374
1137.99002,0.06943
1136.06123,0.06546
1134.13243,0.06181
1132.20363,0.05852
1130.27484,0.05563
1128.34604,0.05305
1126.41724,0.05076
1124.48845,0.04877
1122.55965,0.04707
1120.63085,0.04559
1118.70206,0.04427
1116.77326,0.04313
1114.84446,0.04215
1112.91567,0.04132
1110.98687,0.04060
1109.05807,0.03999
1107.12928,0.03949
1105.20048,0.03906
1103.27168,0.03870
1101.34289,0.03845
1099.41409,0.03833
1097.48529,0.03836
1095.55650,0.03852
1093.62770,0.03879
1091.69890,0.03913
1089.77011,0.03951
1087.84131,0.03991
1085.91251,0.04030
1083.98372,0.04068
1082.05492,0.04106
1080.12612,0.04148
1078.19733,0.04193
1076.26853,0.04242
1074.33973,0.04294
1072.41094,0.04344
1070.48214,0.04385
1068.55334,0.04411
1066.62455,0.04424
1064.69575,0.04427
1062.76695,0.04419
1060.83816,0.04399
1058.90936,0.04368
1056.98056,0.04323
1055.05177,0.04269
1053.12297,0.04206
1051.19417,0.04135
1049.26538,0.04059
1047.33658,0.03984
1045.40778,0.03908
1043.47899,0.03833
1041.55019,0.03762
1039.62139,0.03695
1037.69260,0.03630
1035.76380,0.03567
1033.83500,0.03508
1031.90621,0.03454
1029.97741,0.03405
1028.04861,0.03358
1026.11982,0.03312
1024.19102,0.03265
1022.26222,0.03223
1020.33343,0.03187
1018.40463,0.03159
1016.47583,0.03138
1014.54704,0.03121
1012.61824,0.03106
1010.68944,0.03085
1008.76065,0.03050
1006.83185,0.02998
1004.90305,0.02936
1002.97426,0.02869
1001.04546,0.02804
999.11666,0.02749
997.18787,0.02704
995.25907,0.02668
993.33027,0.02635
991.40148,0.02602
989.47268,0.02571
987.54388,0.02543
985.61509,0.02512
983.68629,0.02478
981.75749,0.02444
979.82870,0.02413
977.89990,0.02386
975.97110,0.02360
974.04231,0.02333
972.11351,0.02307
970.18471,0.02279
968.25592,0.02246
966.32712,0.02207
964.39832,0.02168
962.46953,0.02130
960.54073,0.02092
958.61193,0.02053
956.68314,0.02016
954.75434,0.01983
952.82554,0.01953
950.89675,0.01924
948.96795,0.01893
947.03915,0.01856
945.11036,0.01817
943.18156,0.01782
941.25276,0.01750
939.32397,0.01717
937.39517,0.01682
935.46637,0.01642
933.53758,0.01599
931.60878,0.01554
929.67998,0.01509
927.75119,0.01465
925.82239,0.01419
923.89359,0.01373
921.96480,0.01327
920.03600,0.01279
918.10720,0.01228
916.17841,0.01178
914.24961,0.01132
912.32081,0.01091
910.39202,0.01049
908.46322,0.01005
906.53443,0.00959
904.60563,0.00915
902.67683,0.00874
900.74804,0.00835
898.81924,0.00796
896.89044,0.00758
894.96165,0.00720
893.03285,0.00673
891.10405,0.00622
889.17526,0.00575
887.24646,0.00531
885.31766,0.00484
883.38887,0.00434
881.46007,0.00385
879.53127,0.00340
877.60248,0.00300
875.67368,0.00259
873.74488,0.00214
871.81609,0.00177
869.88729,0.00150
867.95849,0.00123
866.02970,0.00090
864.10090,0.00052
862.17210,0.00019
860.24331,-0.00006
858.31451,-0.00025
856.38571,-0.00040
854.45692,-0.00056
852.52812,-0.00075
850.59932,-0.00094
848.67053,-0.00115
846.74173,-0.00131
844.81293,-0.00138
842.88414,-0.00145
840.95534,-0.00155
839.02654,-0.00168
837.09775,-0.00184
835.16895,-0.00198
833.24015,-0.00203
831.31136,-0.00205
829.38256,-0.00209
827.45376,-0.00216
825.52497,-0.00221
823.59617,-0.00224
821.66737,-0.00225
819.73858,-0.00225
817.80978,-0.00225
815.88098,-0.00220
813.95219,-0.00207
812.02339,-0.00184
810.09459,-0.00157
808.16580,-0.00129
806.23700,-0.00095
804.30820,-0.00057
802.37941,-0.00019
800.45061,0.00040
798.52181,0.00130
796.59302,0.00234
794.66422,0.00339
792.73542,0.00439
790.80663,0.00525
788.87783,0.00604
786.94903,0.00671
785.02024,0.00689
783.09144,0.00639
781.16264,0.00553
779.23385,0.00463
777.30505,0.00360
775.37625,0.00232
773.44746,0.00111
771.51866,0.00035
769.58986,-0.00017
767.66107,-0.00083
765.73227,-0.00151
763.80347,-0.00185
761.87468,-0.00184
759.94588,-0.00198
758.01708,-0.00227
756.08829,-0.00222
754.15949,-0.00191
752.23069,-0.00193
750.30190,-0.00218
748.37310,-0.00199
