3496.90832,0.02416
3494.97953,0.03314
3493.05073,0.03837
3491.12193,0.03517
3489.19314,0.02900
3487.26434,0.02449
3485.33554,0.02367
3483.40675,0.02807
3481.47795,0.03438
3479.54915,0.03821
3477.62036,0.03830
3475.69156,0.03367
3473.76276,0.02757
3471.83397,0.02835
3469.90517,0.03511
3467.97637,0.03748
3466.04758,0.03275
3464.11878,0.02677
3462.18998,0.02531
3460.26119,0.02933
3458.33239,0.03336
3456.40359,0.03473
3454.47480,0.03591
3452.54600,0.03812
3450.61721,0.03937
3448.68841,0.03789
3446.75961,0.03781
3444.83082,0.03615
3442.90202,0.02408
3440.97322,0.01145
3439.04443,0.00995
3437.11563,0.01492
3435.18683,0.02013
3433.25804,0.02184
3431.32924,0.01819
3429.40044,0.01207
3427.47165,0.00974
3425.54285,0.01203
3423.61405,0.01215
3421.68526,0.01058
3419.75646,0.01319
3417.82766,0.01611
3415.89887,0.01506
3413.97007,0.01491
3412.04127,0.01333
3410.11248,0.00594
3408.18368,0.00259
3406.25488,0.00673
3404.32609,0.01075
3402.39729,0.01039
3400.46849,0.00519
3398.53970,0.00266
3396.61090,0.00693
3394.68210,0.00986
3392.75331,0.00889
3390.82451,0.00830
3388.89571,0.00682
3386.96692,0.00320
3385.03812,0.00063
3383.10932,0.00064
3381.18053,0.00451
3379.25173,0.00903
3377.32293,0.01099
3375.39414,0.01596
3373.46534,0.02350
3371.53654,0.02807
3369.60775,0.03199
3367.67895,0.03563
3365.75015,0.03585
3363.82136,0.03506
3361.89256,0.03684
3359.96376,0.04003
3358.03497,0.04458
3356.10617,0.04756
3354.17737,0.04245
3352.24858,0.03494
3350.31978,0.03366
3348.39098,0.03478
3346.46219,0.03763
3344.53339,0.04364
3342.60459,0.04435
3340.67580,0.03637
3338.74700,0.02679
3336.81820,0.02030
3334.88941,0.01821
3332.96061,0.01740
3331.03181,0.01410
3329.10302,0.01518
3327.17422,0.02094
3325.24542,0.01853
3323.31663,0.01107
3321.38783,0.01282
3319.45903,0.02005
3317.53024,0.02155
3315.60144,0.01547
3313.67264,0.00816
3311.74385,0.00481
3309.81505,0.00207
3307.88625,-0.00095
3305.95746,-0.00153
3304.02866,-0.00224
3302.09986,-0.00558
3300.17107,-0.00949
3298.24227,-0.00643
3296.31347,0.00460
3294.38468,0.01211
3292.45588,0.01141
3290.52708,0.00861
3288.59829,0.00523
3286.66949,-0.00049
3284.74069,-0.00324
3282.81190,0.00121
3280.88310,0.00448
3278.95430,0.00074
3277.02551,-0.00470
3275.09671,-0.00815
3273.16791,-0.00906
3271.23912,-0.00612
3269.31032,-0.00259
3267.38152,-0.00407
3265.45273,-0.01015
3263.52393,-0.01542
3261.59513,-0.01703
3259.66634,-0.01496
3257.73754,-0.00839
3255.80874,0.00032
3253.87995,0.00331
3251.95115,0.00045
3250.02235,0.00060
3248.09356,0.00389
3246.16476,0.00418
3244.23596,0.00113
3242.30717,-0.00271
3240.37837,-0.00473
3238.44957,-0.00355
3236.52078,0.00173
3234.59198,0.00965
3232.66318,0.01332
3230.73439,0.01135
3228.80559,0.00929
3226.87679,0.00921
3224.94800,0.01306
3223.01920,0.02031
3221.09040,0.02429
3219.16161,0.02177
3217.23281,0.01707
3215.30401,0.01549
3213.37522,0.01625
3211.44642,0.01643
3209.51762,0.01808
3207.58883,0.02255
3205.66003,0.02422
3203.73123,0.01926
3201.80244,0.01241
3199.87364,0.00990
3197.94484,0.01281
3196.01605,0.01781
3194.08725,0.02069
3192.15845,0.02079
3190.22966,0.02209
3188.30086,0.02614
3186.37206,0.02855
3184.44327,0.02656
3182.51447,0.02186
3180.58567,0.01628
3178.65688,0.01200
3176.72808,0.01014
3174.79928,0.00918
3172.87049,0.00871
3170.94169,0.00905
3169.01289,0.00903
3167.08410,0.00733
3165.15530,0.00517
3163.22650,0.00495
3161.29771,0.00555
3159.36891,0.00579
3157.44011,0.00819
3155.51132,0.01144
3153.58252,0.01047
3151.65372,0.00571
3149.72493,0.00106
3147.79613,-0.00106
3145.86733,-0.00037
3143.93854,-0.00029
3142.00974,-0.00137
3140.08094,-0.00019
3138.15215,0.00217
3136.22335,0.00298
3134.29455,0.00293
3132.36576,0.00336
3130.43696,0.00320
3128.50816,0.00147
3126.57937,0.00116
3124.65057,0.00383
3122.72177,0.00551
3120.79298,0.00297
3118.86418,-0.00069
3116.93538,-0.00059
3115.00659,0.00132
3113.07779,0.00107
3111.14899,-0.00009
3109.22020,-0.00107
3107.29140,-0.00213
3105.36260,-0.00189
3103.43381,-0.00091
3101.50501,-0.00153
3099.57621,-0.00343
3097.64742,-0.00435
3095.71862,-0.00378
3093.78982,-0.00319
3091.86103,-0.00285
3089.93223,-0.00209
3088.00344,-0.00172
3086.07464,-0.00185
3084.14584,-0.00132
3082.21705,-0.00077
3080.28825,-0.00107
3078.35945,-0.00147
3076.43066,-0.00189
3074.50186,-0.00254
3072.57306,-0.00276
3070.64427,-0.00245
3068.71547,-0.00201
3066.78667,-0.00134
3064.85788,-0.00063
3062.92908,-0.00097
3061.00028,-0.00216
3059.07149,-0.00240
3057.14269,-0.00151
3055.21389,-0.00102
3053.28510,-0.00102
3051.35630,-0.00066
3049.42750,0.00010
3047.49871,0.00070
3045.56991,0.00056
3043.64111,-0.00007
3041.71232,-0.00038
3039.78352,-0.00068
3037.85472,-0.00104
3035.92593,-0.00060
3033.99713,-0.00002
3032.06833,-0.00063
3030.13954,-0.00145
3028.21074,-0.00121
3026.28194,-0.00049
3024.35315,-0.00018
3022.42435,-0.00051
3020.49555,-0.00107
3018.56676,-0.00081
3016.63796,0.00072
3014.70916,0.00246
3012.78037,0.00300
3010.85157,0.00223
3008.92277,0.00121
3006.99398,0.00109
3005.06518,0.00165
3003.13638,0.00175
3001.20759,0.00129
2999.27879,0.00124
2997.34999,0.00190
2995.42120,0.00207
2993.49240,0.00103
2991.56360,0.00012
2989.63481,0.00041
2987.70601,0.00124
2985.77721,0.00186
2983.84842,0.00206
2981.91962,0.00169
2979.99082,0.00133
2978.06203,0.00166
2976.13323,0.00212
2974.20443,0.00243
2972.27564,0.00269
2970.34684,0.00254
2968.41804,0.00213
2966.48925,0.00184
2964.56045,0.00182
2962.63165,0.00205
2960.70286,0.00209
2958.77406,0.00202
2956.84526,0.00241
2954.91647,0.00284
2952.98767,0.00289
2951.05887,0.00302
2949.13008,0.00344
2947.20128,0.00409
2945.27248,0.00475
2943.34369,0.00462
2941.41489,0.00361
2939.48609,0.00291
2937.55730,0.00290
2935.62850,0.00307
2933.69970,0.00353
2931.77091,0.00430
2929.84211,0.00466
2927.91331,0.00431
2925.98452,0.00392
2924.05572,0.00402
2922.12692,0.00431
2920.19813,0.00458
2918.26933,0.00492
2916.34053,0.00512
2914.41174,0.00509
2912.48294,0.00508
2910.55414,0.00503
2908.62535,0.00481
2906.69655,0.00457
2904.76775,0.00437
2902.83896,0.00417
2900.91016,0.00406
2898.98136,0.00431
2897.05257,0.00491
2895.12377,0.00541
2893.19497,0.00560
2891.26618,0.00545
2889.33738,0.00508
2887.40858,0.00502
2885.47979,0.00529
2883.55099,0.00539
2881.62219,0.00538
2879.69340,0.00557
2877.76460,0.00588
2875.83580,0.00620
2873.90701,0.00637
2871.97821,0.00613
2870.04941,0.00572
2868.12062,0.00560
2866.19182,0.00581
2864.26302,0.00634
2862.33423,0.00702
2860.40543,0.00760
2858.47663,0.00807
2856.54784,0.00834
2854.61904,0.00834
2852.69024,0.00836
2850.76145,0.00869
2848.83265,0.00901
2846.90385,0.00903
2844.97506,0.00914
2843.04626,0.00941
2841.11746,0.00956
2839.18867,0.00980
2837.25987,0.01026
2835.33107,0.01058
2833.40228,0.01035
2831.47348,0.00979
2829.54468,0.00961
2827.61589,0.00987
2825.68709,0.01015
2823.75829,0.01037
2821.82950,0.01043
2819.90070,0.01031
2817.97190,0.01033
2816.04311,0.01053
2814.11431,0.01071
2812.18551,0.01075
2810.25672,0.01051
2808.32792,0.01024
2806.39912,0.01039
2804.47033,0.01068
2802.54153,0.01066
2800.61273,0.01039
2798.68394,0.01024
2796.75514,0.01034
2794.82634,0.01043
2792.89755,0.01019
2790.96875,0.00972
2789.03995,0.00929
2787.11116,0.00906
2785.18236,0.00908
2783.25356,0.00918
2781.32477,0.00915
2779.39597,0.00904
2777.46717,0.00896
2775.53838,0.00898
2773.60958,0.00893
2771.68078,0.00869
2769.75199,0.00853
2767.82319,0.00855
2765.89439,0.00847
2763.96560,0.00822
2762.03680,0.00796
2760.10800,0.00780
2758.17921,0.00777
2756.25041,0.00789
2754.32161,0.00811
2752.39282,0.00829
2750.46402,0.00825
2748.53522,0.00799
2746.60643,0.00782
2744.67763,0.00786
2742.74883,0.00797
2740.82004,0.00814
2738.89124,0.00843
2736.96244,0.00866
2735.03365,0.00862
2733.10485,0.00835
2731.17605,0.00804
2729.24726,0.00792
2727.31846,0.00805
2725.38967,0.00816
2723.46087,0.00819
2721.53207,0.00832
2719.60328,0.00839
2717.67448,0.00832
2715.74568,0.00836
2713.81689,0.00842
2711.88809,0.00829
2709.95929,0.00814
2708.03050,0.00820
2706.10170,0.00840
2704.17290,0.00856
2702.24411,0.00853
2700.31531,0.00839
2698.38651,0.00833
2696.45772,0.00842
2694.52892,0.00845
2692.60012,0.00823
2690.67133,0.00799
2688.74253,0.00805
2686.81373,0.00830
2684.88494,0.00850
2682.95614,0.00844
2681.02734,0.00816
2679.09855,0.00801
2677.16975,0.00815
2675.24095,0.00830
2673.31216,0.00826
2671.38336,0.00819
2669.45456,0.00825
2667.52577,0.00829
2665.59697,0.00810
2663.66817,0.00775
2661.73938,0.00757
2659.81058,0.00765
2657.88178,0.00788
2655.95299,0.00808
2654.02419,0.00820
2652.09539,0.00824
2650.16660,0.00824
2648.23780,0.00826
2646.30900,0.00840
2644.38021,0.00867
2642.45141,0.00890
2640.52261,0.00893
2638.59382,0.00883
2636.66502,0.00875
2634.73622,0.00879
2632.80743,0.00897
2630.87863,0.00915
2628.94983,0.00916
2627.02104,0.00930
2625.09224,0.00989
2623.16344,0.01051
2621.23465,0.01063
2619.30585,0.01036
2617.37705,0.01022
2615.44826,0.01040
2613.51946,0.01065
2611.59066,0.01069
2609.66187,0.01058
2607.73307,0.01059
2605.80427,0.01066
2603.87548,0.01080
2601.94668,0.01128
2600.01788,0.01173
2598.08909,0.01182
2596.16029,0.01186
2594.23149,0.01193
2592.30270,0.01179
2590.37390,0.01139
2588.44510,0.01101
2586.51631,0.01095
2584.58751,0.01122
2582.65871,0.01154
2580.72992,0.01148
2578.80112,0.01106
2576.87232,0.01075
2574.94353,0.01082
2573.01473,0.01096
2571.08593,0.01104
2569.15714,0.01108
2567.22834,0.01094
2565.29954,0.01069
2563.37075,0.01054
2561.44195,0.01055
2559.51315,0.01063
2557.58436,0.01057
2555.65556,0.01046
2553.72676,0.01042
2551.79797,0.01055
2549.86917,0.01074
2547.94037,0.01090
2546.01158,0.01121
2544.08278,0.01161
2542.15398,0.01192
2540.22519,0.01209
2538.29639,0.01193
2536.36759,0.01146
2534.43880,0.01108
2532.51000,0.01099
2530.58120,0.01095
2528.65241,0.01102
2526.72361,0.01126
2524.79481,0.01116
2522.86602,0.01074
2520.93722,0.01066
2519.00842,0.01098
2517.07963,0.01103
2515.15083,0.01079
2513.22203,0.01076
2511.29324,0.01095
2509.36444,0.01099
2507.43564,0.01077
2505.50685,0.01056
2503.57805,0.01052
2501.64925,0.01061
2499.72046,0.01081
2497.79166,0.01095
2495.86286,0.01074
2493.93407,0.01028
2492.00527,0.01018
2490.07647,0.01064
2488.14768,0.01107
2486.21888,0.01094
2484.29008,0.01044
2482.36129,0.01014
2480.43249,0.01031
2478.50369,0.01062
2476.57490,0.01055
2474.64610,0.01026
2472.71730,0.01016
2470.78851,0.01011
2468.85971,0.00986
2466.93091,0.00975
2465.00212,0.01005
2463.07332,0.01030
2461.14452,0.01033
2459.21573,0.01042
2457.28693,0.01022
2455.35813,0.00975
2453.42934,0.00966
2451.50054,0.00980
2449.57174,0.00957
2447.64295,0.00927
2445.71415,0.00931
2443.78535,0.00937
2441.85656,0.00915
2439.92776,0.00894
2437.99896,0.00905
2436.07017,0.00931
2434.14137,0.00943
2432.21257,0.00932
2430.28378,0.00907
2428.35498,0.00892
2426.42618,0.00880
2424.49739,0.00841
2422.56859,0.00796
2420.63979,0.00782
2418.71100,0.00791
2416.78220,0.00793
2414.85340,0.00777
2412.92461,0.00748
2410.99581,0.00733
2409.06701,0.00728
2407.13822,0.00693
2405.20942,0.00639
2403.28062,0.00608
2401.35183,0.00605
2399.42303,0.00599
2397.49423,0.00583
2395.56544,0.00570
2393.63664,0.00556
2391.70784,0.00525
2389.77905,0.00507
2387.85025,0.00557
2385.92145,0.00687
2383.99266,0.00888
2382.06386,0.01162
2380.13506,0.01501
2378.20627,0.01872
2376.27747,0.02265
2374.34867,0.02713
2372.41988,0.03216
2370.49108,0.03720
2368.56228,0.04158
2366.63349,0.04488
2364.70469,0.04774
2362.77589,0.05075
2360.84710,0.05270
2358.91830,0.05163
2356.98951,0.04757
2355.06071,0.04228
2353.13191,0.03668
2351.20312,0.03131
2349.27432,0.02811
2347.34552,0.02872
2345.41673,0.03228
2343.48793,0.03518
2341.55913,0.03569
2339.63034,0.03516
2337.70154,0.03423
2335.77274,0.03305
2333.84395,0.03243
2331.91515,0.03266
2329.98635,0.03246
2328.05756,0.03111
2326.12876,0.02976
2324.19996,0.02917
2322.27117,0.02845
2320.34237,0.02675
2318.41357,0.02442
2316.48478,0.02241
2314.55598,0.02140
2312.62718,0.02094
2310.69839,0.01988
2308.76959,0.01803
2306.84079,0.01621
2304.91200,0.01502
2302.98320,0.01428
2301.05440,0.01354
2299.12561,0.01275
2297.19681,0.01190
2295.26801,0.01104
2293.33922,0.01049
2291.41042,0.01027
2289.48162,0.00997
2287.55283,0.00961
2285.62403,0.00961
2283.69523,0.01004
2281.76644,0.01076
2279.83764,0.01150
2277.90884,0.01195
2275.98005,0.01239
2274.05125,0.01307
2272.12245,0.01353
2270.19366,0.01345
2268.26486,0.01348
2266.33606,0.01413
2264.40727,0.01480
2262.47847,0.01469
2260.54967,0.01415
2258.62088,0.01474
2256.69208,0.01690
2254.76328,0.01890
2252.83449,0.01933
2250.90569,0.01830
2248.97689,0.01716
2247.04810,0.01726
2245.11930,0.01821
2243.19050,0.01885
2241.26171,0.01896
2239.33291,0.01938
2237.40411,0.02086
2235.47532,0.02268
2233.54652,0.02350
2231.61772,0.02339
2229.68893,0.02324
2227.76013,0.02347
2225.83133,0.02383
2223.90254,0.02370
2221.97374,0.02353
2220.04494,0.02484
2218.11615,0.02701
2216.18735,0.02824
2214.25855,0.02881
2212.32976,0.02921
2210.40096,0.02900
2208.47216,0.02867
2206.54337,0.02897
2204.61457,0.03026
2202.68577,0.03195
2200.75698,0.03258
2198.82818,0.03203
2196.89938,0.03131
2194.97059,0.03092
2193.04179,0.03153
2191.11299,0.03342
2189.18420,0.03517
2187.25540,0.03584
2185.32660,0.03691
2183.39781,0.03936
2181.46901,0.04190
2179.54021,0.04369
2177.61142,0.04483
2175.68262,0.04461
2173.75382,0.04295
2171.82503,0.04148
2169.89623,0.04178
2167.96743,0.04331
2166.03864,0.04579
2164.10984,0.05073
2162.18104,0.05631
2160.25225,0.05888
2158.32345,0.05674
2156.39465,0.05023
2154.46586,0.04344
2152.53706,0.03895
2150.60826,0.03567
2148.67947,0.03231
2146.75067,0.02874
2144.82187,0.02515
2142.89308,0.02152
2140.96428,0.01914
2139.03548,0.01862
2137.10669,0.01778
2135.17789,0.01555
2133.24909,0.01313
2131.32030,0.01131
2129.39150,0.00984
2127.46270,0.00854
2125.53391,0.00778
2123.60511,0.00764
2121.67631,0.00750
2119.74752,0.00701
2117.81872,0.00655
2115.88992,0.00657
2113.96113,0.00671
2112.03233,0.00622
2110.10353,0.00540
2108.17474,0.00516
2106.24594,0.00561
2104.31714,0.00627
2102.38835,0.00674
2100.45955,0.00661
2098.53075,0.00599
2096.60196,0.00584
2094.67316,0.00648
2092.74436,0.00698
2090.81557,0.00682
2088.88677,0.00607
2086.95797,0.00554
2085.02918,0.00606
2083.10038,0.00707
2081.17158,0.00770
2079.24279,0.00810
2077.31399,0.00858
2075.38519,0.00876
2073.45640,0.00891
2071.52760,0.00958
2069.59880,0.00993
2067.67001,0.00968
2065.74121,0.00959
2063.81241,0.00968
2061.88362,0.00947
2059.95482,0.00961
2058.02602,0.01072
2056.09723,0.01138
2054.16843,0.01109
2052.23963,0.01133
2050.31084,0.01265
2048.38204,0.01469
2046.45324,0.01730
2044.52445,0.01964
2042.59565,0.02069
2040.66685,0.02086
2038.73806,0.02084
2036.80926,0.02067
2034.88046,0.02066
2032.95167,0.02148
2031.02287,0.02245
2029.09407,0.02242
2027.16528,0.02276
2025.23648,0.02388
2023.30768,0.02351
2021.37889,0.02183
2019.45009,0.02125
2017.52129,0.02169
2015.59250,0.02118
2013.66370,0.01957
2011.73490,0.01853
2009.80611,0.01876
2007.87731,0.01860
2005.94851,0.01670
2004.01972,0.01417
2002.09092,0.01259
2000.16212,0.01221
1998.23333,0.01266
1996.30453,0.01416
1994.37574,0.01598
1992.44694,0.01632
1990.51814,0.01466
1988.58935,0.01265
1986.66055,0.01212
1984.73175,0.01346
1982.80296,0.01590
1980.87416,0.01733
1978.94536,0.01675
1977.01657,0.01582
1975.08777,0.01483
1973.15897,0.01308
1971.23018,0.01214
1969.30138,0.01305
1967.37258,0.01406
1965.44379,0.01336
1963.51499,0.01092
1961.58619,0.00784
1959.65740,0.00577
1957.72860,0.00506
1955.79980,0.00460
1953.87101,0.00400
1951.94221,0.00381
1950.01341,0.00437
1948.08462,0.00529
1946.15582,0.00587
1944.22702,0.00593
1942.29823,0.00482
1940.36943,0.00272
1938.44063,0.00153
1936.51184,0.00126
1934.58304,0.00067
1932.65424,-0.00006
1930.72545,-0.00041
1928.79665,-0.00056
1926.86785,-0.00035
1924.93906,0.00073
1923.01026,0.00169
1921.08146,0.00170
1919.15267,0.00155
1917.22387,0.00079
1915.29507,-0.00062
1913.36628,-0.00098
1911.43748,-0.00009
1909.50868,0.00042
1907.57989,-0.00034
1905.65109,-0.00150
1903.72229,-0.00218
1901.79350,-0.00260
1899.86470,-0.00302
1897.93590,-0.00304
1896.00711,-0.00255
1894.07831,-0.00232
1892.14951,-0.00205
1890.22072,-0.00143
1888.29192,-0.00175
1886.36312,-0.00273
1884.43433,-0.00308
1882.50553,-0.00312
1880.57673,-0.00337
1878.64794,-0.00378
1876.71914,-0.00399
1874.79034,-0.00370
1872.86155,-0.00225
1870.93275,0.00085
1869.00395,0.00328
1867.07516,0.00192
1865.14636,-0.00119
1863.21756,-0.00293
1861.28877,-0.00335
1859.35997,-0.00349
1857.43117,-0.00382
1855.50238,-0.00425
1853.57358,-0.00445
1851.64478,-0.00411
1849.71599,-0.00287
1847.78719,-0.00071
1845.85839,0.00182
1843.92960,0.00216
1842.00080,-0.00062
1840.07200,-0.00291
1838.14321,-0.00334
1836.21441,-0.00330
1834.28561,-0.00300
1832.35682,-0.00093
1830.42802,0.00180
1828.49922,0.00213
1826.57043,0.00118
1824.64163,0.00011
1822.71283,-0.00176
1820.78404,-0.00322
1818.85524,-0.00349
1816.92644,-0.00352
1814.99765,-0.00332
1813.06885,-0.00206
1811.14005,-0.00082
1809.21126,-0.00130
1807.28246,-0.00263
1805.35366,-0.00278
1803.42487,-0.00105
1801.49607,0.00093
1799.56727,0.00094
1797.63848,0.00005
1795.70968,0.00072
1793.78088,0.00306
1791.85209,0.00364
1789.92329,0.00051
1787.99449,-0.00215
1786.06570,-0.00235
1784.13690,-0.00161
1782.20810,-0.00079
1780.27931,-0.00040
1778.35051,-0.00070
1776.42171,0.00016
1774.49292,0.00346
1772.56412,0.00668
1770.63532,0.00585
1768.70653,0.00249
1766.77773,-0.00059
1764.84893,-0.00151
1762.92014,-0.00017
1760.99134,0.00068
1759.06254,0.00037
1757.13375,-0.00000
1755.20495,-0.00045
1753.27615,0.00105
1751.34736,0.00540
1749.41856,0.00813
1747.48976,0.00665
1745.56097,0.00435
1743.63217,0.00324
1741.70337,0.00294
1739.77458,0.00238
1737.84578,0.00226
1735.91698,0.00499
1733.98819,0.00848
1732.05939,0.00656
1730.13059,0.00206
1728.20180,-0.00164
1726.27300,-0.00330
1724.34420,-0.00272
1722.41541,-0.00098
1720.48661,0.00319
1718.55781,0.01063
1716.62902,0.01489
1714.70022,0.01161
1712.77142,0.00742
1710.84263,0.00657
1708.91383,0.00952
1706.98503,0.01539
1705.05624,0.02130
1703.12744,0.02665
1701.19864,0.03535
1699.26985,0.04536
1697.34105,0.05154
1695.41225,0.05601
1693.48346,0.06056
1691.55466,0.06885
1689.62586,0.08246
1687.69707,0.09811
1685.76827,0.11760
1683.83947,0.14155
1681.91068,0.15569
1679.98188,0.16418
1678.05308,0.17567
1676.12429,0.19175
1674.19549,0.20918
1672.26669,0.22385
1670.33790,0.23779
1668.40910,0.24786
1666.48030,0.25232
1664.55151,0.25780
1662.62271,0.26415
1660.69391,0.26657
1658.76512,0.26746
1656.83632,0.27162
1654.90752,0.28052
1652.97873,0.28625
1651.04993,0.28247
1649.12113,0.28306
1647.19234,0.28873
1645.26354,0.29158
1643.33474,0.29401
1641.40595,0.30231
1639.47715,0.31693
1637.54835,0.33824
1635.61956,0.36454
1633.69076,0.38341
1631.76197,0.39706
1629.83317,0.41469
1627.90437,0.43514
1625.97558,0.45274
1624.04678,0.46621
1622.11798,0.47378
1620.18919,0.47629
1618.26039,0.47831
1616.33159,0.47741
1614.40280,0.47240
1612.47400,0.46967
1610.54520,0.47121
1608.61641,0.47574
1606.68761,0.48205
1604.75881,0.49076
1602.83002,0.50170
1600.90122,0.51289
1598.97242,0.52325
1597.04363,0.53246
1595.11483,0.53910
1593.18603,0.54099
1591.25724,0.53781
1589.32844,0.52988
1587.39964,0.51754
1585.47085,0.50144
1583.54205,0.48204
1581.61325,0.46107
1579.68446,0.44193
1577.75566,0.42230
1575.82686,0.39366
1573.89807,0.36551
1571.96927,0.34575
1570.04047,0.32505
1568.11168,0.30109
1566.18288,0.28041
1564.25408,0.26406
1562.32529,0.25439
1560.39649,0.24995
1558.46769,0.23477
1556.53890,0.21196
1554.61010,0.19531
1552.68130,0.18262
1550.75251,0.17236
1548.82371,0.16319
1546.89491,0.15746
1544.96612,0.15659
1543.03732,0.15792
1541.10852,0.15601
1539.17973,0.14331
1537.25093,0.13054
1535.32213,0.12529
1533.39334,0.12168
1531.46454,0.11572
1529.53574,0.11204
1527.60695,0.11192
1525.67815,0.11236
1523.74935,0.11304
1521.82056,0.11299
1519.89176,0.10982
1517.96296,0.10604
1516.03417,0.10143
1514.10537,0.09656
1512.17657,0.09582
1510.24778,0.10110
1508.31898,0.10964
1506.39018,0.10818
1504.46139,0.09729
1502.53259,0.09259
1500.60379,0.09461
1498.67500,0.10008
1496.74620,0.10452
1494.81740,0.10667
1492.88861,0.11177
1490.95981,0.12315
1489.03101,0.13558
1487.10222,0.14242
1485.17342,0.14829
1483.24462,0.15803
1481.31583,0.17154
1479.38703,0.18672
1477.45823,0.20395
1475.52944,0.22417
1473.60064,0.24486
1471.67184,0.25970
1469.74305,0.26735
1467.81425,0.27524
1465.88545,0.28592
1463.95666,0.29397
1462.02786,0.29794
1460.09906,0.30305
1458.17027,0.30764
1456.24147,0.29943
1454.31267,0.28315
1452.38388,0.26883
1450.45508,0.25582
1448.52628,0.24157
1446.59749,0.22448
1444.66869,0.20737
1442.73989,0.19207
1440.81110,0.17936
1438.88230,0.16972
1436.95350,0.15891
1435.02471,0.14494
1433.09591,0.13343
1431.16711,0.12465
1429.23832,0.11571
1427.30952,0.10764
1425.38072,0.10201
1423.45193,0.09762
1421.52313,0.09465
1419.59433,0.09272
1417.66554,0.08729
1415.73674,0.07935
1413.80794,0.07349
1411.87915,0.06988
1409.95035,0.06691
1408.02155,0.06471
1406.09276,0.06347
1404.16396,0.06146
1402.23516,0.05940
1400.30637,0.05947
1398.37757,0.06048
1396.44877,0.05997
1394.51998,0.05685
1392.59118,0.05235
1390.66238,0.04996
1388.73359,0.05016
1386.80479,0.04944
1384.87599,0.04648
1382.94720,0.04409
1381.01840,0.04338
1379.08960,0.04348
1377.16081,0.04433
1375.23201,0.04541
1373.30321,0.04442
1371.37442,0.04190
1369.44562,0.04026
1367.51682,0.03951
1365.58803,0.04008
1363.65923,0.04198
1361.73043,0.04182
1359.80164,0.03901
1357.87284,0.03685
1355.94404,0.03611
1354.01525,0.03561
1352.08645,0.03503
1350.15765,0.03467
1348.22886,0.03434
1346.30006,0.03398
1344.37126,0.03422
1342.44247,0.03609
1340.51367,0.03901
1338.58487,0.03969
1336.65608,0.03739
1334.72728,0.03503
1332.79848,0.03402
1330.86969,0.03377
1328.94089,0.03353
1327.01209,0.03317
1325.08330,0.03287
1323.15450,0.03287
1321.22570,0.03336
1319.29691,0.03382
1317.36811,0.03354
1315.43931,0.03292
1313.51052,0.03236
1311.58172,0.03155
1309.65292,0.03076
1307.72413,0.03034
1305.79533,0.03008
1303.86653,0.02989
1301.93774,0.02978
1300.00894,0.02977
1298.08014,0.02984
1296.15135,0.02987
1294.22255,0.02984
1292.29375,0.02992
1290.36496,0.03020
1288.43616,0.03039
1286.50736,0.03025
1284.57857,0.02997
1282.64977,0.02986
1280.72097,0.02991
1278.79218,0.02996
1276.86338,0.03004
1274.93458,0.03028
1273.00579,0.03070
1271.07699,0.03102
1269.14820,0.03102
1267.21940,0.03084
1265.29060,0.03068
1263.36181,0.03066
1261.43301,0.03077
1259.50421,0.03076
1257.57542,0.03054
1255.64662,0.03039
1253.71782,0.03040
1251.78903,0.03046
1249.86023,0.03055
1247.93143,0.03067
1246.00264,0.03082
1244.07384,0.03097
1242.14504,0.03107
1240.21625,0.03114
1238.28745,0.03122
1236.35865,0.03131
1234.42986,0.03145
1232.50106,0.03163
1230.57226,0.03185
1228.64347,0.03214
1226.71467,0.03246
1224.78587,0.03276
1222.85708,0.03304
1220.92828,0.03337
1218.99948,0.03378
1217.07069,0.03423
1215.14189,0.03474
1213.21309,0.03535
1211.28430,0.03600
1209.35550,0.03667
1207.42670,0.03745
1205.49791,0.03837
1203.56911,0.03939
1201.64031,0.04054
1199.71152,0.04186
1197.78272,0.04335
1195.85392,0.04502
1193.92513,0.04690
1191.99633,0.04901
1190.06753,0.05141
1188.13874,0.05413
1186.20994,0.05714
1184.28114,0.06046
1182.35235,0.06419
1180.42355,0.06840
1178.49475,0.07310
1176.56596,0.07821
1174.63716,0.08364
1172.70836,0.08925
1170.77957,0.09503
1168.85077,0.10093
1166.92197,0.10670
1164.99318,0.11204
1163.06438,0.11669
1161.13558,0.12039
1159.20679,0.12287
1157.27799,0.12393
1155.34919,0.12354
1153.42040,0.12174
1151.49160,0.11861
1149.56280,0.11433
1147.63401,0.10919
1145.70521,0.10355
1143.77641,0.09772
1141.84762,0.09193
1139.91882,0.08637
1137.99002,0.08118
1136.06123,0.07637
1134.13243,0.07194
1132.20363,0.06795
1130.27484,0.06445
1128.34604,0.06133
1126.41724,0.05855
1124.48845,0.05609
1122.55965,0.05392
1120.63085,0.05204
1118.70206,0.05038
1116.77326,0.04890
1114.84446,0.04762
1112.91567,0.04652
1110.98687,0.04558
1109.05807,0.04479
1107.12928,0.04410
1105.20048,0.04349
1103.27168,0.04297
1101.34289,0.04258
1099.41409,0.04230
1097.48529,0.04210
1095.55650,0.04199
1093.62770,0.04201
1091.69890,0.04212
1089.77011,0.04230
1087.84131,0.04257
1085.91251,0.04293
1083.98372,0.04335
1082.05492,0.04382
1080.12612,0.04436
1078.19733,0.04493
1076.26853,0.04551
1074.33973,0.04609
1072.41094,0.04661
1070.48214,0.04704
1068.55334,0.04736
1066.62455,0.04758
1064.69575,0.04767
1062.76695,0.04764
1060.83816,0.04745
1058.90936,0.04708
1056.98056,0.04657
1055.05177,0.04599
1053.12297,0.04535
1051.19417,0.04467
1049.26538,0.04394
1047.33658,0.04323
1045.40778,0.04253
1043.47899,0.04181
1041.55019,0.04111
1039.62139,0.04041
1037.69260,0.03972
1035.76380,0.03902
1033.83500,0.03835
1031.90621,0.03773
1029.97741,0.03716
1028.04861,0.03661
1026.11982,0.03607
1024.19102,0.03554
1022.26222,0.03506
1020.33343,0.03466
1018.40463,0.03434
1016.47583,0.03409
1014.54704,0.03390
1012.61824,0.03375
1010.68944,0.03356
1008.76065,0.03323
1006.83185,0.03271
1004.90305,0.03203
1002.97426,0.03127
1001.04546,0.03055
999.11666,0.02995
997.18787,0.02948
995.25907,0.02910
993.33027,0.02875
991.40148,0.02838
989.47268,0.02801
987.54388,0.02762
985.61509,0.02719
983.68629,0.02671
981.75749,0.02624
979.82870,0.02577
977.89990,0.02531
975.97110,0.02483
974.04231,0.02435
972.11351,0.02389
970.18471,0.02346
968.25592,0.02301
966.32712,0.02256
964.39832,0.02214
962.46953,0.02174
960.54073,0.02135
958.61193,0.02096
956.68314,0.02059
954.75434,0.02025
952.82554,0.01994
950.89675,0.01961
948.96795,0.01925
947.03915,0.01886
945.11036,0.01845
943.18156,0.01805
941.25276,0.01766
939.32397,0.01726
937.39517,0.01683
935.46637,0.01636
933.53758,0.01586
931.60878,0.01532
929.67998,0.01477
927.75119,0.01421
925.82239,0.01366
923.89359,0.01313
921.96480,0.01256
920.03600,0.01195
918.10720,0.01135
916.17841,0.01076
914.24961,0.01020
912.32081,0.00967
910.39202,0.00915
908.46322,0.00863
906.53443,0.00812
904.60563,0.00762
902.67683,0.00714
900.74804,0.00667
898.81924,0.00620
896.89044,0.00574
894.96165,0.00527
893.03285,0.00471
891.10405,0.00410
889.17526,0.00351
887.24646,0.00298
885.31766,0.00244
883.38887,0.00187
881.46007,0.00126
879.53127,0.00068
877.60248,0.00017
875.67368,-0.00031
873.74488,-0.00081
871.81609,-0.00126
869.88729,-0.00165
867.95849,-0.00201
866.02970,-0.00243
864.10090,-0.00288
862.17210,-0.00329
860.24331,-0.00361
858.31451,-0.00380
856.38571,-0.00398
854.45692,-0.00425
852.52812,-0.00457
850.59932,-0.00479
848.67053,-0.00494
846.74173,-0.00512
844.81293,-0.00534
842.88414,-0.00553
840.95534,-0.00565
839.02654,-0.00578
837.09775,-0.00598
835.16895,-0.00619
833.24015,-0.00636
831.31136,-0.00650
829.38256,-0.00656
827.45376,-0.00651
825.52497,-0.00645
823.59617,-0.00648
821.66737,-0.00659
819.73858,-0.00662
817.80978,-0.00654
815.88098,-0.00644
813.95219,-0.00629
812.02339,-0.00606
810.09459,-0.00585
808.16580,-0.00557
806.23700,-0.00508
804.30820,-0.00452
802.37941,-0.00400
800.45061,-0.00326
798.52181,-0.00228
796.59302,-0.00119
794.66422,0.00007
792.73542,0.00135
790.80663,0.00241
788.87783,0.00337
786.94903,0.00424
785.02024,0.00465
783.09144,0.00427
781.16264,0.00323
779.23385,0.00188
777.30505,0.00030
775.37625,-0.00152
773.44746,-0.00320
771.51866,-0.00442
769.58986,-0.00536
767.66107,-0.00620
765.73227,-0.00688
763.80347,-0.00732
761.87468,-0.00761
759.94588,-0.00789
758.01708,-0.00797
756.08829,-0.00769
754.15949,-0.00747
752.23069,-0.00768
750.30190,-0.00798
748.37310,-0.00787
