3496.90832,0.03279
3494.97953,0.03506
3493.05073,0.03715
3491.12193,0.04003
3489.19314,0.04460
3487.26434,0.04543
3485.33554,0.04606
3483.40675,0.05444
3481.47795,0.06098
3479.54915,0.05660
3477.62036,0.04933
3475.69156,0.04402
3473.76276,0.04014
3471.83397,0.04161
3469.90517,0.04717
3467.97637,0.05002
3466.04758,0.05083
3464.11878,0.05326
3462.18998,0.05364
3460.26119,0.05024
3458.33239,0.04988
3456.40359,0.05381
3454.47480,0.05243
3452.54600,0.04526
3450.61721,0.04305
3448.68841,0.04522
3446.75961,0.04580
3444.83082,0.04348
3442.90202,0.03567
3440.97322,0.03073
3439.04443,0.03662
3437.11563,0.04120
3435.18683,0.03783
3433.25804,0.03405
3431.32924,0.03316
3429.40044,0.03234
3427.47165,0.03150
3425.54285,0.03008
3423.61405,0.02727
3421.68526,0.02861
3419.75646,0.03379
3417.82766,0.03482
3415.89887,0.03196
3413.97007,0.03056
3412.04127,0.02696
3410.11248,0.01737
3408.18368,0.01236
3406.25488,0.01673
3404.32609,0.02051
3402.39729,0.01959
3400.46849,0.01844
3398.53970,0.02188
3396.61090,0.03149
3394.68210,0.04293
3392.75331,0.04635
3390.82451,0.03795
3388.89571,0.02836
3386.96692,0.02603
3385.03812,0.02837
3383.10932,0.02983
3381.18053,0.02791
3379.25173,0.02564
3377.32293,0.02890
3375.39414,0.03686
3373.46534,0.04104
3371.53654,0.04074
3369.60775,0.04200
3367.67895,0.04326
3365.75015,0.04241
3363.82136,0.04222
3361.89256,0.04353
3359.96376,0.04684
3358.03497,0.05373
3356.10617,0.05593
3354.17737,0.04622
3352.24858,0.03793
3350.31978,0.03975
3348.39098,0.04287
3346.46219,0.04600
3344.53339,0.05019
3342.60459,0.04915
3340.67580,0.04622
3338.74700,0.04912
3336.81820,0.05056
3334.88941,0.04231
3332.96061,0.03483
3331.03181,0.03747
3329.10302,0.04492
3327.17422,0.04862
3325.24542,0.04518
3323.31663,0.03881
3321.38783,0.03642
3319.45903,0.03629
3317.53024,0.03236
3315.60144,0.02613
3313.67264,0.02312
3311.74385,0.02229
3309.81505,0.01815
3307.88625,0.01358
3305.95746,0.01580
3304.02866,0.02208
3302.09986,0.02280
3300.17107,0.01495
3298.24227,0.00898
3296.31347,0.01343
3294.38468,0.01948
3292.45588,0.01796
3290.52708,0.01418
3288.59829,0.01387
3286.66949,0.01457
3284.74069,0.01601
3282.81190,0.01974
3280.88310,0.02223
3278.95430,0.02263
3277.02551,0.02112
3275.09671,0.01588
3273.16791,0.01074
3271.23912,0.01040
3269.31032,0.01007
3267.38152,0.00548
3265.45273,0.00236
3263.52393,0.00418
3261.59513,0.01047
3259.66634,0.01891
3257.73754,0.02308
3255.80874,0.02620
3253.87995,0.03266
3251.95115,0.03443
3250.02235,0.02910
3248.09356,0.02358
3246.16476,0.02213
3244.23596,0.02283
3242.30717,0.01946
3240.37837,0.01348
3238.44957,0.01440
3236.52078,0.02283
3234.59198,0.02749
3232.66318,0.02408
3230.73439,0.01991
3228.80559,0.01969
3226.87679,0.02113
3224.94800,0.02471
3223.01920,0.03094
3221.09040,0.03428
3219.16161,0.03285
3217.23281,0.03107
3215.30401,0.03132
3213.37522,0.03286
3211.44642,0.03583
3209.51762,0.03908
3207.58883,0.03849
3205.66003,0.03407
3203.73123,0.02881
3201.80244,0.02515
3199.87364,0.02500
3197.94484,0.02646
3196.01605,0.02870
3194.08725,0.03198
3192.15845,0.03267
3190.22966,0.02901
3188.30086,0.02549
3186.37206,0.02793
3184.44327,0.03223
3182.51447,0.03103
3180.58567,0.02989
3178.65688,0.03317
3176.72808,0.03394
3174.79928,0.03076
3172.87049,0.02926
3170.94169,0.02901
3169.01289,0.02663
3167.08410,0.02315
3165.15530,0.02089
3163.22650,0.01924
3161.29771,0.01805
3159.36891,0.02090
3157.44011,0.02694
3155.51132,0.02852
3153.58252,0.02474
3151.65372,0.02136
3149.72493,0.01909
3147.79613,0.01715
3145.86733,0.01809
3143.93854,0.01961
3142.00974,0.01780
3140.08094,0.01672
3138.15215,0.01935
3136.22335,0.02126
3134.29455,0.01971
3132.36576,0.01762
3130.43696,0.01733
3128.50816,0.01743
3126.57937,0.01703
3124.65057,0.01755
3122.72177,0.01884
3120.79298,0.01931
3118.86418,0.01899
3116.93538,0.01871
3115.00659,0.01762
3113.07779,0.01513
3111.14899,0.01367
3109.22020,0.01491
3107.29140,0.01667
3105.36260,0.01732
3103.43381,0.01750
3101.50501,0.01676
3099.57621,0.01485
3097.64742,0.01343
3095.71862,0.01331
3093.78982,0.01333
3091.86103,0.01292
3089.93223,0.01334
3088.00344,0.01445
3086.07464,0.01506
3084.14584,0.01570
3082.21705,0.01583
3080.28825,0.01432
3078.35945,0.01293
3076.43066,0.01282
3074.50186,0.01329
3072.57306,0.01441
3070.64427,0.01555
3068.71547,0.01561
3066.78667,0.01569
3064.85788,0.01678
3062.92908,0.01687
3061.00028,0.01488
3059.07149,0.01355
3057.14269,0.01417
3055.21389,0.01471
3053.28510,0.01469
3051.35630,0.01519
3049.42750,0.01585
3047.49871,0.01570
3045.56991,0.01497
3043.64111,0.01430
3041.71232,0.01412
3039.78352,0.01443
3037.85472,0.01506
3035.92593,0.01631
3033.99713,0.01750
3032.06833,0.01727
3030.13954,0.01651
3028.21074,0.01658
3026.28194,0.01654
3024.35315,0.01565
3022.42435,0.01509
3020.49555,0.01559
3018.56676,0.01659
3016.63796,0.01757
3014.70916,0.01816
3012.78037,0.01812
3010.85157,0.01753
3008.92277,0.01692
3006.99398,0.01700
3005.06518,0.01745
3003.13638,0.01715
3001.20759,0.01661
2999.27879,0.01712
2997.34999,0.01824
2995.42120,0.01831
2993.49240,0.01716
2991.56360,0.01656
2989.63481,0.01717
2987.70601,0.01784
2985.77721,0.01848
2983.84842,0.01925
2981.91962,0.01944
2979.99082,0.01910
2978.06203,0.01854
2976.13323,0.01785
2974.20443,0.01779
2972.27564,0.01855
2970.34684,0.01900
2968.41804,0.01879
2966.48925,0.01873
2964.56045,0.01897
2962.63165,0.01878
2960.70286,0.01806
2958.77406,0.01774
2956.84526,0.01811
2954.91647,0.01827
2952.98767,0.01810
2951.05887,0.01852
2949.13008,0.01963
2947.20128,0.02041
2945.27248,0.02039
2943.34369,0.01983
2941.41489,0.01920
2939.48609,0.01890
2937.55730,0.01893
2935.62850,0.01940
2933.69970,0.02032
2931.77091,0.02095
2929.84211,0.02051
2927.91331,0.01971
2925.98452,0.01992
2924.05572,0.02068
2922.12692,0.02077
2920.19813,0.02057
2918.26933,0.02088
2916.34053,0.02134
2914.41174,0.02146
2912.48294,0.02148
2910.55414,0.02150
2908.62535,0.02127
2906.69655,0.02072
2904.76775,0.02016
2902.83896,0.02002
2900.91016,0.02022
2898.98136,0.02053
2897.05257,0.02089
2895.12377,0.02126
2893.19497,0.02163
2891.26618,0.02171
2889.33738,0.02151
2887.40858,0.02135
2885.47979,0.02116
2883.55099,0.02082
2881.62219,0.02079
2879.69340,0.02138
2877.76460,0.02213
2875.83580,0.02259
2873.90701,0.02265
2871.97821,0.02224
2870.04941,0.02182
2868.12062,0.02180
2866.19182,0.02188
2864.26302,0.02202
2862.33423,0.02238
2860.40543,0.02268
2858.47663,0.02275
2856.54784,0.02288
2854.61904,0.02315
2852.69024,0.02331
2850.76145,0.02340
2848.83265,0.02356
2846.90385,0.02373
2844.97506,0.02386
2843.04626,0.02385
2841.11746,0.02381
2839.18867,0.02401
2837.25987,0.02453
2835.33107,0.02513
2833.40228,0.02531
2831.47348,0.02496
2829.54468,0.02466
2827.61589,0.02459
2825.68709,0.02459
2823.75829,0.02486
2821.82950,0.02526
2819.90070,0.02538
2817.97190,0.02537
2816.04311,0.02551
2814.11431,0.02555
2812.18551,0.02523
2810.25672,0.02476
2808.32792,0.02461
2806.39912,0.02487
2804.47033,0.02513
2802.54153,0.02506
2800.61273,0.02486
2798.68394,0.02489
2796.75514,0.02508
2794.82634,0.02510
2792.89755,0.02494
2790.96875,0.02462
2789.03995,0.02404
2787.11116,0.02346
2785.18236,0.02330
2783.25356,0.02353
2781.32477,0.02386
2779.39597,0.02393
2777.46717,0.02372
2775.53838,0.02356
2773.60958,0.02349
2771.68078,0.02345
2769.75199,0.02354
2767.82319,0.02361
2765.89439,0.02353
2763.96560,0.02333
2762.03680,0.02300
2760.10800,0.02266
2758.17921,0.02246
2756.25041,0.02239
2754.32161,0.02245
2752.39282,0.02259
2750.46402,0.02261
2748.53522,0.02260
2746.60643,0.02282
2744.67763,0.02307
2742.74883,0.02308
2740.82004,0.02302
2738.89124,0.02313
2736.96244,0.02320
2735.03365,0.02315
2733.10485,0.02301
2731.17605,0.02281
2729.24726,0.02281
2727.31846,0.02300
2725.38967,0.02308
2723.46087,0.02312
2721.53207,0.02318
2719.60328,0.02307
2717.67448,0.02290
2715.74568,0.02291
2713.81689,0.02301
2711.88809,0.02294
2709.95929,0.02270
2708.03050,0.02252
2706.10170,0.02259
2704.17290,0.02278
2702.24411,0.02282
2700.31531,0.02267
2698.38651,0.02252
2696.45772,0.02252
2694.52892,0.02255
2692.60012,0.02248
2690.67133,0.02257
2688.74253,0.02292
2686.81373,0.02311
2684.88494,0.02296
2682.95614,0.02263
2681.02734,0.02244
2679.09855,0.02252
2677.16975,0.02267
2675.24095,0.02270
2673.31216,0.02269
2671.38336,0.02280
2669.45456,0.02296
2667.52577,0.02303
2665.59697,0.02294
2663.66817,0.02270
2661.73938,0.02250
2659.81058,0.02253
2657.88178,0.02276
2655.95299,0.02291
2654.02419,0.02287
2652.09539,0.02277
2650.16660,0.02267
2648.23780,0.02261
2646.30900,0.02272
2644.38021,0.02302
2642.45141,0.02329
2640.52261,0.02332
2638.59382,0.02316
2636.66502,0.02309
2634.73622,0.02323
2632.80743,0.02353
2630.87863,0.02381
2628.94983,0.02383
2627.02104,0.02381
2625.09224,0.02417
2623.16344,0.02475
2621.23465,0.02506
2619.30585,0.02512
2617.37705,0.02500
2615.44826,0.02486
2613.51946,0.02496
2611.59066,0.02509
2609.66187,0.02516
2607.73307,0.02526
2605.80427,0.02511
2603.87548,0.02477
2601.94668,0.02477
2600.01788,0.02520
2598.08909,0.02571
2596.16029,0.02603
2594.23149,0.02600
2592.30270,0.02573
2590.37390,0.02559
2588.44510,0.02555
2586.51631,0.02548
2584.58751,0.02562
2582.65871,0.02594
2580.72992,0.02592
2578.80112,0.02548
2576.87232,0.02516
2574.94353,0.02518
2573.01473,0.02525
2571.08593,0.02515
2569.15714,0.02500
2567.22834,0.02491
2565.29954,0.02493
2563.37075,0.02502
2561.44195,0.02502
2559.51315,0.02498
2557.58436,0.02501
2555.65556,0.02494
2553.72676,0.02462
2551.79797,0.02445
2549.86917,0.02476
2547.94037,0.02522
2546.01158,0.02555
2544.08278,0.02560
2542.15398,0.02546
2540.22519,0.02545
2538.29639,0.02545
2536.36759,0.02520
2534.43880,0.02491
2532.51000,0.02494
2530.58120,0.02506
2528.65241,0.02508
2526.72361,0.02521
2524.79481,0.02513
2522.86602,0.02475
2520.93722,0.02468
2519.00842,0.02507
2517.07963,0.02550
2515.15083,0.02575
2513.22203,0.02579
2511.29324,0.02575
2509.36444,0.02565
2507.43564,0.02522
2505.50685,0.02464
2503.57805,0.02430
2501.64925,0.02410
2499.72046,0.02381
2497.79166,0.02362
2495.86286,0.02371
2493.93407,0.02393
2492.00527,0.02429
2490.07647,0.02481
2488.14768,0.02511
2486.21888,0.02502
2484.29008,0.02480
2482.36129,0.02463
2480.43249,0.02456
2478.50369,0.02469
2476.57490,0.02480
2474.64610,0.02466
2472.71730,0.02451
2470.78851,0.02447
2468.85971,0.02440
2466.93091,0.02443
2465.00212,0.02437
2463.07332,0.02381
2461.14452,0.02327
2459.21573,0.02347
2457.28693,0.02395
2455.35813,0.02393
2453.42934,0.02367
2451.50054,0.02367
2449.57174,0.02377
2447.64295,0.02378
2445.71415,0.02359
2443.78535,0.02330
2441.85656,0.02347
2439.92776,0.02410
2437.99896,0.02432
2436.07017,0.02394
2434.14137,0.02363
2432.21257,0.02359
2430.28378,0.02349
2428.35498,0.02325
2426.42618,0.02295
2424.49739,0.02260
2422.56859,0.02217
2420.63979,0.02168
2418.71100,0.02157
2416.78220,0.02184
2414.85340,0.02198
2412.92461,0.02194
2410.99581,0.02201
2409.06701,0.02201
2407.13822,0.02163
2405.20942,0.02112
2403.28062,0.02086
2401.35183,0.02070
2399.42303,0.02043
2397.49423,0.02017
2395.56544,0.02007
2393.63664,0.01999
2391.70784,0.01983
2389.77905,0.01999
2387.85025,0.02098
2385.92145,0.02267
2383.99266,0.02487
2382.06386,0.02792
2380.13506,0.03210
2378.20627,0.03700
2376.27747,0.04199
2374.34867,0.04699
2372.41988,0.05230
2370.49108,0.05769
2368.56228,0.06246
2366.63349,0.06637
2364.70469,0.06988
2362.77589,0.07281
2360.84710,0.07416
2358.91830,0.07315
2356.98951,0.06968
2355.06071,0.06453
2353.13191,0.05812
2351.20312,0.05164
2349.27432,0.04812
2347.34552,0.04922
2345.41673,0.05351
2343.48793,0.05673
2341.55913,0.05700
2339.63034,0.05590
2337.70154,0.05468
2335.77274,0.05380
2333.84395,0.05345
2331.91515,0.05343
2329.98635,0.05293
2328.05756,0.05169
2326.12876,0.05040
2324.19996,0.04936
2322.27117,0.04800
2320.34237,0.04581
2318.41357,0.04314
2316.48478,0.04085
2314.55598,0.03953
2312.62718,0.03885
2310.69839,0.03783
2308.76959,0.03608
2306.84079,0.03396
2304.91200,0.03209
2302.98320,0.03067
2301.05440,0.02947
2299.12561,0.02850
2297.19681,0.02773
2295.26801,0.02701
2293.33922,0.02622
2291.41042,0.02526
2289.48162,0.02445
2287.55283,0.02415
2285.62403,0.02409
2283.69523,0.02418
2281.76644,0.02467
2279.83764,0.02508
2277.90884,0.02508
2275.98005,0.02561
2274.05125,0.02688
2272.12245,0.02765
2270.19366,0.02739
2268.26486,0.02713
2266.33606,0.02756
2264.40727,0.02823
2262.47847,0.02846
2260.54967,0.02850
2258.62088,0.02934
2256.69208,0.03056
2254.76328,0.03063
2252.83449,0.02979
2250.90569,0.02925
2248.97689,0.02924
2247.04810,0.02966
2245.11930,0.03024
2243.19050,0.03024
2241.26171,0.02952
2239.33291,0.02979
2237.40411,0.03197
2235.47532,0.03409
2233.54652,0.03460
2231.61772,0.03435
2229.68893,0.03469
2227.76013,0.03535
2225.83133,0.03552
2223.90254,0.03501
2221.97374,0.03434
2220.04494,0.03519
2218.11615,0.03686
2216.18735,0.03703
2214.25855,0.03747
2212.32976,0.03894
2210.40096,0.03867
2208.47216,0.03719
2206.54337,0.03676
2204.61457,0.03720
2202.68577,0.03797
2200.75698,0.03927
2198.82818,0.04084
2196.89938,0.04212
2194.97059,0.04280
2193.04179,0.04323
2191.11299,0.04407
2189.18420,0.04446
2187.25540,0.04324
2185.32660,0.04225
2183.39781,0.04444
2181.46901,0.04897
2179.54021,0.05147
2177.61142,0.05041
2175.68262,0.04885
2173.75382,0.04821
2171.82503,0.04672
2169.89623,0.04492
2167.96743,0.04553
2166.03864,0.04915
2164.10984,0.05341
2162.18104,0.05669
2160.25225,0.06025
2158.32345,0.06232
2156.39465,0.05943
2154.46586,0.05367
2152.53706,0.04805
2150.60826,0.04390
2148.67947,0.04075
2146.75067,0.03793
2144.82187,0.03597
2142.89308,0.03400
2140.96428,0.03152
2139.03548,0.03035
2137.10669,0.03000
2135.17789,0.02813
2133.24909,0.02566
2131.32030,0.02444
2129.39150,0.02355
2127.46270,0.02211
2125.53391,0.02094
2123.60511,0.02026
2121.67631,0.01955
2119.74752,0.01895
2117.81872,0.01855
2115.88992,0.01828
2113.96113,0.01849
2112.03233,0.01896
2110.10353,0.01912
2108.17474,0.01939
2106.24594,0.02034
2104.31714,0.02128
2102.38835,0.02145
2100.45955,0.02109
2098.53075,0.02048
2096.60196,0.01998
2094.67316,0.02023
2092.74436,0.02070
2090.81557,0.02057
2088.88677,0.02007
2086.95797,0.01989
2085.02918,0.02024
2083.10038,0.02065
2081.17158,0.02080
2079.24279,0.02099
2077.31399,0.02155
2075.38519,0.02222
2073.45640,0.02296
2071.52760,0.02413
2069.59880,0.02518
2067.67001,0.02538
2065.74121,0.02487
2063.81241,0.02403
2061.88362,0.02308
2059.95482,0.02243
2058.02602,0.02211
2056.09723,0.02166
2054.16843,0.02149
2052.23963,0.02253
2050.31084,0.02493
2048.38204,0.02756
2046.45324,0.02933
2044.52445,0.03059
2042.59565,0.03186
2040.66685,0.03298
2038.73806,0.03298
2036.80926,0.03203
2034.88046,0.03249
2032.95167,0.03507
2031.02287,0.03664
2029.09407,0.03511
2027.16528,0.03273
2025.23648,0.03185
2023.30768,0.03225
2021.37889,0.03327
2019.45009,0.03454
2017.52129,0.03482
2015.59250,0.03274
2013.66370,0.02943
2011.73490,0.02792
2009.80611,0.02995
2007.87731,0.03269
2005.94851,0.03180
2004.01972,0.02797
2002.09092,0.02437
2000.16212,0.02258
1998.23333,0.02325
1996.30453,0.02598
1994.37574,0.02884
1992.44694,0.02972
1990.51814,0.02773
1988.58935,0.02487
1986.66055,0.02428
1984.73175,0.02602
1982.80296,0.02854
1980.87416,0.03091
1978.94536,0.03113
1977.01657,0.02840
1975.08777,0.02584
1973.15897,0.02501
1971.23018,0.02476
1969.30138,0.02489
1967.37258,0.02534
1965.44379,0.02522
1963.51499,0.02380
1961.58619,0.02132
1959.65740,0.01956
1957.72860,0.01956
1955.79980,0.01992
1953.87101,0.01967
1951.94221,0.01900
1950.01341,0.01841
1948.08462,0.01876
1946.15582,0.02012
1944.22702,0.02149
1942.29823,0.02112
1940.36943,0.01907
1938.44063,0.01731
1936.51184,0.01614
1934.58304,0.01523
1932.65424,0.01478
1930.72545,0.01475
1928.79665,0.01488
1926.86785,0.01549
1924.93906,0.01721
1923.01026,0.01866
1921.08146,0.01887
1919.15267,0.01893
1917.22387,0.01809
1915.29507,0.01608
1913.36628,0.01519
1911.43748,0.01600
1909.50868,0.01672
1907.57989,0.01616
1905.65109,0.01518
1903.72229,0.01464
1901.79350,0.01420
1899.86470,0.01389
1897.93590,0.01432
1896.00711,0.01509
1894.07831,0.01516
1892.14951,0.01540
1890.22072,0.01627
1888.29192,0.01572
1886.36312,0.01409
1884.43433,0.01325
1882.50553,0.01301
1880.57673,0.01276
1878.64794,0.01235
1876.71914,0.01208
1874.79034,0.01234
1872.86155,0.01413
1870.93275,0.01840
1869.00395,0.02203
1867.07516,0.02028
1865.14636,0.01588
1863.21756,0.01333
1861.28877,0.01280
1859.35997,0.01282
1857.43117,0.01252
1855.50238,0.01208
1853.57358,0.01192
1851.64478,0.01246
1849.71599,0.01438
1847.78719,0.01767
1845.85839,0.02116
1843.92960,0.02143
1842.00080,0.01757
1840.07200,0.01458
1838.14321,0.01404
1836.21441,0.01397
1834.28561,0.01433
1832.35682,0.01724
1830.42802,0.02097
1828.49922,0.02129
1826.57043,0.01988
1824.64163,0.01829
1822.71283,0.01554
1820.78404,0.01341
1818.85524,0.01298
1816.92644,0.01298
1814.99765,0.01339
1813.06885,0.01524
1811.14005,0.01704
1809.21126,0.01651
1807.28246,0.01483
1805.35366,0.01470
1803.42487,0.01709
1801.49607,0.01984
1799.56727,0.01996
1797.63848,0.01889
1795.70968,0.01991
1793.78088,0.02313
1791.85209,0.02382
1789.92329,0.01934
1787.99449,0.01554
1786.06570,0.01520
1784.13690,0.01624
1782.20810,0.01741
1780.27931,0.01787
1778.35051,0.01741
1776.42171,0.01872
1774.49292,0.02343
1772.56412,0.02785
1770.63532,0.02652
1768.70653,0.02175
1766.77773,0.01751
1764.84893,0.01632
1762.92014,0.01826
1760.99134,0.01946
1759.06254,0.01906
1757.13375,0.01866
1755.20495,0.01819
1753.27615,0.02041
1751.34736,0.02653
1749.41856,0.03037
1747.48976,0.02833
1745.56097,0.02514
1743.63217,0.02366
1741.70337,0.02332
1739.77458,0.02263
1737.84578,0.02248
1735.91698,0.02622
1733.98819,0.03098
1732.05939,0.02823
1730.13059,0.02187
1728.20180,0.01658
1726.27300,0.01419
1724.34420,0.01490
1722.41541,0.01719
1720.48661,0.02285
1718.55781,0.03303
1716.62902,0.03842
1714.70022,0.03295
1712.77142,0.02624
1710.84263,0.02405
1708.91383,0.02698
1706.98503,0.03355
1705.05624,0.03972
1703.12744,0.04506
1701.19864,0.05428
1699.26985,0.06417
1697.34105,0.06849
1695.41225,0.06923
1693.48346,0.06981
1691.55466,0.07584
1689.62586,0.08834
1687.69707,0.10350
1685.76827,0.12324
1683.83947,0.14571
1681.91068,0.15560
1679.98188,0.16059
1678.05308,0.17003
1676.12429,0.18489
1674.19549,0.20111
1672.26669,0.21503
1670.33790,0.22853
1668.40910,0.23638
1666.48030,0.23816
1664.55151,0.24263
1662.62271,0.24863
1660.69391,0.24995
1658.76512,0.25023
1656.83632,0.25568
1654.90752,0.26791
1652.97873,0.27582
1651.04993,0.27063
1649.12113,0.27121
1647.19234,0.27740
1645.26354,0.27770
1643.33474,0.27680
1641.40595,0.28342
1639.47715,0.29790
1637.54835,0.31971
1635.61956,0.34372
1633.69076,0.35678
1631.76197,0.36596
1629.83317,0.38083
1627.90437,0.39860
1625.97558,0.41312
1624.04678,0.42319
1622.11798,0.42702
1620.18919,0.42724
1618.26039,0.42885
1616.33159,0.42718
1614.40280,0.42019
1612.47400,0.41616
1610.54520,0.41743
1608.61641,0.42167
1606.68761,0.42701
1604.75881,0.43433
1602.83002,0.44369
1600.90122,0.45309
1598.97242,0.46161
1597.04363,0.46905
1595.11483,0.47360
1593.18603,0.47306
1591.25724,0.46777
1589.32844,0.45838
1587.39964,0.44528
1585.47085,0.42926
1583.54205,0.41092
1581.61325,0.39203
1579.68446,0.37612
1577.75566,0.36102
1575.82686,0.33691
1573.89807,0.31168
1571.96927,0.29536
1570.04047,0.27969
1568.11168,0.25997
1566.18288,0.24253
1564.25408,0.22987
1562.32529,0.22471
1560.39649,0.22739
1558.46769,0.21946
1556.53890,0.19719
1554.61010,0.18027
1552.68130,0.16871
1550.75251,0.16032
1548.82371,0.15307
1546.89491,0.14975
1544.96612,0.15277
1543.03732,0.15885
1541.10852,0.16056
1539.17973,0.14699
1537.25093,0.13181
1535.32213,0.12650
1533.39334,0.12381
1531.46454,0.11775
1529.53574,0.11438
1527.60695,0.11592
1525.67815,0.11828
1523.74935,0.12083
1521.82056,0.12228
1519.89176,0.11909
1517.96296,0.11480
1516.03417,0.10928
1514.10537,0.10327
1512.17657,0.10283
1510.24778,0.11067
1508.31898,0.12279
1506.39018,0.12039
1504.46139,0.10473
1502.53259,0.09774
1500.60379,0.09978
1498.67500,0.10601
1496.74620,0.10988
1494.81740,0.11011
1492.88861,0.11448
1490.95981,0.12667
1489.03101,0.13873
1487.10222,0.14238
1485.17342,0.14475
1483.24462,0.15204
1481.31583,0.16361
1479.38703,0.17701
1477.45823,0.19312
1475.52944,0.21284
1473.60064,0.23205
1471.67184,0.24237
1469.74305,0.24484
1467.81425,0.24955
1465.88545,0.25807
1463.95666,0.26337
1462.02786,0.26522
1460.09906,0.27059
1458.17027,0.27671
1456.24147,0.26734
1454.31267,0.24844
1452.38388,0.23326
1450.45508,0.22130
1448.52628,0.20925
1446.59749,0.19431
1444.66869,0.17906
1442.73989,0.16608
1440.81110,0.15636
1438.88230,0.15053
1436.95350,0.14393
1435.02471,0.13253
1433.09591,0.12244
1431.16711,0.11557
1429.23832,0.10847
1427.30952,0.10181
1425.38072,0.09791
1423.45193,0.09538
1421.52313,0.09428
1419.59433,0.09458
1417.66554,0.09002
1415.73674,0.08131
1413.80794,0.07509
1411.87915,0.07195
1409.95035,0.06965
1408.02155,0.06828
1406.09276,0.06817
1404.16396,0.06689
1402.23516,0.06531
1400.30637,0.06656
1398.37757,0.06906
1396.44877,0.06935
1394.51998,0.06589
1392.59118,0.06034
1390.66238,0.05762
1388.73359,0.05852
1386.80479,0.05819
1384.87599,0.05464
1382.94720,0.05178
1381.01840,0.05119
1379.08960,0.05175
1377.16081,0.05336
1375.23201,0.05529
1373.30321,0.05433
1371.37442,0.05119
1369.44562,0.04926
1367.51682,0.04855
1365.58803,0.04968
1363.65923,0.05262
1361.73043,0.05270
1359.80164,0.04906
1357.87284,0.04630
1355.94404,0.04550
1354.01525,0.04501
1352.08645,0.04436
1350.15765,0.04401
1348.22886,0.04370
1346.30006,0.04329
1344.37126,0.04364
1342.44247,0.04627
1340.51367,0.05030
1338.58487,0.05116
1336.65608,0.04783
1334.72728,0.04444
1332.79848,0.04296
1330.86969,0.04263
1328.94089,0.04243
1327.01209,0.04215
1325.08330,0.04200
1323.15450,0.04229
1321.22570,0.04328
1319.29691,0.04422
1317.36811,0.04409
1315.43931,0.04346
1313.51052,0.04291
1311.58172,0.04200
1309.65292,0.04104
1307.72413,0.04055
1305.79533,0.04027
1303.86653,0.04006
1301.93774,0.03997
1300.00894,0.04004
1298.08014,0.04019
1296.15135,0.04023
1294.22255,0.04017
1292.29375,0.04027
1290.36496,0.04062
1288.43616,0.04087
1286.50736,0.04066
1284.57857,0.04023
1282.64977,0.04003
1280.72097,0.04005
1278.79218,0.04003
1276.86338,0.04003
1274.93458,0.04026
1273.00579,0.04082
1271.07699,0.04128
1269.14820,0.04128
1267.21940,0.04104
1265.29060,0.04083
1263.36181,0.04083
1261.43301,0.04103
1259.50421,0.04107
1257.57542,0.04082
1255.64662,0.04065
1253.71782,0.04066
1251.78903,0.04074
1249.86023,0.04085
1247.93143,0.04097
1246.00264,0.04111
1244.07384,0.04124
1242.14504,0.04129
1240.21625,0.04133
1238.28745,0.04141
1236.35865,0.04152
1234.42986,0.04166
1232.50106,0.04182
1230.57226,0.04203
1228.64347,0.04231
1226.71467,0.04265
1224.78587,0.04296
1222.85708,0.04318
1220.92828,0.04345
1218.99948,0.04380
1217.07069,0.04416
1215.14189,0.04460
1213.21309,0.04514
1211.28430,0.04567
1209.35550,0.04616
1207.42670,0.04671
1205.49791,0.04738
1203.56911,0.04818
1201.64031,0.04910
1199.71152,0.05015
1197.78272,0.05134
1195.85392,0.05264
1193.92513,0.05406
1191.99633,0.05568
1190.06753,0.05760
1188.13874,0.05982
1186.20994,0.06225
1184.28114,0.06490
1182.35235,0.06791
1180.42355,0.07136
1178.49475,0.07524
1176.56596,0.07948
1174.63716,0.08399
1172.70836,0.08866
1170.77957,0.09344
1168.85077,0.09831
1166.92197,0.10308
1164.99318,0.10750
1163.06438,0.11133
1161.13558,0.11436
1159.20679,0.11634
1157.27799,0.11709
1155.34919,0.11661
1153.42040,0.11497
1151.49160,0.11224
1149.56280,0.10859
1147.63401,0.10426
1145.70521,0.09950
1143.77641,0.09457
1141.84762,0.08970
1139.91882,0.08506
1137.99002,0.08075
1136.06123,0.07675
1134.13243,0.07307
1132.20363,0.06979
1130.27484,0.06695
1128.34604,0.06448
1126.41724,0.06228
1124.48845,0.06033
1122.55965,0.05865
1120.63085,0.05722
1118.70206,0.05597
1116.77326,0.05486
1114.84446,0.05390
1112.91567,0.05307
1110.98687,0.05237
1109.05807,0.05177
1107.12928,0.05127
1105.20048,0.05088
1103.27168,0.05055
1101.34289,0.05029
1099.41409,0.05014
1097.48529,0.05010
1095.55650,0.05017
1093.62770,0.05034
1091.69890,0.05061
1089.77011,0.05095
1087.84131,0.05131
1085.91251,0.05168
1083.98372,0.05206
1082.05492,0.05249
1080.12612,0.05292
1078.19733,0.05336
1076.26853,0.05387
1074.33973,0.05440
1072.41094,0.05488
1070.48214,0.05527
1068.55334,0.05557
1066.62455,0.05574
1064.69575,0.05573
1062.76695,0.05556
1060.83816,0.05528
1058.90936,0.05491
1056.98056,0.05441
1055.05177,0.05379
1053.12297,0.05308
1051.19417,0.05230
1049.26538,0.05149
1047.33658,0.05070
1045.40778,0.04993
1043.47899,0.04917
1041.55019,0.04845
1039.62139,0.04777
1037.69260,0.04710
1035.76380,0.04647
1033.83500,0.04590
1031.90621,0.04539
1029.97741,0.04491
1028.04861,0.04449
1026.11982,0.04410
1024.19102,0.04374
1022.26222,0.04338
1020.33343,0.04303
1018.40463,0.04279
1016.47583,0.04267
1014.54704,0.04257
1012.61824,0.04244
1010.68944,0.04225
1008.76065,0.04196
1006.83185,0.04153
1004.90305,0.04097
1002.97426,0.04032
1001.04546,0.03967
999.11666,0.03910
997.18787,0.03865
995.25907,0.03830
993.33027,0.03800
991.40148,0.03772
989.47268,0.03743
987.54388,0.03711
985.61509,0.03677
983.68629,0.03644
981.75749,0.03611
979.82870,0.03578
977.89990,0.03547
975.97110,0.03516
974.04231,0.03485
972.11351,0.03454
970.18471,0.03422
968.25592,0.03385
966.32712,0.03344
964.39832,0.03302
962.46953,0.03260
960.54073,0.03219
958.61193,0.03177
956.68314,0.03132
954.75434,0.03089
952.82554,0.03048
950.89675,0.03007
948.96795,0.02966
947.03915,0.02923
945.11036,0.02881
943.18156,0.02838
941.25276,0.02793
939.32397,0.02750
937.39517,0.02709
935.46637,0.02670
933.53758,0.02628
931.60878,0.02583
929.67998,0.02539
927.75119,0.02499
925.82239,0.02459
923.89359,0.02415
921.96480,0.02371
920.03600,0.02327
918.10720,0.02283
916.17841,0.02241
914.24961,0.02203
912.32081,0.02166
910.39202,0.02127
908.46322,0.02088
906.53443,0.02049
904.60563,0.02012
902.67683,0.01981
900.74804,0.01952
898.81924,0.01917
896.89044,0.01877
894.96165,0.01838
893.03285,0.01800
891.10405,0.01759
889.17526,0.01716
887.24646,0.01674
885.31766,0.01630
883.38887,0.01581
881.46007,0.01535
879.53127,0.01496
877.60248,0.01464
875.67368,0.01427
873.74488,0.01382
871.81609,0.01342
869.88729,0.01311
867.95849,0.01279
866.02970,0.01241
864.10090,0.01197
862.17210,0.01154
860.24331,0.01121
858.31451,0.01094
856.38571,0.01066
854.45692,0.01035
852.52812,0.01004
850.59932,0.00972
848.67053,0.00936
846.74173,0.00899
844.81293,0.00871
842.88414,0.00849
840.95534,0.00829
839.02654,0.00804
837.09775,0.00777
835.16895,0.00751
833.24015,0.00726
831.31136,0.00709
829.38256,0.00709
827.45376,0.00717
825.52497,0.00722
823.59617,0.00725
821.66737,0.00728
819.73858,0.00731
817.80978,0.00730
815.88098,0.00727
813.95219,0.00734
812.02339,0.00757
810.09459,0.00787
808.16580,0.00818
806.23700,0.00855
804.30820,0.00899
802.37941,0.00945
800.45061,0.01007
798.52181,0.01096
796.59302,0.01199
794.66422,0.01306
792.73542,0.01410
790.80663,0.01506
788.87783,0.01604
786.94903,0.01694
785.02024,0.01736
783.09144,0.01709
781.16264,0.01637
779.23385,0.01544
777.30505,0.01422
775.37625,0.01282
773.44746,0.01166
771.51866,0.01105
769.58986,0.01064
767.66107,0.01003
765.73227,0.00937
763.80347,0.00896
761.87468,0.00871
759.94588,0.00830
758.01708,0.00794
756.08829,0.00797
754.15949,0.00802
752.23069,0.00757
750.30190,0.00689
748.37310,0.00666
