3496.90832,0.02355
3494.97953,0.02999
3493.05073,0.03425
3491.12193,0.03182
3489.19314,0.03142
3487.26434,0.03417
3485.33554,0.03504
3483.40675,0.03638
3481.47795,0.03661
3479.54915,0.03277
3477.62036,0.02848
3475.69156,0.02520
3473.76276,0.02233
3471.83397,0.02574
3469.90517,0.03691
3467.97637,0.04287
3466.04758,0.03757
3464.11878,0.03334
3462.18998,0.03559
3460.26119,0.03645
3458.33239,0.03565
3456.40359,0.03838
3454.47480,0.04123
3452.54600,0.03915
3450.61721,0.03497
3448.68841,0.03067
3446.75961,0.02629
3444.83082,0.02142
3442.90202,0.01442
3440.97322,0.01295
3439.04443,0.02042
3437.11563,0.02620
3435.18683,0.02671
3433.25804,0.02701
3431.32924,0.02824
3429.40044,0.02448
3427.47165,0.01597
3425.54285,0.01224
3423.61405,0.01516
3421.68526,0.01945
3419.75646,0.02183
3417.82766,0.02150
3415.89887,0.01894
3413.97007,0.01593
3412.04127,0.01254
3410.11248,0.00938
3408.18368,0.01221
3406.25488,0.01739
3404.32609,0.01594
3402.39729,0.01115
3400.46849,0.00725
3398.53970,0.00625
3396.61090,0.01057
3394.68210,0.01396
3392.75331,0.01193
3390.82451,0.01250
3388.89571,0.01749
3386.96692,0.01874
3385.03812,0.01662
3383.10932,0.01560
3381.18053,0.01555
3379.25173,0.01448
3377.32293,0.01455
3375.39414,0.01923
3373.46534,0.02373
3371.53654,0.02295
3369.60775,0.02294
3367.67895,0.02890
3365.75015,0.03490
3363.82136,0.03382
3361.89256,0.02848
3359.96376,0.02668
3358.03497,0.03022
3356.10617,0.03116
3354.17737,0.02734
3352.24858,0.02723
3350.31978,0.03119
3348.39098,0.03644
3346.46219,0.04424
3344.53339,0.04890
3342.60459,0.04693
3340.67580,0.04052
3338.74700,0.03052
3336.81820,0.02326
3334.88941,0.02368
3332.96061,0.02474
3331.03181,0.01990
3329.10302,0.01507
3327.17422,0.01608
3325.24542,0.01713
3323.31663,0.01379
3321.38783,0.01018
3319.45903,0.01005
3317.53024,0.01244
3315.60144,0.01116
3313.67264,0.00353
3311.74385,-0.00294
3309.81505,-0.00185
3307.88625,0.00490
3305.95746,0.01158
3304.02866,0.01461
3302.09986,0.00930
3300.17107,-0.00182
3298.24227,-0.00715
3296.31347,-0.00418
3294.38468,0.00268
3292.45588,0.00772
3290.52708,0.00525
3288.59829,-0.00108
3286.66949,-0.00526
3284.74069,-0.00514
3282.81190,-0.00275
3280.88310,-0.00365
3278.95430,-0.00551
3277.02551,-0.00590
3275.09671,-0.00895
3273.16791,-0.01299
3271.23912,-0.01298
3269.31032,-0.00938
3267.38152,-0.00621
3265.45273,-0.00688
3263.52393,-0.00957
3261.59513,-0.00998
3259.66634,-0.00710
3257.73754,-0.00072
3255.80874,0.00955
3253.87995,0.01734
3251.95115,0.01765
3250.02235,0.01613
3248.09356,0.01471
3246.16476,0.01139
3244.23596,0.01039
3242.30717,0.01100
3240.37837,0.00775
3238.44957,0.00546
3236.52078,0.01272
3234.59198,0.02188
3232.66318,0.01824
3230.73439,0.00575
3228.80559,-0.00027
3226.87679,0.00291
3224.94800,0.01019
3223.01920,0.01794
3221.09040,0.01938
3219.16161,0.01380
3217.23281,0.01226
3215.30401,0.01738
3213.37522,0.01879
3211.44642,0.01646
3209.51762,0.01894
3207.58883,0.02349
3205.66003,0.02202
3203.73123,0.01679
3201.80244,0.01584
3199.87364,0.01900
3197.94484,0.01923
3196.01605,0.01729
3194.08725,0.01899
3192.15845,0.02354
3190.22966,0.02543
3188.30086,0.02193
3186.37206,0.01617
3184.44327,0.01107
3182.51447,0.00841
3180.58567,0.01085
3178.65688,0.01552
3176.72808,0.01724
3174.79928,0.01691
3172.87049,0.01527
3170.94169,0.01077
3169.01289,0.00666
3167.08410,0.00567
3165.15530,0.00579
3163.22650,0.00640
3161.29771,0.00705
3159.36891,0.00767
3157.44011,0.00976
3155.51132,0.01106
3153.58252,0.00962
3151.65372,0.00812
3149.72493,0.00691
3147.79613,0.00394
3145.86733,0.00118
3143.93854,-0.00026
3142.00974,-0.00175
3140.08094,-0.00145
3138.15215,0.00090
3136.22335,0.00229
3134.29455,0.00195
3132.36576,0.00197
3130.43696,0.00394
3128.50816,0.00654
3126.57937,0.00798
3124.65057,0.00782
3122.72177,0.00611
3120.79298,0.00333
3118.86418,0.00172
3116.93538,0.00259
3115.00659,0.00292
3113.07779,0.00107
3111.14899,-0.00062
3109.22020,-0.00112
3107.29140,-0.00050
3105.36260,0.00129
3103.43381,0.00268
3101.50501,0.00218
3099.57621,0.00073
3097.64742,-0.00026
3095.71862,-0.00088
3093.78982,-0.00130
3091.86103,-0.00088
3089.93223,0.00029
3088.00344,0.00068
3086.07464,0.00036
3084.14584,0.00064
3082.21705,0.00021
3080.28825,-0.00188
3078.35945,-0.00336
3076.43066,-0.00299
3074.50186,-0.00217
3072.57306,-0.00180
3070.64427,-0.00130
3068.71547,-0.00050
3066.78667,0.00003
3064.85788,0.00041
3062.92908,0.00064
3061.00028,-0.00001
3059.07149,-0.00071
3057.14269,-0.00042
3055.21389,-0.00003
3053.28510,0.00007
3051.35630,0.00063
3049.42750,0.00139
3047.49871,0.00118
3045.56991,0.00018
3043.64111,-0.00031
3041.71232,-0.00025
3039.78352,-0.00040
3037.85472,-0.00014
3035.92593,0.00123
3033.99713,0.00218
3032.06833,0.00157
3030.13954,0.00078
3028.21074,0.00103
3026.28194,0.00157
3024.35315,0.00151
3022.42435,0.00100
3020.49555,0.00060
3018.56676,0.00085
3016.63796,0.00195
3014.70916,0.00312
3012.78037,0.00339
3010.85157,0.00264
3008.92277,0.00173
3006.99398,0.00165
3005.06518,0.00220
3003.13638,0.00238
3001.20759,0.00213
2999.27879,0.00230
2997.34999,0.00306
2995.42120,0.00330
2993.49240,0.00227
2991.56360,0.00126
2989.63481,0.00153
2987.70601,0.00233
2985.77721,0.00293
2983.84842,0.00347
2981.91962,0.00342
2979.99082,0.00283
2978.06203,0.00260
2976.13323,0.00264
2974.20443,0.00284
2972.27564,0.00338
2970.34684,0.00378
2968.41804,0.00382
2966.48925,0.00339
2964.56045,0.00274
2962.63165,0.00245
2960.70286,0.00246
2958.77406,0.00288
2956.84526,0.00371
2954.91647,0.00414
2952.98767,0.00391
2951.05887,0.00383
2949.13008,0.00447
2947.20128,0.00548
2945.27248,0.00600
2943.34369,0.00545
2941.41489,0.00449
2939.48609,0.00402
2937.55730,0.00387
2935.62850,0.00404
2933.69970,0.00478
2931.77091,0.00548
2929.84211,0.00538
2927.91331,0.00474
2925.98452,0.00462
2924.05572,0.00495
2922.12692,0.00489
2920.19813,0.00479
2918.26933,0.00543
2916.34053,0.00638
2914.41174,0.00693
2912.48294,0.00707
2910.55414,0.00684
2908.62535,0.00630
2906.69655,0.00573
2904.76775,0.00534
2902.83896,0.00528
2900.91016,0.00541
2898.98136,0.00547
2897.05257,0.00553
2895.12377,0.00573
2893.19497,0.00595
2891.26618,0.00592
2889.33738,0.00586
2887.40858,0.00605
2885.47979,0.00621
2883.55099,0.00622
2881.62219,0.00626
2879.69340,0.00652
2877.76460,0.00695
2875.83580,0.00732
2873.90701,0.00750
2871.97821,0.00752
2870.04941,0.00745
2868.12062,0.00723
2866.19182,0.00690
2864.26302,0.00701
2862.33423,0.00763
2860.40543,0.00819
2858.47663,0.00840
2856.54784,0.00842
2854.61904,0.00859
2852.69024,0.00905
2850.76145,0.00953
2848.83265,0.00980
2846.90385,0.00981
2844.97506,0.00991
2843.04626,0.01022
2841.11746,0.01044
2839.18867,0.01047
2837.25987,0.01057
2835.33107,0.01085
2833.40228,0.01083
2831.47348,0.01039
2829.54468,0.01034
2827.61589,0.01084
2825.68709,0.01127
2823.75829,0.01146
2821.82950,0.01144
2819.90070,0.01126
2817.97190,0.01117
2816.04311,0.01131
2814.11431,0.01146
2812.18551,0.01135
2810.25672,0.01117
2808.32792,0.01125
2806.39912,0.01153
2804.47033,0.01179
2802.54153,0.01173
2800.61273,0.01135
2798.68394,0.01106
2796.75514,0.01099
2794.82634,0.01099
2792.89755,0.01097
2790.96875,0.01076
2789.03995,0.01027
2787.11116,0.00973
2785.18236,0.00953
2783.25356,0.00971
2781.32477,0.00988
2779.39597,0.00977
2777.46717,0.00954
2775.53838,0.00952
2773.60958,0.00959
2771.68078,0.00952
2769.75199,0.00938
2767.82319,0.00926
2765.89439,0.00913
2763.96560,0.00897
2762.03680,0.00880
2760.10800,0.00870
2758.17921,0.00872
2756.25041,0.00874
2754.32161,0.00883
2752.39282,0.00905
2750.46402,0.00905
2748.53522,0.00873
2746.60643,0.00846
2744.67763,0.00844
2742.74883,0.00854
2740.82004,0.00871
2738.89124,0.00899
2736.96244,0.00915
2735.03365,0.00911
2733.10485,0.00902
2731.17605,0.00896
2729.24726,0.00897
2727.31846,0.00901
2725.38967,0.00899
2723.46087,0.00907
2721.53207,0.00928
2719.60328,0.00941
2717.67448,0.00937
2715.74568,0.00930
2713.81689,0.00920
2711.88809,0.00902
2709.95929,0.00890
2708.03050,0.00891
2706.10170,0.00901
2704.17290,0.00907
2702.24411,0.00897
2700.31531,0.00880
2698.38651,0.00875
2696.45772,0.00873
2694.52892,0.00855
2692.60012,0.00834
2690.67133,0.00847
2688.74253,0.00885
2686.81373,0.00911
2684.88494,0.00918
2682.95614,0.00914
2681.02734,0.00908
2679.09855,0.00902
2677.16975,0.00889
2675.24095,0.00879
2673.31216,0.00878
2671.38336,0.00885
2669.45456,0.00892
2667.52577,0.00890
2665.59697,0.00878
2663.66817,0.00862
2661.73938,0.00849
2659.81058,0.00850
2657.88178,0.00865
2655.95299,0.00879
2654.02419,0.00884
2652.09539,0.00881
2650.16660,0.00879
2648.23780,0.00884
2646.30900,0.00888
2644.38021,0.00901
2642.45141,0.00925
2640.52261,0.00939
2638.59382,0.00940
2636.66502,0.00942
2634.73622,0.00949
2632.80743,0.00967
2630.87863,0.00983
2628.94983,0.00983
2627.02104,0.00993
2625.09224,0.01037
2623.16344,0.01080
2621.23465,0.01095
2619.30585,0.01094
2617.37705,0.01095
2615.44826,0.01111
2613.51946,0.01152
2611.59066,0.01187
2609.66187,0.01185
2607.73307,0.01173
2605.80427,0.01159
2603.87548,0.01129
2601.94668,0.01129
2600.01788,0.01159
2598.08909,0.01171
2596.16029,0.01179
2594.23149,0.01197
2592.30270,0.01222
2590.37390,0.01241
2588.44510,0.01230
2586.51631,0.01204
2584.58751,0.01175
2582.65871,0.01148
2580.72992,0.01145
2578.80112,0.01143
2576.87232,0.01120
2574.94353,0.01117
2573.01473,0.01144
2571.08593,0.01162
2569.15714,0.01172
2567.22834,0.01180
2565.29954,0.01162
2563.37075,0.01137
2561.44195,0.01150
2559.51315,0.01180
2557.58436,0.01190
2555.65556,0.01194
2553.72676,0.01197
2551.79797,0.01187
2549.86917,0.01179
2547.94037,0.01192
2546.01158,0.01223
2544.08278,0.01241
2542.15398,0.01225
2540.22519,0.01186
2538.29639,0.01144
2536.36759,0.01134
2534.43880,0.01180
2532.51000,0.01223
2530.58120,0.01212
2528.65241,0.01187
2526.72361,0.01184
2524.79481,0.01185
2522.86602,0.01184
2520.93722,0.01192
2519.00842,0.01219
2517.07963,0.01239
2515.15083,0.01226
2513.22203,0.01202
2511.29324,0.01189
2509.36444,0.01180
2507.43564,0.01158
2505.50685,0.01138
2503.57805,0.01134
2501.64925,0.01116
2499.72046,0.01078
2497.79166,0.01039
2495.86286,0.01010
2493.93407,0.01007
2492.00527,0.01037
2490.07647,0.01090
2488.14768,0.01142
2486.21888,0.01179
2484.29008,0.01203
2482.36129,0.01197
2480.43249,0.01158
2478.50369,0.01123
2476.57490,0.01100
2474.64610,0.01065
2472.71730,0.01043
2470.78851,0.01073
2468.85971,0.01115
2466.93091,0.01106
2465.00212,0.01047
2463.07332,0.00985
2461.14452,0.00971
2459.21573,0.01024
2457.28693,0.01076
2455.35813,0.01070
2453.42934,0.01060
2451.50054,0.01090
2449.57174,0.01114
2447.64295,0.01090
2445.71415,0.01033
2443.78535,0.00988
2441.85656,0.00978
2439.92776,0.00983
2437.99896,0.00992
2436.07017,0.01006
2434.14137,0.01008
2432.21257,0.00999
2430.28378,0.00995
2428.35498,0.00991
2426.42618,0.00967
2424.49739,0.00920
2422.56859,0.00875
2420.63979,0.00847
2418.71100,0.00829
2416.78220,0.00817
2414.85340,0.00811
2412.92461,0.00801
2410.99581,0.00784
2409.06701,0.00760
2407.13822,0.00728
2405.20942,0.00698
2403.28062,0.00683
2401.35183,0.00669
2399.42303,0.00644
2397.49423,0.00626
2395.56544,0.00619
2393.63664,0.00614
2391.70784,0.00604
2389.77905,0.00607
2387.85025,0.00658
2385.92145,0.00781
2383.99266,0.00991
2382.06386,0.01296
2380.13506,0.01685
2378.20627,0.02120
2376.27747,0.02556
2374.34867,0.03007
2372.41988,0.03521
2370.49108,0.04032
2368.56228,0.04431
2366.63349,0.04736
2364.70469,0.05046
2362.77589,0.05362
2360.84710,0.05551
2358.91830,0.05469
2356.98951,0.05102
2355.06071,0.04559
2353.13191,0.03923
2351.20312,0.03315
2349.27432,0.02992
2347.34552,0.03110
2345.41673,0.03522
2343.48793,0.03813
2341.55913,0.03832
2339.63034,0.03750
2337.70154,0.03663
2335.77274,0.03611
2333.84395,0.03616
2331.91515,0.03628
2329.98635,0.03550
2328.05756,0.03398
2326.12876,0.03271
2324.19996,0.03185
2322.27117,0.03075
2320.34237,0.02875
2318.41357,0.02619
2316.48478,0.02411
2314.55598,0.02305
2312.62718,0.02258
2310.69839,0.02173
2308.76959,0.02004
2306.84079,0.01795
2304.91200,0.01617
2302.98320,0.01505
2301.05440,0.01446
2299.12561,0.01404
2297.19681,0.01333
2295.26801,0.01227
2293.33922,0.01150
2291.41042,0.01122
2289.48162,0.01094
2287.55283,0.01056
2285.62403,0.01035
2283.69523,0.01051
2281.76644,0.01107
2279.83764,0.01162
2277.90884,0.01183
2275.98005,0.01225
2274.05125,0.01339
2272.12245,0.01441
2270.19366,0.01443
2268.26486,0.01434
2266.33606,0.01500
2264.40727,0.01523
2262.47847,0.01446
2260.54967,0.01435
2258.62088,0.01592
2256.69208,0.01776
2254.76328,0.01807
2252.83449,0.01729
2250.90569,0.01690
2248.97689,0.01710
2247.04810,0.01755
2245.11930,0.01833
2243.19050,0.01920
2241.26171,0.01936
2239.33291,0.01917
2237.40411,0.02002
2235.47532,0.02151
2233.54652,0.02213
2231.61772,0.02215
2229.68893,0.02282
2227.76013,0.02436
2225.83133,0.02566
2223.90254,0.02561
2221.97374,0.02500
2220.04494,0.02569
2218.11615,0.02697
2216.18735,0.02726
2214.25855,0.02803
2212.32976,0.02983
2210.40096,0.02998
2208.47216,0.02792
2206.54337,0.02678
2204.61457,0.02788
2202.68577,0.02920
2200.75698,0.02968
2198.82818,0.03005
2196.89938,0.03084
2194.97059,0.03182
2193.04179,0.03299
2191.11299,0.03490
2189.18420,0.03662
2187.25540,0.03682
2185.32660,0.03676
2183.39781,0.03807
2181.46901,0.04051
2179.54021,0.04268
2177.61142,0.04271
2175.68262,0.04115
2173.75382,0.04009
2171.82503,0.03967
2169.89623,0.04038
2167.96743,0.04261
2166.03864,0.04475
2164.10984,0.04638
2162.18104,0.04947
2160.25225,0.05429
2158.32345,0.05582
2156.39465,0.05087
2154.46586,0.04427
2152.53706,0.03952
2150.60826,0.03557
2148.67947,0.03152
2146.75067,0.02770
2144.82187,0.02406
2142.89308,0.02103
2140.96428,0.01964
2139.03548,0.01963
2137.10669,0.01893
2135.17789,0.01651
2133.24909,0.01372
2131.32030,0.01178
2129.39150,0.01040
2127.46270,0.00898
2125.53391,0.00780
2123.60511,0.00716
2121.67631,0.00665
2119.74752,0.00608
2117.81872,0.00569
2115.88992,0.00606
2113.96113,0.00702
2112.03233,0.00716
2110.10353,0.00626
2108.17474,0.00584
2106.24594,0.00664
2104.31714,0.00792
2102.38835,0.00856
2100.45955,0.00793
2098.53075,0.00662
2096.60196,0.00607
2094.67316,0.00670
2092.74436,0.00767
2090.81557,0.00807
2088.88677,0.00745
2086.95797,0.00650
2085.02918,0.00646
2083.10038,0.00725
2081.17158,0.00812
2079.24279,0.00882
2077.31399,0.00906
2075.38519,0.00919
2073.45640,0.01002
2071.52760,0.01079
2069.59880,0.01052
2067.67001,0.01021
2065.74121,0.01046
2063.81241,0.01075
2061.88362,0.01079
2059.95482,0.01079
2058.02602,0.01086
2056.09723,0.01072
2054.16843,0.01061
2052.23963,0.01100
2050.31084,0.01211
2048.38204,0.01429
2046.45324,0.01705
2044.52445,0.01909
2042.59565,0.02008
2040.66685,0.02063
2038.73806,0.02090
2036.80926,0.02073
2034.88046,0.02107
2032.95167,0.02340
2031.02287,0.02618
2029.09407,0.02576
2027.16528,0.02290
2025.23648,0.02144
2023.30768,0.02184
2021.37889,0.02297
2019.45009,0.02449
2017.52129,0.02413
2015.59250,0.02085
2013.66370,0.01749
2011.73490,0.01618
2009.80611,0.01678
2007.87731,0.01738
2005.94851,0.01708
2004.01972,0.01635
2002.09092,0.01503
2000.16212,0.01373
1998.23333,0.01339
1996.30453,0.01426
1994.37574,0.01556
1992.44694,0.01533
1990.51814,0.01315
1988.58935,0.01171
1986.66055,0.01257
1984.73175,0.01416
1982.80296,0.01544
1980.87416,0.01616
1978.94536,0.01558
1977.01657,0.01405
1975.08777,0.01269
1973.15897,0.01193
1971.23018,0.01177
1969.30138,0.01243
1967.37258,0.01366
1965.44379,0.01406
1963.51499,0.01252
1961.58619,0.00950
1959.65740,0.00675
1957.72860,0.00563
1955.79980,0.00529
1953.87101,0.00473
1951.94221,0.00443
1950.01341,0.00469
1948.08462,0.00513
1946.15582,0.00576
1944.22702,0.00662
1942.29823,0.00626
1940.36943,0.00423
1938.44063,0.00254
1936.51184,0.00168
1934.58304,0.00090
1932.65424,0.00029
1930.72545,0.00007
1928.79665,-0.00004
1926.86785,0.00026
1924.93906,0.00155
1923.01026,0.00261
1921.08146,0.00258
1919.15267,0.00258
1917.22387,0.00214
1915.29507,0.00072
1913.36628,-0.00000
1911.43748,0.00053
1909.50868,0.00097
1907.57989,0.00047
1905.65109,-0.00032
1903.72229,-0.00080
1901.79350,-0.00112
1899.86470,-0.00133
1897.93590,-0.00109
1896.00711,-0.00047
1894.07831,-0.00022
1892.14951,0.00003
1890.22072,0.00056
1888.29192,-0.00001
1886.36312,-0.00120
1884.43433,-0.00166
1882.50553,-0.00182
1880.57673,-0.00206
1878.64794,-0.00235
1876.71914,-0.00269
1874.79034,-0.00272
1872.86155,-0.00132
1870.93275,0.00224
1869.00395,0.00508
1867.07516,0.00339
1865.14636,-0.00027
1863.21756,-0.00218
1861.28877,-0.00242
1859.35997,-0.00240
1857.43117,-0.00277
1855.50238,-0.00330
1853.57358,-0.00350
1851.64478,-0.00301
1849.71599,-0.00145
1847.78719,0.00108
1845.85839,0.00385
1843.92960,0.00414
1842.00080,0.00115
1840.07200,-0.00121
1838.14321,-0.00167
1836.21441,-0.00178
1834.28561,-0.00150
1832.35682,0.00079
1830.42802,0.00368
1828.49922,0.00386
1826.57043,0.00269
1824.64163,0.00142
1822.71283,-0.00071
1820.78404,-0.00232
1818.85524,-0.00258
1816.92644,-0.00254
1814.99765,-0.00222
1813.06885,-0.00078
1811.14005,0.00062
1809.21126,0.00019
1807.28246,-0.00117
1805.35366,-0.00129
1803.42487,0.00064
1801.49607,0.00286
1799.56727,0.00296
1797.63848,0.00208
1795.70968,0.00288
1793.78088,0.00546
1791.85209,0.00602
1789.92329,0.00248
1787.99449,-0.00052
1786.06570,-0.00078
1784.13690,0.00002
1782.20810,0.00091
1780.27931,0.00125
1778.35051,0.00083
1776.42171,0.00175
1774.49292,0.00534
1772.56412,0.00883
1770.63532,0.00794
1768.70653,0.00431
1766.77773,0.00096
1764.84893,-0.00004
1762.92014,0.00148
1760.99134,0.00248
1759.06254,0.00218
1757.13375,0.00184
1755.20495,0.00140
1753.27615,0.00311
1751.34736,0.00792
1749.41856,0.01088
1747.48976,0.00923
1745.56097,0.00676
1743.63217,0.00562
1741.70337,0.00531
1739.77458,0.00469
1737.84578,0.00455
1735.91698,0.00753
1733.98819,0.01129
1732.05939,0.00911
1730.13059,0.00410
1728.20180,-0.00009
1726.27300,-0.00203
1724.34420,-0.00147
1722.41541,0.00036
1720.48661,0.00485
1718.55781,0.01301
1716.62902,0.01764
1714.70022,0.01380
1712.77142,0.00895
1710.84263,0.00773
1708.91383,0.01064
1706.98503,0.01667
1705.05624,0.02264
1703.12744,0.02797
1701.19864,0.03673
1699.26985,0.04654
1697.34105,0.05204
1695.41225,0.05534
1693.48346,0.05872
1691.55466,0.06629
1689.62586,0.07939
1687.69707,0.09467
1685.76827,0.11396
1683.83947,0.13720
1681.91068,0.15006
1679.98188,0.15758
1678.05308,0.16842
1676.12429,0.18399
1674.19549,0.20090
1672.26669,0.21515
1670.33790,0.22879
1668.40910,0.23821
1666.48030,0.24196
1664.55151,0.24712
1662.62271,0.25333
1660.69391,0.25546
1658.76512,0.25619
1656.83632,0.26059
1654.90752,0.27019
1652.97873,0.27643
1651.04993,0.27243
1649.12113,0.27312
1647.19234,0.27881
1645.26354,0.28079
1643.33474,0.28226
1641.40595,0.29020
1639.47715,0.30496
1637.54835,0.32630
1635.61956,0.35136
1633.69076,0.36823
1631.76197,0.38067
1629.83317,0.39742
1627.90437,0.41677
1625.97558,0.43320
1624.04678,0.44548
1622.11798,0.45154
1620.18919,0.45302
1618.26039,0.45489
1616.33159,0.45382
1614.40280,0.44822
1612.47400,0.44515
1610.54520,0.44666
1608.61641,0.45115
1606.68761,0.45727
1604.75881,0.46567
1602.83002,0.47622
1600.90122,0.48693
1598.97242,0.49666
1597.04363,0.50519
1595.11483,0.51105
1593.18603,0.51202
1591.25724,0.50801
1589.32844,0.49945
1587.39964,0.48665
1585.47085,0.47035
1583.54205,0.45110
1581.61325,0.43067
1579.68446,0.41243
1577.75566,0.39407
1575.82686,0.36688
1573.89807,0.33989
1571.96927,0.32136
1570.04047,0.30231
1568.11168,0.27984
1566.18288,0.26038
1564.25408,0.24536
1562.32529,0.23714
1560.39649,0.23481
1558.46769,0.22191
1556.53890,0.19960
1554.61010,0.18321
1552.68130,0.17119
1550.75251,0.16176
1548.82371,0.15334
1546.89491,0.14841
1544.96612,0.14868
1543.03732,0.15127
1541.10852,0.15036
1539.17973,0.13769
1537.25093,0.12456
1535.32213,0.11943
1533.39334,0.11613
1531.46454,0.11022
1529.53574,0.10671
1527.60695,0.10707
1525.67815,0.10805
1523.74935,0.10928
1521.82056,0.10971
1519.89176,0.10661
1517.96296,0.10281
1516.03417,0.09811
1514.10537,0.09307
1512.17657,0.09252
1510.24778,0.09861
1508.31898,0.10819
1506.39018,0.10653
1504.46139,0.09442
1502.53259,0.08914
1500.60379,0.09116
1498.67500,0.09681
1496.74620,0.10105
1494.81740,0.10264
1492.88861,0.10748
1490.95981,0.11897
1489.03101,0.13118
1487.10222,0.13704
1485.17342,0.14185
1483.24462,0.15084
1481.31583,0.16372
1479.38703,0.17823
1477.45823,0.19491
1475.52944,0.21471
1473.60064,0.23469
1471.67184,0.24801
1469.74305,0.25401
1467.81425,0.26085
1465.88545,0.27077
1463.95666,0.27786
1462.02786,0.28103
1460.09906,0.28598
1458.17027,0.29073
1456.24147,0.28200
1454.31267,0.26497
1452.38388,0.25050
1450.45508,0.23791
1448.52628,0.22440
1446.59749,0.20805
1444.66869,0.19162
1442.73989,0.17718
1440.81110,0.16552
1438.88230,0.15716
1436.95350,0.14780
1435.02471,0.13481
1433.09591,0.12387
1431.16711,0.11575
1429.23832,0.10747
1427.30952,0.09995
1425.38072,0.09498
1423.45193,0.09127
1421.52313,0.08893
1419.59433,0.08773
1417.66554,0.08268
1415.73674,0.07465
1413.80794,0.06879
1411.87915,0.06540
1409.95035,0.06272
1408.02155,0.06086
1406.09276,0.06000
1404.16396,0.05824
1402.23516,0.05633
1400.30637,0.05672
1398.37757,0.05812
1396.44877,0.05784
1394.51998,0.05466
1392.59118,0.04991
1390.66238,0.04748
1388.73359,0.04792
1386.80479,0.04732
1384.87599,0.04420
1382.94720,0.04168
1381.01840,0.04101
1379.08960,0.04125
1377.16081,0.04232
1375.23201,0.04365
1373.30321,0.04271
1371.37442,0.04009
1369.44562,0.03844
1367.51682,0.03776
1365.58803,0.03852
1363.65923,0.04073
1361.73043,0.04067
1359.80164,0.03768
1357.87284,0.03540
1355.94404,0.03467
1354.01525,0.03420
1352.08645,0.03361
1350.15765,0.03324
1348.22886,0.03292
1346.30006,0.03254
1344.37126,0.03279
1342.44247,0.03486
1340.51367,0.03805
1338.58487,0.03872
1336.65608,0.03609
1334.72728,0.03342
1332.79848,0.03226
1330.86969,0.03197
1328.94089,0.03176
1327.01209,0.03144
1325.08330,0.03118
1323.15450,0.03126
1321.22570,0.03192
1319.29691,0.03258
1317.36811,0.03239
1315.43931,0.03178
1313.51052,0.03124
1311.58172,0.03046
1309.65292,0.02968
1307.72413,0.02927
1305.79533,0.02900
1303.86653,0.02880
1301.93774,0.02870
1300.00894,0.02871
1298.08014,0.02880
1296.15135,0.02882
1294.22255,0.02873
1292.29375,0.02876
1290.36496,0.02904
1288.43616,0.02924
1286.50736,0.02905
1284.57857,0.02870
1282.64977,0.02858
1280.72097,0.02862
1278.79218,0.02865
1276.86338,0.02872
1274.93458,0.02898
1273.00579,0.02945
1271.07699,0.02983
1269.14820,0.02986
1267.21940,0.02967
1265.29060,0.02952
1263.36181,0.02954
1261.43301,0.02970
1259.50421,0.02972
1257.57542,0.02951
1255.64662,0.02936
1253.71782,0.02934
1251.78903,0.02938
1249.86023,0.02947
1247.93143,0.02958
1246.00264,0.02973
1244.07384,0.02986
1242.14504,0.02991
1240.21625,0.02991
1238.28745,0.02992
1236.35865,0.02998
1234.42986,0.03010
1232.50106,0.03027
1230.57226,0.03048
1228.64347,0.03075
1226.71467,0.03109
1224.78587,0.03140
1222.85708,0.03167
1220.92828,0.03201
1218.99948,0.03243
1217.07069,0.03290
1215.14189,0.03343
1213.21309,0.03406
1211.28430,0.03470
1209.35550,0.03533
1207.42670,0.03606
1205.49791,0.03691
1203.56911,0.03785
1201.64031,0.03890
1199.71152,0.04010
1197.78272,0.04146
1195.85392,0.04296
1193.92513,0.04466
1191.99633,0.04658
1190.06753,0.04882
1188.13874,0.05137
1186.20994,0.05415
1184.28114,0.05719
1182.35235,0.06062
1180.42355,0.06457
1178.49475,0.06898
1176.56596,0.07381
1174.63716,0.07897
1172.70836,0.08430
1170.77957,0.08975
1168.85077,0.09530
1166.92197,0.10075
1164.99318,0.10581
1163.06438,0.11022
1161.13558,0.11370
1159.20679,0.11600
1157.27799,0.11697
1155.34919,0.11655
1153.42040,0.11479
1151.49160,0.11180
1149.56280,0.10776
1147.63401,0.10292
1145.70521,0.09758
1143.77641,0.09205
1141.84762,0.08656
1139.91882,0.08130
1137.99002,0.07640
1136.06123,0.07189
1134.13243,0.06774
1132.20363,0.06401
1130.27484,0.06073
1128.34604,0.05783
1126.41724,0.05526
1124.48845,0.05299
1122.55965,0.05103
1120.63085,0.04932
1118.70206,0.04780
1116.77326,0.04647
1114.84446,0.04534
1112.91567,0.04437
1110.98687,0.04352
1109.05807,0.04280
1107.12928,0.04215
1105.20048,0.04157
1103.27168,0.04106
1101.34289,0.04066
1099.41409,0.04039
1097.48529,0.04020
1095.55650,0.04010
1093.62770,0.04010
1091.69890,0.04020
1089.77011,0.04037
1087.84131,0.04063
1085.91251,0.04100
1083.98372,0.04143
1082.05492,0.04191
1080.12612,0.04245
1078.19733,0.04303
1076.26853,0.04363
1074.33973,0.04423
1072.41094,0.04479
1070.48214,0.04525
1068.55334,0.04560
1066.62455,0.04586
1064.69575,0.04598
1062.76695,0.04595
1060.83816,0.04577
1058.90936,0.04542
1056.98056,0.04489
1055.05177,0.04428
1053.12297,0.04362
1051.19417,0.04292
1049.26538,0.04218
1047.33658,0.04146
1045.40778,0.04074
1043.47899,0.04000
1041.55019,0.03928
1039.62139,0.03861
1037.69260,0.03796
1035.76380,0.03731
1033.83500,0.03668
1031.90621,0.03608
1029.97741,0.03553
1028.04861,0.03505
1026.11982,0.03459
1024.19102,0.03413
1022.26222,0.03373
1020.33343,0.03340
1018.40463,0.03316
1016.47583,0.03296
1014.54704,0.03281
1012.61824,0.03267
1010.68944,0.03249
1008.76065,0.03215
1006.83185,0.03162
1004.90305,0.03095
1002.97426,0.03021
1001.04546,0.02950
999.11666,0.02889
997.18787,0.02838
995.25907,0.02797
993.33027,0.02761
991.40148,0.02723
989.47268,0.02687
987.54388,0.02649
985.61509,0.02608
983.68629,0.02565
981.75749,0.02524
979.82870,0.02487
977.89990,0.02449
975.97110,0.02408
974.04231,0.02367
972.11351,0.02330
970.18471,0.02298
968.25592,0.02262
966.32712,0.02221
964.39832,0.02180
962.46953,0.02142
960.54073,0.02104
958.61193,0.02067
956.68314,0.02030
954.75434,0.01995
952.82554,0.01961
950.89675,0.01928
948.96795,0.01893
947.03915,0.01855
945.11036,0.01813
943.18156,0.01772
941.25276,0.01733
939.32397,0.01694
937.39517,0.01652
935.46637,0.01609
933.53758,0.01564
931.60878,0.01518
929.67998,0.01472
927.75119,0.01425
925.82239,0.01377
923.89359,0.01329
921.96480,0.01278
920.03600,0.01227
918.10720,0.01174
916.17841,0.01120
914.24961,0.01069
912.32081,0.01021
910.39202,0.00972
908.46322,0.00921
906.53443,0.00868
904.60563,0.00816
902.67683,0.00767
900.74804,0.00718
898.81924,0.00670
896.89044,0.00625
894.96165,0.00583
893.03285,0.00532
891.10405,0.00473
889.17526,0.00416
887.24646,0.00363
885.31766,0.00308
883.38887,0.00256
881.46007,0.00207
879.53127,0.00162
877.60248,0.00123
875.67368,0.00084
873.74488,0.00042
871.81609,0.00002
869.88729,-0.00033
867.95849,-0.00066
866.02970,-0.00102
864.10090,-0.00140
862.17210,-0.00178
860.24331,-0.00209
858.31451,-0.00231
856.38571,-0.00250
854.45692,-0.00274
852.52812,-0.00305
850.59932,-0.00335
848.67053,-0.00359
846.74173,-0.00381
844.81293,-0.00400
842.88414,-0.00413
840.95534,-0.00423
839.02654,-0.00434
837.09775,-0.00446
835.16895,-0.00456
833.24015,-0.00470
831.31136,-0.00483
829.38256,-0.00487
827.45376,-0.00486
825.52497,-0.00484
823.59617,-0.00482
821.66737,-0.00480
819.73858,-0.00475
817.80978,-0.00462
815.88098,-0.00446
813.95219,-0.00436
812.02339,-0.00424
810.09459,-0.00402
808.16580,-0.00372
806.23700,-0.00337
804.30820,-0.00298
802.37941,-0.00252
800.45061,-0.00184
798.52181,-0.00094
796.59302,0.00009
794.66422,0.00124
792.73542,0.00237
790.80663,0.00331
788.87783,0.00418
786.94903,0.00500
785.02024,0.00538
783.09144,0.00507
781.16264,0.00420
779.23385,0.00297
777.30505,0.00144
775.37625,-0.00026
773.44746,-0.00175
771.51866,-0.00280
769.58986,-0.00357
767.66107,-0.00422
765.73227,-0.00477
763.80347,-0.00508
761.87468,-0.00521
759.94588,-0.00557
758.01708,-0.00608
756.08829,-0.00616
754.15949,-0.00588
752.23069,-0.00574
750.30190,-0.00582
748.37310,-0.00591
