3496.90832,0.02058
3494.97953,0.02308
3493.05073,0.02516
3491.12193,0.02533
3489.19314,0.02407
3487.26434,0.02320
3485.33554,0.02725
3483.40675,0.03364
3481.47795,0.03372
3479.54915,0.02978
3477.62036,0.02719
3475.69156,0.02516
3473.76276,0.02366
3471.83397,0.02499
3469.90517,0.02700
3467.97637,0.02708
3466.04758,0.02862
3464.11878,0.03158
3462.18998,0.03072
3460.26119,0.02814
3458.33239,0.03006
3456.40359,0.03533
3454.47480,0.03688
3452.54600,0.03589
3450.61721,0.04044
3448.68841,0.04665
3446.75961,0.04619
3444.83082,0.03742
3442.90202,0.02216
3440.97322,0.01209
3439.04443,0.01538
3437.11563,0.02270
3435.18683,0.02547
3433.25804,0.02626
3431.32924,0.02612
3429.40044,0.01914
3427.47165,0.00890
3425.54285,0.00364
3423.61405,0.00198
3421.68526,0.00264
3419.75646,0.00705
3417.82766,0.01253
3415.89887,0.01735
3413.97007,0.02076
3412.04127,0.01610
3410.11248,0.00251
3408.18368,-0.00448
3406.25488,0.00184
3404.32609,0.00784
3402.39729,0.00836
3400.46849,0.01039
3398.53970,0.01361
3396.61090,0.01473
3394.68210,0.01480
3392.75331,0.01445
3390.82451,0.01511
3388.89571,0.01798
3386.96692,0.02036
3385.03812,0.02096
3383.10932,0.02103
3381.18053,0.01913
3379.25173,0.01485
3377.32293,0.01464
3375.39414,0.02151
3373.46534,0.02565
3371.53654,0.02345
3369.60775,0.02613
3367.67895,0.03321
3365.75015,0.03392
3363.82136,0.03041
3361.89256,0.03119
3359.96376,0.03938
3358.03497,0.05259
3356.10617,0.05650
3354.17737,0.04443
3352.24858,0.03277
3350.31978,0.02807
3348.39098,0.02506
3346.46219,0.03109
3344.53339,0.04292
3342.60459,0.04595
3340.67580,0.04307
3338.74700,0.03828
3336.81820,0.02957
3334.88941,0.02264
3332.96061,0.02181
3331.03181,0.02406
3329.10302,0.02738
3327.17422,0.02891
3325.24542,0.02655
3323.31663,0.02281
3321.38783,0.02037
3319.45903,0.01978
3317.53024,0.01769
3315.60144,0.00973
3313.67264,0.00102
3311.74385,-0.00096
3309.81505,0.00256
3307.88625,0.00847
3305.95746,0.01296
3304.02866,0.01069
3302.09986,0.00174
3300.17107,-0.00682
3298.24227,-0.00710
3296.31347,0.00093
3294.38468,0.01142
3292.45588,0.01674
3290.52708,0.01039
3288.59829,-0.00250
3286.66949,-0.01033
3284.74069,-0.00806
3282.81190,-0.00148
3280.88310,-0.00012
3278.95430,-0.00465
3277.02551,-0.01077
3275.09671,-0.01557
3273.16791,-0.01686
3271.23912,-0.01521
3269.31032,-0.01330
3267.38152,-0.01001
3265.45273,-0.00462
3263.52393,-0.00321
3261.59513,-0.00841
3259.66634,-0.01275
3257.73754,-0.00812
3255.80874,0.00542
3253.87995,0.01610
3251.95115,0.01523
3250.02235,0.00916
3248.09356,0.00513
3246.16476,0.00510
3244.23596,0.00931
3242.30717,0.01242
3240.37837,0.00864
3238.44957,0.00220
3236.52078,0.00245
3234.59198,0.00809
3232.66318,0.01001
3230.73439,0.00762
3228.80559,0.00769
3226.87679,0.00973
3224.94800,0.01140
3223.01920,0.01565
3221.09040,0.02100
3219.16161,0.02178
3217.23281,0.01781
3215.30401,0.01535
3213.37522,0.01743
3211.44642,0.01904
3209.51762,0.01680
3207.58883,0.01511
3205.66003,0.01731
3203.73123,0.02008
3201.80244,0.02122
3199.87364,0.02294
3197.94484,0.02476
3196.01605,0.02515
3194.08725,0.02509
3192.15845,0.02623
3190.22966,0.02665
3188.30086,0.02433
3186.37206,0.02157
3184.44327,0.01776
3182.51447,0.01359
3180.58567,0.01422
3178.65688,0.01902
3176.72808,0.02140
3174.79928,0.01846
3172.87049,0.01457
3170.94169,0.01217
3169.01289,0.01055
3167.08410,0.00980
3165.15530,0.00842
3163.22650,0.00750
3161.29771,0.00862
3159.36891,0.01089
3157.44011,0.01382
3155.51132,0.01388
3153.58252,0.01013
3151.65372,0.00663
3149.72493,0.00407
3147.79613,0.00284
3145.86733,0.00376
3143.93854,0.00291
3142.00974,0.00014
3140.08094,0.00082
3138.15215,0.00351
3136.22335,0.00275
3134.29455,0.00002
3132.36576,0.00034
3130.43696,0.00329
3128.50816,0.00491
3126.57937,0.00519
3124.65057,0.00642
3122.72177,0.00766
3120.79298,0.00630
3118.86418,0.00359
3116.93538,0.00273
3115.00659,0.00251
3113.07779,0.00047
3111.14899,-0.00189
3109.22020,-0.00250
3107.29140,-0.00184
3105.36260,-0.00119
3103.43381,-0.00073
3101.50501,-0.00058
3099.57621,-0.00156
3097.64742,-0.00335
3095.71862,-0.00446
3093.78982,-0.00441
3091.86103,-0.00383
3089.93223,-0.00307
3088.00344,-0.00244
3086.07464,-0.00190
3084.14584,-0.00093
3082.21705,-0.00053
3080.28825,-0.00167
3078.35945,-0.00298
3076.43066,-0.00345
3074.50186,-0.00364
3072.57306,-0.00346
3070.64427,-0.00273
3068.71547,-0.00216
3066.78667,-0.00213
3064.85788,-0.00242
3062.92908,-0.00290
3061.00028,-0.00286
3059.07149,-0.00147
3057.14269,0.00005
3055.21389,0.00001
3053.28510,-0.00103
3051.35630,-0.00144
3049.42750,-0.00074
3047.49871,-0.00007
3045.56991,-0.00055
3043.64111,-0.00143
3041.71232,-0.00142
3039.78352,-0.00088
3037.85472,-0.00053
3035.92593,-0.00027
3033.99713,-0.00042
3032.06833,-0.00120
3030.13954,-0.00149
3028.21074,-0.00065
3026.28194,0.00009
3024.35315,-0.00013
3022.42435,-0.00077
3020.49555,-0.00149
3018.56676,-0.00189
3016.63796,-0.00144
3014.70916,-0.00048
3012.78037,0.00026
3010.85157,0.00021
3008.92277,-0.00027
3006.99398,-0.00027
3005.06518,0.00015
3003.13638,0.00022
3001.20759,-0.00018
2999.27879,-0.00038
2997.34999,-0.00004
2995.42120,0.00018
2993.49240,-0.00016
2991.56360,-0.00028
2989.63481,0.00032
2987.70601,0.00089
2985.77721,0.00104
2983.84842,0.00121
2981.91962,0.00156
2979.99082,0.00190
2978.06203,0.00196
2976.13323,0.00141
2974.20443,0.00087
2972.27564,0.00128
2970.34684,0.00198
2968.41804,0.00194
2966.48925,0.00128
2964.56045,0.00086
2962.63165,0.00088
2960.70286,0.00052
2958.77406,-0.00013
2956.84526,-0.00017
2954.91647,0.00031
2952.98767,0.00078
2951.05887,0.00131
2949.13008,0.00204
2947.20128,0.00273
2945.27248,0.00318
2943.34369,0.00294
2941.41489,0.00210
2939.48609,0.00156
2937.55730,0.00164
2935.62850,0.00206
2933.69970,0.00268
2931.77091,0.00339
2929.84211,0.00365
2927.91331,0.00320
2925.98452,0.00289
2924.05572,0.00299
2922.12692,0.00300
2920.19813,0.00304
2918.26933,0.00357
2916.34053,0.00441
2914.41174,0.00477
2912.48294,0.00434
2910.55414,0.00373
2908.62535,0.00344
2906.69655,0.00323
2904.76775,0.00297
2902.83896,0.00311
2900.91016,0.00359
2898.98136,0.00397
2897.05257,0.00410
2895.12377,0.00418
2893.19497,0.00431
2891.26618,0.00425
2889.33738,0.00407
2887.40858,0.00415
2885.47979,0.00449
2883.55099,0.00475
2881.62219,0.00490
2879.69340,0.00501
2877.76460,0.00499
2875.83580,0.00498
2873.90701,0.00508
2871.97821,0.00496
2870.04941,0.00481
2868.12062,0.00496
2866.19182,0.00524
2864.26302,0.00569
2862.33423,0.00634
2860.40543,0.00676
2858.47663,0.00685
2856.54784,0.00687
2854.61904,0.00703
2852.69024,0.00745
2850.76145,0.00809
2848.83265,0.00868
2846.90385,0.00891
2844.97506,0.00891
2843.04626,0.00895
2841.11746,0.00922
2839.18867,0.00972
2837.25987,0.01021
2835.33107,0.01044
2833.40228,0.01029
2831.47348,0.00990
2829.54468,0.00981
2827.61589,0.01002
2825.68709,0.01019
2823.75829,0.01029
2821.82950,0.01043
2819.90070,0.01058
2817.97190,0.01069
2816.04311,0.01076
2814.11431,0.01082
2812.18551,0.01067
2810.25672,0.01028
2808.32792,0.01001
2806.39912,0.01003
2804.47033,0.01004
2802.54153,0.00993
2800.61273,0.00983
2798.68394,0.00979
2796.75514,0.00984
2794.82634,0.00998
2792.89755,0.01007
2790.96875,0.01001
2789.03995,0.00970
2787.11116,0.00920
2785.18236,0.00889
2783.25356,0.00898
2781.32477,0.00911
2779.39597,0.00891
2777.46717,0.00851
2775.53838,0.00828
2773.60958,0.00826
2771.68078,0.00832
2769.75199,0.00831
2767.82319,0.00820
2765.89439,0.00801
2763.96560,0.00775
2762.03680,0.00760
2760.10800,0.00766
2758.17921,0.00785
2756.25041,0.00792
2754.32161,0.00781
2752.39282,0.00771
2750.46402,0.00762
2748.53522,0.00762
2746.60643,0.00772
2744.67763,0.00771
2742.74883,0.00760
2740.82004,0.00763
2738.89124,0.00782
2736.96244,0.00797
2735.03365,0.00802
2733.10485,0.00795
2731.17605,0.00777
2729.24726,0.00776
2727.31846,0.00792
2725.38967,0.00792
2723.46087,0.00777
2721.53207,0.00769
2719.60328,0.00760
2717.67448,0.00756
2715.74568,0.00766
2713.81689,0.00777
2711.88809,0.00777
2709.95929,0.00777
2708.03050,0.00779
2706.10170,0.00784
2704.17290,0.00793
2702.24411,0.00794
2700.31531,0.00791
2698.38651,0.00795
2696.45772,0.00796
2694.52892,0.00781
2692.60012,0.00766
2690.67133,0.00782
2688.74253,0.00817
2686.81373,0.00829
2684.88494,0.00810
2682.95614,0.00778
2681.02734,0.00753
2679.09855,0.00747
2677.16975,0.00749
2675.24095,0.00751
2673.31216,0.00752
2671.38336,0.00757
2669.45456,0.00776
2667.52577,0.00797
2665.59697,0.00788
2663.66817,0.00754
2661.73938,0.00727
2659.81058,0.00725
2657.88178,0.00734
2655.95299,0.00749
2654.02419,0.00772
2652.09539,0.00790
2650.16660,0.00805
2648.23780,0.00825
2646.30900,0.00832
2644.38021,0.00829
2642.45141,0.00837
2640.52261,0.00851
2638.59382,0.00859
2636.66502,0.00860
2634.73622,0.00860
2632.80743,0.00865
2630.87863,0.00871
2628.94983,0.00873
2627.02104,0.00878
2625.09224,0.00908
2623.16344,0.00961
2621.23465,0.00997
2619.30585,0.00991
2617.37705,0.00981
2615.44826,0.01005
2613.51946,0.01040
2611.59066,0.01052
2609.66187,0.01051
2607.73307,0.01053
2605.80427,0.01053
2603.87548,0.01042
2601.94668,0.01040
2600.01788,0.01061
2598.08909,0.01091
2596.16029,0.01131
2594.23149,0.01166
2592.30270,0.01184
2590.37390,0.01199
2588.44510,0.01196
2586.51631,0.01159
2584.58751,0.01122
2582.65871,0.01115
2580.72992,0.01137
2578.80112,0.01139
2576.87232,0.01096
2574.94353,0.01050
2573.01473,0.01043
2571.08593,0.01065
2569.15714,0.01081
2567.22834,0.01072
2565.29954,0.01044
2563.37075,0.01024
2561.44195,0.01035
2559.51315,0.01073
2557.58436,0.01104
2555.65556,0.01113
2553.72676,0.01115
2551.79797,0.01128
2549.86917,0.01144
2547.94037,0.01162
2546.01158,0.01171
2544.08278,0.01130
2542.15398,0.01074
2540.22519,0.01066
2538.29639,0.01078
2536.36759,0.01056
2534.43880,0.01027
2532.51000,0.01022
2530.58120,0.01023
2528.65241,0.01046
2526.72361,0.01087
2524.79481,0.01066
2522.86602,0.01000
2520.93722,0.00987
2519.00842,0.01020
2517.07963,0.01029
2515.15083,0.01007
2513.22203,0.00983
2511.29324,0.00986
2509.36444,0.01029
2507.43564,0.01087
2505.50685,0.01120
2503.57805,0.01115
2501.64925,0.01088
2499.72046,0.01060
2497.79166,0.01036
2495.86286,0.01016
2493.93407,0.01007
2492.00527,0.01012
2490.07647,0.01030
2488.14768,0.01058
2486.21888,0.01078
2484.29008,0.01080
2482.36129,0.01073
2480.43249,0.01054
2478.50369,0.01024
2476.57490,0.01005
2474.64610,0.01007
2472.71730,0.01017
2470.78851,0.01013
2468.85971,0.01000
2466.93091,0.00996
2465.00212,0.00988
2463.07332,0.00958
2461.14452,0.00944
2459.21573,0.00967
2457.28693,0.00980
2455.35813,0.00961
2453.42934,0.00950
2451.50054,0.00958
2449.57174,0.00971
2447.64295,0.00998
2445.71415,0.01003
2443.78535,0.00952
2441.85656,0.00895
2439.92776,0.00883
2437.99896,0.00899
2436.07017,0.00896
2434.14137,0.00867
2432.21257,0.00839
2430.28378,0.00820
2428.35498,0.00797
2426.42618,0.00765
2424.49739,0.00742
2422.56859,0.00734
2420.63979,0.00725
2418.71100,0.00719
2416.78220,0.00719
2414.85340,0.00730
2412.92461,0.00747
2410.99581,0.00739
2409.06701,0.00697
2407.13822,0.00648
2405.20942,0.00618
2403.28062,0.00606
2401.35183,0.00597
2399.42303,0.00567
2397.49423,0.00518
2395.56544,0.00480
2393.63664,0.00464
2391.70784,0.00450
2389.77905,0.00444
2387.85025,0.00488
2385.92145,0.00596
2383.99266,0.00764
2382.06386,0.01014
2380.13506,0.01352
2378.20627,0.01730
2376.27747,0.02101
2374.34867,0.02490
2372.41988,0.02920
2370.49108,0.03362
2368.56228,0.03772
2366.63349,0.04120
2364.70469,0.04412
2362.77589,0.04672
2360.84710,0.04841
2358.91830,0.04756
2356.98951,0.04388
2355.06071,0.03889
2353.13191,0.03326
2351.20312,0.02779
2349.27432,0.02480
2347.34552,0.02568
2345.41673,0.02914
2343.48793,0.03152
2341.55913,0.03174
2339.63034,0.03153
2337.70154,0.03107
2335.77274,0.03018
2333.84395,0.02952
2331.91515,0.02922
2329.98635,0.02861
2328.05756,0.02747
2326.12876,0.02624
2324.19996,0.02544
2322.27117,0.02476
2320.34237,0.02340
2318.41357,0.02152
2316.48478,0.02005
2314.55598,0.01928
2312.62718,0.01883
2310.69839,0.01816
2308.76959,0.01699
2306.84079,0.01564
2304.91200,0.01443
2302.98320,0.01329
2301.05440,0.01239
2299.12561,0.01186
2297.19681,0.01139
2295.26801,0.01081
2293.33922,0.01032
2291.41042,0.01002
2289.48162,0.00971
2287.55283,0.00934
2285.62403,0.00919
2283.69523,0.00953
2281.76644,0.01027
2279.83764,0.01093
2277.90884,0.01137
2275.98005,0.01213
2274.05125,0.01314
2272.12245,0.01355
2270.19366,0.01341
2268.26486,0.01387
2266.33606,0.01518
2264.40727,0.01616
2262.47847,0.01649
2260.54967,0.01695
2258.62088,0.01788
2256.69208,0.01881
2254.76328,0.01909
2252.83449,0.01855
2250.90569,0.01779
2248.97689,0.01794
2247.04810,0.01930
2245.11930,0.02087
2243.19050,0.02169
2241.26171,0.02156
2239.33291,0.02129
2237.40411,0.02204
2235.47532,0.02349
2233.54652,0.02424
2231.61772,0.02423
2229.68893,0.02434
2227.76013,0.02480
2225.83133,0.02573
2223.90254,0.02668
2221.97374,0.02702
2220.04494,0.02756
2218.11615,0.02868
2216.18735,0.02978
2214.25855,0.03121
2212.32976,0.03244
2210.40096,0.03195
2208.47216,0.03072
2206.54337,0.03081
2204.61457,0.03227
2202.68577,0.03406
2200.75698,0.03526
2198.82818,0.03572
2196.89938,0.03575
2194.97059,0.03580
2193.04179,0.03690
2191.11299,0.03895
2189.18420,0.04016
2187.25540,0.03980
2185.32660,0.04009
2183.39781,0.04282
2181.46901,0.04617
2179.54021,0.04779
2177.61142,0.04737
2175.68262,0.04570
2173.75382,0.04377
2171.82503,0.04251
2169.89623,0.04276
2167.96743,0.04422
2166.03864,0.04661
2164.10984,0.05075
2162.18104,0.05609
2160.25225,0.06063
2158.32345,0.06055
2156.39465,0.05411
2154.46586,0.04655
2152.53706,0.04132
2150.60826,0.03761
2148.67947,0.03431
2146.75067,0.03080
2144.82187,0.02760
2142.89308,0.02522
2140.96428,0.02325
2139.03548,0.02158
2137.10669,0.01945
2135.17789,0.01639
2133.24909,0.01372
2131.32030,0.01210
2129.39150,0.01045
2127.46270,0.00836
2125.53391,0.00666
2123.60511,0.00584
2121.67631,0.00573
2119.74752,0.00576
2117.81872,0.00549
2115.88992,0.00537
2113.96113,0.00551
2112.03233,0.00537
2110.10353,0.00514
2108.17474,0.00535
2106.24594,0.00585
2104.31714,0.00642
2102.38835,0.00689
2100.45955,0.00681
2098.53075,0.00622
2096.60196,0.00589
2094.67316,0.00616
2092.74436,0.00624
2090.81557,0.00569
2088.88677,0.00488
2086.95797,0.00426
2085.02918,0.00430
2083.10038,0.00479
2081.17158,0.00516
2079.24279,0.00567
2077.31399,0.00675
2075.38519,0.00789
2073.45640,0.00889
2071.52760,0.00974
2069.59880,0.00981
2067.67001,0.00958
2065.74121,0.00993
2063.81241,0.01047
2061.88362,0.01072
2059.95482,0.01101
2058.02602,0.01155
2056.09723,0.01159
2054.16843,0.01077
2052.23963,0.01035
2050.31084,0.01191
2048.38204,0.01515
2046.45324,0.01814
2044.52445,0.02045
2042.59565,0.02221
2040.66685,0.02313
2038.73806,0.02366
2036.80926,0.02389
2034.88046,0.02368
2032.95167,0.02379
2031.02287,0.02358
2029.09407,0.02208
2027.16528,0.02125
2025.23648,0.02283
2023.30768,0.02466
2021.37889,0.02394
2019.45009,0.02225
2017.52129,0.02147
2015.59250,0.02059
2013.66370,0.01991
2011.73490,0.02042
2009.80611,0.02162
2007.87731,0.02181
2005.94851,0.02011
2004.01972,0.01749
2002.09092,0.01478
2000.16212,0.01254
1998.23333,0.01172
1996.30453,0.01282
1994.37574,0.01430
1992.44694,0.01431
1990.51814,0.01304
1988.58935,0.01185
1986.66055,0.01155
1984.73175,0.01225
1982.80296,0.01406
1980.87416,0.01628
1978.94536,0.01778
1977.01657,0.01833
1975.08777,0.01736
1973.15897,0.01557
1971.23018,0.01492
1969.30138,0.01491
1967.37258,0.01417
1965.44379,0.01311
1963.51499,0.01191
1961.58619,0.00988
1959.65740,0.00772
1957.72860,0.00645
1955.79980,0.00563
1953.87101,0.00481
1951.94221,0.00386
1950.01341,0.00284
1948.08462,0.00266
1946.15582,0.00371
1944.22702,0.00480
1942.29823,0.00408
1940.36943,0.00176
1938.44063,-0.00012
1936.51184,-0.00116
1934.58304,-0.00194
1932.65424,-0.00233
1930.72545,-0.00229
1928.79665,-0.00222
1926.86785,-0.00193
1924.93906,-0.00097
1923.01026,-0.00008
1921.08146,0.00012
1919.15267,0.00025
1917.22387,-0.00016
1915.29507,-0.00139
1913.36628,-0.00206
1911.43748,-0.00176
1909.50868,-0.00156
1907.57989,-0.00202
1905.65109,-0.00278
1903.72229,-0.00342
1901.79350,-0.00387
1899.86470,-0.00406
1897.93590,-0.00391
1896.00711,-0.00373
1894.07831,-0.00391
1892.14951,-0.00377
1890.22072,-0.00327
1888.29192,-0.00377
1886.36312,-0.00479
1884.43433,-0.00504
1882.50553,-0.00500
1880.57673,-0.00522
1878.64794,-0.00556
1876.71914,-0.00568
1874.79034,-0.00540
1872.86155,-0.00415
1870.93275,-0.00145
1869.00395,0.00070
1867.07516,-0.00047
1865.14636,-0.00315
1863.21756,-0.00462
1861.28877,-0.00495
1859.35997,-0.00506
1857.43117,-0.00538
1855.50238,-0.00581
1853.57358,-0.00606
1851.64478,-0.00582
1849.71599,-0.00480
1847.78719,-0.00303
1845.85839,-0.00094
1843.92960,-0.00067
1842.00080,-0.00304
1840.07200,-0.00502
1838.14321,-0.00543
1836.21441,-0.00542
1834.28561,-0.00515
1832.35682,-0.00340
1830.42802,-0.00111
1828.49922,-0.00085
1826.57043,-0.00166
1824.64163,-0.00251
1822.71283,-0.00401
1820.78404,-0.00515
1818.85524,-0.00530
1816.92644,-0.00528
1814.99765,-0.00507
1813.06885,-0.00394
1811.14005,-0.00287
1809.21126,-0.00326
1807.28246,-0.00439
1805.35366,-0.00456
1803.42487,-0.00314
1801.49607,-0.00152
1799.56727,-0.00158
1797.63848,-0.00241
1795.70968,-0.00192
1793.78088,-0.00002
1791.85209,0.00040
1789.92329,-0.00227
1787.99449,-0.00451
1786.06570,-0.00466
1784.13690,-0.00403
1782.20810,-0.00335
1780.27931,-0.00304
1778.35051,-0.00324
1776.42171,-0.00238
1774.49292,0.00056
1772.56412,0.00339
1770.63532,0.00275
1768.70653,-0.00006
1766.77773,-0.00265
1764.84893,-0.00343
1762.92014,-0.00231
1760.99134,-0.00168
1759.06254,-0.00205
1757.13375,-0.00243
1755.20495,-0.00281
1753.27615,-0.00155
1751.34736,0.00209
1749.41856,0.00429
1747.48976,0.00288
1745.56097,0.00084
1743.63217,-0.00011
1741.70337,-0.00032
1739.77458,-0.00079
1737.84578,-0.00090
1735.91698,0.00151
1733.98819,0.00469
1732.05939,0.00316
1730.13059,-0.00074
1728.20180,-0.00393
1726.27300,-0.00533
1724.34420,-0.00474
1722.41541,-0.00312
1720.48661,0.00059
1718.55781,0.00718
1716.62902,0.01119
1714.70022,0.00880
1712.77142,0.00556
1710.84263,0.00524
1708.91383,0.00831
1706.98503,0.01401
1705.05624,0.01990
1703.12744,0.02539
1701.19864,0.03415
1699.26985,0.04453
1697.34105,0.05176
1695.41225,0.05800
1693.48346,0.06441
1691.55466,0.07387
1689.62586,0.08830
1687.69707,0.10455
1685.76827,0.12427
1683.83947,0.14892
1681.91068,0.16498
1679.98188,0.17533
1678.05308,0.18814
1676.12429,0.20513
1674.19549,0.22344
1672.26669,0.23880
1670.33790,0.25331
1668.40910,0.26449
1666.48030,0.27009
1664.55151,0.27609
1662.62271,0.28281
1660.69391,0.28578
1658.76512,0.28692
1656.83632,0.29055
1654.90752,0.29810
1652.97873,0.30297
1651.04993,0.29991
1649.12113,0.30067
1647.19234,0.30601
1645.26354,0.30937
1643.33474,0.31273
1641.40595,0.32169
1639.47715,0.33669
1637.54835,0.35823
1635.61956,0.38564
1633.69076,0.40707
1631.76197,0.42317
1629.83317,0.44281
1627.90437,0.46529
1625.97558,0.48497
1624.04678,0.50043
1622.11798,0.51007
1620.18919,0.51441
1618.26039,0.51770
1616.33159,0.51784
1614.40280,0.51367
1612.47400,0.51126
1610.54520,0.51284
1608.61641,0.51760
1606.68761,0.52432
1604.75881,0.53348
1602.83002,0.54498
1600.90122,0.55706
1598.97242,0.56860
1597.04363,0.57912
1595.11483,0.58710
1593.18603,0.59028
1591.25724,0.58843
1589.32844,0.58176
1587.39964,0.57026
1585.47085,0.55459
1583.54205,0.53527
1581.61325,0.51385
1579.68446,0.49348
1577.75566,0.47173
1575.82686,0.44077
1573.89807,0.41106
1571.96927,0.38948
1570.04047,0.36597
1568.11168,0.33938
1566.18288,0.31662
1564.25408,0.29814
1562.32529,0.28620
1560.39649,0.27847
1558.46769,0.25930
1556.53890,0.23505
1554.61010,0.21773
1552.68130,0.20398
1550.75251,0.19246
1548.82371,0.18204
1546.89491,0.17494
1544.96612,0.17221
1543.03732,0.17141
1541.10852,0.16774
1539.17973,0.15469
1537.25093,0.14236
1535.32213,0.13687
1533.39334,0.13260
1531.46454,0.12638
1529.53574,0.12242
1527.60695,0.12149
1525.67815,0.12101
1523.74935,0.12087
1521.82056,0.12006
1519.89176,0.11657
1517.96296,0.11275
1516.03417,0.10831
1514.10537,0.10375
1512.17657,0.10281
1510.24778,0.10708
1508.31898,0.11413
1506.39018,0.11266
1504.46139,0.10333
1502.53259,0.09949
1500.60379,0.10154
1498.67500,0.10674
1496.74620,0.11134
1494.81740,0.11415
1492.88861,0.11959
1490.95981,0.13079
1489.03101,0.14358
1487.10222,0.15188
1485.17342,0.15935
1483.24462,0.17035
1481.31583,0.18503
1479.38703,0.20134
1477.45823,0.21946
1475.52944,0.24042
1473.60064,0.26239
1471.67184,0.27978
1469.74305,0.29008
1467.81425,0.29978
1465.88545,0.31199
1463.95666,0.32190
1462.02786,0.32742
1460.09906,0.33308
1458.17027,0.33769
1456.24147,0.33044
1454.31267,0.31545
1452.38388,0.30160
1450.45508,0.28820
1448.52628,0.27288
1446.59749,0.25456
1444.66869,0.23621
1442.73989,0.21938
1440.81110,0.20487
1438.88230,0.19317
1436.95350,0.17997
1435.02471,0.16418
1433.09591,0.15147
1431.16711,0.14138
1429.23832,0.13117
1427.30952,0.12207
1425.38072,0.11536
1423.45193,0.10986
1421.52313,0.10583
1419.59433,0.10271
1417.66554,0.09661
1415.73674,0.08870
1413.80794,0.08274
1411.87915,0.07872
1409.95035,0.07529
1408.02155,0.07260
1406.09276,0.07071
1404.16396,0.06820
1402.23516,0.06580
1400.30637,0.06528
1398.37757,0.06554
1396.44877,0.06457
1394.51998,0.06145
1392.59118,0.05720
1390.66238,0.05484
1388.73359,0.05472
1386.80479,0.05382
1384.87599,0.05104
1382.94720,0.04877
1381.01840,0.04793
1379.08960,0.04782
1377.16081,0.04836
1375.23201,0.04908
1373.30321,0.04801
1371.37442,0.04567
1369.44562,0.04409
1367.51682,0.04327
1365.58803,0.04357
1363.65923,0.04497
1361.73043,0.04461
1359.80164,0.04203
1357.87284,0.04004
1355.94404,0.03927
1354.01525,0.03872
1352.08645,0.03811
1350.15765,0.03771
1348.22886,0.03738
1346.30006,0.03702
1344.37126,0.03720
1342.44247,0.03880
1340.51367,0.04131
1338.58487,0.04196
1336.65608,0.04014
1334.72728,0.03827
1332.79848,0.03748
1330.86969,0.03727
1328.94089,0.03703
1327.01209,0.03666
1325.08330,0.03629
1323.15450,0.03617
1321.22570,0.03645
1319.29691,0.03667
1317.36811,0.03624
1315.43931,0.03553
1313.51052,0.03491
1311.58172,0.03412
1309.65292,0.03335
1307.72413,0.03289
1305.79533,0.03256
1303.86653,0.03233
1301.93774,0.03221
1300.00894,0.03217
1298.08014,0.03222
1296.15135,0.03225
1294.22255,0.03225
1292.29375,0.03235
1290.36496,0.03262
1288.43616,0.03284
1286.50736,0.03276
1284.57857,0.03255
1282.64977,0.03251
1280.72097,0.03261
1278.79218,0.03269
1276.86338,0.03277
1274.93458,0.03299
1273.00579,0.03335
1271.07699,0.03363
1269.14820,0.03361
1267.21940,0.03342
1265.29060,0.03324
1263.36181,0.03318
1261.43301,0.03324
1259.50421,0.03317
1257.57542,0.03295
1255.64662,0.03278
1253.71782,0.03275
1251.78903,0.03281
1249.86023,0.03296
1247.93143,0.03314
1246.00264,0.03334
1244.07384,0.03354
1242.14504,0.03371
1240.21625,0.03384
1238.28745,0.03395
1236.35865,0.03408
1234.42986,0.03425
1232.50106,0.03445
1230.57226,0.03469
1228.64347,0.03501
1226.71467,0.03537
1224.78587,0.03571
1222.85708,0.03600
1220.92828,0.03633
1218.99948,0.03672
1217.07069,0.03715
1215.14189,0.03765
1213.21309,0.03827
1211.28430,0.03893
1209.35550,0.03965
1207.42670,0.04051
1205.49791,0.04153
1203.56911,0.04268
1201.64031,0.04398
1199.71152,0.04546
1197.78272,0.04716
1195.85392,0.04905
1193.92513,0.05115
1191.99633,0.05352
1190.06753,0.05623
1188.13874,0.05929
1186.20994,0.06267
1184.28114,0.06638
1182.35235,0.07057
1180.42355,0.07531
1178.49475,0.08057
1176.56596,0.08623
1174.63716,0.09221
1172.70836,0.09841
1170.77957,0.10477
1168.85077,0.11122
1166.92197,0.11752
1164.99318,0.12337
1163.06438,0.12848
1161.13558,0.13256
1159.20679,0.13530
1157.27799,0.13652
1155.34919,0.13612
1153.42040,0.13416
1151.49160,0.13080
1149.56280,0.12622
1147.63401,0.12066
1145.70521,0.11450
1143.77641,0.10809
1141.84762,0.10172
1139.91882,0.09561
1137.99002,0.08990
1136.06123,0.08460
1134.13243,0.07971
1132.20363,0.07529
1130.27484,0.07136
1128.34604,0.06788
1126.41724,0.06476
1124.48845,0.06195
1122.55965,0.05948
1120.63085,0.05732
1118.70206,0.05540
1116.77326,0.05369
1114.84446,0.05221
1112.91567,0.05095
1110.98687,0.04985
1109.05807,0.04892
1107.12928,0.04814
1105.20048,0.04745
1103.27168,0.04685
1101.34289,0.04640
1099.41409,0.04612
1097.48529,0.04595
1095.55650,0.04587
1093.62770,0.04588
1091.69890,0.04600
1089.77011,0.04620
1087.84131,0.04648
1085.91251,0.04684
1083.98372,0.04727
1082.05492,0.04777
1080.12612,0.04832
1078.19733,0.04889
1076.26853,0.04944
1074.33973,0.04998
1072.41094,0.05045
1070.48214,0.05081
1068.55334,0.05107
1066.62455,0.05123
1064.69575,0.05131
1062.76695,0.05127
1060.83816,0.05107
1058.90936,0.05070
1056.98056,0.05019
1055.05177,0.04962
1053.12297,0.04899
1051.19417,0.04830
1049.26538,0.04756
1047.33658,0.04683
1045.40778,0.04610
1043.47899,0.04536
1041.55019,0.04464
1039.62139,0.04392
1037.69260,0.04319
1035.76380,0.04244
1033.83500,0.04170
1031.90621,0.04099
1029.97741,0.04032
1028.04861,0.03970
1026.11982,0.03907
1024.19102,0.03845
1022.26222,0.03787
1020.33343,0.03737
1018.40463,0.03697
1016.47583,0.03666
1014.54704,0.03641
1012.61824,0.03622
1010.68944,0.03600
1008.76065,0.03565
1006.83185,0.03512
1004.90305,0.03443
1002.97426,0.03365
1001.04546,0.03290
999.11666,0.03228
997.18787,0.03178
995.25907,0.03140
993.33027,0.03106
991.40148,0.03068
989.47268,0.03029
987.54388,0.02989
985.61509,0.02944
983.68629,0.02893
981.75749,0.02837
979.82870,0.02779
977.89990,0.02720
975.97110,0.02660
974.04231,0.02600
972.11351,0.02543
970.18471,0.02490
968.25592,0.02437
966.32712,0.02383
964.39832,0.02332
962.46953,0.02285
960.54073,0.02241
958.61193,0.02198
956.68314,0.02159
954.75434,0.02123
952.82554,0.02088
950.89675,0.02054
948.96795,0.02020
947.03915,0.01981
945.11036,0.01940
943.18156,0.01900
941.25276,0.01860
939.32397,0.01816
937.39517,0.01770
935.46637,0.01720
933.53758,0.01666
931.60878,0.01605
929.67998,0.01542
927.75119,0.01476
925.82239,0.01408
923.89359,0.01338
921.96480,0.01269
920.03600,0.01199
918.10720,0.01127
916.17841,0.01054
914.24961,0.00988
912.32081,0.00931
910.39202,0.00877
908.46322,0.00822
906.53443,0.00766
904.60563,0.00710
902.67683,0.00659
900.74804,0.00610
898.81924,0.00562
896.89044,0.00514
894.96165,0.00465
893.03285,0.00409
891.10405,0.00345
889.17526,0.00281
887.24646,0.00219
885.31766,0.00157
883.38887,0.00092
881.46007,0.00025
879.53127,-0.00044
877.60248,-0.00110
875.67368,-0.00173
873.74488,-0.00236
871.81609,-0.00292
869.88729,-0.00343
867.95849,-0.00390
866.02970,-0.00437
864.10090,-0.00481
862.17210,-0.00521
860.24331,-0.00555
858.31451,-0.00580
856.38571,-0.00601
854.45692,-0.00624
852.52812,-0.00651
850.59932,-0.00676
848.67053,-0.00698
846.74173,-0.00719
844.81293,-0.00742
842.88414,-0.00759
840.95534,-0.00771
839.02654,-0.00784
837.09775,-0.00801
835.16895,-0.00821
833.24015,-0.00842
831.31136,-0.00867
829.38256,-0.00887
827.45376,-0.00895
825.52497,-0.00899
823.59617,-0.00909
821.66737,-0.00919
819.73858,-0.00924
817.80978,-0.00919
815.88098,-0.00906
813.95219,-0.00889
812.02339,-0.00867
810.09459,-0.00839
808.16580,-0.00802
806.23700,-0.00750
804.30820,-0.00684
802.37941,-0.00608
800.45061,-0.00510
798.52181,-0.00390
796.59302,-0.00260
794.66422,-0.00125
792.73542,0.00011
790.80663,0.00137
788.87783,0.00245
786.94903,0.00325
785.02024,0.00357
783.09144,0.00319
781.16264,0.00206
779.23385,0.00034
777.30505,-0.00163
775.37625,-0.00369
773.44746,-0.00565
771.51866,-0.00721
769.58986,-0.00834
767.66107,-0.00915
765.73227,-0.00966
763.80347,-0.00991
761.87468,-0.01016
759.94588,-0.01057
758.01708,-0.01091
756.08829,-0.01108
754.15949,-0.01126
752.23069,-0.01139
750.30190,-0.01116
748.37310,-0.01054
