3496.90832,0.01382
3494.97953,0.01861
3493.05073,0.02151
3491.12193,0.02217
3489.19314,0.02590
3487.26434,0.02915
3485.33554,0.02846
3483.40675,0.02851
3481.47795,0.02939
3479.54915,0.02845
3477.62036,0.02726
3475.69156,0.02785
3473.76276,0.03118
3471.83397,0.03621
3469.90517,0.03857
3467.97637,0.03516
3466.04758,0.02816
3464.11878,0.02316
3462.18998,0.02396
3460.26119,0.02945
3458.33239,0.03435
3456.40359,0.03559
3454.47480,0.03478
3452.54600,0.03410
3450.61721,0.03507
3448.68841,0.03650
3446.75961,0.03488
3444.83082,0.02929
3442.90202,0.02126
3440.97322,0.01778
3439.04443,0.02170
3437.11563,0.02270
3435.18683,0.01649
3433.25804,0.01100
3431.32924,0.01114
3429.40044,0.01195
3427.47165,0.01158
3425.54285,0.01396
3423.61405,0.01642
3421.68526,0.01741
3419.75646,0.01823
3417.82766,0.01641
3415.89887,0.01486
3413.97007,0.01516
3412.04127,0.00801
3410.11248,-0.00445
3408.18368,-0.00580
3406.25488,0.00422
3404.32609,0.01173
3402.39729,0.01298
3400.46849,0.01200
3398.53970,0.01264
3396.61090,0.01670
3394.68210,0.02009
3392.75331,0.02036
3390.82451,0.02062
3388.89571,0.01980
3386.96692,0.01511
3385.03812,0.01056
3383.10932,0.01051
3381.18053,0.01379
3379.25173,0.01635
3377.32293,0.01872
3375.39414,0.02284
3373.46534,0.02514
3371.53654,0.02833
3369.60775,0.03659
3367.67895,0.03935
3365.75015,0.02993
3363.82136,0.02043
3361.89256,0.02392
3359.96376,0.03835
3358.03497,0.05202
3356.10617,0.05335
3354.17737,0.04139
3352.24858,0.02941
3350.31978,0.02624
3348.39098,0.02815
3346.46219,0.03231
3344.53339,0.03823
3342.60459,0.04596
3340.67580,0.05066
3338.74700,0.04461
3336.81820,0.03147
3334.88941,0.02055
3332.96061,0.01830
3331.03181,0.02348
3329.10302,0.02720
3327.17422,0.02493
3325.24542,0.02045
3323.31663,0.01974
3321.38783,0.02289
3319.45903,0.02400
3317.53024,0.02087
3315.60144,0.01492
3313.67264,0.00976
3311.74385,0.00659
3309.81505,0.00317
3307.88625,0.00342
3305.95746,0.00757
3304.02866,0.00720
3302.09986,0.00032
3300.17107,-0.00836
3298.24227,-0.01370
3296.31347,-0.01201
3294.38468,-0.00613
3292.45588,-0.00086
3290.52708,0.00195
3288.59829,0.00231
3286.66949,0.00203
3284.74069,0.00302
3282.81190,0.00394
3280.88310,0.00147
3278.95430,-0.00269
3277.02551,-0.00678
3275.09671,-0.01328
3273.16791,-0.01745
3271.23912,-0.01370
3269.31032,-0.00850
3267.38152,-0.00775
3265.45273,-0.00775
3263.52393,-0.00635
3261.59513,-0.00480
3259.66634,-0.00114
3257.73754,0.00241
3255.80874,0.00235
3253.87995,0.00238
3251.95115,0.00595
3250.02235,0.01014
3248.09356,0.01080
3246.16476,0.01180
3244.23596,0.01610
3242.30717,0.01703
3240.37837,0.01311
3238.44957,0.01093
3236.52078,0.01469
3234.59198,0.01920
3232.66318,0.01758
3230.73439,0.01400
3228.80559,0.01552
3226.87679,0.01738
3224.94800,0.01339
3223.01920,0.00868
3221.09040,0.00636
3219.16161,0.00396
3217.23281,0.00656
3215.30401,0.01673
3213.37522,0.02474
3211.44642,0.02582
3209.51762,0.02587
3207.58883,0.02655
3205.66003,0.02487
3203.73123,0.02134
3201.80244,0.01676
3199.87364,0.01208
3197.94484,0.00989
3196.01605,0.01078
3194.08725,0.01312
3192.15845,0.01456
3190.22966,0.01401
3188.30086,0.01296
3186.37206,0.01236
3184.44327,0.01221
3182.51447,0.01285
3180.58567,0.01200
3178.65688,0.00836
3176.72808,0.00654
3174.79928,0.00966
3172.87049,0.01276
3170.94169,0.01059
3169.01289,0.00719
3167.08410,0.00632
3165.15530,0.00599
3163.22650,0.00620
3161.29771,0.00684
3159.36891,0.00763
3157.44011,0.01028
3155.51132,0.01221
3153.58252,0.01042
3151.65372,0.00804
3149.72493,0.00723
3147.79613,0.00588
3145.86733,0.00372
3143.93854,0.00141
3142.00974,0.00034
3140.08094,0.00249
3138.15215,0.00456
3136.22335,0.00358
3134.29455,0.00226
3132.36576,0.00224
3130.43696,0.00207
3128.50816,0.00181
3126.57937,0.00323
3124.65057,0.00639
3122.72177,0.00846
3120.79298,0.00716
3118.86418,0.00455
3116.93538,0.00377
3115.00659,0.00352
3113.07779,0.00135
3111.14899,-0.00139
3109.22020,-0.00206
3107.29140,-0.00110
3105.36260,-0.00045
3103.43381,-0.00008
3101.50501,0.00036
3099.57621,0.00033
3097.64742,-0.00049
3095.71862,-0.00160
3093.78982,-0.00215
3091.86103,-0.00185
3089.93223,-0.00055
3088.00344,0.00078
3086.07464,0.00061
3084.14584,-0.00038
3082.21705,-0.00072
3080.28825,-0.00061
3078.35945,-0.00060
3076.43066,-0.00048
3074.50186,-0.00044
3072.57306,-0.00089
3070.64427,-0.00138
3068.71547,-0.00164
3066.78667,-0.00178
3064.85788,-0.00167
3062.92908,-0.00148
3061.00028,-0.00121
3059.07149,-0.00067
3057.14269,-0.00013
3055.21389,0.00032
3053.28510,0.00068
3051.35630,0.00081
3049.42750,0.00121
3047.49871,0.00175
3045.56991,0.00158
3043.64111,0.00131
3041.71232,0.00166
3039.78352,0.00166
3037.85472,0.00126
3035.92593,0.00176
3033.99713,0.00242
3032.06833,0.00199
3030.13954,0.00171
3028.21074,0.00260
3026.28194,0.00345
3024.35315,0.00314
3022.42435,0.00208
3020.49555,0.00120
3018.56676,0.00135
3016.63796,0.00262
3014.70916,0.00386
3012.78037,0.00409
3010.85157,0.00355
3008.92277,0.00296
3006.99398,0.00293
3005.06518,0.00307
3003.13638,0.00249
3001.20759,0.00169
2999.27879,0.00205
2997.34999,0.00348
2995.42120,0.00423
2993.49240,0.00340
2991.56360,0.00245
2989.63481,0.00257
2987.70601,0.00302
2985.77721,0.00327
2983.84842,0.00361
2981.91962,0.00392
2979.99082,0.00407
2978.06203,0.00411
2976.13323,0.00387
2974.20443,0.00356
2972.27564,0.00366
2970.34684,0.00396
2968.41804,0.00387
2966.48925,0.00339
2964.56045,0.00308
2962.63165,0.00309
2960.70286,0.00287
2958.77406,0.00254
2956.84526,0.00291
2954.91647,0.00378
2952.98767,0.00443
2951.05887,0.00483
2949.13008,0.00540
2947.20128,0.00628
2945.27248,0.00670
2943.34369,0.00587
2941.41489,0.00471
2939.48609,0.00453
2937.55730,0.00499
2935.62850,0.00526
2933.69970,0.00536
2931.77091,0.00561
2929.84211,0.00571
2927.91331,0.00532
2925.98452,0.00520
2924.05572,0.00568
2922.12692,0.00576
2920.19813,0.00551
2918.26933,0.00579
2916.34053,0.00643
2914.41174,0.00693
2912.48294,0.00716
2910.55414,0.00702
2908.62535,0.00661
2906.69655,0.00616
2904.76775,0.00586
2902.83896,0.00592
2900.91016,0.00612
2898.98136,0.00610
2897.05257,0.00618
2895.12377,0.00675
2893.19497,0.00730
2891.26618,0.00730
2889.33738,0.00709
2887.40858,0.00702
2885.47979,0.00691
2883.55099,0.00679
2881.62219,0.00689
2879.69340,0.00717
2877.76460,0.00750
2875.83580,0.00789
2873.90701,0.00819
2871.97821,0.00811
2870.04941,0.00777
2868.12062,0.00752
2866.19182,0.00743
2864.26302,0.00764
2862.33423,0.00810
2860.40543,0.00842
2858.47663,0.00865
2856.54784,0.00908
2854.61904,0.00960
2852.69024,0.00993
2850.76145,0.01007
2848.83265,0.01007
2846.90385,0.01008
2844.97506,0.01033
2843.04626,0.01063
2841.11746,0.01077
2839.18867,0.01083
2837.25987,0.01101
2835.33107,0.01132
2833.40228,0.01134
2831.47348,0.01097
2829.54468,0.01078
2827.61589,0.01104
2825.68709,0.01141
2823.75829,0.01165
2821.82950,0.01176
2819.90070,0.01181
2817.97190,0.01180
2816.04311,0.01179
2814.11431,0.01187
2812.18551,0.01178
2810.25672,0.01144
2808.32792,0.01119
2806.39912,0.01121
2804.47033,0.01126
2802.54153,0.01113
2800.61273,0.01090
2798.68394,0.01095
2796.75514,0.01121
2794.82634,0.01123
2792.89755,0.01098
2790.96875,0.01073
2789.03995,0.01048
2787.11116,0.01017
2785.18236,0.01001
2783.25356,0.01009
2781.32477,0.01018
2779.39597,0.01013
2777.46717,0.01005
2775.53838,0.01002
2773.60958,0.00986
2771.68078,0.00952
2769.75199,0.00922
2767.82319,0.00920
2765.89439,0.00935
2763.96560,0.00942
2762.03680,0.00929
2760.10800,0.00913
2758.17921,0.00919
2756.25041,0.00934
2754.32161,0.00940
2752.39282,0.00935
2750.46402,0.00909
2748.53522,0.00886
2746.60643,0.00887
2744.67763,0.00901
2742.74883,0.00908
2740.82004,0.00904
2738.89124,0.00909
2736.96244,0.00935
2735.03365,0.00964
2733.10485,0.00960
2731.17605,0.00933
2729.24726,0.00928
2727.31846,0.00940
2725.38967,0.00942
2723.46087,0.00951
2721.53207,0.00968
2719.60328,0.00958
2717.67448,0.00932
2715.74568,0.00929
2713.81689,0.00939
2711.88809,0.00940
2709.95929,0.00928
2708.03050,0.00917
2706.10170,0.00925
2704.17290,0.00939
2702.24411,0.00937
2700.31531,0.00921
2698.38651,0.00912
2696.45772,0.00914
2694.52892,0.00906
2692.60012,0.00892
2690.67133,0.00906
2688.74253,0.00942
2686.81373,0.00961
2684.88494,0.00954
2682.95614,0.00927
2681.02734,0.00903
2679.09855,0.00910
2677.16975,0.00929
2675.24095,0.00926
2673.31216,0.00910
2671.38336,0.00915
2669.45456,0.00939
2667.52577,0.00946
2665.59697,0.00930
2663.66817,0.00914
2661.73938,0.00907
2659.81058,0.00904
2657.88178,0.00911
2655.95299,0.00924
2654.02419,0.00933
2652.09539,0.00941
2650.16660,0.00952
2648.23780,0.00949
2646.30900,0.00928
2644.38021,0.00923
2642.45141,0.00953
2640.52261,0.00984
2638.59382,0.00988
2636.66502,0.00980
2634.73622,0.00982
2632.80743,0.01001
2630.87863,0.01018
2628.94983,0.01015
2627.02104,0.01017
2625.09224,0.01046
2623.16344,0.01082
2621.23465,0.01105
2619.30585,0.01120
2617.37705,0.01129
2615.44826,0.01142
2613.51946,0.01171
2611.59066,0.01189
2609.66187,0.01181
2607.73307,0.01174
2605.80427,0.01176
2603.87548,0.01179
2601.94668,0.01185
2600.01788,0.01204
2598.08909,0.01227
2596.16029,0.01239
2594.23149,0.01240
2592.30270,0.01233
2590.37390,0.01231
2588.44510,0.01238
2586.51631,0.01246
2584.58751,0.01261
2582.65871,0.01289
2580.72992,0.01308
2578.80112,0.01289
2576.87232,0.01256
2574.94353,0.01248
2573.01473,0.01241
2571.08593,0.01206
2569.15714,0.01176
2567.22834,0.01188
2565.29954,0.01218
2563.37075,0.01211
2561.44195,0.01174
2559.51315,0.01145
2557.58436,0.01128
2555.65556,0.01106
2553.72676,0.01101
2551.79797,0.01153
2549.86917,0.01228
2547.94037,0.01288
2546.01158,0.01322
2544.08278,0.01311
2542.15398,0.01274
2540.22519,0.01248
2538.29639,0.01232
2536.36759,0.01226
2534.43880,0.01209
2532.51000,0.01182
2530.58120,0.01179
2528.65241,0.01203
2526.72361,0.01219
2524.79481,0.01185
2522.86602,0.01125
2520.93722,0.01114
2519.00842,0.01148
2517.07963,0.01167
2515.15083,0.01167
2513.22203,0.01172
2511.29324,0.01182
2509.36444,0.01193
2507.43564,0.01192
2505.50685,0.01176
2503.57805,0.01159
2501.64925,0.01136
2499.72046,0.01116
2497.79166,0.01116
2495.86286,0.01113
2493.93407,0.01098
2492.00527,0.01108
2490.07647,0.01145
2488.14768,0.01178
2486.21888,0.01197
2484.29008,0.01200
2482.36129,0.01193
2480.43249,0.01190
2478.50369,0.01180
2476.57490,0.01150
2474.64610,0.01116
2472.71730,0.01111
2470.78851,0.01120
2468.85971,0.01106
2466.93091,0.01097
2465.00212,0.01104
2463.07332,0.01075
2461.14452,0.01048
2459.21573,0.01083
2457.28693,0.01109
2455.35813,0.01086
2453.42934,0.01074
2451.50054,0.01079
2449.57174,0.01079
2447.64295,0.01088
2445.71415,0.01086
2443.78535,0.01056
2441.85656,0.01037
2439.92776,0.01043
2437.99896,0.01055
2436.07017,0.01058
2434.14137,0.01049
2432.21257,0.01043
2430.28378,0.01039
2428.35498,0.01013
2426.42618,0.00971
2424.49739,0.00942
2422.56859,0.00917
2420.63979,0.00881
2418.71100,0.00862
2416.78220,0.00860
2414.85340,0.00859
2412.92461,0.00858
2410.99581,0.00854
2409.06701,0.00830
2407.13822,0.00789
2405.20942,0.00752
2403.28062,0.00728
2401.35183,0.00717
2399.42303,0.00716
2397.49423,0.00709
2395.56544,0.00699
2393.63664,0.00692
2391.70784,0.00679
2389.77905,0.00678
2387.85025,0.00730
2385.92145,0.00868
2383.99266,0.01104
2382.06386,0.01432
2380.13506,0.01830
2378.20627,0.02242
2376.27747,0.02634
2374.34867,0.03074
2372.41988,0.03600
2370.49108,0.04092
2368.56228,0.04484
2366.63349,0.04866
2364.70469,0.05266
2362.77589,0.05598
2360.84710,0.05760
2358.91830,0.05660
2356.98951,0.05285
2355.06071,0.04734
2353.13191,0.04091
2351.20312,0.03480
2349.27432,0.03147
2347.34552,0.03255
2345.41673,0.03668
2343.48793,0.03962
2341.55913,0.03993
2339.63034,0.03925
2337.70154,0.03810
2335.77274,0.03694
2333.84395,0.03660
2331.91515,0.03677
2329.98635,0.03633
2328.05756,0.03513
2326.12876,0.03393
2324.19996,0.03321
2322.27117,0.03241
2320.34237,0.03053
2318.41357,0.02776
2316.48478,0.02536
2314.55598,0.02407
2312.62718,0.02356
2310.69839,0.02282
2308.76959,0.02131
2306.84079,0.01940
2304.91200,0.01773
2302.98320,0.01644
2301.05440,0.01525
2299.12561,0.01419
2297.19681,0.01342
2295.26801,0.01284
2293.33922,0.01240
2291.41042,0.01208
2289.48162,0.01178
2287.55283,0.01142
2285.62403,0.01099
2283.69523,0.01076
2281.76644,0.01124
2279.83764,0.01214
2277.90884,0.01249
2275.98005,0.01259
2274.05125,0.01341
2272.12245,0.01447
2270.19366,0.01480
2268.26486,0.01492
2266.33606,0.01561
2264.40727,0.01613
2262.47847,0.01588
2260.54967,0.01576
2258.62088,0.01653
2256.69208,0.01763
2254.76328,0.01806
2252.83449,0.01793
2250.90569,0.01763
2248.97689,0.01734
2247.04810,0.01785
2245.11930,0.01932
2243.19050,0.02063
2241.26171,0.02077
2239.33291,0.02049
2237.40411,0.02107
2235.47532,0.02197
2233.54652,0.02231
2231.61772,0.02221
2229.68893,0.02216
2227.76013,0.02301
2225.83133,0.02443
2223.90254,0.02468
2221.97374,0.02404
2220.04494,0.02479
2218.11615,0.02639
2216.18735,0.02659
2214.25855,0.02675
2212.32976,0.02830
2210.40096,0.02884
2208.47216,0.02747
2206.54337,0.02655
2204.61457,0.02680
2202.68577,0.02742
2200.75698,0.02918
2198.82818,0.03201
2196.89938,0.03363
2194.97059,0.03381
2193.04179,0.03448
2191.11299,0.03567
2189.18420,0.03608
2187.25540,0.03628
2185.32660,0.03710
2183.39781,0.03855
2181.46901,0.04137
2179.54021,0.04379
2177.61142,0.04337
2175.68262,0.04195
2173.75382,0.04097
2171.82503,0.03965
2169.89623,0.03903
2167.96743,0.03979
2166.03864,0.04142
2164.10984,0.04477
2162.18104,0.04899
2160.25225,0.05153
2158.32345,0.05134
2156.39465,0.04785
2154.46586,0.04231
2152.53706,0.03751
2150.60826,0.03439
2148.67947,0.03122
2146.75067,0.02706
2144.82187,0.02394
2142.89308,0.02266
2140.96428,0.02173
2139.03548,0.02066
2137.10669,0.01926
2135.17789,0.01696
2133.24909,0.01458
2131.32030,0.01318
2129.39150,0.01213
2127.46270,0.01068
2125.53391,0.00900
2123.60511,0.00756
2121.67631,0.00698
2119.74752,0.00703
2117.81872,0.00690
2115.88992,0.00679
2113.96113,0.00700
2112.03233,0.00714
2110.10353,0.00726
2108.17474,0.00758
2106.24594,0.00783
2104.31714,0.00819
2102.38835,0.00891
2100.45955,0.00913
2098.53075,0.00810
2096.60196,0.00715
2094.67316,0.00752
2092.74436,0.00801
2090.81557,0.00764
2088.88677,0.00680
2086.95797,0.00629
2085.02918,0.00663
2083.10038,0.00732
2081.17158,0.00796
2079.24279,0.00855
2077.31399,0.00910
2075.38519,0.00991
2073.45640,0.01083
2071.52760,0.01114
2069.59880,0.01075
2067.67001,0.01068
2065.74121,0.01168
2063.81241,0.01291
2061.88362,0.01312
2059.95482,0.01262
2058.02602,0.01215
2056.09723,0.01140
2054.16843,0.01021
2052.23963,0.00971
2050.31084,0.01148
2048.38204,0.01498
2046.45324,0.01784
2044.52445,0.01972
2042.59565,0.02099
2040.66685,0.02127
2038.73806,0.02098
2036.80926,0.02044
2034.88046,0.01969
2032.95167,0.01970
2031.02287,0.02021
2029.09407,0.01968
2027.16528,0.01943
2025.23648,0.02123
2023.30768,0.02318
2021.37889,0.02353
2019.45009,0.02321
2017.52129,0.02201
2015.59250,0.01967
2013.66370,0.01845
2011.73490,0.01917
2009.80611,0.01974
2007.87731,0.01812
2005.94851,0.01602
2004.01972,0.01537
2002.09092,0.01460
2000.16212,0.01334
1998.23333,0.01305
1996.30453,0.01389
1994.37574,0.01501
1992.44694,0.01536
1990.51814,0.01398
1988.58935,0.01238
1986.66055,0.01279
1984.73175,0.01420
1982.80296,0.01488
1980.87416,0.01446
1978.94536,0.01349
1977.01657,0.01338
1975.08777,0.01411
1973.15897,0.01445
1971.23018,0.01402
1969.30138,0.01305
1967.37258,0.01224
1965.44379,0.01186
1963.51499,0.01072
1961.58619,0.00833
1959.65740,0.00637
1957.72860,0.00579
1955.79980,0.00542
1953.87101,0.00481
1951.94221,0.00463
1950.01341,0.00503
1948.08462,0.00587
1946.15582,0.00718
1944.22702,0.00844
1942.29823,0.00741
1940.36943,0.00397
1938.44063,0.00157
1936.51184,0.00123
1934.58304,0.00120
1932.65424,0.00074
1930.72545,0.00047
1928.79665,0.00073
1926.86785,0.00142
1924.93906,0.00275
1923.01026,0.00383
1921.08146,0.00387
1919.15267,0.00369
1917.22387,0.00297
1915.29507,0.00153
1913.36628,0.00101
1911.43748,0.00175
1909.50868,0.00216
1907.57989,0.00138
1905.65109,0.00038
1903.72229,-0.00010
1901.79350,-0.00050
1899.86470,-0.00089
1897.93590,-0.00059
1896.00711,0.00016
1894.07831,0.00037
1892.14951,0.00065
1890.22072,0.00139
1888.29192,0.00086
1886.36312,-0.00061
1884.43433,-0.00135
1882.50553,-0.00147
1880.57673,-0.00163
1878.64794,-0.00190
1876.71914,-0.00208
1874.79034,-0.00189
1872.86155,-0.00039
1870.93275,0.00322
1869.00395,0.00615
1867.07516,0.00452
1865.14636,0.00086
1863.21756,-0.00111
1861.28877,-0.00148
1859.35997,-0.00151
1857.43117,-0.00180
1855.50238,-0.00229
1853.57358,-0.00262
1851.64478,-0.00228
1849.71599,-0.00070
1847.78719,0.00198
1845.85839,0.00487
1843.92960,0.00515
1842.00080,0.00200
1840.07200,-0.00046
1838.14321,-0.00095
1836.21441,-0.00108
1834.28561,-0.00078
1832.35682,0.00163
1830.42802,0.00468
1828.49922,0.00491
1826.57043,0.00372
1824.64163,0.00239
1822.71283,0.00012
1820.78404,-0.00157
1818.85524,-0.00178
1816.92644,-0.00174
1814.99765,-0.00148
1813.06885,0.00003
1811.14005,0.00151
1809.21126,0.00102
1807.28246,-0.00045
1805.35366,-0.00060
1803.42487,0.00144
1801.49607,0.00381
1799.56727,0.00394
1797.63848,0.00302
1795.70968,0.00385
1793.78088,0.00653
1791.85209,0.00714
1789.92329,0.00345
1787.99449,0.00031
1786.06570,0.00007
1784.13690,0.00096
1782.20810,0.00189
1780.27931,0.00224
1778.35051,0.00186
1776.42171,0.00290
1774.49292,0.00668
1772.56412,0.01025
1770.63532,0.00922
1768.70653,0.00538
1766.77773,0.00185
1764.84893,0.00078
1762.92014,0.00235
1760.99134,0.00339
1759.06254,0.00307
1757.13375,0.00269
1755.20495,0.00224
1753.27615,0.00408
1751.34736,0.00919
1749.41856,0.01236
1747.48976,0.01063
1745.56097,0.00799
1743.63217,0.00679
1741.70337,0.00653
1739.77458,0.00593
1737.84578,0.00574
1735.91698,0.00877
1733.98819,0.01266
1732.05939,0.01038
1730.13059,0.00513
1728.20180,0.00079
1726.27300,-0.00118
1724.34420,-0.00060
1722.41541,0.00133
1720.48661,0.00605
1718.55781,0.01454
1716.62902,0.01922
1714.70022,0.01506
1712.77142,0.00981
1710.84263,0.00834
1708.91383,0.01122
1706.98503,0.01735
1705.05624,0.02335
1703.12744,0.02864
1701.19864,0.03738
1699.26985,0.04714
1697.34105,0.05241
1695.41225,0.05518
1693.48346,0.05795
1691.55466,0.06516
1689.62586,0.07809
1687.69707,0.09327
1685.76827,0.11248
1683.83947,0.13533
1681.91068,0.14749
1679.98188,0.15451
1678.05308,0.16512
1676.12429,0.18055
1674.19549,0.19721
1672.26669,0.21127
1670.33790,0.22490
1668.40910,0.23406
1666.48030,0.23727
1664.55151,0.24206
1662.62271,0.24814
1660.69391,0.25020
1658.76512,0.25089
1656.83632,0.25547
1654.90752,0.26554
1652.97873,0.27207
1651.04993,0.26785
1649.12113,0.26857
1647.19234,0.27444
1645.26354,0.27611
1643.33474,0.27707
1641.40595,0.28462
1639.47715,0.29919
1637.54835,0.32062
1635.61956,0.34554
1633.69076,0.36147
1631.76197,0.37298
1629.83317,0.38915
1627.90437,0.40795
1625.97558,0.42368
1624.04678,0.43538
1622.11798,0.44121
1620.18919,0.44273
1618.26039,0.44451
1616.33159,0.44290
1614.40280,0.43672
1612.47400,0.43343
1610.54520,0.43493
1608.61641,0.43933
1606.68761,0.44520
1604.75881,0.45333
1602.83002,0.46357
1600.90122,0.47397
1598.97242,0.48347
1597.04363,0.49172
1595.11483,0.49720
1593.18603,0.49782
1591.25724,0.49352
1589.32844,0.48470
1587.39964,0.47181
1585.47085,0.45560
1583.54205,0.43655
1581.61325,0.41643
1579.68446,0.39873
1577.75566,0.38112
1575.82686,0.35460
1573.89807,0.32801
1571.96927,0.31001
1570.04047,0.29185
1568.11168,0.27019
1566.18288,0.25126
1564.25408,0.23677
1562.32529,0.22924
1560.39649,0.22803
1558.46769,0.21642
1556.53890,0.19440
1554.61010,0.17799
1552.68130,0.16606
1550.75251,0.15685
1548.82371,0.14875
1546.89491,0.14425
1544.96612,0.14518
1543.03732,0.14856
1541.10852,0.14824
1539.17973,0.13547
1537.25093,0.12198
1535.32213,0.11685
1533.39334,0.11375
1531.46454,0.10788
1529.53574,0.10443
1527.60695,0.10505
1525.67815,0.10635
1523.74935,0.10791
1521.82056,0.10863
1519.89176,0.10554
1517.96296,0.10164
1516.03417,0.09681
1514.10537,0.09165
1512.17657,0.09118
1510.24778,0.09761
1508.31898,0.10766
1506.39018,0.10586
1504.46139,0.09310
1502.53259,0.08753
1500.60379,0.08957
1498.67500,0.09533
1496.74620,0.09949
1494.81740,0.10081
1492.88861,0.10555
1490.95981,0.11718
1489.03101,0.12935
1487.10222,0.13476
1485.17342,0.13905
1483.24462,0.14761
1481.31583,0.16012
1479.38703,0.17431
1477.45823,0.19079
1475.52944,0.21042
1473.60064,0.23005
1471.67184,0.24265
1469.74305,0.24789
1467.81425,0.25420
1465.88545,0.26365
1463.95666,0.27019
1462.02786,0.27294
1460.09906,0.27785
1458.17027,0.28279
1456.24147,0.27393
1454.31267,0.25656
1452.38388,0.24193
1450.45508,0.22945
1448.52628,0.21629
1446.59749,0.20036
1444.66869,0.18435
1442.73989,0.17038
1440.81110,0.15923
1438.88230,0.15147
1436.95350,0.14278
1435.02471,0.13026
1433.09591,0.11961
1431.16711,0.11186
1429.23832,0.10394
1427.30952,0.09668
1425.38072,0.09196
1423.45193,0.08852
1421.52313,0.08649
1419.59433,0.08566
1417.66554,0.08077
1415.73674,0.07264
1413.80794,0.06672
1411.87915,0.06341
1409.95035,0.06082
1408.02155,0.05908
1406.09276,0.05839
1404.16396,0.05677
1402.23516,0.05498
1400.30637,0.05560
1398.37757,0.05725
1396.44877,0.05707
1394.51998,0.05383
1392.59118,0.04897
1390.66238,0.04653
1388.73359,0.04707
1386.80479,0.04653
1384.87599,0.04334
1382.94720,0.04077
1381.01840,0.04013
1379.08960,0.04047
1377.16081,0.04168
1375.23201,0.04314
1373.30321,0.04220
1371.37442,0.03948
1369.44562,0.03780
1367.51682,0.03713
1365.58803,0.03797
1363.65923,0.04033
1361.73043,0.04032
1359.80164,0.03722
1357.87284,0.03485
1355.94404,0.03411
1354.01525,0.03363
1352.08645,0.03302
1350.15765,0.03266
1348.22886,0.03236
1346.30006,0.03198
1344.37126,0.03224
1342.44247,0.03438
1340.51367,0.03772
1338.58487,0.03845
1336.65608,0.03570
1334.72728,0.03289
1332.79848,0.03165
1330.86969,0.03135
1328.94089,0.03116
1327.01209,0.03085
1325.08330,0.03062
1323.15450,0.03075
1321.22570,0.03148
1319.29691,0.03219
1317.36811,0.03201
1315.43931,0.03140
1313.51052,0.03085
1311.58172,0.03003
1309.65292,0.02922
1307.72413,0.02880
1305.79533,0.02853
1303.86653,0.02831
1301.93774,0.02821
1300.00894,0.02824
1298.08014,0.02836
1296.15135,0.02842
1294.22255,0.02835
1292.29375,0.02839
1290.36496,0.02867
1288.43616,0.02889
1286.50736,0.02871
1284.57857,0.02836
1282.64977,0.02822
1280.72097,0.02824
1278.79218,0.02825
1276.86338,0.02831
1274.93458,0.02859
1273.00579,0.02909
1271.07699,0.02948
1269.14820,0.02949
1267.21940,0.02929
1265.29060,0.02913
1263.36181,0.02915
1261.43301,0.02933
1259.50421,0.02935
1257.57542,0.02914
1255.64662,0.02899
1253.71782,0.02898
1251.78903,0.02902
1249.86023,0.02908
1247.93143,0.02919
1246.00264,0.02933
1244.07384,0.02947
1242.14504,0.02952
1240.21625,0.02953
1238.28745,0.02954
1236.35865,0.02959
1234.42986,0.02969
1232.50106,0.02984
1230.57226,0.03004
1228.64347,0.03032
1226.71467,0.03064
1224.78587,0.03094
1222.85708,0.03121
1220.92828,0.03155
1218.99948,0.03198
1217.07069,0.03244
1215.14189,0.03295
1213.21309,0.03357
1211.28430,0.03418
1209.35550,0.03477
1207.42670,0.03546
1205.49791,0.03627
1203.56911,0.03719
1201.64031,0.03822
1199.71152,0.03940
1197.78272,0.04073
1195.85392,0.04218
1193.92513,0.04380
1191.99633,0.04564
1190.06753,0.04779
1188.13874,0.05025
1186.20994,0.05294
1184.28114,0.05589
1182.35235,0.05924
1180.42355,0.06306
1178.49475,0.06733
1176.56596,0.07200
1174.63716,0.07696
1172.70836,0.08209
1170.77957,0.08737
1168.85077,0.09275
1166.92197,0.09804
1164.99318,0.10293
1163.06438,0.10717
1161.13558,0.11052
1159.20679,0.11275
1157.27799,0.11367
1155.34919,0.11325
1153.42040,0.11156
1151.49160,0.10866
1149.56280,0.10470
1147.63401,0.09996
1145.70521,0.09479
1143.77641,0.08947
1141.84762,0.08417
1139.91882,0.07909
1137.99002,0.07434
1136.06123,0.06995
1134.13243,0.06593
1132.20363,0.06233
1130.27484,0.05918
1128.34604,0.05639
1126.41724,0.05390
1124.48845,0.05171
1122.55965,0.04982
1120.63085,0.04819
1118.70206,0.04674
1116.77326,0.04545
1114.84446,0.04434
1112.91567,0.04340
1110.98687,0.04260
1109.05807,0.04190
1107.12928,0.04128
1105.20048,0.04071
1103.27168,0.04021
1101.34289,0.03984
1099.41409,0.03960
1097.48529,0.03946
1095.55650,0.03939
1093.62770,0.03943
1091.69890,0.03957
1089.77011,0.03978
1087.84131,0.04006
1085.91251,0.04041
1083.98372,0.04083
1082.05492,0.04132
1080.12612,0.04185
1078.19733,0.04241
1076.26853,0.04300
1074.33973,0.04359
1072.41094,0.04415
1070.48214,0.04460
1068.55334,0.04495
1066.62455,0.04516
1064.69575,0.04524
1062.76695,0.04520
1060.83816,0.04504
1058.90936,0.04470
1056.98056,0.04421
1055.05177,0.04361
1053.12297,0.04294
1051.19417,0.04221
1049.26538,0.04148
1047.33658,0.04078
1045.40778,0.04009
1043.47899,0.03937
1041.55019,0.03867
1039.62139,0.03802
1037.69260,0.03738
1035.76380,0.03673
1033.83500,0.03610
1031.90621,0.03552
1029.97741,0.03501
1028.04861,0.03454
1026.11982,0.03410
1024.19102,0.03368
1022.26222,0.03330
1020.33343,0.03296
1018.40463,0.03271
1016.47583,0.03251
1014.54704,0.03236
1012.61824,0.03221
1010.68944,0.03202
1008.76065,0.03167
1006.83185,0.03116
1004.90305,0.03053
1002.97426,0.02980
1001.04546,0.02908
999.11666,0.02849
997.18787,0.02802
995.25907,0.02764
993.33027,0.02730
991.40148,0.02694
989.47268,0.02658
987.54388,0.02622
985.61509,0.02584
983.68629,0.02543
981.75749,0.02502
979.82870,0.02464
977.89990,0.02429
975.97110,0.02393
974.04231,0.02356
972.11351,0.02323
970.18471,0.02290
968.25592,0.02253
966.32712,0.02213
964.39832,0.02175
962.46953,0.02139
960.54073,0.02104
958.61193,0.02067
956.68314,0.02031
954.75434,0.01997
952.82554,0.01965
950.89675,0.01933
948.96795,0.01898
947.03915,0.01859
945.11036,0.01817
943.18156,0.01779
941.25276,0.01743
939.32397,0.01705
937.39517,0.01665
935.46637,0.01623
933.53758,0.01578
931.60878,0.01531
929.67998,0.01486
927.75119,0.01442
925.82239,0.01397
923.89359,0.01349
921.96480,0.01301
920.03600,0.01251
918.10720,0.01200
916.17841,0.01148
914.24961,0.01099
912.32081,0.01052
910.39202,0.01005
908.46322,0.00956
906.53443,0.00907
904.60563,0.00858
902.67683,0.00811
900.74804,0.00763
898.81924,0.00715
896.89044,0.00668
894.96165,0.00623
893.03285,0.00573
891.10405,0.00518
889.17526,0.00467
887.24646,0.00420
885.31766,0.00373
883.38887,0.00323
881.46007,0.00272
879.53127,0.00223
877.60248,0.00183
875.67368,0.00147
873.74488,0.00109
871.81609,0.00074
869.88729,0.00045
867.95849,0.00015
866.02970,-0.00020
864.10090,-0.00060
862.17210,-0.00099
860.24331,-0.00130
858.31451,-0.00152
856.38571,-0.00176
854.45692,-0.00204
852.52812,-0.00228
850.59932,-0.00245
848.67053,-0.00262
846.74173,-0.00285
844.81293,-0.00306
842.88414,-0.00322
840.95534,-0.00338
839.02654,-0.00352
837.09775,-0.00362
835.16895,-0.00369
833.24015,-0.00377
831.31136,-0.00385
829.38256,-0.00385
827.45376,-0.00381
825.52497,-0.00381
823.59617,-0.00381
821.66737,-0.00380
819.73858,-0.00376
817.80978,-0.00368
815.88098,-0.00359
813.95219,-0.00346
812.02339,-0.00321
810.09459,-0.00295
808.16580,-0.00272
806.23700,-0.00237
804.30820,-0.00193
802.37941,-0.00151
800.45061,-0.00091
798.52181,0.00001
796.59302,0.00107
794.66422,0.00213
792.73542,0.00314
790.80663,0.00402
788.87783,0.00489
786.94903,0.00579
785.02024,0.00624
783.09144,0.00582
781.16264,0.00477
779.23385,0.00359
777.30505,0.00235
775.37625,0.00104
773.44746,-0.00019
771.51866,-0.00121
769.58986,-0.00206
767.66107,-0.00282
765.73227,-0.00348
763.80347,-0.00391
761.87468,-0.00412
759.94588,-0.00443
758.01708,-0.00468
756.08829,-0.00454
754.15949,-0.00435
752.23069,-0.00447
750.30190,-0.00459
748.37310,-0.00439
