3496.90832,0.02521
3494.97953,0.03170
3493.05073,0.04147
3491.12193,0.04530
3489.19314,0.04315
3487.26434,0.03908
3485.33554,0.03935
3483.40675,0.04684
3481.47795,0.05379
3479.54915,0.05276
3477.62036,0.04563
3475.69156,0.03856
3473.76276,0.03614
3471.83397,0.03981
3469.90517,0.04654
3467.97637,0.04821
3466.04758,0.04305
3464.11878,0.03833
3462.18998,0.03857
3460.26119,0.04123
3458.33239,0.04204
3456.40359,0.04176
3454.47480,0.04135
3452.54600,0.04021
3450.61721,0.03961
3448.68841,0.03738
3446.75961,0.03614
3444.83082,0.03986
3442.90202,0.03944
3440.97322,0.03195
3439.04443,0.02624
3437.11563,0.02516
3435.18683,0.02519
3433.25804,0.02308
3431.32924,0.02040
3429.40044,0.01894
3427.47165,0.01843
3425.54285,0.02198
3423.61405,0.03030
3421.68526,0.03541
3419.75646,0.03198
3417.82766,0.02579
3415.89887,0.02083
3413.97007,0.01662
3412.04127,0.01365
3410.11248,0.01346
3408.18368,0.01859
3406.25488,0.02541
3404.32609,0.02716
3402.39729,0.02542
3400.46849,0.02514
3398.53970,0.02783
3396.61090,0.02993
3394.68210,0.02889
3392.75331,0.02968
3390.82451,0.03358
3388.89571,0.03235
3386.96692,0.02472
3385.03812,0.02024
3383.10932,0.01980
3381.18053,0.01971
3379.25173,0.02079
3377.32293,0.02395
3375.39414,0.03081
3373.46534,0.03790
3371.53654,0.03938
3369.60775,0.03832
3367.67895,0.03957
3365.75015,0.04090
3363.82136,0.03773
3361.89256,0.03559
3359.96376,0.04116
3358.03497,0.04862
3356.10617,0.04987
3354.17737,0.04237
3352.24858,0.03242
3350.31978,0.02926
3348.39098,0.03277
3346.46219,0.04047
3344.53339,0.04628
3342.60459,0.04450
3340.67580,0.03939
3338.74700,0.03378
3336.81820,0.02927
3334.88941,0.03161
3332.96061,0.03644
3331.03181,0.03254
3329.10302,0.02598
3327.17422,0.02601
3325.24542,0.02463
3323.31663,0.01925
3321.38783,0.02044
3319.45903,0.02644
3317.53024,0.02631
3315.60144,0.01850
3313.67264,0.01104
3311.74385,0.01082
3309.81505,0.01791
3307.88625,0.02809
3305.95746,0.03469
3304.02866,0.03552
3302.09986,0.03220
3300.17107,0.02367
3298.24227,0.01367
3296.31347,0.00850
3294.38468,0.00765
3292.45588,0.00951
3290.52708,0.01242
3288.59829,0.01297
3286.66949,0.01164
3284.74069,0.01174
3282.81190,0.01208
3280.88310,0.01115
3278.95430,0.00958
3277.02551,0.00363
3275.09671,-0.00648
3273.16791,-0.01211
3271.23912,-0.00890
3269.31032,-0.00118
3267.38152,0.00517
3265.45273,0.00809
3263.52393,0.00816
3261.59513,0.00916
3259.66634,0.01512
3257.73754,0.02158
3255.80874,0.02261
3253.87995,0.02030
3251.95115,0.02029
3250.02235,0.02413
3248.09356,0.02733
3246.16476,0.02659
3244.23596,0.02313
3242.30717,0.01737
3240.37837,0.00938
3238.44957,0.00427
3236.52078,0.00824
3234.59198,0.01592
3232.66318,0.01817
3230.73439,0.01702
3228.80559,0.01773
3226.87679,0.02016
3224.94800,0.02437
3223.01920,0.02982
3221.09040,0.03115
3219.16161,0.02735
3217.23281,0.02715
3215.30401,0.03055
3213.37522,0.02729
3211.44642,0.02151
3209.51762,0.02301
3207.58883,0.02804
3205.66003,0.02827
3203.73123,0.02270
3201.80244,0.01817
3199.87364,0.01932
3197.94484,0.02423
3196.01605,0.02927
3194.08725,0.03241
3192.15845,0.03487
3190.22966,0.03552
3188.30086,0.03218
3186.37206,0.02768
3184.44327,0.02449
3182.51447,0.02392
3180.58567,0.02678
3178.65688,0.02893
3176.72808,0.02575
3174.79928,0.02125
3172.87049,0.02133
3170.94169,0.02374
3169.01289,0.02398
3167.08410,0.02090
3165.15530,0.01675
3163.22650,0.01474
3161.29771,0.01399
3159.36891,0.01396
3157.44011,0.01672
3155.51132,0.01907
3153.58252,0.01727
3151.65372,0.01460
3149.72493,0.01400
3147.79613,0.01477
3145.86733,0.01529
3143.93854,0.01341
3142.00974,0.01209
3140.08094,0.01499
3138.15215,0.01806
3136.22335,0.01800
3134.29455,0.01655
3132.36576,0.01486
3130.43696,0.01313
3128.50816,0.01278
3126.57937,0.01467
3124.65057,0.01654
3122.72177,0.01589
3120.79298,0.01332
3118.86418,0.01139
3116.93538,0.01119
3115.00659,0.01075
3113.07779,0.00932
3111.14899,0.00884
3109.22020,0.00956
3107.29140,0.01040
3105.36260,0.01121
3103.43381,0.01193
3101.50501,0.01150
3099.57621,0.00968
3097.64742,0.00859
3095.71862,0.00940
3093.78982,0.01061
3091.86103,0.01132
3089.93223,0.01183
3088.00344,0.01205
3086.07464,0.01245
3084.14584,0.01307
3082.21705,0.01241
3080.28825,0.01035
3078.35945,0.00888
3076.43066,0.00913
3074.50186,0.01011
3072.57306,0.01037
3070.64427,0.01013
3068.71547,0.01056
3066.78667,0.01161
3064.85788,0.01200
3062.92908,0.01083
3061.00028,0.00889
3059.07149,0.00841
3057.14269,0.01016
3055.21389,0.01174
3053.28510,0.01161
3051.35630,0.01139
3049.42750,0.01184
3047.49871,0.01197
3045.56991,0.01188
3043.64111,0.01180
3041.71232,0.01098
3039.78352,0.00990
3037.85472,0.01002
3035.92593,0.01121
3033.99713,0.01196
3032.06833,0.01183
3030.13954,0.01166
3028.21074,0.01199
3026.28194,0.01193
3024.35315,0.01103
3022.42435,0.01024
3020.49555,0.01001
3018.56676,0.01052
3016.63796,0.01199
3014.70916,0.01341
3012.78037,0.01372
3010.85157,0.01321
3008.92277,0.01282
3006.99398,0.01299
3005.06518,0.01337
3003.13638,0.01335
3001.20759,0.01299
2999.27879,0.01312
2997.34999,0.01404
2995.42120,0.01445
2993.49240,0.01326
2991.56360,0.01213
2989.63481,0.01266
2987.70601,0.01360
2985.77721,0.01404
2983.84842,0.01442
2981.91962,0.01459
2979.99082,0.01420
2978.06203,0.01348
2976.13323,0.01296
2974.20443,0.01319
2972.27564,0.01410
2970.34684,0.01486
2968.41804,0.01498
2966.48925,0.01467
2964.56045,0.01444
2962.63165,0.01438
2960.70286,0.01410
2958.77406,0.01379
2956.84526,0.01386
2954.91647,0.01396
2952.98767,0.01386
2951.05887,0.01404
2949.13008,0.01471
2947.20128,0.01570
2945.27248,0.01652
2943.34369,0.01634
2941.41489,0.01521
2939.48609,0.01437
2937.55730,0.01456
2935.62850,0.01516
2933.69970,0.01551
2931.77091,0.01573
2929.84211,0.01585
2927.91331,0.01579
2925.98452,0.01610
2924.05572,0.01665
2922.12692,0.01661
2920.19813,0.01648
2918.26933,0.01681
2916.34053,0.01709
2914.41174,0.01718
2912.48294,0.01727
2910.55414,0.01723
2908.62535,0.01704
2906.69655,0.01668
2904.76775,0.01606
2902.83896,0.01548
2900.91016,0.01527
2898.98136,0.01540
2897.05257,0.01574
2895.12377,0.01604
2893.19497,0.01617
2891.26618,0.01612
2889.33738,0.01605
2887.40858,0.01630
2885.47979,0.01671
2883.55099,0.01679
2881.62219,0.01673
2879.69340,0.01699
2877.76460,0.01746
2875.83580,0.01786
2873.90701,0.01810
2871.97821,0.01799
2870.04941,0.01770
2868.12062,0.01752
2866.19182,0.01735
2864.26302,0.01750
2862.33423,0.01806
2860.40543,0.01840
2858.47663,0.01836
2856.54784,0.01845
2854.61904,0.01875
2852.69024,0.01890
2850.76145,0.01895
2848.83265,0.01908
2846.90385,0.01914
2844.97506,0.01925
2843.04626,0.01971
2841.11746,0.02020
2839.18867,0.02027
2837.25987,0.02021
2835.33107,0.02044
2833.40228,0.02054
2831.47348,0.02021
2829.54468,0.02004
2827.61589,0.02023
2825.68709,0.02047
2823.75829,0.02071
2821.82950,0.02091
2819.90070,0.02098
2817.97190,0.02103
2816.04311,0.02094
2814.11431,0.02065
2812.18551,0.02039
2810.25672,0.02032
2808.32792,0.02033
2806.39912,0.02043
2804.47033,0.02064
2802.54153,0.02063
2800.61273,0.02033
2798.68394,0.02011
2796.75514,0.02004
2794.82634,0.01996
2792.89755,0.01989
2790.96875,0.01981
2789.03995,0.01954
2787.11116,0.01914
2785.18236,0.01909
2783.25356,0.01943
2781.32477,0.01957
2779.39597,0.01928
2777.46717,0.01893
2775.53838,0.01895
2773.60958,0.01919
2771.68078,0.01926
2769.75199,0.01910
2767.82319,0.01892
2765.89439,0.01883
2763.96560,0.01884
2762.03680,0.01877
2760.10800,0.01858
2758.17921,0.01843
2756.25041,0.01839
2754.32161,0.01845
2752.39282,0.01846
2750.46402,0.01820
2748.53522,0.01793
2746.60643,0.01796
2744.67763,0.01808
2742.74883,0.01799
2740.82004,0.01782
2738.89124,0.01783
2736.96244,0.01802
2735.03365,0.01831
2733.10485,0.01857
2731.17605,0.01859
2729.24726,0.01846
2727.31846,0.01847
2725.38967,0.01854
2723.46087,0.01856
2721.53207,0.01862
2719.60328,0.01861
2717.67448,0.01848
2715.74568,0.01841
2713.81689,0.01841
2711.88809,0.01830
2709.95929,0.01824
2708.03050,0.01840
2706.10170,0.01859
2704.17290,0.01860
2702.24411,0.01847
2700.31531,0.01834
2698.38651,0.01823
2696.45772,0.01814
2694.52892,0.01797
2692.60012,0.01780
2690.67133,0.01786
2688.74253,0.01808
2686.81373,0.01820
2684.88494,0.01823
2682.95614,0.01808
2681.02734,0.01778
2679.09855,0.01770
2677.16975,0.01801
2675.24095,0.01840
2673.31216,0.01854
2671.38336,0.01853
2669.45456,0.01849
2667.52577,0.01837
2665.59697,0.01821
2663.66817,0.01799
2661.73938,0.01770
2659.81058,0.01759
2657.88178,0.01777
2655.95299,0.01803
2654.02419,0.01821
2652.09539,0.01826
2650.16660,0.01825
2648.23780,0.01824
2646.30900,0.01826
2644.38021,0.01835
2642.45141,0.01855
2640.52261,0.01867
2638.59382,0.01867
2636.66502,0.01870
2634.73622,0.01871
2632.80743,0.01881
2630.87863,0.01913
2628.94983,0.01935
2627.02104,0.01940
2625.09224,0.01948
2623.16344,0.01975
2621.23465,0.02022
2619.30585,0.02062
2617.37705,0.02058
2615.44826,0.02031
2613.51946,0.02029
2611.59066,0.02045
2609.66187,0.02060
2607.73307,0.02075
2605.80427,0.02080
2603.87548,0.02060
2601.94668,0.02043
2600.01788,0.02057
2598.08909,0.02094
2596.16029,0.02123
2594.23149,0.02118
2592.30270,0.02095
2590.37390,0.02080
2588.44510,0.02078
2586.51631,0.02096
2584.58751,0.02125
2582.65871,0.02151
2580.72992,0.02168
2578.80112,0.02154
2576.87232,0.02122
2574.94353,0.02103
2573.01473,0.02109
2571.08593,0.02125
2569.15714,0.02121
2567.22834,0.02106
2565.29954,0.02105
2563.37075,0.02099
2561.44195,0.02082
2559.51315,0.02075
2557.58436,0.02064
2555.65556,0.02052
2553.72676,0.02069
2551.79797,0.02113
2549.86917,0.02144
2547.94037,0.02147
2546.01158,0.02141
2544.08278,0.02116
2542.15398,0.02083
2540.22519,0.02063
2538.29639,0.02056
2536.36759,0.02069
2534.43880,0.02091
2532.51000,0.02095
2530.58120,0.02099
2528.65241,0.02111
2526.72361,0.02087
2524.79481,0.02019
2522.86602,0.01968
2520.93722,0.01984
2519.00842,0.02040
2517.07963,0.02074
2515.15083,0.02070
2513.22203,0.02044
2511.29324,0.02028
2509.36444,0.02029
2507.43564,0.02024
2505.50685,0.02010
2503.57805,0.01995
2501.64925,0.01989
2499.72046,0.02003
2497.79166,0.02022
2495.86286,0.02020
2493.93407,0.01998
2492.00527,0.01988
2490.07647,0.02011
2488.14768,0.02048
2486.21888,0.02075
2484.29008,0.02075
2482.36129,0.02054
2480.43249,0.02026
2478.50369,0.02007
2476.57490,0.02003
2474.64610,0.02000
2472.71730,0.02013
2470.78851,0.02030
2468.85971,0.02002
2466.93091,0.01949
2465.00212,0.01928
2463.07332,0.01930
2461.14452,0.01931
2459.21573,0.01951
2457.28693,0.01963
2455.35813,0.01956
2453.42934,0.01975
2451.50054,0.02008
2449.57174,0.02005
2447.64295,0.01971
2445.71415,0.01929
2443.78535,0.01894
2441.85656,0.01881
2439.92776,0.01879
2437.99896,0.01875
2436.07017,0.01866
2434.14137,0.01860
2432.21257,0.01870
2430.28378,0.01882
2428.35498,0.01862
2426.42618,0.01816
2424.49739,0.01780
2422.56859,0.01759
2420.63979,0.01748
2418.71100,0.01739
2416.78220,0.01725
2414.85340,0.01711
2412.92461,0.01695
2410.99581,0.01685
2409.06701,0.01684
2407.13822,0.01664
2405.20942,0.01621
2403.28062,0.01588
2401.35183,0.01578
2399.42303,0.01566
2397.49423,0.01549
2395.56544,0.01560
2393.63664,0.01580
2391.70784,0.01570
2389.77905,0.01565
2387.85025,0.01632
2385.92145,0.01784
2383.99266,0.02023
2382.06386,0.02362
2380.13506,0.02786
2378.20627,0.03254
2376.27747,0.03737
2374.34867,0.04250
2372.41988,0.04802
2370.49108,0.05349
2368.56228,0.05845
2366.63349,0.06282
2364.70469,0.06677
2362.77589,0.07011
2360.84710,0.07168
2358.91830,0.07013
2356.98951,0.06585
2355.06071,0.06023
2353.13191,0.05364
2351.20312,0.04723
2349.27432,0.04379
2347.34552,0.04493
2345.41673,0.04908
2343.48793,0.05184
2341.55913,0.05182
2339.63034,0.05093
2337.70154,0.05003
2335.77274,0.04924
2333.84395,0.04890
2331.91515,0.04898
2329.98635,0.04857
2328.05756,0.04731
2326.12876,0.04600
2324.19996,0.04499
2322.27117,0.04359
2320.34237,0.04128
2318.41357,0.03870
2316.48478,0.03665
2314.55598,0.03541
2312.62718,0.03458
2310.69839,0.03340
2308.76959,0.03150
2306.84079,0.02922
2304.91200,0.02718
2302.98320,0.02574
2301.05440,0.02484
2299.12561,0.02409
2297.19681,0.02311
2295.26801,0.02201
2293.33922,0.02126
2291.41042,0.02094
2289.48162,0.02066
2287.55283,0.02032
2285.62403,0.02000
2283.69523,0.01976
2281.76644,0.02013
2279.83764,0.02113
2277.90884,0.02174
2275.98005,0.02162
2274.05125,0.02157
2272.12245,0.02184
2270.19366,0.02204
2268.26486,0.02243
2266.33606,0.02301
2264.40727,0.02309
2262.47847,0.02269
2260.54967,0.02263
2258.62088,0.02346
2256.69208,0.02450
2254.76328,0.02473
2252.83449,0.02437
2250.90569,0.02426
2248.97689,0.02448
2247.04810,0.02499
2245.11930,0.02590
2243.19050,0.02676
2241.26171,0.02723
2239.33291,0.02789
2237.40411,0.02887
2235.47532,0.02929
2233.54652,0.02889
2231.61772,0.02861
2229.68893,0.02903
2227.76013,0.02988
2225.83133,0.03072
2223.90254,0.03109
2221.97374,0.03077
2220.04494,0.03104
2218.11615,0.03220
2216.18735,0.03255
2214.25855,0.03278
2212.32976,0.03410
2210.40096,0.03478
2208.47216,0.03418
2206.54337,0.03390
2204.61457,0.03488
2202.68577,0.03625
2200.75698,0.03651
2198.82818,0.03575
2196.89938,0.03538
2194.97059,0.03603
2193.04179,0.03741
2191.11299,0.03890
2189.18420,0.03922
2187.25540,0.03819
2185.32660,0.03794
2183.39781,0.04039
2181.46901,0.04468
2179.54021,0.04700
2177.61142,0.04525
2175.68262,0.04228
2173.75382,0.04099
2171.82503,0.04132
2169.89623,0.04290
2167.96743,0.04471
2166.03864,0.04617
2164.10984,0.04837
2162.18104,0.05098
2160.25225,0.05242
2158.32345,0.05193
2156.39465,0.04927
2154.46586,0.04536
2152.53706,0.04174
2150.60826,0.03838
2148.67947,0.03422
2146.75067,0.03028
2144.82187,0.02850
2142.89308,0.02860
2140.96428,0.02879
2139.03548,0.02799
2137.10669,0.02628
2135.17789,0.02393
2133.24909,0.02130
2131.32030,0.01939
2129.39150,0.01861
2127.46270,0.01808
2125.53391,0.01710
2123.60511,0.01606
2121.67631,0.01594
2119.74752,0.01651
2117.81872,0.01653
2115.88992,0.01606
2113.96113,0.01569
2112.03233,0.01519
2110.10353,0.01471
2108.17474,0.01475
2106.24594,0.01523
2104.31714,0.01599
2102.38835,0.01672
2100.45955,0.01686
2098.53075,0.01626
2096.60196,0.01564
2094.67316,0.01549
2092.74436,0.01564
2090.81557,0.01594
2088.88677,0.01614
2086.95797,0.01608
2085.02918,0.01594
2083.10038,0.01578
2081.17158,0.01590
2079.24279,0.01642
2077.31399,0.01677
2075.38519,0.01696
2073.45640,0.01743
2071.52760,0.01776
2069.59880,0.01757
2067.67001,0.01788
2065.74121,0.01917
2063.81241,0.01995
2061.88362,0.01939
2059.95482,0.01905
2058.02602,0.01969
2056.09723,0.01972
2054.16843,0.01871
2052.23963,0.01835
2050.31084,0.01987
2048.38204,0.02329
2046.45324,0.02702
2044.52445,0.02914
2042.59565,0.02960
2040.66685,0.02941
2038.73806,0.02932
2036.80926,0.02894
2034.88046,0.02770
2032.95167,0.02716
2031.02287,0.02764
2029.09407,0.02742
2027.16528,0.02753
2025.23648,0.02875
2023.30768,0.02903
2021.37889,0.02851
2019.45009,0.02893
2017.52129,0.02878
2015.59250,0.02679
2013.66370,0.02489
2011.73490,0.02471
2009.80611,0.02630
2007.87731,0.02767
2005.94851,0.02656
2004.01972,0.02375
2002.09092,0.02117
2000.16212,0.01987
1998.23333,0.02031
1996.30453,0.02158
1994.37574,0.02228
1992.44694,0.02210
1990.51814,0.02100
1988.58935,0.02001
1986.66055,0.02037
1984.73175,0.02143
1982.80296,0.02289
1980.87416,0.02450
1978.94536,0.02510
1977.01657,0.02468
1975.08777,0.02316
1973.15897,0.02059
1971.23018,0.01889
1969.30138,0.01897
1967.37258,0.01939
1965.44379,0.01857
1963.51499,0.01674
1961.58619,0.01491
1959.65740,0.01418
1957.72860,0.01476
1955.79980,0.01477
1953.87101,0.01376
1951.94221,0.01324
1950.01341,0.01343
1948.08462,0.01404
1946.15582,0.01520
1944.22702,0.01652
1942.29823,0.01593
1940.36943,0.01307
1938.44063,0.01087
1936.51184,0.01027
1934.58304,0.01001
1932.65424,0.00982
1930.72545,0.01012
1928.79665,0.01061
1926.86785,0.01126
1924.93906,0.01277
1923.01026,0.01399
1921.08146,0.01388
1919.15267,0.01364
1917.22387,0.01281
1915.29507,0.01079
1913.36628,0.00968
1911.43748,0.01050
1909.50868,0.01143
1907.57989,0.01081
1905.65109,0.00951
1903.72229,0.00882
1901.79350,0.00853
1899.86470,0.00832
1897.93590,0.00878
1896.00711,0.00972
1894.07831,0.01006
1892.14951,0.01057
1890.22072,0.01158
1888.29192,0.01098
1886.36312,0.00930
1884.43433,0.00853
1882.50553,0.00844
1880.57673,0.00835
1878.64794,0.00811
1876.71914,0.00784
1874.79034,0.00788
1872.86155,0.00944
1870.93275,0.01365
1869.00395,0.01733
1867.07516,0.01556
1865.14636,0.01112
1863.21756,0.00862
1861.28877,0.00812
1859.35997,0.00799
1857.43117,0.00755
1855.50238,0.00710
1853.57358,0.00699
1851.64478,0.00757
1849.71599,0.00948
1847.78719,0.01269
1845.85839,0.01614
1843.92960,0.01645
1842.00080,0.01266
1840.07200,0.00961
1838.14321,0.00897
1836.21441,0.00886
1834.28561,0.00922
1832.35682,0.01207
1830.42802,0.01577
1828.49922,0.01611
1826.57043,0.01468
1824.64163,0.01306
1822.71283,0.01033
1820.78404,0.00826
1818.85524,0.00795
1816.92644,0.00804
1814.99765,0.00846
1813.06885,0.01033
1811.14005,0.01214
1809.21126,0.01158
1807.28246,0.00986
1805.35366,0.00972
1803.42487,0.01216
1801.49607,0.01501
1799.56727,0.01522
1797.63848,0.01413
1795.70968,0.01511
1793.78088,0.01833
1791.85209,0.01902
1789.92329,0.01452
1787.99449,0.01071
1786.06570,0.01039
1784.13690,0.01143
1782.20810,0.01252
1780.27931,0.01288
1778.35051,0.01236
1776.42171,0.01366
1774.49292,0.01838
1772.56412,0.02283
1770.63532,0.02150
1768.70653,0.01669
1766.77773,0.01243
1764.84893,0.01126
1762.92014,0.01326
1760.99134,0.01451
1759.06254,0.01407
1757.13375,0.01361
1755.20495,0.01314
1753.27615,0.01544
1751.34736,0.02166
1749.41856,0.02556
1747.48976,0.02353
1745.56097,0.02034
1743.63217,0.01884
1741.70337,0.01848
1739.77458,0.01779
1737.84578,0.01765
1735.91698,0.02146
1733.98819,0.02627
1732.05939,0.02340
1730.13059,0.01689
1728.20180,0.01154
1726.27300,0.00916
1724.34420,0.00985
1722.41541,0.01212
1720.48661,0.01777
1718.55781,0.02793
1716.62902,0.03334
1714.70022,0.02791
1712.77142,0.02119
1710.84263,0.01900
1708.91383,0.02199
1706.98503,0.02864
1705.05624,0.03482
1703.12744,0.04008
1701.19864,0.04929
1699.26985,0.05928
1697.34105,0.06364
1695.41225,0.06439
1693.48346,0.06497
1691.55466,0.07100
1689.62586,0.08348
1687.69707,0.09860
1685.76827,0.11837
1683.83947,0.14097
1681.91068,0.15083
1679.98188,0.15565
1678.05308,0.16498
1676.12429,0.17989
1674.19549,0.19618
1672.26669,0.20995
1670.33790,0.22324
1668.40910,0.23112
1666.48030,0.23303
1664.55151,0.23765
1662.62271,0.24384
1660.69391,0.24521
1658.76512,0.24535
1656.83632,0.25061
1654.90752,0.26270
1652.97873,0.27070
1651.04993,0.26568
1649.12113,0.26619
1647.19234,0.27214
1645.26354,0.27246
1643.33474,0.27172
1641.40595,0.27831
1639.47715,0.29269
1637.54835,0.31453
1635.61956,0.33867
1633.69076,0.35179
1631.76197,0.36096
1629.83317,0.37571
1627.90437,0.39330
1625.97558,0.40782
1624.04678,0.41816
1622.11798,0.42219
1620.18919,0.42240
1618.26039,0.42401
1616.33159,0.42230
1614.40280,0.41521
1612.47400,0.41116
1610.54520,0.41245
1608.61641,0.41673
1606.68761,0.42214
1604.75881,0.42957
1602.83002,0.43900
1600.90122,0.44838
1598.97242,0.45674
1597.04363,0.46407
1595.11483,0.46875
1593.18603,0.46843
1591.25724,0.46321
1589.32844,0.45375
1587.39964,0.44051
1585.47085,0.42434
1583.54205,0.40587
1581.61325,0.38684
1579.68446,0.37088
1577.75566,0.35593
1575.82686,0.33196
1573.89807,0.30675
1571.96927,0.29050
1570.04047,0.27497
1568.11168,0.25526
1566.18288,0.23767
1564.25408,0.22489
1562.32529,0.21976
1560.39649,0.22255
1558.46769,0.21472
1556.53890,0.19246
1554.61010,0.17552
1552.68130,0.16400
1550.75251,0.15563
1548.82371,0.14832
1546.89491,0.14493
1544.96612,0.14790
1543.03732,0.15392
1541.10852,0.15558
1539.17973,0.14210
1537.25093,0.12700
1535.32213,0.12169
1533.39334,0.11897
1531.46454,0.11288
1529.53574,0.10946
1527.60695,0.11094
1525.67815,0.11332
1523.74935,0.11596
1521.82056,0.11748
1519.89176,0.11429
1517.96296,0.10997
1516.03417,0.10442
1514.10537,0.09836
1512.17657,0.09791
1510.24778,0.10581
1508.31898,0.11808
1506.39018,0.11576
1504.46139,0.09997
1502.53259,0.09284
1500.60379,0.09480
1498.67500,0.10101
1496.74620,0.10488
1494.81740,0.10514
1492.88861,0.10955
1490.95981,0.12180
1489.03101,0.13388
1487.10222,0.13743
1485.17342,0.13969
1483.24462,0.14696
1481.31583,0.15858
1479.38703,0.17202
1477.45823,0.18812
1475.52944,0.20784
1473.60064,0.22708
1471.67184,0.23741
1469.74305,0.23984
1467.81425,0.24455
1465.88545,0.25315
1463.95666,0.25850
1462.02786,0.26032
1460.09906,0.26565
1458.17027,0.27184
1456.24147,0.26254
1454.31267,0.24357
1452.38388,0.22836
1450.45508,0.21643
1448.52628,0.20440
1446.59749,0.18943
1444.66869,0.17415
1442.73989,0.16119
1440.81110,0.15149
1438.88230,0.14567
1436.95350,0.13909
1435.02471,0.12762
1433.09591,0.11746
1431.16711,0.11055
1429.23832,0.10347
1427.30952,0.09681
1425.38072,0.09291
1423.45193,0.09039
1421.52313,0.08930
1419.59433,0.08958
1417.66554,0.08501
1415.73674,0.07627
1413.80794,0.07004
1411.87915,0.06690
1409.95035,0.06462
1408.02155,0.06329
1406.09276,0.06320
1404.16396,0.06193
1402.23516,0.06033
1400.30637,0.06159
1398.37757,0.06411
1396.44877,0.06438
1394.51998,0.06088
1392.59118,0.05533
1390.66238,0.05264
1388.73359,0.05356
1386.80479,0.05320
1384.87599,0.04960
1382.94720,0.04669
1381.01840,0.04611
1379.08960,0.04670
1377.16081,0.04834
1375.23201,0.05029
1373.30321,0.04932
1371.37442,0.04619
1369.44562,0.04427
1367.51682,0.04357
1365.58803,0.04470
1363.65923,0.04767
1361.73043,0.04778
1359.80164,0.04414
1357.87284,0.04137
1355.94404,0.04058
1354.01525,0.04010
1352.08645,0.03946
1350.15765,0.03910
1348.22886,0.03877
1346.30006,0.03834
1344.37126,0.03870
1342.44247,0.04132
1340.51367,0.04534
1338.58487,0.04616
1336.65608,0.04279
1334.72728,0.03936
1332.79848,0.03784
1330.86969,0.03750
1328.94089,0.03734
1327.01209,0.03710
1325.08330,0.03697
1323.15450,0.03726
1321.22570,0.03823
1319.29691,0.03919
1317.36811,0.03911
1315.43931,0.03848
1313.51052,0.03792
1311.58172,0.03702
1309.65292,0.03609
1307.72413,0.03562
1305.79533,0.03534
1303.86653,0.03512
1301.93774,0.03502
1300.00894,0.03505
1298.08014,0.03519
1296.15135,0.03525
1294.22255,0.03519
1292.29375,0.03528
1290.36496,0.03563
1288.43616,0.03586
1286.50736,0.03562
1284.57857,0.03517
1282.64977,0.03498
1280.72097,0.03500
1278.79218,0.03499
1276.86338,0.03501
1274.93458,0.03528
1273.00579,0.03587
1271.07699,0.03633
1269.14820,0.03634
1267.21940,0.03610
1265.29060,0.03591
1263.36181,0.03595
1261.43301,0.03617
1259.50421,0.03621
1257.57542,0.03595
1255.64662,0.03577
1253.71782,0.03580
1251.78903,0.03590
1249.86023,0.03599
1247.93143,0.03610
1246.00264,0.03624
1244.07384,0.03637
1242.14504,0.03641
1240.21625,0.03642
1238.28745,0.03647
1236.35865,0.03657
1234.42986,0.03670
1232.50106,0.03686
1230.57226,0.03705
1228.64347,0.03733
1226.71467,0.03770
1224.78587,0.03801
1222.85708,0.03822
1220.92828,0.03847
1218.99948,0.03883
1217.07069,0.03923
1215.14189,0.03969
1213.21309,0.04024
1211.28430,0.04075
1209.35550,0.04123
1207.42670,0.04180
1205.49791,0.04250
1203.56911,0.04328
1201.64031,0.04418
1199.71152,0.04521
1197.78272,0.04638
1195.85392,0.04766
1193.92513,0.04907
1191.99633,0.05071
1190.06753,0.05264
1188.13874,0.05484
1186.20994,0.05726
1184.28114,0.05991
1182.35235,0.06293
1180.42355,0.06638
1178.49475,0.07025
1176.56596,0.07450
1174.63716,0.07904
1172.70836,0.08372
1170.77957,0.08851
1168.85077,0.09341
1166.92197,0.09822
1164.99318,0.10268
1163.06438,0.10655
1161.13558,0.10959
1159.20679,0.11157
1157.27799,0.11235
1155.34919,0.11188
1153.42040,0.11023
1151.49160,0.10750
1149.56280,0.10384
1147.63401,0.09948
1145.70521,0.09469
1143.77641,0.08975
1141.84762,0.08488
1139.91882,0.08024
1137.99002,0.07595
1136.06123,0.07198
1134.13243,0.06829
1132.20363,0.06499
1130.27484,0.06213
1128.34604,0.05963
1126.41724,0.05742
1124.48845,0.05549
1122.55965,0.05384
1120.63085,0.05241
1118.70206,0.05115
1116.77326,0.05004
1114.84446,0.04909
1112.91567,0.04828
1110.98687,0.04758
1109.05807,0.04698
1107.12928,0.04648
1105.20048,0.04604
1103.27168,0.04567
1101.34289,0.04540
1099.41409,0.04525
1097.48529,0.04522
1095.55650,0.04530
1093.62770,0.04548
1091.69890,0.04573
1089.77011,0.04603
1087.84131,0.04636
1085.91251,0.04672
1083.98372,0.04709
1082.05492,0.04751
1080.12612,0.04797
1078.19733,0.04844
1076.26853,0.04895
1074.33973,0.04950
1072.41094,0.05003
1070.48214,0.05048
1068.55334,0.05081
1066.62455,0.05098
1064.69575,0.05100
1062.76695,0.05089
1060.83816,0.05064
1058.90936,0.05024
1056.98056,0.04972
1055.05177,0.04910
1053.12297,0.04841
1051.19417,0.04766
1049.26538,0.04688
1047.33658,0.04609
1045.40778,0.04529
1043.47899,0.04450
1041.55019,0.04378
1039.62139,0.04311
1037.69260,0.04247
1035.76380,0.04186
1033.83500,0.04130
1031.90621,0.04078
1029.97741,0.04030
1028.04861,0.03987
1026.11982,0.03947
1024.19102,0.03908
1022.26222,0.03873
1020.33343,0.03844
1018.40463,0.03824
1016.47583,0.03810
1014.54704,0.03796
1012.61824,0.03781
1010.68944,0.03761
1008.76065,0.03729
1006.83185,0.03681
1004.90305,0.03621
1002.97426,0.03554
1001.04546,0.03489
999.11666,0.03434
997.18787,0.03389
995.25907,0.03351
993.33027,0.03317
991.40148,0.03285
989.47268,0.03253
987.54388,0.03220
985.61509,0.03186
983.68629,0.03153
981.75749,0.03122
979.82870,0.03093
977.89990,0.03066
975.97110,0.03039
974.04231,0.03010
972.11351,0.02982
970.18471,0.02952
968.25592,0.02916
966.32712,0.02877
964.39832,0.02837
962.46953,0.02797
960.54073,0.02756
958.61193,0.02715
956.68314,0.02672
954.75434,0.02630
952.82554,0.02590
950.89675,0.02551
948.96795,0.02513
947.03915,0.02473
945.11036,0.02432
943.18156,0.02391
941.25276,0.02351
939.32397,0.02311
937.39517,0.02270
935.46637,0.02230
933.53758,0.02190
931.60878,0.02149
929.67998,0.02107
927.75119,0.02067
925.82239,0.02028
923.89359,0.01988
921.96480,0.01946
920.03600,0.01902
918.10720,0.01856
916.17841,0.01813
914.24961,0.01773
912.32081,0.01732
910.39202,0.01691
908.46322,0.01651
906.53443,0.01609
904.60563,0.01566
902.67683,0.01526
900.74804,0.01490
898.81924,0.01453
896.89044,0.01415
894.96165,0.01378
893.03285,0.01337
891.10405,0.01290
889.17526,0.01241
887.24646,0.01197
885.31766,0.01152
883.38887,0.01104
881.46007,0.01056
879.53127,0.01014
877.60248,0.00981
875.67368,0.00947
873.74488,0.00910
871.81609,0.00876
869.88729,0.00843
867.95849,0.00810
866.02970,0.00776
864.10090,0.00741
862.17210,0.00703
860.24331,0.00669
858.31451,0.00642
856.38571,0.00615
854.45692,0.00584
852.52812,0.00551
850.59932,0.00522
848.67053,0.00496
846.74173,0.00469
844.81293,0.00439
842.88414,0.00414
840.95534,0.00397
839.02654,0.00383
837.09775,0.00369
835.16895,0.00353
833.24015,0.00335
831.31136,0.00320
829.38256,0.00315
827.45376,0.00317
825.52497,0.00320
823.59617,0.00325
821.66737,0.00332
819.73858,0.00340
817.80978,0.00351
815.88098,0.00359
813.95219,0.00366
812.02339,0.00382
810.09459,0.00407
808.16580,0.00431
806.23700,0.00454
804.30820,0.00485
802.37941,0.00526
800.45061,0.00590
798.52181,0.00681
796.59302,0.00785
794.66422,0.00901
792.73542,0.01019
790.80663,0.01114
788.87783,0.01184
786.94903,0.01251
785.02024,0.01293
783.09144,0.01274
781.16264,0.01200
779.23385,0.01101
777.30505,0.00982
775.37625,0.00848
773.44746,0.00727
771.51866,0.00636
769.58986,0.00560
767.66107,0.00492
765.73227,0.00448
763.80347,0.00439
761.87468,0.00433
759.94588,0.00382
758.01708,0.00325
756.08829,0.00324
754.15949,0.00340
752.23069,0.00316
750.30190,0.00289
748.37310,0.00293
