3496.90832,0.01662
3494.97953,0.02013
3493.05073,0.02453
3491.12193,0.02818
3489.19314,0.03035
3487.26434,0.02794
3485.33554,0.02486
3483.40675,0.02738
3481.47795,0.03205
3479.54915,0.03374
3477.62036,0.03397
3475.69156,0.03442
3473.76276,0.03379
3471.83397,0.03308
3469.90517,0.03209
3467.97637,0.02872
3466.04758,0.02606
3464.11878,0.02761
3462.18998,0.03112
3460.26119,0.03311
3458.33239,0.03506
3456.40359,0.03815
3454.47480,0.03688
3452.54600,0.03147
3450.61721,0.02878
3448.68841,0.02828
3446.75961,0.02950
3444.83082,0.03184
3442.90202,0.02756
3440.97322,0.02018
3439.04443,0.02026
3437.11563,0.02402
3435.18683,0.02245
3433.25804,0.01609
3431.32924,0.01216
3429.40044,0.01040
3427.47165,0.00762
3425.54285,0.00728
3423.61405,0.01124
3421.68526,0.01566
3419.75646,0.01451
3417.82766,0.00775
3415.89887,0.00172
3413.97007,0.00002
3412.04127,0.00115
3410.11248,0.00373
3408.18368,0.00928
3406.25488,0.01464
3404.32609,0.01365
3402.39729,0.00924
3400.46849,0.00903
3398.53970,0.01448
3396.61090,0.01604
3394.68210,0.00843
3392.75331,0.00316
3390.82451,0.00715
3388.89571,0.01222
3386.96692,0.01150
3385.03812,0.00816
3383.10932,0.00708
3381.18053,0.00801
3379.25173,0.00493
3377.32293,-0.00122
3375.39414,-0.00061
3373.46534,0.00585
3371.53654,0.01140
3369.60775,0.01869
3367.67895,0.02893
3365.75015,0.03792
3363.82136,0.04191
3361.89256,0.03857
3359.96376,0.03368
3358.03497,0.03751
3356.10617,0.04171
3354.17737,0.03243
3352.24858,0.02144
3350.31978,0.02057
3348.39098,0.02379
3346.46219,0.02932
3344.53339,0.03668
3342.60459,0.04082
3340.67580,0.04144
3338.74700,0.03785
3336.81820,0.02783
3334.88941,0.01531
3332.96061,0.00718
3331.03181,0.00686
3329.10302,0.01376
3327.17422,0.01955
3325.24542,0.01535
3323.31663,0.00673
3321.38783,0.00585
3319.45903,0.01171
3317.53024,0.01399
3315.60144,0.01067
3313.67264,0.01053
3311.74385,0.01514
3309.81505,0.01507
3307.88625,0.00946
3305.95746,0.00389
3304.02866,0.00208
3302.09986,0.00387
3300.17107,0.00263
3298.24227,-0.00075
3296.31347,-0.00106
3294.38468,0.00003
3292.45588,0.00165
3290.52708,0.00168
3288.59829,-0.00420
3286.66949,-0.01153
3284.74069,-0.01053
3282.81190,-0.00463
3280.88310,-0.00349
3278.95430,-0.00339
3277.02551,-0.00306
3275.09671,-0.00821
3273.16791,-0.01374
3271.23912,-0.01342
3269.31032,-0.00974
3267.38152,-0.00553
3265.45273,-0.00356
3263.52393,-0.00412
3261.59513,-0.00327
3259.66634,-0.00049
3257.73754,0.00270
3255.80874,0.00756
3253.87995,0.01374
3251.95115,0.01711
3250.02235,0.01532
3248.09356,0.01049
3246.16476,0.00644
3244.23596,0.00608
3242.30717,0.00732
3240.37837,0.00685
3238.44957,0.00611
3236.52078,0.00824
3234.59198,0.01050
3232.66318,0.00726
3230.73439,0.00057
3228.80559,-0.00265
3226.87679,-0.00089
3224.94800,0.00384
3223.01920,0.00919
3221.09040,0.01190
3219.16161,0.01111
3217.23281,0.01093
3215.30401,0.01443
3213.37522,0.01860
3211.44642,0.02117
3209.51762,0.02232
3207.58883,0.02024
3205.66003,0.01488
3203.73123,0.01040
3201.80244,0.01011
3199.87364,0.01241
3197.94484,0.01278
3196.01605,0.01239
3194.08725,0.01470
3192.15845,0.01633
3190.22966,0.01534
3188.30086,0.01473
3186.37206,0.01435
3184.44327,0.01299
3182.51447,0.01213
3180.58567,0.01170
3178.65688,0.01031
3176.72808,0.00904
3174.79928,0.00836
3172.87049,0.00694
3170.94169,0.00587
3169.01289,0.00710
3167.08410,0.00794
3165.15530,0.00484
3163.22650,0.00098
3161.29771,0.00071
3159.36891,0.00313
3157.44011,0.00605
3155.51132,0.00794
3153.58252,0.00742
3151.65372,0.00452
3149.72493,0.00093
3147.79613,-0.00099
3145.86733,-0.00047
3143.93854,0.00085
3142.00974,0.00280
3140.08094,0.00689
3138.15215,0.01042
3136.22335,0.00982
3134.29455,0.00724
3132.36576,0.00533
3130.43696,0.00348
3128.50816,0.00259
3126.57937,0.00423
3124.65057,0.00649
3122.72177,0.00616
3120.79298,0.00367
3118.86418,0.00234
3116.93538,0.00322
3115.00659,0.00374
3113.07779,0.00191
3111.14899,-0.00046
3109.22020,-0.00073
3107.29140,0.00091
3105.36260,0.00232
3103.43381,0.00233
3101.50501,0.00159
3099.57621,0.00056
3097.64742,-0.00059
3095.71862,-0.00104
3093.78982,-0.00083
3091.86103,-0.00024
3089.93223,0.00091
3088.00344,0.00164
3086.07464,0.00131
3084.14584,0.00108
3082.21705,0.00117
3080.28825,0.00060
3078.35945,-0.00011
3076.43066,0.00008
3074.50186,0.00050
3072.57306,0.00028
3070.64427,0.00011
3068.71547,0.00041
3066.78667,0.00080
3064.85788,0.00131
3062.92908,0.00167
3061.00028,0.00133
3059.07149,0.00086
3057.14269,0.00108
3055.21389,0.00150
3053.28510,0.00148
3051.35630,0.00158
3049.42750,0.00220
3047.49871,0.00257
3045.56991,0.00230
3043.64111,0.00192
3041.71232,0.00185
3039.78352,0.00188
3037.85472,0.00178
3035.92593,0.00208
3033.99713,0.00272
3032.06833,0.00284
3030.13954,0.00274
3028.21074,0.00333
3026.28194,0.00384
3024.35315,0.00307
3022.42435,0.00175
3020.49555,0.00135
3018.56676,0.00204
3016.63796,0.00291
3014.70916,0.00337
3012.78037,0.00357
3010.85157,0.00368
3008.92277,0.00367
3006.99398,0.00389
3005.06518,0.00418
3003.13638,0.00397
3001.20759,0.00353
2999.27879,0.00360
2997.34999,0.00422
2995.42120,0.00439
2993.49240,0.00366
2991.56360,0.00329
2989.63481,0.00383
2987.70601,0.00438
2985.77721,0.00482
2983.84842,0.00550
2981.91962,0.00586
2979.99082,0.00563
2978.06203,0.00528
2976.13323,0.00496
2974.20443,0.00476
2972.27564,0.00496
2970.34684,0.00529
2968.41804,0.00547
2966.48925,0.00546
2964.56045,0.00544
2962.63165,0.00550
2960.70286,0.00511
2958.77406,0.00463
2956.84526,0.00487
2954.91647,0.00516
2952.98767,0.00503
2951.05887,0.00532
2949.13008,0.00634
2947.20128,0.00734
2945.27248,0.00774
2943.34369,0.00730
2941.41489,0.00635
2939.48609,0.00570
2937.55730,0.00557
2935.62850,0.00565
2933.69970,0.00594
2931.77091,0.00663
2929.84211,0.00727
2927.91331,0.00722
2925.98452,0.00701
2924.05572,0.00708
2922.12692,0.00701
2920.19813,0.00704
2918.26933,0.00767
2916.34053,0.00845
2914.41174,0.00866
2912.48294,0.00834
2910.55414,0.00787
2908.62535,0.00747
2906.69655,0.00725
2904.76775,0.00710
2902.83896,0.00699
2900.91016,0.00707
2898.98136,0.00737
2897.05257,0.00763
2895.12377,0.00776
2893.19497,0.00803
2891.26618,0.00826
2889.33738,0.00808
2887.40858,0.00784
2885.47979,0.00799
2883.55099,0.00834
2881.62219,0.00854
2879.69340,0.00856
2877.76460,0.00847
2875.83580,0.00843
2873.90701,0.00855
2871.97821,0.00855
2870.04941,0.00838
2868.12062,0.00830
2866.19182,0.00837
2864.26302,0.00868
2862.33423,0.00914
2860.40543,0.00947
2858.47663,0.00967
2856.54784,0.01002
2854.61904,0.01044
2852.69024,0.01073
2850.76145,0.01082
2848.83265,0.01074
2846.90385,0.01064
2844.97506,0.01063
2843.04626,0.01064
2841.11746,0.01081
2839.18867,0.01115
2837.25987,0.01138
2835.33107,0.01138
2833.40228,0.01117
2831.47348,0.01093
2829.54468,0.01107
2827.61589,0.01146
2825.68709,0.01172
2823.75829,0.01194
2821.82950,0.01218
2819.90070,0.01234
2817.97190,0.01238
2816.04311,0.01231
2814.11431,0.01214
2812.18551,0.01185
2810.25672,0.01145
2808.32792,0.01118
2806.39912,0.01122
2804.47033,0.01142
2802.54153,0.01153
2800.61273,0.01130
2798.68394,0.01102
2796.75514,0.01115
2794.82634,0.01134
2792.89755,0.01123
2790.96875,0.01104
2789.03995,0.01073
2787.11116,0.01030
2785.18236,0.01010
2783.25356,0.01024
2781.32477,0.01048
2779.39597,0.01048
2777.46717,0.01027
2775.53838,0.01007
2773.60958,0.00994
2771.68078,0.00985
2769.75199,0.00970
2767.82319,0.00945
2765.89439,0.00931
2763.96560,0.00941
2762.03680,0.00952
2760.10800,0.00940
2758.17921,0.00919
2756.25041,0.00908
2754.32161,0.00920
2752.39282,0.00944
2750.46402,0.00950
2748.53522,0.00938
2746.60643,0.00936
2744.67763,0.00933
2742.74883,0.00918
2740.82004,0.00910
2738.89124,0.00909
2736.96244,0.00906
2735.03365,0.00916
2733.10485,0.00939
2731.17605,0.00948
2729.24726,0.00943
2727.31846,0.00936
2725.38967,0.00924
2723.46087,0.00927
2721.53207,0.00946
2719.60328,0.00959
2717.67448,0.00969
2715.74568,0.00983
2713.81689,0.00981
2711.88809,0.00961
2709.95929,0.00950
2708.03050,0.00958
2706.10170,0.00974
2704.17290,0.00982
2702.24411,0.00971
2700.31531,0.00944
2698.38651,0.00927
2696.45772,0.00933
2694.52892,0.00932
2692.60012,0.00917
2690.67133,0.00923
2688.74253,0.00953
2686.81373,0.00972
2684.88494,0.00972
2682.95614,0.00960
2681.02734,0.00948
2679.09855,0.00944
2677.16975,0.00945
2675.24095,0.00945
2673.31216,0.00942
2671.38336,0.00945
2669.45456,0.00962
2667.52577,0.00970
2665.59697,0.00950
2663.66817,0.00926
2661.73938,0.00921
2659.81058,0.00932
2657.88178,0.00940
2655.95299,0.00932
2654.02419,0.00915
2652.09539,0.00915
2650.16660,0.00936
2648.23780,0.00942
2646.30900,0.00923
2644.38021,0.00922
2642.45141,0.00956
2640.52261,0.00985
2638.59382,0.00980
2636.66502,0.00956
2634.73622,0.00944
2632.80743,0.00965
2630.87863,0.01009
2628.94983,0.01028
2627.02104,0.01021
2625.09224,0.01033
2623.16344,0.01070
2621.23465,0.01091
2619.30585,0.01078
2617.37705,0.01062
2615.44826,0.01086
2613.51946,0.01142
2611.59066,0.01179
2609.66187,0.01183
2607.73307,0.01177
2605.80427,0.01158
2603.87548,0.01137
2601.94668,0.01145
2600.01788,0.01176
2598.08909,0.01207
2596.16029,0.01236
2594.23149,0.01247
2592.30270,0.01229
2590.37390,0.01223
2588.44510,0.01244
2586.51631,0.01260
2584.58751,0.01257
2582.65871,0.01252
2580.72992,0.01253
2578.80112,0.01248
2576.87232,0.01220
2574.94353,0.01187
2573.01473,0.01162
2571.08593,0.01133
2569.15714,0.01106
2567.22834,0.01113
2565.29954,0.01145
2563.37075,0.01147
2561.44195,0.01129
2559.51315,0.01131
2557.58436,0.01135
2555.65556,0.01139
2553.72676,0.01166
2551.79797,0.01194
2549.86917,0.01210
2547.94037,0.01233
2546.01158,0.01245
2544.08278,0.01214
2542.15398,0.01173
2540.22519,0.01147
2538.29639,0.01126
2536.36759,0.01133
2534.43880,0.01176
2532.51000,0.01216
2530.58120,0.01210
2528.65241,0.01182
2526.72361,0.01158
2524.79481,0.01112
2522.86602,0.01062
2520.93722,0.01080
2519.00842,0.01163
2517.07963,0.01221
2515.15083,0.01200
2513.22203,0.01152
2511.29324,0.01134
2509.36444,0.01128
2507.43564,0.01111
2505.50685,0.01110
2503.57805,0.01115
2501.64925,0.01096
2499.72046,0.01072
2497.79166,0.01067
2495.86286,0.01066
2493.93407,0.01068
2492.00527,0.01097
2490.07647,0.01145
2488.14768,0.01174
2486.21888,0.01175
2484.29008,0.01156
2482.36129,0.01149
2480.43249,0.01163
2478.50369,0.01171
2476.57490,0.01149
2474.64610,0.01105
2472.71730,0.01090
2470.78851,0.01112
2468.85971,0.01109
2466.93091,0.01084
2465.00212,0.01072
2463.07332,0.01045
2461.14452,0.01025
2459.21573,0.01042
2457.28693,0.01047
2455.35813,0.01036
2453.42934,0.01058
2451.50054,0.01096
2449.57174,0.01093
2447.64295,0.01054
2445.71415,0.01014
2443.78535,0.00985
2441.85656,0.00978
2439.92776,0.00999
2437.99896,0.01019
2436.07017,0.01018
2434.14137,0.01024
2432.21257,0.01058
2430.28378,0.01070
2428.35498,0.01028
2426.42618,0.00966
2424.49739,0.00906
2422.56859,0.00856
2420.63979,0.00839
2418.71100,0.00843
2416.78220,0.00825
2414.85340,0.00794
2412.92461,0.00792
2410.99581,0.00808
2409.06701,0.00803
2407.13822,0.00759
2405.20942,0.00708
2403.28062,0.00697
2401.35183,0.00716
2399.42303,0.00701
2397.49423,0.00654
2395.56544,0.00645
2393.63664,0.00679
2391.70784,0.00687
2389.77905,0.00675
2387.85025,0.00714
2385.92145,0.00843
2383.99266,0.01081
2382.06386,0.01435
2380.13506,0.01875
2378.20627,0.02340
2376.27747,0.02802
2374.34867,0.03308
2372.41988,0.03881
2370.49108,0.04420
2368.56228,0.04840
2366.63349,0.05201
2364.70469,0.05570
2362.77589,0.05887
2360.84710,0.06056
2358.91830,0.05989
2356.98951,0.05629
2355.06071,0.05057
2353.13191,0.04400
2351.20312,0.03779
2349.27432,0.03434
2347.34552,0.03533
2345.41673,0.03934
2343.48793,0.04204
2341.55913,0.04225
2339.63034,0.04197
2337.70154,0.04143
2335.77274,0.04046
2333.84395,0.03996
2331.91515,0.04006
2329.98635,0.03955
2328.05756,0.03818
2326.12876,0.03692
2324.19996,0.03597
2322.27117,0.03457
2320.34237,0.03222
2318.41357,0.02943
2316.48478,0.02718
2314.55598,0.02599
2312.62718,0.02537
2310.69839,0.02431
2308.76959,0.02249
2306.84079,0.02027
2304.91200,0.01829
2302.98320,0.01698
2301.05440,0.01596
2299.12561,0.01491
2297.19681,0.01395
2295.26801,0.01312
2293.33922,0.01227
2291.41042,0.01150
2289.48162,0.01111
2287.55283,0.01115
2285.62403,0.01108
2283.69523,0.01084
2281.76644,0.01109
2279.83764,0.01165
2277.90884,0.01207
2275.98005,0.01273
2274.05125,0.01368
2272.12245,0.01439
2270.19366,0.01465
2268.26486,0.01476
2266.33606,0.01511
2264.40727,0.01522
2262.47847,0.01494
2260.54967,0.01514
2258.62088,0.01625
2256.69208,0.01741
2254.76328,0.01753
2252.83449,0.01673
2250.90569,0.01597
2248.97689,0.01596
2247.04810,0.01684
2245.11930,0.01799
2243.19050,0.01861
2241.26171,0.01860
2239.33291,0.01866
2237.40411,0.01920
2235.47532,0.01966
2233.54652,0.02000
2231.61772,0.02086
2229.68893,0.02172
2227.76013,0.02196
2225.83133,0.02208
2223.90254,0.02177
2221.97374,0.02088
2220.04494,0.02150
2218.11615,0.02357
2216.18735,0.02459
2214.25855,0.02512
2212.32976,0.02615
2210.40096,0.02648
2208.47216,0.02613
2206.54337,0.02567
2204.61457,0.02549
2202.68577,0.02646
2200.75698,0.02821
2198.82818,0.02937
2196.89938,0.02985
2194.97059,0.03072
2193.04179,0.03206
2191.11299,0.03281
2189.18420,0.03199
2187.25540,0.02959
2185.32660,0.02864
2183.39781,0.03203
2181.46901,0.03739
2179.54021,0.04086
2177.61142,0.04133
2175.68262,0.03974
2173.75382,0.03751
2171.82503,0.03496
2169.89623,0.03337
2167.96743,0.03451
2166.03864,0.03837
2164.10984,0.04328
2162.18104,0.04673
2160.25225,0.04847
2158.32345,0.04861
2156.39465,0.04479
2154.46586,0.03880
2152.53706,0.03473
2150.60826,0.03265
2148.67947,0.02969
2146.75067,0.02513
2144.82187,0.02146
2142.89308,0.01954
2140.96428,0.01840
2139.03548,0.01788
2137.10669,0.01707
2135.17789,0.01541
2133.24909,0.01392
2131.32030,0.01280
2129.39150,0.01166
2127.46270,0.01046
2125.53391,0.00913
2123.60511,0.00792
2121.67631,0.00737
2119.74752,0.00721
2117.81872,0.00692
2115.88992,0.00695
2113.96113,0.00740
2112.03233,0.00733
2110.10353,0.00673
2108.17474,0.00663
2106.24594,0.00715
2104.31714,0.00785
2102.38835,0.00852
2100.45955,0.00846
2098.53075,0.00739
2096.60196,0.00652
2094.67316,0.00658
2092.74436,0.00691
2090.81557,0.00713
2088.88677,0.00718
2086.95797,0.00702
2085.02918,0.00722
2083.10038,0.00789
2081.17158,0.00854
2079.24279,0.00910
2077.31399,0.00958
2075.38519,0.01001
2073.45640,0.01084
2071.52760,0.01150
2069.59880,0.01091
2067.67001,0.01000
2065.74121,0.00994
2063.81241,0.01034
2061.88362,0.01073
2059.95482,0.01125
2058.02602,0.01179
2056.09723,0.01148
2054.16843,0.01027
2052.23963,0.00953
2050.31084,0.01061
2048.38204,0.01338
2046.45324,0.01628
2044.52445,0.01821
2042.59565,0.01868
2040.66685,0.01807
2038.73806,0.01790
2036.80926,0.01866
2034.88046,0.01983
2032.95167,0.02166
2031.02287,0.02290
2029.09407,0.02189
2027.16528,0.02058
2025.23648,0.02025
2023.30768,0.01958
2021.37889,0.01918
2019.45009,0.02024
2017.52129,0.02107
2015.59250,0.02002
2013.66370,0.01811
2011.73490,0.01712
2009.80611,0.01831
2007.87731,0.01992
2005.94851,0.01887
2004.01972,0.01586
2002.09092,0.01292
2000.16212,0.01113
1998.23333,0.01120
1996.30453,0.01289
1994.37574,0.01513
1992.44694,0.01646
1990.51814,0.01619
1988.58935,0.01560
1986.66055,0.01586
1984.73175,0.01671
1982.80296,0.01717
1980.87416,0.01594
1978.94536,0.01345
1977.01657,0.01204
1975.08777,0.01185
1973.15897,0.01126
1971.23018,0.01128
1969.30138,0.01262
1967.37258,0.01369
1965.44379,0.01337
1963.51499,0.01139
1961.58619,0.00824
1959.65740,0.00624
1957.72860,0.00652
1955.79980,0.00704
1953.87101,0.00662
1951.94221,0.00584
1950.01341,0.00535
1948.08462,0.00562
1946.15582,0.00652
1944.22702,0.00751
1942.29823,0.00710
1940.36943,0.00494
1938.44063,0.00317
1936.51184,0.00224
1934.58304,0.00141
1932.65424,0.00097
1930.72545,0.00122
1928.79665,0.00151
1926.86785,0.00190
1924.93906,0.00342
1923.01026,0.00512
1921.08146,0.00565
1919.15267,0.00546
1917.22387,0.00408
1915.29507,0.00185
1913.36628,0.00101
1911.43748,0.00197
1909.50868,0.00290
1907.57989,0.00233
1905.65109,0.00103
1903.72229,0.00030
1901.79350,-0.00006
1899.86470,-0.00028
1897.93590,0.00028
1896.00711,0.00128
1894.07831,0.00155
1892.14951,0.00183
1890.22072,0.00252
1888.29192,0.00177
1886.36312,0.00020
1884.43433,-0.00050
1882.50553,-0.00073
1880.57673,-0.00099
1878.64794,-0.00123
1876.71914,-0.00135
1874.79034,-0.00119
1872.86155,0.00047
1870.93275,0.00488
1869.00395,0.00870
1867.07516,0.00680
1865.14636,0.00211
1863.21756,-0.00058
1861.28877,-0.00114
1859.35997,-0.00112
1857.43117,-0.00139
1855.50238,-0.00188
1853.57358,-0.00219
1851.64478,-0.00173
1849.71599,0.00024
1847.78719,0.00363
1845.85839,0.00727
1843.92960,0.00767
1842.00080,0.00382
1840.07200,0.00072
1838.14321,0.00010
1836.21441,0.00002
1834.28561,0.00043
1832.35682,0.00344
1830.42802,0.00725
1828.49922,0.00744
1826.57043,0.00583
1824.64163,0.00415
1822.71283,0.00139
1820.78404,-0.00075
1818.85524,-0.00113
1816.92644,-0.00109
1814.99765,-0.00068
1813.06885,0.00123
1811.14005,0.00309
1809.21126,0.00256
1807.28246,0.00080
1805.35366,0.00061
1803.42487,0.00309
1801.49607,0.00602
1799.56727,0.00622
1797.63848,0.00512
1795.70968,0.00619
1793.78088,0.00957
1791.85209,0.01028
1789.92329,0.00560
1787.99449,0.00165
1786.06570,0.00136
1784.13690,0.00250
1782.20810,0.00369
1780.27931,0.00410
1778.35051,0.00353
1776.42171,0.00481
1774.49292,0.00973
1772.56412,0.01448
1770.63532,0.01324
1768.70653,0.00828
1766.77773,0.00379
1764.84893,0.00249
1762.92014,0.00450
1760.99134,0.00578
1759.06254,0.00535
1757.13375,0.00486
1755.20495,0.00430
1753.27615,0.00660
1751.34736,0.01299
1749.41856,0.01706
1747.48976,0.01507
1745.56097,0.01183
1743.63217,0.01026
1741.70337,0.00990
1739.77458,0.00921
1737.84578,0.00908
1735.91698,0.01300
1733.98819,0.01795
1732.05939,0.01500
1730.13059,0.00835
1728.20180,0.00289
1726.27300,0.00042
1724.34420,0.00113
1722.41541,0.00348
1720.48661,0.00928
1718.55781,0.01979
1716.62902,0.02541
1714.70022,0.01974
1712.77142,0.01270
1710.84263,0.01033
1708.91383,0.01330
1706.98503,0.02005
1705.05624,0.02632
1703.12744,0.03168
1701.19864,0.04110
1699.26985,0.05129
1697.34105,0.05563
1695.41225,0.05612
1693.48346,0.05641
1691.55466,0.06236
1689.62586,0.07496
1687.69707,0.09033
1685.76827,0.11047
1683.83947,0.13327
1681.91068,0.14286
1679.98188,0.14742
1678.05308,0.15670
1676.12429,0.17170
1674.19549,0.18809
1672.26669,0.20198
1670.33790,0.21539
1668.40910,0.22312
1666.48030,0.22479
1664.55151,0.22932
1662.62271,0.23551
1660.69391,0.23685
1658.76512,0.23706
1656.83632,0.24259
1654.90752,0.25515
1652.97873,0.26331
1651.04993,0.25792
1649.12113,0.25841
1647.19234,0.26463
1645.26354,0.26480
1643.33474,0.26375
1641.40595,0.27031
1639.47715,0.28488
1637.54835,0.30699
1635.61956,0.33127
1633.69076,0.34416
1631.76197,0.35303
1629.83317,0.36764
1627.90437,0.38527
1625.97558,0.40001
1624.04678,0.41062
1622.11798,0.41468
1620.18919,0.41478
1618.26039,0.41639
1616.33159,0.41470
1614.40280,0.40746
1612.47400,0.40322
1610.54520,0.40434
1608.61641,0.40846
1606.68761,0.41381
1604.75881,0.42129
1602.83002,0.43075
1600.90122,0.44002
1598.97242,0.44827
1597.04363,0.45557
1595.11483,0.46015
1593.18603,0.45973
1591.25724,0.45447
1589.32844,0.44500
1587.39964,0.43181
1585.47085,0.41579
1583.54205,0.39750
1581.61325,0.37867
1579.68446,0.36293
1577.75566,0.34819
1575.82686,0.32427
1573.89807,0.29889
1571.96927,0.28263
1570.04047,0.26722
1568.11168,0.24752
1566.18288,0.22990
1564.25408,0.21715
1562.32529,0.21217
1560.39649,0.21545
1558.46769,0.20800
1556.53890,0.18537
1554.61010,0.16805
1552.68130,0.15629
1550.75251,0.14780
1548.82371,0.14044
1546.89491,0.13713
1544.96612,0.14045
1543.03732,0.14700
1541.10852,0.14905
1539.17973,0.13519
1537.25093,0.11954
1535.32213,0.11411
1533.39334,0.11145
1531.46454,0.10526
1529.53574,0.10183
1527.60695,0.10350
1525.67815,0.10602
1523.74935,0.10875
1521.82056,0.11038
1519.89176,0.10715
1517.96296,0.10271
1516.03417,0.09695
1514.10537,0.09063
1512.17657,0.09012
1510.24778,0.09826
1508.31898,0.11091
1506.39018,0.10835
1504.46139,0.09191
1502.53259,0.08453
1500.60379,0.08654
1498.67500,0.09291
1496.74620,0.09681
1494.81740,0.09690
1492.88861,0.10126
1490.95981,0.11373
1489.03101,0.12599
1487.10222,0.12940
1485.17342,0.13146
1483.24462,0.13863
1481.31583,0.15024
1479.38703,0.16372
1477.45823,0.17996
1475.52944,0.19994
1473.60064,0.21939
1471.67184,0.22957
1469.74305,0.23171
1467.81425,0.23631
1465.88545,0.24497
1463.95666,0.25035
1462.02786,0.25218
1460.09906,0.25779
1458.17027,0.26445
1456.24147,0.25511
1454.31267,0.23570
1452.38388,0.22019
1450.45508,0.20812
1448.52628,0.19607
1446.59749,0.18106
1444.66869,0.16569
1442.73989,0.15265
1440.81110,0.14299
1438.88230,0.13736
1436.95350,0.13096
1435.02471,0.11947
1433.09591,0.10922
1431.16711,0.10228
1429.23832,0.09511
1427.30952,0.08836
1425.38072,0.08451
1423.45193,0.08212
1421.52313,0.08114
1419.59433,0.08158
1417.66554,0.07695
1415.73674,0.06794
1413.80794,0.06152
1411.87915,0.05833
1409.95035,0.05604
1408.02155,0.05472
1406.09276,0.05469
1404.16396,0.05344
1402.23516,0.05184
1400.30637,0.05317
1398.37757,0.05582
1396.44877,0.05617
1394.51998,0.05264
1392.59118,0.04694
1390.66238,0.04419
1388.73359,0.04519
1386.80479,0.04487
1384.87599,0.04117
1382.94720,0.03819
1381.01840,0.03763
1379.08960,0.03828
1377.16081,0.04000
1375.23201,0.04204
1373.30321,0.04107
1371.37442,0.03785
1369.44562,0.03586
1367.51682,0.03514
1365.58803,0.03631
1363.65923,0.03937
1361.73043,0.03944
1359.80164,0.03566
1357.87284,0.03278
1355.94404,0.03195
1354.01525,0.03146
1352.08645,0.03083
1350.15765,0.03050
1348.22886,0.03018
1346.30006,0.02974
1344.37126,0.03012
1342.44247,0.03286
1340.51367,0.03705
1338.58487,0.03793
1336.65608,0.03447
1334.72728,0.03094
1332.79848,0.02937
1330.86969,0.02900
1328.94089,0.02882
1327.01209,0.02856
1325.08330,0.02840
1323.15450,0.02873
1321.22570,0.02979
1319.29691,0.03078
1317.36811,0.03065
1315.43931,0.02996
1313.51052,0.02937
1311.58172,0.02843
1309.65292,0.02746
1307.72413,0.02696
1305.79533,0.02667
1303.86653,0.02646
1301.93774,0.02639
1300.00894,0.02645
1298.08014,0.02661
1296.15135,0.02669
1294.22255,0.02664
1292.29375,0.02674
1290.36496,0.02712
1288.43616,0.02738
1286.50736,0.02715
1284.57857,0.02671
1282.64977,0.02653
1280.72097,0.02656
1278.79218,0.02655
1276.86338,0.02660
1274.93458,0.02690
1273.00579,0.02748
1271.07699,0.02793
1269.14820,0.02793
1267.21940,0.02768
1265.29060,0.02746
1263.36181,0.02749
1261.43301,0.02774
1259.50421,0.02780
1257.57542,0.02755
1255.64662,0.02737
1253.71782,0.02738
1251.78903,0.02747
1249.86023,0.02760
1247.93143,0.02777
1246.00264,0.02795
1244.07384,0.02811
1242.14504,0.02817
1240.21625,0.02820
1238.28745,0.02826
1236.35865,0.02835
1234.42986,0.02848
1232.50106,0.02865
1230.57226,0.02885
1228.64347,0.02912
1226.71467,0.02945
1224.78587,0.02972
1222.85708,0.02991
1220.92828,0.03015
1218.99948,0.03050
1217.07069,0.03087
1215.14189,0.03128
1213.21309,0.03177
1211.28430,0.03226
1209.35550,0.03273
1207.42670,0.03331
1205.49791,0.03401
1203.56911,0.03480
1201.64031,0.03571
1199.71152,0.03676
1197.78272,0.03792
1195.85392,0.03921
1193.92513,0.04065
1191.99633,0.04232
1190.06753,0.04427
1188.13874,0.04651
1186.20994,0.04895
1184.28114,0.05161
1182.35235,0.05462
1180.42355,0.05810
1178.49475,0.06202
1176.56596,0.06630
1174.63716,0.07082
1172.70836,0.07548
1170.77957,0.08026
1168.85077,0.08515
1166.92197,0.08995
1164.99318,0.09440
1163.06438,0.09825
1161.13558,0.10130
1159.20679,0.10331
1157.27799,0.10413
1155.34919,0.10370
1153.42040,0.10209
1151.49160,0.09938
1149.56280,0.09573
1147.63401,0.09138
1145.70521,0.08664
1143.77641,0.08176
1141.84762,0.07693
1139.91882,0.07231
1137.99002,0.06800
1136.06123,0.06402
1134.13243,0.06037
1132.20363,0.05712
1130.27484,0.05426
1128.34604,0.05171
1126.41724,0.04944
1124.48845,0.04745
1122.55965,0.04573
1120.63085,0.04426
1118.70206,0.04298
1116.77326,0.04186
1114.84446,0.04088
1112.91567,0.04004
1110.98687,0.03933
1109.05807,0.03874
1107.12928,0.03824
1105.20048,0.03777
1103.27168,0.03737
1101.34289,0.03709
1099.41409,0.03695
1097.48529,0.03694
1095.55650,0.03705
1093.62770,0.03729
1091.69890,0.03760
1089.77011,0.03792
1087.84131,0.03828
1085.91251,0.03867
1083.98372,0.03906
1082.05492,0.03944
1080.12612,0.03986
1078.19733,0.04034
1076.26853,0.04086
1074.33973,0.04141
1072.41094,0.04194
1070.48214,0.04237
1068.55334,0.04268
1066.62455,0.04286
1064.69575,0.04292
1062.76695,0.04285
1060.83816,0.04266
1058.90936,0.04233
1056.98056,0.04185
1055.05177,0.04128
1053.12297,0.04065
1051.19417,0.03993
1049.26538,0.03917
1047.33658,0.03842
1045.40778,0.03766
1043.47899,0.03690
1041.55019,0.03619
1039.62139,0.03556
1037.69260,0.03494
1035.76380,0.03432
1033.83500,0.03372
1031.90621,0.03317
1029.97741,0.03268
1028.04861,0.03223
1026.11982,0.03181
1024.19102,0.03140
1022.26222,0.03103
1020.33343,0.03069
1018.40463,0.03041
1016.47583,0.03021
1014.54704,0.03007
1012.61824,0.02995
1010.68944,0.02975
1008.76065,0.02940
1006.83185,0.02889
1004.90305,0.02827
1002.97426,0.02757
1001.04546,0.02690
999.11666,0.02633
997.18787,0.02588
995.25907,0.02554
993.33027,0.02522
991.40148,0.02487
989.47268,0.02455
987.54388,0.02425
985.61509,0.02392
983.68629,0.02356
981.75749,0.02323
979.82870,0.02295
977.89990,0.02269
975.97110,0.02242
974.04231,0.02214
972.11351,0.02190
970.18471,0.02165
968.25592,0.02134
966.32712,0.02096
964.39832,0.02057
962.46953,0.02019
960.54073,0.01981
958.61193,0.01943
956.68314,0.01908
954.75434,0.01876
952.82554,0.01845
950.89675,0.01815
948.96795,0.01783
947.03915,0.01746
945.11036,0.01707
943.18156,0.01672
941.25276,0.01639
939.32397,0.01604
937.39517,0.01568
935.46637,0.01529
933.53758,0.01489
931.60878,0.01446
929.67998,0.01403
927.75119,0.01359
925.82239,0.01317
923.89359,0.01275
921.96480,0.01233
920.03600,0.01186
918.10720,0.01136
916.17841,0.01087
914.24961,0.01041
912.32081,0.00999
910.39202,0.00960
908.46322,0.00917
906.53443,0.00871
904.60563,0.00824
902.67683,0.00779
900.74804,0.00736
898.81924,0.00693
896.89044,0.00654
894.96165,0.00618
893.03285,0.00574
891.10405,0.00525
889.17526,0.00478
887.24646,0.00431
885.31766,0.00383
883.38887,0.00336
881.46007,0.00291
879.53127,0.00248
877.60248,0.00208
875.67368,0.00167
873.74488,0.00128
871.81609,0.00099
869.88729,0.00077
867.95849,0.00051
866.02970,0.00017
864.10090,-0.00020
862.17210,-0.00051
860.24331,-0.00076
858.31451,-0.00095
856.38571,-0.00113
854.45692,-0.00135
852.52812,-0.00160
850.59932,-0.00180
848.67053,-0.00190
846.74173,-0.00201
844.81293,-0.00216
842.88414,-0.00228
840.95534,-0.00236
839.02654,-0.00245
837.09775,-0.00259
835.16895,-0.00276
833.24015,-0.00289
831.31136,-0.00293
829.38256,-0.00294
827.45376,-0.00300
825.52497,-0.00307
823.59617,-0.00308
821.66737,-0.00303
819.73858,-0.00297
817.80978,-0.00290
815.88098,-0.00280
813.95219,-0.00269
812.02339,-0.00258
810.09459,-0.00246
808.16580,-0.00224
806.23700,-0.00185
804.30820,-0.00139
802.37941,-0.00091
800.45061,-0.00028
798.52181,0.00055
796.59302,0.00145
794.66422,0.00235
792.73542,0.00324
790.80663,0.00411
788.87783,0.00497
786.94903,0.00578
785.02024,0.00612
783.09144,0.00562
781.16264,0.00464
779.23385,0.00364
777.30505,0.00254
775.37625,0.00121
773.44746,0.00004
771.51866,-0.00062
769.58986,-0.00106
767.66107,-0.00176
765.73227,-0.00258
763.80347,-0.00309
761.87468,-0.00331
759.94588,-0.00349
758.01708,-0.00356
756.08829,-0.00334
754.15949,-0.00305
752.23069,-0.00300
750.30190,-0.00296
748.37310,-0.00258
