3496.90832,0.01385
3494.97953,0.02166
3493.05073,0.02804
3491.12193,0.03092
3489.19314,0.03099
3487.26434,0.02818
3485.33554,0.02579
3483.40675,0.02825
3481.47795,0.03414
3479.54915,0.03662
3477.62036,0.03256
3475.69156,0.02700
3473.76276,0.02763
3471.83397,0.03541
3469.90517,0.04093
3467.97637,0.03794
3466.04758,0.03093
3464.11878,0.02373
3462.18998,0.01939
3460.26119,0.02297
3458.33239,0.03177
3456.40359,0.03778
3454.47480,0.03519
3452.54600,0.02711
3450.61721,0.02281
3448.68841,0.02205
3446.75961,0.02172
3444.83082,0.02207
3442.90202,0.02153
3440.97322,0.02284
3439.04443,0.02428
3437.11563,0.02110
3435.18683,0.01732
3433.25804,0.01766
3431.32924,0.02025
3429.40044,0.01951
3427.47165,0.01746
3425.54285,0.01983
3423.61405,0.02155
3421.68526,0.01690
3419.75646,0.01227
3417.82766,0.01170
3415.89887,0.01197
3413.97007,0.01175
3412.04127,0.00917
3410.11248,0.00512
3408.18368,0.00625
3406.25488,0.01006
3404.32609,0.00831
3402.39729,0.00339
3400.46849,0.00112
3398.53970,0.00104
3396.61090,0.00051
3394.68210,0.00091
3392.75331,0.00587
3390.82451,0.01473
3388.89571,0.01959
3386.96692,0.01358
3385.03812,0.00251
3383.10932,-0.00091
3381.18053,0.00715
3379.25173,0.01813
3377.32293,0.02202
3375.39414,0.02051
3373.46534,0.02082
3371.53654,0.02353
3369.60775,0.02693
3367.67895,0.03025
3365.75015,0.02961
3363.82136,0.02341
3361.89256,0.01889
3359.96376,0.02171
3358.03497,0.02878
3356.10617,0.03182
3354.17737,0.02542
3352.24858,0.01750
3350.31978,0.01876
3348.39098,0.02665
3346.46219,0.03566
3344.53339,0.04366
3342.60459,0.04734
3340.67580,0.04598
3338.74700,0.04064
3336.81820,0.03087
3334.88941,0.02150
3332.96061,0.01875
3331.03181,0.01918
3329.10302,0.01836
3327.17422,0.01749
3325.24542,0.01751
3323.31663,0.01837
3321.38783,0.01755
3319.45903,0.01290
3317.53024,0.00872
3315.60144,0.00671
3313.67264,0.00236
3311.74385,-0.00420
3309.81505,-0.00726
3307.88625,-0.00245
3305.95746,0.00538
3304.02866,0.00741
3302.09986,0.00239
3300.17107,-0.00795
3298.24227,-0.01578
3296.31347,-0.01196
3294.38468,-0.00182
3292.45588,0.00648
3290.52708,0.01058
3288.59829,0.00920
3286.66949,0.00437
3284.74069,0.00112
3282.81190,0.00053
3280.88310,0.00016
3278.95430,-0.00196
3277.02551,-0.00817
3275.09671,-0.01517
3273.16791,-0.01564
3271.23912,-0.00970
3269.31032,-0.00423
3267.38152,-0.00260
3265.45273,-0.00132
3263.52393,0.00020
3261.59513,-0.00246
3259.66634,-0.00733
3257.73754,-0.00737
3255.80874,-0.00058
3253.87995,0.00670
3251.95115,0.00741
3250.02235,0.00453
3248.09356,0.00592
3246.16476,0.01129
3244.23596,0.01413
3242.30717,0.01012
3240.37837,0.00255
3238.44957,-0.00012
3236.52078,0.00425
3234.59198,0.00850
3232.66318,0.00752
3230.73439,0.00594
3228.80559,0.00997
3226.87679,0.01432
3224.94800,0.01532
3223.01920,0.01769
3221.09040,0.01879
3219.16161,0.01350
3217.23281,0.00776
3215.30401,0.00941
3213.37522,0.01427
3211.44642,0.01610
3209.51762,0.01750
3207.58883,0.01989
3205.66003,0.01893
3203.73123,0.01402
3201.80244,0.00932
3199.87364,0.00697
3197.94484,0.00785
3196.01605,0.01401
3194.08725,0.02196
3192.15845,0.02420
3190.22966,0.02050
3188.30086,0.01649
3186.37206,0.01374
3184.44327,0.01116
3182.51447,0.00923
3180.58567,0.00743
3178.65688,0.00716
3176.72808,0.00947
3174.79928,0.01043
3172.87049,0.00952
3170.94169,0.00872
3169.01289,0.00768
3167.08410,0.00700
3165.15530,0.00696
3163.22650,0.00799
3161.29771,0.00999
3159.36891,0.01125
3157.44011,0.01211
3155.51132,0.01166
3153.58252,0.00793
3151.65372,0.00367
3149.72493,0.00221
3147.79613,0.00297
3145.86733,0.00447
3143.93854,0.00397
3142.00974,0.00022
3140.08094,-0.00182
3138.15215,0.00099
3136.22335,0.00495
3134.29455,0.00639
3132.36576,0.00594
3130.43696,0.00555
3128.50816,0.00535
3126.57937,0.00583
3124.65057,0.00738
3122.72177,0.00767
3120.79298,0.00559
3118.86418,0.00368
3116.93538,0.00394
3115.00659,0.00465
3113.07779,0.00373
3111.14899,0.00171
3109.22020,0.00033
3107.29140,0.00065
3105.36260,0.00153
3103.43381,0.00182
3101.50501,0.00203
3099.57621,0.00160
3097.64742,0.00057
3095.71862,0.00049
3093.78982,0.00122
3091.86103,0.00143
3089.93223,0.00098
3088.00344,0.00037
3086.07464,-0.00013
3084.14584,-0.00011
3082.21705,0.00048
3080.28825,0.00106
3078.35945,0.00139
3076.43066,0.00134
3074.50186,0.00101
3072.57306,0.00063
3070.64427,0.00019
3068.71547,-0.00006
3066.78667,0.00015
3064.85788,0.00067
3062.92908,0.00086
3061.00028,0.00077
3059.07149,0.00163
3057.14269,0.00333
3055.21389,0.00439
3053.28510,0.00444
3051.35630,0.00425
3049.42750,0.00421
3047.49871,0.00383
3045.56991,0.00276
3043.64111,0.00177
3041.71232,0.00152
3039.78352,0.00128
3037.85472,0.00106
3035.92593,0.00212
3033.99713,0.00367
3032.06833,0.00372
3030.13954,0.00335
3028.21074,0.00431
3026.28194,0.00494
3024.35315,0.00363
3022.42435,0.00179
3020.49555,0.00088
3018.56676,0.00142
3016.63796,0.00354
3014.70916,0.00558
3012.78037,0.00546
3010.85157,0.00400
3008.92277,0.00346
3006.99398,0.00398
3005.06518,0.00427
3003.13638,0.00392
3001.20759,0.00350
2999.27879,0.00374
2997.34999,0.00489
2995.42120,0.00590
2993.49240,0.00547
2991.56360,0.00443
2989.63481,0.00442
2987.70601,0.00523
2985.77721,0.00581
2983.84842,0.00583
2981.91962,0.00541
2979.99082,0.00506
2978.06203,0.00517
2976.13323,0.00524
2974.20443,0.00509
2972.27564,0.00527
2970.34684,0.00579
2968.41804,0.00623
2966.48925,0.00609
2964.56045,0.00537
2962.63165,0.00475
2960.70286,0.00428
2958.77406,0.00408
2956.84526,0.00450
2954.91647,0.00507
2952.98767,0.00551
2951.05887,0.00600
2949.13008,0.00670
2947.20128,0.00754
2945.27248,0.00801
2943.34369,0.00751
2941.41489,0.00644
2939.48609,0.00575
2937.55730,0.00568
2935.62850,0.00584
2933.69970,0.00623
2931.77091,0.00702
2929.84211,0.00766
2927.91331,0.00764
2925.98452,0.00763
2924.05572,0.00772
2922.12692,0.00721
2920.19813,0.00671
2918.26933,0.00725
2916.34053,0.00820
2914.41174,0.00853
2912.48294,0.00825
2910.55414,0.00779
2908.62535,0.00746
2906.69655,0.00744
2904.76775,0.00755
2902.83896,0.00766
2900.91016,0.00786
2898.98136,0.00800
2897.05257,0.00791
2895.12377,0.00783
2893.19497,0.00810
2891.26618,0.00835
2889.33738,0.00833
2887.40858,0.00845
2885.47979,0.00857
2883.55099,0.00838
2881.62219,0.00832
2879.69340,0.00867
2877.76460,0.00895
2875.83580,0.00900
2873.90701,0.00911
2871.97821,0.00906
2870.04941,0.00871
2868.12062,0.00833
2866.19182,0.00823
2864.26302,0.00855
2862.33423,0.00901
2860.40543,0.00928
2858.47663,0.00951
2856.54784,0.00987
2854.61904,0.01028
2852.69024,0.01057
2850.76145,0.01077
2848.83265,0.01092
2846.90385,0.01091
2844.97506,0.01092
2843.04626,0.01110
2841.11746,0.01125
2839.18867,0.01136
2837.25987,0.01160
2835.33107,0.01188
2833.40228,0.01185
2831.47348,0.01145
2829.54468,0.01131
2827.61589,0.01162
2825.68709,0.01181
2823.75829,0.01179
2821.82950,0.01181
2819.90070,0.01179
2817.97190,0.01176
2816.04311,0.01190
2814.11431,0.01203
2812.18551,0.01188
2810.25672,0.01163
2808.32792,0.01162
2806.39912,0.01173
2804.47033,0.01171
2802.54153,0.01169
2800.61273,0.01173
2798.68394,0.01175
2796.75514,0.01185
2794.82634,0.01204
2792.89755,0.01212
2790.96875,0.01192
2789.03995,0.01146
2787.11116,0.01093
2785.18236,0.01062
2783.25356,0.01060
2781.32477,0.01072
2779.39597,0.01067
2777.46717,0.01048
2775.53838,0.01048
2773.60958,0.01053
2771.68078,0.01028
2769.75199,0.00989
2767.82319,0.00962
2765.89439,0.00952
2763.96560,0.00954
2762.03680,0.00945
2760.10800,0.00923
2758.17921,0.00910
2756.25041,0.00917
2754.32161,0.00945
2752.39282,0.00972
2750.46402,0.00963
2748.53522,0.00943
2746.60643,0.00960
2744.67763,0.00995
2742.74883,0.01012
2740.82004,0.01015
2738.89124,0.01007
2736.96244,0.00997
2735.03365,0.01000
2733.10485,0.01001
2731.17605,0.00984
2729.24726,0.00967
2727.31846,0.00954
2725.38967,0.00940
2723.46087,0.00932
2721.53207,0.00933
2719.60328,0.00932
2717.67448,0.00935
2715.74568,0.00949
2713.81689,0.00958
2711.88809,0.00949
2709.95929,0.00928
2708.03050,0.00922
2706.10170,0.00945
2704.17290,0.00973
2702.24411,0.00971
2700.31531,0.00952
2698.38651,0.00955
2696.45772,0.00973
2694.52892,0.00968
2692.60012,0.00941
2690.67133,0.00933
2688.74253,0.00957
2686.81373,0.00985
2684.88494,0.00994
2682.95614,0.00978
2681.02734,0.00951
2679.09855,0.00935
2677.16975,0.00934
2675.24095,0.00934
2673.31216,0.00930
2671.38336,0.00925
2669.45456,0.00926
2667.52577,0.00935
2665.59697,0.00934
2663.66817,0.00912
2661.73938,0.00893
2659.81058,0.00902
2657.88178,0.00925
2655.95299,0.00947
2654.02419,0.00957
2652.09539,0.00952
2650.16660,0.00958
2648.23780,0.00982
2646.30900,0.00993
2644.38021,0.00990
2642.45141,0.01000
2640.52261,0.01007
2638.59382,0.00989
2636.66502,0.00976
2634.73622,0.00987
2632.80743,0.01003
2630.87863,0.01012
2628.94983,0.01011
2627.02104,0.01018
2625.09224,0.01049
2623.16344,0.01082
2621.23465,0.01091
2619.30585,0.01076
2617.37705,0.01066
2615.44826,0.01084
2613.51946,0.01110
2611.59066,0.01129
2609.66187,0.01152
2607.73307,0.01182
2605.80427,0.01207
2603.87548,0.01210
2601.94668,0.01194
2600.01788,0.01180
2598.08909,0.01191
2596.16029,0.01223
2594.23149,0.01251
2592.30270,0.01248
2590.37390,0.01219
2588.44510,0.01204
2586.51631,0.01219
2584.58751,0.01246
2582.65871,0.01281
2580.72992,0.01303
2578.80112,0.01273
2576.87232,0.01213
2574.94353,0.01174
2573.01473,0.01158
2571.08593,0.01162
2569.15714,0.01174
2567.22834,0.01168
2565.29954,0.01152
2563.37075,0.01146
2561.44195,0.01147
2559.51315,0.01146
2557.58436,0.01136
2555.65556,0.01112
2553.72676,0.01106
2551.79797,0.01159
2549.86917,0.01238
2547.94037,0.01286
2546.01158,0.01305
2544.08278,0.01287
2542.15398,0.01247
2540.22519,0.01228
2538.29639,0.01221
2536.36759,0.01189
2534.43880,0.01148
2532.51000,0.01149
2530.58120,0.01183
2528.65241,0.01191
2526.72361,0.01158
2524.79481,0.01100
2522.86602,0.01057
2520.93722,0.01078
2519.00842,0.01136
2517.07963,0.01170
2515.15083,0.01195
2513.22203,0.01225
2511.29324,0.01227
2509.36444,0.01198
2507.43564,0.01173
2505.50685,0.01177
2503.57805,0.01195
2501.64925,0.01199
2499.72046,0.01173
2497.79166,0.01137
2495.86286,0.01136
2493.93407,0.01151
2492.00527,0.01150
2490.07647,0.01154
2488.14768,0.01167
2486.21888,0.01160
2484.29008,0.01133
2482.36129,0.01120
2480.43249,0.01106
2478.50369,0.01070
2476.57490,0.01041
2474.64610,0.01037
2472.71730,0.01034
2470.78851,0.01022
2468.85971,0.01023
2466.93091,0.01053
2465.00212,0.01074
2463.07332,0.01051
2461.14452,0.01019
2459.21573,0.01024
2457.28693,0.01044
2455.35813,0.01049
2453.42934,0.01060
2451.50054,0.01088
2449.57174,0.01101
2447.64295,0.01081
2445.71415,0.01038
2443.78535,0.00992
2441.85656,0.00973
2439.92776,0.00977
2437.99896,0.00977
2436.07017,0.00976
2434.14137,0.00986
2432.21257,0.00990
2430.28378,0.00973
2428.35498,0.00950
2426.42618,0.00935
2424.49739,0.00919
2422.56859,0.00882
2420.63979,0.00848
2418.71100,0.00836
2416.78220,0.00840
2414.85340,0.00851
2412.92461,0.00843
2410.99581,0.00821
2409.06701,0.00807
2407.13822,0.00786
2405.20942,0.00755
2403.28062,0.00729
2401.35183,0.00711
2399.42303,0.00685
2397.49423,0.00664
2395.56544,0.00673
2393.63664,0.00691
2391.70784,0.00684
2389.77905,0.00678
2387.85025,0.00735
2385.92145,0.00879
2383.99266,0.01102
2382.06386,0.01406
2380.13506,0.01789
2378.20627,0.02209
2376.27747,0.02620
2374.34867,0.03062
2372.41988,0.03576
2370.49108,0.04081
2368.56228,0.04491
2366.63349,0.04853
2364.70469,0.05227
2362.77589,0.05533
2360.84710,0.05673
2358.91830,0.05589
2356.98951,0.05263
2355.06071,0.04774
2353.13191,0.04169
2351.20312,0.03557
2349.27432,0.03223
2347.34552,0.03325
2345.41673,0.03714
2343.48793,0.03999
2341.55913,0.04048
2339.63034,0.04001
2337.70154,0.03893
2335.77274,0.03766
2333.84395,0.03712
2331.91515,0.03703
2329.98635,0.03612
2328.05756,0.03456
2326.12876,0.03347
2324.19996,0.03288
2322.27117,0.03195
2320.34237,0.03015
2318.41357,0.02781
2316.48478,0.02573
2314.55598,0.02469
2312.62718,0.02435
2310.69839,0.02352
2308.76959,0.02179
2306.84079,0.01981
2304.91200,0.01824
2302.98320,0.01713
2301.05440,0.01617
2299.12561,0.01520
2297.19681,0.01407
2295.26801,0.01292
2293.33922,0.01222
2291.41042,0.01186
2289.48162,0.01134
2287.55283,0.01075
2285.62403,0.01022
2283.69523,0.00991
2281.76644,0.01038
2279.83764,0.01131
2277.90884,0.01174
2275.98005,0.01197
2274.05125,0.01261
2272.12245,0.01334
2270.19366,0.01386
2268.26486,0.01457
2266.33606,0.01564
2264.40727,0.01614
2262.47847,0.01563
2260.54967,0.01518
2258.62088,0.01571
2256.69208,0.01672
2254.76328,0.01725
2252.83449,0.01723
2250.90569,0.01685
2248.97689,0.01654
2247.04810,0.01696
2245.11930,0.01784
2243.19050,0.01821
2241.26171,0.01772
2239.33291,0.01727
2237.40411,0.01797
2235.47532,0.01946
2233.54652,0.02064
2231.61772,0.02127
2229.68893,0.02161
2227.76013,0.02195
2225.83133,0.02231
2223.90254,0.02206
2221.97374,0.02149
2220.04494,0.02237
2218.11615,0.02444
2216.18735,0.02566
2214.25855,0.02656
2212.32976,0.02806
2210.40096,0.02854
2208.47216,0.02754
2206.54337,0.02654
2204.61457,0.02643
2202.68577,0.02685
2200.75698,0.02743
2198.82818,0.02853
2196.89938,0.02986
2194.97059,0.03063
2193.04179,0.03142
2191.11299,0.03303
2189.18420,0.03441
2187.25540,0.03424
2185.32660,0.03385
2183.39781,0.03571
2181.46901,0.03939
2179.54021,0.04182
2177.61142,0.04178
2175.68262,0.04059
2173.75382,0.03851
2171.82503,0.03559
2169.89623,0.03461
2167.96743,0.03682
2166.03864,0.03965
2164.10984,0.04202
2162.18104,0.04611
2160.25225,0.05099
2158.32345,0.05068
2156.39465,0.04440
2154.46586,0.03808
2152.53706,0.03441
2150.60826,0.03222
2148.67947,0.02941
2146.75067,0.02604
2144.82187,0.02369
2142.89308,0.02178
2140.96428,0.01972
2139.03548,0.01852
2137.10669,0.01758
2135.17789,0.01579
2133.24909,0.01385
2131.32030,0.01246
2129.39150,0.01116
2127.46270,0.00968
2125.53391,0.00852
2123.60511,0.00801
2121.67631,0.00790
2119.74752,0.00742
2117.81872,0.00648
2115.88992,0.00632
2113.96113,0.00707
2112.03233,0.00757
2110.10353,0.00779
2108.17474,0.00830
2106.24594,0.00902
2104.31714,0.00981
2102.38835,0.01035
2100.45955,0.00984
2098.53075,0.00825
2096.60196,0.00697
2094.67316,0.00690
2092.74436,0.00697
2090.81557,0.00637
2088.88677,0.00566
2086.95797,0.00563
2085.02918,0.00637
2083.10038,0.00729
2081.17158,0.00801
2079.24279,0.00859
2077.31399,0.00906
2075.38519,0.00939
2073.45640,0.00956
2071.52760,0.00958
2069.59880,0.00967
2067.67001,0.01031
2065.74121,0.01131
2063.81241,0.01156
2061.88362,0.01086
2059.95482,0.01068
2058.02602,0.01161
2056.09723,0.01209
2054.16843,0.01129
2052.23963,0.01037
2050.31084,0.01118
2048.38204,0.01416
2046.45324,0.01700
2044.52445,0.01794
2042.59565,0.01771
2040.66685,0.01756
2038.73806,0.01781
2036.80926,0.01745
2034.88046,0.01679
2032.95167,0.01780
2031.02287,0.01962
2029.09407,0.02036
2027.16528,0.02096
2025.23648,0.02224
2023.30768,0.02297
2021.37889,0.02223
2019.45009,0.02188
2017.52129,0.02251
2015.59250,0.02160
2013.66370,0.01973
2011.73490,0.01929
2009.80611,0.01979
2007.87731,0.02020
2005.94851,0.02005
2004.01972,0.01829
2002.09092,0.01526
2000.16212,0.01243
1998.23333,0.01092
1996.30453,0.01166
1994.37574,0.01414
1992.44694,0.01580
1990.51814,0.01453
1988.58935,0.01212
1986.66055,0.01152
1984.73175,0.01277
1982.80296,0.01481
1980.87416,0.01660
1978.94536,0.01621
1977.01657,0.01292
1975.08777,0.00946
1973.15897,0.00844
1971.23018,0.00959
1969.30138,0.01166
1967.37258,0.01332
1965.44379,0.01324
1963.51499,0.01131
1961.58619,0.00875
1959.65740,0.00697
1957.72860,0.00621
1955.79980,0.00569
1953.87101,0.00529
1951.94221,0.00516
1950.01341,0.00510
1948.08462,0.00556
1946.15582,0.00697
1944.22702,0.00839
1942.29823,0.00759
1940.36943,0.00457
1938.44063,0.00233
1936.51184,0.00162
1934.58304,0.00119
1932.65424,0.00072
1930.72545,0.00062
1928.79665,0.00071
1926.86785,0.00127
1924.93906,0.00303
1923.01026,0.00462
1921.08146,0.00495
1919.15267,0.00508
1917.22387,0.00419
1915.29507,0.00206
1913.36628,0.00122
1911.43748,0.00225
1909.50868,0.00297
1907.57989,0.00209
1905.65109,0.00082
1903.72229,0.00009
1901.79350,-0.00041
1899.86470,-0.00068
1897.93590,-0.00010
1896.00711,0.00095
1894.07831,0.00123
1892.14951,0.00156
1890.22072,0.00239
1888.29192,0.00162
1886.36312,-0.00017
1884.43433,-0.00100
1882.50553,-0.00117
1880.57673,-0.00125
1878.64794,-0.00147
1876.71914,-0.00174
1874.79034,-0.00152
1872.86155,0.00046
1870.93275,0.00507
1869.00395,0.00888
1867.07516,0.00697
1865.14636,0.00236
1863.21756,-0.00018
1861.28877,-0.00063
1859.35997,-0.00070
1857.43117,-0.00120
1855.50238,-0.00187
1853.57358,-0.00219
1851.64478,-0.00165
1849.71599,0.00031
1847.78719,0.00351
1845.85839,0.00693
1843.92960,0.00717
1842.00080,0.00319
1840.07200,0.00006
1838.14321,-0.00049
1836.21441,-0.00050
1834.28561,-0.00007
1832.35682,0.00291
1830.42802,0.00673
1828.49922,0.00708
1826.57043,0.00566
1824.64163,0.00406
1822.71283,0.00135
1820.78404,-0.00066
1818.85524,-0.00091
1816.92644,-0.00082
1814.99765,-0.00036
1813.06885,0.00163
1811.14005,0.00350
1809.21126,0.00281
1807.28246,0.00084
1805.35366,0.00057
1803.42487,0.00306
1801.49607,0.00600
1799.56727,0.00613
1797.63848,0.00491
1795.70968,0.00592
1793.78088,0.00933
1791.85209,0.01007
1789.92329,0.00532
1787.99449,0.00128
1786.06570,0.00093
1784.13690,0.00204
1782.20810,0.00328
1780.27931,0.00380
1778.35051,0.00338
1776.42171,0.00478
1774.49292,0.00977
1772.56412,0.01457
1770.63532,0.01336
1768.70653,0.00845
1766.77773,0.00401
1764.84893,0.00272
1762.92014,0.00473
1760.99134,0.00598
1759.06254,0.00548
1757.13375,0.00491
1755.20495,0.00430
1753.27615,0.00656
1751.34736,0.01292
1749.41856,0.01689
1747.48976,0.01470
1745.56097,0.01136
1743.63217,0.00980
1741.70337,0.00944
1739.77458,0.00877
1737.84578,0.00872
1735.91698,0.01280
1733.98819,0.01794
1732.05939,0.01508
1730.13059,0.00844
1728.20180,0.00299
1726.27300,0.00059
1724.34420,0.00140
1722.41541,0.00378
1720.48661,0.00956
1718.55781,0.02013
1716.62902,0.02592
1714.70022,0.02027
1712.77142,0.01313
1710.84263,0.01068
1708.91383,0.01360
1706.98503,0.02028
1705.05624,0.02653
1703.12744,0.03190
1701.19864,0.04131
1699.26985,0.05133
1697.34105,0.05547
1695.41225,0.05590
1693.48346,0.05623
1691.55466,0.06226
1689.62586,0.07496
1687.69707,0.09043
1685.76827,0.11068
1683.83947,0.13359
1681.91068,0.14319
1679.98188,0.14777
1678.05308,0.15717
1676.12429,0.17236
1674.19549,0.18892
1672.26669,0.20291
1670.33790,0.21641
1668.40910,0.22417
1666.48030,0.22585
1664.55151,0.23043
1662.62271,0.23665
1660.69391,0.23801
1658.76512,0.23819
1656.83632,0.24361
1654.90752,0.25598
1652.97873,0.26398
1651.04993,0.25858
1649.12113,0.25907
1647.19234,0.26522
1645.26354,0.26532
1643.33474,0.26419
1641.40595,0.27073
1639.47715,0.28540
1637.54835,0.30771
1635.61956,0.33212
1633.69076,0.34508
1631.76197,0.35415
1629.83317,0.36901
1627.90437,0.38672
1625.97558,0.40138
1624.04678,0.41198
1622.11798,0.41616
1620.18919,0.41644
1618.26039,0.41825
1616.33159,0.41660
1614.40280,0.40924
1612.47400,0.40487
1610.54520,0.40588
1608.61641,0.40993
1606.68761,0.41520
1604.75881,0.42248
1602.83002,0.43169
1600.90122,0.44082
1598.97242,0.44898
1597.04363,0.45613
1595.11483,0.46066
1593.18603,0.46041
1591.25724,0.45549
1589.32844,0.44635
1587.39964,0.43330
1585.47085,0.41729
1583.54205,0.39907
1581.61325,0.38037
1579.68446,0.36478
1577.75566,0.35017
1575.82686,0.32634
1573.89807,0.30102
1571.96927,0.28476
1570.04047,0.26932
1568.11168,0.24960
1566.18288,0.23193
1564.25408,0.21911
1562.32529,0.21409
1560.39649,0.21733
1558.46769,0.20974
1556.53890,0.18694
1554.61010,0.16950
1552.68130,0.15764
1550.75251,0.14907
1548.82371,0.14165
1546.89491,0.13833
1544.96612,0.14168
1543.03732,0.14828
1541.10852,0.15039
1539.17973,0.13659
1537.25093,0.12095
1535.32213,0.11554
1533.39334,0.11289
1531.46454,0.10668
1529.53574,0.10326
1527.60695,0.10498
1525.67815,0.10752
1523.74935,0.11023
1521.82056,0.11180
1519.89176,0.10849
1517.96296,0.10399
1516.03417,0.09817
1514.10537,0.09177
1512.17657,0.09116
1510.24778,0.09920
1508.31898,0.11174
1506.39018,0.10902
1504.46139,0.09237
1502.53259,0.08488
1500.60379,0.08686
1498.67500,0.09323
1496.74620,0.09711
1494.81740,0.09717
1492.88861,0.10156
1490.95981,0.11415
1489.03101,0.12653
1487.10222,0.13000
1485.17342,0.13212
1483.24462,0.13941
1481.31583,0.15112
1479.38703,0.16469
1477.45823,0.18107
1475.52944,0.20122
1473.60064,0.22078
1471.67184,0.23097
1469.74305,0.23305
1467.81425,0.23759
1465.88545,0.24620
1463.95666,0.25150
1462.02786,0.25324
1460.09906,0.25874
1458.17027,0.26528
1456.24147,0.25581
1454.31267,0.23629
1452.38388,0.22070
1450.45508,0.20860
1448.52628,0.19652
1446.59749,0.18147
1444.66869,0.16610
1442.73989,0.15311
1440.81110,0.14346
1438.88230,0.13783
1436.95350,0.13150
1435.02471,0.12010
1433.09591,0.10988
1431.16711,0.10299
1429.23832,0.09590
1427.30952,0.08921
1425.38072,0.08537
1423.45193,0.08295
1421.52313,0.08196
1419.59433,0.08243
1417.66554,0.07781
1415.73674,0.06873
1413.80794,0.06221
1411.87915,0.05888
1409.95035,0.05644
1408.02155,0.05500
1406.09276,0.05490
1404.16396,0.05360
1402.23516,0.05196
1400.30637,0.05331
1398.37757,0.05599
1396.44877,0.05637
1394.51998,0.05285
1392.59118,0.04716
1390.66238,0.04444
1388.73359,0.04553
1386.80479,0.04529
1384.87599,0.04164
1382.94720,0.03870
1381.01840,0.03820
1379.08960,0.03890
1377.16081,0.04065
1375.23201,0.04271
1373.30321,0.04173
1371.37442,0.03847
1369.44562,0.03647
1367.51682,0.03571
1365.58803,0.03679
1363.65923,0.03973
1361.73043,0.03969
1359.80164,0.03581
1357.87284,0.03289
1355.94404,0.03201
1354.01525,0.03147
1352.08645,0.03080
1350.15765,0.03043
1348.22886,0.03012
1346.30006,0.02973
1344.37126,0.03019
1342.44247,0.03300
1340.51367,0.03724
1338.58487,0.03818
1336.65608,0.03477
1334.72728,0.03130
1332.79848,0.02982
1330.86969,0.02951
1328.94089,0.02939
1327.01209,0.02917
1325.08330,0.02903
1323.15450,0.02931
1321.22570,0.03031
1319.29691,0.03126
1317.36811,0.03107
1315.43931,0.03030
1313.51052,0.02961
1311.58172,0.02856
1309.65292,0.02748
1307.72413,0.02691
1305.79533,0.02659
1303.86653,0.02635
1301.93774,0.02628
1300.00894,0.02637
1298.08014,0.02659
1296.15135,0.02674
1294.22255,0.02675
1292.29375,0.02691
1290.36496,0.02737
1288.43616,0.02772
1286.50736,0.02757
1284.57857,0.02720
1282.64977,0.02708
1280.72097,0.02715
1278.79218,0.02719
1276.86338,0.02724
1274.93458,0.02752
1273.00579,0.02807
1271.07699,0.02847
1269.14820,0.02841
1267.21940,0.02809
1265.29060,0.02781
1263.36181,0.02773
1261.43301,0.02785
1259.50421,0.02781
1257.57542,0.02752
1255.64662,0.02732
1253.71782,0.02734
1251.78903,0.02746
1249.86023,0.02763
1247.93143,0.02784
1246.00264,0.02810
1244.07384,0.02836
1242.14504,0.02853
1240.21625,0.02865
1238.28745,0.02877
1236.35865,0.02893
1234.42986,0.02912
1232.50106,0.02932
1230.57226,0.02955
1228.64347,0.02984
1226.71467,0.03019
1224.78587,0.03047
1222.85708,0.03061
1220.92828,0.03076
1218.99948,0.03097
1217.07069,0.03121
1215.14189,0.03152
1213.21309,0.03192
1211.28430,0.03231
1209.35550,0.03271
1207.42670,0.03325
1205.49791,0.03393
1203.56911,0.03472
1201.64031,0.03565
1199.71152,0.03674
1197.78272,0.03798
1195.85392,0.03935
1193.92513,0.04085
1191.99633,0.04257
1190.06753,0.04459
1188.13874,0.04692
1186.20994,0.04942
1184.28114,0.05212
1182.35235,0.05518
1180.42355,0.05869
1178.49475,0.06262
1176.56596,0.06691
1174.63716,0.07143
1172.70836,0.07605
1170.77957,0.08074
1168.85077,0.08553
1166.92197,0.09025
1164.99318,0.09462
1163.06438,0.09842
1161.13558,0.10141
1159.20679,0.10338
1157.27799,0.10414
1155.34919,0.10371
1153.42040,0.10213
1151.49160,0.09949
1149.56280,0.09591
1147.63401,0.09163
1145.70521,0.08695
1143.77641,0.08211
1141.84762,0.07732
1139.91882,0.07274
1137.99002,0.06851
1136.06123,0.06462
1134.13243,0.06102
1132.20363,0.05774
1130.27484,0.05486
1128.34604,0.05231
1126.41724,0.05000
1124.48845,0.04793
1122.55965,0.04614
1120.63085,0.04458
1118.70206,0.04319
1116.77326,0.04195
1114.84446,0.04089
1112.91567,0.04001
1110.98687,0.03927
1109.05807,0.03866
1107.12928,0.03815
1105.20048,0.03771
1103.27168,0.03734
1101.34289,0.03712
1099.41409,0.03708
1097.48529,0.03717
1095.55650,0.03736
1093.62770,0.03765
1091.69890,0.03803
1089.77011,0.03846
1087.84131,0.03893
1085.91251,0.03938
1083.98372,0.03979
1082.05492,0.04019
1080.12612,0.04062
1078.19733,0.04107
1076.26853,0.04152
1074.33973,0.04198
1072.41094,0.04240
1070.48214,0.04272
1068.55334,0.04290
1066.62455,0.04298
1064.69575,0.04296
1062.76695,0.04286
1060.83816,0.04264
1058.90936,0.04229
1056.98056,0.04184
1055.05177,0.04132
1053.12297,0.04073
1051.19417,0.04006
1049.26538,0.03933
1047.33658,0.03863
1045.40778,0.03794
1043.47899,0.03727
1041.55019,0.03664
1039.62139,0.03604
1037.69260,0.03546
1035.76380,0.03488
1033.83500,0.03430
1031.90621,0.03374
1029.97741,0.03321
1028.04861,0.03273
1026.11982,0.03225
1024.19102,0.03174
1022.26222,0.03125
1020.33343,0.03082
1018.40463,0.03047
1016.47583,0.03019
1014.54704,0.02994
1012.61824,0.02973
1010.68944,0.02952
1008.76065,0.02920
1006.83185,0.02873
1004.90305,0.02816
1002.97426,0.02751
1001.04546,0.02691
999.11666,0.02644
997.18787,0.02607
995.25907,0.02577
993.33027,0.02550
991.40148,0.02521
989.47268,0.02495
987.54388,0.02469
985.61509,0.02439
983.68629,0.02404
981.75749,0.02369
979.82870,0.02335
977.89990,0.02300
975.97110,0.02263
974.04231,0.02229
972.11351,0.02197
970.18471,0.02164
968.25592,0.02126
966.32712,0.02083
964.39832,0.02040
962.46953,0.02001
960.54073,0.01964
958.61193,0.01927
956.68314,0.01894
954.75434,0.01866
952.82554,0.01843
950.89675,0.01821
948.96795,0.01797
947.03915,0.01767
945.11036,0.01736
943.18156,0.01707
941.25276,0.01678
939.32397,0.01648
937.39517,0.01617
935.46637,0.01583
933.53758,0.01541
931.60878,0.01494
929.67998,0.01443
927.75119,0.01390
925.82239,0.01336
923.89359,0.01281
921.96480,0.01227
920.03600,0.01172
918.10720,0.01117
916.17841,0.01067
914.24961,0.01021
912.32081,0.00978
910.39202,0.00936
908.46322,0.00895
906.53443,0.00855
904.60563,0.00816
902.67683,0.00779
900.74804,0.00746
898.81924,0.00714
896.89044,0.00684
894.96165,0.00655
893.03285,0.00619
891.10405,0.00572
889.17526,0.00525
887.24646,0.00480
885.31766,0.00433
883.38887,0.00382
881.46007,0.00326
879.53127,0.00272
877.60248,0.00225
875.67368,0.00179
873.74488,0.00133
871.81609,0.00095
869.88729,0.00061
867.95849,0.00024
866.02970,-0.00014
864.10090,-0.00049
862.17210,-0.00079
860.24331,-0.00100
858.31451,-0.00110
856.38571,-0.00115
854.45692,-0.00125
852.52812,-0.00142
850.59932,-0.00155
848.67053,-0.00160
846.74173,-0.00167
844.81293,-0.00176
842.88414,-0.00183
840.95534,-0.00188
839.02654,-0.00197
837.09775,-0.00212
835.16895,-0.00225
833.24015,-0.00238
831.31136,-0.00254
829.38256,-0.00266
827.45376,-0.00271
825.52497,-0.00279
823.59617,-0.00296
821.66737,-0.00310
819.73858,-0.00310
817.80978,-0.00297
815.88098,-0.00286
813.95219,-0.00274
812.02339,-0.00256
810.09459,-0.00239
808.16580,-0.00211
806.23700,-0.00162
804.30820,-0.00111
802.37941,-0.00065
800.45061,0.00002
798.52181,0.00093
796.59302,0.00197
794.66422,0.00308
792.73542,0.00414
790.80663,0.00507
788.87783,0.00594
786.94903,0.00667
785.02024,0.00694
783.09144,0.00648
781.16264,0.00552
779.23385,0.00440
777.30505,0.00311
775.37625,0.00165
773.44746,0.00027
771.51866,-0.00071
769.58986,-0.00136
767.66107,-0.00204
765.73227,-0.00266
763.80347,-0.00283
761.87468,-0.00268
759.94588,-0.00274
758.01708,-0.00292
756.08829,-0.00281
754.15949,-0.00262
752.23069,-0.00269
750.30190,-0.00265
748.37310,-0.00211
