3496.90832,0.01236
3494.97953,0.01693
3493.05073,0.02510
3491.12193,0.03015
3489.19314,0.02980
3487.26434,0.02682
3485.33554,0.02587
3483.40675,0.02854
3481.47795,0.03145
3479.54915,0.03115
3477.62036,0.02749
3475.69156,0.02231
3473.76276,0.01885
3471.83397,0.02020
3469.90517,0.02548
3467.97637,0.03066
3466.04758,0.03265
3464.11878,0.03006
3462.18998,0.02653
3460.26119,0.02795
3458.33239,0.03259
3456.40359,0.03398
3454.47480,0.03036
3452.54600,0.02694
3450.61721,0.02712
3448.68841,0.02634
3446.75961,0.02428
3444.83082,0.02250
3442.90202,0.01712
3440.97322,0.01387
3439.04443,0.01753
3437.11563,0.01901
3435.18683,0.01489
3433.25804,0.01120
3431.32924,0.01115
3429.40044,0.01054
3427.47165,0.00766
3425.54285,0.00726
3423.61405,0.01085
3421.68526,0.01406
3419.75646,0.01302
3417.82766,0.00997
3415.89887,0.00838
3413.97007,0.00470
3412.04127,-0.00275
3410.11248,-0.00540
3408.18368,0.00349
3406.25488,0.01367
3404.32609,0.01187
3402.39729,0.00304
3400.46849,-0.00170
3398.53970,0.00155
3396.61090,0.01087
3394.68210,0.01895
3392.75331,0.01845
3390.82451,0.01217
3388.89571,0.00745
3386.96692,0.00409
3385.03812,0.00303
3383.10932,0.00799
3381.18053,0.01306
3379.25173,0.01211
3377.32293,0.01190
3375.39414,0.01732
3373.46534,0.01994
3371.53654,0.01661
3369.60775,0.01624
3367.67895,0.02078
3365.75015,0.02319
3363.82136,0.01938
3361.89256,0.01455
3359.96376,0.01971
3358.03497,0.03618
3356.10617,0.04763
3354.17737,0.04351
3352.24858,0.03341
3350.31978,0.02612
3348.39098,0.02332
3346.46219,0.02709
3344.53339,0.03613
3342.60459,0.04439
3340.67580,0.04583
3338.74700,0.03903
3336.81820,0.02826
3334.88941,0.01788
3332.96061,0.01147
3331.03181,0.01376
3329.10302,0.02256
3327.17422,0.02521
3325.24542,0.01739
3323.31663,0.01109
3321.38783,0.01382
3319.45903,0.01696
3317.53024,0.01239
3315.60144,0.00364
3313.67264,-0.00187
3311.74385,-0.00031
3309.81505,0.00581
3307.88625,0.01160
3305.95746,0.01439
3304.02866,0.01304
3302.09986,0.00528
3300.17107,-0.00791
3298.24227,-0.01512
3296.31347,-0.00780
3294.38468,0.00565
3292.45588,0.01075
3290.52708,0.00381
3288.59829,-0.00583
3286.66949,-0.00767
3284.74069,-0.00180
3282.81190,0.00348
3280.88310,0.00354
3278.95430,0.00091
3277.02551,-0.00235
3275.09671,-0.00651
3273.16791,-0.00793
3271.23912,-0.00319
3269.31032,0.00297
3267.38152,0.00469
3265.45273,0.00119
3263.52393,-0.00411
3261.59513,-0.00583
3259.66634,-0.00251
3257.73754,0.00137
3255.80874,0.00322
3253.87995,0.00502
3251.95115,0.00757
3250.02235,0.01000
3248.09356,0.01032
3246.16476,0.00701
3244.23596,0.00384
3242.30717,0.00359
3240.37837,0.00325
3238.44957,0.00294
3236.52078,0.00638
3234.59198,0.01046
3232.66318,0.01003
3230.73439,0.00847
3228.80559,0.00855
3226.87679,0.00671
3224.94800,0.00653
3223.01920,0.01265
3221.09040,0.01827
3219.16161,0.01828
3217.23281,0.01651
3215.30401,0.01442
3213.37522,0.01092
3211.44642,0.00991
3209.51762,0.01349
3207.58883,0.01692
3205.66003,0.01672
3203.73123,0.01319
3201.80244,0.00976
3199.87364,0.00986
3197.94484,0.01188
3196.01605,0.01396
3194.08725,0.01576
3192.15845,0.01692
3190.22966,0.01652
3188.30086,0.01337
3186.37206,0.00958
3184.44327,0.00863
3182.51447,0.00942
3180.58567,0.00842
3178.65688,0.00750
3176.72808,0.00863
3174.79928,0.00868
3172.87049,0.00680
3170.94169,0.00413
3169.01289,0.00248
3167.08410,0.00281
3165.15530,0.00370
3163.22650,0.00583
3161.29771,0.00834
3159.36891,0.00890
3157.44011,0.00937
3155.51132,0.01044
3153.58252,0.01047
3151.65372,0.01014
3149.72493,0.00983
3147.79613,0.00799
3145.86733,0.00492
3143.93854,0.00142
3142.00974,-0.00042
3140.08094,0.00230
3138.15215,0.00578
3136.22335,0.00553
3134.29455,0.00428
3132.36576,0.00478
3130.43696,0.00531
3128.50816,0.00472
3126.57937,0.00483
3124.65057,0.00661
3122.72177,0.00815
3120.79298,0.00747
3118.86418,0.00499
3116.93538,0.00289
3115.00659,0.00216
3113.07779,0.00200
3111.14899,0.00132
3109.22020,0.00031
3107.29140,-0.00004
3105.36260,0.00022
3103.43381,0.00111
3101.50501,0.00229
3099.57621,0.00211
3097.64742,0.00062
3095.71862,-0.00061
3093.78982,-0.00094
3091.86103,-0.00031
3089.93223,0.00101
3088.00344,0.00175
3086.07464,0.00145
3084.14584,0.00131
3082.21705,0.00129
3080.28825,0.00016
3078.35945,-0.00148
3076.43066,-0.00208
3074.50186,-0.00142
3072.57306,0.00004
3070.64427,0.00208
3068.71547,0.00358
3066.78667,0.00358
3064.85788,0.00322
3062.92908,0.00326
3061.00028,0.00297
3059.07149,0.00263
3057.14269,0.00263
3055.21389,0.00256
3053.28510,0.00288
3051.35630,0.00384
3049.42750,0.00444
3047.49871,0.00410
3045.56991,0.00314
3043.64111,0.00213
3041.71232,0.00173
3039.78352,0.00193
3037.85472,0.00257
3035.92593,0.00384
3033.99713,0.00442
3032.06833,0.00344
3030.13954,0.00270
3028.21074,0.00333
3026.28194,0.00415
3024.35315,0.00407
3022.42435,0.00304
3020.49555,0.00189
3018.56676,0.00194
3016.63796,0.00342
3014.70916,0.00511
3012.78037,0.00595
3010.85157,0.00577
3008.92277,0.00498
3006.99398,0.00436
3005.06518,0.00434
3003.13638,0.00438
3001.20759,0.00422
2999.27879,0.00476
2997.34999,0.00590
2995.42120,0.00621
2993.49240,0.00538
2991.56360,0.00482
2989.63481,0.00540
2987.70601,0.00627
2985.77721,0.00641
2983.84842,0.00597
2981.91962,0.00578
2979.99082,0.00607
2978.06203,0.00639
2976.13323,0.00625
2974.20443,0.00591
2972.27564,0.00591
2970.34684,0.00614
2968.41804,0.00643
2966.48925,0.00664
2964.56045,0.00651
2962.63165,0.00624
2960.70286,0.00605
2958.77406,0.00621
2956.84526,0.00683
2954.91647,0.00709
2952.98767,0.00666
2951.05887,0.00644
2949.13008,0.00697
2947.20128,0.00779
2945.27248,0.00819
2943.34369,0.00768
2941.41489,0.00679
2939.48609,0.00659
2937.55730,0.00709
2935.62850,0.00765
2933.69970,0.00794
2931.77091,0.00791
2929.84211,0.00778
2927.91331,0.00791
2925.98452,0.00843
2924.05572,0.00864
2922.12692,0.00811
2920.19813,0.00784
2918.26933,0.00841
2916.34053,0.00911
2914.41174,0.00935
2912.48294,0.00903
2910.55414,0.00843
2908.62535,0.00816
2906.69655,0.00823
2904.76775,0.00817
2902.83896,0.00821
2900.91016,0.00859
2898.98136,0.00891
2897.05257,0.00895
2895.12377,0.00887
2893.19497,0.00882
2891.26618,0.00866
2889.33738,0.00835
2887.40858,0.00833
2885.47979,0.00869
2883.55099,0.00914
2881.62219,0.00945
2879.69340,0.00945
2877.76460,0.00937
2875.83580,0.00953
2873.90701,0.00982
2871.97821,0.00984
2870.04941,0.00959
2868.12062,0.00934
2866.19182,0.00936
2864.26302,0.00984
2862.33423,0.01048
2860.40543,0.01074
2858.47663,0.01074
2856.54784,0.01086
2854.61904,0.01110
2852.69024,0.01134
2850.76145,0.01156
2848.83265,0.01156
2846.90385,0.01135
2844.97506,0.01136
2843.04626,0.01172
2841.11746,0.01211
2839.18867,0.01236
2837.25987,0.01256
2835.33107,0.01278
2833.40228,0.01268
2831.47348,0.01226
2829.54468,0.01212
2827.61589,0.01235
2825.68709,0.01251
2823.75829,0.01260
2821.82950,0.01267
2819.90070,0.01272
2817.97190,0.01282
2816.04311,0.01287
2814.11431,0.01277
2812.18551,0.01251
2810.25672,0.01229
2808.32792,0.01233
2806.39912,0.01255
2804.47033,0.01253
2802.54153,0.01213
2800.61273,0.01195
2798.68394,0.01227
2796.75514,0.01250
2794.82634,0.01233
2792.89755,0.01214
2790.96875,0.01202
2789.03995,0.01166
2787.11116,0.01119
2785.18236,0.01100
2783.25356,0.01106
2781.32477,0.01120
2779.39597,0.01123
2777.46717,0.01108
2775.53838,0.01097
2773.60958,0.01102
2771.68078,0.01095
2769.75199,0.01064
2767.82319,0.01039
2765.89439,0.01039
2763.96560,0.01046
2762.03680,0.01038
2760.10800,0.01022
2758.17921,0.01012
2756.25041,0.01012
2754.32161,0.01035
2752.39282,0.01065
2750.46402,0.01053
2748.53522,0.01016
2746.60643,0.01009
2744.67763,0.01012
2742.74883,0.00998
2740.82004,0.00996
2738.89124,0.01015
2736.96244,0.01035
2735.03365,0.01052
2733.10485,0.01061
2731.17605,0.01048
2729.24726,0.01033
2727.31846,0.01024
2725.38967,0.01007
2723.46087,0.00999
2721.53207,0.01009
2719.60328,0.01012
2717.67448,0.01008
2715.74568,0.01008
2713.81689,0.01006
2711.88809,0.01002
2709.95929,0.01008
2708.03050,0.01015
2706.10170,0.01018
2704.17290,0.01017
2702.24411,0.01007
2700.31531,0.00993
2698.38651,0.00984
2696.45772,0.00983
2694.52892,0.00980
2692.60012,0.00973
2690.67133,0.00993
2688.74253,0.01040
2686.81373,0.01068
2684.88494,0.01056
2682.95614,0.01020
2681.02734,0.00988
2679.09855,0.00983
2677.16975,0.00997
2675.24095,0.01012
2673.31216,0.01012
2671.38336,0.01003
2669.45456,0.01007
2667.52577,0.01023
2665.59697,0.01028
2663.66817,0.01015
2661.73938,0.00993
2659.81058,0.00980
2657.88178,0.00990
2655.95299,0.01004
2654.02419,0.01012
2652.09539,0.01024
2650.16660,0.01044
2648.23780,0.01055
2646.30900,0.01055
2644.38021,0.01069
2642.45141,0.01092
2640.52261,0.01088
2638.59382,0.01059
2636.66502,0.01043
2634.73622,0.01052
2632.80743,0.01075
2630.87863,0.01092
2628.94983,0.01089
2627.02104,0.01093
2625.09224,0.01128
2623.16344,0.01161
2621.23465,0.01162
2619.30585,0.01160
2617.37705,0.01176
2615.44826,0.01205
2613.51946,0.01242
2611.59066,0.01263
2609.66187,0.01244
2607.73307,0.01234
2605.80427,0.01264
2603.87548,0.01297
2601.94668,0.01318
2600.01788,0.01333
2598.08909,0.01332
2596.16029,0.01327
2594.23149,0.01326
2592.30270,0.01310
2590.37390,0.01276
2588.44510,0.01238
2586.51631,0.01225
2584.58751,0.01255
2582.65871,0.01303
2580.72992,0.01313
2578.80112,0.01275
2576.87232,0.01232
2574.94353,0.01220
2573.01473,0.01239
2571.08593,0.01265
2569.15714,0.01278
2567.22834,0.01267
2565.29954,0.01242
2563.37075,0.01232
2561.44195,0.01247
2559.51315,0.01249
2557.58436,0.01219
2555.65556,0.01208
2553.72676,0.01236
2551.79797,0.01267
2549.86917,0.01290
2547.94037,0.01312
2546.01158,0.01334
2544.08278,0.01349
2542.15398,0.01354
2540.22519,0.01340
2538.29639,0.01317
2536.36759,0.01300
2534.43880,0.01273
2532.51000,0.01247
2530.58120,0.01232
2528.65241,0.01230
2526.72361,0.01225
2524.79481,0.01178
2522.86602,0.01129
2520.93722,0.01147
2519.00842,0.01214
2517.07963,0.01264
2515.15083,0.01244
2513.22203,0.01174
2511.29324,0.01155
2509.36444,0.01196
2507.43564,0.01209
2505.50685,0.01189
2503.57805,0.01177
2501.64925,0.01170
2499.72046,0.01160
2497.79166,0.01154
2495.86286,0.01156
2493.93407,0.01164
2492.00527,0.01183
2490.07647,0.01199
2488.14768,0.01193
2486.21888,0.01173
2484.29008,0.01148
2482.36129,0.01143
2480.43249,0.01164
2478.50369,0.01178
2476.57490,0.01162
2474.64610,0.01130
2472.71730,0.01118
2470.78851,0.01133
2468.85971,0.01136
2466.93091,0.01129
2465.00212,0.01129
2463.07332,0.01119
2461.14452,0.01116
2459.21573,0.01138
2457.28693,0.01142
2455.35813,0.01122
2453.42934,0.01110
2451.50054,0.01113
2449.57174,0.01132
2447.64295,0.01136
2445.71415,0.01091
2443.78535,0.01038
2441.85656,0.01033
2439.92776,0.01069
2437.99896,0.01104
2436.07017,0.01108
2434.14137,0.01087
2432.21257,0.01067
2430.28378,0.01049
2428.35498,0.01022
2426.42618,0.00992
2424.49739,0.00969
2422.56859,0.00945
2420.63979,0.00918
2418.71100,0.00902
2416.78220,0.00898
2414.85340,0.00899
2412.92461,0.00907
2410.99581,0.00922
2409.06701,0.00916
2407.13822,0.00874
2405.20942,0.00811
2403.28062,0.00762
2401.35183,0.00749
2399.42303,0.00738
2397.49423,0.00715
2395.56544,0.00721
2393.63664,0.00737
2391.70784,0.00721
2389.77905,0.00709
2387.85025,0.00766
2385.92145,0.00908
2383.99266,0.01129
2382.06386,0.01425
2380.13506,0.01780
2378.20627,0.02156
2376.27747,0.02537
2374.34867,0.02956
2372.41988,0.03426
2370.49108,0.03879
2368.56228,0.04256
2366.63349,0.04571
2364.70469,0.04867
2362.77589,0.05112
2360.84710,0.05219
2358.91830,0.05098
2356.98951,0.04740
2355.06071,0.04266
2353.13191,0.03737
2351.20312,0.03226
2349.27432,0.02956
2347.34552,0.03071
2345.41673,0.03433
2343.48793,0.03672
2341.55913,0.03690
2339.63034,0.03653
2337.70154,0.03598
2335.77274,0.03515
2333.84395,0.03467
2331.91515,0.03465
2329.98635,0.03405
2328.05756,0.03263
2326.12876,0.03141
2324.19996,0.03071
2322.27117,0.02993
2320.34237,0.02853
2318.41357,0.02657
2316.48478,0.02460
2314.55598,0.02332
2312.62718,0.02274
2310.69839,0.02199
2308.76959,0.02060
2306.84079,0.01887
2304.91200,0.01725
2302.98320,0.01599
2301.05440,0.01516
2299.12561,0.01454
2297.19681,0.01383
2295.26801,0.01307
2293.33922,0.01253
2291.41042,0.01213
2289.48162,0.01169
2287.55283,0.01134
2285.62403,0.01121
2283.69523,0.01131
2281.76644,0.01171
2279.83764,0.01225
2277.90884,0.01255
2275.98005,0.01282
2274.05125,0.01360
2272.12245,0.01424
2270.19366,0.01407
2268.26486,0.01411
2266.33606,0.01483
2264.40727,0.01504
2262.47847,0.01469
2260.54967,0.01492
2258.62088,0.01605
2256.69208,0.01720
2254.76328,0.01768
2252.83449,0.01758
2250.90569,0.01686
2248.97689,0.01617
2247.04810,0.01654
2245.11930,0.01742
2243.19050,0.01786
2241.26171,0.01788
2239.33291,0.01856
2237.40411,0.02062
2235.47532,0.02239
2233.54652,0.02250
2231.61772,0.02198
2229.68893,0.02191
2227.76013,0.02257
2225.83133,0.02357
2223.90254,0.02352
2221.97374,0.02275
2220.04494,0.02373
2218.11615,0.02585
2216.18735,0.02654
2214.25855,0.02705
2212.32976,0.02870
2210.40096,0.02963
2208.47216,0.02863
2206.54337,0.02645
2204.61457,0.02478
2202.68577,0.02500
2200.75698,0.02701
2198.82818,0.02955
2196.89938,0.03081
2194.97059,0.03070
2193.04179,0.03127
2191.11299,0.03278
2189.18420,0.03295
2187.25540,0.03161
2185.32660,0.03152
2183.39781,0.03434
2181.46901,0.03838
2179.54021,0.04040
2177.61142,0.03913
2175.68262,0.03643
2173.75382,0.03429
2171.82503,0.03303
2169.89623,0.03340
2167.96743,0.03532
2166.03864,0.03814
2164.10984,0.04259
2162.18104,0.04704
2160.25225,0.04893
2158.32345,0.04798
2156.39465,0.04361
2154.46586,0.03819
2152.53706,0.03502
2150.60826,0.03232
2148.67947,0.02828
2146.75067,0.02534
2144.82187,0.02427
2142.89308,0.02270
2140.96428,0.02063
2139.03548,0.01982
2137.10669,0.01927
2135.17789,0.01696
2133.24909,0.01399
2131.32030,0.01203
2129.39150,0.01059
2127.46270,0.00894
2125.53391,0.00737
2123.60511,0.00661
2121.67631,0.00672
2119.74752,0.00686
2117.81872,0.00664
2115.88992,0.00668
2113.96113,0.00718
2112.03233,0.00776
2110.10353,0.00816
2108.17474,0.00814
2106.24594,0.00797
2104.31714,0.00846
2102.38835,0.00925
2100.45955,0.00910
2098.53075,0.00797
2096.60196,0.00716
2094.67316,0.00738
2092.74436,0.00789
2090.81557,0.00789
2088.88677,0.00758
2086.95797,0.00776
2085.02918,0.00838
2083.10038,0.00844
2081.17158,0.00810
2079.24279,0.00828
2077.31399,0.00872
2075.38519,0.00917
2073.45640,0.01000
2071.52760,0.01086
2069.59880,0.01120
2067.67001,0.01138
2065.74121,0.01158
2063.81241,0.01157
2061.88362,0.01134
2059.95482,0.01125
2058.02602,0.01133
2056.09723,0.01093
2054.16843,0.01015
2052.23963,0.01007
2050.31084,0.01152
2048.38204,0.01416
2046.45324,0.01661
2044.52445,0.01855
2042.59565,0.02037
2040.66685,0.02101
2038.73806,0.02015
2036.80926,0.01935
2034.88046,0.01924
2032.95167,0.01970
2031.02287,0.01973
2029.09407,0.01893
2027.16528,0.01946
2025.23648,0.02139
2023.30768,0.02264
2021.37889,0.02330
2019.45009,0.02435
2017.52129,0.02490
2015.59250,0.02341
2013.66370,0.02062
2011.73490,0.01889
2009.80611,0.01927
2007.87731,0.01972
2005.94851,0.01840
2004.01972,0.01620
2002.09092,0.01414
2000.16212,0.01235
1998.23333,0.01151
1996.30453,0.01277
1994.37574,0.01502
1992.44694,0.01563
1990.51814,0.01440
1988.58935,0.01358
1986.66055,0.01399
1984.73175,0.01496
1982.80296,0.01681
1980.87416,0.01884
1978.94536,0.01835
1977.01657,0.01542
1975.08777,0.01323
1973.15897,0.01283
1971.23018,0.01367
1969.30138,0.01484
1967.37258,0.01499
1965.44379,0.01367
1963.51499,0.01124
1961.58619,0.00822
1959.65740,0.00606
1957.72860,0.00563
1955.79980,0.00566
1953.87101,0.00518
1951.94221,0.00472
1950.01341,0.00500
1948.08462,0.00586
1946.15582,0.00696
1944.22702,0.00843
1942.29823,0.00826
1940.36943,0.00546
1938.44063,0.00302
1936.51184,0.00208
1934.58304,0.00164
1932.65424,0.00146
1930.72545,0.00178
1928.79665,0.00223
1926.86785,0.00283
1924.93906,0.00431
1923.01026,0.00551
1921.08146,0.00559
1919.15267,0.00567
1917.22387,0.00490
1915.29507,0.00294
1913.36628,0.00216
1911.43748,0.00323
1909.50868,0.00415
1907.57989,0.00344
1905.65109,0.00199
1903.72229,0.00096
1901.79350,0.00032
1899.86470,-0.00001
1897.93590,0.00047
1896.00711,0.00130
1894.07831,0.00146
1892.14951,0.00198
1890.22072,0.00318
1888.29192,0.00271
1886.36312,0.00109
1884.43433,0.00031
1882.50553,0.00006
1880.57673,-0.00020
1878.64794,-0.00050
1876.71914,-0.00068
1874.79034,-0.00043
1872.86155,0.00139
1870.93275,0.00589
1869.00395,0.00968
1867.07516,0.00773
1865.14636,0.00314
1863.21756,0.00067
1861.28877,0.00018
1859.35997,0.00001
1857.43117,-0.00053
1855.50238,-0.00117
1853.57358,-0.00145
1851.64478,-0.00094
1849.71599,0.00099
1847.78719,0.00437
1845.85839,0.00814
1843.92960,0.00854
1842.00080,0.00440
1840.07200,0.00104
1838.14321,0.00044
1836.21441,0.00055
1834.28561,0.00111
1832.35682,0.00420
1830.42802,0.00802
1828.49922,0.00823
1826.57043,0.00670
1824.64163,0.00510
1822.71283,0.00233
1820.78404,0.00020
1818.85524,-0.00018
1816.92644,-0.00021
1814.99765,0.00019
1813.06885,0.00218
1811.14005,0.00409
1809.21126,0.00350
1807.28246,0.00167
1805.35366,0.00145
1803.42487,0.00399
1801.49607,0.00699
1799.56727,0.00716
1797.63848,0.00597
1795.70968,0.00701
1793.78088,0.01044
1791.85209,0.01120
1789.92329,0.00643
1787.99449,0.00236
1786.06570,0.00198
1784.13690,0.00310
1782.20810,0.00439
1780.27931,0.00496
1778.35051,0.00449
1776.42171,0.00585
1774.49292,0.01086
1772.56412,0.01566
1770.63532,0.01433
1768.70653,0.00922
1766.77773,0.00463
1764.84893,0.00332
1762.92014,0.00538
1760.99134,0.00665
1759.06254,0.00616
1757.13375,0.00567
1755.20495,0.00512
1753.27615,0.00748
1751.34736,0.01408
1749.41856,0.01830
1747.48976,0.01622
1745.56097,0.01288
1743.63217,0.01129
1741.70337,0.01086
1739.77458,0.01007
1737.84578,0.00992
1735.91698,0.01402
1733.98819,0.01927
1732.05939,0.01634
1730.13059,0.00947
1728.20180,0.00377
1726.27300,0.00120
1724.34420,0.00195
1722.41541,0.00438
1720.48661,0.01041
1718.55781,0.02131
1716.62902,0.02713
1714.70022,0.02121
1712.77142,0.01385
1710.84263,0.01132
1708.91383,0.01433
1706.98503,0.02128
1705.05624,0.02769
1703.12744,0.03307
1701.19864,0.04260
1699.26985,0.05300
1697.34105,0.05737
1695.41225,0.05771
1693.48346,0.05783
1691.55466,0.06378
1689.62586,0.07656
1687.69707,0.09217
1685.76827,0.11268
1683.83947,0.13580
1681.91068,0.14522
1679.98188,0.14951
1678.05308,0.15876
1676.12429,0.17396
1674.19549,0.19056
1672.26669,0.20454
1670.33790,0.21807
1668.40910,0.22581
1666.48030,0.22732
1664.55151,0.23181
1662.62271,0.23811
1660.69391,0.23953
1658.76512,0.23974
1656.83632,0.24531
1654.90752,0.25813
1652.97873,0.26667
1651.04993,0.26128
1649.12113,0.26182
1647.19234,0.26816
1645.26354,0.26801
1643.33474,0.26653
1641.40595,0.27298
1639.47715,0.28770
1637.54835,0.31017
1635.61956,0.33472
1633.69076,0.34751
1631.76197,0.35637
1629.83317,0.37120
1627.90437,0.38900
1625.97558,0.40378
1624.04678,0.41448
1622.11798,0.41862
1620.18919,0.41886
1618.26039,0.42078
1616.33159,0.41914
1614.40280,0.41159
1612.47400,0.40715
1610.54520,0.40817
1608.61641,0.41213
1606.68761,0.41725
1604.75881,0.42446
1602.83002,0.43372
1600.90122,0.44299
1598.97242,0.45140
1597.04363,0.45885
1595.11483,0.46351
1593.18603,0.46317
1591.25724,0.45807
1589.32844,0.44871
1587.39964,0.43551
1585.47085,0.41946
1583.54205,0.40118
1581.61325,0.38235
1579.68446,0.36667
1577.75566,0.35216
1575.82686,0.32842
1573.89807,0.30298
1571.96927,0.28665
1570.04047,0.27125
1568.11168,0.25147
1566.18288,0.23374
1564.25408,0.22098
1562.32529,0.21616
1560.39649,0.21982
1558.46769,0.21260
1556.53890,0.18967
1554.61010,0.17208
1552.68130,0.16016
1550.75251,0.15159
1548.82371,0.14417
1546.89491,0.14088
1544.96612,0.14440
1543.03732,0.15130
1541.10852,0.15358
1539.17973,0.13943
1537.25093,0.12334
1535.32213,0.11775
1533.39334,0.11504
1531.46454,0.10870
1529.53574,0.10520
1527.60695,0.10697
1525.67815,0.10954
1523.74935,0.11225
1521.82056,0.11385
1519.89176,0.11051
1517.96296,0.10589
1516.03417,0.09991
1514.10537,0.09338
1512.17657,0.09277
1510.24778,0.10099
1508.31898,0.11388
1506.39018,0.11129
1504.46139,0.09432
1502.53259,0.08659
1500.60379,0.08853
1498.67500,0.09497
1496.74620,0.09885
1494.81740,0.09880
1492.88861,0.10316
1490.95981,0.11585
1489.03101,0.12826
1487.10222,0.13152
1485.17342,0.13336
1483.24462,0.14048
1481.31583,0.15215
1479.38703,0.16575
1477.45823,0.18219
1475.52944,0.20246
1473.60064,0.22215
1471.67184,0.23234
1469.74305,0.23433
1467.81425,0.23889
1465.88545,0.24765
1463.95666,0.25308
1462.02786,0.25491
1460.09906,0.26064
1458.17027,0.26759
1456.24147,0.25832
1454.31267,0.23869
1452.38388,0.22304
1450.45508,0.21095
1448.52628,0.19886
1446.59749,0.18370
1444.66869,0.16816
1442.73989,0.15503
1440.81110,0.14532
1438.88230,0.13970
1436.95350,0.13334
1435.02471,0.12175
1433.09591,0.11136
1431.16711,0.10436
1429.23832,0.09716
1427.30952,0.09038
1425.38072,0.08653
1423.45193,0.08413
1421.52313,0.08320
1419.59433,0.08377
1417.66554,0.07912
1415.73674,0.06992
1413.80794,0.06337
1411.87915,0.06011
1409.95035,0.05773
1408.02155,0.05637
1406.09276,0.05634
1404.16396,0.05508
1402.23516,0.05346
1400.30637,0.05490
1398.37757,0.05769
1396.44877,0.05810
1394.51998,0.05452
1392.59118,0.04869
1390.66238,0.04586
1388.73359,0.04689
1386.80479,0.04660
1384.87599,0.04284
1382.94720,0.03978
1381.01840,0.03916
1379.08960,0.03980
1377.16081,0.04157
1375.23201,0.04370
1373.30321,0.04271
1371.37442,0.03937
1369.44562,0.03730
1367.51682,0.03654
1365.58803,0.03771
1363.65923,0.04083
1361.73043,0.04091
1359.80164,0.03702
1357.87284,0.03408
1355.94404,0.03323
1354.01525,0.03273
1352.08645,0.03208
1350.15765,0.03171
1348.22886,0.03138
1346.30006,0.03096
1344.37126,0.03137
1342.44247,0.03420
1340.51367,0.03849
1338.58487,0.03939
1336.65608,0.03583
1334.72728,0.03221
1332.79848,0.03063
1330.86969,0.03027
1328.94089,0.03011
1327.01209,0.02986
1325.08330,0.02972
1323.15450,0.03005
1321.22570,0.03111
1319.29691,0.03212
1317.36811,0.03197
1315.43931,0.03126
1313.51052,0.03065
1311.58172,0.02966
1309.65292,0.02863
1307.72413,0.02811
1305.79533,0.02781
1303.86653,0.02761
1301.93774,0.02754
1300.00894,0.02761
1298.08014,0.02780
1296.15135,0.02790
1294.22255,0.02786
1292.29375,0.02798
1290.36496,0.02839
1288.43616,0.02869
1286.50736,0.02848
1284.57857,0.02804
1282.64977,0.02788
1280.72097,0.02792
1278.79218,0.02794
1276.86338,0.02797
1274.93458,0.02826
1273.00579,0.02885
1271.07699,0.02929
1269.14820,0.02927
1267.21940,0.02899
1265.29060,0.02877
1263.36181,0.02880
1261.43301,0.02905
1259.50421,0.02911
1257.57542,0.02886
1255.64662,0.02867
1253.71782,0.02869
1251.78903,0.02880
1249.86023,0.02895
1247.93143,0.02915
1246.00264,0.02938
1244.07384,0.02959
1242.14504,0.02970
1240.21625,0.02977
1238.28745,0.02987
1236.35865,0.02997
1234.42986,0.03010
1232.50106,0.03025
1230.57226,0.03044
1228.64347,0.03071
1226.71467,0.03104
1224.78587,0.03131
1222.85708,0.03148
1220.92828,0.03168
1218.99948,0.03196
1217.07069,0.03228
1215.14189,0.03268
1213.21309,0.03316
1211.28430,0.03361
1209.35550,0.03406
1207.42670,0.03462
1205.49791,0.03529
1203.56911,0.03604
1201.64031,0.03692
1199.71152,0.03795
1197.78272,0.03916
1195.85392,0.04050
1193.92513,0.04197
1191.99633,0.04363
1190.06753,0.04558
1188.13874,0.04785
1186.20994,0.05032
1184.28114,0.05300
1182.35235,0.05602
1180.42355,0.05950
1178.49475,0.06344
1176.56596,0.06776
1174.63716,0.07233
1172.70836,0.07700
1170.77957,0.08175
1168.85077,0.08663
1166.92197,0.09146
1164.99318,0.09594
1163.06438,0.09980
1161.13558,0.10285
1159.20679,0.10487
1157.27799,0.10567
1155.34919,0.10523
1153.42040,0.10360
1151.49160,0.10090
1149.56280,0.09727
1147.63401,0.09294
1145.70521,0.08817
1143.77641,0.08325
1141.84762,0.07838
1139.91882,0.07374
1137.99002,0.06942
1136.06123,0.06544
1134.13243,0.06179
1132.20363,0.05852
1130.27484,0.05561
1128.34604,0.05303
1126.41724,0.05073
1124.48845,0.04874
1122.55965,0.04704
1120.63085,0.04556
1118.70206,0.04425
1116.77326,0.04310
1114.84446,0.04212
1112.91567,0.04130
1110.98687,0.04059
1109.05807,0.03999
1107.12928,0.03948
1105.20048,0.03902
1103.27168,0.03864
1101.34289,0.03838
1099.41409,0.03829
1097.48529,0.03834
1095.55650,0.03850
1093.62770,0.03877
1091.69890,0.03911
1089.77011,0.03948
1087.84131,0.03987
1085.91251,0.04028
1083.98372,0.04068
1082.05492,0.04107
1080.12612,0.04147
1078.19733,0.04190
1076.26853,0.04239
1074.33973,0.04292
1072.41094,0.04344
1070.48214,0.04385
1068.55334,0.04412
1066.62455,0.04425
1064.69575,0.04426
1062.76695,0.04418
1060.83816,0.04399
1058.90936,0.04367
1056.98056,0.04324
1055.05177,0.04271
1053.12297,0.04207
1051.19417,0.04133
1049.26538,0.04054
1047.33658,0.03976
1045.40778,0.03900
1043.47899,0.03828
1041.55019,0.03760
1039.62139,0.03693
1037.69260,0.03627
1035.76380,0.03565
1033.83500,0.03508
1031.90621,0.03453
1029.97741,0.03400
1028.04861,0.03351
1026.11982,0.03304
1024.19102,0.03258
1022.26222,0.03217
1020.33343,0.03182
1018.40463,0.03155
1016.47583,0.03134
1014.54704,0.03116
1012.61824,0.03101
1010.68944,0.03081
1008.76065,0.03046
1006.83185,0.02994
1004.90305,0.02930
1002.97426,0.02862
1001.04546,0.02799
999.11666,0.02745
997.18787,0.02701
995.25907,0.02664
993.33027,0.02630
991.40148,0.02597
989.47268,0.02566
987.54388,0.02536
985.61509,0.02503
983.68629,0.02469
981.75749,0.02437
979.82870,0.02408
977.89990,0.02380
975.97110,0.02351
974.04231,0.02324
972.11351,0.02300
970.18471,0.02274
968.25592,0.02239
966.32712,0.02199
964.39832,0.02159
962.46953,0.02122
960.54073,0.02086
958.61193,0.02048
956.68314,0.02011
954.75434,0.01977
952.82554,0.01947
950.89675,0.01919
948.96795,0.01889
947.03915,0.01852
945.11036,0.01814
943.18156,0.01781
941.25276,0.01749
939.32397,0.01715
937.39517,0.01678
935.46637,0.01638
933.53758,0.01596
931.60878,0.01553
929.67998,0.01510
927.75119,0.01466
925.82239,0.01419
923.89359,0.01371
921.96480,0.01323
920.03600,0.01272
918.10720,0.01219
916.17841,0.01169
914.24961,0.01124
912.32081,0.01083
910.39202,0.01042
908.46322,0.00999
906.53443,0.00954
904.60563,0.00910
902.67683,0.00869
900.74804,0.00829
898.81924,0.00787
896.89044,0.00749
894.96165,0.00712
893.03285,0.00669
891.10405,0.00617
889.17526,0.00565
887.24646,0.00516
885.31766,0.00469
883.38887,0.00422
881.46007,0.00373
879.53127,0.00328
877.60248,0.00287
875.67368,0.00246
873.74488,0.00206
871.81609,0.00171
869.88729,0.00141
867.95849,0.00113
866.02970,0.00083
864.10090,0.00052
862.17210,0.00022
860.24331,-0.00003
858.31451,-0.00024
856.38571,-0.00047
854.45692,-0.00070
852.52812,-0.00090
850.59932,-0.00102
848.67053,-0.00111
846.74173,-0.00123
844.81293,-0.00136
842.88414,-0.00148
840.95534,-0.00159
839.02654,-0.00168
837.09775,-0.00179
835.16895,-0.00193
833.24015,-0.00205
831.31136,-0.00213
829.38256,-0.00220
827.45376,-0.00226
825.52497,-0.00225
823.59617,-0.00223
821.66737,-0.00228
819.73858,-0.00233
817.80978,-0.00227
815.88098,-0.00214
813.95219,-0.00201
812.02339,-0.00184
810.09459,-0.00162
808.16580,-0.00133
806.23700,-0.00089
804.30820,-0.00041
802.37941,-0.00004
800.45061,0.00046
798.52181,0.00126
796.59302,0.00225
794.66422,0.00332
792.73542,0.00437
790.80663,0.00523
788.87783,0.00600
786.94903,0.00676
785.02024,0.00715
783.09144,0.00681
781.16264,0.00600
779.23385,0.00497
777.30505,0.00363
775.37625,0.00211
773.44746,0.00085
771.51866,0.00006
769.58986,-0.00046
767.66107,-0.00101
765.73227,-0.00151
763.80347,-0.00166
761.87468,-0.00173
759.94588,-0.00216
758.01708,-0.00252
756.08829,-0.00233
754.15949,-0.00212
752.23069,-0.00227
750.30190,-0.00240
748.37310,-0.00210
