3496.90832,0.02131
3494.97953,0.02400
3493.05073,0.02887
3491.12193,0.02999
3489.19314,0.02707
3487.26434,0.02372
3485.33554,0.02307
3483.40675,0.02451
3481.47795,0.02552
3479.54915,0.02715
3477.62036,0.03037
3475.69156,0.03203
3473.76276,0.02987
3471.83397,0.02871
3469.90517,0.03062
3467.97637,0.02942
3466.04758,0.02482
3464.11878,0.02309
3462.18998,0.02519
3460.26119,0.02977
3458.33239,0.03484
3456.40359,0.03556
3454.47480,0.03146
3452.54600,0.02780
3450.61721,0.02687
3448.68841,0.02519
3446.75961,0.02387
3444.83082,0.02324
3442.90202,0.01744
3440.97322,0.01263
3439.04443,0.01659
3437.11563,0.02297
3435.18683,0.02506
3433.25804,0.02120
3431.32924,0.01499
3429.40044,0.01172
3427.47165,0.01086
3425.54285,0.00961
3423.61405,0.00876
3421.68526,0.00982
3419.75646,0.01135
3417.82766,0.01052
3415.89887,0.00796
3413.97007,0.00721
3412.04127,0.00540
3410.11248,0.00095
3408.18368,0.00100
3406.25488,0.00685
3404.32609,0.01190
3402.39729,0.01075
3400.46849,0.00640
3398.53970,0.00791
3396.61090,0.01584
3394.68210,0.02150
3392.75331,0.02068
3390.82451,0.01824
3388.89571,0.01679
3386.96692,0.01406
3385.03812,0.01300
3383.10932,0.01572
3381.18053,0.01931
3379.25173,0.02018
3377.32293,0.01619
3375.39414,0.01197
3373.46534,0.01252
3371.53654,0.01468
3369.60775,0.01628
3367.67895,0.02097
3365.75015,0.02580
3363.82136,0.02389
3361.89256,0.02041
3359.96376,0.02495
3358.03497,0.03691
3356.10617,0.04464
3354.17737,0.03683
3352.24858,0.02056
3350.31978,0.01080
3348.39098,0.01101
3346.46219,0.02113
3344.53339,0.03481
3342.60459,0.03903
3340.67580,0.03650
3338.74700,0.03705
3336.81820,0.03455
3334.88941,0.02301
3332.96061,0.01276
3331.03181,0.01135
3329.10302,0.01527
3327.17422,0.01652
3325.24542,0.01048
3323.31663,0.00465
3321.38783,0.00526
3319.45903,0.00756
3317.53024,0.00831
3315.60144,0.00541
3313.67264,-0.00010
3311.74385,-0.00093
3309.81505,0.00513
3307.88625,0.01415
3305.95746,0.01995
3304.02866,0.01875
3302.09986,0.01172
3300.17107,0.00329
3298.24227,0.00001
3296.31347,0.00196
3294.38468,0.00555
3292.45588,0.00917
3290.52708,0.00732
3288.59829,-0.00117
3286.66949,-0.00762
3284.74069,-0.00631
3282.81190,-0.00018
3280.88310,0.00529
3278.95430,0.00892
3277.02551,0.00977
3275.09671,0.00685
3273.16791,0.00481
3271.23912,0.00504
3269.31032,0.00218
3267.38152,-0.00259
3265.45273,-0.00280
3263.52393,0.00093
3261.59513,0.00258
3259.66634,0.00078
3257.73754,-0.00133
3255.80874,0.00053
3253.87995,0.00791
3251.95115,0.01422
3250.02235,0.01210
3248.09356,0.00562
3246.16476,0.00268
3244.23596,0.00362
3242.30717,0.00432
3240.37837,0.00226
3238.44957,0.00043
3236.52078,0.00598
3234.59198,0.01476
3232.66318,0.01386
3230.73439,0.00565
3228.80559,0.00272
3226.87679,0.00572
3224.94800,0.01130
3223.01920,0.01929
3221.09040,0.02276
3219.16161,0.01735
3217.23281,0.01096
3215.30401,0.01095
3213.37522,0.01483
3211.44642,0.01917
3209.51762,0.02440
3207.58883,0.02790
3205.66003,0.02761
3203.73123,0.02525
3201.80244,0.02136
3199.87364,0.01682
3197.94484,0.01239
3196.01605,0.00975
3194.08725,0.01261
3192.15845,0.01815
3190.22966,0.01865
3188.30086,0.01543
3186.37206,0.01439
3184.44327,0.01353
3182.51447,0.01007
3180.58567,0.00703
3178.65688,0.00725
3176.72808,0.00898
3174.79928,0.00968
3172.87049,0.00913
3170.94169,0.00652
3169.01289,0.00312
3167.08410,0.00211
3165.15530,0.00237
3163.22650,0.00344
3161.29771,0.00723
3159.36891,0.01277
3157.44011,0.01750
3155.51132,0.01854
3153.58252,0.01518
3151.65372,0.01069
3149.72493,0.00626
3147.79613,0.00156
3145.86733,-0.00108
3143.93854,-0.00155
3142.00974,-0.00015
3140.08094,0.00370
3138.15215,0.00641
3136.22335,0.00517
3134.29455,0.00213
3132.36576,0.00106
3130.43696,0.00309
3128.50816,0.00577
3126.57937,0.00716
3124.65057,0.00726
3122.72177,0.00590
3120.79298,0.00353
3118.86418,0.00172
3116.93538,0.00163
3115.00659,0.00238
3113.07779,0.00221
3111.14899,0.00115
3109.22020,0.00036
3107.29140,0.00023
3105.36260,0.00052
3103.43381,0.00077
3101.50501,0.00045
3099.57621,-0.00034
3097.64742,-0.00041
3095.71862,0.00082
3093.78982,0.00195
3091.86103,0.00198
3089.93223,0.00194
3088.00344,0.00238
3086.07464,0.00268
3084.14584,0.00298
3082.21705,0.00333
3080.28825,0.00308
3078.35945,0.00237
3076.43066,0.00133
3074.50186,0.00045
3072.57306,0.00095
3070.64427,0.00200
3068.71547,0.00231
3066.78667,0.00274
3064.85788,0.00363
3062.92908,0.00371
3061.00028,0.00299
3059.07149,0.00302
3057.14269,0.00380
3055.21389,0.00388
3053.28510,0.00334
3051.35630,0.00337
3049.42750,0.00384
3047.49871,0.00354
3045.56991,0.00245
3043.64111,0.00195
3041.71232,0.00204
3039.78352,0.00166
3037.85472,0.00137
3035.92593,0.00223
3033.99713,0.00352
3032.06833,0.00384
3030.13954,0.00373
3028.21074,0.00425
3026.28194,0.00461
3024.35315,0.00427
3022.42435,0.00369
3020.49555,0.00314
3018.56676,0.00324
3016.63796,0.00413
3014.70916,0.00479
3012.78037,0.00486
3010.85157,0.00478
3008.92277,0.00458
3006.99398,0.00455
3005.06518,0.00483
3003.13638,0.00487
3001.20759,0.00464
2999.27879,0.00461
2997.34999,0.00480
2995.42120,0.00496
2993.49240,0.00482
2991.56360,0.00480
2989.63481,0.00537
2987.70601,0.00600
2985.77721,0.00606
2983.84842,0.00579
2981.91962,0.00560
2979.99082,0.00579
2978.06203,0.00616
2976.13323,0.00620
2974.20443,0.00618
2972.27564,0.00644
2970.34684,0.00659
2968.41804,0.00643
2966.48925,0.00611
2964.56045,0.00594
2962.63165,0.00611
2960.70286,0.00621
2958.77406,0.00638
2956.84526,0.00714
2954.91647,0.00790
2952.98767,0.00788
2951.05887,0.00766
2949.13008,0.00806
2947.20128,0.00879
2945.27248,0.00900
2943.34369,0.00843
2941.41489,0.00750
2939.48609,0.00680
2937.55730,0.00670
2935.62850,0.00712
2933.69970,0.00769
2931.77091,0.00806
2929.84211,0.00775
2927.91331,0.00704
2925.98452,0.00709
2924.05572,0.00781
2922.12692,0.00828
2920.19813,0.00855
2918.26933,0.00884
2916.34053,0.00902
2914.41174,0.00915
2912.48294,0.00929
2910.55414,0.00935
2908.62535,0.00920
2906.69655,0.00886
2904.76775,0.00852
2902.83896,0.00828
2900.91016,0.00810
2898.98136,0.00811
2897.05257,0.00844
2895.12377,0.00885
2893.19497,0.00914
2891.26618,0.00909
2889.33738,0.00882
2887.40858,0.00896
2885.47979,0.00944
2883.55099,0.00966
2881.62219,0.00954
2879.69340,0.00942
2877.76460,0.00952
2875.83580,0.00982
2873.90701,0.01016
2871.97821,0.01023
2870.04941,0.00998
2868.12062,0.00958
2866.19182,0.00932
2864.26302,0.00969
2862.33423,0.01056
2860.40543,0.01107
2858.47663,0.01100
2856.54784,0.01091
2854.61904,0.01103
2852.69024,0.01120
2850.76145,0.01126
2848.83265,0.01130
2846.90385,0.01155
2844.97506,0.01192
2843.04626,0.01211
2841.11746,0.01214
2839.18867,0.01232
2837.25987,0.01265
2835.33107,0.01279
2833.40228,0.01251
2831.47348,0.01208
2829.54468,0.01212
2827.61589,0.01246
2825.68709,0.01250
2823.75829,0.01245
2821.82950,0.01261
2819.90070,0.01280
2817.97190,0.01285
2816.04311,0.01279
2814.11431,0.01277
2812.18551,0.01270
2810.25672,0.01257
2808.32792,0.01262
2806.39912,0.01281
2804.47033,0.01284
2802.54153,0.01275
2800.61273,0.01268
2798.68394,0.01260
2796.75514,0.01262
2794.82634,0.01270
2792.89755,0.01265
2790.96875,0.01236
2789.03995,0.01190
2787.11116,0.01150
2785.18236,0.01138
2783.25356,0.01144
2781.32477,0.01145
2779.39597,0.01134
2777.46717,0.01130
2775.53838,0.01143
2773.60958,0.01150
2771.68078,0.01134
2769.75199,0.01105
2767.82319,0.01086
2765.89439,0.01080
2763.96560,0.01066
2762.03680,0.01043
2760.10800,0.01028
2758.17921,0.01029
2756.25041,0.01034
2754.32161,0.01041
2752.39282,0.01039
2750.46402,0.01018
2748.53522,0.01001
2746.60643,0.01014
2744.67763,0.01042
2742.74883,0.01056
2740.82004,0.01050
2738.89124,0.01038
2736.96244,0.01041
2735.03365,0.01060
2733.10485,0.01058
2731.17605,0.01032
2729.24726,0.01027
2727.31846,0.01046
2725.38967,0.01045
2723.46087,0.01024
2721.53207,0.01026
2719.60328,0.01046
2717.67448,0.01068
2715.74568,0.01091
2713.81689,0.01098
2711.88809,0.01077
2709.95929,0.01041
2708.03050,0.01019
2706.10170,0.01026
2704.17290,0.01038
2702.24411,0.01029
2700.31531,0.01020
2698.38651,0.01024
2696.45772,0.01033
2694.52892,0.01037
2692.60012,0.01030
2690.67133,0.01032
2688.74253,0.01046
2686.81373,0.01051
2684.88494,0.01043
2682.95614,0.01023
2681.02734,0.01001
2679.09855,0.01000
2677.16975,0.01017
2675.24095,0.01029
2673.31216,0.01028
2671.38336,0.01027
2669.45456,0.01037
2667.52577,0.01046
2665.59697,0.01041
2663.66817,0.01028
2661.73938,0.01010
2659.81058,0.00999
2657.88178,0.01011
2655.95299,0.01033
2654.02419,0.01040
2652.09539,0.01040
2650.16660,0.01043
2648.23780,0.01040
2646.30900,0.01025
2644.38021,0.01025
2642.45141,0.01047
2640.52261,0.01062
2638.59382,0.01062
2636.66502,0.01058
2634.73622,0.01059
2632.80743,0.01083
2630.87863,0.01116
2628.94983,0.01114
2627.02104,0.01102
2625.09224,0.01129
2623.16344,0.01188
2621.23465,0.01228
2619.30585,0.01215
2617.37705,0.01183
2615.44826,0.01189
2613.51946,0.01225
2611.59066,0.01253
2609.66187,0.01269
2607.73307,0.01287
2605.80427,0.01296
2603.87548,0.01279
2601.94668,0.01277
2600.01788,0.01294
2598.08909,0.01291
2596.16029,0.01283
2594.23149,0.01286
2592.30270,0.01290
2590.37390,0.01304
2588.44510,0.01327
2586.51631,0.01351
2584.58751,0.01379
2582.65871,0.01391
2580.72992,0.01362
2578.80112,0.01305
2576.87232,0.01266
2574.94353,0.01263
2573.01473,0.01278
2571.08593,0.01291
2569.15714,0.01287
2567.22834,0.01266
2565.29954,0.01230
2563.37075,0.01183
2561.44195,0.01164
2559.51315,0.01198
2557.58436,0.01231
2555.65556,0.01230
2553.72676,0.01230
2551.79797,0.01253
2549.86917,0.01274
2547.94037,0.01274
2546.01158,0.01273
2544.08278,0.01284
2542.15398,0.01301
2540.22519,0.01318
2538.29639,0.01332
2536.36759,0.01342
2534.43880,0.01343
2532.51000,0.01358
2530.58120,0.01390
2528.65241,0.01385
2526.72361,0.01334
2524.79481,0.01268
2522.86602,0.01202
2520.93722,0.01184
2519.00842,0.01238
2517.07963,0.01294
2515.15083,0.01301
2513.22203,0.01290
2511.29324,0.01285
2509.36444,0.01271
2507.43564,0.01244
2505.50685,0.01236
2503.57805,0.01242
2501.64925,0.01230
2499.72046,0.01203
2497.79166,0.01175
2495.86286,0.01153
2493.93407,0.01145
2492.00527,0.01163
2490.07647,0.01206
2488.14768,0.01238
2486.21888,0.01237
2484.29008,0.01223
2482.36129,0.01216
2480.43249,0.01210
2478.50369,0.01195
2476.57490,0.01172
2474.64610,0.01154
2472.71730,0.01159
2470.78851,0.01182
2468.85971,0.01180
2466.93091,0.01148
2465.00212,0.01123
2463.07332,0.01106
2461.14452,0.01084
2459.21573,0.01079
2457.28693,0.01087
2455.35813,0.01093
2453.42934,0.01128
2451.50054,0.01181
2449.57174,0.01205
2447.64295,0.01198
2445.71415,0.01163
2443.78535,0.01097
2441.85656,0.01045
2439.92776,0.01042
2437.99896,0.01062
2436.07017,0.01076
2434.14137,0.01095
2432.21257,0.01101
2430.28378,0.01062
2428.35498,0.01021
2426.42618,0.01022
2424.49739,0.01032
2422.56859,0.01020
2420.63979,0.00986
2418.71100,0.00958
2416.78220,0.00961
2414.85340,0.00967
2412.92461,0.00945
2410.99581,0.00909
2409.06701,0.00880
2407.13822,0.00861
2405.20942,0.00838
2403.28062,0.00801
2401.35183,0.00755
2399.42303,0.00722
2397.49423,0.00717
2395.56544,0.00738
2393.63664,0.00762
2391.70784,0.00765
2389.77905,0.00776
2387.85025,0.00854
2385.92145,0.00997
2383.99266,0.01186
2382.06386,0.01450
2380.13506,0.01804
2378.20627,0.02206
2376.27747,0.02624
2374.34867,0.03094
2372.41988,0.03629
2370.49108,0.04124
2368.56228,0.04479
2366.63349,0.04735
2364.70469,0.04994
2362.77589,0.05265
2360.84710,0.05445
2358.91830,0.05386
2356.98951,0.05036
2355.06071,0.04522
2353.13191,0.03947
2351.20312,0.03411
2349.27432,0.03136
2347.34552,0.03245
2345.41673,0.03596
2343.48793,0.03829
2341.55913,0.03833
2339.63034,0.03755
2337.70154,0.03660
2335.77274,0.03575
2333.84395,0.03559
2331.91515,0.03601
2329.98635,0.03583
2328.05756,0.03468
2326.12876,0.03353
2324.19996,0.03276
2322.27117,0.03169
2320.34237,0.02992
2318.41357,0.02786
2316.48478,0.02594
2314.55598,0.02462
2312.62718,0.02397
2310.69839,0.02308
2308.76959,0.02141
2306.84079,0.01950
2304.91200,0.01789
2302.98320,0.01675
2301.05440,0.01597
2299.12561,0.01530
2297.19681,0.01442
2295.26801,0.01340
2293.33922,0.01269
2291.41042,0.01254
2289.48162,0.01249
2287.55283,0.01208
2285.62403,0.01169
2283.69523,0.01169
2281.76644,0.01190
2279.83764,0.01228
2277.90884,0.01273
2275.98005,0.01316
2274.05125,0.01369
2272.12245,0.01438
2270.19366,0.01514
2268.26486,0.01600
2266.33606,0.01659
2264.40727,0.01607
2262.47847,0.01497
2260.54967,0.01491
2258.62088,0.01607
2256.69208,0.01712
2254.76328,0.01739
2252.83449,0.01737
2250.90569,0.01732
2248.97689,0.01736
2247.04810,0.01802
2245.11930,0.01923
2243.19050,0.02033
2241.26171,0.02050
2239.33291,0.02016
2237.40411,0.02090
2235.47532,0.02217
2233.54652,0.02220
2231.61772,0.02157
2229.68893,0.02199
2227.76013,0.02347
2225.83133,0.02467
2223.90254,0.02434
2221.97374,0.02288
2220.04494,0.02261
2218.11615,0.02382
2216.18735,0.02451
2214.25855,0.02567
2212.32976,0.02826
2210.40096,0.02966
2208.47216,0.02904
2206.54337,0.02855
2204.61457,0.02891
2202.68577,0.02940
2200.75698,0.03000
2198.82818,0.03108
2196.89938,0.03226
2194.97059,0.03257
2193.04179,0.03251
2191.11299,0.03331
2189.18420,0.03402
2187.25540,0.03360
2185.32660,0.03277
2183.39781,0.03362
2181.46901,0.03786
2179.54021,0.04160
2177.61142,0.04067
2175.68262,0.03859
2173.75382,0.03797
2171.82503,0.03673
2169.89623,0.03585
2167.96743,0.03715
2166.03864,0.04024
2164.10984,0.04430
2162.18104,0.04718
2160.25225,0.04838
2158.32345,0.04764
2156.39465,0.04361
2154.46586,0.03941
2152.53706,0.03668
2150.60826,0.03350
2148.67947,0.02915
2146.75067,0.02491
2144.82187,0.02254
2142.89308,0.02139
2140.96428,0.01990
2139.03548,0.01871
2137.10669,0.01773
2135.17789,0.01592
2133.24909,0.01401
2131.32030,0.01288
2129.39150,0.01195
2127.46270,0.01044
2125.53391,0.00875
2123.60511,0.00771
2121.67631,0.00744
2119.74752,0.00757
2117.81872,0.00773
2115.88992,0.00798
2113.96113,0.00836
2112.03233,0.00845
2110.10353,0.00811
2108.17474,0.00765
2106.24594,0.00763
2104.31714,0.00854
2102.38835,0.00949
2100.45955,0.00910
2098.53075,0.00772
2096.60196,0.00682
2094.67316,0.00701
2092.74436,0.00771
2090.81557,0.00805
2088.88677,0.00782
2086.95797,0.00771
2085.02918,0.00823
2083.10038,0.00879
2081.17158,0.00880
2079.24279,0.00863
2077.31399,0.00882
2075.38519,0.00903
2073.45640,0.00916
2071.52760,0.00956
2069.59880,0.01021
2067.67001,0.01093
2065.74121,0.01153
2063.81241,0.01170
2061.88362,0.01168
2059.95482,0.01218
2058.02602,0.01284
2056.09723,0.01239
2054.16843,0.01108
2052.23963,0.01037
2050.31084,0.01139
2048.38204,0.01460
2046.45324,0.01879
2044.52445,0.02193
2042.59565,0.02317
2040.66685,0.02289
2038.73806,0.02220
2036.80926,0.02173
2034.88046,0.02189
2032.95167,0.02334
2031.02287,0.02426
2029.09407,0.02292
2027.16528,0.02097
2025.23648,0.01989
2023.30768,0.01973
2021.37889,0.02080
2019.45009,0.02322
2017.52129,0.02446
2015.59250,0.02230
2013.66370,0.01886
2011.73490,0.01709
2009.80611,0.01783
2007.87731,0.01894
2005.94851,0.01836
2004.01972,0.01718
2002.09092,0.01575
2000.16212,0.01393
1998.23333,0.01352
1996.30453,0.01526
1994.37574,0.01706
1992.44694,0.01698
1990.51814,0.01524
1988.58935,0.01367
1986.66055,0.01319
1984.73175,0.01362
1982.80296,0.01481
1980.87416,0.01556
1978.94536,0.01479
1977.01657,0.01434
1975.08777,0.01542
1973.15897,0.01588
1971.23018,0.01541
1969.30138,0.01570
1967.37258,0.01618
1965.44379,0.01547
1963.51499,0.01387
1961.58619,0.01229
1959.65740,0.01079
1957.72860,0.00915
1955.79980,0.00764
1953.87101,0.00645
1951.94221,0.00567
1950.01341,0.00563
1948.08462,0.00630
1946.15582,0.00734
1944.22702,0.00849
1942.29823,0.00796
1940.36943,0.00525
1938.44063,0.00325
1936.51184,0.00281
1934.58304,0.00253
1932.65424,0.00195
1930.72545,0.00168
1928.79665,0.00196
1926.86785,0.00280
1924.93906,0.00446
1923.01026,0.00573
1921.08146,0.00588
1919.15267,0.00596
1917.22387,0.00511
1915.29507,0.00309
1913.36628,0.00220
1911.43748,0.00305
1909.50868,0.00382
1907.57989,0.00315
1905.65109,0.00190
1903.72229,0.00110
1901.79350,0.00058
1899.86470,0.00034
1897.93590,0.00096
1896.00711,0.00199
1894.07831,0.00228
1892.14951,0.00270
1890.22072,0.00366
1888.29192,0.00304
1886.36312,0.00135
1884.43433,0.00048
1882.50553,0.00012
1880.57673,-0.00025
1878.64794,-0.00060
1876.71914,-0.00070
1874.79034,-0.00031
1872.86155,0.00159
1870.93275,0.00607
1869.00395,0.00987
1867.07516,0.00793
1865.14636,0.00328
1863.21756,0.00071
1861.28877,0.00019
1859.35997,0.00008
1857.43117,-0.00039
1855.50238,-0.00102
1853.57358,-0.00132
1851.64478,-0.00076
1849.71599,0.00131
1847.78719,0.00477
1845.85839,0.00855
1843.92960,0.00895
1842.00080,0.00485
1840.07200,0.00158
1838.14321,0.00101
1836.21441,0.00096
1834.28561,0.00127
1832.35682,0.00420
1830.42802,0.00810
1828.49922,0.00846
1826.57043,0.00690
1824.64163,0.00518
1822.71283,0.00238
1820.78404,0.00023
1818.85524,-0.00016
1816.92644,-0.00013
1814.99765,0.00035
1813.06885,0.00241
1811.14005,0.00433
1809.21126,0.00365
1807.28246,0.00178
1805.35366,0.00164
1803.42487,0.00418
1801.49607,0.00712
1799.56727,0.00729
1797.63848,0.00617
1795.70968,0.00727
1793.78088,0.01076
1791.85209,0.01156
1789.92329,0.00677
1787.99449,0.00266
1786.06570,0.00225
1784.13690,0.00337
1782.20810,0.00463
1780.27931,0.00512
1778.35051,0.00459
1776.42171,0.00590
1774.49292,0.01086
1772.56412,0.01559
1770.63532,0.01422
1768.70653,0.00915
1766.77773,0.00465
1764.84893,0.00339
1762.92014,0.00548
1760.99134,0.00679
1759.06254,0.00633
1757.13375,0.00588
1755.20495,0.00537
1753.27615,0.00772
1751.34736,0.01418
1749.41856,0.01826
1747.48976,0.01610
1745.56097,0.01277
1743.63217,0.01124
1741.70337,0.01089
1739.77458,0.01017
1737.84578,0.01005
1735.91698,0.01407
1733.98819,0.01919
1732.05939,0.01625
1730.13059,0.00944
1728.20180,0.00383
1726.27300,0.00132
1724.34420,0.00207
1722.41541,0.00446
1720.48661,0.01035
1718.55781,0.02103
1716.62902,0.02682
1714.70022,0.02112
1712.77142,0.01394
1710.84263,0.01144
1708.91383,0.01434
1706.98503,0.02116
1705.05624,0.02760
1703.12744,0.03310
1701.19864,0.04266
1699.26985,0.05293
1697.34105,0.05717
1695.41225,0.05756
1693.48346,0.05782
1691.55466,0.06384
1689.62586,0.07656
1687.69707,0.09203
1685.76827,0.11234
1683.83947,0.13537
1681.91068,0.14489
1679.98188,0.14927
1678.05308,0.15852
1676.12429,0.17365
1674.19549,0.19027
1672.26669,0.20427
1670.33790,0.21767
1668.40910,0.22531
1666.48030,0.22692
1664.55151,0.23152
1662.62271,0.23784
1660.69391,0.23928
1658.76512,0.23962
1656.83632,0.24536
1654.90752,0.25813
1652.97873,0.26644
1651.04993,0.26095
1649.12113,0.26126
1647.19234,0.26732
1645.26354,0.26736
1643.33474,0.26619
1641.40595,0.27270
1639.47715,0.28727
1637.54835,0.30945
1635.61956,0.33385
1633.69076,0.34678
1631.76197,0.35572
1629.83317,0.37060
1627.90437,0.38858
1625.97558,0.40347
1624.04678,0.41405
1622.11798,0.41813
1620.18919,0.41845
1618.26039,0.42028
1616.33159,0.41845
1614.40280,0.41088
1612.47400,0.40648
1610.54520,0.40760
1608.61641,0.41177
1606.68761,0.41712
1604.75881,0.42445
1602.83002,0.43370
1600.90122,0.44290
1598.97242,0.45115
1597.04363,0.45842
1595.11483,0.46308
1593.18603,0.46284
1591.25724,0.45767
1589.32844,0.44809
1587.39964,0.43472
1585.47085,0.41867
1583.54205,0.40042
1581.61325,0.38156
1579.68446,0.36580
1577.75566,0.35114
1575.82686,0.32729
1573.89807,0.30195
1571.96927,0.28575
1570.04047,0.27044
1568.11168,0.25072
1566.18288,0.23302
1564.25408,0.22025
1562.32529,0.21536
1560.39649,0.21886
1558.46769,0.21156
1556.53890,0.18877
1554.61010,0.17130
1552.68130,0.15949
1550.75251,0.15100
1548.82371,0.14363
1546.89491,0.14034
1544.96612,0.14373
1543.03732,0.15036
1541.10852,0.15251
1539.17973,0.13860
1537.25093,0.12273
1535.32213,0.11715
1533.39334,0.11440
1531.46454,0.10810
1529.53574,0.10461
1527.60695,0.10631
1525.67815,0.10887
1523.74935,0.11158
1521.82056,0.11313
1519.89176,0.10978
1517.96296,0.10526
1516.03417,0.09940
1514.10537,0.09294
1512.17657,0.09232
1510.24778,0.10043
1508.31898,0.11314
1506.39018,0.11063
1504.46139,0.09402
1502.53259,0.08645
1500.60379,0.08838
1498.67500,0.09474
1496.74620,0.09861
1494.81740,0.09863
1492.88861,0.10298
1490.95981,0.11554
1489.03101,0.12786
1487.10222,0.13120
1485.17342,0.13312
1483.24462,0.14024
1481.31583,0.15188
1479.38703,0.16543
1477.45823,0.18179
1475.52944,0.20191
1473.60064,0.22146
1471.67184,0.23165
1469.74305,0.23378
1467.81425,0.23844
1465.88545,0.24725
1463.95666,0.25275
1462.02786,0.25464
1460.09906,0.26032
1458.17027,0.26714
1456.24147,0.25786
1454.31267,0.23836
1452.38388,0.22278
1450.45508,0.21069
1448.52628,0.19861
1446.59749,0.18352
1444.66869,0.16803
1442.73989,0.15491
1440.81110,0.14517
1438.88230,0.13950
1436.95350,0.13310
1435.02471,0.12157
1433.09591,0.11123
1431.16711,0.10422
1429.23832,0.09699
1427.30952,0.09020
1425.38072,0.08631
1423.45193,0.08388
1421.52313,0.08291
1419.59433,0.08343
1417.66554,0.07882
1415.73674,0.06973
1413.80794,0.06324
1411.87915,0.06001
1409.95035,0.05769
1408.02155,0.05635
1406.09276,0.05632
1404.16396,0.05508
1402.23516,0.05350
1400.30637,0.05486
1398.37757,0.05752
1396.44877,0.05789
1394.51998,0.05434
1392.59118,0.04860
1390.66238,0.04583
1388.73359,0.04686
1386.80479,0.04656
1384.87599,0.04280
1382.94720,0.03973
1381.01840,0.03912
1379.08960,0.03976
1377.16081,0.04148
1375.23201,0.04352
1373.30321,0.04255
1371.37442,0.03930
1369.44562,0.03730
1367.51682,0.03657
1365.58803,0.03774
1363.65923,0.04081
1361.73043,0.04090
1359.80164,0.03708
1357.87284,0.03419
1355.94404,0.03337
1354.01525,0.03288
1352.08645,0.03224
1350.15765,0.03189
1348.22886,0.03154
1346.30006,0.03110
1344.37126,0.03150
1342.44247,0.03426
1340.51367,0.03847
1338.58487,0.03934
1336.65608,0.03582
1334.72728,0.03225
1332.79848,0.03070
1330.86969,0.03036
1328.94089,0.03018
1327.01209,0.02991
1325.08330,0.02976
1323.15450,0.03009
1321.22570,0.03116
1319.29691,0.03217
1317.36811,0.03204
1315.43931,0.03135
1313.51052,0.03076
1311.58172,0.02983
1309.65292,0.02887
1307.72413,0.02837
1305.79533,0.02806
1303.86653,0.02782
1301.93774,0.02775
1300.00894,0.02780
1298.08014,0.02797
1296.15135,0.02807
1294.22255,0.02803
1292.29375,0.02813
1290.36496,0.02852
1288.43616,0.02880
1286.50736,0.02856
1284.57857,0.02810
1282.64977,0.02791
1280.72097,0.02794
1278.79218,0.02795
1276.86338,0.02800
1274.93458,0.02830
1273.00579,0.02888
1271.07699,0.02933
1269.14820,0.02935
1267.21940,0.02911
1265.29060,0.02892
1263.36181,0.02894
1261.43301,0.02916
1259.50421,0.02920
1257.57542,0.02897
1255.64662,0.02881
1253.71782,0.02884
1251.78903,0.02897
1249.86023,0.02911
1247.93143,0.02927
1246.00264,0.02947
1244.07384,0.02967
1242.14504,0.02978
1240.21625,0.02981
1238.28745,0.02986
1236.35865,0.02994
1234.42986,0.03008
1232.50106,0.03025
1230.57226,0.03045
1228.64347,0.03074
1226.71467,0.03106
1224.78587,0.03131
1222.85708,0.03148
1220.92828,0.03170
1218.99948,0.03203
1217.07069,0.03236
1215.14189,0.03276
1213.21309,0.03327
1211.28430,0.03377
1209.35550,0.03424
1207.42670,0.03480
1205.49791,0.03546
1203.56911,0.03622
1201.64031,0.03710
1199.71152,0.03812
1197.78272,0.03930
1195.85392,0.04060
1193.92513,0.04206
1191.99633,0.04373
1190.06753,0.04569
1188.13874,0.04796
1186.20994,0.05041
1184.28114,0.05303
1182.35235,0.05602
1180.42355,0.05949
1178.49475,0.06344
1176.56596,0.06776
1174.63716,0.07233
1172.70836,0.07702
1170.77957,0.08181
1168.85077,0.08671
1166.92197,0.09153
1164.99318,0.09601
1163.06438,0.09989
1161.13558,0.10295
1159.20679,0.10497
1157.27799,0.10578
1155.34919,0.10534
1153.42040,0.10371
1151.49160,0.10097
1149.56280,0.09730
1147.63401,0.09295
1145.70521,0.08818
1143.77641,0.08326
1141.84762,0.07840
1139.91882,0.07377
1137.99002,0.06948
1136.06123,0.06550
1134.13243,0.06183
1132.20363,0.05853
1130.27484,0.05565
1128.34604,0.05312
1126.41724,0.05086
1124.48845,0.04888
1122.55965,0.04717
1120.63085,0.04569
1118.70206,0.04440
1116.77326,0.04328
1114.84446,0.04234
1112.91567,0.04152
1110.98687,0.04081
1109.05807,0.04020
1107.12928,0.03969
1105.20048,0.03924
1103.27168,0.03885
1101.34289,0.03857
1099.41409,0.03844
1097.48529,0.03847
1095.55650,0.03861
1093.62770,0.03885
1091.69890,0.03916
1089.77011,0.03952
1087.84131,0.03992
1085.91251,0.04032
1083.98372,0.04071
1082.05492,0.04109
1080.12612,0.04150
1078.19733,0.04194
1076.26853,0.04243
1074.33973,0.04300
1072.41094,0.04355
1070.48214,0.04399
1068.55334,0.04429
1066.62455,0.04444
1064.69575,0.04446
1062.76695,0.04438
1060.83816,0.04419
1058.90936,0.04385
1056.98056,0.04338
1055.05177,0.04283
1053.12297,0.04219
1051.19417,0.04146
1049.26538,0.04067
1047.33658,0.03991
1045.40778,0.03915
1043.47899,0.03838
1041.55019,0.03766
1039.62139,0.03700
1037.69260,0.03637
1035.76380,0.03576
1033.83500,0.03517
1031.90621,0.03462
1029.97741,0.03410
1028.04861,0.03364
1026.11982,0.03319
1024.19102,0.03276
1022.26222,0.03237
1020.33343,0.03204
1018.40463,0.03178
1016.47583,0.03159
1014.54704,0.03143
1012.61824,0.03127
1010.68944,0.03105
1008.76065,0.03070
1006.83185,0.03020
1004.90305,0.02958
1002.97426,0.02890
1001.04546,0.02825
999.11666,0.02769
997.18787,0.02723
995.25907,0.02683
993.33027,0.02647
991.40148,0.02612
989.47268,0.02579
987.54388,0.02548
985.61509,0.02517
983.68629,0.02484
981.75749,0.02452
979.82870,0.02424
977.89990,0.02397
975.97110,0.02368
974.04231,0.02341
972.11351,0.02318
970.18471,0.02296
968.25592,0.02267
966.32712,0.02229
964.39832,0.02189
962.46953,0.02151
960.54073,0.02113
958.61193,0.02073
956.68314,0.02035
954.75434,0.02001
952.82554,0.01971
950.89675,0.01941
948.96795,0.01908
947.03915,0.01870
945.11036,0.01830
943.18156,0.01794
941.25276,0.01761
939.32397,0.01726
937.39517,0.01687
935.46637,0.01647
933.53758,0.01608
931.60878,0.01570
929.67998,0.01529
927.75119,0.01485
925.82239,0.01439
923.89359,0.01392
921.96480,0.01344
920.03600,0.01297
918.10720,0.01250
916.17841,0.01202
914.24961,0.01155
912.32081,0.01111
910.39202,0.01070
908.46322,0.01029
906.53443,0.00986
904.60563,0.00943
902.67683,0.00900
900.74804,0.00856
898.81924,0.00807
896.89044,0.00762
894.96165,0.00722
893.03285,0.00679
891.10405,0.00630
889.17526,0.00580
887.24646,0.00533
885.31766,0.00485
883.38887,0.00438
881.46007,0.00393
879.53127,0.00351
877.60248,0.00314
875.67368,0.00278
873.74488,0.00239
871.81609,0.00202
869.88729,0.00171
867.95849,0.00142
866.02970,0.00111
864.10090,0.00075
862.17210,0.00042
860.24331,0.00016
858.31451,-0.00002
856.38571,-0.00019
854.45692,-0.00040
852.52812,-0.00065
850.59932,-0.00083
848.67053,-0.00095
846.74173,-0.00109
844.81293,-0.00125
842.88414,-0.00139
840.95534,-0.00148
839.02654,-0.00155
837.09775,-0.00164
835.16895,-0.00174
833.24015,-0.00183
831.31136,-0.00193
829.38256,-0.00203
827.45376,-0.00209
825.52497,-0.00208
823.59617,-0.00205
821.66737,-0.00206
819.73858,-0.00206
817.80978,-0.00198
815.88098,-0.00182
813.95219,-0.00165
812.02339,-0.00148
810.09459,-0.00129
808.16580,-0.00104
806.23700,-0.00069
804.30820,-0.00026
802.37941,0.00018
800.45061,0.00071
798.52181,0.00142
796.59302,0.00231
794.66422,0.00332
792.73542,0.00432
790.80663,0.00520
788.87783,0.00605
786.94903,0.00682
785.02024,0.00714
783.09144,0.00678
781.16264,0.00593
779.23385,0.00490
777.30505,0.00377
775.37625,0.00250
773.44746,0.00129
771.51866,0.00042
769.58986,-0.00019
767.66107,-0.00083
765.73227,-0.00144
763.80347,-0.00166
761.87468,-0.00162
759.94588,-0.00193
758.01708,-0.00246
756.08829,-0.00248
754.15949,-0.00211
752.23069,-0.00196
750.30190,-0.00195
748.37310,-0.00168
