3496.90832,0.02190
3494.97953,0.02856
3493.05073,0.03211
3491.12193,0.03007
3489.19314,0.02981
3487.26434,0.03288
3485.33554,0.03595
3483.40675,0.03755
3481.47795,0.03726
3479.54915,0.03504
3477.62036,0.02969
3475.69156,0.02416
3473.76276,0.02481
3471.83397,0.03078
3469.90517,0.03398
3467.97637,0.03099
3466.04758,0.02630
3464.11878,0.02472
3462.18998,0.02848
3460.26119,0.03733
3458.33239,0.04583
3456.40359,0.04675
3454.47480,0.03846
3452.54600,0.02965
3450.61721,0.02984
3448.68841,0.03399
3446.75961,0.03345
3444.83082,0.02745
3442.90202,0.01655
3440.97322,0.00866
3439.04443,0.00946
3437.11563,0.01135
3435.18683,0.01212
3433.25804,0.01438
3431.32924,0.01512
3429.40044,0.01316
3427.47165,0.01433
3425.54285,0.02008
3423.61405,0.02239
3421.68526,0.01850
3419.75646,0.01473
3417.82766,0.01338
3415.89887,0.01345
3413.97007,0.01605
3412.04127,0.01684
3410.11248,0.01134
3408.18368,0.00786
3406.25488,0.01379
3404.32609,0.02054
3402.39729,0.01739
3400.46849,0.01008
3398.53970,0.01253
3396.61090,0.02341
3394.68210,0.02839
3392.75331,0.02437
3390.82451,0.01867
3388.89571,0.01354
3386.96692,0.00902
3385.03812,0.00784
3383.10932,0.00752
3381.18053,0.00698
3379.25173,0.01158
3377.32293,0.02211
3375.39414,0.03333
3373.46534,0.03671
3371.53654,0.03120
3369.60775,0.03045
3367.67895,0.03837
3365.75015,0.04016
3363.82136,0.03151
3361.89256,0.02634
3359.96376,0.03053
3358.03497,0.03925
3356.10617,0.04544
3354.17737,0.04307
3352.24858,0.03619
3350.31978,0.03342
3348.39098,0.03491
3346.46219,0.03896
3344.53339,0.04311
3342.60459,0.04060
3340.67580,0.03212
3338.74700,0.02392
3336.81820,0.01805
3334.88941,0.01813
3332.96061,0.02314
3331.03181,0.02434
3329.10302,0.02290
3327.17422,0.02343
3325.24542,0.02058
3323.31663,0.01691
3321.38783,0.01926
3319.45903,0.01923
3317.53024,0.01293
3315.60144,0.00600
3313.67264,0.00092
3311.74385,-0.00029
3309.81505,0.00118
3307.88625,0.00400
3305.95746,0.00823
3304.02866,0.01139
3302.09986,0.00847
3300.17107,-0.00038
3298.24227,-0.00387
3296.31347,0.00154
3294.38468,0.00717
3292.45588,0.00918
3290.52708,0.00804
3288.59829,0.00429
3286.66949,-0.00032
3284.74069,-0.00330
3282.81190,-0.00290
3280.88310,-0.00027
3278.95430,0.00086
3277.02551,-0.00364
3275.09671,-0.01107
3273.16791,-0.01196
3271.23912,-0.00317
3269.31032,0.00794
3267.38152,0.01345
3265.45273,0.01161
3263.52393,0.00726
3261.59513,0.00382
3259.66634,0.00109
3257.73754,0.00058
3255.80874,0.00412
3253.87995,0.00937
3251.95115,0.01107
3250.02235,0.01011
3248.09356,0.01200
3246.16476,0.01660
3244.23596,0.01948
3242.30717,0.01716
3240.37837,0.01181
3238.44957,0.00959
3236.52078,0.01227
3234.59198,0.01393
3232.66318,0.00914
3230.73439,0.00340
3228.80559,0.00512
3226.87679,0.01168
3224.94800,0.01688
3223.01920,0.02046
3221.09040,0.02247
3219.16161,0.02199
3217.23281,0.02253
3215.30401,0.02352
3213.37522,0.02020
3211.44642,0.01652
3209.51762,0.01697
3207.58883,0.01981
3205.66003,0.02334
3203.73123,0.02419
3201.80244,0.01989
3199.87364,0.01459
3197.94484,0.01262
3196.01605,0.01434
3194.08725,0.01899
3192.15845,0.02433
3190.22966,0.02584
3188.30086,0.02164
3186.37206,0.01635
3184.44327,0.01523
3182.51447,0.01666
3180.58567,0.01615
3178.65688,0.01337
3176.72808,0.01021
3174.79928,0.00869
3172.87049,0.00993
3170.94169,0.01168
3169.01289,0.01165
3167.08410,0.01043
3165.15530,0.00936
3163.22650,0.00957
3161.29771,0.01021
3159.36891,0.01042
3157.44011,0.01162
3155.51132,0.01326
3153.58252,0.01271
3151.65372,0.00979
3149.72493,0.00616
3147.79613,0.00330
3145.86733,0.00207
3143.93854,0.00047
3142.00974,-0.00100
3140.08094,0.00228
3138.15215,0.00825
3136.22335,0.01154
3134.29455,0.01124
3132.36576,0.00755
3130.43696,0.00343
3128.50816,0.00360
3126.57937,0.00725
3124.65057,0.00980
3122.72177,0.00917
3120.79298,0.00620
3118.86418,0.00379
3116.93538,0.00416
3115.00659,0.00533
3113.07779,0.00467
3111.14899,0.00280
3109.22020,0.00238
3107.29140,0.00407
3105.36260,0.00548
3103.43381,0.00526
3101.50501,0.00468
3099.57621,0.00456
3097.64742,0.00428
3095.71862,0.00378
3093.78982,0.00321
3091.86103,0.00248
3089.93223,0.00260
3088.00344,0.00347
3086.07464,0.00389
3084.14584,0.00397
3082.21705,0.00360
3080.28825,0.00286
3078.35945,0.00270
3076.43066,0.00310
3074.50186,0.00338
3072.57306,0.00354
3070.64427,0.00384
3068.71547,0.00397
3066.78667,0.00373
3064.85788,0.00368
3062.92908,0.00391
3061.00028,0.00407
3059.07149,0.00466
3057.14269,0.00563
3055.21389,0.00608
3053.28510,0.00596
3051.35630,0.00560
3049.42750,0.00512
3047.49871,0.00446
3045.56991,0.00382
3043.64111,0.00399
3041.71232,0.00462
3039.78352,0.00469
3037.85472,0.00469
3035.92593,0.00563
3033.99713,0.00659
3032.06833,0.00598
3030.13954,0.00477
3028.21074,0.00451
3026.28194,0.00452
3024.35315,0.00421
3022.42435,0.00399
3020.49555,0.00398
3018.56676,0.00457
3016.63796,0.00613
3014.70916,0.00767
3012.78037,0.00775
3010.85157,0.00658
3008.92277,0.00579
3006.99398,0.00612
3005.06518,0.00655
3003.13638,0.00624
3001.20759,0.00582
2999.27879,0.00588
2997.34999,0.00631
2995.42120,0.00641
2993.49240,0.00566
2991.56360,0.00502
2989.63481,0.00559
2987.70601,0.00667
2985.77721,0.00735
2983.84842,0.00760
2981.91962,0.00743
2979.99082,0.00706
2978.06203,0.00689
2976.13323,0.00700
2974.20443,0.00753
2972.27564,0.00815
2970.34684,0.00825
2968.41804,0.00802
2966.48925,0.00796
2964.56045,0.00824
2962.63165,0.00849
2960.70286,0.00823
2958.77406,0.00786
2956.84526,0.00799
2954.91647,0.00837
2952.98767,0.00860
2951.05887,0.00877
2949.13008,0.00902
2947.20128,0.00948
2945.27248,0.00993
2943.34369,0.00948
2941.41489,0.00825
2939.48609,0.00761
2937.55730,0.00784
2935.62850,0.00823
2933.69970,0.00861
2931.77091,0.00907
2929.84211,0.00942
2927.91331,0.00953
2925.98452,0.00973
2924.05572,0.01013
2922.12692,0.01020
2920.19813,0.01004
2918.26933,0.01038
2916.34053,0.01106
2914.41174,0.01132
2912.48294,0.01112
2910.55414,0.01071
2908.62535,0.01022
2906.69655,0.00988
2904.76775,0.00974
2902.83896,0.00957
2900.91016,0.00948
2898.98136,0.00958
2897.05257,0.00970
2895.12377,0.00982
2893.19497,0.01012
2891.26618,0.01037
2889.33738,0.01036
2887.40858,0.01036
2885.47979,0.01042
2883.55099,0.01045
2881.62219,0.01061
2879.69340,0.01087
2877.76460,0.01101
2875.83580,0.01124
2873.90701,0.01159
2871.97821,0.01151
2870.04941,0.01111
2868.12062,0.01097
2866.19182,0.01114
2864.26302,0.01163
2862.33423,0.01226
2860.40543,0.01263
2858.47663,0.01266
2856.54784,0.01257
2854.61904,0.01257
2852.69024,0.01269
2850.76145,0.01291
2848.83265,0.01306
2846.90385,0.01316
2844.97506,0.01340
2843.04626,0.01363
2841.11746,0.01365
2839.18867,0.01357
2837.25987,0.01357
2835.33107,0.01367
2833.40228,0.01362
2831.47348,0.01349
2829.54468,0.01377
2827.61589,0.01428
2825.68709,0.01453
2823.75829,0.01454
2821.82950,0.01449
2819.90070,0.01435
2817.97190,0.01427
2816.04311,0.01436
2814.11431,0.01443
2812.18551,0.01431
2810.25672,0.01407
2808.32792,0.01392
2806.39912,0.01397
2804.47033,0.01407
2802.54153,0.01401
2800.61273,0.01394
2798.68394,0.01414
2796.75514,0.01444
2794.82634,0.01441
2792.89755,0.01404
2790.96875,0.01371
2789.03995,0.01350
2787.11116,0.01321
2785.18236,0.01293
2783.25356,0.01284
2781.32477,0.01287
2779.39597,0.01286
2777.46717,0.01292
2775.53838,0.01309
2773.60958,0.01303
2771.68078,0.01271
2769.75199,0.01245
2767.82319,0.01225
2765.89439,0.01219
2763.96560,0.01225
2762.03680,0.01217
2760.10800,0.01203
2758.17921,0.01209
2756.25041,0.01216
2754.32161,0.01216
2752.39282,0.01214
2750.46402,0.01197
2748.53522,0.01174
2746.60643,0.01172
2744.67763,0.01187
2742.74883,0.01199
2740.82004,0.01201
2738.89124,0.01201
2736.96244,0.01209
2735.03365,0.01223
2733.10485,0.01221
2731.17605,0.01194
2729.24726,0.01172
2727.31846,0.01173
2725.38967,0.01187
2723.46087,0.01203
2721.53207,0.01220
2719.60328,0.01222
2717.67448,0.01206
2715.74568,0.01195
2713.81689,0.01200
2711.88809,0.01203
2709.95929,0.01198
2708.03050,0.01204
2706.10170,0.01226
2704.17290,0.01239
2702.24411,0.01230
2700.31531,0.01208
2698.38651,0.01192
2696.45772,0.01186
2694.52892,0.01176
2692.60012,0.01166
2690.67133,0.01182
2688.74253,0.01216
2686.81373,0.01236
2684.88494,0.01226
2682.95614,0.01195
2681.02734,0.01168
2679.09855,0.01169
2677.16975,0.01185
2675.24095,0.01189
2673.31216,0.01180
2671.38336,0.01184
2669.45456,0.01204
2667.52577,0.01212
2665.59697,0.01192
2663.66817,0.01160
2661.73938,0.01138
2659.81058,0.01138
2657.88178,0.01154
2655.95299,0.01175
2654.02419,0.01190
2652.09539,0.01191
2650.16660,0.01182
2648.23780,0.01175
2646.30900,0.01174
2644.38021,0.01191
2642.45141,0.01219
2640.52261,0.01238
2638.59382,0.01236
2636.66502,0.01224
2634.73622,0.01226
2632.80743,0.01255
2630.87863,0.01288
2628.94983,0.01303
2627.02104,0.01324
2625.09224,0.01373
2623.16344,0.01410
2621.23465,0.01409
2619.30585,0.01394
2617.37705,0.01383
2615.44826,0.01384
2613.51946,0.01396
2611.59066,0.01397
2609.66187,0.01403
2607.73307,0.01439
2605.80427,0.01455
2603.87548,0.01421
2601.94668,0.01409
2600.01788,0.01440
2598.08909,0.01466
2596.16029,0.01488
2594.23149,0.01511
2592.30270,0.01511
2590.37390,0.01490
2588.44510,0.01465
2586.51631,0.01446
2584.58751,0.01446
2582.65871,0.01458
2580.72992,0.01457
2578.80112,0.01432
2576.87232,0.01407
2574.94353,0.01430
2573.01473,0.01488
2571.08593,0.01504
2569.15714,0.01467
2567.22834,0.01433
2565.29954,0.01414
2563.37075,0.01395
2561.44195,0.01396
2559.51315,0.01413
2557.58436,0.01412
2555.65556,0.01385
2553.72676,0.01375
2551.79797,0.01409
2549.86917,0.01446
2547.94037,0.01473
2546.01158,0.01510
2544.08278,0.01523
2542.15398,0.01500
2540.22519,0.01473
2538.29639,0.01458
2536.36759,0.01464
2534.43880,0.01490
2532.51000,0.01499
2530.58120,0.01478
2528.65241,0.01449
2526.72361,0.01413
2524.79481,0.01362
2522.86602,0.01331
2520.93722,0.01346
2519.00842,0.01376
2517.07963,0.01385
2515.15083,0.01380
2513.22203,0.01383
2511.29324,0.01399
2509.36444,0.01418
2507.43564,0.01423
2505.50685,0.01415
2503.57805,0.01401
2501.64925,0.01382
2499.72046,0.01352
2497.79166,0.01314
2495.86286,0.01284
2493.93407,0.01280
2492.00527,0.01308
2490.07647,0.01347
2488.14768,0.01375
2486.21888,0.01399
2484.29008,0.01415
2482.36129,0.01403
2480.43249,0.01378
2478.50369,0.01364
2476.57490,0.01355
2474.64610,0.01334
2472.71730,0.01313
2470.78851,0.01309
2468.85971,0.01305
2466.93091,0.01293
2465.00212,0.01290
2463.07332,0.01291
2461.14452,0.01294
2459.21573,0.01317
2457.28693,0.01325
2455.35813,0.01292
2453.42934,0.01281
2451.50054,0.01316
2449.57174,0.01322
2447.64295,0.01286
2445.71415,0.01275
2443.78535,0.01290
2441.85656,0.01286
2439.92776,0.01272
2437.99896,0.01274
2436.07017,0.01273
2434.14137,0.01253
2432.21257,0.01229
2430.28378,0.01210
2428.35498,0.01196
2426.42618,0.01180
2424.49739,0.01151
2422.56859,0.01116
2420.63979,0.01090
2418.71100,0.01090
2416.78220,0.01106
2414.85340,0.01115
2412.92461,0.01101
2410.99581,0.01071
2409.06701,0.01040
2407.13822,0.01005
2405.20942,0.00959
2403.28062,0.00930
2401.35183,0.00932
2399.42303,0.00934
2397.49423,0.00922
2395.56544,0.00918
2393.63664,0.00925
2391.70784,0.00918
2389.77905,0.00915
2387.85025,0.00977
2385.92145,0.01137
2383.99266,0.01384
2382.06386,0.01727
2380.13506,0.02156
2378.20627,0.02613
2376.27747,0.03068
2374.34867,0.03567
2372.41988,0.04144
2370.49108,0.04717
2368.56228,0.05171
2366.63349,0.05540
2364.70469,0.05898
2362.77589,0.06214
2360.84710,0.06403
2358.91830,0.06328
2356.98951,0.05938
2355.06071,0.05360
2353.13191,0.04685
2351.20312,0.04033
2349.27432,0.03683
2347.34552,0.03796
2345.41673,0.04215
2343.48793,0.04530
2341.55913,0.04586
2339.63034,0.04526
2337.70154,0.04416
2335.77274,0.04298
2333.84395,0.04253
2331.91515,0.04269
2329.98635,0.04219
2328.05756,0.04074
2326.12876,0.03943
2324.19996,0.03860
2322.27117,0.03736
2320.34237,0.03502
2318.41357,0.03224
2316.48478,0.03008
2314.55598,0.02892
2312.62718,0.02828
2310.69839,0.02715
2308.76959,0.02505
2306.84079,0.02264
2304.91200,0.02080
2302.98320,0.01955
2301.05440,0.01833
2299.12561,0.01696
2297.19681,0.01573
2295.26801,0.01498
2293.33922,0.01461
2291.41042,0.01419
2289.48162,0.01368
2287.55283,0.01343
2285.62403,0.01327
2283.69523,0.01314
2281.76644,0.01357
2279.83764,0.01437
2277.90884,0.01482
2275.98005,0.01517
2274.05125,0.01596
2272.12245,0.01647
2270.19366,0.01615
2268.26486,0.01601
2266.33606,0.01661
2264.40727,0.01714
2262.47847,0.01700
2260.54967,0.01714
2258.62088,0.01854
2256.69208,0.02009
2254.76328,0.02031
2252.83449,0.01955
2250.90569,0.01889
2248.97689,0.01908
2247.04810,0.02001
2245.11930,0.02082
2243.19050,0.02124
2241.26171,0.02154
2239.33291,0.02214
2237.40411,0.02315
2235.47532,0.02360
2233.54652,0.02294
2231.61772,0.02251
2229.68893,0.02337
2227.76013,0.02478
2225.83133,0.02612
2223.90254,0.02699
2221.97374,0.02704
2220.04494,0.02739
2218.11615,0.02792
2216.18735,0.02735
2214.25855,0.02777
2212.32976,0.03023
2210.40096,0.03098
2208.47216,0.02873
2206.54337,0.02724
2204.61457,0.02821
2202.68577,0.02949
2200.75698,0.02999
2198.82818,0.03063
2196.89938,0.03128
2194.97059,0.03142
2193.04179,0.03200
2191.11299,0.03328
2189.18420,0.03399
2187.25540,0.03392
2185.32660,0.03370
2183.39781,0.03409
2181.46901,0.03657
2179.54021,0.03967
2177.61142,0.04070
2175.68262,0.04102
2173.75382,0.04087
2171.82503,0.03842
2169.89623,0.03634
2167.96743,0.03711
2166.03864,0.03967
2164.10984,0.04400
2162.18104,0.04918
2160.25225,0.05109
2158.32345,0.04877
2156.39465,0.04545
2154.46586,0.04158
2152.53706,0.03717
2150.60826,0.03374
2148.67947,0.03027
2146.75067,0.02555
2144.82187,0.02209
2142.89308,0.02146
2140.96428,0.02190
2139.03548,0.02191
2137.10669,0.02083
2135.17789,0.01850
2133.24909,0.01593
2131.32030,0.01409
2129.39150,0.01258
2127.46270,0.01098
2125.53391,0.00984
2123.60511,0.00941
2121.67631,0.00930
2119.74752,0.00904
2117.81872,0.00854
2115.88992,0.00825
2113.96113,0.00836
2112.03233,0.00859
2110.10353,0.00870
2108.17474,0.00878
2106.24594,0.00898
2104.31714,0.00966
2102.38835,0.01057
2100.45955,0.01069
2098.53075,0.00997
2096.60196,0.00935
2094.67316,0.00928
2092.74436,0.00954
2090.81557,0.00973
2088.88677,0.00965
2086.95797,0.00935
2085.02918,0.00898
2083.10038,0.00878
2081.17158,0.00913
2079.24279,0.00989
2077.31399,0.01050
2075.38519,0.01091
2073.45640,0.01152
2071.52760,0.01248
2069.59880,0.01338
2067.67001,0.01397
2065.74121,0.01410
2063.81241,0.01370
2061.88362,0.01330
2059.95482,0.01348
2058.02602,0.01407
2056.09723,0.01389
2054.16843,0.01237
2052.23963,0.01120
2050.31084,0.01206
2048.38204,0.01479
2046.45324,0.01792
2044.52445,0.02032
2042.59565,0.02181
2040.66685,0.02255
2038.73806,0.02234
2036.80926,0.02153
2034.88046,0.02189
2032.95167,0.02373
2031.02287,0.02402
2029.09407,0.02176
2027.16528,0.02033
2025.23648,0.02108
2023.30768,0.02163
2021.37889,0.02142
2019.45009,0.02211
2017.52129,0.02229
2015.59250,0.01987
2013.66370,0.01761
2011.73490,0.01867
2009.80611,0.02169
2007.87731,0.02311
2005.94851,0.02129
2004.01972,0.01755
2002.09092,0.01426
2000.16212,0.01326
1998.23333,0.01481
1996.30453,0.01755
1994.37574,0.01955
1992.44694,0.01933
1990.51814,0.01712
1988.58935,0.01531
1986.66055,0.01554
1984.73175,0.01659
1982.80296,0.01715
1980.87416,0.01754
1978.94536,0.01805
1977.01657,0.01787
1975.08777,0.01593
1973.15897,0.01364
1971.23018,0.01319
1969.30138,0.01410
1967.37258,0.01489
1965.44379,0.01501
1963.51499,0.01417
1961.58619,0.01209
1959.65740,0.00965
1957.72860,0.00849
1955.79980,0.00846
1953.87101,0.00841
1951.94221,0.00771
1950.01341,0.00674
1948.08462,0.00690
1946.15582,0.00852
1944.22702,0.01013
1942.29823,0.00948
1940.36943,0.00664
1938.44063,0.00463
1936.51184,0.00441
1934.58304,0.00449
1932.65424,0.00407
1930.72545,0.00371
1928.79665,0.00375
1926.86785,0.00458
1924.93906,0.00643
1923.01026,0.00759
1921.08146,0.00734
1919.15267,0.00714
1917.22387,0.00630
1915.29507,0.00437
1913.36628,0.00356
1911.43748,0.00457
1909.50868,0.00546
1907.57989,0.00471
1905.65109,0.00336
1903.72229,0.00257
1901.79350,0.00209
1899.86470,0.00186
1897.93590,0.00237
1896.00711,0.00318
1894.07831,0.00349
1892.14951,0.00422
1890.22072,0.00545
1888.29192,0.00485
1886.36312,0.00297
1884.43433,0.00190
1882.50553,0.00155
1880.57673,0.00139
1878.64794,0.00110
1876.71914,0.00074
1874.79034,0.00088
1872.86155,0.00283
1870.93275,0.00740
1869.00395,0.01108
1867.07516,0.00906
1865.14636,0.00446
1863.21756,0.00192
1861.28877,0.00141
1859.35997,0.00136
1857.43117,0.00100
1855.50238,0.00044
1853.57358,0.00014
1851.64478,0.00073
1849.71599,0.00278
1847.78719,0.00604
1845.85839,0.00956
1843.92960,0.01003
1842.00080,0.00621
1840.07200,0.00301
1838.14321,0.00232
1836.21441,0.00230
1834.28561,0.00275
1832.35682,0.00568
1830.42802,0.00945
1828.49922,0.00973
1826.57043,0.00818
1824.64163,0.00647
1822.71283,0.00369
1820.78404,0.00160
1818.85524,0.00127
1816.92644,0.00133
1814.99765,0.00175
1813.06885,0.00368
1811.14005,0.00554
1809.21126,0.00500
1807.28246,0.00332
1805.35366,0.00326
1803.42487,0.00579
1801.49607,0.00866
1799.56727,0.00877
1797.63848,0.00755
1795.70968,0.00849
1793.78088,0.01182
1791.85209,0.01262
1789.92329,0.00808
1787.99449,0.00421
1786.06570,0.00386
1784.13690,0.00491
1782.20810,0.00607
1780.27931,0.00650
1778.35051,0.00595
1776.42171,0.00723
1774.49292,0.01207
1772.56412,0.01665
1770.63532,0.01531
1768.70653,0.01046
1766.77773,0.00613
1764.84893,0.00487
1762.92014,0.00682
1760.99134,0.00806
1759.06254,0.00766
1757.13375,0.00722
1755.20495,0.00669
1753.27615,0.00897
1751.34736,0.01532
1749.41856,0.01937
1747.48976,0.01729
1745.56097,0.01396
1743.63217,0.01236
1741.70337,0.01202
1739.77458,0.01138
1737.84578,0.01126
1735.91698,0.01511
1733.98819,0.02000
1732.05939,0.01715
1730.13059,0.01062
1728.20180,0.00523
1726.27300,0.00280
1724.34420,0.00351
1722.41541,0.00583
1720.48661,0.01159
1718.55781,0.02199
1716.62902,0.02753
1714.70022,0.02196
1712.77142,0.01506
1710.84263,0.01269
1708.91383,0.01556
1706.98503,0.02222
1705.05624,0.02848
1703.12744,0.03383
1701.19864,0.04314
1699.26985,0.05316
1697.34105,0.05745
1695.41225,0.05805
1693.48346,0.05847
1691.55466,0.06451
1689.62586,0.07713
1687.69707,0.09244
1685.76827,0.11237
1683.83947,0.13498
1681.91068,0.14466
1679.98188,0.14937
1678.05308,0.15874
1676.12429,0.17375
1674.19549,0.19013
1672.26669,0.20397
1670.33790,0.21732
1668.40910,0.22520
1666.48030,0.22705
1664.55151,0.23160
1662.62271,0.23772
1660.69391,0.23906
1658.76512,0.23930
1656.83632,0.24481
1654.90752,0.25730
1652.97873,0.26544
1651.04993,0.26015
1649.12113,0.26062
1647.19234,0.26669
1645.26354,0.26683
1643.33474,0.26579
1641.40595,0.27222
1639.47715,0.28659
1637.54835,0.30848
1635.61956,0.33259
1633.69076,0.34552
1631.76197,0.35462
1629.83317,0.36951
1627.90437,0.38726
1625.97558,0.40184
1624.04678,0.41225
1622.11798,0.41637
1620.18919,0.41666
1618.26039,0.41835
1616.33159,0.41664
1614.40280,0.40941
1612.47400,0.40521
1610.54520,0.40640
1608.61641,0.41053
1606.68761,0.41573
1604.75881,0.42295
1602.83002,0.43226
1600.90122,0.44165
1598.97242,0.45019
1597.04363,0.45765
1595.11483,0.46222
1593.18603,0.46173
1591.25724,0.45653
1589.32844,0.44723
1587.39964,0.43417
1585.47085,0.41816
1583.54205,0.39979
1581.61325,0.38085
1579.68446,0.36506
1577.75566,0.35030
1575.82686,0.32633
1573.89807,0.30093
1571.96927,0.28463
1570.04047,0.26917
1568.11168,0.24947
1566.18288,0.23189
1564.25408,0.21914
1562.32529,0.21406
1560.39649,0.21703
1558.46769,0.20933
1556.53890,0.18689
1554.61010,0.16976
1552.68130,0.15810
1550.75251,0.14967
1548.82371,0.14232
1546.89491,0.13898
1544.96612,0.14216
1543.03732,0.14850
1541.10852,0.15043
1539.17973,0.13680
1537.25093,0.12140
1535.32213,0.11598
1533.39334,0.11324
1531.46454,0.10707
1529.53574,0.10367
1527.60695,0.10530
1525.67815,0.10775
1523.74935,0.11041
1521.82056,0.11199
1519.89176,0.10878
1517.96296,0.10442
1516.03417,0.09879
1514.10537,0.09259
1512.17657,0.09209
1510.24778,0.10013
1508.31898,0.11262
1506.39018,0.11016
1504.46139,0.09395
1502.53259,0.08666
1500.60379,0.08865
1498.67500,0.09493
1496.74620,0.09879
1494.81740,0.09893
1492.88861,0.10331
1490.95981,0.11570
1489.03101,0.12795
1487.10222,0.13151
1485.17342,0.13367
1483.24462,0.14087
1481.31583,0.15247
1479.38703,0.16595
1477.45823,0.18219
1475.52944,0.20209
1473.60064,0.22142
1471.67184,0.23160
1469.74305,0.23383
1467.81425,0.23846
1465.88545,0.24707
1463.95666,0.25240
1462.02786,0.25423
1460.09906,0.25974
1458.17027,0.26620
1456.24147,0.25680
1454.31267,0.23754
1452.38388,0.22216
1450.45508,0.21017
1448.52628,0.19812
1446.59749,0.18312
1444.66869,0.16780
1442.73989,0.15483
1440.81110,0.14517
1438.88230,0.13944
1436.95350,0.13294
1435.02471,0.12149
1433.09591,0.11131
1431.16711,0.10439
1429.23832,0.09725
1427.30952,0.09054
1425.38072,0.08669
1423.45193,0.08425
1421.52313,0.08320
1419.59433,0.08356
1417.66554,0.07897
1415.73674,0.07009
1413.80794,0.06375
1411.87915,0.06057
1409.95035,0.05827
1408.02155,0.05693
1406.09276,0.05686
1404.16396,0.05557
1402.23516,0.05396
1400.30637,0.05527
1398.37757,0.05786
1396.44877,0.05820
1394.51998,0.05472
1392.59118,0.04911
1390.66238,0.04640
1388.73359,0.04736
1386.80479,0.04702
1384.87599,0.04336
1382.94720,0.04042
1381.01840,0.03985
1379.08960,0.04048
1377.16081,0.04217
1375.23201,0.04417
1373.30321,0.04321
1371.37442,0.04003
1369.44562,0.03807
1367.51682,0.03737
1365.58803,0.03850
1363.65923,0.04148
1361.73043,0.04156
1359.80164,0.03786
1357.87284,0.03504
1355.94404,0.03423
1354.01525,0.03373
1352.08645,0.03310
1350.15765,0.03275
1348.22886,0.03243
1346.30006,0.03200
1344.37126,0.03238
1342.44247,0.03510
1340.51367,0.03923
1338.58487,0.04008
1336.65608,0.03664
1334.72728,0.03315
1332.79848,0.03161
1330.86969,0.03125
1328.94089,0.03107
1327.01209,0.03083
1325.08330,0.03069
1323.15450,0.03099
1321.22570,0.03202
1319.29691,0.03301
1317.36811,0.03288
1315.43931,0.03220
1313.51052,0.03160
1311.58172,0.03065
1309.65292,0.02967
1307.72413,0.02919
1305.79533,0.02893
1303.86653,0.02873
1301.93774,0.02866
1300.00894,0.02871
1298.08014,0.02885
1296.15135,0.02891
1294.22255,0.02887
1292.29375,0.02898
1290.36496,0.02935
1288.43616,0.02961
1286.50736,0.02939
1284.57857,0.02897
1282.64977,0.02881
1280.72097,0.02884
1278.79218,0.02881
1276.86338,0.02881
1274.93458,0.02909
1273.00579,0.02968
1271.07699,0.03016
1269.14820,0.03017
1267.21940,0.02991
1265.29060,0.02968
1263.36181,0.02968
1261.43301,0.02989
1259.50421,0.02993
1257.57542,0.02968
1255.64662,0.02951
1253.71782,0.02953
1251.78903,0.02962
1249.86023,0.02974
1247.93143,0.02991
1246.00264,0.03013
1244.07384,0.03030
1242.14504,0.03035
1240.21625,0.03036
1238.28745,0.03042
1236.35865,0.03051
1234.42986,0.03065
1232.50106,0.03082
1230.57226,0.03102
1228.64347,0.03129
1226.71467,0.03159
1224.78587,0.03187
1222.85708,0.03208
1220.92828,0.03233
1218.99948,0.03265
1217.07069,0.03301
1215.14189,0.03345
1213.21309,0.03399
1211.28430,0.03449
1209.35550,0.03495
1207.42670,0.03551
1205.49791,0.03618
1203.56911,0.03695
1201.64031,0.03786
1199.71152,0.03892
1197.78272,0.04011
1195.85392,0.04139
1193.92513,0.04281
1191.99633,0.04445
1190.06753,0.04639
1188.13874,0.04864
1186.20994,0.05110
1184.28114,0.05377
1182.35235,0.05678
1180.42355,0.06025
1178.49475,0.06415
1176.56596,0.06840
1174.63716,0.07292
1172.70836,0.07758
1170.77957,0.08237
1168.85077,0.08727
1166.92197,0.09209
1164.99318,0.09654
1163.06438,0.10038
1161.13558,0.10341
1159.20679,0.10541
1157.27799,0.10621
1155.34919,0.10576
1153.42040,0.10415
1151.49160,0.10144
1149.56280,0.09780
1147.63401,0.09346
1145.70521,0.08872
1143.77641,0.08385
1141.84762,0.07901
1139.91882,0.07436
1137.99002,0.07003
1136.06123,0.06606
1134.13243,0.06241
1132.20363,0.05913
1130.27484,0.05626
1128.34604,0.05373
1126.41724,0.05149
1124.48845,0.04954
1122.55965,0.04786
1120.63085,0.04639
1118.70206,0.04508
1116.77326,0.04392
1114.84446,0.04295
1112.91567,0.04215
1110.98687,0.04146
1109.05807,0.04085
1107.12928,0.04034
1105.20048,0.03988
1103.27168,0.03947
1101.34289,0.03917
1099.41409,0.03904
1097.48529,0.03906
1095.55650,0.03920
1093.62770,0.03941
1091.69890,0.03969
1089.77011,0.04001
1087.84131,0.04038
1085.91251,0.04077
1083.98372,0.04113
1082.05492,0.04150
1080.12612,0.04193
1078.19733,0.04242
1076.26853,0.04293
1074.33973,0.04348
1072.41094,0.04400
1070.48214,0.04442
1068.55334,0.04471
1066.62455,0.04488
1064.69575,0.04493
1062.76695,0.04485
1060.83816,0.04464
1058.90936,0.04428
1056.98056,0.04379
1055.05177,0.04323
1053.12297,0.04260
1051.19417,0.04187
1049.26538,0.04109
1047.33658,0.04032
1045.40778,0.03957
1043.47899,0.03884
1041.55019,0.03814
1039.62139,0.03748
1037.69260,0.03686
1035.76380,0.03626
1033.83500,0.03570
1031.90621,0.03518
1029.97741,0.03468
1028.04861,0.03420
1026.11982,0.03374
1024.19102,0.03332
1022.26222,0.03294
1020.33343,0.03261
1018.40463,0.03236
1016.47583,0.03218
1014.54704,0.03205
1012.61824,0.03192
1010.68944,0.03173
1008.76065,0.03138
1006.83185,0.03089
1004.90305,0.03029
1002.97426,0.02962
1001.04546,0.02898
999.11666,0.02842
997.18787,0.02797
995.25907,0.02759
993.33027,0.02726
991.40148,0.02694
989.47268,0.02662
987.54388,0.02631
985.61509,0.02598
983.68629,0.02564
981.75749,0.02532
979.82870,0.02502
977.89990,0.02473
975.97110,0.02445
974.04231,0.02419
972.11351,0.02393
970.18471,0.02365
968.25592,0.02329
966.32712,0.02289
964.39832,0.02252
962.46953,0.02216
960.54073,0.02178
958.61193,0.02140
956.68314,0.02104
954.75434,0.02068
952.82554,0.02034
950.89675,0.02002
948.96795,0.01969
947.03915,0.01932
945.11036,0.01892
943.18156,0.01854
941.25276,0.01820
939.32397,0.01786
937.39517,0.01749
935.46637,0.01710
933.53758,0.01671
931.60878,0.01629
929.67998,0.01585
927.75119,0.01542
925.82239,0.01498
923.89359,0.01455
921.96480,0.01413
920.03600,0.01369
918.10720,0.01321
916.17841,0.01273
914.24961,0.01228
912.32081,0.01188
910.39202,0.01148
908.46322,0.01105
906.53443,0.01061
904.60563,0.01019
902.67683,0.00977
900.74804,0.00936
898.81924,0.00896
896.89044,0.00859
894.96165,0.00822
893.03285,0.00781
891.10405,0.00732
889.17526,0.00680
887.24646,0.00632
885.31766,0.00585
883.38887,0.00539
881.46007,0.00495
879.53127,0.00454
877.60248,0.00418
875.67368,0.00382
873.74488,0.00344
871.81609,0.00308
869.88729,0.00276
867.95849,0.00243
866.02970,0.00208
864.10090,0.00173
862.17210,0.00143
860.24331,0.00117
858.31451,0.00097
856.38571,0.00078
854.45692,0.00056
852.52812,0.00031
850.59932,0.00011
848.67053,-0.00007
846.74173,-0.00029
844.81293,-0.00051
842.88414,-0.00065
840.95534,-0.00075
839.02654,-0.00087
837.09775,-0.00101
835.16895,-0.00113
833.24015,-0.00127
831.31136,-0.00137
829.38256,-0.00136
827.45376,-0.00134
825.52497,-0.00137
823.59617,-0.00146
821.66737,-0.00153
819.73858,-0.00147
817.80978,-0.00132
815.88098,-0.00122
813.95219,-0.00110
812.02339,-0.00089
810.09459,-0.00065
808.16580,-0.00040
806.23700,-0.00005
804.30820,0.00036
802.37941,0.00083
800.45061,0.00144
798.52181,0.00221
796.59302,0.00313
794.66422,0.00416
792.73542,0.00522
790.80663,0.00616
788.87783,0.00689
786.94903,0.00752
785.02024,0.00791
783.09144,0.00768
781.16264,0.00686
779.23385,0.00577
777.30505,0.00456
775.37625,0.00323
773.44746,0.00202
771.51866,0.00115
769.58986,0.00044
767.66107,-0.00030
765.73227,-0.00093
763.80347,-0.00129
761.87468,-0.00137
759.94588,-0.00141
758.01708,-0.00147
756.08829,-0.00137
754.15949,-0.00133
752.23069,-0.00163
750.30190,-0.00192
748.37310,-0.00160
