3496.90832,0.01956
3494.97953,0.02343
3493.05073,0.02645
3491.12193,0.02811
3489.19314,0.02957
3487.26434,0.02676
3485.33554,0.02360
3483.40675,0.02526
3481.47795,0.02712
3479.54915,0.02638
3477.62036,0.02494
3475.69156,0.02331
3473.76276,0.02277
3471.83397,0.02752
3469.90517,0.03462
3467.97637,0.03405
3466.04758,0.02745
3464.11878,0.02528
3462.18998,0.02882
3460.26119,0.03350
3458.33239,0.03866
3456.40359,0.04142
3454.47480,0.03796
3452.54600,0.03473
3450.61721,0.03679
3448.68841,0.03805
3446.75961,0.03779
3444.83082,0.03524
3442.90202,0.02539
3440.97322,0.01721
3439.04443,0.01676
3437.11563,0.01751
3435.18683,0.01735
3433.25804,0.01502
3431.32924,0.00989
3429.40044,0.00477
3427.47165,0.00328
3425.54285,0.00920
3423.61405,0.01869
3421.68526,0.02111
3419.75646,0.01443
3417.82766,0.00515
3415.89887,-0.00354
3413.97007,-0.00665
3412.04127,-0.00244
3410.11248,-0.00002
3408.18368,-0.00161
3406.25488,-0.00119
3404.32609,0.00132
3402.39729,0.00189
3400.46849,0.00034
3398.53970,0.00241
3396.61090,0.00718
3394.68210,0.00821
3392.75331,0.00941
3390.82451,0.01406
3388.89571,0.01385
3386.96692,0.00715
3385.03812,0.00502
3383.10932,0.01082
3381.18053,0.01790
3379.25173,0.02016
3377.32293,0.01684
3375.39414,0.01526
3373.46534,0.02051
3371.53654,0.02643
3369.60775,0.02791
3367.67895,0.02871
3365.75015,0.02990
3363.82136,0.02829
3361.89256,0.02662
3359.96376,0.02824
3358.03497,0.03105
3356.10617,0.03123
3354.17737,0.02730
3352.24858,0.02555
3350.31978,0.02930
3348.39098,0.03145
3346.46219,0.03364
3344.53339,0.04022
3342.60459,0.04238
3340.67580,0.03728
3338.74700,0.03114
3336.81820,0.02478
3334.88941,0.01769
3332.96061,0.01179
3331.03181,0.00990
3329.10302,0.01290
3327.17422,0.01534
3325.24542,0.01401
3323.31663,0.01202
3321.38783,0.01115
3319.45903,0.01076
3317.53024,0.01107
3315.60144,0.00918
3313.67264,0.00198
3311.74385,-0.00336
3309.81505,0.00093
3307.88625,0.01052
3305.95746,0.01535
3304.02866,0.01047
3302.09986,-0.00042
3300.17107,-0.00965
3298.24227,-0.01226
3296.31347,-0.00932
3294.38468,-0.00403
3292.45588,0.00055
3290.52708,-0.00019
3288.59829,-0.00580
3286.66949,-0.00927
3284.74069,-0.00649
3282.81190,-0.00093
3280.88310,0.00136
3278.95430,0.00105
3277.02551,0.00073
3275.09671,-0.00204
3273.16791,-0.00555
3271.23912,-0.00520
3269.31032,-0.00440
3267.38152,-0.00678
3265.45273,-0.00939
3263.52393,-0.00909
3261.59513,-0.00495
3259.66634,0.00057
3257.73754,0.00235
3255.80874,0.00209
3253.87995,0.00406
3251.95115,0.00678
3250.02235,0.00796
3248.09356,0.00780
3246.16476,0.00890
3244.23596,0.01293
3242.30717,0.01458
3240.37837,0.01057
3238.44957,0.00632
3236.52078,0.00874
3234.59198,0.01587
3232.66318,0.01876
3230.73439,0.01565
3228.80559,0.01223
3226.87679,0.01109
3224.94800,0.01379
3223.01920,0.02013
3221.09040,0.02372
3219.16161,0.02038
3217.23281,0.01597
3215.30401,0.01622
3213.37522,0.01786
3211.44642,0.01887
3209.51762,0.02157
3207.58883,0.02349
3205.66003,0.02133
3203.73123,0.01705
3201.80244,0.01326
3199.87364,0.01158
3197.94484,0.01126
3196.01605,0.01124
3194.08725,0.01355
3192.15845,0.01739
3190.22966,0.01864
3188.30086,0.01718
3186.37206,0.01615
3184.44327,0.01659
3182.51447,0.01690
3180.58567,0.01599
3178.65688,0.01439
3176.72808,0.01225
3174.79928,0.01070
3172.87049,0.01074
3170.94169,0.00988
3169.01289,0.00664
3167.08410,0.00364
3165.15530,0.00401
3163.22650,0.00856
3161.29771,0.01364
3159.36891,0.01497
3157.44011,0.01348
3155.51132,0.01180
3153.58252,0.00965
3151.65372,0.00612
3149.72493,0.00234
3147.79613,0.00056
3145.86733,0.00170
3143.93854,0.00370
3142.00974,0.00473
3140.08094,0.00540
3138.15215,0.00543
3136.22335,0.00502
3134.29455,0.00451
3132.36576,0.00298
3130.43696,0.00170
3128.50816,0.00170
3126.57937,0.00275
3124.65057,0.00495
3122.72177,0.00596
3120.79298,0.00375
3118.86418,0.00126
3116.93538,0.00175
3115.00659,0.00326
3113.07779,0.00288
3111.14899,0.00182
3109.22020,0.00148
3107.29140,0.00106
3105.36260,0.00101
3103.43381,0.00201
3101.50501,0.00242
3099.57621,0.00145
3097.64742,0.00042
3095.71862,0.00011
3093.78982,0.00019
3091.86103,0.00023
3089.93223,0.00044
3088.00344,0.00068
3086.07464,0.00085
3084.14584,0.00158
3082.21705,0.00238
3080.28825,0.00213
3078.35945,0.00147
3076.43066,0.00155
3074.50186,0.00214
3072.57306,0.00261
3070.64427,0.00260
3068.71547,0.00194
3066.78667,0.00139
3064.85788,0.00127
3062.92908,0.00104
3061.00028,0.00100
3059.07149,0.00170
3057.14269,0.00284
3055.21389,0.00373
3053.28510,0.00400
3051.35630,0.00369
3049.42750,0.00312
3047.49871,0.00257
3045.56991,0.00218
3043.64111,0.00221
3041.71232,0.00259
3039.78352,0.00268
3037.85472,0.00281
3035.92593,0.00380
3033.99713,0.00483
3032.06833,0.00484
3030.13954,0.00465
3028.21074,0.00502
3026.28194,0.00501
3024.35315,0.00423
3022.42435,0.00331
3020.49555,0.00240
3018.56676,0.00217
3016.63796,0.00313
3014.70916,0.00420
3012.78037,0.00468
3010.85157,0.00478
3008.92277,0.00449
3006.99398,0.00417
3005.06518,0.00426
3003.13638,0.00434
3001.20759,0.00414
2999.27879,0.00448
2997.34999,0.00573
2995.42120,0.00635
2993.49240,0.00539
2991.56360,0.00443
2989.63481,0.00467
2987.70601,0.00526
2985.77721,0.00546
2983.84842,0.00546
2981.91962,0.00542
2979.99082,0.00538
2978.06203,0.00538
2976.13323,0.00523
2974.20443,0.00512
2972.27564,0.00552
2970.34684,0.00600
2968.41804,0.00593
2966.48925,0.00541
2964.56045,0.00498
2962.63165,0.00490
2960.70286,0.00496
2958.77406,0.00523
2956.84526,0.00588
2954.91647,0.00640
2952.98767,0.00646
2951.05887,0.00647
2949.13008,0.00685
2947.20128,0.00759
2945.27248,0.00798
2943.34369,0.00734
2941.41489,0.00635
2939.48609,0.00616
2937.55730,0.00666
2935.62850,0.00711
2933.69970,0.00727
2931.77091,0.00743
2929.84211,0.00742
2927.91331,0.00708
2925.98452,0.00715
2924.05572,0.00762
2922.12692,0.00752
2920.19813,0.00723
2918.26933,0.00768
2916.34053,0.00864
2914.41174,0.00921
2912.48294,0.00900
2910.55414,0.00842
2908.62535,0.00793
2906.69655,0.00747
2904.76775,0.00713
2902.83896,0.00718
2900.91016,0.00733
2898.98136,0.00730
2897.05257,0.00741
2895.12377,0.00787
2893.19497,0.00837
2891.26618,0.00861
2889.33738,0.00878
2887.40858,0.00888
2885.47979,0.00872
2883.55099,0.00856
2881.62219,0.00872
2879.69340,0.00901
2877.76460,0.00902
2875.83580,0.00902
2873.90701,0.00942
2871.97821,0.00964
2870.04941,0.00926
2868.12062,0.00872
2866.19182,0.00847
2864.26302,0.00880
2862.33423,0.00952
2860.40543,0.00995
2858.47663,0.00990
2856.54784,0.00991
2854.61904,0.01020
2852.69024,0.01047
2850.76145,0.01048
2848.83265,0.01039
2846.90385,0.01048
2844.97506,0.01066
2843.04626,0.01087
2841.11746,0.01125
2839.18867,0.01175
2837.25987,0.01208
2835.33107,0.01220
2833.40228,0.01206
2831.47348,0.01169
2829.54468,0.01164
2827.61589,0.01189
2825.68709,0.01192
2823.75829,0.01177
2821.82950,0.01172
2819.90070,0.01179
2817.97190,0.01181
2816.04311,0.01171
2814.11431,0.01161
2812.18551,0.01142
2810.25672,0.01117
2808.32792,0.01112
2806.39912,0.01137
2804.47033,0.01168
2802.54153,0.01176
2800.61273,0.01160
2798.68394,0.01149
2796.75514,0.01155
2794.82634,0.01160
2792.89755,0.01152
2790.96875,0.01131
2789.03995,0.01088
2787.11116,0.01039
2785.18236,0.01021
2783.25356,0.01034
2781.32477,0.01056
2779.39597,0.01057
2777.46717,0.01036
2775.53838,0.01020
2773.60958,0.01023
2771.68078,0.01018
2769.75199,0.00991
2767.82319,0.00968
2765.89439,0.00970
2763.96560,0.00981
2762.03680,0.00978
2760.10800,0.00959
2758.17921,0.00943
2756.25041,0.00943
2754.32161,0.00958
2752.39282,0.00972
2750.46402,0.00969
2748.53522,0.00961
2746.60643,0.00965
2744.67763,0.00981
2742.74883,0.00994
2740.82004,0.00999
2738.89124,0.01008
2736.96244,0.01018
2735.03365,0.01012
2733.10485,0.00988
2731.17605,0.00954
2729.24726,0.00936
2727.31846,0.00942
2725.38967,0.00950
2723.46087,0.00949
2721.53207,0.00956
2719.60328,0.00962
2717.67448,0.00957
2715.74568,0.00952
2713.81689,0.00947
2711.88809,0.00944
2709.95929,0.00948
2708.03050,0.00951
2706.10170,0.00954
2704.17290,0.00960
2702.24411,0.00963
2700.31531,0.00958
2698.38651,0.00949
2696.45772,0.00947
2694.52892,0.00946
2692.60012,0.00936
2690.67133,0.00949
2688.74253,0.00990
2686.81373,0.01011
2684.88494,0.01000
2682.95614,0.00969
2681.02734,0.00932
2679.09855,0.00912
2677.16975,0.00916
2675.24095,0.00925
2673.31216,0.00929
2671.38336,0.00931
2669.45456,0.00934
2667.52577,0.00941
2665.59697,0.00945
2663.66817,0.00933
2661.73938,0.00909
2659.81058,0.00900
2657.88178,0.00916
2655.95299,0.00932
2654.02419,0.00934
2652.09539,0.00935
2650.16660,0.00943
2648.23780,0.00953
2646.30900,0.00956
2644.38021,0.00962
2642.45141,0.00975
2640.52261,0.00974
2638.59382,0.00962
2636.66502,0.00961
2634.73622,0.00974
2632.80743,0.01000
2630.87863,0.01022
2628.94983,0.01014
2627.02104,0.01012
2625.09224,0.01050
2623.16344,0.01080
2621.23465,0.01070
2619.30585,0.01060
2617.37705,0.01080
2615.44826,0.01123
2613.51946,0.01170
2611.59066,0.01194
2609.66187,0.01200
2607.73307,0.01209
2605.80427,0.01205
2603.87548,0.01190
2601.94668,0.01202
2600.01788,0.01230
2598.08909,0.01254
2596.16029,0.01276
2594.23149,0.01283
2592.30270,0.01269
2590.37390,0.01251
2588.44510,0.01234
2586.51631,0.01218
2584.58751,0.01220
2582.65871,0.01244
2580.72992,0.01254
2578.80112,0.01235
2576.87232,0.01216
2574.94353,0.01208
2573.01473,0.01175
2571.08593,0.01116
2569.15714,0.01088
2567.22834,0.01116
2565.29954,0.01159
2563.37075,0.01158
2561.44195,0.01118
2559.51315,0.01096
2557.58436,0.01106
2555.65556,0.01125
2553.72676,0.01152
2551.79797,0.01208
2549.86917,0.01262
2547.94037,0.01286
2546.01158,0.01280
2544.08278,0.01249
2542.15398,0.01231
2540.22519,0.01229
2538.29639,0.01212
2536.36759,0.01189
2534.43880,0.01184
2532.51000,0.01209
2530.58120,0.01238
2528.65241,0.01221
2526.72361,0.01169
2524.79481,0.01126
2522.86602,0.01096
2520.93722,0.01077
2519.00842,0.01090
2517.07963,0.01125
2515.15083,0.01154
2513.22203,0.01187
2511.29324,0.01223
2509.36444,0.01231
2507.43564,0.01201
2505.50685,0.01166
2503.57805,0.01145
2501.64925,0.01134
2499.72046,0.01120
2497.79166,0.01106
2495.86286,0.01107
2493.93407,0.01117
2492.00527,0.01146
2490.07647,0.01194
2488.14768,0.01204
2486.21888,0.01161
2484.29008,0.01111
2482.36129,0.01084
2480.43249,0.01083
2478.50369,0.01099
2476.57490,0.01099
2474.64610,0.01072
2472.71730,0.01064
2470.78851,0.01083
2468.85971,0.01085
2466.93091,0.01081
2465.00212,0.01084
2463.07332,0.01050
2461.14452,0.00999
2459.21573,0.01023
2457.28693,0.01096
2455.35813,0.01133
2453.42934,0.01130
2451.50054,0.01117
2449.57174,0.01100
2447.64295,0.01083
2445.71415,0.01061
2443.78535,0.01032
2441.85656,0.01021
2439.92776,0.01032
2437.99896,0.01046
2436.07017,0.01039
2434.14137,0.01016
2432.21257,0.01001
2430.28378,0.00999
2428.35498,0.00994
2426.42618,0.00973
2424.49739,0.00934
2422.56859,0.00885
2420.63979,0.00841
2418.71100,0.00820
2416.78220,0.00825
2414.85340,0.00839
2412.92461,0.00842
2410.99581,0.00839
2409.06701,0.00828
2407.13822,0.00793
2405.20942,0.00754
2403.28062,0.00749
2401.35183,0.00768
2399.42303,0.00770
2397.49423,0.00738
2395.56544,0.00698
2393.63664,0.00684
2391.70784,0.00681
2389.77905,0.00671
2387.85025,0.00700
2385.92145,0.00823
2383.99266,0.01051
2382.06386,0.01373
2380.13506,0.01771
2378.20627,0.02218
2376.27747,0.02683
2374.34867,0.03160
2372.41988,0.03663
2370.49108,0.04158
2368.56228,0.04578
2366.63349,0.04912
2364.70469,0.05241
2362.77589,0.05588
2360.84710,0.05797
2358.91830,0.05700
2356.98951,0.05310
2355.06071,0.04766
2353.13191,0.04145
2351.20312,0.03542
2349.27432,0.03208
2347.34552,0.03318
2345.41673,0.03737
2343.48793,0.04020
2341.55913,0.04017
2339.63034,0.03931
2337.70154,0.03830
2335.77274,0.03735
2333.84395,0.03714
2331.91515,0.03732
2329.98635,0.03664
2328.05756,0.03505
2326.12876,0.03381
2324.19996,0.03330
2322.27117,0.03253
2320.34237,0.03074
2318.41357,0.02839
2316.48478,0.02634
2314.55598,0.02511
2312.62718,0.02454
2310.69839,0.02378
2308.76959,0.02224
2306.84079,0.02000
2304.91200,0.01777
2302.98320,0.01635
2301.05440,0.01572
2299.12561,0.01512
2297.19681,0.01418
2295.26801,0.01329
2293.33922,0.01271
2291.41042,0.01203
2289.48162,0.01118
2287.55283,0.01059
2285.62403,0.01029
2283.69523,0.01019
2281.76644,0.01053
2279.83764,0.01124
2277.90884,0.01198
2275.98005,0.01274
2274.05125,0.01340
2272.12245,0.01357
2270.19366,0.01363
2268.26486,0.01447
2266.33606,0.01555
2264.40727,0.01550
2262.47847,0.01463
2260.54967,0.01465
2258.62088,0.01626
2256.69208,0.01814
2254.76328,0.01885
2252.83449,0.01866
2250.90569,0.01801
2248.97689,0.01726
2247.04810,0.01739
2245.11930,0.01848
2243.19050,0.01946
2241.26171,0.01945
2239.33291,0.01941
2237.40411,0.02065
2235.47532,0.02199
2233.54652,0.02210
2231.61772,0.02184
2229.68893,0.02210
2227.76013,0.02284
2225.83133,0.02374
2223.90254,0.02431
2221.97374,0.02415
2220.04494,0.02392
2218.11615,0.02394
2216.18735,0.02398
2214.25855,0.02482
2212.32976,0.02617
2210.40096,0.02693
2208.47216,0.02751
2206.54337,0.02810
2204.61457,0.02838
2202.68577,0.02867
2200.75698,0.02928
2198.82818,0.03026
2196.89938,0.03132
2194.97059,0.03176
2193.04179,0.03137
2191.11299,0.03105
2189.18420,0.03127
2187.25540,0.03213
2185.32660,0.03411
2183.39781,0.03684
2181.46901,0.03921
2179.54021,0.04011
2177.61142,0.03915
2175.68262,0.03761
2173.75382,0.03656
2171.82503,0.03605
2169.89623,0.03689
2167.96743,0.03949
2166.03864,0.04250
2164.10984,0.04473
2162.18104,0.04720
2160.25225,0.05126
2158.32345,0.05321
2156.39465,0.04898
2154.46586,0.04152
2152.53706,0.03470
2150.60826,0.03056
2148.67947,0.02812
2146.75067,0.02496
2144.82187,0.02194
2142.89308,0.02018
2140.96428,0.01884
2139.03548,0.01749
2137.10669,0.01593
2135.17789,0.01426
2133.24909,0.01286
2131.32030,0.01165
2129.39150,0.01026
2127.46270,0.00870
2125.53391,0.00761
2123.60511,0.00717
2121.67631,0.00689
2119.74752,0.00660
2117.81872,0.00656
2115.88992,0.00695
2113.96113,0.00750
2112.03233,0.00782
2110.10353,0.00781
2108.17474,0.00764
2106.24594,0.00766
2104.31714,0.00827
2102.38835,0.00910
2100.45955,0.00892
2098.53075,0.00752
2096.60196,0.00657
2094.67316,0.00688
2092.74436,0.00731
2090.81557,0.00711
2088.88677,0.00657
2086.95797,0.00612
2085.02918,0.00612
2083.10038,0.00624
2081.17158,0.00637
2079.24279,0.00706
2077.31399,0.00825
2075.38519,0.00924
2073.45640,0.00983
2071.52760,0.00991
2069.59880,0.00945
2067.67001,0.00943
2065.74121,0.01035
2063.81241,0.01101
2061.88362,0.01087
2059.95482,0.01115
2058.02602,0.01190
2056.09723,0.01176
2054.16843,0.01128
2052.23963,0.01187
2050.31084,0.01357
2048.38204,0.01571
2046.45324,0.01716
2044.52445,0.01784
2042.59565,0.01853
2040.66685,0.01927
2038.73806,0.02022
2036.80926,0.02116
2034.88046,0.02174
2032.95167,0.02267
2031.02287,0.02315
2029.09407,0.02203
2027.16528,0.02087
2025.23648,0.02041
2023.30768,0.01963
2021.37889,0.01907
2019.45009,0.02032
2017.52129,0.02238
2015.59250,0.02234
2013.66370,0.01953
2011.73490,0.01701
2009.80611,0.01779
2007.87731,0.01926
2005.94851,0.01793
2004.01972,0.01536
2002.09092,0.01376
2000.16212,0.01325
1998.23333,0.01344
1996.30453,0.01465
1994.37574,0.01618
1992.44694,0.01611
1990.51814,0.01444
1988.58935,0.01314
1986.66055,0.01294
1984.73175,0.01312
1982.80296,0.01349
1980.87416,0.01385
1978.94536,0.01329
1977.01657,0.01243
1975.08777,0.01218
1973.15897,0.01193
1971.23018,0.01221
1969.30138,0.01318
1967.37258,0.01318
1965.44379,0.01195
1963.51499,0.01048
1961.58619,0.00884
1959.65740,0.00754
1957.72860,0.00719
1955.79980,0.00679
1953.87101,0.00608
1951.94221,0.00574
1950.01341,0.00574
1948.08462,0.00592
1946.15582,0.00673
1944.22702,0.00811
1942.29823,0.00787
1940.36943,0.00524
1938.44063,0.00291
1936.51184,0.00196
1934.58304,0.00162
1932.65424,0.00154
1930.72545,0.00156
1928.79665,0.00147
1926.86785,0.00183
1924.93906,0.00337
1923.01026,0.00473
1921.08146,0.00485
1919.15267,0.00467
1917.22387,0.00357
1915.29507,0.00146
1913.36628,0.00064
1911.43748,0.00168
1909.50868,0.00269
1907.57989,0.00219
1905.65109,0.00097
1903.72229,0.00010
1901.79350,-0.00053
1899.86470,-0.00081
1897.93590,-0.00031
1896.00711,0.00040
1894.07831,0.00045
1892.14951,0.00104
1890.22072,0.00238
1888.29192,0.00180
1886.36312,-0.00013
1884.43433,-0.00106
1882.50553,-0.00131
1880.57673,-0.00143
1878.64794,-0.00149
1876.71914,-0.00154
1874.79034,-0.00136
1872.86155,0.00044
1870.93275,0.00496
1869.00395,0.00875
1867.07516,0.00684
1865.14636,0.00235
1863.21756,-0.00005
1861.28877,-0.00053
1859.35997,-0.00069
1857.43117,-0.00118
1855.50238,-0.00188
1853.57358,-0.00231
1851.64478,-0.00184
1849.71599,0.00015
1847.78719,0.00344
1845.85839,0.00704
1843.92960,0.00742
1842.00080,0.00336
1840.07200,0.00003
1838.14321,-0.00069
1836.21441,-0.00079
1834.28561,-0.00034
1832.35682,0.00279
1830.42802,0.00674
1828.49922,0.00707
1826.57043,0.00566
1824.64163,0.00422
1822.71283,0.00161
1820.78404,-0.00048
1818.85524,-0.00089
1816.92644,-0.00091
1814.99765,-0.00051
1813.06885,0.00149
1811.14005,0.00340
1809.21126,0.00278
1807.28246,0.00092
1805.35366,0.00067
1803.42487,0.00307
1801.49607,0.00591
1799.56727,0.00598
1797.63848,0.00476
1795.70968,0.00578
1793.78088,0.00917
1791.85209,0.00992
1789.92329,0.00521
1787.99449,0.00117
1786.06570,0.00081
1784.13690,0.00196
1782.20810,0.00322
1780.27931,0.00378
1778.35051,0.00339
1776.42171,0.00480
1774.49292,0.00979
1772.56412,0.01458
1770.63532,0.01336
1768.70653,0.00846
1766.77773,0.00401
1764.84893,0.00269
1762.92014,0.00468
1760.99134,0.00594
1759.06254,0.00546
1757.13375,0.00490
1755.20495,0.00425
1753.27615,0.00648
1751.34736,0.01281
1749.41856,0.01677
1747.48976,0.01460
1745.56097,0.01124
1743.63217,0.00965
1741.70337,0.00929
1739.77458,0.00861
1737.84578,0.00851
1735.91698,0.01257
1733.98819,0.01778
1732.05939,0.01495
1730.13059,0.00829
1728.20180,0.00285
1726.27300,0.00050
1724.34420,0.00133
1722.41541,0.00375
1720.48661,0.00966
1718.55781,0.02034
1716.62902,0.02609
1714.70022,0.02036
1712.77142,0.01316
1710.84263,0.01068
1708.91383,0.01363
1706.98503,0.02037
1705.05624,0.02655
1703.12744,0.03184
1701.19864,0.04130
1699.26985,0.05145
1697.34105,0.05555
1695.41225,0.05582
1693.48346,0.05608
1691.55466,0.06216
1689.62586,0.07488
1687.69707,0.09028
1685.76827,0.11052
1683.83947,0.13361
1681.91068,0.14333
1679.98188,0.14786
1678.05308,0.15716
1676.12429,0.17226
1674.19549,0.18880
1672.26669,0.20276
1670.33790,0.21624
1668.40910,0.22411
1666.48030,0.22587
1664.55151,0.23041
1662.62271,0.23655
1660.69391,0.23785
1658.76512,0.23808
1656.83632,0.24369
1654.90752,0.25637
1652.97873,0.26456
1651.04993,0.25899
1649.12113,0.25931
1647.19234,0.26539
1645.26354,0.26532
1643.33474,0.26402
1641.40595,0.27049
1639.47715,0.28517
1637.54835,0.30749
1635.61956,0.33187
1633.69076,0.34478
1631.76197,0.35381
1629.83317,0.36869
1627.90437,0.38650
1625.97558,0.40134
1624.04678,0.41206
1622.11798,0.41625
1620.18919,0.41650
1618.26039,0.41828
1616.33159,0.41656
1614.40280,0.40913
1612.47400,0.40481
1610.54520,0.40596
1608.61641,0.41005
1606.68761,0.41513
1604.75881,0.42216
1602.83002,0.43129
1600.90122,0.44049
1598.97242,0.44883
1597.04363,0.45619
1595.11483,0.46084
1593.18603,0.46059
1591.25724,0.45554
1589.32844,0.44623
1587.39964,0.43321
1585.47085,0.41733
1583.54205,0.39908
1581.61325,0.38021
1579.68446,0.36448
1577.75566,0.34991
1575.82686,0.32621
1573.89807,0.30097
1571.96927,0.28475
1570.04047,0.26934
1568.11168,0.24964
1566.18288,0.23199
1564.25408,0.21920
1562.32529,0.21419
1560.39649,0.21745
1558.46769,0.20985
1556.53890,0.18699
1554.61010,0.16948
1552.68130,0.15759
1550.75251,0.14902
1548.82371,0.14160
1546.89491,0.13829
1544.96612,0.14166
1543.03732,0.14824
1541.10852,0.15030
1539.17973,0.13651
1537.25093,0.12089
1535.32213,0.11546
1533.39334,0.11282
1531.46454,0.10664
1529.53574,0.10322
1527.60695,0.10493
1525.67815,0.10747
1523.74935,0.11018
1521.82056,0.11180
1519.89176,0.10855
1517.96296,0.10406
1516.03417,0.09818
1514.10537,0.09171
1512.17657,0.09106
1510.24778,0.09912
1508.31898,0.11171
1506.39018,0.10902
1504.46139,0.09236
1502.53259,0.08484
1500.60379,0.08680
1498.67500,0.09317
1496.74620,0.09704
1494.81740,0.09707
1492.88861,0.10147
1490.95981,0.11409
1489.03101,0.12649
1487.10222,0.12996
1485.17342,0.13207
1483.24462,0.13934
1481.31583,0.15107
1479.38703,0.16467
1477.45823,0.18104
1475.52944,0.20119
1473.60064,0.22081
1471.67184,0.23104
1469.74305,0.23311
1467.81425,0.23763
1465.88545,0.24624
1463.95666,0.25152
1462.02786,0.25324
1460.09906,0.25872
1458.17027,0.26526
1456.24147,0.25577
1454.31267,0.23622
1452.38388,0.22062
1450.45508,0.20853
1448.52628,0.19644
1446.59749,0.18139
1444.66869,0.16601
1442.73989,0.15300
1440.81110,0.14338
1438.88230,0.13778
1436.95350,0.13146
1435.02471,0.12003
1433.09591,0.10982
1431.16711,0.10295
1429.23832,0.09584
1427.30952,0.08916
1425.38072,0.08535
1423.45193,0.08297
1421.52313,0.08202
1419.59433,0.08248
1417.66554,0.07778
1415.73674,0.06863
1413.80794,0.06210
1411.87915,0.05879
1409.95035,0.05638
1408.02155,0.05497
1406.09276,0.05487
1404.16396,0.05355
1402.23516,0.05190
1400.30637,0.05324
1398.37757,0.05588
1396.44877,0.05623
1394.51998,0.05274
1392.59118,0.04710
1390.66238,0.04440
1388.73359,0.04548
1386.80479,0.04525
1384.87599,0.04161
1382.94720,0.03868
1381.01840,0.03814
1379.08960,0.03882
1377.16081,0.04057
1375.23201,0.04266
1373.30321,0.04168
1371.37442,0.03840
1369.44562,0.03636
1367.51682,0.03558
1365.58803,0.03669
1363.65923,0.03966
1361.73043,0.03963
1359.80164,0.03574
1357.87284,0.03278
1355.94404,0.03190
1354.01525,0.03137
1352.08645,0.03071
1350.15765,0.03034
1348.22886,0.03002
1346.30006,0.02964
1344.37126,0.03008
1342.44247,0.03291
1340.51367,0.03718
1338.58487,0.03812
1336.65608,0.03469
1334.72728,0.03123
1332.79848,0.02976
1330.86969,0.02948
1328.94089,0.02935
1327.01209,0.02912
1325.08330,0.02899
1323.15450,0.02929
1321.22570,0.03030
1319.29691,0.03126
1317.36811,0.03107
1315.43931,0.03028
1313.51052,0.02955
1311.58172,0.02848
1309.65292,0.02741
1307.72413,0.02685
1305.79533,0.02651
1303.86653,0.02626
1301.93774,0.02619
1300.00894,0.02628
1298.08014,0.02651
1296.15135,0.02666
1294.22255,0.02666
1292.29375,0.02682
1290.36496,0.02727
1288.43616,0.02762
1286.50736,0.02747
1284.57857,0.02710
1282.64977,0.02699
1280.72097,0.02707
1278.79218,0.02710
1276.86338,0.02717
1274.93458,0.02746
1273.00579,0.02801
1271.07699,0.02841
1269.14820,0.02835
1267.21940,0.02801
1265.29060,0.02771
1263.36181,0.02762
1261.43301,0.02773
1259.50421,0.02770
1257.57542,0.02741
1255.64662,0.02723
1253.71782,0.02725
1251.78903,0.02735
1249.86023,0.02749
1247.93143,0.02771
1246.00264,0.02800
1244.07384,0.02827
1242.14504,0.02843
1240.21625,0.02854
1238.28745,0.02867
1236.35865,0.02884
1234.42986,0.02905
1232.50106,0.02928
1230.57226,0.02953
1228.64347,0.02982
1226.71467,0.03015
1224.78587,0.03041
1222.85708,0.03055
1220.92828,0.03070
1218.99948,0.03090
1217.07069,0.03112
1215.14189,0.03143
1213.21309,0.03182
1211.28430,0.03221
1209.35550,0.03261
1207.42670,0.03313
1205.49791,0.03379
1203.56911,0.03457
1201.64031,0.03551
1199.71152,0.03662
1197.78272,0.03786
1195.85392,0.03921
1193.92513,0.04072
1191.99633,0.04246
1190.06753,0.04451
1188.13874,0.04686
1186.20994,0.04938
1184.28114,0.05209
1182.35235,0.05515
1180.42355,0.05866
1178.49475,0.06259
1176.56596,0.06686
1174.63716,0.07138
1172.70836,0.07600
1170.77957,0.08069
1168.85077,0.08546
1166.92197,0.09016
1164.99318,0.09453
1163.06438,0.09831
1161.13558,0.10129
1159.20679,0.10326
1157.27799,0.10405
1155.34919,0.10361
1153.42040,0.10201
1151.49160,0.09935
1149.56280,0.09576
1147.63401,0.09149
1145.70521,0.08682
1143.77641,0.08200
1141.84762,0.07723
1139.91882,0.07269
1137.99002,0.06847
1136.06123,0.06455
1134.13243,0.06092
1132.20363,0.05764
1130.27484,0.05478
1128.34604,0.05225
1126.41724,0.04996
1124.48845,0.04789
1122.55965,0.04607
1120.63085,0.04449
1118.70206,0.04309
1116.77326,0.04187
1114.84446,0.04081
1112.91567,0.03992
1110.98687,0.03916
1109.05807,0.03854
1107.12928,0.03803
1105.20048,0.03758
1103.27168,0.03721
1101.34289,0.03700
1099.41409,0.03696
1097.48529,0.03706
1095.55650,0.03725
1093.62770,0.03755
1091.69890,0.03793
1089.77011,0.03835
1087.84131,0.03882
1085.91251,0.03928
1083.98372,0.03972
1082.05492,0.04016
1080.12612,0.04059
1078.19733,0.04100
1076.26853,0.04142
1074.33973,0.04189
1072.41094,0.04233
1070.48214,0.04266
1068.55334,0.04284
1066.62455,0.04291
1064.69575,0.04287
1062.76695,0.04271
1060.83816,0.04247
1058.90936,0.04215
1056.98056,0.04173
1055.05177,0.04122
1053.12297,0.04064
1051.19417,0.03997
1049.26538,0.03925
1047.33658,0.03855
1045.40778,0.03789
1043.47899,0.03722
1041.55019,0.03657
1039.62139,0.03597
1037.69260,0.03540
1035.76380,0.03483
1033.83500,0.03427
1031.90621,0.03371
1029.97741,0.03317
1028.04861,0.03266
1026.11982,0.03214
1024.19102,0.03162
1022.26222,0.03113
1020.33343,0.03069
1018.40463,0.03034
1016.47583,0.03006
1014.54704,0.02982
1012.61824,0.02962
1010.68944,0.02940
1008.76065,0.02905
1006.83185,0.02858
1004.90305,0.02803
1002.97426,0.02742
1001.04546,0.02684
999.11666,0.02634
997.18787,0.02596
995.25907,0.02566
993.33027,0.02540
991.40148,0.02512
989.47268,0.02485
987.54388,0.02460
985.61509,0.02430
983.68629,0.02395
981.75749,0.02359
979.82870,0.02325
977.89990,0.02293
975.97110,0.02259
974.04231,0.02223
972.11351,0.02189
970.18471,0.02154
968.25592,0.02113
966.32712,0.02068
964.39832,0.02026
962.46953,0.01988
960.54073,0.01951
958.61193,0.01915
956.68314,0.01882
954.75434,0.01854
952.82554,0.01832
950.89675,0.01812
948.96795,0.01788
947.03915,0.01757
945.11036,0.01727
943.18156,0.01701
941.25276,0.01674
939.32397,0.01643
937.39517,0.01610
935.46637,0.01574
933.53758,0.01533
931.60878,0.01486
929.67998,0.01436
927.75119,0.01383
925.82239,0.01330
923.89359,0.01275
921.96480,0.01219
920.03600,0.01160
918.10720,0.01103
916.17841,0.01049
914.24961,0.01004
912.32081,0.00966
910.39202,0.00926
908.46322,0.00884
906.53443,0.00842
904.60563,0.00803
902.67683,0.00767
900.74804,0.00735
898.81924,0.00703
896.89044,0.00673
894.96165,0.00644
893.03285,0.00607
891.10405,0.00562
889.17526,0.00517
887.24646,0.00474
885.31766,0.00426
883.38887,0.00374
881.46007,0.00320
879.53127,0.00267
877.60248,0.00216
875.67368,0.00169
873.74488,0.00123
871.81609,0.00080
869.88729,0.00042
867.95849,0.00008
866.02970,-0.00024
864.10090,-0.00055
862.17210,-0.00084
860.24331,-0.00106
858.31451,-0.00121
856.38571,-0.00134
854.45692,-0.00150
852.52812,-0.00165
850.59932,-0.00170
848.67053,-0.00169
846.74173,-0.00176
844.81293,-0.00190
842.88414,-0.00196
840.95534,-0.00194
839.02654,-0.00197
837.09775,-0.00205
835.16895,-0.00215
833.24015,-0.00231
831.31136,-0.00249
829.38256,-0.00263
827.45376,-0.00272
825.52497,-0.00284
823.59617,-0.00306
821.66737,-0.00331
819.73858,-0.00336
817.80978,-0.00322
815.88098,-0.00308
813.95219,-0.00293
812.02339,-0.00273
810.09459,-0.00246
808.16580,-0.00212
806.23700,-0.00165
804.30820,-0.00113
802.37941,-0.00065
800.45061,-0.00001
798.52181,0.00092
796.59302,0.00195
794.66422,0.00303
792.73542,0.00411
790.80663,0.00505
788.87783,0.00590
786.94903,0.00670
785.02024,0.00693
783.09144,0.00627
781.16264,0.00512
779.23385,0.00402
777.30505,0.00294
775.37625,0.00167
773.44746,0.00041
771.51866,-0.00055
769.58986,-0.00138
767.66107,-0.00226
765.73227,-0.00295
763.80347,-0.00315
761.87468,-0.00299
759.94588,-0.00301
758.01708,-0.00332
756.08829,-0.00348
754.15949,-0.00334
752.23069,-0.00311
750.30190,-0.00285
748.37310,-0.00235
