3496.90832,0.02564
3494.97953,0.02585
3493.05073,0.02502
3491.12193,0.02495
3489.19314,0.02856
3487.26434,0.03340
3485.33554,0.03505
3483.40675,0.03510
3481.47795,0.03606
3479.54915,0.03320
3477.62036,0.02618
3475.69156,0.02444
3473.76276,0.02955
3471.83397,0.03410
3469.90517,0.03578
3467.97637,0.03632
3466.04758,0.03737
3464.11878,0.03570
3462.18998,0.02919
3460.26119,0.02942
3458.33239,0.04100
3456.40359,0.04930
3454.47480,0.04460
3452.54600,0.03454
3450.61721,0.02745
3448.68841,0.02481
3446.75961,0.02816
3444.83082,0.03169
3442.90202,0.02537
3440.97322,0.01694
3439.04443,0.01430
3437.11563,0.01128
3435.18683,0.00853
3433.25804,0.00928
3431.32924,0.00899
3429.40044,0.00586
3427.47165,0.00639
3425.54285,0.01282
3423.61405,0.01586
3421.68526,0.01059
3419.75646,0.00299
3417.82766,-0.00179
3415.89887,-0.00300
3413.97007,-0.00249
3412.04127,-0.00292
3410.11248,-0.00189
3408.18368,0.00551
3406.25488,0.01367
3404.32609,0.01369
3402.39729,0.00755
3400.46849,0.00051
3398.53970,-0.00314
3396.61090,-0.00121
3394.68210,0.00350
3392.75331,0.00885
3390.82451,0.01484
3388.89571,0.01790
3386.96692,0.01412
3385.03812,0.00872
3383.10932,0.00764
3381.18053,0.01009
3379.25173,0.01369
3377.32293,0.01622
3375.39414,0.01746
3373.46534,0.02058
3371.53654,0.02928
3369.60775,0.04203
3367.67895,0.04955
3365.75015,0.04473
3363.82136,0.03198
3361.89256,0.02360
3359.96376,0.02625
3358.03497,0.03558
3356.10617,0.04302
3354.17737,0.04368
3352.24858,0.03692
3350.31978,0.02513
3348.39098,0.01675
3346.46219,0.02128
3344.53339,0.03768
3342.60459,0.05387
3340.67580,0.05697
3338.74700,0.04651
3336.81820,0.03470
3334.88941,0.02847
3332.96061,0.02385
3331.03181,0.01958
3329.10302,0.02134
3327.17422,0.02710
3325.24542,0.02751
3323.31663,0.02515
3321.38783,0.02696
3319.45903,0.02678
3317.53024,0.02152
3315.60144,0.01606
3313.67264,0.00918
3311.74385,0.00156
3309.81505,0.00069
3307.88625,0.00710
3305.95746,0.01233
3304.02866,0.01161
3302.09986,0.00403
3300.17107,-0.01068
3298.24227,-0.02115
3296.31347,-0.01892
3294.38468,-0.01014
3292.45588,-0.00064
3290.52708,0.00396
3288.59829,-0.00189
3286.66949,-0.01224
3284.74069,-0.01520
3282.81190,-0.00819
3280.88310,-0.00180
3278.95430,-0.00186
3277.02551,-0.00389
3275.09671,-0.00789
3273.16791,-0.01162
3271.23912,-0.00918
3269.31032,-0.00676
3267.38152,-0.01167
3265.45273,-0.01727
3263.52393,-0.01535
3261.59513,-0.00755
3259.66634,0.00196
3257.73754,0.00888
3255.80874,0.01018
3253.87995,0.00996
3251.95115,0.00994
3250.02235,0.00666
3248.09356,0.00317
3246.16476,0.00489
3244.23596,0.00886
3242.30717,0.00775
3240.37837,0.00124
3238.44957,-0.00367
3236.52078,0.00082
3234.59198,0.01109
3232.66318,0.01256
3230.73439,0.00510
3228.80559,0.00308
3226.87679,0.00772
3224.94800,0.01294
3223.01920,0.01903
3221.09040,0.02097
3219.16161,0.01639
3217.23281,0.01496
3215.30401,0.01895
3213.37522,0.02150
3211.44642,0.02083
3209.51762,0.01907
3207.58883,0.01793
3205.66003,0.01801
3203.73123,0.01861
3201.80244,0.01855
3199.87364,0.01960
3197.94484,0.02123
3196.01605,0.01924
3194.08725,0.01706
3192.15845,0.01942
3190.22966,0.02153
3188.30086,0.01899
3186.37206,0.01465
3184.44327,0.01252
3182.51447,0.01376
3180.58567,0.01629
3178.65688,0.01762
3176.72808,0.01769
3174.79928,0.01805
3172.87049,0.01841
3170.94169,0.01596
3169.01289,0.01152
3167.08410,0.00880
3165.15530,0.00815
3163.22650,0.00803
3161.29771,0.00764
3159.36891,0.00844
3157.44011,0.01181
3155.51132,0.01447
3153.58252,0.01301
3151.65372,0.00827
3149.72493,0.00231
3147.79613,-0.00196
3145.86733,-0.00238
3143.93854,-0.00117
3142.00974,0.00114
3140.08094,0.00556
3138.15215,0.00726
3136.22335,0.00420
3134.29455,0.00194
3132.36576,0.00302
3130.43696,0.00481
3128.50816,0.00528
3126.57937,0.00512
3124.65057,0.00628
3122.72177,0.00815
3120.79298,0.00807
3118.86418,0.00625
3116.93538,0.00472
3115.00659,0.00310
3113.07779,0.00059
3111.14899,-0.00100
3109.22020,-0.00061
3107.29140,-0.00040
3105.36260,-0.00107
3103.43381,-0.00107
3101.50501,-0.00074
3099.57621,-0.00122
3097.64742,-0.00194
3095.71862,-0.00216
3093.78982,-0.00215
3091.86103,-0.00210
3089.93223,-0.00191
3088.00344,-0.00211
3086.07464,-0.00250
3084.14584,-0.00179
3082.21705,-0.00071
3080.28825,-0.00145
3078.35945,-0.00334
3076.43066,-0.00412
3074.50186,-0.00346
3072.57306,-0.00250
3070.64427,-0.00211
3068.71547,-0.00230
3066.78667,-0.00282
3064.85788,-0.00322
3062.92908,-0.00351
3061.00028,-0.00388
3059.07149,-0.00352
3057.14269,-0.00253
3055.21389,-0.00221
3053.28510,-0.00255
3051.35630,-0.00281
3049.42750,-0.00282
3047.49871,-0.00249
3045.56991,-0.00192
3043.64111,-0.00172
3041.71232,-0.00212
3039.78352,-0.00260
3037.85472,-0.00226
3035.92593,-0.00095
3033.99713,-0.00036
3032.06833,-0.00124
3030.13954,-0.00194
3028.21074,-0.00152
3026.28194,-0.00109
3024.35315,-0.00133
3022.42435,-0.00175
3020.49555,-0.00238
3018.56676,-0.00300
3016.63796,-0.00256
3014.70916,-0.00135
3012.78037,-0.00070
3010.85157,-0.00082
3008.92277,-0.00096
3006.99398,-0.00085
3005.06518,-0.00072
3003.13638,-0.00081
3001.20759,-0.00119
2999.27879,-0.00126
2997.34999,-0.00061
2995.42120,-0.00032
2993.49240,-0.00104
2991.56360,-0.00149
2989.63481,-0.00116
2987.70601,-0.00084
2985.77721,-0.00060
2983.84842,-0.00033
2981.91962,-0.00027
2979.99082,-0.00008
2978.06203,0.00039
2976.13323,0.00039
2974.20443,-0.00004
2972.27564,-0.00010
2970.34684,-0.00001
2968.41804,-0.00034
2966.48925,-0.00085
2964.56045,-0.00097
2962.63165,-0.00085
2960.70286,-0.00105
2958.77406,-0.00134
2956.84526,-0.00109
2954.91647,-0.00048
2952.98767,0.00000
2951.05887,0.00034
2949.13008,0.00090
2947.20128,0.00176
2945.27248,0.00238
2943.34369,0.00206
2941.41489,0.00098
2939.48609,0.00022
2937.55730,0.00021
2935.62850,0.00052
2933.69970,0.00106
2931.77091,0.00189
2929.84211,0.00236
2927.91331,0.00214
2925.98452,0.00200
2924.05572,0.00195
2922.12692,0.00144
2920.19813,0.00118
2918.26933,0.00178
2916.34053,0.00259
2914.41174,0.00299
2912.48294,0.00301
2910.55414,0.00274
2908.62535,0.00235
2906.69655,0.00205
2904.76775,0.00189
2902.83896,0.00182
2900.91016,0.00195
2898.98136,0.00222
2897.05257,0.00256
2895.12377,0.00310
2893.19497,0.00369
2891.26618,0.00373
2889.33738,0.00333
2887.40858,0.00326
2885.47979,0.00357
2883.55099,0.00377
2881.62219,0.00388
2879.69340,0.00416
2877.76460,0.00461
2875.83580,0.00513
2873.90701,0.00558
2871.97821,0.00544
2870.04941,0.00469
2868.12062,0.00416
2866.19182,0.00424
2864.26302,0.00471
2862.33423,0.00533
2860.40543,0.00579
2858.47663,0.00602
2856.54784,0.00632
2854.61904,0.00667
2852.69024,0.00682
2850.76145,0.00693
2848.83265,0.00730
2846.90385,0.00776
2844.97506,0.00820
2843.04626,0.00856
2841.11746,0.00879
2839.18867,0.00902
2837.25987,0.00927
2835.33107,0.00951
2833.40228,0.00952
2831.47348,0.00921
2829.54468,0.00907
2827.61589,0.00918
2825.68709,0.00932
2823.75829,0.00964
2821.82950,0.00997
2819.90070,0.01015
2817.97190,0.01022
2816.04311,0.01017
2814.11431,0.01010
2812.18551,0.01001
2810.25672,0.00989
2808.32792,0.00979
2806.39912,0.00973
2804.47033,0.00981
2802.54153,0.00988
2800.61273,0.00975
2798.68394,0.00965
2796.75514,0.00972
2794.82634,0.00974
2792.89755,0.00961
2790.96875,0.00948
2789.03995,0.00920
2787.11116,0.00867
2785.18236,0.00831
2783.25356,0.00844
2781.32477,0.00859
2779.39597,0.00824
2777.46717,0.00778
2775.53838,0.00783
2773.60958,0.00815
2771.68078,0.00822
2769.75199,0.00789
2767.82319,0.00733
2765.89439,0.00692
2763.96560,0.00686
2762.03680,0.00691
2760.10800,0.00696
2758.17921,0.00700
2756.25041,0.00697
2754.32161,0.00702
2752.39282,0.00716
2750.46402,0.00704
2748.53522,0.00676
2746.60643,0.00677
2744.67763,0.00704
2742.74883,0.00725
2740.82004,0.00735
2738.89124,0.00746
2736.96244,0.00759
2735.03365,0.00765
2733.10485,0.00757
2731.17605,0.00734
2729.24726,0.00715
2727.31846,0.00709
2725.38967,0.00703
2723.46087,0.00704
2721.53207,0.00711
2719.60328,0.00711
2717.67448,0.00710
2715.74568,0.00718
2713.81689,0.00714
2711.88809,0.00696
2709.95929,0.00692
2708.03050,0.00705
2706.10170,0.00719
2704.17290,0.00728
2702.24411,0.00729
2700.31531,0.00722
2698.38651,0.00729
2696.45772,0.00753
2694.52892,0.00768
2692.60012,0.00765
2690.67133,0.00768
2688.74253,0.00774
2686.81373,0.00760
2684.88494,0.00737
2682.95614,0.00720
2681.02734,0.00716
2679.09855,0.00728
2677.16975,0.00741
2675.24095,0.00739
2673.31216,0.00731
2671.38336,0.00727
2669.45456,0.00723
2667.52577,0.00705
2665.59697,0.00680
2663.66817,0.00667
2661.73938,0.00672
2659.81058,0.00691
2657.88178,0.00704
2655.95299,0.00709
2654.02419,0.00722
2652.09539,0.00744
2650.16660,0.00755
2648.23780,0.00753
2646.30900,0.00750
2644.38021,0.00758
2642.45141,0.00772
2640.52261,0.00781
2638.59382,0.00791
2636.66502,0.00806
2634.73622,0.00818
2632.80743,0.00832
2630.87863,0.00849
2628.94983,0.00848
2627.02104,0.00847
2625.09224,0.00873
2623.16344,0.00912
2621.23465,0.00939
2619.30585,0.00931
2617.37705,0.00907
2615.44826,0.00917
2613.51946,0.00964
2611.59066,0.01009
2609.66187,0.01037
2607.73307,0.01063
2605.80427,0.01073
2603.87548,0.01059
2601.94668,0.01072
2600.01788,0.01113
2598.08909,0.01130
2596.16029,0.01141
2594.23149,0.01147
2592.30270,0.01115
2590.37390,0.01082
2588.44510,0.01076
2586.51631,0.01077
2584.58751,0.01088
2582.65871,0.01107
2580.72992,0.01103
2578.80112,0.01078
2576.87232,0.01058
2574.94353,0.01033
2573.01473,0.01003
2571.08593,0.00999
2569.15714,0.00995
2567.22834,0.00977
2565.29954,0.00979
2563.37075,0.00994
2561.44195,0.01004
2559.51315,0.01023
2557.58436,0.01037
2555.65556,0.01023
2553.72676,0.01009
2551.79797,0.01025
2549.86917,0.01044
2547.94037,0.01053
2546.01158,0.01077
2544.08278,0.01095
2542.15398,0.01102
2540.22519,0.01111
2538.29639,0.01092
2536.36759,0.01060
2534.43880,0.01059
2532.51000,0.01077
2530.58120,0.01065
2528.65241,0.01020
2526.72361,0.00982
2524.79481,0.00955
2522.86602,0.00930
2520.93722,0.00939
2519.00842,0.00987
2517.07963,0.01037
2515.15083,0.01078
2513.22203,0.01096
2511.29324,0.01063
2509.36444,0.01017
2507.43564,0.01011
2505.50685,0.01036
2503.57805,0.01045
2501.64925,0.01027
2499.72046,0.01002
2497.79166,0.00981
2495.86286,0.00965
2493.93407,0.00963
2492.00527,0.00991
2490.07647,0.01038
2488.14768,0.01073
2486.21888,0.01079
2484.29008,0.01040
2482.36129,0.00973
2480.43249,0.00941
2478.50369,0.00959
2476.57490,0.00973
2474.64610,0.00953
2472.71730,0.00920
2470.78851,0.00900
2468.85971,0.00896
2466.93091,0.00912
2465.00212,0.00928
2463.07332,0.00901
2461.14452,0.00854
2459.21573,0.00856
2457.28693,0.00893
2455.35813,0.00908
2453.42934,0.00907
2451.50054,0.00924
2449.57174,0.00955
2447.64295,0.00974
2445.71415,0.00954
2443.78535,0.00900
2441.85656,0.00864
2439.92776,0.00872
2437.99896,0.00885
2436.07017,0.00874
2434.14137,0.00854
2432.21257,0.00837
2430.28378,0.00816
2428.35498,0.00792
2426.42618,0.00776
2424.49739,0.00758
2422.56859,0.00714
2420.63979,0.00654
2418.71100,0.00618
2416.78220,0.00615
2414.85340,0.00618
2412.92461,0.00613
2410.99581,0.00599
2409.06701,0.00577
2407.13822,0.00547
2405.20942,0.00504
2403.28062,0.00467
2401.35183,0.00458
2399.42303,0.00458
2397.49423,0.00454
2395.56544,0.00459
2393.63664,0.00458
2391.70784,0.00427
2389.77905,0.00397
2387.85025,0.00429
2385.92145,0.00529
2383.99266,0.00674
2382.06386,0.00868
2380.13506,0.01141
2378.20627,0.01485
2376.27747,0.01863
2374.34867,0.02281
2372.41988,0.02729
2370.49108,0.03145
2368.56228,0.03486
2366.63349,0.03775
2364.70469,0.04067
2362.77589,0.04328
2360.84710,0.04444
2358.91830,0.04322
2356.98951,0.03997
2355.06071,0.03552
2353.13191,0.03006
2351.20312,0.02468
2349.27432,0.02163
2347.34552,0.02223
2345.41673,0.02560
2343.48793,0.02824
2341.55913,0.02857
2339.63034,0.02816
2337.70154,0.02760
2335.77274,0.02702
2333.84395,0.02694
2331.91515,0.02679
2329.98635,0.02563
2328.05756,0.02398
2326.12876,0.02288
2324.19996,0.02246
2322.27117,0.02204
2320.34237,0.02087
2318.41357,0.01912
2316.48478,0.01759
2314.55598,0.01681
2312.62718,0.01668
2310.69839,0.01641
2308.76959,0.01540
2306.84079,0.01397
2304.91200,0.01276
2302.98320,0.01196
2301.05440,0.01132
2299.12561,0.01072
2297.19681,0.01013
2295.26801,0.00950
2293.33922,0.00912
2291.41042,0.00913
2289.48162,0.00913
2287.55283,0.00884
2285.62403,0.00853
2283.69523,0.00879
2281.76644,0.00963
2279.83764,0.01024
2277.90884,0.01039
2275.98005,0.01113
2274.05125,0.01265
2272.12245,0.01372
2270.19366,0.01393
2268.26486,0.01439
2266.33606,0.01544
2264.40727,0.01579
2262.47847,0.01531
2260.54967,0.01557
2258.62088,0.01703
2256.69208,0.01847
2254.76328,0.01910
2252.83449,0.01943
2250.90569,0.01948
2248.97689,0.01904
2247.04810,0.01915
2245.11930,0.02031
2243.19050,0.02159
2241.26171,0.02180
2239.33291,0.02153
2237.40411,0.02270
2235.47532,0.02456
2233.54652,0.02526
2231.61772,0.02556
2229.68893,0.02626
2227.76013,0.02650
2225.83133,0.02595
2223.90254,0.02512
2221.97374,0.02481
2220.04494,0.02611
2218.11615,0.02831
2216.18735,0.02927
2214.25855,0.02979
2212.32976,0.03170
2210.40096,0.03358
2208.47216,0.03401
2206.54337,0.03368
2204.61457,0.03297
2202.68577,0.03245
2200.75698,0.03324
2198.82818,0.03494
2196.89938,0.03648
2194.97059,0.03802
2193.04179,0.03968
2191.11299,0.04121
2189.18420,0.04218
2187.25540,0.04222
2185.32660,0.04234
2183.39781,0.04370
2181.46901,0.04580
2179.54021,0.04687
2177.61142,0.04682
2175.68262,0.04777
2173.75382,0.04928
2171.82503,0.04925
2169.89623,0.04874
2167.96743,0.04891
2166.03864,0.05043
2164.10984,0.05502
2162.18104,0.06205
2160.25225,0.06804
2158.32345,0.06773
2156.39465,0.05971
2154.46586,0.05031
2152.53706,0.04439
2150.60826,0.04149
2148.67947,0.03841
2146.75067,0.03361
2144.82187,0.02893
2142.89308,0.02552
2140.96428,0.02286
2139.03548,0.02110
2137.10669,0.01979
2135.17789,0.01772
2133.24909,0.01491
2131.32030,0.01229
2129.39150,0.01001
2127.46270,0.00807
2125.53391,0.00659
2123.60511,0.00509
2121.67631,0.00393
2119.74752,0.00382
2117.81872,0.00409
2115.88992,0.00430
2113.96113,0.00464
2112.03233,0.00467
2110.10353,0.00458
2108.17474,0.00507
2106.24594,0.00597
2104.31714,0.00701
2102.38835,0.00756
2100.45955,0.00672
2098.53075,0.00498
2096.60196,0.00401
2094.67316,0.00444
2092.74436,0.00508
2090.81557,0.00497
2088.88677,0.00442
2086.95797,0.00433
2085.02918,0.00482
2083.10038,0.00508
2081.17158,0.00497
2079.24279,0.00514
2077.31399,0.00584
2075.38519,0.00681
2073.45640,0.00789
2071.52760,0.00870
2069.59880,0.00872
2067.67001,0.00850
2065.74121,0.00888
2063.81241,0.00979
2061.88362,0.01064
2059.95482,0.01154
2058.02602,0.01233
2056.09723,0.01184
2054.16843,0.01033
2052.23963,0.00981
2050.31084,0.01147
2048.38204,0.01491
2046.45324,0.01821
2044.52445,0.01994
2042.59565,0.02045
2040.66685,0.02105
2038.73806,0.02201
2036.80926,0.02187
2034.88046,0.02081
2032.95167,0.02156
2031.02287,0.02337
2029.09407,0.02360
2027.16528,0.02377
2025.23648,0.02514
2023.30768,0.02590
2021.37889,0.02513
2019.45009,0.02445
2017.52129,0.02485
2015.59250,0.02447
2013.66370,0.02269
2011.73490,0.02151
2009.80611,0.02195
2007.87731,0.02180
2005.94851,0.01987
2004.01972,0.01789
2002.09092,0.01642
2000.16212,0.01511
1998.23333,0.01427
1996.30453,0.01418
1994.37574,0.01459
1992.44694,0.01481
1990.51814,0.01452
1988.58935,0.01406
1986.66055,0.01401
1984.73175,0.01463
1982.80296,0.01593
1980.87416,0.01739
1978.94536,0.01756
1977.01657,0.01602
1975.08777,0.01485
1973.15897,0.01453
1971.23018,0.01402
1969.30138,0.01376
1967.37258,0.01350
1965.44379,0.01264
1963.51499,0.01111
1961.58619,0.00858
1959.65740,0.00586
1957.72860,0.00437
1955.79980,0.00391
1953.87101,0.00337
1951.94221,0.00256
1950.01341,0.00222
1948.08462,0.00240
1946.15582,0.00254
1944.22702,0.00236
1942.29823,0.00137
1940.36943,-0.00020
1938.44063,-0.00140
1936.51184,-0.00237
1934.58304,-0.00337
1932.65424,-0.00394
1930.72545,-0.00377
1928.79665,-0.00337
1926.86785,-0.00301
1924.93906,-0.00233
1923.01026,-0.00174
1921.08146,-0.00163
1919.15267,-0.00149
1917.22387,-0.00186
1915.29507,-0.00317
1913.36628,-0.00412
1911.43748,-0.00391
1909.50868,-0.00335
1907.57989,-0.00341
1905.65109,-0.00401
1903.72229,-0.00472
1901.79350,-0.00543
1899.86470,-0.00583
1897.93590,-0.00569
1896.00711,-0.00541
1894.07831,-0.00554
1892.14951,-0.00557
1890.22072,-0.00533
1888.29192,-0.00583
1886.36312,-0.00662
1884.43433,-0.00672
1882.50553,-0.00657
1880.57673,-0.00663
1878.64794,-0.00685
1876.71914,-0.00694
1874.79034,-0.00672
1872.86155,-0.00567
1870.93275,-0.00339
1869.00395,-0.00153
1867.07516,-0.00250
1865.14636,-0.00477
1863.21756,-0.00606
1861.28877,-0.00641
1859.35997,-0.00653
1857.43117,-0.00682
1855.50238,-0.00729
1853.57358,-0.00765
1851.64478,-0.00755
1849.71599,-0.00661
1847.78719,-0.00492
1845.85839,-0.00303
1843.92960,-0.00279
1842.00080,-0.00488
1840.07200,-0.00667
1838.14321,-0.00714
1836.21441,-0.00720
1834.28561,-0.00697
1832.35682,-0.00540
1830.42802,-0.00341
1828.49922,-0.00321
1826.57043,-0.00385
1824.64163,-0.00454
1822.71283,-0.00584
1820.78404,-0.00684
1818.85524,-0.00691
1816.92644,-0.00686
1814.99765,-0.00669
1813.06885,-0.00571
1811.14005,-0.00476
1809.21126,-0.00515
1807.28246,-0.00621
1805.35366,-0.00640
1803.42487,-0.00516
1801.49607,-0.00377
1799.56727,-0.00389
1797.63848,-0.00468
1795.70968,-0.00428
1793.78088,-0.00264
1791.85209,-0.00227
1789.92329,-0.00458
1787.99449,-0.00650
1786.06570,-0.00662
1784.13690,-0.00609
1782.20810,-0.00550
1780.27931,-0.00521
1778.35051,-0.00536
1776.42171,-0.00460
1774.49292,-0.00200
1772.56412,0.00053
1770.63532,0.00000
1768.70653,-0.00246
1766.77773,-0.00475
1764.84893,-0.00543
1762.92014,-0.00442
1760.99134,-0.00376
1759.06254,-0.00396
1757.13375,-0.00429
1755.20495,-0.00472
1753.27615,-0.00371
1751.34736,-0.00063
1749.41856,0.00116
1747.48976,-0.00014
1745.56097,-0.00194
1743.63217,-0.00279
1741.70337,-0.00298
1739.77458,-0.00341
1737.84578,-0.00351
1735.91698,-0.00143
1733.98819,0.00128
1732.05939,-0.00006
1730.13059,-0.00337
1728.20180,-0.00601
1726.27300,-0.00707
1724.34420,-0.00639
1722.41541,-0.00480
1720.48661,-0.00140
1718.55781,0.00453
1716.62902,0.00823
1714.70022,0.00642
1712.77142,0.00395
1710.84263,0.00409
1708.91383,0.00723
1706.98503,0.01289
1705.05624,0.01903
1703.12744,0.02487
1701.19864,0.03386
1699.26985,0.04477
1697.34105,0.05299
1695.41225,0.06072
1693.48346,0.06864
1691.55466,0.07913
1689.62586,0.09437
1687.69707,0.11125
1685.76827,0.13132
1683.83947,0.15689
1681.91068,0.17465
1679.98188,0.18644
1678.05308,0.20019
1676.12429,0.21782
1674.19549,0.23670
1672.26669,0.25248
1670.33790,0.26746
1668.40910,0.27968
1666.48030,0.28629
1664.55151,0.29281
1662.62271,0.29984
1660.69391,0.30326
1658.76512,0.30475
1656.83632,0.30824
1654.90752,0.31509
1652.97873,0.31931
1651.04993,0.31635
1649.12113,0.31710
1647.19234,0.32247
1645.26354,0.32654
1643.33474,0.33065
1641.40595,0.34005
1639.47715,0.35536
1637.54835,0.37724
1635.61956,0.40574
1633.69076,0.42912
1631.76197,0.44698
1629.83317,0.46827
1627.90437,0.49259
1625.97558,0.51411
1624.04678,0.53160
1622.11798,0.54362
1620.18919,0.54970
1618.26039,0.55400
1616.33159,0.55519
1614.40280,0.55208
1612.47400,0.55036
1610.54520,0.55224
1608.61641,0.55715
1606.68761,0.56421
1604.75881,0.57386
1602.83002,0.58602
1600.90122,0.59922
1598.97242,0.61218
1597.04363,0.62386
1595.11483,0.63282
1593.18603,0.63721
1591.25724,0.63671
1589.32844,0.63120
1587.39964,0.62066
1585.47085,0.60565
1583.54205,0.58645
1581.61325,0.56473
1579.68446,0.54359
1577.75566,0.52033
1575.82686,0.48733
1573.89807,0.45596
1571.96927,0.43265
1570.04047,0.40675
1568.11168,0.37791
1566.18288,0.35326
1564.25408,0.33279
1562.32529,0.31876
1560.39649,0.30806
1558.46769,0.28528
1556.53890,0.25957
1554.61010,0.24144
1552.68130,0.22649
1550.75251,0.21356
1548.82371,0.20179
1546.89491,0.19335
1544.96612,0.18890
1543.03732,0.18617
1541.10852,0.18087
1539.17973,0.16737
1537.25093,0.15530
1535.32213,0.14948
1533.39334,0.14440
1531.46454,0.13766
1529.53574,0.13321
1527.60695,0.13144
1525.67815,0.13011
1523.74935,0.12921
1521.82056,0.12771
1519.89176,0.12399
1517.96296,0.12014
1516.03417,0.11573
1514.10537,0.11126
1512.17657,0.11006
1510.24778,0.11347
1508.31898,0.11933
1506.39018,0.11788
1504.46139,0.10978
1502.53259,0.10658
1500.60379,0.10865
1498.67500,0.11369
1496.74620,0.11849
1494.81740,0.12184
1492.88861,0.12749
1490.95981,0.13854
1489.03101,0.15164
1487.10222,0.16112
1485.17342,0.16990
1483.24462,0.18196
1481.31583,0.19761
1479.38703,0.21490
1477.45823,0.23393
1475.52944,0.25574
1473.60064,0.27897
1471.67184,0.29862
1469.74305,0.31132
1467.81425,0.32283
1465.88545,0.33674
1463.95666,0.34867
1462.02786,0.35587
1460.09906,0.36232
1458.17027,0.36744
1456.24147,0.36157
1454.31267,0.34802
1452.38388,0.33476
1450.45508,0.32116
1448.52628,0.30506
1446.59749,0.28571
1444.66869,0.26624
1442.73989,0.24796
1440.81110,0.23170
1438.88230,0.21796
1436.95350,0.20236
1435.02471,0.18461
1433.09591,0.17056
1431.16711,0.15909
1429.23832,0.14753
1427.30952,0.13731
1425.38072,0.12947
1423.45193,0.12286
1421.52313,0.11781
1419.59433,0.11357
1417.66554,0.10673
1415.73674,0.09869
1413.80794,0.09256
1411.87915,0.08810
1409.95035,0.08417
1408.02155,0.08094
1406.09276,0.07851
1404.16396,0.07557
1402.23516,0.07285
1400.30637,0.07183
1398.37757,0.07146
1396.44877,0.07004
1394.51998,0.06682
1392.59118,0.06269
1390.66238,0.06026
1388.73359,0.05977
1386.80479,0.05860
1384.87599,0.05589
1382.94720,0.05367
1381.01840,0.05271
1379.08960,0.05238
1377.16081,0.05263
1375.23201,0.05303
1373.30321,0.05186
1371.37442,0.04960
1369.44562,0.04804
1367.51682,0.04717
1365.58803,0.04728
1363.65923,0.04832
1361.73043,0.04784
1359.80164,0.04544
1357.87284,0.04356
1355.94404,0.04274
1354.01525,0.04213
1352.08645,0.04147
1350.15765,0.04102
1348.22886,0.04065
1346.30006,0.04031
1344.37126,0.04043
1342.44247,0.04181
1340.51367,0.04400
1338.58487,0.04460
1336.65608,0.04307
1334.72728,0.04150
1332.79848,0.04087
1330.86969,0.04071
1328.94089,0.04047
1327.01209,0.04005
1325.08330,0.03960
1323.15450,0.03935
1321.22570,0.03948
1319.29691,0.03955
1317.36811,0.03905
1315.43931,0.03831
1313.51052,0.03766
1311.58172,0.03688
1309.65292,0.03612
1307.72413,0.03564
1305.79533,0.03531
1303.86653,0.03504
1301.93774,0.03487
1300.00894,0.03481
1298.08014,0.03485
1296.15135,0.03489
1294.22255,0.03488
1292.29375,0.03495
1290.36496,0.03516
1288.43616,0.03534
1286.50736,0.03528
1284.57857,0.03510
1282.64977,0.03508
1280.72097,0.03516
1278.79218,0.03525
1276.86338,0.03538
1274.93458,0.03562
1273.00579,0.03595
1271.07699,0.03617
1269.14820,0.03614
1267.21940,0.03596
1265.29060,0.03582
1263.36181,0.03577
1261.43301,0.03578
1259.50421,0.03569
1257.57542,0.03547
1255.64662,0.03532
1253.71782,0.03531
1251.78903,0.03538
1249.86023,0.03552
1247.93143,0.03572
1246.00264,0.03594
1244.07384,0.03616
1242.14504,0.03632
1240.21625,0.03645
1238.28745,0.03657
1236.35865,0.03674
1234.42986,0.03696
1232.50106,0.03720
1230.57226,0.03747
1228.64347,0.03779
1226.71467,0.03815
1224.78587,0.03852
1222.85708,0.03886
1220.92828,0.03922
1218.99948,0.03964
1217.07069,0.04011
1215.14189,0.04065
1213.21309,0.04129
1211.28430,0.04201
1209.35550,0.04281
1207.42670,0.04374
1205.49791,0.04482
1203.56911,0.04606
1201.64031,0.04749
1199.71152,0.04912
1197.78272,0.05095
1195.85392,0.05300
1193.92513,0.05532
1191.99633,0.05795
1190.06753,0.06095
1188.13874,0.06435
1186.20994,0.06813
1184.28114,0.07226
1182.35235,0.07686
1180.42355,0.08202
1178.49475,0.08774
1176.56596,0.09391
1174.63716,0.10045
1172.70836,0.10724
1170.77957,0.11423
1168.85077,0.12130
1166.92197,0.12819
1164.99318,0.13457
1163.06438,0.14016
1161.13558,0.14465
1159.20679,0.14769
1157.27799,0.14904
1155.34919,0.14862
1153.42040,0.14654
1151.49160,0.14293
1149.56280,0.13797
1147.63401,0.13197
1145.70521,0.12531
1143.77641,0.11836
1141.84762,0.11142
1139.91882,0.10472
1137.99002,0.09845
1136.06123,0.09266
1134.13243,0.08732
1132.20363,0.08248
1130.27484,0.07816
1128.34604,0.07429
1126.41724,0.07082
1124.48845,0.06772
1122.55965,0.06499
1120.63085,0.06259
1118.70206,0.06045
1116.77326,0.05853
1114.84446,0.05687
1112.91567,0.05547
1110.98687,0.05427
1109.05807,0.05325
1107.12928,0.05238
1105.20048,0.05160
1103.27168,0.05093
1101.34289,0.05041
1099.41409,0.05006
1097.48529,0.04986
1095.55650,0.04974
1093.62770,0.04974
1091.69890,0.04982
1089.77011,0.04996
1087.84131,0.05022
1085.91251,0.05061
1083.98372,0.05106
1082.05492,0.05155
1080.12612,0.05211
1078.19733,0.05269
1076.26853,0.05323
1074.33973,0.05375
1072.41094,0.05421
1070.48214,0.05458
1068.55334,0.05484
1066.62455,0.05501
1064.69575,0.05506
1062.76695,0.05500
1060.83816,0.05481
1058.90936,0.05446
1056.98056,0.05398
1055.05177,0.05340
1053.12297,0.05275
1051.19417,0.05203
1049.26538,0.05127
1047.33658,0.05050
1045.40778,0.04973
1043.47899,0.04893
1041.55019,0.04810
1039.62139,0.04727
1037.69260,0.04645
1035.76380,0.04565
1033.83500,0.04486
1031.90621,0.04409
1029.97741,0.04335
1028.04861,0.04265
1026.11982,0.04196
1024.19102,0.04129
1022.26222,0.04068
1020.33343,0.04014
1018.40463,0.03970
1016.47583,0.03935
1014.54704,0.03908
1012.61824,0.03887
1010.68944,0.03863
1008.76065,0.03824
1006.83185,0.03765
1004.90305,0.03689
1002.97426,0.03604
1001.04546,0.03524
999.11666,0.03458
997.18787,0.03408
995.25907,0.03367
993.33027,0.03328
991.40148,0.03289
989.47268,0.03250
987.54388,0.03209
985.61509,0.03158
983.68629,0.03099
981.75749,0.03038
979.82870,0.02976
977.89990,0.02909
975.97110,0.02840
974.04231,0.02770
972.11351,0.02705
970.18471,0.02644
968.25592,0.02581
966.32712,0.02519
964.39832,0.02461
962.46953,0.02409
960.54073,0.02361
958.61193,0.02314
956.68314,0.02270
954.75434,0.02228
952.82554,0.02189
950.89675,0.02148
948.96795,0.02107
947.03915,0.02066
945.11036,0.02023
943.18156,0.01979
941.25276,0.01935
939.32397,0.01890
937.39517,0.01840
935.46637,0.01786
933.53758,0.01728
931.60878,0.01665
929.67998,0.01595
927.75119,0.01519
925.82239,0.01441
923.89359,0.01364
921.96480,0.01286
920.03600,0.01205
918.10720,0.01124
916.17841,0.01045
914.24961,0.00973
912.32081,0.00906
910.39202,0.00840
908.46322,0.00776
906.53443,0.00715
904.60563,0.00657
902.67683,0.00602
900.74804,0.00547
898.81924,0.00495
896.89044,0.00445
894.96165,0.00391
893.03285,0.00328
891.10405,0.00256
889.17526,0.00184
887.24646,0.00116
885.31766,0.00046
883.38887,-0.00026
881.46007,-0.00101
879.53127,-0.00178
877.60248,-0.00254
875.67368,-0.00324
873.74488,-0.00389
871.81609,-0.00452
869.88729,-0.00510
867.95849,-0.00563
866.02970,-0.00616
864.10090,-0.00671
862.17210,-0.00723
860.24331,-0.00763
858.31451,-0.00791
856.38571,-0.00818
854.45692,-0.00850
852.52812,-0.00881
850.59932,-0.00903
848.67053,-0.00921
846.74173,-0.00942
844.81293,-0.00968
842.88414,-0.00990
840.95534,-0.01007
839.02654,-0.01023
837.09775,-0.01042
835.16895,-0.01064
833.24015,-0.01088
831.31136,-0.01112
829.38256,-0.01133
827.45376,-0.01152
825.52497,-0.01169
823.59617,-0.01181
821.66737,-0.01188
819.73858,-0.01190
817.80978,-0.01184
815.88098,-0.01172
813.95219,-0.01160
812.02339,-0.01143
810.09459,-0.01116
808.16580,-0.01075
806.23700,-0.01009
804.30820,-0.00926
802.37941,-0.00839
800.45061,-0.00737
798.52181,-0.00616
796.59302,-0.00480
794.66422,-0.00323
792.73542,-0.00156
790.80663,-0.00001
788.87783,0.00140
786.94903,0.00245
785.02024,0.00263
783.09144,0.00172
781.16264,0.00015
779.23385,-0.00162
777.30505,-0.00358
775.37625,-0.00578
773.44746,-0.00789
771.51866,-0.00951
769.58986,-0.01071
767.66107,-0.01172
765.73227,-0.01259
763.80347,-0.01324
761.87468,-0.01368
759.94588,-0.01414
758.01708,-0.01457
756.08829,-0.01449
754.15949,-0.01407
752.23069,-0.01399
750.30190,-0.01414
748.37310,-0.01409
