3496.90832,0.02824
3494.97953,0.03241
3493.05073,0.03268
3491.12193,0.02805
3489.19314,0.02594
3487.26434,0.02763
3485.33554,0.03194
3483.40675,0.04034
3481.47795,0.04636
3479.54915,0.04278
3477.62036,0.03623
3475.69156,0.03388
3473.76276,0.03310
3471.83397,0.03286
3469.90517,0.03324
3467.97637,0.03172
3466.04758,0.03072
3464.11878,0.03181
3462.18998,0.03264
3460.26119,0.03445
3458.33239,0.03744
3456.40359,0.03695
3454.47480,0.03089
3452.54600,0.02701
3450.61721,0.03115
3448.68841,0.03361
3446.75961,0.02791
3444.83082,0.02083
3442.90202,0.01521
3440.97322,0.01206
3439.04443,0.01193
3437.11563,0.01160
3435.18683,0.01197
3433.25804,0.01474
3431.32924,0.01804
3429.40044,0.01929
3427.47165,0.01871
3425.54285,0.01789
3423.61405,0.01522
3421.68526,0.01272
3419.75646,0.01488
3417.82766,0.01728
3415.89887,0.01580
3413.97007,0.01268
3412.04127,0.00729
3410.11248,0.00277
3408.18368,0.00802
3406.25488,0.01672
3404.32609,0.01512
3402.39729,0.00728
3400.46849,0.00240
3398.53970,0.00287
3396.61090,0.00636
3394.68210,0.00756
3392.75331,0.00750
3390.82451,0.00965
3388.89571,0.01025
3386.96692,0.00546
3385.03812,0.00019
3383.10932,0.00268
3381.18053,0.01082
3379.25173,0.01252
3377.32293,0.00888
3375.39414,0.01301
3373.46534,0.02382
3371.53654,0.03041
3369.60775,0.03344
3367.67895,0.03645
3365.75015,0.03700
3363.82136,0.03598
3361.89256,0.03767
3359.96376,0.04443
3358.03497,0.05220
3356.10617,0.05176
3354.17737,0.04343
3352.24858,0.03616
3350.31978,0.03138
3348.39098,0.02876
3346.46219,0.03439
3344.53339,0.04481
3342.60459,0.04751
3340.67580,0.03977
3338.74700,0.02832
3336.81820,0.02084
3334.88941,0.01777
3332.96061,0.01406
3331.03181,0.01143
3329.10302,0.01630
3327.17422,0.02500
3325.24542,0.02498
3323.31663,0.01920
3321.38783,0.01975
3319.45903,0.02024
3317.53024,0.01258
3315.60144,0.00445
3313.67264,0.00310
3311.74385,0.00464
3309.81505,0.00354
3307.88625,0.00512
3305.95746,0.00964
3304.02866,0.00956
3302.09986,0.00506
3300.17107,-0.00077
3298.24227,-0.00411
3296.31347,-0.00294
3294.38468,-0.00107
3292.45588,0.00204
3290.52708,0.00467
3288.59829,-0.00087
3286.66949,-0.00893
3284.74069,-0.00625
3282.81190,0.00273
3280.88310,0.00562
3278.95430,0.00382
3277.02551,-0.00083
3275.09671,-0.01127
3273.16791,-0.01869
3271.23912,-0.01472
3269.31032,-0.00907
3267.38152,-0.01044
3265.45273,-0.01264
3263.52393,-0.00982
3261.59513,-0.00361
3259.66634,0.00178
3257.73754,0.00173
3255.80874,-0.00024
3253.87995,0.00185
3251.95115,0.00506
3250.02235,0.00681
3248.09356,0.00663
3246.16476,0.00390
3244.23596,0.00401
3242.30717,0.00679
3240.37837,0.00421
3238.44957,-0.00069
3236.52078,0.00221
3234.59198,0.00886
3232.66318,0.00954
3230.73439,0.00715
3228.80559,0.00778
3226.87679,0.01107
3224.94800,0.01658
3223.01920,0.02129
3221.09040,0.02150
3219.16161,0.01925
3217.23281,0.01671
3215.30401,0.01480
3213.37522,0.01360
3211.44642,0.01247
3209.51762,0.01348
3207.58883,0.01583
3205.66003,0.01601
3203.73123,0.01420
3201.80244,0.01190
3199.87364,0.01094
3197.94484,0.01217
3196.01605,0.01454
3194.08725,0.01734
3192.15845,0.02052
3190.22966,0.02172
3188.30086,0.01821
3186.37206,0.01257
3184.44327,0.00898
3182.51447,0.00867
3180.58567,0.01096
3178.65688,0.01324
3176.72808,0.01266
3174.79928,0.01059
3172.87049,0.01044
3170.94169,0.01050
3169.01289,0.00807
3167.08410,0.00500
3165.15530,0.00370
3163.22650,0.00440
3161.29771,0.00527
3159.36891,0.00596
3157.44011,0.00837
3155.51132,0.01118
3153.58252,0.01166
3151.65372,0.01048
3149.72493,0.00833
3147.79613,0.00501
3145.86733,0.00264
3143.93854,0.00199
3142.00974,0.00238
3140.08094,0.00479
3138.15215,0.00775
3136.22335,0.00846
3134.29455,0.00750
3132.36576,0.00615
3130.43696,0.00459
3128.50816,0.00363
3126.57937,0.00424
3124.65057,0.00614
3122.72177,0.00737
3120.79298,0.00639
3118.86418,0.00443
3116.93538,0.00354
3115.00659,0.00330
3113.07779,0.00225
3111.14899,0.00036
3109.22020,-0.00107
3107.29140,-0.00134
3105.36260,-0.00141
3103.43381,-0.00167
3101.50501,-0.00127
3099.57621,-0.00079
3097.64742,-0.00120
3095.71862,-0.00211
3093.78982,-0.00256
3091.86103,-0.00166
3089.93223,-0.00039
3088.00344,-0.00058
3086.07464,-0.00155
3084.14584,-0.00150
3082.21705,-0.00100
3080.28825,-0.00138
3078.35945,-0.00195
3076.43066,-0.00175
3074.50186,-0.00139
3072.57306,-0.00148
3070.64427,-0.00159
3068.71547,-0.00132
3066.78667,-0.00111
3064.85788,-0.00152
3062.92908,-0.00234
3061.00028,-0.00268
3059.07149,-0.00204
3057.14269,-0.00126
3055.21389,-0.00125
3053.28510,-0.00147
3051.35630,-0.00122
3049.42750,-0.00095
3047.49871,-0.00103
3045.56991,-0.00117
3043.64111,-0.00104
3041.71232,-0.00067
3039.78352,-0.00040
3037.85472,-0.00021
3035.92593,0.00039
3033.99713,0.00101
3032.06833,0.00088
3030.13954,0.00059
3028.21074,0.00121
3026.28194,0.00188
3024.35315,0.00137
3022.42435,0.00040
3020.49555,0.00004
3018.56676,0.00055
3016.63796,0.00175
3014.70916,0.00265
3012.78037,0.00231
3010.85157,0.00107
3008.92277,0.00024
3006.99398,0.00051
3005.06518,0.00111
3003.13638,0.00119
3001.20759,0.00103
2999.27879,0.00136
2997.34999,0.00211
2995.42120,0.00232
2993.49240,0.00186
2991.56360,0.00161
2989.63481,0.00158
2987.70601,0.00147
2985.77721,0.00156
2983.84842,0.00176
2981.91962,0.00186
2979.99082,0.00195
2978.06203,0.00185
2976.13323,0.00135
2974.20443,0.00100
2972.27564,0.00111
2970.34684,0.00129
2968.41804,0.00144
2966.48925,0.00147
2964.56045,0.00139
2962.63165,0.00134
2960.70286,0.00101
2958.77406,0.00076
2956.84526,0.00109
2954.91647,0.00151
2952.98767,0.00168
2951.05887,0.00204
2949.13008,0.00285
2947.20128,0.00374
2945.27248,0.00421
2943.34369,0.00377
2941.41489,0.00278
2939.48609,0.00242
2937.55730,0.00269
2935.62850,0.00272
2933.69970,0.00261
2931.77091,0.00302
2929.84211,0.00363
2927.91331,0.00391
2925.98452,0.00436
2924.05572,0.00478
2922.12692,0.00435
2920.19813,0.00390
2918.26933,0.00439
2916.34053,0.00503
2914.41174,0.00497
2912.48294,0.00451
2910.55414,0.00429
2908.62535,0.00431
2906.69655,0.00422
2904.76775,0.00401
2902.83896,0.00391
2900.91016,0.00405
2898.98136,0.00452
2897.05257,0.00507
2895.12377,0.00534
2893.19497,0.00534
2891.26618,0.00524
2889.33738,0.00516
2887.40858,0.00529
2885.47979,0.00548
2883.55099,0.00538
2881.62219,0.00510
2879.69340,0.00512
2877.76460,0.00562
2875.83580,0.00645
2873.90701,0.00707
2871.97821,0.00697
2870.04941,0.00648
2868.12062,0.00612
2866.19182,0.00590
2864.26302,0.00605
2862.33423,0.00671
2860.40543,0.00733
2858.47663,0.00768
2856.54784,0.00796
2854.61904,0.00818
2852.69024,0.00842
2850.76145,0.00873
2848.83265,0.00887
2846.90385,0.00888
2844.97506,0.00916
2843.04626,0.00959
2841.11746,0.00989
2839.18867,0.01021
2837.25987,0.01060
2835.33107,0.01080
2833.40228,0.01066
2831.47348,0.01043
2829.54468,0.01047
2827.61589,0.01051
2825.68709,0.01032
2823.75829,0.01033
2821.82950,0.01059
2819.90070,0.01078
2817.97190,0.01093
2816.04311,0.01107
2814.11431,0.01109
2812.18551,0.01097
2810.25672,0.01075
2808.32792,0.01061
2806.39912,0.01069
2804.47033,0.01084
2802.54153,0.01077
2800.61273,0.01054
2798.68394,0.01044
2796.75514,0.01042
2794.82634,0.01035
2792.89755,0.01033
2790.96875,0.01030
2789.03995,0.00997
2787.11116,0.00944
2785.18236,0.00916
2783.25356,0.00920
2781.32477,0.00924
2779.39597,0.00905
2777.46717,0.00878
2775.53838,0.00877
2773.60958,0.00890
2771.68078,0.00883
2769.75199,0.00861
2767.82319,0.00837
2765.89439,0.00812
2763.96560,0.00794
2762.03680,0.00781
2760.10800,0.00775
2758.17921,0.00785
2756.25041,0.00798
2754.32161,0.00809
2752.39282,0.00822
2750.46402,0.00820
2748.53522,0.00806
2746.60643,0.00807
2744.67763,0.00815
2742.74883,0.00812
2740.82004,0.00814
2738.89124,0.00839
2736.96244,0.00860
2735.03365,0.00860
2733.10485,0.00849
2731.17605,0.00833
2729.24726,0.00821
2727.31846,0.00830
2725.38967,0.00844
2723.46087,0.00847
2721.53207,0.00848
2719.60328,0.00847
2717.67448,0.00840
2715.74568,0.00837
2713.81689,0.00834
2711.88809,0.00824
2709.95929,0.00820
2708.03050,0.00832
2706.10170,0.00853
2704.17290,0.00862
2702.24411,0.00844
2700.31531,0.00820
2698.38651,0.00819
2696.45772,0.00830
2694.52892,0.00828
2692.60012,0.00817
2690.67133,0.00828
2688.74253,0.00857
2686.81373,0.00880
2684.88494,0.00883
2682.95614,0.00858
2681.02734,0.00821
2679.09855,0.00807
2677.16975,0.00814
2675.24095,0.00819
2673.31216,0.00813
2671.38336,0.00803
2669.45456,0.00804
2667.52577,0.00817
2665.59697,0.00824
2663.66817,0.00809
2661.73938,0.00788
2659.81058,0.00786
2657.88178,0.00796
2655.95299,0.00808
2654.02419,0.00823
2652.09539,0.00828
2650.16660,0.00827
2648.23780,0.00831
2646.30900,0.00836
2644.38021,0.00852
2642.45141,0.00888
2640.52261,0.00899
2638.59382,0.00867
2636.66502,0.00841
2634.73622,0.00845
2632.80743,0.00872
2630.87863,0.00911
2628.94983,0.00933
2627.02104,0.00935
2625.09224,0.00946
2623.16344,0.00969
2621.23465,0.00994
2619.30585,0.01004
2617.37705,0.01003
2615.44826,0.01018
2613.51946,0.01055
2611.59066,0.01082
2609.66187,0.01092
2607.73307,0.01103
2605.80427,0.01114
2603.87548,0.01110
2601.94668,0.01109
2600.01788,0.01135
2598.08909,0.01183
2596.16029,0.01221
2594.23149,0.01210
2592.30270,0.01160
2590.37390,0.01121
2588.44510,0.01107
2586.51631,0.01105
2584.58751,0.01112
2582.65871,0.01135
2580.72992,0.01156
2578.80112,0.01148
2576.87232,0.01130
2574.94353,0.01125
2573.01473,0.01120
2571.08593,0.01100
2569.15714,0.01078
2567.22834,0.01078
2565.29954,0.01094
2563.37075,0.01092
2561.44195,0.01085
2559.51315,0.01105
2557.58436,0.01136
2555.65556,0.01168
2553.72676,0.01201
2551.79797,0.01219
2549.86917,0.01214
2547.94037,0.01183
2546.01158,0.01137
2544.08278,0.01108
2542.15398,0.01133
2540.22519,0.01178
2538.29639,0.01178
2536.36759,0.01149
2534.43880,0.01145
2532.51000,0.01163
2530.58120,0.01152
2528.65241,0.01100
2526.72361,0.01043
2524.79481,0.01006
2522.86602,0.01017
2520.93722,0.01063
2519.00842,0.01087
2517.07963,0.01096
2515.15083,0.01116
2513.22203,0.01132
2511.29324,0.01136
2509.36444,0.01123
2507.43564,0.01097
2505.50685,0.01096
2503.57805,0.01106
2501.64925,0.01096
2499.72046,0.01086
2497.79166,0.01084
2495.86286,0.01078
2493.93407,0.01062
2492.00527,0.01038
2490.07647,0.01033
2488.14768,0.01054
2486.21888,0.01090
2484.29008,0.01123
2482.36129,0.01131
2480.43249,0.01114
2478.50369,0.01086
2476.57490,0.01049
2474.64610,0.01011
2472.71730,0.00978
2470.78851,0.00936
2468.85971,0.00906
2466.93091,0.00938
2465.00212,0.00990
2463.07332,0.00992
2461.14452,0.00980
2459.21573,0.01010
2457.28693,0.01039
2455.35813,0.01023
2453.42934,0.01007
2451.50054,0.01036
2449.57174,0.01071
2447.64295,0.01049
2445.71415,0.00979
2443.78535,0.00924
2441.85656,0.00919
2439.92776,0.00934
2437.99896,0.00940
2436.07017,0.00938
2434.14137,0.00930
2432.21257,0.00931
2430.28378,0.00940
2428.35498,0.00935
2426.42618,0.00889
2424.49739,0.00812
2422.56859,0.00730
2420.63979,0.00672
2418.71100,0.00674
2416.78220,0.00721
2414.85340,0.00751
2412.92461,0.00744
2410.99581,0.00732
2409.06701,0.00722
2407.13822,0.00688
2405.20942,0.00650
2403.28062,0.00637
2401.35183,0.00634
2399.42303,0.00620
2397.49423,0.00593
2395.56544,0.00567
2393.63664,0.00550
2391.70784,0.00529
2389.77905,0.00510
2387.85025,0.00542
2385.92145,0.00655
2383.99266,0.00846
2382.06386,0.01119
2380.13506,0.01460
2378.20627,0.01830
2376.27747,0.02221
2374.34867,0.02662
2372.41988,0.03145
2370.49108,0.03604
2368.56228,0.03999
2366.63349,0.04340
2364.70469,0.04656
2362.77589,0.04941
2360.84710,0.05102
2358.91830,0.05018
2356.98951,0.04685
2355.06071,0.04185
2353.13191,0.03578
2351.20312,0.03002
2349.27432,0.02691
2347.34552,0.02768
2345.41673,0.03108
2343.48793,0.03368
2341.55913,0.03426
2339.63034,0.03392
2337.70154,0.03304
2335.77274,0.03212
2333.84395,0.03184
2331.91515,0.03189
2329.98635,0.03129
2328.05756,0.03000
2326.12876,0.02875
2324.19996,0.02797
2322.27117,0.02733
2320.34237,0.02607
2318.41357,0.02408
2316.48478,0.02221
2314.55598,0.02130
2312.62718,0.02105
2310.69839,0.02040
2308.76959,0.01887
2306.84079,0.01686
2304.91200,0.01511
2302.98320,0.01413
2301.05440,0.01361
2299.12561,0.01290
2297.19681,0.01188
2295.26801,0.01089
2293.33922,0.01027
2291.41042,0.01002
2289.48162,0.00999
2287.55283,0.00982
2285.62403,0.00933
2283.69523,0.00902
2281.76644,0.00945
2279.83764,0.01041
2277.90884,0.01124
2275.98005,0.01185
2274.05125,0.01251
2272.12245,0.01320
2270.19366,0.01377
2268.26486,0.01436
2266.33606,0.01517
2264.40727,0.01547
2262.47847,0.01516
2260.54967,0.01566
2258.62088,0.01744
2256.69208,0.01898
2254.76328,0.01927
2252.83449,0.01891
2250.90569,0.01812
2248.97689,0.01723
2247.04810,0.01734
2245.11930,0.01833
2243.19050,0.01910
2241.26171,0.01948
2239.33291,0.02023
2237.40411,0.02150
2235.47532,0.02236
2233.54652,0.02250
2231.61772,0.02264
2229.68893,0.02314
2227.76013,0.02372
2225.83133,0.02451
2223.90254,0.02508
2221.97374,0.02471
2220.04494,0.02514
2218.11615,0.02690
2216.18735,0.02763
2214.25855,0.02797
2212.32976,0.02946
2210.40096,0.03061
2208.47216,0.03079
2206.54337,0.03100
2204.61457,0.03171
2202.68577,0.03235
2200.75698,0.03249
2198.82818,0.03301
2196.89938,0.03401
2194.97059,0.03484
2193.04179,0.03595
2191.11299,0.03701
2189.18420,0.03643
2187.25540,0.03429
2185.32660,0.03353
2183.39781,0.03676
2181.46901,0.04247
2179.54021,0.04638
2177.61142,0.04676
2175.68262,0.04590
2173.75382,0.04500
2171.82503,0.04343
2169.89623,0.04285
2167.96743,0.04455
2166.03864,0.04793
2164.10984,0.05210
2162.18104,0.05571
2160.25225,0.05856
2158.32345,0.05928
2156.39465,0.05511
2154.46586,0.04871
2152.53706,0.04331
2150.60826,0.03835
2148.67947,0.03341
2146.75067,0.02937
2144.82187,0.02639
2142.89308,0.02392
2140.96428,0.02197
2139.03548,0.02064
2137.10669,0.01917
2135.17789,0.01664
2133.24909,0.01366
2131.32030,0.01131
2129.39150,0.00948
2127.46270,0.00821
2125.53391,0.00781
2123.60511,0.00782
2121.67631,0.00779
2119.74752,0.00736
2117.81872,0.00653
2115.88992,0.00629
2113.96113,0.00667
2112.03233,0.00651
2110.10353,0.00595
2108.17474,0.00598
2106.24594,0.00640
2104.31714,0.00667
2102.38835,0.00686
2100.45955,0.00670
2098.53075,0.00597
2096.60196,0.00538
2094.67316,0.00550
2092.74436,0.00586
2090.81557,0.00607
2088.88677,0.00603
2086.95797,0.00603
2085.02918,0.00636
2083.10038,0.00677
2081.17158,0.00728
2079.24279,0.00801
2077.31399,0.00834
2075.38519,0.00824
2073.45640,0.00844
2071.52760,0.00864
2069.59880,0.00835
2067.67001,0.00856
2065.74121,0.00934
2063.81241,0.00985
2061.88362,0.01050
2059.95482,0.01143
2058.02602,0.01192
2056.09723,0.01150
2054.16843,0.01041
2052.23963,0.01004
2050.31084,0.01207
2048.38204,0.01604
2046.45324,0.01933
2044.52445,0.02042
2042.59565,0.02009
2040.66685,0.02012
2038.73806,0.02136
2036.80926,0.02265
2034.88046,0.02341
2032.95167,0.02439
2031.02287,0.02461
2029.09407,0.02374
2027.16528,0.02415
2025.23648,0.02585
2023.30768,0.02657
2021.37889,0.02600
2019.45009,0.02506
2017.52129,0.02377
2015.59250,0.02227
2013.66370,0.02084
2011.73490,0.01920
2009.80611,0.01836
2007.87731,0.01861
2005.94851,0.01823
2004.01972,0.01660
2002.09092,0.01425
2000.16212,0.01227
1998.23333,0.01226
1996.30453,0.01424
1994.37574,0.01603
1992.44694,0.01578
1990.51814,0.01356
1988.58935,0.01165
1986.66055,0.01234
1984.73175,0.01474
1982.80296,0.01711
1980.87416,0.01857
1978.94536,0.01838
1977.01657,0.01722
1975.08777,0.01610
1973.15897,0.01560
1971.23018,0.01599
1969.30138,0.01606
1967.37258,0.01524
1965.44379,0.01418
1963.51499,0.01283
1961.58619,0.01109
1959.65740,0.00924
1957.72860,0.00767
1955.79980,0.00647
1953.87101,0.00544
1951.94221,0.00464
1950.01341,0.00423
1948.08462,0.00419
1946.15582,0.00457
1944.22702,0.00517
1942.29823,0.00443
1940.36943,0.00228
1938.44063,0.00094
1936.51184,0.00053
1934.58304,0.00004
1932.65424,-0.00042
1930.72545,-0.00065
1928.79665,-0.00067
1926.86785,-0.00012
1924.93906,0.00108
1923.01026,0.00172
1921.08146,0.00136
1919.15267,0.00116
1917.22387,0.00068
1915.29507,-0.00064
1913.36628,-0.00136
1911.43748,-0.00086
1909.50868,-0.00027
1907.57989,-0.00072
1905.65109,-0.00179
1903.72229,-0.00254
1901.79350,-0.00298
1899.86470,-0.00325
1897.93590,-0.00294
1896.00711,-0.00228
1894.07831,-0.00227
1892.14951,-0.00234
1890.22072,-0.00174
1888.29192,-0.00190
1886.36312,-0.00302
1884.43433,-0.00374
1882.50553,-0.00385
1880.57673,-0.00389
1878.64794,-0.00408
1876.71914,-0.00421
1874.79034,-0.00396
1872.86155,-0.00257
1870.93275,0.00051
1869.00395,0.00302
1867.07516,0.00179
1865.14636,-0.00131
1863.21756,-0.00313
1861.28877,-0.00355
1859.35997,-0.00366
1857.43117,-0.00407
1855.50238,-0.00459
1853.57358,-0.00488
1851.64478,-0.00460
1849.71599,-0.00329
1847.78719,-0.00107
1845.85839,0.00133
1843.92960,0.00153
1842.00080,-0.00118
1840.07200,-0.00337
1838.14321,-0.00382
1836.21441,-0.00384
1834.28561,-0.00360
1832.35682,-0.00169
1830.42802,0.00079
1828.49922,0.00104
1826.57043,0.00020
1824.64163,-0.00069
1822.71283,-0.00237
1820.78404,-0.00372
1818.85524,-0.00400
1816.92644,-0.00404
1814.99765,-0.00379
1813.06885,-0.00252
1811.14005,-0.00128
1809.21126,-0.00164
1807.28246,-0.00286
1805.35366,-0.00306
1803.42487,-0.00144
1801.49607,0.00045
1799.56727,0.00045
1797.63848,-0.00041
1795.70968,0.00021
1793.78088,0.00233
1791.85209,0.00278
1789.92329,-0.00022
1787.99449,-0.00279
1786.06570,-0.00300
1784.13690,-0.00223
1782.20810,-0.00139
1780.27931,-0.00105
1778.35051,-0.00137
1776.42171,-0.00048
1774.49292,0.00272
1772.56412,0.00581
1770.63532,0.00508
1768.70653,0.00193
1766.77773,-0.00103
1764.84893,-0.00195
1762.92014,-0.00065
1760.99134,0.00021
1759.06254,-0.00006
1757.13375,-0.00047
1755.20495,-0.00099
1753.27615,0.00039
1751.34736,0.00450
1749.41856,0.00703
1747.48976,0.00553
1745.56097,0.00333
1743.63217,0.00233
1741.70337,0.00209
1739.77458,0.00153
1737.84578,0.00140
1735.91698,0.00407
1733.98819,0.00752
1732.05939,0.00571
1730.13059,0.00134
1728.20180,-0.00224
1726.27300,-0.00377
1724.34420,-0.00310
1722.41541,-0.00133
1720.48661,0.00276
1718.55781,0.01002
1716.62902,0.01419
1714.70022,0.01112
1712.77142,0.00719
1710.84263,0.00645
1708.91383,0.00937
1706.98503,0.01513
1705.05624,0.02096
1703.12744,0.02630
1701.19864,0.03505
1699.26985,0.04520
1697.34105,0.05169
1695.41225,0.05668
1693.48346,0.06178
1691.55466,0.07041
1689.62586,0.08431
1687.69707,0.10015
1685.76827,0.11961
1683.83947,0.14365
1681.91068,0.15844
1679.98188,0.16765
1678.05308,0.17962
1676.12429,0.19598
1674.19549,0.21363
1672.26669,0.22849
1670.33790,0.24260
1668.40910,0.25293
1666.48030,0.25768
1664.55151,0.26338
1662.62271,0.26993
1660.69391,0.27252
1658.76512,0.27343
1656.83632,0.27740
1654.90752,0.28591
1652.97873,0.29137
1651.04993,0.28781
1649.12113,0.28846
1647.19234,0.29400
1645.26354,0.29699
1643.33474,0.29967
1641.40595,0.30811
1639.47715,0.32283
1637.54835,0.34420
1635.61956,0.37069
1633.69076,0.39027
1631.76197,0.40472
1629.83317,0.42293
1627.90437,0.44387
1625.97558,0.46208
1624.04678,0.47622
1622.11798,0.48437
1620.18919,0.48747
1618.26039,0.49006
1616.33159,0.48952
1614.40280,0.48467
1612.47400,0.48203
1610.54520,0.48362
1608.61641,0.48825
1606.68761,0.49477
1604.75881,0.50367
1602.83002,0.51463
1600.90122,0.52596
1598.97242,0.53675
1597.04363,0.54638
1595.11483,0.55331
1593.18603,0.55553
1591.25724,0.55285
1589.32844,0.54537
1587.39964,0.53321
1585.47085,0.51705
1583.54205,0.49754
1581.61325,0.47651
1579.68446,0.45718
1577.75566,0.43695
1575.82686,0.40743
1573.89807,0.37871
1571.96927,0.35847
1570.04047,0.33704
1568.11168,0.31231
1566.18288,0.29099
1564.25408,0.27401
1562.32529,0.26368
1560.39649,0.25825
1558.46769,0.24175
1556.53890,0.21837
1554.61010,0.20154
1552.68130,0.18864
1550.75251,0.17811
1548.82371,0.16860
1546.89491,0.16247
1544.96612,0.16107
1543.03732,0.16176
1541.10852,0.15933
1539.17973,0.14657
1537.25093,0.13399
1535.32213,0.12868
1533.39334,0.12484
1531.46454,0.11882
1529.53574,0.11510
1527.60695,0.11474
1525.67815,0.11493
1523.74935,0.11543
1521.82056,0.11519
1519.89176,0.11188
1517.96296,0.10806
1516.03417,0.10349
1514.10537,0.09875
1512.17657,0.09803
1510.24778,0.10310
1508.31898,0.11118
1506.39018,0.10958
1504.46139,0.09908
1502.53259,0.09463
1500.60379,0.09666
1498.67500,0.10206
1496.74620,0.10655
1494.81740,0.10890
1492.88861,0.11409
1490.95981,0.12541
1489.03101,0.13797
1487.10222,0.14529
1485.17342,0.15169
1483.24462,0.16182
1481.31583,0.17571
1479.38703,0.19123
1477.45823,0.20869
1475.52944,0.22909
1473.60064,0.25018
1471.67184,0.26581
1469.74305,0.27423
1467.81425,0.28264
1465.88545,0.29373
1463.95666,0.30224
1462.02786,0.30660
1460.09906,0.31180
1458.17027,0.31627
1456.24147,0.30824
1454.31267,0.29232
1452.38388,0.27813
1450.45508,0.26501
1448.52628,0.25045
1446.59749,0.23300
1444.66869,0.21554
1442.73989,0.19983
1440.81110,0.18664
1438.88230,0.17644
1436.95350,0.16498
1435.02471,0.15052
1433.09591,0.13866
1431.16711,0.12949
1429.23832,0.12018
1427.30952,0.11182
1425.38072,0.10590
1423.45193,0.10121
1421.52313,0.09795
1419.59433,0.09567
1417.66554,0.09005
1415.73674,0.08212
1413.80794,0.07622
1411.87915,0.07247
1409.95035,0.06937
1408.02155,0.06704
1406.09276,0.06562
1404.16396,0.06346
1402.23516,0.06132
1400.30637,0.06127
1398.37757,0.06206
1396.44877,0.06139
1394.51998,0.05824
1392.59118,0.05381
1390.66238,0.05145
1388.73359,0.05159
1386.80479,0.05084
1384.87599,0.04794
1382.94720,0.04558
1381.01840,0.04483
1379.08960,0.04488
1377.16081,0.04567
1375.23201,0.04668
1373.30321,0.04569
1371.37442,0.04323
1369.44562,0.04160
1367.51682,0.04083
1365.58803,0.04132
1363.65923,0.04303
1361.73043,0.04276
1359.80164,0.03998
1357.87284,0.03785
1355.94404,0.03710
1354.01525,0.03661
1352.08645,0.03603
1350.15765,0.03565
1348.22886,0.03531
1346.30006,0.03496
1344.37126,0.03521
1342.44247,0.03704
1340.51367,0.03986
1338.58487,0.04052
1336.65608,0.03833
1334.72728,0.03612
1332.79848,0.03518
1330.86969,0.03496
1328.94089,0.03475
1327.01209,0.03441
1325.08330,0.03409
1323.15450,0.03407
1321.22570,0.03450
1319.29691,0.03487
1317.36811,0.03451
1315.43931,0.03382
1313.51052,0.03322
1311.58172,0.03243
1309.65292,0.03164
1307.72413,0.03118
1305.79533,0.03090
1303.86653,0.03068
1301.93774,0.03057
1300.00894,0.03058
1298.08014,0.03068
1296.15135,0.03073
1294.22255,0.03069
1292.29375,0.03076
1290.36496,0.03105
1288.43616,0.03127
1286.50736,0.03115
1284.57857,0.03088
1282.64977,0.03080
1280.72097,0.03087
1278.79218,0.03093
1276.86338,0.03103
1274.93458,0.03128
1273.00579,0.03168
1271.07699,0.03197
1269.14820,0.03193
1267.21940,0.03171
1265.29060,0.03154
1263.36181,0.03151
1261.43301,0.03159
1259.50421,0.03156
1257.57542,0.03135
1255.64662,0.03120
1253.71782,0.03119
1251.78903,0.03126
1249.86023,0.03139
1247.93143,0.03154
1246.00264,0.03173
1244.07384,0.03190
1242.14504,0.03202
1240.21625,0.03211
1238.28745,0.03220
1236.35865,0.03231
1234.42986,0.03246
1232.50106,0.03266
1230.57226,0.03289
1228.64347,0.03317
1226.71467,0.03349
1224.78587,0.03381
1222.85708,0.03409
1220.92828,0.03441
1218.99948,0.03482
1217.07069,0.03525
1215.14189,0.03575
1213.21309,0.03634
1211.28430,0.03696
1209.35550,0.03762
1207.42670,0.03843
1205.49791,0.03938
1203.56911,0.04045
1201.64031,0.04165
1199.71152,0.04304
1197.78272,0.04462
1195.85392,0.04637
1193.92513,0.04832
1191.99633,0.05050
1190.06753,0.05299
1188.13874,0.05582
1186.20994,0.05895
1184.28114,0.06240
1182.35235,0.06627
1180.42355,0.07062
1178.49475,0.07545
1176.56596,0.08071
1174.63716,0.08631
1172.70836,0.09211
1170.77957,0.09806
1168.85077,0.10408
1166.92197,0.10996
1164.99318,0.11542
1163.06438,0.12019
1161.13558,0.12401
1159.20679,0.12658
1157.27799,0.12766
1155.34919,0.12722
1153.42040,0.12537
1151.49160,0.12221
1149.56280,0.11787
1147.63401,0.11262
1145.70521,0.10686
1143.77641,0.10091
1141.84762,0.09498
1139.91882,0.08926
1137.99002,0.08389
1136.06123,0.07894
1134.13243,0.07442
1132.20363,0.07036
1130.27484,0.06674
1128.34604,0.06349
1126.41724,0.06055
1124.48845,0.05796
1122.55965,0.05571
1120.63085,0.05374
1118.70206,0.05198
1116.77326,0.05043
1114.84446,0.04910
1112.91567,0.04796
1110.98687,0.04697
1109.05807,0.04611
1107.12928,0.04538
1105.20048,0.04475
1103.27168,0.04422
1101.34289,0.04382
1099.41409,0.04354
1097.48529,0.04338
1095.55650,0.04331
1093.62770,0.04333
1091.69890,0.04343
1089.77011,0.04361
1087.84131,0.04389
1085.91251,0.04428
1083.98372,0.04472
1082.05492,0.04522
1080.12612,0.04576
1078.19733,0.04632
1076.26853,0.04686
1074.33973,0.04738
1072.41094,0.04788
1070.48214,0.04830
1068.55334,0.04859
1066.62455,0.04876
1064.69575,0.04881
1062.76695,0.04876
1060.83816,0.04858
1058.90936,0.04823
1056.98056,0.04774
1055.05177,0.04716
1053.12297,0.04651
1051.19417,0.04581
1049.26538,0.04510
1047.33658,0.04441
1045.40778,0.04373
1043.47899,0.04302
1041.55019,0.04232
1039.62139,0.04163
1037.69260,0.04092
1035.76380,0.04022
1033.83500,0.03954
1031.90621,0.03889
1029.97741,0.03827
1028.04861,0.03769
1026.11982,0.03712
1024.19102,0.03657
1022.26222,0.03607
1020.33343,0.03563
1018.40463,0.03527
1016.47583,0.03499
1014.54704,0.03478
1012.61824,0.03461
1010.68944,0.03442
1008.76065,0.03407
1006.83185,0.03354
1004.90305,0.03288
1002.97426,0.03214
1001.04546,0.03141
999.11666,0.03079
997.18787,0.03031
995.25907,0.02995
993.33027,0.02962
991.40148,0.02925
989.47268,0.02887
987.54388,0.02850
985.61509,0.02809
983.68629,0.02761
981.75749,0.02712
979.82870,0.02662
977.89990,0.02610
975.97110,0.02554
974.04231,0.02499
972.11351,0.02450
970.18471,0.02404
968.25592,0.02355
966.32712,0.02307
964.39832,0.02263
962.46953,0.02223
960.54073,0.02183
958.61193,0.02142
956.68314,0.02105
954.75434,0.02073
952.82554,0.02042
950.89675,0.02009
948.96795,0.01975
947.03915,0.01938
945.11036,0.01898
943.18156,0.01860
941.25276,0.01823
939.32397,0.01783
937.39517,0.01738
935.46637,0.01690
933.53758,0.01639
931.60878,0.01584
929.67998,0.01525
927.75119,0.01466
925.82239,0.01404
923.89359,0.01341
921.96480,0.01276
920.03600,0.01212
918.10720,0.01150
916.17841,0.01088
914.24961,0.01029
912.32081,0.00974
910.39202,0.00921
908.46322,0.00868
906.53443,0.00816
904.60563,0.00767
902.67683,0.00719
900.74804,0.00671
898.81924,0.00624
896.89044,0.00580
894.96165,0.00535
893.03285,0.00482
891.10405,0.00419
889.17526,0.00355
887.24646,0.00297
885.31766,0.00241
883.38887,0.00182
881.46007,0.00121
879.53127,0.00062
877.60248,0.00008
875.67368,-0.00046
873.74488,-0.00103
871.81609,-0.00156
869.88729,-0.00198
867.95849,-0.00237
866.02970,-0.00278
864.10090,-0.00322
862.17210,-0.00363
860.24331,-0.00395
858.31451,-0.00419
856.38571,-0.00440
854.45692,-0.00464
852.52812,-0.00488
850.59932,-0.00510
848.67053,-0.00528
846.74173,-0.00546
844.81293,-0.00567
842.88414,-0.00585
840.95534,-0.00598
839.02654,-0.00613
837.09775,-0.00630
835.16895,-0.00643
833.24015,-0.00655
831.31136,-0.00672
829.38256,-0.00687
827.45376,-0.00694
825.52497,-0.00695
823.59617,-0.00700
821.66737,-0.00709
819.73858,-0.00715
817.80978,-0.00711
815.88098,-0.00699
813.95219,-0.00683
812.02339,-0.00665
810.09459,-0.00642
808.16580,-0.00602
806.23700,-0.00544
804.30820,-0.00482
802.37941,-0.00419
800.45061,-0.00335
798.52181,-0.00230
796.59302,-0.00111
794.66422,0.00017
792.73542,0.00145
790.80663,0.00266
788.87783,0.00377
786.94903,0.00460
785.02024,0.00471
783.09144,0.00407
781.16264,0.00308
779.23385,0.00191
777.30505,0.00037
775.37625,-0.00152
773.44746,-0.00336
771.51866,-0.00478
769.58986,-0.00586
767.66107,-0.00684
765.73227,-0.00750
763.80347,-0.00770
761.87468,-0.00785
759.94588,-0.00835
758.01708,-0.00886
756.08829,-0.00876
754.15949,-0.00827
752.23069,-0.00809
750.30190,-0.00826
748.37310,-0.00821
