3496.90832,0.02559
3494.97953,0.02860
3493.05073,0.02733
3491.12193,0.02482
3489.19314,0.02678
3487.26434,0.03007
3485.33554,0.03028
3483.40675,0.03037
3481.47795,0.02835
3479.54915,0.02170
3477.62036,0.01720
3475.69156,0.01801
3473.76276,0.02056
3471.83397,0.02427
3469.90517,0.02745
3467.97637,0.02531
3466.04758,0.02037
3464.11878,0.01841
3462.18998,0.01807
3460.26119,0.02090
3458.33239,0.02957
3456.40359,0.03548
3454.47480,0.03251
3452.54600,0.02506
3450.61721,0.01850
3448.68841,0.01829
3446.75961,0.02707
3444.83082,0.03197
3442.90202,0.01990
3440.97322,0.00666
3439.04443,0.00982
3437.11563,0.01870
3435.18683,0.01980
3433.25804,0.01566
3431.32924,0.01226
3429.40044,0.00877
3427.47165,0.00537
3425.54285,0.00590
3423.61405,0.00994
3421.68526,0.01510
3419.75646,0.01679
3417.82766,0.01104
3415.89887,0.00629
3413.97007,0.01008
3412.04127,0.01282
3410.11248,0.00724
3408.18368,0.00197
3406.25488,0.00182
3404.32609,0.00176
3402.39729,-0.00166
3400.46849,-0.00598
3398.53970,-0.00343
3396.61090,0.00909
3394.68210,0.02199
3392.75331,0.02648
3390.82451,0.02358
3388.89571,0.01661
3386.96692,0.00925
3385.03812,0.00609
3383.10932,0.00814
3381.18053,0.01400
3379.25173,0.01995
3377.32293,0.02377
3375.39414,0.02658
3373.46534,0.02742
3371.53654,0.02864
3369.60775,0.03592
3367.67895,0.04438
3365.75015,0.04107
3363.82136,0.02808
3361.89256,0.02373
3359.96376,0.03229
3358.03497,0.04361
3356.10617,0.04748
3354.17737,0.03779
3352.24858,0.02327
3350.31978,0.01678
3348.39098,0.01686
3346.46219,0.02095
3344.53339,0.03020
3342.60459,0.03789
3340.67580,0.03812
3338.74700,0.03361
3336.81820,0.02392
3334.88941,0.00880
3332.96061,-0.00128
3331.03181,0.00069
3329.10302,0.01006
3327.17422,0.01776
3325.24542,0.01803
3323.31663,0.01480
3321.38783,0.01443
3319.45903,0.01488
3317.53024,0.01247
3315.60144,0.00533
3313.67264,-0.00255
3311.74385,-0.00203
3309.81505,0.00548
3307.88625,0.00992
3305.95746,0.00736
3304.02866,0.00348
3302.09986,0.00262
3300.17107,0.00157
3298.24227,0.00034
3296.31347,0.00181
3294.38468,0.00488
3292.45588,0.00734
3290.52708,0.00849
3288.59829,0.00715
3286.66949,0.00197
3284.74069,-0.00229
3282.81190,-0.00237
3280.88310,-0.00154
3278.95430,-0.00100
3277.02551,-0.00405
3275.09671,-0.01117
3273.16791,-0.01141
3271.23912,-0.00119
3269.31032,0.00473
3267.38152,-0.00245
3265.45273,-0.01207
3263.52393,-0.01339
3261.59513,-0.00817
3259.66634,-0.00353
3257.73754,-0.00061
3255.80874,0.00430
3253.87995,0.00737
3251.95115,0.00586
3250.02235,0.00500
3248.09356,0.00479
3246.16476,0.00409
3244.23596,0.00576
3242.30717,0.00570
3240.37837,0.00007
3238.44957,-0.00241
3236.52078,0.00483
3234.59198,0.01177
3232.66318,0.00875
3230.73439,-0.00016
3228.80559,-0.00551
3226.87679,-0.00188
3224.94800,0.00885
3223.01920,0.01944
3221.09040,0.02410
3219.16161,0.02325
3217.23281,0.02203
3215.30401,0.02288
3213.37522,0.02121
3211.44642,0.01569
3209.51762,0.01363
3207.58883,0.01738
3205.66003,0.01966
3203.73123,0.01628
3201.80244,0.01241
3199.87364,0.01444
3197.94484,0.01995
3196.01605,0.02263
3194.08725,0.02144
3192.15845,0.01761
3190.22966,0.01321
3188.30086,0.01106
3186.37206,0.01105
3184.44327,0.01231
3182.51447,0.01380
3180.58567,0.01276
3178.65688,0.01014
3176.72808,0.00863
3174.79928,0.00804
3172.87049,0.00901
3170.94169,0.00952
3169.01289,0.00725
3167.08410,0.00519
3165.15530,0.00554
3163.22650,0.00615
3161.29771,0.00388
3159.36891,0.00166
3157.44011,0.00608
3155.51132,0.01296
3153.58252,0.01286
3151.65372,0.00792
3149.72493,0.00366
3147.79613,0.00077
3145.86733,0.00042
3143.93854,0.00058
3142.00974,-0.00015
3140.08094,0.00171
3138.15215,0.00381
3136.22335,0.00248
3134.29455,0.00070
3132.36576,0.00081
3130.43696,0.00172
3128.50816,0.00332
3126.57937,0.00654
3124.65057,0.00976
3122.72177,0.01013
3120.79298,0.00740
3118.86418,0.00421
3116.93538,0.00307
3115.00659,0.00275
3113.07779,0.00075
3111.14899,-0.00239
3109.22020,-0.00415
3107.29140,-0.00335
3105.36260,-0.00136
3103.43381,-0.00069
3101.50501,-0.00189
3099.57621,-0.00301
3097.64742,-0.00303
3095.71862,-0.00246
3093.78982,-0.00186
3091.86103,-0.00150
3089.93223,-0.00113
3088.00344,-0.00026
3086.07464,0.00127
3084.14584,0.00276
3082.21705,0.00280
3080.28825,0.00149
3078.35945,0.00031
3076.43066,-0.00011
3074.50186,0.00009
3072.57306,0.00082
3070.64427,0.00131
3068.71547,0.00100
3066.78667,0.00059
3064.85788,0.00063
3062.92908,0.00084
3061.00028,0.00075
3059.07149,0.00063
3057.14269,0.00078
3055.21389,0.00097
3053.28510,0.00124
3051.35630,0.00160
3049.42750,0.00208
3047.49871,0.00270
3045.56991,0.00252
3043.64111,0.00139
3041.71232,0.00063
3039.78352,0.00062
3037.85472,0.00115
3035.92593,0.00223
3033.99713,0.00295
3032.06833,0.00270
3030.13954,0.00276
3028.21074,0.00362
3026.28194,0.00378
3024.35315,0.00282
3022.42435,0.00208
3020.49555,0.00225
3018.56676,0.00303
3016.63796,0.00389
3014.70916,0.00424
3012.78037,0.00395
3010.85157,0.00368
3008.92277,0.00397
3006.99398,0.00436
3005.06518,0.00433
3003.13638,0.00370
3001.20759,0.00294
2999.27879,0.00322
2997.34999,0.00458
2995.42120,0.00526
2993.49240,0.00452
2991.56360,0.00394
2989.63481,0.00439
2987.70601,0.00491
2985.77721,0.00511
2983.84842,0.00518
2981.91962,0.00512
2979.99082,0.00515
2978.06203,0.00519
2976.13323,0.00496
2974.20443,0.00494
2972.27564,0.00551
2970.34684,0.00619
2968.41804,0.00642
2966.48925,0.00603
2964.56045,0.00563
2962.63165,0.00561
2960.70286,0.00546
2958.77406,0.00526
2956.84526,0.00534
2954.91647,0.00544
2952.98767,0.00553
2951.05887,0.00598
2949.13008,0.00673
2947.20128,0.00741
2945.27248,0.00753
2943.34369,0.00671
2941.41489,0.00553
2939.48609,0.00509
2937.55730,0.00554
2935.62850,0.00638
2933.69970,0.00713
2931.77091,0.00756
2929.84211,0.00752
2927.91331,0.00719
2925.98452,0.00723
2924.05572,0.00754
2922.12692,0.00762
2920.19813,0.00781
2918.26933,0.00836
2916.34053,0.00878
2914.41174,0.00879
2912.48294,0.00871
2910.55414,0.00865
2908.62535,0.00838
2906.69655,0.00781
2904.76775,0.00726
2902.83896,0.00712
2900.91016,0.00718
2898.98136,0.00722
2897.05257,0.00742
2895.12377,0.00778
2893.19497,0.00805
2891.26618,0.00786
2889.33738,0.00747
2887.40858,0.00758
2885.47979,0.00808
2883.55099,0.00861
2881.62219,0.00903
2879.69340,0.00909
2877.76460,0.00890
2875.83580,0.00887
2873.90701,0.00906
2871.97821,0.00907
2870.04941,0.00877
2868.12062,0.00847
2866.19182,0.00844
2864.26302,0.00883
2862.33423,0.00945
2860.40543,0.00989
2858.47663,0.01018
2856.54784,0.01050
2854.61904,0.01061
2852.69024,0.01032
2850.76145,0.01001
2848.83265,0.00999
2846.90385,0.01013
2844.97506,0.01039
2843.04626,0.01079
2841.11746,0.01120
2839.18867,0.01165
2837.25987,0.01207
2835.33107,0.01224
2833.40228,0.01205
2831.47348,0.01166
2829.54468,0.01153
2827.61589,0.01177
2825.68709,0.01209
2823.75829,0.01228
2821.82950,0.01235
2819.90070,0.01236
2817.97190,0.01236
2816.04311,0.01233
2814.11431,0.01222
2812.18551,0.01211
2810.25672,0.01207
2808.32792,0.01201
2806.39912,0.01190
2804.47033,0.01180
2802.54153,0.01166
2800.61273,0.01149
2798.68394,0.01137
2796.75514,0.01140
2794.82634,0.01155
2792.89755,0.01161
2790.96875,0.01140
2789.03995,0.01104
2787.11116,0.01081
2785.18236,0.01071
2783.25356,0.01058
2781.32477,0.01051
2779.39597,0.01062
2777.46717,0.01081
2775.53838,0.01086
2773.60958,0.01074
2771.68078,0.01060
2769.75199,0.01057
2767.82319,0.01047
2765.89439,0.01029
2763.96560,0.01020
2762.03680,0.01005
2760.10800,0.00982
2758.17921,0.00975
2756.25041,0.00973
2754.32161,0.00969
2752.39282,0.00969
2750.46402,0.00956
2748.53522,0.00941
2746.60643,0.00951
2744.67763,0.00970
2742.74883,0.00971
2740.82004,0.00967
2738.89124,0.00981
2736.96244,0.01002
2735.03365,0.01017
2733.10485,0.01021
2731.17605,0.01015
2729.24726,0.01011
2727.31846,0.01023
2725.38967,0.01031
2723.46087,0.01029
2721.53207,0.01029
2719.60328,0.01024
2717.67448,0.01013
2715.74568,0.01011
2713.81689,0.01006
2711.88809,0.00983
2709.95929,0.00952
2708.03050,0.00942
2706.10170,0.00959
2704.17290,0.00977
2702.24411,0.00970
2700.31531,0.00950
2698.38651,0.00942
2696.45772,0.00943
2694.52892,0.00936
2692.60012,0.00920
2690.67133,0.00920
2688.74253,0.00937
2686.81373,0.00950
2684.88494,0.00961
2682.95614,0.00969
2681.02734,0.00970
2679.09855,0.00973
2677.16975,0.00981
2675.24095,0.00981
2673.31216,0.00969
2671.38336,0.00957
2669.45456,0.00960
2667.52577,0.00968
2665.59697,0.00967
2663.66817,0.00955
2661.73938,0.00943
2659.81058,0.00949
2657.88178,0.00967
2655.95299,0.00969
2654.02419,0.00951
2652.09539,0.00937
2650.16660,0.00940
2648.23780,0.00947
2646.30900,0.00951
2644.38021,0.00964
2642.45141,0.00990
2640.52261,0.01010
2638.59382,0.01006
2636.66502,0.00995
2634.73622,0.01003
2632.80743,0.01039
2630.87863,0.01072
2628.94983,0.01069
2627.02104,0.01066
2625.09224,0.01102
2623.16344,0.01148
2621.23465,0.01171
2619.30585,0.01176
2617.37705,0.01169
2615.44826,0.01176
2613.51946,0.01207
2611.59066,0.01221
2609.66187,0.01208
2607.73307,0.01202
2605.80427,0.01202
2603.87548,0.01200
2601.94668,0.01210
2600.01788,0.01221
2598.08909,0.01218
2596.16029,0.01223
2594.23149,0.01257
2592.30270,0.01286
2590.37390,0.01283
2588.44510,0.01268
2586.51631,0.01280
2584.58751,0.01303
2582.65871,0.01296
2580.72992,0.01283
2578.80112,0.01287
2576.87232,0.01283
2574.94353,0.01264
2573.01473,0.01238
2571.08593,0.01207
2569.15714,0.01208
2567.22834,0.01255
2565.29954,0.01273
2563.37075,0.01221
2561.44195,0.01158
2559.51315,0.01128
2557.58436,0.01125
2555.65556,0.01137
2553.72676,0.01162
2551.79797,0.01203
2549.86917,0.01243
2547.94037,0.01280
2546.01158,0.01315
2544.08278,0.01304
2542.15398,0.01271
2540.22519,0.01274
2538.29639,0.01278
2536.36759,0.01262
2534.43880,0.01265
2532.51000,0.01288
2530.58120,0.01301
2528.65241,0.01299
2526.72361,0.01279
2524.79481,0.01225
2522.86602,0.01170
2520.93722,0.01171
2519.00842,0.01220
2517.07963,0.01268
2515.15083,0.01276
2513.22203,0.01237
2511.29324,0.01186
2509.36444,0.01152
2507.43564,0.01145
2505.50685,0.01164
2503.57805,0.01183
2501.64925,0.01181
2499.72046,0.01173
2497.79166,0.01172
2495.86286,0.01180
2493.93407,0.01183
2492.00527,0.01171
2490.07647,0.01163
2488.14768,0.01170
2486.21888,0.01182
2484.29008,0.01180
2482.36129,0.01166
2480.43249,0.01164
2478.50369,0.01184
2476.57490,0.01192
2474.64610,0.01165
2472.71730,0.01140
2470.78851,0.01148
2468.85971,0.01154
2466.93091,0.01144
2465.00212,0.01130
2463.07332,0.01091
2461.14452,0.01045
2459.21573,0.01048
2457.28693,0.01063
2455.35813,0.01049
2453.42934,0.01056
2451.50054,0.01096
2449.57174,0.01121
2447.64295,0.01113
2445.71415,0.01079
2443.78535,0.01046
2441.85656,0.01049
2439.92776,0.01071
2437.99896,0.01081
2436.07017,0.01086
2434.14137,0.01103
2432.21257,0.01118
2430.28378,0.01095
2428.35498,0.01043
2426.42618,0.00999
2424.49739,0.00972
2422.56859,0.00949
2420.63979,0.00919
2418.71100,0.00877
2416.78220,0.00847
2414.85340,0.00842
2412.92461,0.00833
2410.99581,0.00812
2409.06701,0.00805
2407.13822,0.00798
2405.20942,0.00768
2403.28062,0.00746
2401.35183,0.00738
2399.42303,0.00711
2397.49423,0.00678
2395.56544,0.00684
2393.63664,0.00708
2391.70784,0.00712
2389.77905,0.00724
2387.85025,0.00812
2385.92145,0.00976
2383.99266,0.01209
2382.06386,0.01537
2380.13506,0.01954
2378.20627,0.02405
2376.27747,0.02857
2374.34867,0.03350
2372.41988,0.03898
2370.49108,0.04396
2368.56228,0.04807
2366.63349,0.05195
2364.70469,0.05563
2362.77589,0.05851
2360.84710,0.06018
2358.91830,0.05951
2356.98951,0.05564
2355.06071,0.04981
2353.13191,0.04334
2351.20312,0.03735
2349.27432,0.03426
2347.34552,0.03565
2345.41673,0.03996
2343.48793,0.04277
2341.55913,0.04278
2339.63034,0.04220
2337.70154,0.04165
2335.77274,0.04080
2333.84395,0.04015
2331.91515,0.04005
2329.98635,0.03952
2328.05756,0.03809
2326.12876,0.03671
2324.19996,0.03575
2322.27117,0.03448
2320.34237,0.03231
2318.41357,0.02978
2316.48478,0.02771
2314.55598,0.02630
2312.62718,0.02530
2310.69839,0.02416
2308.76959,0.02237
2306.84079,0.02011
2304.91200,0.01816
2302.98320,0.01696
2301.05440,0.01621
2299.12561,0.01539
2297.19681,0.01424
2295.26801,0.01312
2293.33922,0.01249
2291.41042,0.01210
2289.48162,0.01151
2287.55283,0.01088
2285.62403,0.01066
2283.69523,0.01082
2281.76644,0.01125
2279.83764,0.01200
2277.90884,0.01258
2275.98005,0.01295
2274.05125,0.01372
2272.12245,0.01452
2270.19366,0.01468
2268.26486,0.01491
2266.33606,0.01567
2264.40727,0.01587
2262.47847,0.01530
2260.54967,0.01527
2258.62088,0.01628
2256.69208,0.01745
2254.76328,0.01811
2252.83449,0.01831
2250.90569,0.01777
2248.97689,0.01682
2247.04810,0.01685
2245.11930,0.01826
2243.19050,0.01988
2241.26171,0.02035
2239.33291,0.02009
2237.40411,0.02057
2235.47532,0.02146
2233.54652,0.02147
2231.61772,0.02118
2229.68893,0.02150
2227.76013,0.02212
2225.83133,0.02322
2223.90254,0.02433
2221.97374,0.02402
2220.04494,0.02366
2218.11615,0.02461
2216.18735,0.02547
2214.25855,0.02634
2212.32976,0.02763
2210.40096,0.02804
2208.47216,0.02742
2206.54337,0.02659
2204.61457,0.02650
2202.68577,0.02748
2200.75698,0.02826
2198.82818,0.02830
2196.89938,0.02850
2194.97059,0.02942
2193.04179,0.03088
2191.11299,0.03237
2189.18420,0.03320
2187.25540,0.03292
2185.32660,0.03314
2183.39781,0.03605
2181.46901,0.04050
2179.54021,0.04333
2177.61142,0.04259
2175.68262,0.03951
2173.75382,0.03727
2171.82503,0.03648
2169.89623,0.03657
2167.96743,0.03813
2166.03864,0.04099
2164.10984,0.04448
2162.18104,0.04907
2160.25225,0.05376
2158.32345,0.05313
2156.39465,0.04595
2154.46586,0.03958
2152.53706,0.03701
2150.60826,0.03473
2148.67947,0.03072
2146.75067,0.02658
2144.82187,0.02360
2142.89308,0.02120
2140.96428,0.01918
2139.03548,0.01827
2137.10669,0.01763
2135.17789,0.01579
2133.24909,0.01339
2131.32030,0.01208
2129.39150,0.01168
2127.46270,0.01073
2125.53391,0.00917
2123.60511,0.00803
2121.67631,0.00756
2119.74752,0.00715
2117.81872,0.00646
2115.88992,0.00611
2113.96113,0.00647
2112.03233,0.00684
2110.10353,0.00677
2108.17474,0.00666
2106.24594,0.00674
2104.31714,0.00714
2102.38835,0.00790
2100.45955,0.00838
2098.53075,0.00824
2096.60196,0.00814
2094.67316,0.00834
2092.74436,0.00844
2090.81557,0.00839
2088.88677,0.00812
2086.95797,0.00783
2085.02918,0.00793
2083.10038,0.00799
2081.17158,0.00772
2079.24279,0.00773
2077.31399,0.00824
2075.38519,0.00881
2073.45640,0.00955
2071.52760,0.01039
2069.59880,0.01059
2067.67001,0.01076
2065.74121,0.01162
2063.81241,0.01190
2061.88362,0.01106
2059.95482,0.01050
2058.02602,0.01064
2056.09723,0.01053
2054.16843,0.01007
2052.23963,0.01027
2050.31084,0.01214
2048.38204,0.01548
2046.45324,0.01864
2044.52445,0.02057
2042.59565,0.02123
2040.66685,0.02117
2038.73806,0.02114
2036.80926,0.02083
2034.88046,0.02007
2032.95167,0.02085
2031.02287,0.02307
2029.09407,0.02374
2027.16528,0.02253
2025.23648,0.02122
2023.30768,0.02096
2021.37889,0.02191
2019.45009,0.02354
2017.52129,0.02401
2015.59250,0.02184
2013.66370,0.01952
2011.73490,0.02007
2009.80611,0.02161
2007.87731,0.02066
2005.94851,0.01793
2004.01972,0.01534
2002.09092,0.01316
2000.16212,0.01211
1998.23333,0.01253
1996.30453,0.01408
1994.37574,0.01605
1992.44694,0.01641
1990.51814,0.01441
1988.58935,0.01302
1986.66055,0.01408
1984.73175,0.01556
1982.80296,0.01590
1980.87416,0.01560
1978.94536,0.01513
1977.01657,0.01476
1975.08777,0.01442
1973.15897,0.01369
1971.23018,0.01343
1969.30138,0.01388
1967.37258,0.01364
1965.44379,0.01200
1963.51499,0.00951
1961.58619,0.00745
1959.65740,0.00682
1957.72860,0.00688
1955.79980,0.00651
1953.87101,0.00571
1951.94221,0.00506
1950.01341,0.00515
1948.08462,0.00620
1946.15582,0.00789
1944.22702,0.00943
1942.29823,0.00884
1940.36943,0.00597
1938.44063,0.00357
1936.51184,0.00251
1934.58304,0.00218
1932.65424,0.00226
1930.72545,0.00223
1928.79665,0.00185
1926.86785,0.00208
1924.93906,0.00373
1923.01026,0.00505
1921.08146,0.00489
1919.15267,0.00464
1917.22387,0.00382
1915.29507,0.00203
1913.36628,0.00145
1911.43748,0.00260
1909.50868,0.00338
1907.57989,0.00250
1905.65109,0.00111
1903.72229,0.00039
1901.79350,0.00019
1899.86470,0.00029
1897.93590,0.00093
1896.00711,0.00167
1894.07831,0.00170
1892.14951,0.00196
1890.22072,0.00289
1888.29192,0.00235
1886.36312,0.00070
1884.43433,-0.00018
1882.50553,-0.00055
1880.57673,-0.00092
1878.64794,-0.00124
1876.71914,-0.00138
1874.79034,-0.00113
1872.86155,0.00069
1870.93275,0.00507
1869.00395,0.00868
1867.07516,0.00669
1865.14636,0.00219
1863.21756,-0.00011
1861.28877,-0.00031
1859.35997,-0.00023
1857.43117,-0.00071
1855.50238,-0.00145
1853.57358,-0.00179
1851.64478,-0.00119
1849.71599,0.00085
1847.78719,0.00425
1845.85839,0.00803
1843.92960,0.00854
1842.00080,0.00453
1840.07200,0.00123
1838.14321,0.00049
1836.21441,0.00027
1834.28561,0.00052
1832.35682,0.00342
1830.42802,0.00722
1828.49922,0.00748
1826.57043,0.00594
1824.64163,0.00428
1822.71283,0.00152
1820.78404,-0.00058
1818.85524,-0.00093
1816.92644,-0.00089
1814.99765,-0.00043
1813.06885,0.00160
1811.14005,0.00352
1809.21126,0.00294
1807.28246,0.00115
1805.35366,0.00100
1803.42487,0.00350
1801.49607,0.00646
1799.56727,0.00675
1797.63848,0.00572
1795.70968,0.00675
1793.78088,0.01007
1791.85209,0.01079
1789.92329,0.00613
1787.99449,0.00213
1786.06570,0.00175
1784.13690,0.00284
1782.20810,0.00400
1780.27931,0.00437
1778.35051,0.00377
1776.42171,0.00506
1774.49292,0.00995
1772.56412,0.01458
1770.63532,0.01320
1768.70653,0.00824
1766.77773,0.00384
1764.84893,0.00263
1762.92014,0.00471
1760.99134,0.00606
1759.06254,0.00572
1757.13375,0.00535
1755.20495,0.00484
1753.27615,0.00713
1751.34736,0.01356
1749.41856,0.01766
1747.48976,0.01560
1745.56097,0.01230
1743.63217,0.01075
1741.70337,0.01037
1739.77458,0.00966
1737.84578,0.00954
1735.91698,0.01347
1733.98819,0.01836
1732.05939,0.01529
1730.13059,0.00847
1728.20180,0.00285
1726.27300,0.00034
1724.34420,0.00106
1722.41541,0.00342
1720.48661,0.00931
1718.55781,0.01994
1716.62902,0.02565
1714.70022,0.01997
1712.77142,0.01289
1710.84263,0.01052
1708.91383,0.01357
1706.98503,0.02046
1705.05624,0.02686
1703.12744,0.03230
1701.19864,0.04181
1699.26985,0.05201
1697.34105,0.05624
1695.41225,0.05665
1693.48346,0.05692
1691.55466,0.06286
1689.62586,0.07541
1687.69707,0.09071
1685.76827,0.11078
1683.83947,0.13351
1681.91068,0.14306
1679.98188,0.14762
1678.05308,0.15689
1676.12429,0.17184
1674.19549,0.18818
1672.26669,0.20209
1670.33790,0.21555
1668.40910,0.22331
1666.48030,0.22502
1664.55151,0.22960
1662.62271,0.23583
1660.69391,0.23729
1658.76512,0.23760
1656.83632,0.24311
1654.90752,0.25563
1652.97873,0.26399
1651.04993,0.25869
1649.12113,0.25906
1647.19234,0.26516
1645.26354,0.26524
1643.33474,0.26414
1641.40595,0.27069
1639.47715,0.28523
1637.54835,0.30719
1635.61956,0.33125
1633.69076,0.34413
1631.76197,0.35320
1629.83317,0.36798
1627.90437,0.38562
1625.97558,0.40032
1624.04678,0.41093
1622.11798,0.41499
1620.18919,0.41507
1618.26039,0.41663
1616.33159,0.41489
1614.40280,0.40773
1612.47400,0.40364
1610.54520,0.40492
1608.61641,0.40918
1606.68761,0.41457
1604.75881,0.42195
1602.83002,0.43130
1600.90122,0.44063
1598.97242,0.44900
1597.04363,0.45627
1595.11483,0.46072
1593.18603,0.46027
1591.25724,0.45507
1589.32844,0.44561
1587.39964,0.43237
1585.47085,0.41625
1583.54205,0.39780
1581.61325,0.37878
1579.68446,0.36293
1577.75566,0.34822
1575.82686,0.32435
1573.89807,0.29897
1571.96927,0.28270
1570.04047,0.26737
1568.11168,0.24781
1566.18288,0.23026
1564.25408,0.21752
1562.32529,0.21251
1560.39649,0.21576
1558.46769,0.20843
1556.53890,0.18598
1554.61010,0.16872
1552.68130,0.15700
1550.75251,0.14856
1548.82371,0.14120
1546.89491,0.13789
1544.96612,0.14118
1543.03732,0.14764
1541.10852,0.14954
1539.17973,0.13559
1537.25093,0.11993
1535.32213,0.11453
1533.39334,0.11186
1531.46454,0.10559
1529.53574,0.10208
1527.60695,0.10373
1525.67815,0.10624
1523.74935,0.10895
1521.82056,0.11058
1519.89176,0.10737
1517.96296,0.10299
1516.03417,0.09732
1514.10537,0.09105
1512.17657,0.09055
1510.24778,0.09869
1508.31898,0.11141
1506.39018,0.10899
1504.46139,0.09256
1502.53259,0.08512
1500.60379,0.08710
1498.67500,0.09343
1496.74620,0.09724
1494.81740,0.09725
1492.88861,0.10158
1490.95981,0.11403
1489.03101,0.12623
1487.10222,0.12957
1485.17342,0.13155
1483.24462,0.13866
1481.31583,0.15023
1479.38703,0.16369
1477.45823,0.17994
1475.52944,0.19995
1473.60064,0.21943
1471.67184,0.22966
1469.74305,0.23186
1467.81425,0.23654
1465.88545,0.24530
1463.95666,0.25074
1462.02786,0.25267
1460.09906,0.25839
1458.17027,0.26516
1456.24147,0.25587
1454.31267,0.23647
1452.38388,0.22097
1450.45508,0.20891
1448.52628,0.19685
1446.59749,0.18178
1444.66869,0.16633
1442.73989,0.15319
1440.81110,0.14342
1438.88230,0.13769
1436.95350,0.13124
1435.02471,0.11971
1433.09591,0.10941
1431.16711,0.10244
1429.23832,0.09525
1427.30952,0.08850
1425.38072,0.08465
1423.45193,0.08225
1421.52313,0.08132
1419.59433,0.08183
1417.66554,0.07728
1415.73674,0.06833
1413.80794,0.06196
1411.87915,0.05881
1409.95035,0.05654
1408.02155,0.05525
1406.09276,0.05524
1404.16396,0.05401
1402.23516,0.05242
1400.30637,0.05375
1398.37757,0.05636
1396.44877,0.05666
1394.51998,0.05308
1392.59118,0.04734
1390.66238,0.04453
1388.73359,0.04548
1386.80479,0.04513
1384.87599,0.04140
1382.94720,0.03838
1381.01840,0.03777
1379.08960,0.03839
1377.16081,0.04010
1375.23201,0.04218
1373.30321,0.04124
1371.37442,0.03805
1369.44562,0.03611
1367.51682,0.03544
1365.58803,0.03666
1363.65923,0.03980
1361.73043,0.03998
1359.80164,0.03626
1357.87284,0.03342
1355.94404,0.03259
1354.01525,0.03207
1352.08645,0.03139
1350.15765,0.03099
1348.22886,0.03062
1346.30006,0.03015
1344.37126,0.03052
1342.44247,0.03324
1340.51367,0.03737
1338.58487,0.03817
1336.65608,0.03463
1334.72728,0.03104
1332.79848,0.02945
1330.86969,0.02907
1328.94089,0.02891
1327.01209,0.02867
1325.08330,0.02854
1323.15450,0.02890
1321.22570,0.03001
1319.29691,0.03110
1317.36811,0.03104
1315.43931,0.03041
1313.51052,0.02986
1311.58172,0.02896
1309.65292,0.02802
1307.72413,0.02754
1305.79533,0.02726
1303.86653,0.02704
1301.93774,0.02694
1300.00894,0.02698
1298.08014,0.02713
1296.15135,0.02716
1294.22255,0.02702
1292.29375,0.02702
1290.36496,0.02734
1288.43616,0.02759
1286.50736,0.02735
1284.57857,0.02688
1282.64977,0.02668
1280.72097,0.02669
1278.79218,0.02670
1276.86338,0.02676
1274.93458,0.02712
1273.00579,0.02777
1271.07699,0.02829
1269.14820,0.02834
1267.21940,0.02813
1265.29060,0.02797
1263.36181,0.02803
1261.43301,0.02830
1259.50421,0.02837
1257.57542,0.02814
1255.64662,0.02796
1253.71782,0.02795
1251.78903,0.02801
1249.86023,0.02809
1247.93143,0.02818
1246.00264,0.02832
1244.07384,0.02845
1242.14504,0.02847
1240.21625,0.02844
1238.28745,0.02845
1236.35865,0.02852
1234.42986,0.02862
1232.50106,0.02877
1230.57226,0.02899
1228.64347,0.02928
1226.71467,0.02964
1224.78587,0.02995
1222.85708,0.03019
1220.92828,0.03050
1218.99948,0.03090
1217.07069,0.03133
1215.14189,0.03181
1213.21309,0.03237
1211.28430,0.03289
1209.35550,0.03338
1207.42670,0.03393
1205.49791,0.03457
1203.56911,0.03531
1201.64031,0.03617
1199.71152,0.03717
1197.78272,0.03829
1195.85392,0.03952
1193.92513,0.04090
1191.99633,0.04251
1190.06753,0.04442
1188.13874,0.04663
1186.20994,0.04904
1184.28114,0.05166
1182.35235,0.05466
1180.42355,0.05816
1178.49475,0.06213
1176.56596,0.06648
1174.63716,0.07108
1172.70836,0.07581
1170.77957,0.08065
1168.85077,0.08562
1166.92197,0.09049
1164.99318,0.09500
1163.06438,0.09890
1161.13558,0.10198
1159.20679,0.10399
1157.27799,0.10477
1155.34919,0.10429
1153.42040,0.10262
1151.49160,0.09988
1149.56280,0.09620
1147.63401,0.09180
1145.70521,0.08698
1143.77641,0.08203
1141.84762,0.07714
1139.91882,0.07247
1137.99002,0.06815
1136.06123,0.06415
1134.13243,0.06046
1132.20363,0.05717
1130.27484,0.05434
1128.34604,0.05187
1126.41724,0.04967
1124.48845,0.04775
1122.55965,0.04610
1120.63085,0.04471
1118.70206,0.04349
1116.77326,0.04242
1114.84446,0.04149
1112.91567,0.04067
1110.98687,0.03995
1109.05807,0.03933
1107.12928,0.03881
1105.20048,0.03833
1103.27168,0.03788
1101.34289,0.03754
1099.41409,0.03736
1097.48529,0.03732
1095.55650,0.03738
1093.62770,0.03754
1091.69890,0.03780
1089.77011,0.03809
1087.84131,0.03843
1085.91251,0.03880
1083.98372,0.03919
1082.05492,0.03960
1080.12612,0.04007
1078.19733,0.04059
1076.26853,0.04117
1074.33973,0.04180
1072.41094,0.04241
1070.48214,0.04292
1068.55334,0.04329
1066.62455,0.04350
1064.69575,0.04355
1062.76695,0.04349
1060.83816,0.04329
1058.90936,0.04293
1056.98056,0.04242
1055.05177,0.04182
1053.12297,0.04115
1051.19417,0.04037
1049.26538,0.03955
1047.33658,0.03875
1045.40778,0.03796
1043.47899,0.03716
1041.55019,0.03640
1039.62139,0.03570
1037.69260,0.03505
1035.76380,0.03444
1033.83500,0.03389
1031.90621,0.03339
1029.97741,0.03295
1028.04861,0.03255
1026.11982,0.03217
1024.19102,0.03180
1022.26222,0.03149
1020.33343,0.03122
1018.40463,0.03101
1016.47583,0.03084
1014.54704,0.03069
1012.61824,0.03053
1010.68944,0.03032
1008.76065,0.02995
1006.83185,0.02943
1004.90305,0.02876
1002.97426,0.02802
1001.04546,0.02730
999.11666,0.02669
997.18787,0.02618
995.25907,0.02575
993.33027,0.02536
991.40148,0.02498
989.47268,0.02465
987.54388,0.02435
985.61509,0.02404
983.68629,0.02373
981.75749,0.02345
979.82870,0.02322
977.89990,0.02302
975.97110,0.02283
974.04231,0.02266
972.11351,0.02248
970.18471,0.02225
968.25592,0.02194
966.32712,0.02157
964.39832,0.02117
962.46953,0.02077
960.54073,0.02037
958.61193,0.01997
956.68314,0.01960
954.75434,0.01923
952.82554,0.01886
950.89675,0.01850
948.96795,0.01814
947.03915,0.01773
945.11036,0.01729
943.18156,0.01688
941.25276,0.01652
939.32397,0.01617
937.39517,0.01580
935.46637,0.01542
933.53758,0.01504
931.60878,0.01468
929.67998,0.01432
927.75119,0.01396
925.82239,0.01360
923.89359,0.01324
921.96480,0.01285
920.03600,0.01242
918.10720,0.01197
916.17841,0.01149
914.24961,0.01103
912.32081,0.01057
910.39202,0.01010
908.46322,0.00960
906.53443,0.00910
904.60563,0.00862
902.67683,0.00814
900.74804,0.00766
898.81924,0.00719
896.89044,0.00675
894.96165,0.00631
893.03285,0.00584
891.10405,0.00533
889.17526,0.00484
887.24646,0.00441
885.31766,0.00400
883.38887,0.00357
881.46007,0.00314
879.53127,0.00275
877.60248,0.00243
875.67368,0.00213
873.74488,0.00182
871.81609,0.00150
869.88729,0.00124
867.95849,0.00099
866.02970,0.00070
864.10090,0.00034
862.17210,-0.00005
860.24331,-0.00040
858.31451,-0.00066
856.38571,-0.00084
854.45692,-0.00105
852.52812,-0.00132
850.59932,-0.00159
848.67053,-0.00182
846.74173,-0.00204
844.81293,-0.00224
842.88414,-0.00235
840.95534,-0.00237
839.02654,-0.00241
837.09775,-0.00252
835.16895,-0.00262
833.24015,-0.00265
831.31136,-0.00266
829.38256,-0.00266
827.45376,-0.00258
825.52497,-0.00245
823.59617,-0.00240
821.66737,-0.00245
819.73858,-0.00240
817.80978,-0.00217
815.88098,-0.00198
813.95219,-0.00194
812.02339,-0.00187
810.09459,-0.00169
808.16580,-0.00156
806.23700,-0.00138
804.30820,-0.00105
802.37941,-0.00062
800.45061,-0.00012
798.52181,0.00050
796.59302,0.00131
794.66422,0.00240
792.73542,0.00357
790.80663,0.00453
788.87783,0.00534
786.94903,0.00610
785.02024,0.00644
783.09144,0.00610
781.16264,0.00535
779.23385,0.00445
777.30505,0.00334
775.37625,0.00202
773.44746,0.00080
771.51866,-0.00007
769.58986,-0.00066
767.66107,-0.00124
765.73227,-0.00184
763.80347,-0.00220
761.87468,-0.00229
759.94588,-0.00253
758.01708,-0.00298
756.08829,-0.00315
754.15949,-0.00303
752.23069,-0.00299
750.30190,-0.00291
748.37310,-0.00248
