3496.90832,0.01866
3494.97953,0.02044
3493.05073,0.02489
3491.12193,0.02476
3489.19314,0.01968
3487.26434,0.01736
3485.33554,0.02236
3483.40675,0.02994
3481.47795,0.03279
3479.54915,0.03035
3477.62036,0.02679
3475.69156,0.02549
3473.76276,0.02641
3471.83397,0.02839
3469.90517,0.03009
3467.97637,0.02790
3466.04758,0.02298
3464.11878,0.02118
3462.18998,0.02565
3460.26119,0.03609
3458.33239,0.04537
3456.40359,0.04519
3454.47480,0.03649
3452.54600,0.02909
3450.61721,0.02893
3448.68841,0.02967
3446.75961,0.02940
3444.83082,0.02978
3442.90202,0.02542
3440.97322,0.01946
3439.04443,0.01698
3437.11563,0.01417
3435.18683,0.00864
3433.25804,0.00424
3431.32924,0.00632
3429.40044,0.01067
3427.47165,0.01089
3425.54285,0.01049
3423.61405,0.01305
3421.68526,0.01750
3419.75646,0.02267
3417.82766,0.02221
3415.89887,0.01545
3413.97007,0.01548
3412.04127,0.02124
3410.11248,0.01864
3408.18368,0.01134
3406.25488,0.00725
3404.32609,0.00364
3402.39729,0.00248
3400.46849,0.00641
3398.53970,0.01279
3396.61090,0.01789
3394.68210,0.01752
3392.75331,0.01386
3390.82451,0.01348
3388.89571,0.01475
3386.96692,0.01255
3385.03812,0.00884
3383.10932,0.00848
3381.18053,0.01263
3379.25173,0.01696
3377.32293,0.01832
3375.39414,0.02044
3373.46534,0.02532
3371.53654,0.02741
3369.60775,0.02608
3367.67895,0.02667
3365.75015,0.02746
3363.82136,0.02593
3361.89256,0.02768
3359.96376,0.03520
3358.03497,0.04184
3356.10617,0.03975
3354.17737,0.03076
3352.24858,0.02487
3350.31978,0.02327
3348.39098,0.02128
3346.46219,0.02511
3344.53339,0.03753
3342.60459,0.04627
3340.67580,0.04480
3338.74700,0.03881
3336.81820,0.02950
3334.88941,0.01683
3332.96061,0.00639
3331.03181,0.00129
3329.10302,0.00354
3327.17422,0.01183
3325.24542,0.01899
3323.31663,0.02326
3321.38783,0.02506
3319.45903,0.02162
3317.53024,0.01427
3315.60144,0.00561
3313.67264,0.00021
3311.74385,0.00297
3309.81505,0.00965
3307.88625,0.01563
3305.95746,0.01830
3304.02866,0.01551
3302.09986,0.00942
3300.17107,0.00017
3298.24227,-0.00749
3296.31347,-0.00502
3294.38468,0.00398
3292.45588,0.00963
3290.52708,0.00532
3288.59829,-0.00659
3286.66949,-0.01474
3284.74069,-0.01340
3282.81190,-0.00856
3280.88310,-0.00628
3278.95430,-0.00445
3277.02551,-0.00254
3275.09671,-0.00464
3273.16791,-0.00839
3271.23912,-0.00821
3269.31032,-0.00680
3267.38152,-0.00926
3265.45273,-0.01237
3263.52393,-0.00965
3261.59513,-0.00364
3259.66634,0.00042
3257.73754,0.00445
3255.80874,0.00841
3253.87995,0.00851
3251.95115,0.00780
3250.02235,0.01037
3248.09356,0.01341
3246.16476,0.01479
3244.23596,0.01409
3242.30717,0.00809
3240.37837,0.00003
3238.44957,-0.00082
3236.52078,0.00618
3234.59198,0.00967
3232.66318,0.00428
3230.73439,-0.00033
3228.80559,0.00224
3226.87679,0.00548
3224.94800,0.00770
3223.01920,0.01345
3221.09040,0.02025
3219.16161,0.02228
3217.23281,0.02029
3215.30401,0.01775
3213.37522,0.01557
3211.44642,0.01474
3209.51762,0.01450
3207.58883,0.01282
3205.66003,0.01147
3203.73123,0.01240
3201.80244,0.01523
3199.87364,0.01963
3197.94484,0.02312
3196.01605,0.02179
3194.08725,0.01703
3192.15845,0.01487
3190.22966,0.01707
3188.30086,0.01867
3186.37206,0.01796
3184.44327,0.01900
3182.51447,0.02077
3180.58567,0.01805
3178.65688,0.01306
3176.72808,0.01125
3174.79928,0.01183
3172.87049,0.01129
3170.94169,0.00819
3169.01289,0.00473
3167.08410,0.00332
3165.15530,0.00330
3163.22650,0.00400
3161.29771,0.00462
3159.36891,0.00572
3157.44011,0.00925
3155.51132,0.01200
3153.58252,0.00953
3151.65372,0.00442
3149.72493,0.00110
3147.79613,0.00015
3145.86733,0.00110
3143.93854,0.00196
3142.00974,0.00103
3140.08094,0.00091
3138.15215,0.00272
3136.22335,0.00491
3134.29455,0.00645
3132.36576,0.00580
3130.43696,0.00356
3128.50816,0.00296
3126.57937,0.00506
3124.65057,0.00754
3122.72177,0.00802
3120.79298,0.00635
3118.86418,0.00496
3116.93538,0.00566
3115.00659,0.00611
3113.07779,0.00438
3111.14899,0.00272
3109.22020,0.00283
3107.29140,0.00335
3105.36260,0.00312
3103.43381,0.00240
3101.50501,0.00113
3099.57621,-0.00104
3097.64742,-0.00278
3095.71862,-0.00248
3093.78982,-0.00109
3091.86103,-0.00001
3089.93223,0.00066
3088.00344,0.00102
3086.07464,0.00187
3084.14584,0.00364
3082.21705,0.00477
3080.28825,0.00424
3078.35945,0.00282
3076.43066,0.00168
3074.50186,0.00152
3072.57306,0.00238
3070.64427,0.00357
3068.71547,0.00411
3066.78667,0.00395
3064.85788,0.00354
3062.92908,0.00243
3061.00028,0.00104
3059.07149,0.00122
3057.14269,0.00297
3055.21389,0.00401
3053.28510,0.00352
3051.35630,0.00306
3049.42750,0.00356
3047.49871,0.00410
3045.56991,0.00388
3043.64111,0.00311
3041.71232,0.00253
3039.78352,0.00254
3037.85472,0.00296
3035.92593,0.00369
3033.99713,0.00414
3032.06833,0.00362
3030.13954,0.00315
3028.21074,0.00389
3026.28194,0.00476
3024.35315,0.00446
3022.42435,0.00329
3020.49555,0.00213
3018.56676,0.00197
3016.63796,0.00330
3014.70916,0.00488
3012.78037,0.00546
3010.85157,0.00497
3008.92277,0.00408
3006.99398,0.00406
3005.06518,0.00487
3003.13638,0.00499
3001.20759,0.00427
2999.27879,0.00434
2997.34999,0.00561
2995.42120,0.00613
2993.49240,0.00500
2991.56360,0.00417
2989.63481,0.00477
2987.70601,0.00565
2985.77721,0.00615
2983.84842,0.00643
2981.91962,0.00637
2979.99082,0.00641
2978.06203,0.00656
2976.13323,0.00602
2974.20443,0.00555
2972.27564,0.00611
2970.34684,0.00677
2968.41804,0.00661
2966.48925,0.00591
2964.56045,0.00564
2962.63165,0.00607
2960.70286,0.00625
2958.77406,0.00598
2956.84526,0.00607
2954.91647,0.00672
2952.98767,0.00733
2951.05887,0.00760
2949.13008,0.00771
2947.20128,0.00807
2945.27248,0.00864
2943.34369,0.00839
2941.41489,0.00717
2939.48609,0.00639
2937.55730,0.00665
2935.62850,0.00726
2933.69970,0.00772
2931.77091,0.00806
2929.84211,0.00827
2927.91331,0.00823
2925.98452,0.00828
2924.05572,0.00856
2922.12692,0.00864
2920.19813,0.00867
2918.26933,0.00902
2916.34053,0.00939
2914.41174,0.00944
2912.48294,0.00931
2910.55414,0.00923
2908.62535,0.00896
2906.69655,0.00842
2904.76775,0.00800
2902.83896,0.00809
2900.91016,0.00843
2898.98136,0.00858
2897.05257,0.00869
2895.12377,0.00906
2893.19497,0.00922
2891.26618,0.00874
2889.33738,0.00829
2887.40858,0.00854
2885.47979,0.00906
2883.55099,0.00923
2881.62219,0.00918
2879.69340,0.00935
2877.76460,0.00965
2875.83580,0.00976
2873.90701,0.00972
2871.97821,0.00946
2870.04941,0.00896
2868.12062,0.00870
2866.19182,0.00905
2864.26302,0.00984
2862.33423,0.01061
2860.40543,0.01111
2858.47663,0.01131
2856.54784,0.01123
2854.61904,0.01111
2852.69024,0.01118
2850.76145,0.01135
2848.83265,0.01138
2846.90385,0.01120
2844.97506,0.01120
2843.04626,0.01165
2841.11746,0.01212
2839.18867,0.01225
2837.25987,0.01230
2835.33107,0.01256
2833.40228,0.01255
2831.47348,0.01204
2829.54468,0.01178
2827.61589,0.01206
2825.68709,0.01243
2823.75829,0.01266
2821.82950,0.01278
2819.90070,0.01283
2817.97190,0.01289
2816.04311,0.01297
2814.11431,0.01293
2812.18551,0.01271
2810.25672,0.01252
2808.32792,0.01256
2806.39912,0.01275
2804.47033,0.01277
2802.54153,0.01252
2800.61273,0.01233
2798.68394,0.01239
2796.75514,0.01243
2794.82634,0.01231
2792.89755,0.01223
2790.96875,0.01217
2789.03995,0.01175
2787.11116,0.01112
2785.18236,0.01094
2783.25356,0.01119
2781.32477,0.01132
2779.39597,0.01119
2777.46717,0.01103
2775.53838,0.01110
2773.60958,0.01130
2771.68078,0.01131
2769.75199,0.01104
2767.82319,0.01069
2765.89439,0.01043
2763.96560,0.01027
2762.03680,0.01020
2760.10800,0.01010
2758.17921,0.00996
2756.25041,0.00994
2754.32161,0.01008
2752.39282,0.01020
2750.46402,0.01011
2748.53522,0.01003
2746.60643,0.01012
2744.67763,0.01015
2742.74883,0.01000
2740.82004,0.00996
2738.89124,0.01017
2736.96244,0.01037
2735.03365,0.01046
2733.10485,0.01041
2731.17605,0.01015
2729.24726,0.00987
2727.31846,0.00979
2725.38967,0.00992
2723.46087,0.01025
2721.53207,0.01046
2719.60328,0.01029
2717.67448,0.01016
2715.74568,0.01042
2713.81689,0.01068
2711.88809,0.01053
2709.95929,0.01014
2708.03050,0.01000
2706.10170,0.01016
2704.17290,0.01036
2702.24411,0.01041
2700.31531,0.01021
2698.38651,0.00998
2696.45772,0.00996
2694.52892,0.00990
2692.60012,0.00970
2690.67133,0.00972
2688.74253,0.01004
2686.81373,0.01040
2684.88494,0.01056
2682.95614,0.01041
2681.02734,0.01013
2679.09855,0.01006
2677.16975,0.01006
2675.24095,0.00999
2673.31216,0.00994
2671.38336,0.00999
2669.45456,0.01009
2667.52577,0.01011
2665.59697,0.01004
2663.66817,0.00991
2661.73938,0.00987
2659.81058,0.00998
2657.88178,0.01008
2655.95299,0.00999
2654.02419,0.00986
2652.09539,0.00992
2650.16660,0.01010
2648.23780,0.01023
2646.30900,0.01032
2644.38021,0.01044
2642.45141,0.01064
2640.52261,0.01083
2638.59382,0.01090
2636.66502,0.01081
2634.73622,0.01073
2632.80743,0.01086
2630.87863,0.01101
2628.94983,0.01093
2627.02104,0.01087
2625.09224,0.01118
2623.16344,0.01161
2621.23465,0.01169
2619.30585,0.01153
2617.37705,0.01149
2615.44826,0.01180
2613.51946,0.01223
2611.59066,0.01239
2609.66187,0.01237
2607.73307,0.01251
2605.80427,0.01266
2603.87548,0.01264
2601.94668,0.01268
2600.01788,0.01286
2598.08909,0.01300
2596.16029,0.01319
2594.23149,0.01339
2592.30270,0.01343
2590.37390,0.01338
2588.44510,0.01327
2586.51631,0.01304
2584.58751,0.01297
2582.65871,0.01342
2580.72992,0.01393
2578.80112,0.01380
2576.87232,0.01332
2574.94353,0.01293
2573.01473,0.01254
2571.08593,0.01229
2569.15714,0.01232
2567.22834,0.01241
2565.29954,0.01244
2563.37075,0.01233
2561.44195,0.01218
2559.51315,0.01235
2557.58436,0.01264
2555.65556,0.01263
2553.72676,0.01261
2551.79797,0.01298
2549.86917,0.01344
2547.94037,0.01352
2546.01158,0.01327
2544.08278,0.01299
2542.15398,0.01296
2540.22519,0.01304
2538.29639,0.01281
2536.36759,0.01233
2534.43880,0.01203
2532.51000,0.01218
2530.58120,0.01262
2528.65241,0.01297
2526.72361,0.01297
2524.79481,0.01255
2522.86602,0.01208
2520.93722,0.01186
2519.00842,0.01191
2517.07963,0.01207
2515.15083,0.01218
2513.22203,0.01231
2511.29324,0.01259
2509.36444,0.01285
2507.43564,0.01285
2505.50685,0.01270
2503.57805,0.01267
2501.64925,0.01277
2499.72046,0.01271
2497.79166,0.01227
2495.86286,0.01172
2493.93407,0.01149
2492.00527,0.01164
2490.07647,0.01188
2488.14768,0.01205
2486.21888,0.01227
2484.29008,0.01249
2482.36129,0.01255
2480.43249,0.01247
2478.50369,0.01221
2476.57490,0.01181
2474.64610,0.01153
2472.71730,0.01153
2470.78851,0.01154
2468.85971,0.01138
2466.93091,0.01132
2465.00212,0.01147
2463.07332,0.01148
2461.14452,0.01143
2459.21573,0.01162
2457.28693,0.01181
2455.35813,0.01175
2453.42934,0.01168
2451.50054,0.01167
2449.57174,0.01153
2447.64295,0.01138
2445.71415,0.01118
2443.78535,0.01072
2441.85656,0.01034
2439.92776,0.01048
2437.99896,0.01088
2436.07017,0.01099
2434.14137,0.01085
2432.21257,0.01082
2430.28378,0.01083
2428.35498,0.01062
2426.42618,0.01011
2424.49739,0.00955
2422.56859,0.00930
2420.63979,0.00932
2418.71100,0.00936
2416.78220,0.00935
2414.85340,0.00917
2412.92461,0.00888
2410.99581,0.00881
2409.06701,0.00893
2407.13822,0.00877
2405.20942,0.00834
2403.28062,0.00809
2401.35183,0.00801
2399.42303,0.00776
2397.49423,0.00750
2395.56544,0.00767
2393.63664,0.00790
2391.70784,0.00760
2389.77905,0.00732
2387.85025,0.00786
2385.92145,0.00928
2383.99266,0.01140
2382.06386,0.01417
2380.13506,0.01753
2378.20627,0.02136
2376.27747,0.02558
2374.34867,0.03045
2372.41988,0.03585
2370.49108,0.04090
2368.56228,0.04496
2366.63349,0.04811
2364.70469,0.05082
2362.77589,0.05356
2360.84710,0.05535
2358.91830,0.05417
2356.98951,0.04997
2355.06071,0.04456
2353.13191,0.03881
2351.20312,0.03345
2349.27432,0.03065
2347.34552,0.03190
2345.41673,0.03599
2343.48793,0.03894
2341.55913,0.03917
2339.63034,0.03849
2337.70154,0.03765
2335.77274,0.03669
2333.84395,0.03621
2331.91515,0.03631
2329.98635,0.03584
2328.05756,0.03443
2326.12876,0.03320
2324.19996,0.03268
2322.27117,0.03199
2320.34237,0.03022
2318.41357,0.02768
2316.48478,0.02546
2314.55598,0.02434
2312.62718,0.02394
2310.69839,0.02306
2308.76959,0.02132
2306.84079,0.01940
2304.91200,0.01778
2302.98320,0.01646
2301.05440,0.01551
2299.12561,0.01486
2297.19681,0.01403
2295.26801,0.01300
2293.33922,0.01247
2291.41042,0.01252
2289.48162,0.01239
2287.55283,0.01172
2285.62403,0.01093
2283.69523,0.01078
2281.76644,0.01155
2279.83764,0.01240
2277.90884,0.01259
2275.98005,0.01284
2274.05125,0.01379
2272.12245,0.01457
2270.19366,0.01441
2268.26486,0.01447
2266.33606,0.01565
2264.40727,0.01645
2262.47847,0.01609
2260.54967,0.01618
2258.62088,0.01766
2256.69208,0.01902
2254.76328,0.01896
2252.83449,0.01845
2250.90569,0.01809
2248.97689,0.01778
2247.04810,0.01824
2245.11930,0.01931
2243.19050,0.01986
2241.26171,0.01982
2239.33291,0.02012
2237.40411,0.02091
2235.47532,0.02127
2233.54652,0.02103
2231.61772,0.02105
2229.68893,0.02160
2227.76013,0.02218
2225.83133,0.02291
2223.90254,0.02327
2221.97374,0.02268
2220.04494,0.02330
2218.11615,0.02570
2216.18735,0.02676
2214.25855,0.02654
2212.32976,0.02731
2210.40096,0.02764
2208.47216,0.02637
2206.54337,0.02578
2204.61457,0.02716
2202.68577,0.02884
2200.75698,0.02956
2198.82818,0.03042
2196.89938,0.03183
2194.97059,0.03227
2193.04179,0.03207
2191.11299,0.03299
2189.18420,0.03411
2187.25540,0.03346
2185.32660,0.03206
2183.39781,0.03192
2181.46901,0.03332
2179.54021,0.03504
2177.61142,0.03614
2175.68262,0.03726
2173.75382,0.03769
2171.82503,0.03675
2169.89623,0.03696
2167.96743,0.03866
2166.03864,0.04027
2164.10984,0.04211
2162.18104,0.04390
2160.25225,0.04654
2158.32345,0.04892
2156.39465,0.04605
2154.46586,0.04024
2152.53706,0.03566
2150.60826,0.03219
2148.67947,0.02893
2146.75067,0.02503
2144.82187,0.02132
2142.89308,0.01902
2140.96428,0.01776
2139.03548,0.01739
2137.10669,0.01734
2135.17789,0.01634
2133.24909,0.01435
2131.32030,0.01254
2129.39150,0.01152
2127.46270,0.01059
2125.53391,0.00930
2123.60511,0.00803
2121.67631,0.00724
2119.74752,0.00702
2117.81872,0.00719
2115.88992,0.00764
2113.96113,0.00799
2112.03233,0.00801
2110.10353,0.00791
2108.17474,0.00792
2106.24594,0.00847
2104.31714,0.00949
2102.38835,0.00997
2100.45955,0.00908
2098.53075,0.00751
2096.60196,0.00690
2094.67316,0.00760
2092.74436,0.00861
2090.81557,0.00899
2088.88677,0.00858
2086.95797,0.00817
2085.02918,0.00833
2083.10038,0.00880
2081.17158,0.00942
2079.24279,0.01005
2077.31399,0.01043
2075.38519,0.01048
2073.45640,0.01043
2071.52760,0.01047
2069.59880,0.01055
2067.67001,0.01078
2065.74121,0.01128
2063.81241,0.01172
2061.88362,0.01165
2059.95482,0.01161
2058.02602,0.01221
2056.09723,0.01248
2054.16843,0.01205
2052.23963,0.01188
2050.31084,0.01298
2048.38204,0.01535
2046.45324,0.01735
2044.52445,0.01871
2042.59565,0.02027
2040.66685,0.02119
2038.73806,0.02069
2036.80926,0.01965
2034.88046,0.02013
2032.95167,0.02284
2031.02287,0.02431
2029.09407,0.02205
2027.16528,0.01973
2025.23648,0.02101
2023.30768,0.02318
2021.37889,0.02276
2019.45009,0.02132
2017.52129,0.02049
2015.59250,0.01909
2013.66370,0.01709
2011.73490,0.01601
2009.80611,0.01618
2007.87731,0.01642
2005.94851,0.01584
2004.01972,0.01466
2002.09092,0.01369
2000.16212,0.01337
1998.23333,0.01393
1996.30453,0.01576
1994.37574,0.01781
1992.44694,0.01776
1990.51814,0.01519
1988.58935,0.01279
1986.66055,0.01277
1984.73175,0.01427
1982.80296,0.01568
1980.87416,0.01623
1978.94536,0.01558
1977.01657,0.01496
1975.08777,0.01536
1973.15897,0.01496
1971.23018,0.01302
1969.30138,0.01114
1967.37258,0.01053
1965.44379,0.01061
1963.51499,0.00987
1961.58619,0.00823
1959.65740,0.00675
1957.72860,0.00591
1955.79980,0.00551
1953.87101,0.00527
1951.94221,0.00483
1950.01341,0.00471
1948.08462,0.00574
1946.15582,0.00747
1944.22702,0.00882
1942.29823,0.00818
1940.36943,0.00552
1938.44063,0.00347
1936.51184,0.00268
1934.58304,0.00214
1932.65424,0.00176
1930.72545,0.00171
1928.79665,0.00182
1926.86785,0.00236
1924.93906,0.00387
1923.01026,0.00524
1921.08146,0.00561
1919.15267,0.00582
1917.22387,0.00500
1915.29507,0.00279
1913.36628,0.00164
1911.43748,0.00245
1909.50868,0.00333
1907.57989,0.00277
1905.65109,0.00151
1903.72229,0.00065
1901.79350,0.00019
1899.86470,0.00002
1897.93590,0.00059
1896.00711,0.00152
1894.07831,0.00177
1892.14951,0.00220
1890.22072,0.00314
1888.29192,0.00243
1886.36312,0.00067
1884.43433,-0.00016
1882.50553,-0.00035
1880.57673,-0.00047
1878.64794,-0.00067
1876.71914,-0.00090
1874.79034,-0.00076
1872.86155,0.00112
1870.93275,0.00580
1869.00395,0.00972
1867.07516,0.00776
1865.14636,0.00305
1863.21756,0.00048
1861.28877,-0.00002
1859.35997,-0.00021
1857.43117,-0.00077
1855.50238,-0.00132
1853.57358,-0.00145
1851.64478,-0.00083
1849.71599,0.00111
1847.78719,0.00435
1845.85839,0.00790
1843.92960,0.00828
1842.00080,0.00432
1840.07200,0.00115
1838.14321,0.00056
1836.21441,0.00052
1834.28561,0.00089
1832.35682,0.00383
1830.42802,0.00764
1828.49922,0.00801
1826.57043,0.00661
1824.64163,0.00500
1822.71283,0.00221
1820.78404,0.00011
1818.85524,-0.00019
1816.92644,-0.00012
1814.99765,0.00028
1813.06885,0.00217
1811.14005,0.00400
1809.21126,0.00334
1807.28246,0.00146
1805.35366,0.00125
1803.42487,0.00375
1801.49607,0.00668
1799.56727,0.00683
1797.63848,0.00564
1795.70968,0.00668
1793.78088,0.01011
1791.85209,0.01088
1789.92329,0.00617
1787.99449,0.00218
1786.06570,0.00186
1784.13690,0.00302
1782.20810,0.00425
1780.27931,0.00470
1778.35051,0.00419
1776.42171,0.00552
1774.49292,0.01046
1772.56412,0.01520
1770.63532,0.01392
1768.70653,0.00895
1766.77773,0.00447
1764.84893,0.00317
1762.92014,0.00520
1760.99134,0.00654
1759.06254,0.00616
1757.13375,0.00566
1755.20495,0.00504
1753.27615,0.00726
1751.34736,0.01358
1749.41856,0.01762
1747.48976,0.01554
1745.56097,0.01225
1743.63217,0.01074
1741.70337,0.01047
1739.77458,0.00980
1737.84578,0.00969
1735.91698,0.01372
1733.98819,0.01881
1732.05939,0.01590
1730.13059,0.00917
1728.20180,0.00360
1726.27300,0.00111
1724.34420,0.00189
1722.41541,0.00431
1720.48661,0.01021
1718.55781,0.02085
1716.62902,0.02652
1714.70022,0.02076
1712.77142,0.01361
1710.84263,0.01120
1708.91383,0.01417
1706.98503,0.02097
1705.05624,0.02726
1703.12744,0.03259
1701.19864,0.04202
1699.26985,0.05227
1697.34105,0.05660
1695.41225,0.05701
1693.48346,0.05726
1691.55466,0.06330
1689.62586,0.07606
1687.69707,0.09154
1685.76827,0.11173
1683.83947,0.13457
1681.91068,0.14414
1679.98188,0.14871
1678.05308,0.15803
1676.12429,0.17307
1674.19549,0.18954
1672.26669,0.20350
1670.33790,0.21700
1668.40910,0.22491
1666.48030,0.22675
1664.55151,0.23140
1662.62271,0.23760
1660.69391,0.23892
1658.76512,0.23915
1656.83632,0.24472
1654.90752,0.25733
1652.97873,0.26555
1651.04993,0.26008
1649.12113,0.26046
1647.19234,0.26666
1645.26354,0.26679
1643.33474,0.26559
1641.40595,0.27202
1639.47715,0.28652
1637.54835,0.30870
1635.61956,0.33325
1633.69076,0.34634
1631.76197,0.35533
1629.83317,0.37013
1627.90437,0.38791
1625.97558,0.40267
1624.04678,0.41331
1622.11798,0.41744
1620.18919,0.41759
1618.26039,0.41921
1616.33159,0.41743
1614.40280,0.41008
1612.47400,0.40579
1610.54520,0.40697
1608.61641,0.41117
1606.68761,0.41642
1604.75881,0.42366
1602.83002,0.43289
1600.90122,0.44211
1598.97242,0.45048
1597.04363,0.45791
1595.11483,0.46253
1593.18603,0.46211
1591.25724,0.45688
1589.32844,0.44746
1587.39964,0.43434
1585.47085,0.41839
1583.54205,0.40013
1581.61325,0.38129
1579.68446,0.36560
1577.75566,0.35098
1575.82686,0.32719
1573.89807,0.30185
1571.96927,0.28557
1570.04047,0.27014
1568.11168,0.25041
1566.18288,0.23272
1564.25408,0.21993
1562.32529,0.21494
1560.39649,0.21822
1558.46769,0.21078
1556.53890,0.18813
1554.61010,0.17074
1552.68130,0.15893
1550.75251,0.15042
1548.82371,0.14304
1546.89491,0.13974
1544.96612,0.14309
1543.03732,0.14969
1541.10852,0.15173
1539.17973,0.13781
1537.25093,0.12209
1535.32213,0.11664
1533.39334,0.11395
1531.46454,0.10770
1529.53574,0.10421
1527.60695,0.10586
1525.67815,0.10837
1523.74935,0.11107
1521.82056,0.11263
1519.89176,0.10929
1517.96296,0.10476
1516.03417,0.09891
1514.10537,0.09250
1512.17657,0.09190
1510.24778,0.09993
1508.31898,0.11248
1506.39018,0.10987
1504.46139,0.09334
1502.53259,0.08587
1500.60379,0.08783
1498.67500,0.09416
1496.74620,0.09803
1494.81740,0.09814
1492.88861,0.10256
1490.95981,0.11509
1489.03101,0.12734
1487.10222,0.13071
1485.17342,0.13273
1483.24462,0.13995
1481.31583,0.15166
1479.38703,0.16525
1477.45823,0.18162
1475.52944,0.20172
1473.60064,0.22123
1471.67184,0.23143
1469.74305,0.23358
1467.81425,0.23820
1465.88545,0.24687
1463.95666,0.25221
1462.02786,0.25403
1460.09906,0.25964
1458.17027,0.26634
1456.24147,0.25705
1454.31267,0.23765
1452.38388,0.22214
1450.45508,0.21009
1448.52628,0.19799
1446.59749,0.18286
1444.66869,0.16741
1442.73989,0.15437
1440.81110,0.14473
1438.88230,0.13911
1436.95350,0.13270
1435.02471,0.12117
1433.09591,0.11086
1431.16711,0.10387
1429.23832,0.09668
1427.30952,0.08993
1425.38072,0.08607
1423.45193,0.08364
1421.52313,0.08266
1419.59433,0.08310
1417.66554,0.07844
1415.73674,0.06938
1413.80794,0.06292
1411.87915,0.05966
1409.95035,0.05729
1408.02155,0.05594
1406.09276,0.05589
1404.16396,0.05461
1402.23516,0.05298
1400.30637,0.05433
1398.37757,0.05700
1396.44877,0.05736
1394.51998,0.05382
1392.59118,0.04813
1390.66238,0.04540
1388.73359,0.04645
1386.80479,0.04617
1384.87599,0.04248
1382.94720,0.03948
1381.01840,0.03888
1379.08960,0.03951
1377.16081,0.04122
1375.23201,0.04327
1373.30321,0.04229
1371.37442,0.03905
1369.44562,0.03705
1367.51682,0.03629
1365.58803,0.03739
1363.65923,0.04038
1361.73043,0.04044
1359.80164,0.03666
1357.87284,0.03379
1355.94404,0.03296
1354.01525,0.03246
1352.08645,0.03181
1350.15765,0.03145
1348.22886,0.03113
1346.30006,0.03071
1344.37126,0.03111
1342.44247,0.03388
1340.51367,0.03808
1338.58487,0.03897
1336.65608,0.03552
1334.72728,0.03201
1332.79848,0.03048
1330.86969,0.03014
1328.94089,0.02996
1327.01209,0.02968
1325.08330,0.02953
1323.15450,0.02986
1321.22570,0.03089
1319.29691,0.03186
1317.36811,0.03170
1315.43931,0.03100
1313.51052,0.03037
1311.58172,0.02938
1309.65292,0.02838
1307.72413,0.02787
1305.79533,0.02758
1303.86653,0.02738
1301.93774,0.02733
1300.00894,0.02741
1298.08014,0.02760
1296.15135,0.02771
1294.22255,0.02769
1292.29375,0.02782
1290.36496,0.02822
1288.43616,0.02850
1286.50736,0.02828
1284.57857,0.02785
1282.64977,0.02769
1280.72097,0.02774
1278.79218,0.02775
1276.86338,0.02779
1274.93458,0.02808
1273.00579,0.02866
1271.07699,0.02910
1269.14820,0.02906
1267.21940,0.02877
1265.29060,0.02854
1263.36181,0.02855
1261.43301,0.02876
1259.50421,0.02879
1257.57542,0.02855
1255.64662,0.02838
1253.71782,0.02840
1251.78903,0.02851
1249.86023,0.02867
1247.93143,0.02888
1246.00264,0.02912
1244.07384,0.02934
1242.14504,0.02945
1240.21625,0.02952
1238.28745,0.02962
1236.35865,0.02973
1234.42986,0.02986
1232.50106,0.03003
1230.57226,0.03023
1228.64347,0.03051
1226.71467,0.03084
1224.78587,0.03110
1222.85708,0.03125
1220.92828,0.03143
1218.99948,0.03172
1217.07069,0.03202
1215.14189,0.03239
1213.21309,0.03285
1211.28430,0.03330
1209.35550,0.03374
1207.42670,0.03429
1205.49791,0.03499
1203.56911,0.03579
1201.64031,0.03669
1199.71152,0.03774
1197.78272,0.03892
1195.85392,0.04023
1193.92513,0.04171
1191.99633,0.04342
1190.06753,0.04539
1188.13874,0.04764
1186.20994,0.05010
1184.28114,0.05279
1182.35235,0.05584
1180.42355,0.05931
1178.49475,0.06320
1176.56596,0.06748
1174.63716,0.07202
1172.70836,0.07668
1170.77957,0.08145
1168.85077,0.08632
1166.92197,0.09112
1164.99318,0.09558
1163.06438,0.09945
1161.13558,0.10249
1159.20679,0.10449
1157.27799,0.10530
1155.34919,0.10485
1153.42040,0.10324
1151.49160,0.10056
1149.56280,0.09696
1147.63401,0.09265
1145.70521,0.08789
1143.77641,0.08296
1141.84762,0.07810
1139.91882,0.07348
1137.99002,0.06920
1136.06123,0.06524
1134.13243,0.06158
1132.20363,0.05829
1130.27484,0.05542
1128.34604,0.05289
1126.41724,0.05063
1124.48845,0.04861
1122.55965,0.04686
1120.63085,0.04535
1118.70206,0.04402
1116.77326,0.04286
1114.84446,0.04188
1112.91567,0.04104
1110.98687,0.04032
1109.05807,0.03971
1107.12928,0.03921
1105.20048,0.03878
1103.27168,0.03840
1101.34289,0.03815
1099.41409,0.03808
1097.48529,0.03813
1095.55650,0.03828
1093.62770,0.03854
1091.69890,0.03888
1089.77011,0.03925
1087.84131,0.03965
1085.91251,0.04006
1083.98372,0.04045
1082.05492,0.04084
1080.12612,0.04126
1078.19733,0.04169
1076.26853,0.04217
1074.33973,0.04270
1072.41094,0.04320
1070.48214,0.04359
1068.55334,0.04384
1066.62455,0.04397
1064.69575,0.04400
1062.76695,0.04393
1060.83816,0.04375
1058.90936,0.04343
1056.98056,0.04299
1055.05177,0.04245
1053.12297,0.04182
1051.19417,0.04111
1049.26538,0.04034
1047.33658,0.03958
1045.40778,0.03884
1043.47899,0.03811
1041.55019,0.03740
1039.62139,0.03673
1037.69260,0.03609
1035.76380,0.03548
1033.83500,0.03491
1031.90621,0.03435
1029.97741,0.03383
1028.04861,0.03337
1026.11982,0.03291
1024.19102,0.03245
1022.26222,0.03202
1020.33343,0.03166
1018.40463,0.03139
1016.47583,0.03117
1014.54704,0.03098
1012.61824,0.03083
1010.68944,0.03064
1008.76065,0.03030
1006.83185,0.02979
1004.90305,0.02916
1002.97426,0.02847
1001.04546,0.02785
999.11666,0.02731
997.18787,0.02688
995.25907,0.02654
993.33027,0.02622
991.40148,0.02589
989.47268,0.02557
987.54388,0.02527
985.61509,0.02496
983.68629,0.02461
981.75749,0.02429
979.82870,0.02398
977.89990,0.02368
975.97110,0.02339
974.04231,0.02310
972.11351,0.02285
970.18471,0.02258
968.25592,0.02223
966.32712,0.02183
964.39832,0.02144
962.46953,0.02107
960.54073,0.02071
958.61193,0.02033
956.68314,0.01996
954.75434,0.01963
952.82554,0.01935
950.89675,0.01908
948.96795,0.01878
947.03915,0.01842
945.11036,0.01804
943.18156,0.01772
941.25276,0.01743
939.32397,0.01709
937.39517,0.01672
935.46637,0.01632
933.53758,0.01591
931.60878,0.01548
929.67998,0.01504
927.75119,0.01458
925.82239,0.01411
923.89359,0.01362
921.96480,0.01310
920.03600,0.01257
918.10720,0.01205
916.17841,0.01156
914.24961,0.01109
912.32081,0.01066
910.39202,0.01024
908.46322,0.00983
906.53443,0.00942
904.60563,0.00900
902.67683,0.00860
900.74804,0.00820
898.81924,0.00781
896.89044,0.00743
894.96165,0.00706
893.03285,0.00664
891.10405,0.00616
889.17526,0.00569
887.24646,0.00524
885.31766,0.00477
883.38887,0.00426
881.46007,0.00375
879.53127,0.00327
877.60248,0.00285
875.67368,0.00243
873.74488,0.00200
871.81609,0.00161
869.88729,0.00128
867.95849,0.00097
866.02970,0.00070
864.10090,0.00044
862.17210,0.00016
860.24331,-0.00009
858.31451,-0.00026
856.38571,-0.00041
854.45692,-0.00062
852.52812,-0.00085
850.59932,-0.00099
848.67053,-0.00104
846.74173,-0.00111
844.81293,-0.00124
842.88414,-0.00136
840.95534,-0.00144
839.02654,-0.00153
837.09775,-0.00167
835.16895,-0.00182
833.24015,-0.00194
831.31136,-0.00207
829.38256,-0.00220
827.45376,-0.00229
825.52497,-0.00236
823.59617,-0.00241
821.66737,-0.00242
819.73858,-0.00238
817.80978,-0.00228
815.88098,-0.00218
813.95219,-0.00209
812.02339,-0.00195
810.09459,-0.00173
808.16580,-0.00144
806.23700,-0.00100
804.30820,-0.00044
802.37941,0.00007
800.45061,0.00058
798.52181,0.00125
796.59302,0.00212
794.66422,0.00320
792.73542,0.00432
790.80663,0.00526
788.87783,0.00607
786.94903,0.00682
785.02024,0.00717
783.09144,0.00683
781.16264,0.00598
779.23385,0.00494
777.30505,0.00365
775.37625,0.00216
773.44746,0.00087
771.51866,0.00001
769.58986,-0.00059
767.66107,-0.00113
765.73227,-0.00155
763.80347,-0.00174
761.87468,-0.00184
759.94588,-0.00203
758.01708,-0.00231
756.08829,-0.00244
754.15949,-0.00240
752.23069,-0.00245
750.30190,-0.00252
748.37310,-0.00230
