3496.90832,0.02020
3494.97953,0.02811
3493.05073,0.03718
3491.12193,0.03809
3489.19314,0.03154
3487.26434,0.02673
3485.33554,0.02633
3483.40675,0.03021
3481.47795,0.03660
3479.54915,0.03937
3477.62036,0.03787
3475.69156,0.03574
3473.76276,0.03368
3471.83397,0.03256
3469.90517,0.03204
3467.97637,0.03050
3466.04758,0.03034
3464.11878,0.03227
3462.18998,0.03453
3460.26119,0.03984
3458.33239,0.04491
3456.40359,0.04376
3454.47480,0.03793
3452.54600,0.03127
3450.61721,0.02975
3448.68841,0.03243
3446.75961,0.03418
3444.83082,0.03466
3442.90202,0.02910
3440.97322,0.02095
3439.04443,0.02030
3437.11563,0.02486
3435.18683,0.02755
3433.25804,0.02445
3431.32924,0.01799
3429.40044,0.01290
3427.47165,0.01196
3425.54285,0.01636
3423.61405,0.02136
3421.68526,0.02143
3419.75646,0.01869
3417.82766,0.01665
3415.89887,0.01468
3413.97007,0.01249
3412.04127,0.00857
3410.11248,0.00341
3408.18368,0.00323
3406.25488,0.00710
3404.32609,0.00782
3402.39729,0.00578
3400.46849,0.00595
3398.53970,0.01003
3396.61090,0.01377
3394.68210,0.01159
3392.75331,0.00678
3390.82451,0.00688
3388.89571,0.00899
3386.96692,0.00590
3385.03812,0.00181
3383.10932,0.00591
3381.18053,0.01903
3379.25173,0.02913
3377.32293,0.02616
3375.39414,0.01910
3373.46534,0.01971
3371.53654,0.02422
3369.60775,0.02511
3367.67895,0.02628
3365.75015,0.03356
3363.82136,0.04243
3361.89256,0.04379
3359.96376,0.04006
3358.03497,0.04273
3356.10617,0.04808
3354.17737,0.04553
3352.24858,0.03925
3350.31978,0.03487
3348.39098,0.03271
3346.46219,0.03640
3344.53339,0.04487
3342.60459,0.04596
3340.67580,0.03458
3338.74700,0.02036
3336.81820,0.00975
3334.88941,0.00541
3332.96061,0.00938
3331.03181,0.01598
3329.10302,0.02169
3327.17422,0.02544
3325.24542,0.02193
3323.31663,0.01486
3321.38783,0.01197
3319.45903,0.01190
3317.53024,0.01136
3315.60144,0.00752
3313.67264,0.00052
3311.74385,-0.00337
3309.81505,-0.00105
3307.88625,0.00532
3305.95746,0.00980
3304.02866,0.01070
3302.09986,0.00999
3300.17107,0.00337
3298.24227,-0.00602
3296.31347,-0.00717
3294.38468,0.00168
3292.45588,0.01214
3290.52708,0.01256
3288.59829,0.00237
3286.66949,-0.00641
3284.74069,-0.00631
3282.81190,-0.00307
3280.88310,-0.00337
3278.95430,-0.00449
3277.02551,-0.00594
3275.09671,-0.01017
3273.16791,-0.01367
3271.23912,-0.01177
3269.31032,-0.00786
3267.38152,-0.00879
3265.45273,-0.01282
3263.52393,-0.01253
3261.59513,-0.00733
3259.66634,-0.00270
3257.73754,0.00103
3255.80874,0.00723
3253.87995,0.01152
3251.95115,0.01085
3250.02235,0.01030
3248.09356,0.01161
3246.16476,0.01019
3244.23596,0.00493
3242.30717,0.00045
3240.37837,-0.00156
3238.44957,-0.00197
3236.52078,0.00233
3234.59198,0.01038
3232.66318,0.01302
3230.73439,0.01002
3228.80559,0.01085
3226.87679,0.01536
3224.94800,0.01823
3223.01920,0.01855
3221.09040,0.01628
3219.16161,0.01295
3217.23281,0.01302
3215.30401,0.01793
3213.37522,0.02084
3211.44642,0.01993
3209.51762,0.02146
3207.58883,0.02337
3205.66003,0.02125
3203.73123,0.01661
3201.80244,0.01091
3199.87364,0.00787
3197.94484,0.01231
3196.01605,0.02177
3194.08725,0.02884
3192.15845,0.03008
3190.22966,0.02613
3188.30086,0.02045
3186.37206,0.01801
3184.44327,0.01804
3182.51447,0.01655
3180.58567,0.01376
3178.65688,0.01152
3176.72808,0.01144
3174.79928,0.01335
3172.87049,0.01307
3170.94169,0.00807
3169.01289,0.00334
3167.08410,0.00293
3165.15530,0.00325
3163.22650,0.00264
3161.29771,0.00364
3159.36891,0.00653
3157.44011,0.01000
3155.51132,0.01106
3153.58252,0.00861
3151.65372,0.00577
3149.72493,0.00387
3147.79613,0.00269
3145.86733,0.00275
3143.93854,0.00213
3142.00974,0.00062
3140.08094,0.00214
3138.15215,0.00589
3136.22335,0.00746
3134.29455,0.00659
3132.36576,0.00460
3130.43696,0.00223
3128.50816,0.00086
3126.57937,0.00123
3124.65057,0.00345
3122.72177,0.00611
3120.79298,0.00632
3118.86418,0.00473
3116.93538,0.00405
3115.00659,0.00293
3113.07779,0.00020
3111.14899,-0.00131
3109.22020,-0.00018
3107.29140,0.00149
3105.36260,0.00164
3103.43381,0.00091
3101.50501,0.00029
3099.57621,-0.00068
3097.64742,-0.00156
3095.71862,-0.00144
3093.78982,-0.00100
3091.86103,-0.00095
3089.93223,-0.00077
3088.00344,-0.00047
3086.07464,-0.00064
3084.14584,-0.00101
3082.21705,-0.00084
3080.28825,-0.00060
3078.35945,-0.00129
3076.43066,-0.00218
3074.50186,-0.00186
3072.57306,-0.00044
3070.64427,0.00051
3068.71547,0.00016
3066.78667,-0.00037
3064.85788,-0.00025
3062.92908,-0.00021
3061.00028,-0.00080
3059.07149,-0.00122
3057.14269,-0.00049
3055.21389,0.00073
3053.28510,0.00142
3051.35630,0.00195
3049.42750,0.00243
3047.49871,0.00194
3045.56991,0.00075
3043.64111,0.00036
3041.71232,0.00096
3039.78352,0.00140
3037.85472,0.00151
3035.92593,0.00216
3033.99713,0.00299
3032.06833,0.00290
3030.13954,0.00248
3028.21074,0.00257
3026.28194,0.00252
3024.35315,0.00179
3022.42435,0.00125
3020.49555,0.00132
3018.56676,0.00148
3016.63796,0.00199
3014.70916,0.00274
3012.78037,0.00288
3010.85157,0.00253
3008.92277,0.00234
3006.99398,0.00253
3005.06518,0.00283
3003.13638,0.00273
3001.20759,0.00248
2999.27879,0.00299
2997.34999,0.00432
2995.42120,0.00505
2993.49240,0.00428
2991.56360,0.00332
2989.63481,0.00338
2987.70601,0.00374
2985.77721,0.00397
2983.84842,0.00440
2981.91962,0.00463
2979.99082,0.00438
2978.06203,0.00387
2976.13323,0.00315
2974.20443,0.00276
2972.27564,0.00338
2970.34684,0.00429
2968.41804,0.00457
2966.48925,0.00417
2964.56045,0.00378
2962.63165,0.00379
2960.70286,0.00372
2958.77406,0.00367
2956.84526,0.00408
2954.91647,0.00438
2952.98767,0.00433
2951.05887,0.00452
2949.13008,0.00501
2947.20128,0.00559
2945.27248,0.00611
2943.34369,0.00589
2941.41489,0.00506
2939.48609,0.00483
2937.55730,0.00523
2935.62850,0.00543
2933.69970,0.00548
2931.77091,0.00595
2929.84211,0.00618
2927.91331,0.00551
2925.98452,0.00510
2924.05572,0.00555
2922.12692,0.00598
2920.19813,0.00632
2918.26933,0.00692
2916.34053,0.00748
2914.41174,0.00755
2912.48294,0.00728
2910.55414,0.00707
2908.62535,0.00688
2906.69655,0.00646
2904.76775,0.00601
2902.83896,0.00590
2900.91016,0.00604
2898.98136,0.00621
2897.05257,0.00652
2895.12377,0.00695
2893.19497,0.00714
2891.26618,0.00691
2889.33738,0.00670
2887.40858,0.00696
2885.47979,0.00746
2883.55099,0.00776
2881.62219,0.00772
2879.69340,0.00760
2877.76460,0.00766
2875.83580,0.00799
2873.90701,0.00841
2871.97821,0.00854
2870.04941,0.00825
2868.12062,0.00782
2866.19182,0.00765
2864.26302,0.00800
2862.33423,0.00868
2860.40543,0.00914
2858.47663,0.00918
2856.54784,0.00916
2854.61904,0.00943
2852.69024,0.00985
2850.76145,0.01014
2848.83265,0.01021
2846.90385,0.01008
2844.97506,0.01004
2843.04626,0.01022
2841.11746,0.01053
2839.18867,0.01092
2837.25987,0.01142
2835.33107,0.01183
2833.40228,0.01184
2831.47348,0.01155
2829.54468,0.01145
2827.61589,0.01158
2825.68709,0.01172
2823.75829,0.01191
2821.82950,0.01207
2819.90070,0.01212
2817.97190,0.01204
2816.04311,0.01187
2814.11431,0.01177
2812.18551,0.01172
2810.25672,0.01160
2808.32792,0.01152
2806.39912,0.01150
2804.47033,0.01140
2802.54153,0.01124
2800.61273,0.01121
2798.68394,0.01137
2796.75514,0.01151
2794.82634,0.01143
2792.89755,0.01124
2790.96875,0.01103
2789.03995,0.01065
2787.11116,0.01023
2785.18236,0.01014
2783.25356,0.01034
2781.32477,0.01052
2779.39597,0.01047
2777.46717,0.01020
2775.53838,0.00998
2773.60958,0.00999
2771.68078,0.01006
2769.75199,0.01004
2767.82319,0.00986
2765.89439,0.00966
2763.96560,0.00956
2762.03680,0.00944
2760.10800,0.00922
2758.17921,0.00910
2756.25041,0.00928
2754.32161,0.00961
2752.39282,0.00972
2750.46402,0.00947
2748.53522,0.00919
2746.60643,0.00909
2744.67763,0.00901
2742.74883,0.00899
2740.82004,0.00911
2738.89124,0.00932
2736.96244,0.00944
2735.03365,0.00945
2733.10485,0.00940
2731.17605,0.00930
2729.24726,0.00926
2727.31846,0.00935
2725.38967,0.00940
2723.46087,0.00932
2721.53207,0.00933
2719.60328,0.00952
2717.67448,0.00967
2715.74568,0.00971
2713.81689,0.00968
2711.88809,0.00955
2709.95929,0.00941
2708.03050,0.00939
2706.10170,0.00950
2704.17290,0.00961
2702.24411,0.00955
2700.31531,0.00934
2698.38651,0.00923
2696.45772,0.00927
2694.52892,0.00916
2692.60012,0.00891
2690.67133,0.00899
2688.74253,0.00941
2686.81373,0.00975
2684.88494,0.00978
2682.95614,0.00949
2681.02734,0.00915
2679.09855,0.00909
2677.16975,0.00932
2675.24095,0.00945
2673.31216,0.00933
2671.38336,0.00924
2669.45456,0.00929
2667.52577,0.00931
2665.59697,0.00919
2663.66817,0.00896
2661.73938,0.00879
2659.81058,0.00884
2657.88178,0.00909
2655.95299,0.00927
2654.02419,0.00925
2652.09539,0.00923
2650.16660,0.00935
2648.23780,0.00941
2646.30900,0.00935
2644.38021,0.00939
2642.45141,0.00947
2640.52261,0.00942
2638.59382,0.00946
2636.66502,0.00970
2634.73622,0.00996
2632.80743,0.01018
2630.87863,0.01028
2628.94983,0.01019
2627.02104,0.01030
2625.09224,0.01082
2623.16344,0.01135
2621.23465,0.01158
2619.30585,0.01160
2617.37705,0.01155
2615.44826,0.01152
2613.51946,0.01162
2611.59066,0.01181
2609.66187,0.01196
2607.73307,0.01208
2605.80427,0.01203
2603.87548,0.01188
2601.94668,0.01191
2600.01788,0.01209
2598.08909,0.01234
2596.16029,0.01266
2594.23149,0.01274
2592.30270,0.01248
2590.37390,0.01214
2588.44510,0.01198
2586.51631,0.01215
2584.58751,0.01268
2582.65871,0.01317
2580.72992,0.01309
2578.80112,0.01264
2576.87232,0.01224
2574.94353,0.01205
2573.01473,0.01214
2571.08593,0.01223
2569.15714,0.01202
2567.22834,0.01172
2565.29954,0.01162
2563.37075,0.01152
2561.44195,0.01146
2559.51315,0.01180
2557.58436,0.01225
2555.65556,0.01226
2553.72676,0.01212
2551.79797,0.01224
2549.86917,0.01234
2547.94037,0.01247
2546.01158,0.01290
2544.08278,0.01319
2542.15398,0.01309
2540.22519,0.01278
2538.29639,0.01243
2536.36759,0.01217
2534.43880,0.01215
2532.51000,0.01234
2530.58120,0.01232
2528.65241,0.01201
2526.72361,0.01186
2524.79481,0.01178
2522.86602,0.01151
2520.93722,0.01136
2519.00842,0.01157
2517.07963,0.01168
2515.15083,0.01156
2513.22203,0.01161
2511.29324,0.01192
2509.36444,0.01210
2507.43564,0.01193
2505.50685,0.01169
2503.57805,0.01170
2501.64925,0.01187
2499.72046,0.01189
2497.79166,0.01161
2495.86286,0.01121
2493.93407,0.01095
2492.00527,0.01100
2490.07647,0.01132
2488.14768,0.01176
2486.21888,0.01211
2484.29008,0.01221
2482.36129,0.01204
2480.43249,0.01175
2478.50369,0.01150
2476.57490,0.01127
2474.64610,0.01092
2472.71730,0.01079
2470.78851,0.01118
2468.85971,0.01156
2466.93091,0.01152
2465.00212,0.01132
2463.07332,0.01115
2461.14452,0.01107
2459.21573,0.01124
2457.28693,0.01134
2455.35813,0.01110
2453.42934,0.01087
2451.50054,0.01097
2449.57174,0.01118
2447.64295,0.01127
2445.71415,0.01115
2443.78535,0.01083
2441.85656,0.01066
2439.92776,0.01079
2437.99896,0.01090
2436.07017,0.01081
2434.14137,0.01060
2432.21257,0.01040
2430.28378,0.01034
2428.35498,0.01024
2426.42618,0.00996
2424.49739,0.00968
2422.56859,0.00934
2420.63979,0.00907
2418.71100,0.00908
2416.78220,0.00907
2414.85340,0.00882
2412.92461,0.00860
2410.99581,0.00855
2409.06701,0.00846
2407.13822,0.00810
2405.20942,0.00767
2403.28062,0.00740
2401.35183,0.00723
2399.42303,0.00699
2397.49423,0.00668
2395.56544,0.00662
2393.63664,0.00668
2391.70784,0.00653
2389.77905,0.00660
2387.85025,0.00746
2385.92145,0.00912
2383.99266,0.01146
2382.06386,0.01451
2380.13506,0.01827
2378.20627,0.02255
2376.27747,0.02695
2374.34867,0.03171
2372.41988,0.03712
2370.49108,0.04228
2368.56228,0.04653
2366.63349,0.05018
2364.70469,0.05316
2362.77589,0.05537
2360.84710,0.05693
2358.91830,0.05667
2356.98951,0.05343
2355.06071,0.04793
2353.13191,0.04140
2351.20312,0.03529
2349.27432,0.03192
2347.34552,0.03268
2345.41673,0.03641
2343.48793,0.03929
2341.55913,0.03969
2339.63034,0.03906
2337.70154,0.03810
2335.77274,0.03714
2333.84395,0.03684
2331.91515,0.03698
2329.98635,0.03644
2328.05756,0.03502
2326.12876,0.03383
2324.19996,0.03346
2322.27117,0.03278
2320.34237,0.03061
2318.41357,0.02772
2316.48478,0.02555
2314.55598,0.02449
2312.62718,0.02379
2310.69839,0.02264
2308.76959,0.02101
2306.84079,0.01923
2304.91200,0.01759
2302.98320,0.01632
2301.05440,0.01538
2299.12561,0.01456
2297.19681,0.01377
2295.26801,0.01317
2293.33922,0.01271
2291.41042,0.01200
2289.48162,0.01120
2287.55283,0.01089
2285.62403,0.01108
2283.69523,0.01140
2281.76644,0.01181
2279.83764,0.01229
2277.90884,0.01286
2275.98005,0.01369
2274.05125,0.01468
2272.12245,0.01533
2270.19366,0.01547
2268.26486,0.01574
2266.33606,0.01640
2264.40727,0.01648
2262.47847,0.01597
2260.54967,0.01625
2258.62088,0.01773
2256.69208,0.01911
2254.76328,0.01933
2252.83449,0.01865
2250.90569,0.01769
2248.97689,0.01735
2247.04810,0.01841
2245.11930,0.01994
2243.19050,0.02053
2241.26171,0.02023
2239.33291,0.02021
2237.40411,0.02109
2235.47532,0.02204
2233.54652,0.02255
2231.61772,0.02333
2229.68893,0.02420
2227.76013,0.02442
2225.83133,0.02452
2223.90254,0.02460
2221.97374,0.02419
2220.04494,0.02462
2218.11615,0.02616
2216.18735,0.02680
2214.25855,0.02704
2212.32976,0.02806
2210.40096,0.02844
2208.47216,0.02750
2206.54337,0.02645
2204.61457,0.02648
2202.68577,0.02731
2200.75698,0.02805
2198.82818,0.02900
2196.89938,0.03056
2194.97059,0.03213
2193.04179,0.03315
2191.11299,0.03358
2189.18420,0.03366
2187.25540,0.03418
2185.32660,0.03516
2183.39781,0.03631
2181.46901,0.03870
2179.54021,0.04150
2177.61142,0.04249
2175.68262,0.04210
2173.75382,0.04097
2171.82503,0.03924
2169.89623,0.03905
2167.96743,0.04102
2166.03864,0.04345
2164.10984,0.04646
2162.18104,0.05028
2160.25225,0.05349
2158.32345,0.05377
2156.39465,0.04900
2154.46586,0.04210
2152.53706,0.03727
2150.60826,0.03436
2148.67947,0.03087
2146.75067,0.02659
2144.82187,0.02349
2142.89308,0.02170
2140.96428,0.02039
2139.03548,0.01980
2137.10669,0.01902
2135.17789,0.01681
2133.24909,0.01437
2131.32030,0.01289
2129.39150,0.01153
2127.46270,0.00999
2125.53391,0.00919
2123.60511,0.00897
2121.67631,0.00841
2119.74752,0.00743
2117.81872,0.00684
2115.88992,0.00711
2113.96113,0.00755
2112.03233,0.00715
2110.10353,0.00639
2108.17474,0.00632
2106.24594,0.00690
2104.31714,0.00774
2102.38835,0.00849
2100.45955,0.00845
2098.53075,0.00764
2096.60196,0.00710
2094.67316,0.00722
2092.74436,0.00754
2090.81557,0.00763
2088.88677,0.00739
2086.95797,0.00729
2085.02918,0.00787
2083.10038,0.00867
2081.17158,0.00891
2079.24279,0.00886
2077.31399,0.00922
2075.38519,0.00983
2073.45640,0.01064
2071.52760,0.01154
2069.59880,0.01178
2067.67001,0.01162
2065.74121,0.01163
2063.81241,0.01147
2061.88362,0.01151
2059.95482,0.01228
2058.02602,0.01278
2056.09723,0.01187
2054.16843,0.01015
2052.23963,0.00948
2050.31084,0.01133
2048.38204,0.01516
2046.45324,0.01854
2044.52445,0.02023
2042.59565,0.02102
2040.66685,0.02169
2038.73806,0.02215
2036.80926,0.02203
2034.88046,0.02185
2032.95167,0.02297
2031.02287,0.02408
2029.09407,0.02327
2027.16528,0.02229
2025.23648,0.02241
2023.30768,0.02340
2021.37889,0.02516
2019.45009,0.02664
2017.52129,0.02631
2015.59250,0.02384
2013.66370,0.02110
2011.73490,0.02034
2009.80611,0.02097
2007.87731,0.02033
2005.94851,0.01843
2004.01972,0.01714
2002.09092,0.01613
2000.16212,0.01461
1998.23333,0.01356
1996.30453,0.01422
1994.37574,0.01562
1992.44694,0.01583
1990.51814,0.01439
1988.58935,0.01307
1986.66055,0.01356
1984.73175,0.01526
1982.80296,0.01702
1980.87416,0.01794
1978.94536,0.01695
1977.01657,0.01456
1975.08777,0.01276
1973.15897,0.01239
1971.23018,0.01256
1969.30138,0.01258
1967.37258,0.01288
1965.44379,0.01301
1963.51499,0.01161
1961.58619,0.00905
1959.65740,0.00725
1957.72860,0.00674
1955.79980,0.00636
1953.87101,0.00583
1951.94221,0.00560
1950.01341,0.00569
1948.08462,0.00602
1946.15582,0.00677
1944.22702,0.00800
1942.29823,0.00803
1940.36943,0.00590
1938.44063,0.00382
1936.51184,0.00273
1934.58304,0.00208
1932.65424,0.00182
1930.72545,0.00178
1928.79665,0.00161
1926.86785,0.00181
1924.93906,0.00300
1923.01026,0.00402
1921.08146,0.00416
1919.15267,0.00429
1917.22387,0.00363
1915.29507,0.00181
1913.36628,0.00089
1911.43748,0.00161
1909.50868,0.00225
1907.57989,0.00150
1905.65109,0.00031
1903.72229,-0.00026
1901.79350,-0.00050
1899.86470,-0.00062
1897.93590,-0.00013
1896.00711,0.00070
1894.07831,0.00083
1892.14951,0.00096
1890.22072,0.00148
1888.29192,0.00087
1886.36312,-0.00034
1884.43433,-0.00086
1882.50553,-0.00114
1880.57673,-0.00146
1878.64794,-0.00176
1876.71914,-0.00192
1874.79034,-0.00174
1872.86155,-0.00031
1870.93275,0.00324
1869.00395,0.00625
1867.07516,0.00466
1865.14636,0.00092
1863.21756,-0.00102
1861.28877,-0.00121
1859.35997,-0.00120
1857.43117,-0.00165
1855.50238,-0.00219
1853.57358,-0.00242
1851.64478,-0.00204
1849.71599,-0.00050
1847.78719,0.00218
1845.85839,0.00517
1843.92960,0.00564
1842.00080,0.00254
1840.07200,-0.00013
1838.14321,-0.00081
1836.21441,-0.00094
1834.28561,-0.00056
1832.35682,0.00194
1830.42802,0.00504
1828.49922,0.00524
1826.57043,0.00406
1824.64163,0.00275
1822.71283,0.00043
1820.78404,-0.00140
1818.85524,-0.00177
1816.92644,-0.00178
1814.99765,-0.00145
1813.06885,0.00013
1811.14005,0.00164
1809.21126,0.00116
1807.28246,-0.00029
1805.35366,-0.00036
1803.42487,0.00176
1801.49607,0.00415
1799.56727,0.00423
1797.63848,0.00331
1795.70968,0.00419
1793.78088,0.00692
1791.85209,0.00753
1789.92329,0.00380
1787.99449,0.00061
1786.06570,0.00033
1784.13690,0.00119
1782.20810,0.00209
1780.27931,0.00241
1778.35051,0.00201
1776.42171,0.00307
1774.49292,0.00692
1772.56412,0.01060
1770.63532,0.00960
1768.70653,0.00568
1766.77773,0.00203
1764.84893,0.00090
1762.92014,0.00251
1760.99134,0.00361
1759.06254,0.00332
1757.13375,0.00293
1755.20495,0.00251
1753.27615,0.00439
1751.34736,0.00957
1749.41856,0.01285
1747.48976,0.01116
1745.56097,0.00849
1743.63217,0.00723
1741.70337,0.00689
1739.77458,0.00621
1737.84578,0.00603
1735.91698,0.00919
1733.98819,0.01328
1732.05939,0.01098
1730.13059,0.00557
1728.20180,0.00108
1726.27300,-0.00095
1724.34420,-0.00037
1722.41541,0.00156
1720.48661,0.00630
1718.55781,0.01487
1716.62902,0.01969
1714.70022,0.01554
1712.77142,0.01023
1710.84263,0.00872
1708.91383,0.01160
1706.98503,0.01771
1705.05624,0.02363
1703.12744,0.02886
1701.19864,0.03767
1699.26985,0.04749
1697.34105,0.05267
1695.41225,0.05527
1693.48346,0.05784
1691.55466,0.06488
1689.62586,0.07772
1687.69707,0.09283
1685.76827,0.11206
1683.83947,0.13489
1681.91068,0.14680
1679.98188,0.15352
1678.05308,0.16391
1676.12429,0.17926
1674.19549,0.19591
1672.26669,0.20988
1670.33790,0.22330
1668.40910,0.23227
1666.48030,0.23547
1664.55151,0.24038
1662.62271,0.24657
1660.69391,0.24855
1658.76512,0.24914
1656.83632,0.25377
1654.90752,0.26406
1652.97873,0.27078
1651.04993,0.26646
1649.12113,0.26702
1647.19234,0.27279
1645.26354,0.27447
1643.33474,0.27545
1641.40595,0.28290
1639.47715,0.29722
1637.54835,0.31843
1635.61956,0.34323
1633.69076,0.35905
1631.76197,0.37036
1629.83317,0.38628
1627.90437,0.40495
1625.97558,0.42076
1624.04678,0.43233
1622.11798,0.43771
1620.18919,0.43895
1618.26039,0.44087
1616.33159,0.43954
1614.40280,0.43336
1612.47400,0.42991
1610.54520,0.43134
1608.61641,0.43578
1606.68761,0.44173
1604.75881,0.44982
1602.83002,0.45989
1600.90122,0.47014
1598.97242,0.47966
1597.04363,0.48798
1595.11483,0.49333
1593.18603,0.49371
1591.25724,0.48925
1589.32844,0.48029
1587.39964,0.46721
1585.47085,0.45088
1583.54205,0.43191
1581.61325,0.41193
1579.68446,0.39433
1577.75566,0.37691
1575.82686,0.35065
1573.89807,0.32426
1571.96927,0.30651
1570.04047,0.28864
1568.11168,0.26718
1566.18288,0.24843
1564.25408,0.23415
1562.32529,0.22684
1560.39649,0.22596
1558.46769,0.21472
1556.53890,0.19277
1554.61010,0.17641
1552.68130,0.16461
1550.75251,0.15555
1548.82371,0.14754
1546.89491,0.14306
1544.96612,0.14406
1543.03732,0.14769
1541.10852,0.14765
1539.17973,0.13490
1537.25093,0.12129
1535.32213,0.11616
1533.39334,0.11309
1531.46454,0.10718
1529.53574,0.10371
1527.60695,0.10442
1525.67815,0.10581
1523.74935,0.10740
1521.82056,0.10813
1519.89176,0.10510
1517.96296,0.10126
1516.03417,0.09643
1514.10537,0.09123
1512.17657,0.09079
1510.24778,0.09736
1508.31898,0.10759
1506.39018,0.10577
1504.46139,0.09280
1502.53259,0.08711
1500.60379,0.08912
1498.67500,0.09487
1496.74620,0.09898
1494.81740,0.10024
1492.88861,0.10496
1490.95981,0.11660
1489.03101,0.12872
1487.10222,0.13393
1485.17342,0.13801
1483.24462,0.14643
1481.31583,0.15884
1479.38703,0.17296
1477.45823,0.18936
1475.52944,0.20895
1473.60064,0.22849
1471.67184,0.24084
1469.74305,0.24581
1467.81425,0.25197
1465.88545,0.26135
1463.95666,0.26779
1462.02786,0.27047
1460.09906,0.27540
1458.17027,0.28041
1456.24147,0.27153
1454.31267,0.25406
1452.38388,0.23942
1450.45508,0.22702
1448.52628,0.21397
1446.59749,0.19814
1444.66869,0.18220
1442.73989,0.16829
1440.81110,0.15728
1438.88230,0.14972
1436.95350,0.14125
1435.02471,0.12885
1433.09591,0.11826
1431.16711,0.11059
1429.23832,0.10276
1427.30952,0.09557
1425.38072,0.09097
1423.45193,0.08763
1421.52313,0.08564
1419.59433,0.08489
1417.66554,0.08009
1415.73674,0.07199
1413.80794,0.06609
1411.87915,0.06281
1409.95035,0.06027
1408.02155,0.05858
1406.09276,0.05795
1404.16396,0.05635
1402.23516,0.05457
1400.30637,0.05522
1398.37757,0.05693
1396.44877,0.05681
1394.51998,0.05360
1392.59118,0.04871
1390.66238,0.04623
1388.73359,0.04676
1386.80479,0.04625
1384.87599,0.04305
1382.94720,0.04045
1381.01840,0.03980
1379.08960,0.04015
1377.16081,0.04138
1375.23201,0.04289
1373.30321,0.04198
1371.37442,0.03925
1369.44562,0.03754
1367.51682,0.03687
1365.58803,0.03774
1363.65923,0.04015
1361.73043,0.04017
1359.80164,0.03705
1357.87284,0.03465
1355.94404,0.03390
1354.01525,0.03343
1352.08645,0.03285
1350.15765,0.03250
1348.22886,0.03216
1346.30006,0.03175
1344.37126,0.03202
1342.44247,0.03423
1340.51367,0.03763
1338.58487,0.03835
1336.65608,0.03552
1334.72728,0.03265
1332.79848,0.03141
1330.86969,0.03109
1328.94089,0.03085
1327.01209,0.03053
1325.08330,0.03033
1323.15450,0.03051
1321.22570,0.03128
1319.29691,0.03201
1317.36811,0.03184
1315.43931,0.03124
1313.51052,0.03071
1311.58172,0.02989
1309.65292,0.02908
1307.72413,0.02868
1305.79533,0.02843
1303.86653,0.02819
1301.93774,0.02805
1300.00894,0.02806
1298.08014,0.02819
1296.15135,0.02823
1294.22255,0.02816
1292.29375,0.02822
1290.36496,0.02851
1288.43616,0.02872
1286.50736,0.02852
1284.57857,0.02814
1282.64977,0.02799
1280.72097,0.02802
1278.79218,0.02804
1276.86338,0.02811
1274.93458,0.02837
1273.00579,0.02888
1271.07699,0.02931
1269.14820,0.02936
1267.21940,0.02916
1265.29060,0.02898
1263.36181,0.02900
1261.43301,0.02918
1259.50421,0.02921
1257.57542,0.02899
1255.64662,0.02882
1253.71782,0.02881
1251.78903,0.02886
1249.86023,0.02894
1247.93143,0.02904
1246.00264,0.02917
1244.07384,0.02928
1242.14504,0.02932
1240.21625,0.02932
1238.28745,0.02934
1236.35865,0.02940
1234.42986,0.02951
1232.50106,0.02967
1230.57226,0.02987
1228.64347,0.03013
1226.71467,0.03046
1224.78587,0.03077
1222.85708,0.03104
1220.92828,0.03137
1218.99948,0.03180
1217.07069,0.03226
1215.14189,0.03280
1213.21309,0.03341
1211.28430,0.03401
1209.35550,0.03459
1207.42670,0.03528
1205.49791,0.03608
1203.56911,0.03696
1201.64031,0.03796
1199.71152,0.03912
1197.78272,0.04042
1195.85392,0.04187
1193.92513,0.04349
1191.99633,0.04532
1190.06753,0.04744
1188.13874,0.04984
1186.20994,0.05247
1184.28114,0.05537
1182.35235,0.05870
1180.42355,0.06249
1178.49475,0.06672
1176.56596,0.07134
1174.63716,0.07626
1172.70836,0.08136
1170.77957,0.08659
1168.85077,0.09194
1166.92197,0.09718
1164.99318,0.10203
1163.06438,0.10624
1161.13558,0.10959
1159.20679,0.11181
1157.27799,0.11272
1155.34919,0.11229
1153.42040,0.11059
1151.49160,0.10768
1149.56280,0.10372
1147.63401,0.09900
1145.70521,0.09387
1143.77641,0.08858
1141.84762,0.08333
1139.91882,0.07830
1137.99002,0.07362
1136.06123,0.06929
1134.13243,0.06530
1132.20363,0.06172
1130.27484,0.05861
1128.34604,0.05587
1126.41724,0.05343
1124.48845,0.05127
1122.55965,0.04939
1120.63085,0.04778
1118.70206,0.04637
1116.77326,0.04513
1114.84446,0.04405
1112.91567,0.04312
1110.98687,0.04232
1109.05807,0.04164
1107.12928,0.04103
1105.20048,0.04046
1103.27168,0.03995
1101.34289,0.03955
1099.41409,0.03929
1097.48529,0.03917
1095.55650,0.03914
1093.62770,0.03920
1091.69890,0.03932
1089.77011,0.03950
1087.84131,0.03977
1085.91251,0.04011
1083.98372,0.04050
1082.05492,0.04098
1080.12612,0.04153
1078.19733,0.04213
1076.26853,0.04272
1074.33973,0.04330
1072.41094,0.04386
1070.48214,0.04436
1068.55334,0.04474
1066.62455,0.04499
1064.69575,0.04508
1062.76695,0.04502
1060.83816,0.04483
1058.90936,0.04448
1056.98056,0.04397
1055.05177,0.04335
1053.12297,0.04269
1051.19417,0.04199
1049.26538,0.04127
1047.33658,0.04055
1045.40778,0.03983
1043.47899,0.03912
1041.55019,0.03842
1039.62139,0.03773
1037.69260,0.03706
1035.76380,0.03643
1033.83500,0.03584
1031.90621,0.03526
1029.97741,0.03474
1028.04861,0.03428
1026.11982,0.03385
1024.19102,0.03343
1022.26222,0.03306
1020.33343,0.03274
1018.40463,0.03247
1016.47583,0.03228
1014.54704,0.03216
1012.61824,0.03204
1010.68944,0.03186
1008.76065,0.03153
1006.83185,0.03103
1004.90305,0.03040
1002.97426,0.02968
1001.04546,0.02896
999.11666,0.02833
997.18787,0.02782
995.25907,0.02741
993.33027,0.02707
991.40148,0.02672
989.47268,0.02637
987.54388,0.02602
985.61509,0.02566
983.68629,0.02528
981.75749,0.02491
979.82870,0.02453
977.89990,0.02414
975.97110,0.02377
974.04231,0.02345
972.11351,0.02315
970.18471,0.02286
968.25592,0.02250
966.32712,0.02210
964.39832,0.02174
962.46953,0.02139
960.54073,0.02102
958.61193,0.02064
956.68314,0.02027
954.75434,0.01992
952.82554,0.01960
950.89675,0.01927
948.96795,0.01892
947.03915,0.01852
945.11036,0.01811
943.18156,0.01773
941.25276,0.01736
939.32397,0.01697
937.39517,0.01655
935.46637,0.01613
933.53758,0.01571
931.60878,0.01529
929.67998,0.01485
927.75119,0.01441
925.82239,0.01397
923.89359,0.01354
921.96480,0.01309
920.03600,0.01261
918.10720,0.01210
916.17841,0.01157
914.24961,0.01108
912.32081,0.01063
910.39202,0.01015
908.46322,0.00965
906.53443,0.00914
904.60563,0.00866
902.67683,0.00818
900.74804,0.00769
898.81924,0.00720
896.89044,0.00675
894.96165,0.00631
893.03285,0.00582
891.10405,0.00525
889.17526,0.00470
887.24646,0.00420
885.31766,0.00371
883.38887,0.00323
881.46007,0.00278
879.53127,0.00236
877.60248,0.00196
875.67368,0.00159
873.74488,0.00126
871.81609,0.00095
869.88729,0.00062
867.95849,0.00024
866.02970,-0.00016
864.10090,-0.00053
862.17210,-0.00087
860.24331,-0.00117
858.31451,-0.00142
856.38571,-0.00165
854.45692,-0.00186
852.52812,-0.00207
850.59932,-0.00229
848.67053,-0.00253
846.74173,-0.00278
844.81293,-0.00302
842.88414,-0.00320
840.95534,-0.00332
839.02654,-0.00342
837.09775,-0.00352
835.16895,-0.00361
833.24015,-0.00367
831.31136,-0.00370
829.38256,-0.00371
827.45376,-0.00373
825.52497,-0.00375
823.59617,-0.00373
821.66737,-0.00364
819.73858,-0.00352
817.80978,-0.00344
815.88098,-0.00337
813.95219,-0.00322
812.02339,-0.00301
810.09459,-0.00283
808.16580,-0.00259
806.23700,-0.00224
804.30820,-0.00184
802.37941,-0.00139
800.45061,-0.00080
798.52181,-0.00008
796.59302,0.00079
794.66422,0.00188
792.73542,0.00303
790.80663,0.00403
788.87783,0.00491
786.94903,0.00568
785.02024,0.00600
783.09144,0.00564
781.16264,0.00484
779.23385,0.00379
777.30505,0.00250
775.37625,0.00107
773.44746,-0.00025
771.51866,-0.00120
769.58986,-0.00193
767.66107,-0.00271
765.73227,-0.00344
763.80347,-0.00383
761.87468,-0.00397
759.94588,-0.00426
758.01708,-0.00468
756.08829,-0.00484
754.15949,-0.00478
752.23069,-0.00470
750.30190,-0.00461
748.37310,-0.00433
