3496.90832,0.02404
3494.97953,0.02871
3493.05073,0.03118
3491.12193,0.03064
3489.19314,0.03075
3487.26434,0.03260
3485.33554,0.03544
3483.40675,0.04113
3481.47795,0.04717
3479.54915,0.04775
3477.62036,0.04345
3475.69156,0.03935
3473.76276,0.03872
3471.83397,0.04301
3469.90517,0.04991
3467.97637,0.05347
3466.04758,0.05308
3464.11878,0.05141
3462.18998,0.04748
3460.26119,0.04448
3458.33239,0.04870
3456.40359,0.05720
3454.47480,0.05752
3452.54600,0.04636
3450.61721,0.03796
3448.68841,0.04037
3446.75961,0.04724
3444.83082,0.04782
3442.90202,0.03858
3440.97322,0.02884
3439.04443,0.02337
3437.11563,0.01820
3435.18683,0.01549
3433.25804,0.01811
3431.32924,0.02125
3429.40044,0.01851
3427.47165,0.01342
3425.54285,0.01183
3423.61405,0.01009
3421.68526,0.00807
3419.75646,0.01095
3417.82766,0.01261
3415.89887,0.00646
3413.97007,0.00164
3412.04127,-0.00052
3410.11248,-0.00816
3408.18368,-0.01335
3406.25488,-0.00999
3404.32609,-0.00616
3402.39729,-0.00455
3400.46849,-0.00238
3398.53970,0.00176
3396.61090,0.00538
3394.68210,0.00400
3392.75331,0.00067
3390.82451,0.00235
3388.89571,0.00545
3386.96692,0.00259
3385.03812,0.00162
3383.10932,0.00972
3381.18053,0.01672
3379.25173,0.01648
3377.32293,0.01663
3375.39414,0.02031
3373.46534,0.02337
3371.53654,0.02900
3369.60775,0.04087
3367.67895,0.04951
3365.75015,0.04520
3363.82136,0.03347
3361.89256,0.03026
3359.96376,0.04187
3358.03497,0.05597
3356.10617,0.05821
3354.17737,0.05081
3352.24858,0.04847
3350.31978,0.05086
3348.39098,0.04779
3346.46219,0.04785
3344.53339,0.05601
3342.60459,0.05807
3340.67580,0.05097
3338.74700,0.04450
3336.81820,0.04062
3334.88941,0.03534
3332.96061,0.03064
3331.03181,0.03005
3329.10302,0.03269
3327.17422,0.03417
3325.24542,0.02717
3323.31663,0.01827
3321.38783,0.01922
3319.45903,0.02263
3317.53024,0.02132
3315.60144,0.01719
3313.67264,0.01301
3311.74385,0.01325
3309.81505,0.01459
3307.88625,0.01124
3305.95746,0.00587
3304.02866,0.00402
3302.09986,0.00368
3300.17107,-0.00120
3298.24227,-0.00610
3296.31347,-0.00587
3294.38468,-0.00524
3292.45588,-0.00672
3290.52708,-0.00848
3288.59829,-0.01099
3286.66949,-0.01554
3284.74069,-0.01686
3282.81190,-0.00942
3280.88310,-0.00271
3278.95430,-0.00618
3277.02551,-0.01276
3275.09671,-0.01623
3273.16791,-0.01731
3271.23912,-0.01570
3269.31032,-0.01426
3267.38152,-0.01553
3265.45273,-0.01809
3263.52393,-0.02150
3261.59513,-0.02343
3259.66634,-0.01893
3257.73754,-0.00863
3255.80874,0.00170
3253.87995,0.00622
3251.95115,0.00486
3250.02235,0.00255
3248.09356,0.00039
3246.16476,-0.00061
3244.23596,0.00316
3242.30717,0.00600
3240.37837,0.00135
3238.44957,-0.00392
3236.52078,-0.00064
3234.59198,0.00846
3232.66318,0.01259
3230.73439,0.00852
3228.80559,0.00412
3226.87679,0.00377
3224.94800,0.00744
3223.01920,0.01605
3221.09040,0.02516
3219.16161,0.02776
3217.23281,0.02549
3215.30401,0.02625
3213.37522,0.03018
3211.44642,0.03169
3209.51762,0.03223
3207.58883,0.03571
3205.66003,0.03949
3203.73123,0.03879
3201.80244,0.03627
3199.87364,0.03753
3197.94484,0.03925
3196.01605,0.03964
3194.08725,0.04270
3192.15845,0.04540
3190.22966,0.04399
3188.30086,0.04110
3186.37206,0.03820
3184.44327,0.03624
3182.51447,0.03626
3180.58567,0.03627
3178.65688,0.03597
3176.72808,0.03516
3174.79928,0.03108
3172.87049,0.02469
3170.94169,0.02012
3169.01289,0.01992
3167.08410,0.02177
3165.15530,0.02104
3163.22650,0.01781
3161.29771,0.01542
3159.36891,0.01781
3157.44011,0.02439
3155.51132,0.02809
3153.58252,0.02724
3151.65372,0.02599
3149.72493,0.02325
3147.79613,0.01741
3145.86733,0.01205
3143.93854,0.00789
3142.00974,0.00517
3140.08094,0.00729
3138.15215,0.01132
3136.22335,0.01229
3134.29455,0.01243
3132.36576,0.01330
3130.43696,0.01170
3128.50816,0.00889
3126.57937,0.00909
3124.65057,0.01088
3122.72177,0.01142
3120.79298,0.01120
3118.86418,0.01021
3116.93538,0.00837
3115.00659,0.00712
3113.07779,0.00603
3111.14899,0.00420
3109.22020,0.00273
3107.29140,0.00175
3105.36260,0.00130
3103.43381,0.00255
3101.50501,0.00427
3099.57621,0.00386
3097.64742,0.00150
3095.71862,-0.00040
3093.78982,-0.00066
3091.86103,0.00053
3089.93223,0.00204
3088.00344,0.00216
3086.07464,0.00142
3084.14584,0.00162
3082.21705,0.00199
3080.28825,0.00106
3078.35945,-0.00053
3076.43066,-0.00169
3074.50186,-0.00184
3072.57306,-0.00076
3070.64427,0.00026
3068.71547,0.00032
3066.78667,0.00024
3064.85788,0.00074
3062.92908,0.00122
3061.00028,0.00101
3059.07149,0.00072
3057.14269,0.00060
3055.21389,0.00015
3053.28510,-0.00058
3051.35630,-0.00092
3049.42750,-0.00034
3047.49871,0.00036
3045.56991,-0.00009
3043.64111,-0.00110
3041.71232,-0.00136
3039.78352,-0.00119
3037.85472,-0.00106
3035.92593,-0.00032
3033.99713,0.00061
3032.06833,0.00069
3030.13954,0.00057
3028.21074,0.00097
3026.28194,0.00124
3024.35315,0.00078
3022.42435,-0.00015
3020.49555,-0.00095
3018.56676,-0.00070
3016.63796,0.00071
3014.70916,0.00179
3012.78037,0.00163
3010.85157,0.00098
3008.92277,0.00062
3006.99398,0.00079
3005.06518,0.00110
3003.13638,0.00095
3001.20759,0.00055
2999.27879,0.00080
2997.34999,0.00171
2995.42120,0.00179
2993.49240,0.00043
2991.56360,-0.00058
2989.63481,-0.00033
2987.70601,0.00018
2985.77721,0.00080
2983.84842,0.00152
2981.91962,0.00160
2979.99082,0.00124
2978.06203,0.00113
2976.13323,0.00109
2974.20443,0.00117
2972.27564,0.00172
2970.34684,0.00215
2968.41804,0.00195
2966.48925,0.00137
2964.56045,0.00083
2962.63165,0.00054
2960.70286,0.00023
2958.77406,-0.00001
2956.84526,0.00025
2954.91647,0.00075
2952.98767,0.00107
2951.05887,0.00133
2949.13008,0.00167
2947.20128,0.00238
2945.27248,0.00337
2943.34369,0.00331
2941.41489,0.00213
2939.48609,0.00179
2937.55730,0.00243
2935.62850,0.00252
2933.69970,0.00219
2931.77091,0.00250
2929.84211,0.00298
2927.91331,0.00298
2925.98452,0.00328
2924.05572,0.00388
2922.12692,0.00389
2920.19813,0.00386
2918.26933,0.00454
2916.34053,0.00540
2914.41174,0.00567
2912.48294,0.00545
2910.55414,0.00503
2908.62535,0.00444
2906.69655,0.00388
2904.76775,0.00353
2902.83896,0.00347
2900.91016,0.00361
2898.98136,0.00369
2897.05257,0.00392
2895.12377,0.00438
2893.19497,0.00471
2891.26618,0.00464
2889.33738,0.00441
2887.40858,0.00452
2885.47979,0.00500
2883.55099,0.00550
2881.62219,0.00586
2879.69340,0.00606
2877.76460,0.00624
2875.83580,0.00665
2873.90701,0.00711
2871.97821,0.00707
2870.04941,0.00688
2868.12062,0.00703
2866.19182,0.00722
2864.26302,0.00747
2862.33423,0.00810
2860.40543,0.00888
2858.47663,0.00945
2856.54784,0.00973
2854.61904,0.00984
2852.69024,0.00999
2850.76145,0.01042
2848.83265,0.01103
2846.90385,0.01146
2844.97506,0.01179
2843.04626,0.01225
2841.11746,0.01282
2839.18867,0.01343
2837.25987,0.01400
2835.33107,0.01446
2833.40228,0.01456
2831.47348,0.01411
2829.54468,0.01370
2827.61589,0.01389
2825.68709,0.01449
2823.75829,0.01511
2821.82950,0.01538
2819.90070,0.01534
2817.97190,0.01529
2816.04311,0.01526
2814.11431,0.01510
2812.18551,0.01491
2810.25672,0.01479
2808.32792,0.01474
2806.39912,0.01479
2804.47033,0.01478
2802.54153,0.01435
2800.61273,0.01390
2798.68394,0.01400
2796.75514,0.01441
2794.82634,0.01465
2792.89755,0.01467
2790.96875,0.01448
2789.03995,0.01391
2787.11116,0.01323
2785.18236,0.01294
2783.25356,0.01291
2781.32477,0.01280
2779.39597,0.01263
2777.46717,0.01254
2775.53838,0.01250
2773.60958,0.01239
2771.68078,0.01230
2769.75199,0.01222
2767.82319,0.01190
2765.89439,0.01153
2763.96560,0.01142
2762.03680,0.01144
2760.10800,0.01145
2758.17921,0.01136
2756.25041,0.01112
2754.32161,0.01095
2752.39282,0.01100
2750.46402,0.01099
2748.53522,0.01083
2746.60643,0.01080
2744.67763,0.01100
2742.74883,0.01119
2740.82004,0.01127
2738.89124,0.01135
2736.96244,0.01151
2735.03365,0.01168
2733.10485,0.01172
2731.17605,0.01159
2729.24726,0.01147
2727.31846,0.01145
2725.38967,0.01145
2723.46087,0.01154
2721.53207,0.01177
2719.60328,0.01190
2717.67448,0.01189
2715.74568,0.01195
2713.81689,0.01203
2711.88809,0.01183
2709.95929,0.01147
2708.03050,0.01132
2706.10170,0.01130
2704.17290,0.01125
2702.24411,0.01123
2700.31531,0.01128
2698.38651,0.01140
2696.45772,0.01154
2694.52892,0.01156
2692.60012,0.01143
2690.67133,0.01142
2688.74253,0.01167
2686.81373,0.01192
2684.88494,0.01203
2682.95614,0.01191
2681.02734,0.01163
2679.09855,0.01151
2677.16975,0.01156
2675.24095,0.01158
2673.31216,0.01156
2671.38336,0.01150
2669.45456,0.01139
2667.52577,0.01129
2665.59697,0.01109
2663.66817,0.01081
2661.73938,0.01063
2659.81058,0.01069
2657.88178,0.01088
2655.95299,0.01092
2654.02419,0.01084
2652.09539,0.01084
2650.16660,0.01099
2648.23780,0.01109
2646.30900,0.01103
2644.38021,0.01107
2642.45141,0.01137
2640.52261,0.01169
2638.59382,0.01186
2636.66502,0.01194
2634.73622,0.01210
2632.80743,0.01240
2630.87863,0.01272
2628.94983,0.01287
2627.02104,0.01306
2625.09224,0.01355
2623.16344,0.01408
2621.23465,0.01427
2619.30585,0.01417
2617.37705,0.01418
2615.44826,0.01446
2613.51946,0.01475
2611.59066,0.01470
2609.66187,0.01456
2607.73307,0.01473
2605.80427,0.01486
2603.87548,0.01460
2601.94668,0.01444
2600.01788,0.01477
2598.08909,0.01528
2596.16029,0.01558
2594.23149,0.01561
2592.30270,0.01550
2590.37390,0.01541
2588.44510,0.01540
2586.51631,0.01541
2584.58751,0.01544
2582.65871,0.01555
2580.72992,0.01561
2578.80112,0.01544
2576.87232,0.01523
2574.94353,0.01513
2573.01473,0.01498
2571.08593,0.01463
2569.15714,0.01436
2567.22834,0.01435
2565.29954,0.01422
2563.37075,0.01377
2561.44195,0.01356
2559.51315,0.01391
2557.58436,0.01427
2555.65556,0.01426
2553.72676,0.01431
2551.79797,0.01463
2549.86917,0.01479
2547.94037,0.01467
2546.01158,0.01451
2544.08278,0.01440
2542.15398,0.01453
2540.22519,0.01482
2538.29639,0.01495
2536.36759,0.01488
2534.43880,0.01474
2532.51000,0.01472
2530.58120,0.01475
2528.65241,0.01481
2526.72361,0.01476
2524.79481,0.01411
2522.86602,0.01321
2520.93722,0.01306
2519.00842,0.01364
2517.07963,0.01407
2515.15083,0.01404
2513.22203,0.01394
2511.29324,0.01403
2509.36444,0.01416
2507.43564,0.01399
2505.50685,0.01379
2503.57805,0.01387
2501.64925,0.01380
2499.72046,0.01349
2497.79166,0.01334
2495.86286,0.01328
2493.93407,0.01312
2492.00527,0.01309
2490.07647,0.01346
2488.14768,0.01408
2486.21888,0.01459
2484.29008,0.01474
2482.36129,0.01450
2480.43249,0.01404
2478.50369,0.01367
2476.57490,0.01345
2474.64610,0.01312
2472.71730,0.01276
2470.78851,0.01268
2468.85971,0.01290
2466.93091,0.01330
2465.00212,0.01355
2463.07332,0.01333
2461.14452,0.01294
2459.21573,0.01292
2457.28693,0.01297
2455.35813,0.01264
2453.42934,0.01228
2451.50054,0.01216
2449.57174,0.01215
2447.64295,0.01222
2445.71415,0.01227
2443.78535,0.01240
2441.85656,0.01270
2439.92776,0.01278
2437.99896,0.01271
2436.07017,0.01271
2434.14137,0.01256
2432.21257,0.01230
2430.28378,0.01214
2428.35498,0.01197
2426.42618,0.01159
2424.49739,0.01118
2422.56859,0.01079
2420.63979,0.01022
2418.71100,0.00977
2416.78220,0.00967
2414.85340,0.00967
2412.92461,0.00953
2410.99581,0.00918
2409.06701,0.00869
2407.13822,0.00821
2405.20942,0.00781
2403.28062,0.00747
2401.35183,0.00719
2399.42303,0.00688
2397.49423,0.00659
2395.56544,0.00648
2393.63664,0.00639
2391.70784,0.00608
2389.77905,0.00577
2387.85025,0.00596
2385.92145,0.00659
2383.99266,0.00739
2382.06386,0.00858
2380.13506,0.01038
2378.20627,0.01257
2376.27747,0.01502
2374.34867,0.01806
2372.41988,0.02170
2370.49108,0.02521
2368.56228,0.02794
2366.63349,0.03006
2364.70469,0.03197
2362.77589,0.03356
2360.84710,0.03448
2358.91830,0.03372
2356.98951,0.03064
2355.06071,0.02619
2353.13191,0.02123
2351.20312,0.01679
2349.27432,0.01471
2347.34552,0.01580
2345.41673,0.01897
2343.48793,0.02138
2341.55913,0.02195
2339.63034,0.02191
2337.70154,0.02147
2335.77274,0.02066
2333.84395,0.02016
2331.91515,0.01971
2329.98635,0.01867
2328.05756,0.01741
2326.12876,0.01668
2324.19996,0.01653
2322.27117,0.01645
2320.34237,0.01604
2318.41357,0.01524
2316.48478,0.01430
2314.55598,0.01373
2312.62718,0.01347
2310.69839,0.01309
2308.76959,0.01240
2306.84079,0.01152
2304.91200,0.01081
2302.98320,0.01053
2301.05440,0.01052
2299.12561,0.01056
2297.19681,0.01040
2295.26801,0.01013
2293.33922,0.01022
2291.41042,0.01064
2289.48162,0.01108
2287.55283,0.01161
2285.62403,0.01222
2283.69523,0.01292
2281.76644,0.01396
2279.83764,0.01509
2277.90884,0.01591
2275.98005,0.01688
2274.05125,0.01817
2272.12245,0.01904
2270.19366,0.01938
2268.26486,0.02001
2266.33606,0.02102
2264.40727,0.02138
2262.47847,0.02127
2260.54967,0.02211
2258.62088,0.02410
2256.69208,0.02604
2254.76328,0.02684
2252.83449,0.02649
2250.90569,0.02575
2248.97689,0.02563
2247.04810,0.02685
2245.11930,0.02875
2243.19050,0.03018
2241.26171,0.03111
2239.33291,0.03254
2237.40411,0.03470
2235.47532,0.03607
2233.54652,0.03578
2231.61772,0.03538
2229.68893,0.03627
2227.76013,0.03760
2225.83133,0.03866
2223.90254,0.03958
2221.97374,0.03980
2220.04494,0.03995
2218.11615,0.04115
2216.18735,0.04278
2214.25855,0.04425
2212.32976,0.04518
2210.40096,0.04478
2208.47216,0.04409
2206.54337,0.04493
2204.61457,0.04718
2202.68577,0.04966
2200.75698,0.05136
2198.82818,0.05220
2196.89938,0.05312
2194.97059,0.05452
2193.04179,0.05590
2191.11299,0.05736
2189.18420,0.05936
2187.25540,0.06095
2185.32660,0.06149
2183.39781,0.06283
2181.46901,0.06593
2179.54021,0.06903
2177.61142,0.07070
2175.68262,0.07105
2173.75382,0.06953
2171.82503,0.06682
2169.89623,0.06630
2167.96743,0.06836
2166.03864,0.07160
2164.10984,0.07733
2162.18104,0.08579
2160.25225,0.09304
2158.32345,0.09240
2156.39465,0.08331
2154.46586,0.07307
2152.53706,0.06550
2150.60826,0.05993
2148.67947,0.05455
2146.75067,0.04853
2144.82187,0.04329
2142.89308,0.03955
2140.96428,0.03605
2139.03548,0.03248
2137.10669,0.02910
2135.17789,0.02511
2133.24909,0.02104
2131.32030,0.01843
2129.39150,0.01640
2127.46270,0.01363
2125.53391,0.01121
2123.60511,0.01004
2121.67631,0.00955
2119.74752,0.00901
2117.81872,0.00820
2115.88992,0.00767
2113.96113,0.00774
2112.03233,0.00782
2110.10353,0.00766
2108.17474,0.00768
2106.24594,0.00807
2104.31714,0.00883
2102.38835,0.00960
2100.45955,0.00952
2098.53075,0.00850
2096.60196,0.00751
2094.67316,0.00733
2092.74436,0.00777
2090.81557,0.00798
2088.88677,0.00735
2086.95797,0.00673
2085.02918,0.00713
2083.10038,0.00811
2081.17158,0.00906
2079.24279,0.00972
2077.31399,0.00992
2075.38519,0.00996
2073.45640,0.01062
2071.52760,0.01173
2069.59880,0.01250
2067.67001,0.01338
2065.74121,0.01455
2063.81241,0.01497
2061.88362,0.01453
2059.95482,0.01449
2058.02602,0.01556
2056.09723,0.01650
2054.16843,0.01651
2052.23963,0.01702
2050.31084,0.01981
2048.38204,0.02459
2046.45324,0.02883
2044.52445,0.03172
2042.59565,0.03430
2040.66685,0.03615
2038.73806,0.03618
2036.80926,0.03520
2034.88046,0.03575
2032.95167,0.03895
2031.02287,0.04133
2029.09407,0.03955
2027.16528,0.03652
2025.23648,0.03588
2023.30768,0.03641
2021.37889,0.03687
2019.45009,0.03770
2017.52129,0.03740
2015.59250,0.03485
2013.66370,0.03192
2011.73490,0.03058
2009.80611,0.03150
2007.87731,0.03235
2005.94851,0.03040
2004.01972,0.02699
2002.09092,0.02421
2000.16212,0.02258
1998.23333,0.02220
1996.30453,0.02267
1994.37574,0.02311
1992.44694,0.02284
1990.51814,0.02138
1988.58935,0.01955
1986.66055,0.01953
1984.73175,0.02163
1982.80296,0.02438
1980.87416,0.02665
1978.94536,0.02786
1977.01657,0.02725
1975.08777,0.02461
1973.15897,0.02216
1971.23018,0.02109
1969.30138,0.02006
1967.37258,0.01884
1965.44379,0.01814
1963.51499,0.01702
1961.58619,0.01465
1959.65740,0.01235
1957.72860,0.01068
1955.79980,0.00877
1953.87101,0.00701
1951.94221,0.00608
1950.01341,0.00544
1948.08462,0.00474
1946.15582,0.00457
1944.22702,0.00490
1942.29823,0.00422
1940.36943,0.00242
1938.44063,0.00102
1936.51184,0.00005
1934.58304,-0.00108
1932.65424,-0.00191
1930.72545,-0.00202
1928.79665,-0.00192
1926.86785,-0.00204
1924.93906,-0.00211
1923.01026,-0.00218
1921.08146,-0.00244
1919.15267,-0.00266
1917.22387,-0.00314
1915.29507,-0.00396
1913.36628,-0.00446
1911.43748,-0.00440
1909.50868,-0.00424
1907.57989,-0.00441
1905.65109,-0.00475
1903.72229,-0.00502
1901.79350,-0.00536
1899.86470,-0.00559
1897.93590,-0.00549
1896.00711,-0.00532
1894.07831,-0.00558
1892.14951,-0.00595
1890.22072,-0.00597
1888.29192,-0.00614
1886.36312,-0.00659
1884.43433,-0.00690
1882.50553,-0.00698
1880.57673,-0.00708
1878.64794,-0.00739
1876.71914,-0.00772
1874.79034,-0.00787
1872.86155,-0.00759
1870.93275,-0.00658
1869.00395,-0.00558
1867.07516,-0.00591
1865.14636,-0.00697
1863.21756,-0.00764
1861.28877,-0.00789
1859.35997,-0.00800
1857.43117,-0.00811
1855.50238,-0.00825
1853.57358,-0.00834
1851.64478,-0.00823
1849.71599,-0.00767
1847.78719,-0.00678
1845.85839,-0.00587
1843.92960,-0.00577
1842.00080,-0.00676
1840.07200,-0.00765
1838.14321,-0.00802
1836.21441,-0.00816
1834.28561,-0.00809
1832.35682,-0.00737
1830.42802,-0.00653
1828.49922,-0.00663
1826.57043,-0.00716
1824.64163,-0.00764
1822.71283,-0.00830
1820.78404,-0.00879
1818.85524,-0.00886
1816.92644,-0.00887
1814.99765,-0.00882
1813.06885,-0.00835
1811.14005,-0.00783
1809.21126,-0.00788
1807.28246,-0.00826
1805.35366,-0.00821
1803.42487,-0.00753
1801.49607,-0.00682
1799.56727,-0.00684
1797.63848,-0.00717
1795.70968,-0.00697
1793.78088,-0.00626
1791.85209,-0.00612
1789.92329,-0.00716
1787.99449,-0.00808
1786.06570,-0.00822
1784.13690,-0.00810
1782.20810,-0.00795
1780.27931,-0.00795
1778.35051,-0.00808
1776.42171,-0.00777
1774.49292,-0.00669
1772.56412,-0.00564
1770.63532,-0.00591
1768.70653,-0.00704
1766.77773,-0.00813
1764.84893,-0.00847
1762.92014,-0.00800
1760.99134,-0.00765
1759.06254,-0.00765
1757.13375,-0.00769
1755.20495,-0.00776
1753.27615,-0.00721
1751.34736,-0.00577
1749.41856,-0.00501
1747.48976,-0.00564
1745.56097,-0.00645
1743.63217,-0.00687
1741.70337,-0.00703
1739.77458,-0.00737
1737.84578,-0.00751
1735.91698,-0.00664
1733.98819,-0.00550
1732.05939,-0.00615
1730.13059,-0.00761
1728.20180,-0.00867
1726.27300,-0.00897
1724.34420,-0.00837
1722.41541,-0.00728
1720.48661,-0.00525
1718.55781,-0.00170
1716.62902,0.00144
1714.70022,0.00241
1712.77142,0.00316
1710.84263,0.00545
1708.91383,0.00961
1706.98503,0.01581
1705.05624,0.02322
1703.12744,0.03065
1701.19864,0.04119
1699.26985,0.05510
1697.34105,0.06795
1695.41225,0.08220
1693.48346,0.09662
1691.55466,0.11132
1689.62586,0.12964
1687.69707,0.14883
1685.76827,0.17012
1683.83947,0.19854
1681.91068,0.22185
1679.98188,0.23831
1678.05308,0.25523
1676.12429,0.27529
1674.19549,0.29670
1672.26669,0.31457
1670.33790,0.33145
1668.40910,0.34743
1666.48030,0.35804
1664.55151,0.36673
1662.62271,0.37522
1660.69391,0.38075
1658.76512,0.38385
1656.83632,0.38694
1654.90752,0.39099
1652.97873,0.39295
1651.04993,0.39114
1649.12113,0.39169
1647.19234,0.39583
1645.26354,0.40141
1643.33474,0.40838
1641.40595,0.41957
1639.47715,0.43539
1637.54835,0.45738
1635.61956,0.48929
1633.69076,0.52032
1631.76197,0.54520
1629.83317,0.57300
1627.90437,0.60512
1625.97558,0.63526
1624.04678,0.66215
1622.11798,0.68498
1620.18919,0.70015
1618.26039,0.71133
1616.33159,0.71966
1614.40280,0.72272
1612.47400,0.72462
1610.54520,0.72822
1608.61641,0.73422
1606.68761,0.74274
1604.75881,0.75446
1602.83002,0.76932
1600.90122,0.78584
1598.97242,0.80271
1597.04363,0.81883
1595.11483,0.83328
1593.18603,0.84402
1591.25724,0.85030
1589.32844,0.85145
1587.39964,0.84679
1585.47085,0.83673
1583.54205,0.82119
1581.61325,0.80138
1579.68446,0.77955
1577.75566,0.75280
1575.82686,0.71484
1573.89807,0.67909
1571.96927,0.65008
1570.04047,0.61527
1568.11168,0.57754
1566.18288,0.54517
1564.25408,0.51657
1562.32529,0.49394
1560.39649,0.47077
1558.46769,0.43236
1556.53890,0.39953
1554.61010,0.37692
1552.68130,0.35597
1550.75251,0.33626
1548.82371,0.31788
1546.89491,0.30281
1544.96612,0.29037
1543.03732,0.27866
1541.10852,0.26508
1539.17973,0.24721
1537.25093,0.23413
1535.32213,0.22578
1533.39334,0.21654
1531.46454,0.20684
1529.53574,0.19971
1527.60695,0.19388
1525.67815,0.18821
1523.74935,0.18336
1521.82056,0.17815
1519.89176,0.17225
1517.96296,0.16720
1516.03417,0.16222
1514.10537,0.15770
1512.17657,0.15522
1510.24778,0.15513
1508.31898,0.15634
1506.39018,0.15445
1504.46139,0.15040
1502.53259,0.14920
1500.60379,0.15086
1498.67500,0.15466
1496.74620,0.15955
1494.81740,0.16455
1492.88861,0.17087
1490.95981,0.18111
1489.03101,0.19481
1487.10222,0.20808
1485.17342,0.22129
1483.24462,0.23695
1481.31583,0.25600
1479.38703,0.27682
1477.45823,0.29910
1475.52944,0.32418
1473.60064,0.35279
1471.67184,0.38209
1469.74305,0.40504
1467.81425,0.42461
1465.88545,0.44680
1463.95666,0.46915
1462.02786,0.48572
1460.09906,0.49838
1458.17027,0.51015
1456.24147,0.51560
1454.31267,0.51205
1452.38388,0.50455
1450.45508,0.49364
1448.52628,0.47775
1446.59749,0.45690
1444.66869,0.43433
1442.73989,0.41082
1440.81110,0.38755
1438.88230,0.36497
1436.95350,0.33819
1435.02471,0.31048
1433.09591,0.28893
1431.16711,0.26959
1429.23832,0.25002
1427.30952,0.23303
1425.38072,0.21866
1423.45193,0.20573
1421.52313,0.19501
1419.59433,0.18487
1417.66554,0.17368
1415.73674,0.16394
1413.80794,0.15615
1411.87915,0.14923
1409.95035,0.14275
1408.02155,0.13701
1406.09276,0.13178
1404.16396,0.12643
1402.23516,0.12173
1400.30637,0.11808
1398.37757,0.11472
1396.44877,0.11109
1394.51998,0.10679
1392.59118,0.10236
1390.66238,0.09914
1388.73359,0.09680
1386.80479,0.09402
1384.87599,0.09080
1382.94720,0.08813
1381.01840,0.08614
1379.08960,0.08452
1377.16081,0.08328
1375.23201,0.08219
1373.30321,0.08047
1371.37442,0.07846
1369.44562,0.07686
1367.51682,0.07561
1365.58803,0.07491
1363.65923,0.07466
1361.73043,0.07369
1359.80164,0.07194
1357.87284,0.07052
1355.94404,0.06956
1354.01525,0.06871
1352.08645,0.06787
1350.15765,0.06714
1348.22886,0.06649
1346.30006,0.06588
1344.37126,0.06555
1342.44247,0.06588
1340.51367,0.06667
1338.58487,0.06685
1336.65608,0.06617
1334.72728,0.06551
1332.79848,0.06521
1330.86969,0.06498
1328.94089,0.06452
1327.01209,0.06384
1325.08330,0.06308
1323.15450,0.06243
1321.22570,0.06196
1319.29691,0.06151
1317.36811,0.06090
1315.43931,0.06026
1313.51052,0.05969
1311.58172,0.05907
1309.65292,0.05849
1307.72413,0.05804
1305.79533,0.05764
1303.86653,0.05726
1301.93774,0.05691
1300.00894,0.05659
1298.08014,0.05632
1296.15135,0.05606
1294.22255,0.05579
1292.29375,0.05557
1290.36496,0.05546
1288.43616,0.05534
1286.50736,0.05512
1284.57857,0.05486
1282.64977,0.05469
1280.72097,0.05460
1278.79218,0.05456
1276.86338,0.05461
1274.93458,0.05474
1273.00579,0.05494
1271.07699,0.05514
1269.14820,0.05527
1267.21940,0.05535
1265.29060,0.05547
1263.36181,0.05567
1261.43301,0.05588
1259.50421,0.05596
1257.57542,0.05592
1255.64662,0.05588
1253.71782,0.05588
1251.78903,0.05594
1249.86023,0.05603
1247.93143,0.05614
1246.00264,0.05628
1244.07384,0.05641
1242.14504,0.05654
1240.21625,0.05664
1238.28745,0.05673
1236.35865,0.05682
1234.42986,0.05694
1232.50106,0.05713
1230.57226,0.05741
1228.64347,0.05777
1226.71467,0.05821
1224.78587,0.05872
1222.85708,0.05933
1220.92828,0.06005
1218.99948,0.06085
1217.07069,0.06172
1215.14189,0.06267
1213.21309,0.06374
1211.28430,0.06490
1209.35550,0.06615
1207.42670,0.06754
1205.49791,0.06908
1203.56911,0.07078
1201.64031,0.07268
1199.71152,0.07484
1197.78272,0.07731
1195.85392,0.08009
1193.92513,0.08323
1191.99633,0.08679
1190.06753,0.09087
1188.13874,0.09551
1186.20994,0.10069
1184.28114,0.10651
1182.35235,0.11305
1180.42355,0.12039
1178.49475,0.12847
1176.56596,0.13723
1174.63716,0.14660
1172.70836,0.15643
1170.77957,0.16652
1168.85077,0.17666
1166.92197,0.18651
1164.99318,0.19568
1163.06438,0.20373
1161.13558,0.21022
1159.20679,0.21474
1157.27799,0.21698
1155.34919,0.21682
1153.42040,0.21430
1151.49160,0.20958
1149.56280,0.20291
1147.63401,0.19470
1145.70521,0.18544
1143.77641,0.17565
1141.84762,0.16578
1139.91882,0.15617
1137.99002,0.14706
1136.06123,0.13855
1134.13243,0.13078
1132.20363,0.12382
1130.27484,0.11763
1128.34604,0.11211
1126.41724,0.10722
1124.48845,0.10292
1122.55965,0.09916
1120.63085,0.09587
1118.70206,0.09297
1116.77326,0.09039
1114.84446,0.08812
1112.91567,0.08612
1110.98687,0.08439
1109.05807,0.08288
1107.12928,0.08154
1105.20048,0.08033
1103.27168,0.07926
1101.34289,0.07838
1099.41409,0.07767
1097.48529,0.07710
1095.55650,0.07666
1093.62770,0.07633
1091.69890,0.07610
1089.77011,0.07596
1087.84131,0.07599
1085.91251,0.07619
1083.98372,0.07652
1082.05492,0.07699
1080.12612,0.07760
1078.19733,0.07832
1076.26853,0.07907
1074.33973,0.07985
1072.41094,0.08060
1070.48214,0.08127
1068.55334,0.08183
1066.62455,0.08224
1064.69575,0.08249
1062.76695,0.08255
1060.83816,0.08240
1058.90936,0.08200
1056.98056,0.08135
1055.05177,0.08052
1053.12297,0.07954
1051.19417,0.07839
1049.26538,0.07713
1047.33658,0.07581
1045.40778,0.07443
1043.47899,0.07299
1041.55019,0.07155
1039.62139,0.07018
1037.69260,0.06888
1035.76380,0.06763
1033.83500,0.06643
1031.90621,0.06533
1029.97741,0.06433
1028.04861,0.06345
1026.11982,0.06265
1024.19102,0.06190
1022.26222,0.06123
1020.33343,0.06065
1018.40463,0.06020
1016.47583,0.05986
1014.54704,0.05961
1012.61824,0.05940
1010.68944,0.05912
1008.76065,0.05860
1006.83185,0.05779
1004.90305,0.05673
1002.97426,0.05552
1001.04546,0.05431
999.11666,0.05325
997.18787,0.05238
995.25907,0.05167
993.33027,0.05100
991.40148,0.05032
989.47268,0.04962
987.54388,0.04891
985.61509,0.04814
983.68629,0.04734
981.75749,0.04652
979.82870,0.04571
977.89990,0.04488
975.97110,0.04404
974.04231,0.04323
972.11351,0.04245
970.18471,0.04168
968.25592,0.04086
966.32712,0.04001
964.39832,0.03918
962.46953,0.03835
960.54073,0.03749
958.61193,0.03663
956.68314,0.03580
954.75434,0.03498
952.82554,0.03417
950.89675,0.03334
948.96795,0.03250
947.03915,0.03164
945.11036,0.03078
943.18156,0.02996
941.25276,0.02915
939.32397,0.02836
937.39517,0.02757
935.46637,0.02679
933.53758,0.02600
931.60878,0.02518
929.67998,0.02434
927.75119,0.02349
925.82239,0.02263
923.89359,0.02174
921.96480,0.02079
920.03600,0.01978
918.10720,0.01871
916.17841,0.01761
914.24961,0.01651
912.32081,0.01545
910.39202,0.01439
908.46322,0.01334
906.53443,0.01232
904.60563,0.01130
902.67683,0.01030
900.74804,0.00933
898.81924,0.00836
896.89044,0.00739
894.96165,0.00642
893.03285,0.00535
891.10405,0.00415
889.17526,0.00296
887.24646,0.00184
885.31766,0.00078
883.38887,-0.00024
881.46007,-0.00123
879.53127,-0.00217
877.60248,-0.00306
875.67368,-0.00392
873.74488,-0.00480
871.81609,-0.00566
869.88729,-0.00645
867.95849,-0.00723
866.02970,-0.00807
864.10090,-0.00894
862.17210,-0.00975
860.24331,-0.01048
858.31451,-0.01117
856.38571,-0.01186
854.45692,-0.01259
852.52812,-0.01332
850.59932,-0.01398
848.67053,-0.01461
846.74173,-0.01524
844.81293,-0.01580
842.88414,-0.01625
840.95534,-0.01664
839.02654,-0.01705
837.09775,-0.01741
835.16895,-0.01766
833.24015,-0.01784
831.31136,-0.01804
829.38256,-0.01817
827.45376,-0.01819
825.52497,-0.01816
823.59617,-0.01818
821.66737,-0.01823
819.73858,-0.01821
817.80978,-0.01807
815.88098,-0.01790
813.95219,-0.01769
812.02339,-0.01737
810.09459,-0.01692
808.16580,-0.01633
806.23700,-0.01555
804.30820,-0.01464
802.37941,-0.01363
800.45061,-0.01237
798.52181,-0.01073
796.59302,-0.00874
794.66422,-0.00642
792.73542,-0.00390
790.80663,-0.00142
788.87783,0.00081
786.94903,0.00247
785.02024,0.00301
783.09144,0.00220
781.16264,0.00033
779.23385,-0.00218
777.30505,-0.00523
775.37625,-0.00873
773.44746,-0.01209
771.51866,-0.01475
769.58986,-0.01686
767.66107,-0.01869
765.73227,-0.02017
763.80347,-0.02107
761.87468,-0.02157
759.94588,-0.02224
758.01708,-0.02304
756.08829,-0.02344
754.15949,-0.02367
752.23069,-0.02423
750.30190,-0.02467
748.37310,-0.02437
