3496.90832,0.02249
3494.97953,0.02946
3493.05073,0.03127
3491.12193,0.02986
3489.19314,0.02982
3487.26434,0.02693
3485.33554,0.02303
3483.40675,0.02424
3481.47795,0.02669
3479.54915,0.02526
3477.62036,0.02348
3475.69156,0.02662
3473.76276,0.03348
3471.83397,0.03910
3469.90517,0.03839
3467.97637,0.03246
3466.04758,0.03075
3464.11878,0.03354
3462.18998,0.03194
3460.26119,0.02989
3458.33239,0.03438
3456.40359,0.04016
3454.47480,0.03984
3452.54600,0.03576
3450.61721,0.03345
3448.68841,0.02977
3446.75961,0.02417
3444.83082,0.02023
3442.90202,0.01395
3440.97322,0.01012
3439.04443,0.01525
3437.11563,0.01919
3435.18683,0.01646
3433.25804,0.01460
3431.32924,0.01692
3429.40044,0.01798
3427.47165,0.01619
3425.54285,0.01571
3423.61405,0.01703
3421.68526,0.01932
3419.75646,0.01909
3417.82766,0.01344
3415.89887,0.00912
3413.97007,0.00943
3412.04127,0.00719
3410.11248,0.00267
3408.18368,0.00655
3406.25488,0.01471
3404.32609,0.01248
3402.39729,0.00541
3400.46849,0.00542
3398.53970,0.01259
3396.61090,0.02028
3394.68210,0.02081
3392.75331,0.01667
3390.82451,0.01460
3388.89571,0.01238
3386.96692,0.00858
3385.03812,0.00569
3383.10932,0.00400
3381.18053,0.00656
3379.25173,0.01372
3377.32293,0.01865
3375.39414,0.01942
3373.46534,0.02098
3371.53654,0.02660
3369.60775,0.03512
3367.67895,0.03901
3365.75015,0.03137
3363.82136,0.01995
3361.89256,0.01891
3359.96376,0.02802
3358.03497,0.03900
3356.10617,0.04298
3354.17737,0.03318
3352.24858,0.01941
3350.31978,0.01483
3348.39098,0.01818
3346.46219,0.02740
3344.53339,0.03943
3342.60459,0.04328
3340.67580,0.03731
3338.74700,0.02916
3336.81820,0.02052
3334.88941,0.01512
3332.96061,0.01675
3331.03181,0.01697
3329.10302,0.01444
3327.17422,0.01536
3325.24542,0.01511
3323.31663,0.01251
3321.38783,0.01310
3319.45903,0.01241
3317.53024,0.00722
3315.60144,-0.00019
3313.67264,-0.00969
3311.74385,-0.01393
3309.81505,-0.00567
3307.88625,0.00744
3305.95746,0.01140
3304.02866,0.00616
3302.09986,0.00274
3300.17107,0.00210
3298.24227,0.00027
3296.31347,0.00019
3294.38468,0.00227
3292.45588,0.00291
3290.52708,0.00088
3288.59829,-0.00201
3286.66949,-0.00434
3284.74069,-0.00559
3282.81190,-0.00432
3280.88310,-0.00231
3278.95430,-0.00210
3277.02551,-0.00382
3275.09671,-0.00553
3273.16791,-0.00288
3271.23912,0.00303
3269.31032,0.00262
3267.38152,-0.00525
3265.45273,-0.00893
3263.52393,-0.00361
3261.59513,0.00303
3259.66634,0.00446
3257.73754,0.00319
3255.80874,0.00580
3253.87995,0.01048
3251.95115,0.01071
3250.02235,0.00921
3248.09356,0.01112
3246.16476,0.01509
3244.23596,0.01754
3242.30717,0.01457
3240.37837,0.00579
3238.44957,-0.00226
3236.52078,-0.00166
3234.59198,0.00624
3232.66318,0.01225
3230.73439,0.01239
3228.80559,0.01092
3226.87679,0.01056
3224.94800,0.01235
3223.01920,0.01634
3221.09040,0.01643
3219.16161,0.01070
3217.23281,0.00758
3215.30401,0.00996
3213.37522,0.01253
3211.44642,0.01448
3209.51762,0.01809
3207.58883,0.02116
3205.66003,0.01993
3203.73123,0.01489
3201.80244,0.01112
3199.87364,0.01367
3197.94484,0.02007
3196.01605,0.02366
3194.08725,0.02386
3192.15845,0.02245
3190.22966,0.01943
3188.30086,0.01645
3186.37206,0.01513
3184.44327,0.01459
3182.51447,0.01457
3180.58567,0.01586
3178.65688,0.01724
3176.72808,0.01611
3174.79928,0.01277
3172.87049,0.01088
3170.94169,0.01220
3169.01289,0.01410
3167.08410,0.01220
3165.15530,0.00711
3163.22650,0.00347
3161.29771,0.00189
3159.36891,0.00254
3157.44011,0.00640
3155.51132,0.00891
3153.58252,0.00706
3151.65372,0.00481
3149.72493,0.00432
3147.79613,0.00433
3145.86733,0.00457
3143.93854,0.00387
3142.00974,0.00314
3140.08094,0.00602
3138.15215,0.01019
3136.22335,0.01124
3134.29455,0.00975
3132.36576,0.00691
3130.43696,0.00424
3128.50816,0.00349
3126.57937,0.00377
3124.65057,0.00486
3122.72177,0.00706
3120.79298,0.00781
3118.86418,0.00585
3116.93538,0.00326
3115.00659,0.00141
3113.07779,0.00056
3111.14899,0.00063
3109.22020,0.00086
3107.29140,0.00110
3105.36260,0.00133
3103.43381,0.00148
3101.50501,0.00151
3099.57621,0.00063
3097.64742,-0.00077
3095.71862,-0.00086
3093.78982,0.00035
3091.86103,0.00163
3089.93223,0.00223
3088.00344,0.00175
3086.07464,0.00103
3084.14584,0.00118
3082.21705,0.00174
3080.28825,0.00164
3078.35945,0.00079
3076.43066,0.00011
3074.50186,0.00088
3072.57306,0.00287
3070.64427,0.00411
3068.71547,0.00400
3066.78667,0.00363
3064.85788,0.00331
3062.92908,0.00272
3061.00028,0.00219
3059.07149,0.00220
3057.14269,0.00223
3055.21389,0.00168
3053.28510,0.00145
3051.35630,0.00246
3049.42750,0.00368
3047.49871,0.00377
3045.56991,0.00340
3043.64111,0.00375
3041.71232,0.00432
3039.78352,0.00401
3037.85472,0.00335
3035.92593,0.00377
3033.99713,0.00456
3032.06833,0.00423
3030.13954,0.00367
3028.21074,0.00398
3026.28194,0.00437
3024.35315,0.00438
3022.42435,0.00418
3020.49555,0.00328
3018.56676,0.00245
3016.63796,0.00332
3014.70916,0.00521
3012.78037,0.00609
3010.85157,0.00534
3008.92277,0.00430
3006.99398,0.00452
3005.06518,0.00552
3003.13638,0.00579
3001.20759,0.00526
2999.27879,0.00481
2997.34999,0.00479
2995.42120,0.00477
2993.49240,0.00442
2991.56360,0.00432
2989.63481,0.00487
2987.70601,0.00535
2985.77721,0.00562
2983.84842,0.00619
2981.91962,0.00680
2979.99082,0.00690
2978.06203,0.00648
2976.13323,0.00578
2974.20443,0.00552
2972.27564,0.00602
2970.34684,0.00657
2968.41804,0.00670
2966.48925,0.00665
2964.56045,0.00679
2962.63165,0.00696
2960.70286,0.00662
2958.77406,0.00622
2956.84526,0.00645
2954.91647,0.00678
2952.98767,0.00685
2951.05887,0.00717
2949.13008,0.00792
2947.20128,0.00874
2945.27248,0.00914
2943.34369,0.00842
2941.41489,0.00707
2939.48609,0.00651
2937.55730,0.00673
2935.62850,0.00712
2933.69970,0.00776
2931.77091,0.00857
2929.84211,0.00893
2927.91331,0.00867
2925.98452,0.00869
2924.05572,0.00902
2922.12692,0.00872
2920.19813,0.00830
2918.26933,0.00872
2916.34053,0.00954
2914.41174,0.00996
2912.48294,0.00996
2910.55414,0.00987
2908.62535,0.00945
2906.69655,0.00855
2904.76775,0.00788
2902.83896,0.00799
2900.91016,0.00850
2898.98136,0.00897
2897.05257,0.00920
2895.12377,0.00920
2893.19497,0.00926
2891.26618,0.00926
2889.33738,0.00908
2887.40858,0.00903
2885.47979,0.00902
2883.55099,0.00895
2881.62219,0.00902
2879.69340,0.00924
2877.76460,0.00952
2875.83580,0.01001
2873.90701,0.01063
2871.97821,0.01082
2870.04941,0.01036
2868.12062,0.00969
2866.19182,0.00928
2864.26302,0.00936
2862.33423,0.00984
2860.40543,0.01045
2858.47663,0.01105
2856.54784,0.01161
2854.61904,0.01202
2852.69024,0.01211
2850.76145,0.01194
2848.83265,0.01177
2846.90385,0.01167
2844.97506,0.01179
2843.04626,0.01213
2841.11746,0.01244
2839.18867,0.01264
2837.25987,0.01274
2835.33107,0.01275
2833.40228,0.01262
2831.47348,0.01236
2829.54468,0.01220
2827.61589,0.01219
2825.68709,0.01229
2823.75829,0.01254
2821.82950,0.01277
2819.90070,0.01279
2817.97190,0.01275
2816.04311,0.01279
2814.11431,0.01290
2812.18551,0.01288
2810.25672,0.01269
2808.32792,0.01264
2806.39912,0.01284
2804.47033,0.01292
2802.54153,0.01262
2800.61273,0.01218
2798.68394,0.01213
2796.75514,0.01246
2794.82634,0.01267
2792.89755,0.01260
2790.96875,0.01238
2789.03995,0.01200
2787.11116,0.01157
2785.18236,0.01134
2783.25356,0.01131
2781.32477,0.01130
2779.39597,0.01124
2777.46717,0.01127
2775.53838,0.01137
2773.60958,0.01128
2771.68078,0.01113
2769.75199,0.01105
2767.82319,0.01081
2765.89439,0.01045
2763.96560,0.01026
2762.03680,0.01029
2760.10800,0.01037
2758.17921,0.01036
2756.25041,0.01027
2754.32161,0.01032
2752.39282,0.01049
2750.46402,0.01044
2748.53522,0.01029
2746.60643,0.01034
2744.67763,0.01046
2742.74883,0.01051
2740.82004,0.01057
2738.89124,0.01059
2736.96244,0.01052
2735.03365,0.01054
2733.10485,0.01064
2731.17605,0.01057
2729.24726,0.01045
2727.31846,0.01043
2725.38967,0.01044
2723.46087,0.01050
2721.53207,0.01058
2719.60328,0.01054
2717.67448,0.01046
2715.74568,0.01055
2713.81689,0.01071
2711.88809,0.01072
2709.95929,0.01061
2708.03050,0.01046
2706.10170,0.01035
2704.17290,0.01040
2702.24411,0.01050
2700.31531,0.01049
2698.38651,0.01044
2696.45772,0.01039
2694.52892,0.01025
2692.60012,0.01008
2690.67133,0.01009
2688.74253,0.01027
2686.81373,0.01043
2684.88494,0.01051
2682.95614,0.01043
2681.02734,0.01015
2679.09855,0.00990
2677.16975,0.00982
2675.24095,0.00980
2673.31216,0.00975
2671.38336,0.00988
2669.45456,0.01019
2667.52577,0.01035
2665.59697,0.01022
2663.66817,0.01004
2661.73938,0.00997
2659.81058,0.01000
2657.88178,0.01007
2655.95299,0.01006
2654.02419,0.01004
2652.09539,0.01021
2650.16660,0.01053
2648.23780,0.01066
2646.30900,0.01047
2644.38021,0.01035
2642.45141,0.01055
2640.52261,0.01078
2638.59382,0.01079
2636.66502,0.01062
2634.73622,0.01051
2632.80743,0.01074
2630.87863,0.01104
2628.94983,0.01095
2627.02104,0.01092
2625.09224,0.01142
2623.16344,0.01197
2621.23465,0.01219
2619.30585,0.01220
2617.37705,0.01204
2615.44826,0.01191
2613.51946,0.01214
2611.59066,0.01242
2609.66187,0.01244
2607.73307,0.01232
2605.80427,0.01227
2603.87548,0.01242
2601.94668,0.01276
2600.01788,0.01304
2598.08909,0.01317
2596.16029,0.01325
2594.23149,0.01311
2592.30270,0.01279
2590.37390,0.01263
2588.44510,0.01269
2586.51631,0.01291
2584.58751,0.01316
2582.65871,0.01328
2580.72992,0.01326
2578.80112,0.01296
2576.87232,0.01244
2574.94353,0.01219
2573.01473,0.01253
2571.08593,0.01307
2569.15714,0.01323
2567.22834,0.01310
2565.29954,0.01302
2563.37075,0.01285
2561.44195,0.01253
2559.51315,0.01222
2557.58436,0.01214
2555.65556,0.01252
2553.72676,0.01289
2551.79797,0.01291
2549.86917,0.01289
2547.94037,0.01309
2546.01158,0.01345
2544.08278,0.01349
2542.15398,0.01311
2540.22519,0.01263
2538.29639,0.01227
2536.36759,0.01218
2534.43880,0.01236
2532.51000,0.01266
2530.58120,0.01296
2528.65241,0.01323
2526.72361,0.01333
2524.79481,0.01300
2522.86602,0.01252
2520.93722,0.01242
2519.00842,0.01272
2517.07963,0.01295
2515.15083,0.01284
2513.22203,0.01271
2511.29324,0.01279
2509.36444,0.01273
2507.43564,0.01240
2505.50685,0.01239
2503.57805,0.01262
2501.64925,0.01250
2499.72046,0.01208
2497.79166,0.01167
2495.86286,0.01140
2493.93407,0.01130
2492.00527,0.01150
2490.07647,0.01208
2488.14768,0.01269
2486.21888,0.01283
2484.29008,0.01252
2482.36129,0.01215
2480.43249,0.01194
2478.50369,0.01184
2476.57490,0.01186
2474.64610,0.01192
2472.71730,0.01197
2470.78851,0.01212
2468.85971,0.01209
2466.93091,0.01172
2465.00212,0.01135
2463.07332,0.01115
2461.14452,0.01119
2459.21573,0.01159
2457.28693,0.01188
2455.35813,0.01164
2453.42934,0.01122
2451.50054,0.01113
2449.57174,0.01140
2447.64295,0.01162
2445.71415,0.01138
2443.78535,0.01090
2441.85656,0.01076
2439.92776,0.01106
2437.99896,0.01137
2436.07017,0.01133
2434.14137,0.01108
2432.21257,0.01093
2430.28378,0.01073
2428.35498,0.01023
2426.42618,0.00959
2424.49739,0.00923
2422.56859,0.00926
2420.63979,0.00937
2418.71100,0.00938
2416.78220,0.00919
2414.85340,0.00898
2412.92461,0.00894
2410.99581,0.00887
2409.06701,0.00866
2407.13822,0.00849
2405.20942,0.00848
2403.28062,0.00852
2401.35183,0.00840
2399.42303,0.00805
2397.49423,0.00778
2395.56544,0.00767
2393.63664,0.00748
2391.70784,0.00727
2389.77905,0.00741
2387.85025,0.00824
2385.92145,0.00969
2383.99266,0.01160
2382.06386,0.01413
2380.13506,0.01740
2378.20627,0.02120
2376.27747,0.02526
2374.34867,0.02968
2372.41988,0.03458
2370.49108,0.03931
2368.56228,0.04320
2366.63349,0.04648
2364.70469,0.04961
2362.77589,0.05240
2360.84710,0.05393
2358.91830,0.05308
2356.98951,0.04976
2355.06071,0.04491
2353.13191,0.03919
2351.20312,0.03367
2349.27432,0.03052
2347.34552,0.03114
2345.41673,0.03459
2343.48793,0.03729
2341.55913,0.03753
2339.63034,0.03700
2337.70154,0.03659
2335.77274,0.03608
2333.84395,0.03576
2331.91515,0.03574
2329.98635,0.03518
2328.05756,0.03378
2326.12876,0.03247
2324.19996,0.03180
2322.27117,0.03107
2320.34237,0.02944
2318.41357,0.02726
2316.48478,0.02544
2314.55598,0.02445
2312.62718,0.02396
2310.69839,0.02309
2308.76959,0.02141
2306.84079,0.01937
2304.91200,0.01750
2302.98320,0.01618
2301.05440,0.01548
2299.12561,0.01508
2297.19681,0.01446
2295.26801,0.01352
2293.33922,0.01279
2291.41042,0.01238
2289.48162,0.01190
2287.55283,0.01147
2285.62403,0.01125
2283.69523,0.01126
2281.76644,0.01189
2279.83764,0.01284
2277.90884,0.01301
2275.98005,0.01279
2274.05125,0.01333
2272.12245,0.01408
2270.19366,0.01438
2268.26486,0.01498
2266.33606,0.01615
2264.40727,0.01674
2262.47847,0.01619
2260.54967,0.01575
2258.62088,0.01668
2256.69208,0.01800
2254.76328,0.01818
2252.83449,0.01750
2250.90569,0.01684
2248.97689,0.01663
2247.04810,0.01705
2245.11930,0.01774
2243.19050,0.01813
2241.26171,0.01797
2239.33291,0.01823
2237.40411,0.02008
2235.47532,0.02216
2233.54652,0.02246
2231.61772,0.02160
2229.68893,0.02110
2227.76013,0.02123
2225.83133,0.02210
2223.90254,0.02346
2221.97374,0.02417
2220.04494,0.02436
2218.11615,0.02480
2216.18735,0.02532
2214.25855,0.02656
2212.32976,0.02842
2210.40096,0.02893
2208.47216,0.02750
2206.54337,0.02613
2204.61457,0.02702
2202.68577,0.02928
2200.75698,0.03037
2198.82818,0.03039
2196.89938,0.03099
2194.97059,0.03252
2193.04179,0.03394
2191.11299,0.03429
2189.18420,0.03383
2187.25540,0.03343
2185.32660,0.03465
2183.39781,0.03788
2181.46901,0.04069
2179.54021,0.04110
2177.61142,0.03977
2175.68262,0.03846
2173.75382,0.03809
2171.82503,0.03839
2169.89623,0.03868
2167.96743,0.03842
2166.03864,0.03946
2164.10984,0.04384
2162.18104,0.04893
2160.25225,0.05091
2158.32345,0.04940
2156.39465,0.04567
2154.46586,0.04162
2152.53706,0.03876
2150.60826,0.03513
2148.67947,0.02937
2146.75067,0.02480
2144.82187,0.02344
2142.89308,0.02299
2140.96428,0.02179
2139.03548,0.02031
2137.10669,0.01877
2135.17789,0.01723
2133.24909,0.01557
2131.32030,0.01364
2129.39150,0.01174
2127.46270,0.01009
2125.53391,0.00903
2123.60511,0.00854
2121.67631,0.00814
2119.74752,0.00767
2117.81872,0.00725
2115.88992,0.00736
2113.96113,0.00797
2112.03233,0.00814
2110.10353,0.00783
2108.17474,0.00773
2106.24594,0.00818
2104.31714,0.00915
2102.38835,0.00981
2100.45955,0.00924
2098.53075,0.00799
2096.60196,0.00730
2094.67316,0.00750
2092.74436,0.00776
2090.81557,0.00769
2088.88677,0.00748
2086.95797,0.00737
2085.02918,0.00779
2083.10038,0.00845
2081.17158,0.00868
2079.24279,0.00875
2077.31399,0.00908
2075.38519,0.00950
2073.45640,0.01003
2071.52760,0.01064
2069.59880,0.01063
2067.67001,0.01046
2065.74121,0.01116
2063.81241,0.01200
2061.88362,0.01211
2059.95482,0.01205
2058.02602,0.01187
2056.09723,0.01099
2054.16843,0.01008
2052.23963,0.01026
2050.31084,0.01188
2048.38204,0.01433
2046.45324,0.01615
2044.52445,0.01707
2042.59565,0.01775
2040.66685,0.01832
2038.73806,0.01823
2036.80926,0.01713
2034.88046,0.01733
2032.95167,0.02091
2031.02287,0.02420
2029.09407,0.02365
2027.16528,0.02171
2025.23648,0.02136
2023.30768,0.02205
2021.37889,0.02228
2019.45009,0.02252
2017.52129,0.02261
2015.59250,0.02080
2013.66370,0.01812
2011.73490,0.01736
2009.80611,0.01838
2007.87731,0.01871
2005.94851,0.01781
2004.01972,0.01654
2002.09092,0.01505
2000.16212,0.01362
1998.23333,0.01314
1996.30453,0.01428
1994.37574,0.01601
1992.44694,0.01663
1990.51814,0.01612
1988.58935,0.01519
1986.66055,0.01408
1984.73175,0.01370
1982.80296,0.01437
1980.87416,0.01457
1978.94536,0.01402
1977.01657,0.01387
1975.08777,0.01415
1973.15897,0.01475
1971.23018,0.01575
1969.30138,0.01642
1967.37258,0.01609
1965.44379,0.01475
1963.51499,0.01273
1961.58619,0.01017
1959.65740,0.00765
1957.72860,0.00619
1955.79980,0.00552
1953.87101,0.00512
1951.94221,0.00528
1950.01341,0.00609
1948.08462,0.00719
1946.15582,0.00805
1944.22702,0.00864
1942.29823,0.00792
1940.36943,0.00555
1938.44063,0.00364
1936.51184,0.00256
1934.58304,0.00165
1932.65424,0.00139
1930.72545,0.00190
1928.79665,0.00243
1926.86785,0.00319
1924.93906,0.00497
1923.01026,0.00638
1921.08146,0.00644
1919.15267,0.00628
1917.22387,0.00499
1915.29507,0.00251
1913.36628,0.00171
1911.43748,0.00314
1909.50868,0.00430
1907.57989,0.00358
1905.65109,0.00220
1903.72229,0.00134
1901.79350,0.00071
1899.86470,0.00034
1897.93590,0.00090
1896.00711,0.00187
1894.07831,0.00215
1892.14951,0.00266
1890.22072,0.00372
1888.29192,0.00296
1886.36312,0.00108
1884.43433,0.00019
1882.50553,-0.00004
1880.57673,-0.00016
1878.64794,-0.00030
1876.71914,-0.00048
1874.79034,-0.00037
1872.86155,0.00138
1870.93275,0.00595
1869.00395,0.00990
1867.07516,0.00792
1865.14636,0.00312
1863.21756,0.00050
1861.28877,0.00004
1859.35997,-0.00001
1857.43117,-0.00045
1855.50238,-0.00106
1853.57358,-0.00133
1851.64478,-0.00080
1849.71599,0.00113
1847.78719,0.00447
1845.85839,0.00822
1843.92960,0.00864
1842.00080,0.00455
1840.07200,0.00128
1838.14321,0.00069
1836.21441,0.00068
1834.28561,0.00113
1832.35682,0.00425
1830.42802,0.00827
1828.49922,0.00863
1826.57043,0.00702
1824.64163,0.00528
1822.71283,0.00249
1820.78404,0.00039
1818.85524,0.00004
1816.92644,0.00006
1814.99765,0.00047
1813.06885,0.00243
1811.14005,0.00432
1809.21126,0.00370
1807.28246,0.00184
1805.35366,0.00159
1803.42487,0.00405
1801.49607,0.00701
1799.56727,0.00719
1797.63848,0.00602
1795.70968,0.00705
1793.78088,0.01049
1791.85209,0.01132
1789.92329,0.00660
1787.99449,0.00254
1786.06570,0.00221
1784.13690,0.00339
1782.20810,0.00461
1780.27931,0.00505
1778.35051,0.00458
1776.42171,0.00600
1774.49292,0.01101
1772.56412,0.01572
1770.63532,0.01435
1768.70653,0.00929
1766.77773,0.00475
1764.84893,0.00347
1762.92014,0.00560
1760.99134,0.00697
1759.06254,0.00652
1757.13375,0.00597
1755.20495,0.00534
1753.27615,0.00767
1751.34736,0.01423
1749.41856,0.01834
1747.48976,0.01611
1745.56097,0.01271
1743.63217,0.01120
1741.70337,0.01091
1739.77458,0.01022
1737.84578,0.01006
1735.91698,0.01411
1733.98819,0.01935
1732.05939,0.01644
1730.13059,0.00960
1728.20180,0.00397
1726.27300,0.00147
1724.34420,0.00221
1722.41541,0.00460
1720.48661,0.01058
1718.55781,0.02146
1716.62902,0.02733
1714.70022,0.02146
1712.77142,0.01408
1710.84263,0.01151
1708.91383,0.01446
1706.98503,0.02133
1705.05624,0.02771
1703.12744,0.03313
1701.19864,0.04267
1699.26985,0.05297
1697.34105,0.05730
1695.41225,0.05770
1693.48346,0.05789
1691.55466,0.06389
1689.62586,0.07662
1687.69707,0.09206
1685.76827,0.11234
1683.83947,0.13541
1681.91068,0.14504
1679.98188,0.14947
1678.05308,0.15875
1676.12429,0.17391
1674.19549,0.19050
1672.26669,0.20451
1670.33790,0.21809
1668.40910,0.22592
1666.48030,0.22751
1664.55151,0.23204
1662.62271,0.23833
1660.69391,0.23969
1658.76512,0.23984
1656.83632,0.24537
1654.90752,0.25812
1652.97873,0.26666
1651.04993,0.26128
1649.12113,0.26165
1647.19234,0.26783
1645.26354,0.26782
1643.33474,0.26649
1641.40595,0.27296
1639.47715,0.28766
1637.54835,0.31000
1635.61956,0.33443
1633.69076,0.34734
1631.76197,0.35628
1629.83317,0.37105
1627.90437,0.38892
1625.97558,0.40389
1624.04678,0.41459
1622.11798,0.41869
1620.18919,0.41893
1618.26039,0.42080
1616.33159,0.41910
1614.40280,0.41144
1612.47400,0.40678
1610.54520,0.40770
1608.61641,0.41184
1606.68761,0.41718
1604.75881,0.42448
1602.83002,0.43367
1600.90122,0.44277
1598.97242,0.45102
1597.04363,0.45840
1595.11483,0.46315
1593.18603,0.46298
1591.25724,0.45795
1589.32844,0.44852
1587.39964,0.43526
1585.47085,0.41920
1583.54205,0.40094
1581.61325,0.38216
1579.68446,0.36655
1577.75566,0.35208
1575.82686,0.32830
1573.89807,0.30282
1571.96927,0.28650
1570.04047,0.27116
1568.11168,0.25146
1566.18288,0.23372
1564.25408,0.22086
1562.32529,0.21589
1560.39649,0.21941
1558.46769,0.21225
1556.53890,0.18944
1554.61010,0.17184
1552.68130,0.15993
1550.75251,0.15141
1548.82371,0.14405
1546.89491,0.14080
1544.96612,0.14428
1543.03732,0.15104
1541.10852,0.15324
1539.17973,0.13921
1537.25093,0.12323
1535.32213,0.11769
1533.39334,0.11501
1531.46454,0.10865
1529.53574,0.10506
1527.60695,0.10675
1525.67815,0.10938
1523.74935,0.11218
1521.82056,0.11381
1519.89176,0.11048
1517.96296,0.10592
1516.03417,0.09999
1514.10537,0.09345
1512.17657,0.09280
1510.24778,0.10096
1508.31898,0.11375
1506.39018,0.11110
1504.46139,0.09423
1502.53259,0.08656
1500.60379,0.08849
1498.67500,0.09492
1496.74620,0.09882
1494.81740,0.09881
1492.88861,0.10316
1490.95981,0.11579
1489.03101,0.12818
1487.10222,0.13152
1485.17342,0.13344
1483.24462,0.14056
1481.31583,0.15221
1479.38703,0.16579
1477.45823,0.18222
1475.52944,0.20246
1473.60064,0.22211
1471.67184,0.23226
1469.74305,0.23425
1467.81425,0.23881
1465.88545,0.24758
1463.95666,0.25306
1462.02786,0.25493
1460.09906,0.26063
1458.17027,0.26751
1456.24147,0.25821
1454.31267,0.23859
1452.38388,0.22294
1450.45508,0.21084
1448.52628,0.19877
1446.59749,0.18364
1444.66869,0.16813
1442.73989,0.15503
1440.81110,0.14536
1438.88230,0.13974
1436.95350,0.13338
1435.02471,0.12181
1433.09591,0.11144
1431.16711,0.10446
1429.23832,0.09727
1427.30952,0.09049
1425.38072,0.08662
1423.45193,0.08422
1421.52313,0.08329
1419.59433,0.08381
1417.66554,0.07916
1415.73674,0.06999
1413.80794,0.06343
1411.87915,0.06016
1409.95035,0.05781
1408.02155,0.05647
1406.09276,0.05646
1404.16396,0.05521
1402.23516,0.05359
1400.30637,0.05498
1398.37757,0.05770
1396.44877,0.05807
1394.51998,0.05448
1392.59118,0.04869
1390.66238,0.04590
1388.73359,0.04697
1386.80479,0.04670
1384.87599,0.04295
1382.94720,0.03990
1381.01840,0.03931
1379.08960,0.03997
1377.16081,0.04171
1375.23201,0.04379
1373.30321,0.04281
1371.37442,0.03951
1369.44562,0.03748
1367.51682,0.03673
1365.58803,0.03785
1363.65923,0.04091
1361.73043,0.04098
1359.80164,0.03711
1357.87284,0.03417
1355.94404,0.03334
1354.01525,0.03284
1352.08645,0.03218
1350.15765,0.03182
1348.22886,0.03148
1346.30006,0.03105
1344.37126,0.03148
1342.44247,0.03431
1340.51367,0.03860
1338.58487,0.03951
1336.65608,0.03598
1334.72728,0.03239
1332.79848,0.03082
1330.86969,0.03048
1328.94089,0.03034
1327.01209,0.03009
1325.08330,0.02994
1323.15450,0.03024
1321.22570,0.03127
1319.29691,0.03227
1317.36811,0.03212
1315.43931,0.03140
1313.51052,0.03075
1311.58172,0.02976
1309.65292,0.02874
1307.72413,0.02823
1305.79533,0.02794
1303.86653,0.02775
1301.93774,0.02768
1300.00894,0.02777
1298.08014,0.02797
1296.15135,0.02807
1294.22255,0.02803
1292.29375,0.02815
1290.36496,0.02857
1288.43616,0.02887
1286.50736,0.02865
1284.57857,0.02821
1282.64977,0.02806
1280.72097,0.02811
1278.79218,0.02811
1276.86338,0.02812
1274.93458,0.02840
1273.00579,0.02897
1271.07699,0.02942
1269.14820,0.02939
1267.21940,0.02911
1265.29060,0.02890
1263.36181,0.02893
1261.43301,0.02914
1259.50421,0.02917
1257.57542,0.02893
1255.64662,0.02877
1253.71782,0.02880
1251.78903,0.02891
1249.86023,0.02905
1247.93143,0.02923
1246.00264,0.02949
1244.07384,0.02972
1242.14504,0.02984
1240.21625,0.02989
1238.28745,0.02998
1236.35865,0.03008
1234.42986,0.03022
1232.50106,0.03039
1230.57226,0.03058
1228.64347,0.03085
1226.71467,0.03119
1224.78587,0.03146
1222.85708,0.03162
1220.92828,0.03182
1218.99948,0.03210
1217.07069,0.03239
1215.14189,0.03276
1213.21309,0.03325
1211.28430,0.03371
1209.35550,0.03415
1207.42670,0.03470
1205.49791,0.03538
1203.56911,0.03615
1201.64031,0.03703
1199.71152,0.03808
1197.78272,0.03926
1195.85392,0.04058
1193.92513,0.04206
1191.99633,0.04375
1190.06753,0.04575
1188.13874,0.04803
1186.20994,0.05048
1184.28114,0.05311
1182.35235,0.05612
1180.42355,0.05962
1178.49475,0.06358
1176.56596,0.06790
1174.63716,0.07247
1172.70836,0.07714
1170.77957,0.08190
1168.85077,0.08675
1166.92197,0.09153
1164.99318,0.09598
1163.06438,0.09985
1161.13558,0.10292
1159.20679,0.10494
1157.27799,0.10574
1155.34919,0.10530
1153.42040,0.10368
1151.49160,0.10099
1149.56280,0.09736
1147.63401,0.09301
1145.70521,0.08824
1143.77641,0.08334
1141.84762,0.07851
1139.91882,0.07388
1137.99002,0.06958
1136.06123,0.06560
1134.13243,0.06194
1132.20363,0.05865
1130.27484,0.05578
1128.34604,0.05324
1126.41724,0.05096
1124.48845,0.04894
1122.55965,0.04720
1120.63085,0.04570
1118.70206,0.04438
1116.77326,0.04321
1114.84446,0.04222
1112.91567,0.04140
1110.98687,0.04070
1109.05807,0.04012
1107.12928,0.03963
1105.20048,0.03918
1103.27168,0.03878
1101.34289,0.03851
1099.41409,0.03840
1097.48529,0.03845
1095.55650,0.03863
1093.62770,0.03894
1091.69890,0.03928
1089.77011,0.03962
1087.84131,0.03999
1085.91251,0.04041
1083.98372,0.04080
1082.05492,0.04119
1080.12612,0.04161
1078.19733,0.04207
1076.26853,0.04257
1074.33973,0.04310
1072.41094,0.04359
1070.48214,0.04398
1068.55334,0.04425
1066.62455,0.04439
1064.69575,0.04441
1062.76695,0.04431
1060.83816,0.04412
1058.90936,0.04381
1056.98056,0.04337
1055.05177,0.04283
1053.12297,0.04220
1051.19417,0.04148
1049.26538,0.04070
1047.33658,0.03996
1045.40778,0.03922
1043.47899,0.03847
1041.55019,0.03774
1039.62139,0.03707
1037.69260,0.03645
1035.76380,0.03583
1033.83500,0.03523
1031.90621,0.03467
1029.97741,0.03417
1028.04861,0.03371
1026.11982,0.03326
1024.19102,0.03279
1022.26222,0.03233
1020.33343,0.03195
1018.40463,0.03166
1016.47583,0.03146
1014.54704,0.03130
1012.61824,0.03115
1010.68944,0.03095
1008.76065,0.03059
1006.83185,0.03008
1004.90305,0.02947
1002.97426,0.02880
1001.04546,0.02817
999.11666,0.02762
997.18787,0.02718
995.25907,0.02683
993.33027,0.02652
991.40148,0.02620
989.47268,0.02590
987.54388,0.02560
985.61509,0.02528
983.68629,0.02494
981.75749,0.02461
979.82870,0.02429
977.89990,0.02399
975.97110,0.02370
974.04231,0.02342
972.11351,0.02315
970.18471,0.02287
968.25592,0.02251
966.32712,0.02213
964.39832,0.02176
962.46953,0.02140
960.54073,0.02103
958.61193,0.02066
956.68314,0.02029
954.75434,0.01995
952.82554,0.01966
950.89675,0.01939
948.96795,0.01910
947.03915,0.01875
945.11036,0.01839
943.18156,0.01804
941.25276,0.01770
939.32397,0.01734
937.39517,0.01696
935.46637,0.01657
933.53758,0.01618
931.60878,0.01576
929.67998,0.01531
927.75119,0.01484
925.82239,0.01435
923.89359,0.01388
921.96480,0.01341
920.03600,0.01291
918.10720,0.01238
916.17841,0.01186
914.24961,0.01139
912.32081,0.01098
910.39202,0.01059
908.46322,0.01018
906.53443,0.00974
904.60563,0.00932
902.67683,0.00894
900.74804,0.00856
898.81924,0.00814
896.89044,0.00773
894.96165,0.00735
893.03285,0.00692
891.10405,0.00643
889.17526,0.00593
887.24646,0.00547
885.31766,0.00499
883.38887,0.00451
881.46007,0.00402
879.53127,0.00355
877.60248,0.00311
875.67368,0.00267
873.74488,0.00224
871.81609,0.00188
869.88729,0.00159
867.95849,0.00129
866.02970,0.00095
864.10090,0.00060
862.17210,0.00031
860.24331,0.00009
858.31451,-0.00008
856.38571,-0.00025
854.45692,-0.00044
852.52812,-0.00062
850.59932,-0.00077
848.67053,-0.00089
846.74173,-0.00101
844.81293,-0.00114
842.88414,-0.00125
840.95534,-0.00133
839.02654,-0.00144
837.09775,-0.00156
835.16895,-0.00169
833.24015,-0.00181
831.31136,-0.00194
829.38256,-0.00200
827.45376,-0.00198
825.52497,-0.00197
823.59617,-0.00198
821.66737,-0.00200
819.73858,-0.00196
817.80978,-0.00189
815.88098,-0.00185
813.95219,-0.00179
812.02339,-0.00167
810.09459,-0.00148
808.16580,-0.00112
806.23700,-0.00054
804.30820,0.00001
802.37941,0.00038
800.45061,0.00087
798.52181,0.00160
796.59302,0.00243
794.66422,0.00336
792.73542,0.00440
790.80663,0.00539
788.87783,0.00628
786.94903,0.00703
785.02024,0.00736
783.09144,0.00694
781.16264,0.00601
779.23385,0.00503
777.30505,0.00395
775.37625,0.00255
773.44746,0.00118
771.51866,0.00027
769.58986,-0.00036
767.66107,-0.00097
765.73227,-0.00151
763.80347,-0.00179
761.87468,-0.00180
759.94588,-0.00177
758.01708,-0.00175
756.08829,-0.00152
754.15949,-0.00135
752.23069,-0.00151
750.30190,-0.00159
748.37310,-0.00118
