3496.90832,0.01446
3494.97953,0.01991
3493.05073,0.02673
3491.12193,0.03070
3489.19314,0.03055
3487.26434,0.02645
3485.33554,0.02309
3483.40675,0.02546
3481.47795,0.02979
3479.54915,0.02950
3477.62036,0.02612
3475.69156,0.02360
3473.76276,0.02107
3471.83397,0.02223
3469.90517,0.03032
3467.97637,0.03519
3466.04758,0.03049
3464.11878,0.02512
3462.18998,0.02751
3460.26119,0.03467
3458.33239,0.03901
3456.40359,0.03790
3454.47480,0.03156
3452.54600,0.02469
3450.61721,0.02386
3448.68841,0.02549
3446.75961,0.02648
3444.83082,0.02848
3442.90202,0.02508
3440.97322,0.01702
3439.04443,0.01451
3437.11563,0.01582
3435.18683,0.01398
3433.25804,0.01094
3431.32924,0.00989
3429.40044,0.00602
3427.47165,0.00076
3425.54285,0.00411
3423.61405,0.01470
3421.68526,0.02103
3419.75646,0.01949
3417.82766,0.01437
3415.89887,0.00771
3413.97007,0.00294
3412.04127,0.00086
3410.11248,-0.00047
3408.18368,0.00378
3406.25488,0.01175
3404.32609,0.01283
3402.39729,0.00833
3400.46849,0.00709
3398.53970,0.01313
3396.61090,0.01958
3394.68210,0.01634
3392.75331,0.00941
3390.82451,0.00988
3388.89571,0.01091
3386.96692,0.00433
3385.03812,-0.00147
3383.10932,0.00093
3381.18053,0.01241
3379.25173,0.02574
3377.32293,0.02892
3375.39414,0.02254
3373.46534,0.01788
3371.53654,0.02371
3369.60775,0.03706
3367.67895,0.04436
3365.75015,0.03840
3363.82136,0.02569
3361.89256,0.02122
3359.96376,0.03128
3358.03497,0.04248
3356.10617,0.03909
3354.17737,0.02561
3352.24858,0.01939
3350.31978,0.02328
3348.39098,0.02645
3346.46219,0.02970
3344.53339,0.03709
3342.60459,0.03983
3340.67580,0.03553
3338.74700,0.03144
3336.81820,0.02900
3334.88941,0.02459
3332.96061,0.01683
3331.03181,0.01018
3329.10302,0.00980
3327.17422,0.01434
3325.24542,0.01635
3323.31663,0.01257
3321.38783,0.00937
3319.45903,0.01143
3317.53024,0.01466
3315.60144,0.01250
3313.67264,0.00803
3311.74385,0.01001
3309.81505,0.01614
3307.88625,0.01808
3305.95746,0.01521
3304.02866,0.01279
3302.09986,0.01067
3300.17107,0.00417
3298.24227,-0.00403
3296.31347,-0.00687
3294.38468,-0.00360
3292.45588,0.00013
3290.52708,-0.00057
3288.59829,-0.00542
3286.66949,-0.00851
3284.74069,-0.00340
3282.81190,0.00728
3280.88310,0.01397
3278.95430,0.01407
3277.02551,0.01268
3275.09671,0.01129
3273.16791,0.00803
3271.23912,0.00495
3269.31032,0.00443
3267.38152,0.00408
3265.45273,0.00150
3263.52393,-0.00267
3261.59513,-0.00873
3259.66634,-0.01358
3257.73754,-0.01094
3255.80874,-0.00274
3253.87995,0.00393
3251.95115,0.00672
3250.02235,0.00863
3248.09356,0.01178
3246.16476,0.01383
3244.23596,0.01042
3242.30717,0.00126
3240.37837,-0.00691
3238.44957,-0.00768
3236.52078,-0.00082
3234.59198,0.00584
3232.66318,0.00547
3230.73439,0.00351
3228.80559,0.00552
3226.87679,0.00846
3224.94800,0.01277
3223.01920,0.01898
3221.09040,0.02056
3219.16161,0.01537
3217.23281,0.01134
3215.30401,0.01275
3213.37522,0.01536
3211.44642,0.01799
3209.51762,0.02173
3207.58883,0.02374
3205.66003,0.02202
3203.73123,0.01628
3201.80244,0.01062
3199.87364,0.01198
3197.94484,0.01698
3196.01605,0.01774
3194.08725,0.01567
3192.15845,0.01414
3190.22966,0.01332
3188.30086,0.01451
3186.37206,0.01699
3184.44327,0.01752
3182.51447,0.01581
3180.58567,0.01313
3178.65688,0.01163
3176.72808,0.01251
3174.79928,0.01396
3172.87049,0.01484
3170.94169,0.01392
3169.01289,0.01123
3167.08410,0.00765
3165.15530,0.00343
3163.22650,0.00205
3161.29771,0.00506
3159.36891,0.00902
3157.44011,0.01156
3155.51132,0.01202
3153.58252,0.01077
3151.65372,0.00905
3149.72493,0.00712
3147.79613,0.00512
3145.86733,0.00389
3143.93854,0.00297
3142.00974,0.00254
3140.08094,0.00403
3138.15215,0.00666
3136.22335,0.00878
3134.29455,0.00869
3132.36576,0.00496
3130.43696,0.00083
3128.50816,0.00122
3126.57937,0.00525
3124.65057,0.00890
3122.72177,0.01063
3120.79298,0.00964
3118.86418,0.00613
3116.93538,0.00295
3115.00659,0.00115
3113.07779,0.00006
3111.14899,0.00045
3109.22020,0.00225
3107.29140,0.00376
3105.36260,0.00423
3103.43381,0.00373
3101.50501,0.00311
3099.57621,0.00311
3097.64742,0.00289
3095.71862,0.00202
3093.78982,0.00078
3091.86103,-0.00032
3089.93223,0.00023
3088.00344,0.00175
3086.07464,0.00172
3084.14584,0.00099
3082.21705,0.00133
3080.28825,0.00163
3078.35945,0.00083
3076.43066,-0.00045
3074.50186,-0.00127
3072.57306,-0.00069
3070.64427,0.00103
3068.71547,0.00207
3066.78667,0.00147
3064.85788,0.00068
3062.92908,0.00106
3061.00028,0.00185
3059.07149,0.00234
3057.14269,0.00271
3055.21389,0.00261
3053.28510,0.00224
3051.35630,0.00237
3049.42750,0.00267
3047.49871,0.00247
3045.56991,0.00206
3043.64111,0.00211
3041.71232,0.00289
3039.78352,0.00364
3037.85472,0.00385
3035.92593,0.00428
3033.99713,0.00458
3032.06833,0.00369
3030.13954,0.00286
3028.21074,0.00344
3026.28194,0.00413
3024.35315,0.00387
3022.42435,0.00328
3020.49555,0.00289
3018.56676,0.00303
3016.63796,0.00396
3014.70916,0.00483
3012.78037,0.00489
3010.85157,0.00455
3008.92277,0.00433
3006.99398,0.00461
3005.06518,0.00528
3003.13638,0.00536
3001.20759,0.00453
2999.27879,0.00402
2997.34999,0.00468
2995.42120,0.00536
2993.49240,0.00497
2991.56360,0.00434
2989.63481,0.00442
2987.70601,0.00494
2985.77721,0.00543
2983.84842,0.00563
2981.91962,0.00550
2979.99082,0.00540
2978.06203,0.00534
2976.13323,0.00515
2974.20443,0.00542
2972.27564,0.00628
2970.34684,0.00684
2968.41804,0.00674
2966.48925,0.00639
2964.56045,0.00610
2962.63165,0.00585
2960.70286,0.00567
2958.77406,0.00585
2956.84526,0.00640
2954.91647,0.00672
2952.98767,0.00677
2951.05887,0.00718
2949.13008,0.00799
2947.20128,0.00880
2945.27248,0.00910
2943.34369,0.00836
2941.41489,0.00724
2939.48609,0.00691
2937.55730,0.00731
2935.62850,0.00773
2933.69970,0.00810
2931.77091,0.00873
2929.84211,0.00919
2927.91331,0.00904
2925.98452,0.00901
2924.05572,0.00916
2922.12692,0.00873
2920.19813,0.00820
2918.26933,0.00842
2916.34053,0.00912
2914.41174,0.00945
2912.48294,0.00919
2910.55414,0.00883
2908.62535,0.00869
2906.69655,0.00854
2904.76775,0.00838
2902.83896,0.00845
2900.91016,0.00861
2898.98136,0.00858
2897.05257,0.00846
2895.12377,0.00851
2893.19497,0.00882
2891.26618,0.00886
2889.33738,0.00856
2887.40858,0.00861
2885.47979,0.00902
2883.55099,0.00933
2881.62219,0.00946
2879.69340,0.00938
2877.76460,0.00928
2875.83580,0.00945
2873.90701,0.00975
2871.97821,0.00980
2870.04941,0.00958
2868.12062,0.00934
2866.19182,0.00925
2864.26302,0.00947
2862.33423,0.01006
2860.40543,0.01066
2858.47663,0.01090
2856.54784,0.01092
2854.61904,0.01118
2852.69024,0.01164
2850.76145,0.01185
2848.83265,0.01168
2846.90385,0.01155
2844.97506,0.01180
2843.04626,0.01211
2841.11746,0.01218
2839.18867,0.01220
2837.25987,0.01227
2835.33107,0.01221
2833.40228,0.01207
2831.47348,0.01193
2829.54468,0.01198
2827.61589,0.01228
2825.68709,0.01254
2823.75829,0.01254
2821.82950,0.01242
2819.90070,0.01250
2817.97190,0.01276
2816.04311,0.01285
2814.11431,0.01274
2812.18551,0.01263
2810.25672,0.01257
2808.32792,0.01261
2806.39912,0.01275
2804.47033,0.01272
2802.54153,0.01239
2800.61273,0.01210
2798.68394,0.01219
2796.75514,0.01254
2794.82634,0.01279
2792.89755,0.01275
2790.96875,0.01247
2789.03995,0.01192
2787.11116,0.01139
2785.18236,0.01125
2783.25356,0.01139
2781.32477,0.01156
2779.39597,0.01158
2777.46717,0.01144
2775.53838,0.01130
2773.60958,0.01115
2771.68078,0.01098
2769.75199,0.01081
2767.82319,0.01054
2765.89439,0.01023
2763.96560,0.01008
2762.03680,0.01010
2760.10800,0.01014
2758.17921,0.01018
2756.25041,0.01028
2754.32161,0.01040
2752.39282,0.01043
2750.46402,0.01023
2748.53522,0.01004
2746.60643,0.01016
2744.67763,0.01033
2742.74883,0.01028
2740.82004,0.01025
2738.89124,0.01040
2736.96244,0.01058
2735.03365,0.01055
2733.10485,0.01032
2731.17605,0.01006
2729.24726,0.01001
2727.31846,0.01011
2725.38967,0.01022
2723.46087,0.01042
2721.53207,0.01060
2719.60328,0.01051
2717.67448,0.01034
2715.74568,0.01045
2713.81689,0.01062
2711.88809,0.01040
2709.95929,0.01007
2708.03050,0.01007
2706.10170,0.01033
2704.17290,0.01055
2702.24411,0.01058
2700.31531,0.01044
2698.38651,0.01030
2696.45772,0.01021
2694.52892,0.01006
2692.60012,0.00991
2690.67133,0.01006
2688.74253,0.01035
2686.81373,0.01037
2684.88494,0.01015
2682.95614,0.00993
2681.02734,0.00990
2679.09855,0.01005
2677.16975,0.01016
2675.24095,0.01018
2673.31216,0.01017
2671.38336,0.01019
2669.45456,0.01022
2667.52577,0.01015
2665.59697,0.01001
2663.66817,0.00991
2661.73938,0.00985
2659.81058,0.00985
2657.88178,0.00994
2655.95299,0.01008
2654.02419,0.01022
2652.09539,0.01037
2650.16660,0.01040
2648.23780,0.01025
2646.30900,0.01016
2644.38021,0.01028
2642.45141,0.01047
2640.52261,0.01049
2638.59382,0.01033
2636.66502,0.01015
2634.73622,0.01018
2632.80743,0.01044
2630.87863,0.01064
2628.94983,0.01063
2627.02104,0.01078
2625.09224,0.01134
2623.16344,0.01197
2621.23465,0.01231
2619.30585,0.01240
2617.37705,0.01243
2615.44826,0.01251
2613.51946,0.01265
2611.59066,0.01263
2609.66187,0.01249
2607.73307,0.01256
2605.80427,0.01272
2603.87548,0.01257
2601.94668,0.01243
2600.01788,0.01269
2598.08909,0.01315
2596.16029,0.01353
2594.23149,0.01357
2592.30270,0.01326
2590.37390,0.01290
2588.44510,0.01269
2586.51631,0.01266
2584.58751,0.01284
2582.65871,0.01322
2580.72992,0.01345
2578.80112,0.01324
2576.87232,0.01287
2574.94353,0.01284
2573.01473,0.01304
2571.08593,0.01298
2569.15714,0.01255
2567.22834,0.01214
2565.29954,0.01190
2563.37075,0.01183
2561.44195,0.01199
2559.51315,0.01236
2557.58436,0.01267
2555.65556,0.01279
2553.72676,0.01297
2551.79797,0.01344
2549.86917,0.01383
2547.94037,0.01380
2546.01158,0.01355
2544.08278,0.01328
2542.15398,0.01310
2540.22519,0.01307
2538.29639,0.01297
2536.36759,0.01277
2534.43880,0.01261
2532.51000,0.01249
2530.58120,0.01240
2528.65241,0.01243
2526.72361,0.01230
2524.79481,0.01195
2522.86602,0.01178
2520.93722,0.01199
2519.00842,0.01236
2517.07963,0.01262
2515.15083,0.01268
2513.22203,0.01272
2511.29324,0.01280
2509.36444,0.01278
2507.43564,0.01266
2505.50685,0.01267
2503.57805,0.01267
2501.64925,0.01230
2499.72046,0.01187
2497.79166,0.01180
2495.86286,0.01187
2493.93407,0.01189
2492.00527,0.01206
2490.07647,0.01234
2488.14768,0.01239
2486.21888,0.01215
2484.29008,0.01196
2482.36129,0.01201
2480.43249,0.01211
2478.50369,0.01217
2476.57490,0.01223
2474.64610,0.01195
2472.71730,0.01149
2470.78851,0.01139
2468.85971,0.01163
2466.93091,0.01192
2465.00212,0.01214
2463.07332,0.01212
2461.14452,0.01189
2459.21573,0.01174
2457.28693,0.01162
2455.35813,0.01128
2453.42934,0.01110
2451.50054,0.01132
2449.57174,0.01155
2447.64295,0.01162
2445.71415,0.01141
2443.78535,0.01092
2441.85656,0.01056
2439.92776,0.01065
2437.99896,0.01093
2436.07017,0.01094
2434.14137,0.01083
2432.21257,0.01100
2430.28378,0.01116
2428.35498,0.01080
2426.42618,0.01023
2424.49739,0.00986
2422.56859,0.00967
2420.63979,0.00970
2418.71100,0.00976
2416.78220,0.00959
2414.85340,0.00944
2412.92461,0.00946
2410.99581,0.00929
2409.06701,0.00890
2407.13822,0.00855
2405.20942,0.00841
2403.28062,0.00841
2401.35183,0.00822
2399.42303,0.00784
2397.49423,0.00760
2395.56544,0.00760
2393.63664,0.00765
2391.70784,0.00756
2389.77905,0.00754
2387.85025,0.00805
2385.92145,0.00933
2383.99266,0.01149
2382.06386,0.01444
2380.13506,0.01786
2378.20627,0.02151
2376.27747,0.02532
2374.34867,0.02951
2372.41988,0.03442
2370.49108,0.03950
2368.56228,0.04383
2366.63349,0.04727
2364.70469,0.05007
2362.77589,0.05224
2360.84710,0.05331
2358.91830,0.05222
2356.98951,0.04876
2355.06071,0.04409
2353.13191,0.03870
2351.20312,0.03335
2349.27432,0.03039
2347.34552,0.03125
2345.41673,0.03460
2343.48793,0.03699
2341.55913,0.03729
2339.63034,0.03682
2337.70154,0.03597
2335.77274,0.03496
2333.84395,0.03456
2331.91515,0.03468
2329.98635,0.03406
2328.05756,0.03278
2326.12876,0.03190
2324.19996,0.03147
2322.27117,0.03075
2320.34237,0.02916
2318.41357,0.02701
2316.48478,0.02519
2314.55598,0.02420
2312.62718,0.02373
2310.69839,0.02275
2308.76959,0.02082
2306.84079,0.01874
2304.91200,0.01723
2302.98320,0.01616
2301.05440,0.01530
2299.12561,0.01472
2297.19681,0.01407
2295.26801,0.01318
2293.33922,0.01242
2291.41042,0.01188
2289.48162,0.01145
2287.55283,0.01119
2285.62403,0.01091
2283.69523,0.01068
2281.76644,0.01113
2279.83764,0.01212
2277.90884,0.01279
2275.98005,0.01338
2274.05125,0.01432
2272.12245,0.01493
2270.19366,0.01498
2268.26486,0.01526
2266.33606,0.01604
2264.40727,0.01636
2262.47847,0.01588
2260.54967,0.01584
2258.62088,0.01706
2256.69208,0.01850
2254.76328,0.01884
2252.83449,0.01801
2250.90569,0.01710
2248.97689,0.01719
2247.04810,0.01821
2245.11930,0.01943
2243.19050,0.02024
2241.26171,0.02051
2239.33291,0.02082
2237.40411,0.02147
2235.47532,0.02215
2233.54652,0.02264
2231.61772,0.02280
2229.68893,0.02271
2227.76013,0.02275
2225.83133,0.02305
2223.90254,0.02332
2221.97374,0.02361
2220.04494,0.02444
2218.11615,0.02532
2216.18735,0.02566
2214.25855,0.02680
2212.32976,0.02895
2210.40096,0.03000
2208.47216,0.02950
2206.54337,0.02909
2204.61457,0.02982
2202.68577,0.03055
2200.75698,0.03010
2198.82818,0.02951
2196.89938,0.02974
2194.97059,0.03061
2193.04179,0.03181
2191.11299,0.03319
2189.18420,0.03424
2187.25540,0.03385
2185.32660,0.03351
2183.39781,0.03606
2181.46901,0.03986
2179.54021,0.04162
2177.61142,0.04118
2175.68262,0.03982
2173.75382,0.03848
2171.82503,0.03751
2169.89623,0.03687
2167.96743,0.03654
2166.03864,0.03818
2164.10984,0.04292
2162.18104,0.04773
2160.25225,0.04995
2158.32345,0.04904
2156.39465,0.04520
2154.46586,0.04099
2152.53706,0.03747
2150.60826,0.03349
2148.67947,0.02895
2146.75067,0.02496
2144.82187,0.02275
2142.89308,0.02203
2140.96428,0.02148
2139.03548,0.02071
2137.10669,0.01909
2135.17789,0.01612
2133.24909,0.01312
2131.32030,0.01134
2129.39150,0.01020
2127.46270,0.00905
2125.53391,0.00854
2123.60511,0.00878
2121.67631,0.00878
2119.74752,0.00812
2117.81872,0.00728
2115.88992,0.00701
2113.96113,0.00740
2112.03233,0.00766
2110.10353,0.00751
2108.17474,0.00749
2106.24594,0.00781
2104.31714,0.00829
2102.38835,0.00881
2100.45955,0.00889
2098.53075,0.00833
2096.60196,0.00775
2094.67316,0.00767
2092.74436,0.00809
2090.81557,0.00845
2088.88677,0.00798
2086.95797,0.00713
2085.02918,0.00700
2083.10038,0.00753
2081.17158,0.00816
2079.24279,0.00894
2077.31399,0.00969
2075.38519,0.01011
2073.45640,0.01060
2071.52760,0.01115
2069.59880,0.01113
2067.67001,0.01106
2065.74121,0.01145
2063.81241,0.01162
2061.88362,0.01131
2059.95482,0.01119
2058.02602,0.01165
2056.09723,0.01213
2054.16843,0.01204
2052.23963,0.01157
2050.31084,0.01190
2048.38204,0.01435
2046.45324,0.01788
2044.52445,0.01985
2042.59565,0.01992
2040.66685,0.01970
2038.73806,0.02000
2036.80926,0.02059
2034.88046,0.02168
2032.95167,0.02365
2031.02287,0.02509
2029.09407,0.02443
2027.16528,0.02307
2025.23648,0.02278
2023.30768,0.02273
2021.37889,0.02223
2019.45009,0.02251
2017.52129,0.02305
2015.59250,0.02210
2013.66370,0.02042
2011.73490,0.01976
2009.80611,0.02035
2007.87731,0.02028
2005.94851,0.01875
2004.01972,0.01686
2002.09092,0.01490
2000.16212,0.01332
1998.23333,0.01307
1996.30453,0.01463
1994.37574,0.01692
1992.44694,0.01738
1990.51814,0.01518
1988.58935,0.01316
1986.66055,0.01357
1984.73175,0.01520
1982.80296,0.01649
1980.87416,0.01728
1978.94536,0.01718
1977.01657,0.01622
1975.08777,0.01509
1973.15897,0.01417
1971.23018,0.01403
1969.30138,0.01476
1967.37258,0.01509
1965.44379,0.01368
1963.51499,0.01084
1961.58619,0.00779
1959.65740,0.00568
1957.72860,0.00535
1955.79980,0.00573
1953.87101,0.00567
1951.94221,0.00555
1950.01341,0.00560
1948.08462,0.00584
1946.15582,0.00680
1944.22702,0.00838
1942.29823,0.00831
1940.36943,0.00580
1938.44063,0.00348
1936.51184,0.00243
1934.58304,0.00185
1932.65424,0.00145
1930.72545,0.00142
1928.79665,0.00164
1926.86785,0.00248
1924.93906,0.00445
1923.01026,0.00588
1921.08146,0.00571
1919.15267,0.00541
1917.22387,0.00458
1915.29507,0.00269
1913.36628,0.00172
1911.43748,0.00258
1909.50868,0.00357
1907.57989,0.00299
1905.65109,0.00147
1903.72229,0.00041
1901.79350,-0.00002
1899.86470,-0.00004
1897.93590,0.00061
1896.00711,0.00156
1894.07831,0.00175
1892.14951,0.00210
1890.22072,0.00313
1888.29192,0.00257
1886.36312,0.00088
1884.43433,0.00003
1882.50553,-0.00024
1880.57673,-0.00037
1878.64794,-0.00045
1876.71914,-0.00055
1874.79034,-0.00041
1872.86155,0.00129
1870.93275,0.00564
1869.00395,0.00932
1867.07516,0.00741
1865.14636,0.00285
1863.21756,0.00028
1861.28877,-0.00026
1859.35997,-0.00039
1857.43117,-0.00086
1855.50238,-0.00143
1853.57358,-0.00164
1851.64478,-0.00106
1849.71599,0.00093
1847.78719,0.00429
1845.85839,0.00803
1843.92960,0.00848
1842.00080,0.00442
1840.07200,0.00108
1838.14321,0.00040
1836.21441,0.00038
1834.28561,0.00083
1832.35682,0.00391
1830.42802,0.00795
1828.49922,0.00840
1826.57043,0.00687
1824.64163,0.00508
1822.71283,0.00216
1820.78404,0.00000
1818.85524,-0.00032
1816.92644,-0.00028
1814.99765,0.00011
1813.06885,0.00204
1811.14005,0.00394
1809.21126,0.00339
1807.28246,0.00156
1805.35366,0.00135
1803.42487,0.00389
1801.49607,0.00687
1799.56727,0.00701
1797.63848,0.00579
1795.70968,0.00682
1793.78088,0.01034
1791.85209,0.01117
1789.92329,0.00638
1787.99449,0.00229
1786.06570,0.00193
1784.13690,0.00307
1782.20810,0.00432
1780.27931,0.00485
1778.35051,0.00438
1776.42171,0.00574
1774.49292,0.01077
1772.56412,0.01558
1770.63532,0.01424
1768.70653,0.00917
1766.77773,0.00464
1764.84893,0.00335
1762.92014,0.00541
1760.99134,0.00671
1759.06254,0.00628
1757.13375,0.00582
1755.20495,0.00526
1753.27615,0.00755
1751.34736,0.01401
1749.41856,0.01809
1747.48976,0.01596
1745.56097,0.01262
1743.63217,0.01104
1741.70337,0.01070
1739.77458,0.01003
1737.84578,0.00993
1735.91698,0.01403
1733.98819,0.01927
1732.05939,0.01634
1730.13059,0.00952
1728.20180,0.00388
1726.27300,0.00132
1724.34420,0.00203
1722.41541,0.00441
1720.48661,0.01035
1718.55781,0.02119
1716.62902,0.02705
1714.70022,0.02122
1712.77142,0.01392
1710.84263,0.01144
1708.91383,0.01443
1706.98503,0.02123
1705.05624,0.02753
1703.12744,0.03296
1701.19864,0.04258
1699.26985,0.05292
1697.34105,0.05719
1695.41225,0.05755
1693.48346,0.05774
1691.55466,0.06374
1689.62586,0.07647
1687.69707,0.09197
1685.76827,0.11237
1683.83947,0.13548
1681.91068,0.14496
1679.98188,0.14930
1678.05308,0.15856
1676.12429,0.17371
1674.19549,0.19027
1672.26669,0.20427
1670.33790,0.21789
1668.40910,0.22574
1666.48030,0.22732
1664.55151,0.23177
1662.62271,0.23791
1660.69391,0.23923
1658.76512,0.23947
1656.83632,0.24514
1654.90752,0.25806
1652.97873,0.26664
1651.04993,0.26115
1649.12113,0.26145
1647.19234,0.26748
1645.26354,0.26731
1643.33474,0.26602
1641.40595,0.27260
1639.47715,0.28739
1637.54835,0.30983
1635.61956,0.33430
1633.69076,0.34709
1631.76197,0.35607
1629.83317,0.37107
1627.90437,0.38905
1625.97558,0.40393
1624.04678,0.41463
1622.11798,0.41872
1620.18919,0.41882
1618.26039,0.42053
1616.33159,0.41883
1614.40280,0.41126
1612.47400,0.40674
1610.54520,0.40783
1608.61641,0.41192
1606.68761,0.41701
1604.75881,0.42416
1602.83002,0.43334
1600.90122,0.44252
1598.97242,0.45091
1597.04363,0.45836
1595.11483,0.46305
1593.18603,0.46274
1591.25724,0.45768
1589.32844,0.44840
1587.39964,0.43525
1585.47085,0.41916
1583.54205,0.40087
1581.61325,0.38213
1579.68446,0.36652
1577.75566,0.35194
1575.82686,0.32807
1573.89807,0.30261
1571.96927,0.28637
1570.04047,0.27110
1568.11168,0.25144
1566.18288,0.23374
1564.25408,0.22094
1562.32529,0.21600
1560.39649,0.21952
1558.46769,0.21227
1556.53890,0.18944
1554.61010,0.17184
1552.68130,0.15989
1550.75251,0.15130
1548.82371,0.14388
1546.89491,0.14061
1544.96612,0.14412
1543.03732,0.15096
1541.10852,0.15324
1539.17973,0.13921
1537.25093,0.12318
1535.32213,0.11759
1533.39334,0.11490
1531.46454,0.10859
1529.53574,0.10507
1527.60695,0.10677
1525.67815,0.10933
1523.74935,0.11207
1521.82056,0.11371
1519.89176,0.11042
1517.96296,0.10588
1516.03417,0.09992
1514.10537,0.09335
1512.17657,0.09268
1510.24778,0.10082
1508.31898,0.11364
1506.39018,0.11104
1504.46139,0.09415
1502.53259,0.08644
1500.60379,0.08836
1498.67500,0.09481
1496.74620,0.09874
1494.81740,0.09872
1492.88861,0.10304
1490.95981,0.11565
1489.03101,0.12803
1487.10222,0.13134
1485.17342,0.13326
1483.24462,0.14039
1481.31583,0.15204
1479.38703,0.16563
1477.45823,0.18210
1475.52944,0.20241
1473.60064,0.22212
1471.67184,0.23230
1469.74305,0.23426
1467.81425,0.23880
1465.88545,0.24754
1463.95666,0.25294
1462.02786,0.25473
1460.09906,0.26044
1458.17027,0.26738
1456.24147,0.25809
1454.31267,0.23844
1452.38388,0.22276
1450.45508,0.21066
1448.52628,0.19858
1446.59749,0.18345
1444.66869,0.16794
1442.73989,0.15483
1440.81110,0.14514
1438.88230,0.13952
1436.95350,0.13315
1435.02471,0.12161
1433.09591,0.11126
1431.16711,0.10429
1429.23832,0.09711
1427.30952,0.09034
1425.38072,0.08648
1423.45193,0.08406
1421.52313,0.08310
1419.59433,0.08361
1417.66554,0.07895
1415.73674,0.06978
1413.80794,0.06324
1411.87915,0.05997
1409.95035,0.05761
1408.02155,0.05627
1406.09276,0.05624
1404.16396,0.05499
1402.23516,0.05339
1400.30637,0.05481
1398.37757,0.05756
1396.44877,0.05796
1394.51998,0.05439
1392.59118,0.04858
1390.66238,0.04576
1388.73359,0.04679
1386.80479,0.04648
1384.87599,0.04272
1382.94720,0.03967
1381.01840,0.03907
1379.08960,0.03972
1377.16081,0.04149
1375.23201,0.04361
1373.30321,0.04262
1371.37442,0.03930
1369.44562,0.03726
1367.51682,0.03651
1365.58803,0.03765
1363.65923,0.04071
1361.73043,0.04078
1359.80164,0.03691
1357.87284,0.03397
1355.94404,0.03312
1354.01525,0.03262
1352.08645,0.03196
1350.15765,0.03161
1348.22886,0.03131
1346.30006,0.03089
1344.37126,0.03129
1342.44247,0.03410
1340.51367,0.03839
1338.58487,0.03932
1336.65608,0.03580
1334.72728,0.03220
1332.79848,0.03062
1330.86969,0.03027
1328.94089,0.03010
1327.01209,0.02983
1325.08330,0.02969
1323.15450,0.03001
1321.22570,0.03107
1319.29691,0.03209
1317.36811,0.03194
1315.43931,0.03123
1313.51052,0.03059
1311.58172,0.02959
1309.65292,0.02856
1307.72413,0.02803
1305.79533,0.02773
1303.86653,0.02752
1301.93774,0.02746
1300.00894,0.02753
1298.08014,0.02773
1296.15135,0.02784
1294.22255,0.02781
1292.29375,0.02794
1290.36496,0.02836
1288.43616,0.02867
1286.50736,0.02846
1284.57857,0.02802
1282.64977,0.02787
1280.72097,0.02791
1278.79218,0.02792
1276.86338,0.02794
1274.93458,0.02822
1273.00579,0.02880
1271.07699,0.02925
1269.14820,0.02921
1267.21940,0.02893
1265.29060,0.02873
1263.36181,0.02873
1261.43301,0.02891
1259.50421,0.02893
1257.57542,0.02868
1255.64662,0.02852
1253.71782,0.02857
1251.78903,0.02870
1249.86023,0.02886
1247.93143,0.02905
1246.00264,0.02928
1244.07384,0.02951
1242.14504,0.02963
1240.21625,0.02969
1238.28745,0.02977
1236.35865,0.02988
1234.42986,0.03003
1232.50106,0.03021
1230.57226,0.03040
1228.64347,0.03068
1226.71467,0.03101
1224.78587,0.03128
1222.85708,0.03144
1220.92828,0.03165
1218.99948,0.03194
1217.07069,0.03224
1215.14189,0.03259
1213.21309,0.03305
1211.28430,0.03349
1209.35550,0.03391
1207.42670,0.03444
1205.49791,0.03512
1203.56911,0.03591
1201.64031,0.03682
1199.71152,0.03789
1197.78272,0.03909
1195.85392,0.04041
1193.92513,0.04189
1191.99633,0.04357
1190.06753,0.04553
1188.13874,0.04779
1186.20994,0.05027
1184.28114,0.05296
1182.35235,0.05599
1180.42355,0.05950
1178.49475,0.06344
1176.56596,0.06774
1174.63716,0.07229
1172.70836,0.07696
1170.77957,0.08174
1168.85077,0.08662
1166.92197,0.09142
1164.99318,0.09586
1163.06438,0.09970
1161.13558,0.10273
1159.20679,0.10475
1157.27799,0.10555
1155.34919,0.10511
1153.42040,0.10349
1151.49160,0.10079
1149.56280,0.09716
1147.63401,0.09282
1145.70521,0.08806
1143.77641,0.08316
1141.84762,0.07832
1139.91882,0.07368
1137.99002,0.06937
1136.06123,0.06541
1134.13243,0.06175
1132.20363,0.05846
1130.27484,0.05557
1128.34604,0.05301
1126.41724,0.05073
1124.48845,0.04873
1122.55965,0.04701
1120.63085,0.04549
1118.70206,0.04415
1116.77326,0.04298
1114.84446,0.04199
1112.91567,0.04115
1110.98687,0.04044
1109.05807,0.03986
1107.12928,0.03937
1105.20048,0.03893
1103.27168,0.03856
1101.34289,0.03832
1099.41409,0.03824
1097.48529,0.03829
1095.55650,0.03843
1093.62770,0.03870
1091.69890,0.03906
1089.77011,0.03945
1087.84131,0.03985
1085.91251,0.04025
1083.98372,0.04064
1082.05492,0.04102
1080.12612,0.04143
1078.19733,0.04186
1076.26853,0.04234
1074.33973,0.04287
1072.41094,0.04336
1070.48214,0.04374
1068.55334,0.04399
1066.62455,0.04413
1064.69575,0.04416
1062.76695,0.04408
1060.83816,0.04389
1058.90936,0.04357
1056.98056,0.04312
1055.05177,0.04259
1053.12297,0.04198
1051.19417,0.04128
1049.26538,0.04050
1047.33658,0.03973
1045.40778,0.03898
1043.47899,0.03824
1041.55019,0.03752
1039.62139,0.03686
1037.69260,0.03622
1035.76380,0.03561
1033.83500,0.03502
1031.90621,0.03446
1029.97741,0.03394
1028.04861,0.03349
1026.11982,0.03305
1024.19102,0.03260
1022.26222,0.03216
1020.33343,0.03177
1018.40463,0.03147
1016.47583,0.03124
1014.54704,0.03105
1012.61824,0.03090
1010.68944,0.03070
1008.76065,0.03035
1006.83185,0.02985
1004.90305,0.02923
1002.97426,0.02855
1001.04546,0.02791
999.11666,0.02736
997.18787,0.02690
995.25907,0.02655
993.33027,0.02626
991.40148,0.02595
989.47268,0.02564
987.54388,0.02535
985.61509,0.02503
983.68629,0.02467
981.75749,0.02432
979.82870,0.02402
977.89990,0.02374
975.97110,0.02345
974.04231,0.02317
972.11351,0.02292
970.18471,0.02266
968.25592,0.02232
966.32712,0.02193
964.39832,0.02154
962.46953,0.02117
960.54073,0.02079
958.61193,0.02041
956.68314,0.02005
954.75434,0.01973
952.82554,0.01944
950.89675,0.01916
948.96795,0.01885
947.03915,0.01848
945.11036,0.01811
943.18156,0.01776
941.25276,0.01744
939.32397,0.01711
937.39517,0.01675
935.46637,0.01636
933.53758,0.01594
931.60878,0.01550
929.67998,0.01505
927.75119,0.01458
925.82239,0.01409
923.89359,0.01362
921.96480,0.01315
920.03600,0.01266
918.10720,0.01214
916.17841,0.01162
914.24961,0.01116
912.32081,0.01075
910.39202,0.01035
908.46322,0.00994
906.53443,0.00949
904.60563,0.00905
902.67683,0.00864
900.74804,0.00824
898.81924,0.00785
896.89044,0.00748
894.96165,0.00712
893.03285,0.00668
891.10405,0.00618
889.17526,0.00569
887.24646,0.00520
885.31766,0.00469
883.38887,0.00418
881.46007,0.00369
879.53127,0.00325
877.60248,0.00287
875.67368,0.00247
873.74488,0.00203
871.81609,0.00165
869.88729,0.00135
867.95849,0.00109
866.02970,0.00083
864.10090,0.00053
862.17210,0.00019
860.24331,-0.00010
858.31451,-0.00028
856.38571,-0.00043
854.45692,-0.00063
852.52812,-0.00087
850.59932,-0.00107
848.67053,-0.00119
846.74173,-0.00130
844.81293,-0.00142
842.88414,-0.00150
840.95534,-0.00157
839.02654,-0.00167
837.09775,-0.00179
835.16895,-0.00189
833.24015,-0.00200
831.31136,-0.00210
829.38256,-0.00215
827.45376,-0.00219
825.52497,-0.00228
823.59617,-0.00240
821.66737,-0.00245
819.73858,-0.00241
817.80978,-0.00230
815.88098,-0.00215
813.95219,-0.00197
812.02339,-0.00178
810.09459,-0.00163
808.16580,-0.00144
806.23700,-0.00103
804.30820,-0.00048
802.37941,0.00000
800.45061,0.00060
798.52181,0.00147
796.59302,0.00242
794.66422,0.00326
792.73542,0.00413
790.80663,0.00507
788.87783,0.00602
786.94903,0.00688
785.02024,0.00725
783.09144,0.00680
781.16264,0.00583
779.23385,0.00478
777.30505,0.00371
775.37625,0.00243
773.44746,0.00115
771.51866,0.00024
769.58986,-0.00043
767.66107,-0.00113
765.73227,-0.00175
763.80347,-0.00206
761.87468,-0.00219
759.94588,-0.00240
758.01708,-0.00250
756.08829,-0.00230
754.15949,-0.00208
752.23069,-0.00211
750.30190,-0.00217
748.37310,-0.00198
