3496.90832,0.02444
3494.97953,0.02901
3493.05073,0.03015
3491.12193,0.02816
3489.19314,0.02940
3487.26434,0.03177
3485.33554,0.03160
3483.40675,0.03229
3481.47795,0.03452
3479.54915,0.03481
3477.62036,0.03250
3475.69156,0.02868
3473.76276,0.02382
3471.83397,0.02239
3469.90517,0.02632
3467.97637,0.02916
3466.04758,0.02870
3464.11878,0.02961
3462.18998,0.03276
3460.26119,0.03484
3458.33239,0.03501
3456.40359,0.03383
3454.47480,0.03020
3452.54600,0.02564
3450.61721,0.02408
3448.68841,0.02655
3446.75961,0.03210
3444.83082,0.03294
3442.90202,0.02147
3440.97322,0.00937
3439.04443,0.00986
3437.11563,0.01359
3435.18683,0.00989
3433.25804,0.00478
3431.32924,0.00371
3429.40044,0.00330
3427.47165,0.00427
3425.54285,0.00761
3423.61405,0.01024
3421.68526,0.01148
3419.75646,0.01218
3417.82766,0.01301
3415.89887,0.01295
3413.97007,0.01244
3412.04127,0.01100
3410.11248,0.00608
3408.18368,0.00397
3406.25488,0.00929
3404.32609,0.01518
3402.39729,0.01523
3400.46849,0.00864
3398.53970,0.00246
3396.61090,0.00314
3394.68210,0.00604
3392.75331,0.00597
3390.82451,0.00504
3388.89571,0.00476
3386.96692,0.00335
3385.03812,0.00033
3383.10932,-0.00167
3381.18053,0.00038
3379.25173,0.00308
3377.32293,0.00405
3375.39414,0.00810
3373.46534,0.01439
3371.53654,0.01956
3369.60775,0.02669
3367.67895,0.03316
3365.75015,0.03166
3363.82136,0.02422
3361.89256,0.02066
3359.96376,0.02446
3358.03497,0.03114
3356.10617,0.03386
3354.17737,0.02835
3352.24858,0.02160
3350.31978,0.02064
3348.39098,0.02169
3346.46219,0.02582
3344.53339,0.03351
3342.60459,0.03562
3340.67580,0.02984
3338.74700,0.02186
3336.81820,0.01536
3334.88941,0.01229
3332.96061,0.01261
3331.03181,0.01370
3329.10302,0.01426
3327.17422,0.01399
3325.24542,0.01368
3323.31663,0.01706
3321.38783,0.02200
3319.45903,0.02118
3317.53024,0.01645
3315.60144,0.01077
3313.67264,0.00303
3311.74385,-0.00390
3309.81505,-0.00521
3307.88625,-0.00039
3305.95746,0.00537
3304.02866,0.00842
3302.09986,0.00746
3300.17107,0.00161
3298.24227,-0.00454
3296.31347,-0.00649
3294.38468,-0.00571
3292.45588,-0.00346
3290.52708,0.00063
3288.59829,0.00376
3286.66949,0.00214
3284.74069,-0.00154
3282.81190,-0.00228
3280.88310,-0.00214
3278.95430,-0.00419
3277.02551,-0.00670
3275.09671,-0.00756
3273.16791,-0.00564
3271.23912,-0.00269
3269.31032,-0.00227
3267.38152,-0.00212
3265.45273,0.00177
3263.52393,0.00517
3261.59513,0.00268
3259.66634,-0.00176
3257.73754,-0.00144
3255.80874,0.00471
3253.87995,0.01029
3251.95115,0.00982
3250.02235,0.00659
3248.09356,0.00319
3246.16476,0.00209
3244.23596,0.00668
3242.30717,0.00894
3240.37837,0.00369
3238.44957,0.00029
3236.52078,0.00402
3234.59198,0.00879
3232.66318,0.00797
3230.73439,0.00208
3228.80559,-0.00072
3226.87679,0.00367
3224.94800,0.01161
3223.01920,0.01947
3221.09040,0.02273
3219.16161,0.01925
3217.23281,0.01619
3215.30401,0.01837
3213.37522,0.02096
3211.44642,0.02304
3209.51762,0.02631
3207.58883,0.02550
3205.66003,0.01999
3203.73123,0.01491
3201.80244,0.01149
3199.87364,0.01037
3197.94484,0.01228
3196.01605,0.01634
3194.08725,0.01948
3192.15845,0.02026
3190.22966,0.01994
3188.30086,0.01832
3186.37206,0.01671
3184.44327,0.01613
3182.51447,0.01526
3180.58567,0.01391
3178.65688,0.01271
3176.72808,0.01340
3174.79928,0.01566
3172.87049,0.01654
3170.94169,0.01402
3169.01289,0.00914
3167.08410,0.00539
3165.15530,0.00470
3163.22650,0.00660
3161.29771,0.00792
3159.36891,0.00778
3157.44011,0.01002
3155.51132,0.01278
3153.58252,0.01031
3151.65372,0.00451
3149.72493,0.00093
3147.79613,0.00080
3145.86733,0.00247
3143.93854,0.00384
3142.00974,0.00444
3140.08094,0.00542
3138.15215,0.00544
3136.22335,0.00393
3134.29455,0.00321
3132.36576,0.00321
3130.43696,0.00300
3128.50816,0.00383
3126.57937,0.00640
3124.65057,0.00905
3122.72177,0.00955
3120.79298,0.00826
3118.86418,0.00702
3116.93538,0.00603
3115.00659,0.00476
3113.07779,0.00331
3111.14899,0.00184
3109.22020,0.00043
3107.29140,-0.00059
3105.36260,-0.00086
3103.43381,-0.00035
3101.50501,0.00065
3099.57621,0.00105
3097.64742,0.00000
3095.71862,-0.00092
3093.78982,-0.00038
3091.86103,0.00088
3089.93223,0.00203
3088.00344,0.00204
3086.07464,0.00128
3084.14584,0.00191
3082.21705,0.00341
3080.28825,0.00348
3078.35945,0.00256
3076.43066,0.00210
3074.50186,0.00162
3072.57306,0.00082
3070.64427,0.00068
3068.71547,0.00120
3066.78667,0.00163
3064.85788,0.00208
3062.92908,0.00247
3061.00028,0.00248
3059.07149,0.00283
3057.14269,0.00379
3055.21389,0.00421
3053.28510,0.00372
3051.35630,0.00350
3049.42750,0.00404
3047.49871,0.00412
3045.56991,0.00338
3043.64111,0.00317
3041.71232,0.00346
3039.78352,0.00312
3037.85472,0.00263
3035.92593,0.00299
3033.99713,0.00375
3032.06833,0.00376
3030.13954,0.00330
3028.21074,0.00355
3026.28194,0.00407
3024.35315,0.00371
3022.42435,0.00286
3020.49555,0.00242
3018.56676,0.00264
3016.63796,0.00347
3014.70916,0.00438
3012.78037,0.00484
3010.85157,0.00479
3008.92277,0.00462
3006.99398,0.00464
3005.06518,0.00463
3003.13638,0.00425
3001.20759,0.00394
2999.27879,0.00463
2997.34999,0.00601
2995.42120,0.00627
2993.49240,0.00485
2991.56360,0.00368
2989.63481,0.00439
2987.70601,0.00583
2985.77721,0.00633
2983.84842,0.00610
2981.91962,0.00577
2979.99082,0.00570
2978.06203,0.00601
2976.13323,0.00616
2974.20443,0.00621
2972.27564,0.00662
2970.34684,0.00706
2968.41804,0.00714
2966.48925,0.00671
2964.56045,0.00638
2962.63165,0.00675
2960.70286,0.00710
2958.77406,0.00702
2956.84526,0.00693
2954.91647,0.00684
2952.98767,0.00661
2951.05887,0.00658
2949.13008,0.00715
2947.20128,0.00811
2945.27248,0.00879
2943.34369,0.00866
2941.41489,0.00798
2939.48609,0.00749
2937.55730,0.00743
2935.62850,0.00771
2933.69970,0.00818
2931.77091,0.00872
2929.84211,0.00904
2927.91331,0.00901
2925.98452,0.00889
2924.05572,0.00853
2922.12692,0.00795
2920.19813,0.00797
2918.26933,0.00870
2916.34053,0.00946
2914.41174,0.00971
2912.48294,0.00933
2910.55414,0.00886
2908.62535,0.00888
2906.69655,0.00916
2904.76775,0.00919
2902.83896,0.00898
2900.91016,0.00868
2898.98136,0.00846
2897.05257,0.00854
2895.12377,0.00894
2893.19497,0.00939
2891.26618,0.00936
2889.33738,0.00902
2887.40858,0.00893
2885.47979,0.00906
2883.55099,0.00916
2881.62219,0.00937
2879.69340,0.00967
2877.76460,0.00991
2875.83580,0.01006
2873.90701,0.00998
2871.97821,0.00968
2870.04941,0.00944
2868.12062,0.00935
2866.19182,0.00929
2864.26302,0.00937
2862.33423,0.00972
2860.40543,0.01023
2858.47663,0.01076
2856.54784,0.01116
2854.61904,0.01138
2852.69024,0.01167
2850.76145,0.01203
2848.83265,0.01220
2846.90385,0.01211
2844.97506,0.01189
2843.04626,0.01180
2841.11746,0.01190
2839.18867,0.01217
2837.25987,0.01259
2835.33107,0.01284
2833.40228,0.01243
2831.47348,0.01180
2829.54468,0.01181
2827.61589,0.01224
2825.68709,0.01251
2823.75829,0.01258
2821.82950,0.01258
2819.90070,0.01270
2817.97190,0.01295
2816.04311,0.01301
2814.11431,0.01282
2812.18551,0.01261
2810.25672,0.01251
2808.32792,0.01248
2806.39912,0.01245
2804.47033,0.01235
2802.54153,0.01231
2800.61273,0.01233
2798.68394,0.01231
2796.75514,0.01237
2794.82634,0.01239
2792.89755,0.01217
2790.96875,0.01189
2789.03995,0.01156
2787.11116,0.01118
2785.18236,0.01111
2783.25356,0.01132
2781.32477,0.01134
2779.39597,0.01109
2777.46717,0.01100
2775.53838,0.01123
2773.60958,0.01140
2771.68078,0.01130
2769.75199,0.01109
2767.82319,0.01089
2765.89439,0.01066
2763.96560,0.01038
2762.03680,0.01010
2760.10800,0.00990
2758.17921,0.00993
2756.25041,0.01016
2754.32161,0.01037
2752.39282,0.01038
2750.46402,0.01023
2748.53522,0.01019
2746.60643,0.01028
2744.67763,0.01027
2742.74883,0.01019
2740.82004,0.01030
2738.89124,0.01055
2736.96244,0.01068
2735.03365,0.01071
2733.10485,0.01061
2731.17605,0.01035
2729.24726,0.01021
2727.31846,0.01024
2725.38967,0.01026
2723.46087,0.01032
2721.53207,0.01051
2719.60328,0.01054
2717.67448,0.01045
2715.74568,0.01045
2713.81689,0.01039
2711.88809,0.01017
2709.95929,0.00996
2708.03050,0.01001
2706.10170,0.01037
2704.17290,0.01068
2702.24411,0.01068
2700.31531,0.01047
2698.38651,0.01028
2696.45772,0.01021
2694.52892,0.01019
2692.60012,0.01013
2690.67133,0.01022
2688.74253,0.01052
2686.81373,0.01073
2684.88494,0.01067
2682.95614,0.01038
2681.02734,0.01004
2679.09855,0.00994
2677.16975,0.01009
2675.24095,0.01018
2673.31216,0.01017
2671.38336,0.01023
2669.45456,0.01036
2667.52577,0.01035
2665.59697,0.01016
2663.66817,0.00990
2661.73938,0.00980
2659.81058,0.00993
2657.88178,0.01011
2655.95299,0.01022
2654.02419,0.01021
2652.09539,0.01014
2650.16660,0.01022
2648.23780,0.01036
2646.30900,0.01036
2644.38021,0.01042
2642.45141,0.01069
2640.52261,0.01083
2638.59382,0.01070
2636.66502,0.01052
2634.73622,0.01046
2632.80743,0.01061
2630.87863,0.01079
2628.94983,0.01079
2627.02104,0.01087
2625.09224,0.01126
2623.16344,0.01168
2621.23465,0.01185
2619.30585,0.01181
2617.37705,0.01177
2615.44826,0.01198
2613.51946,0.01234
2611.59066,0.01262
2609.66187,0.01281
2607.73307,0.01301
2605.80427,0.01302
2603.87548,0.01272
2601.94668,0.01249
2600.01788,0.01259
2598.08909,0.01283
2596.16029,0.01315
2594.23149,0.01335
2592.30270,0.01321
2590.37390,0.01311
2588.44510,0.01322
2586.51631,0.01324
2584.58751,0.01324
2582.65871,0.01346
2580.72992,0.01347
2578.80112,0.01301
2576.87232,0.01262
2574.94353,0.01274
2573.01473,0.01292
2571.08593,0.01276
2569.15714,0.01252
2567.22834,0.01237
2565.29954,0.01228
2563.37075,0.01233
2561.44195,0.01249
2559.51315,0.01257
2557.58436,0.01246
2555.65556,0.01240
2553.72676,0.01248
2551.79797,0.01265
2549.86917,0.01280
2547.94037,0.01288
2546.01158,0.01292
2544.08278,0.01284
2542.15398,0.01279
2540.22519,0.01296
2538.29639,0.01314
2536.36759,0.01312
2534.43880,0.01308
2532.51000,0.01321
2530.58120,0.01328
2528.65241,0.01312
2526.72361,0.01281
2524.79481,0.01231
2522.86602,0.01197
2520.93722,0.01221
2519.00842,0.01279
2517.07963,0.01302
2515.15083,0.01268
2513.22203,0.01237
2511.29324,0.01251
2509.36444,0.01270
2507.43564,0.01268
2505.50685,0.01273
2503.57805,0.01268
2501.64925,0.01230
2499.72046,0.01203
2497.79166,0.01214
2495.86286,0.01236
2493.93407,0.01253
2492.00527,0.01266
2490.07647,0.01262
2488.14768,0.01251
2486.21888,0.01254
2484.29008,0.01248
2482.36129,0.01222
2480.43249,0.01187
2478.50369,0.01157
2476.57490,0.01151
2474.64610,0.01157
2472.71730,0.01163
2470.78851,0.01172
2468.85971,0.01165
2466.93091,0.01152
2465.00212,0.01156
2463.07332,0.01150
2461.14452,0.01142
2459.21573,0.01161
2457.28693,0.01181
2455.35813,0.01199
2453.42934,0.01235
2451.50054,0.01251
2449.57174,0.01208
2447.64295,0.01157
2445.71415,0.01139
2443.78535,0.01121
2441.85656,0.01099
2439.92776,0.01097
2437.99896,0.01107
2436.07017,0.01104
2434.14137,0.01083
2432.21257,0.01067
2430.28378,0.01069
2428.35498,0.01068
2426.42618,0.01042
2424.49739,0.01007
2422.56859,0.00983
2420.63979,0.00968
2418.71100,0.00954
2416.78220,0.00939
2414.85340,0.00926
2412.92461,0.00924
2410.99581,0.00922
2409.06701,0.00905
2407.13822,0.00870
2405.20942,0.00834
2403.28062,0.00820
2401.35183,0.00822
2399.42303,0.00811
2397.49423,0.00794
2395.56544,0.00796
2393.63664,0.00793
2391.70784,0.00756
2389.77905,0.00737
2387.85025,0.00796
2385.92145,0.00931
2383.99266,0.01136
2382.06386,0.01415
2380.13506,0.01752
2378.20627,0.02111
2376.27747,0.02492
2374.34867,0.02937
2372.41988,0.03432
2370.49108,0.03895
2368.56228,0.04284
2366.63349,0.04614
2364.70469,0.04902
2362.77589,0.05138
2360.84710,0.05250
2358.91830,0.05139
2356.98951,0.04812
2355.06071,0.04352
2353.13191,0.03786
2351.20312,0.03217
2349.27432,0.02899
2347.34552,0.02989
2345.41673,0.03364
2343.48793,0.03638
2341.55913,0.03664
2339.63034,0.03597
2337.70154,0.03515
2335.77274,0.03454
2333.84395,0.03449
2331.91515,0.03459
2329.98635,0.03387
2328.05756,0.03246
2326.12876,0.03136
2324.19996,0.03070
2322.27117,0.02978
2320.34237,0.02820
2318.41357,0.02626
2316.48478,0.02455
2314.55598,0.02352
2312.62718,0.02305
2310.69839,0.02243
2308.76959,0.02104
2306.84079,0.01910
2304.91200,0.01740
2302.98320,0.01628
2301.05440,0.01555
2299.12561,0.01489
2297.19681,0.01403
2295.26801,0.01309
2293.33922,0.01244
2291.41042,0.01205
2289.48162,0.01168
2287.55283,0.01131
2285.62403,0.01099
2283.69523,0.01083
2281.76644,0.01113
2279.83764,0.01189
2277.90884,0.01276
2275.98005,0.01365
2274.05125,0.01442
2272.12245,0.01453
2270.19366,0.01426
2268.26486,0.01455
2266.33606,0.01523
2264.40727,0.01537
2262.47847,0.01517
2260.54967,0.01561
2258.62088,0.01727
2256.69208,0.01936
2254.76328,0.01998
2252.83449,0.01873
2250.90569,0.01727
2248.97689,0.01706
2247.04810,0.01792
2245.11930,0.01889
2243.19050,0.01933
2241.26171,0.01874
2239.33291,0.01802
2237.40411,0.01908
2235.47532,0.02108
2233.54652,0.02175
2231.61772,0.02147
2229.68893,0.02183
2227.76013,0.02291
2225.83133,0.02379
2223.90254,0.02372
2221.97374,0.02314
2220.04494,0.02401
2218.11615,0.02607
2216.18735,0.02672
2214.25855,0.02679
2212.32976,0.02797
2210.40096,0.02813
2208.47216,0.02649
2206.54337,0.02587
2204.61457,0.02754
2202.68577,0.02970
2200.75698,0.03068
2198.82818,0.03068
2196.89938,0.03075
2194.97059,0.03145
2193.04179,0.03257
2191.11299,0.03363
2189.18420,0.03357
2187.25540,0.03254
2185.32660,0.03245
2183.39781,0.03412
2181.46901,0.03721
2179.54021,0.04010
2177.61142,0.04024
2175.68262,0.03892
2173.75382,0.03904
2171.82503,0.03962
2169.89623,0.03928
2167.96743,0.03923
2166.03864,0.04096
2164.10984,0.04390
2162.18104,0.04595
2160.25225,0.04694
2158.32345,0.04724
2156.39465,0.04477
2154.46586,0.04019
2152.53706,0.03600
2150.60826,0.03259
2148.67947,0.02955
2146.75067,0.02689
2144.82187,0.02440
2142.89308,0.02178
2140.96428,0.01999
2139.03548,0.01972
2137.10669,0.01925
2135.17789,0.01735
2133.24909,0.01512
2131.32030,0.01363
2129.39150,0.01263
2127.46270,0.01141
2125.53391,0.00987
2123.60511,0.00871
2121.67631,0.00836
2119.74752,0.00798
2117.81872,0.00719
2115.88992,0.00718
2113.96113,0.00797
2112.03233,0.00810
2110.10353,0.00756
2108.17474,0.00733
2106.24594,0.00762
2104.31714,0.00840
2102.38835,0.00918
2100.45955,0.00906
2098.53075,0.00818
2096.60196,0.00761
2094.67316,0.00791
2092.74436,0.00861
2090.81557,0.00882
2088.88677,0.00815
2086.95797,0.00728
2085.02918,0.00725
2083.10038,0.00793
2081.17158,0.00835
2079.24279,0.00832
2077.31399,0.00858
2075.38519,0.00960
2073.45640,0.01099
2071.52760,0.01175
2069.59880,0.01140
2067.67001,0.01091
2065.74121,0.01118
2063.81241,0.01182
2061.88362,0.01199
2059.95482,0.01148
2058.02602,0.01068
2056.09723,0.00990
2054.16843,0.00964
2052.23963,0.01070
2050.31084,0.01333
2048.38204,0.01637
2046.45324,0.01836
2044.52445,0.01989
2042.59565,0.02148
2040.66685,0.02244
2038.73806,0.02274
2036.80926,0.02259
2034.88046,0.02232
2032.95167,0.02285
2031.02287,0.02341
2029.09407,0.02268
2027.16528,0.02212
2025.23648,0.02308
2023.30768,0.02415
2021.37889,0.02444
2019.45009,0.02513
2017.52129,0.02536
2015.59250,0.02325
2013.66370,0.02022
2011.73490,0.01893
2009.80611,0.01979
2007.87731,0.01998
2005.94851,0.01786
2004.01972,0.01556
2002.09092,0.01423
2000.16212,0.01304
1998.23333,0.01245
1996.30453,0.01335
1994.37574,0.01468
1992.44694,0.01479
1990.51814,0.01405
1988.58935,0.01421
1986.66055,0.01555
1984.73175,0.01665
1982.80296,0.01685
1980.87416,0.01643
1978.94536,0.01583
1977.01657,0.01535
1975.08777,0.01477
1973.15897,0.01398
1971.23018,0.01366
1969.30138,0.01406
1967.37258,0.01417
1965.44379,0.01296
1963.51499,0.01029
1961.58619,0.00767
1959.65740,0.00717
1957.72860,0.00811
1955.79980,0.00783
1953.87101,0.00632
1951.94221,0.00546
1950.01341,0.00567
1948.08462,0.00655
1946.15582,0.00788
1944.22702,0.00914
1942.29823,0.00862
1940.36943,0.00589
1938.44063,0.00355
1936.51184,0.00275
1934.58304,0.00242
1932.65424,0.00178
1930.72545,0.00128
1928.79665,0.00159
1926.86785,0.00293
1924.93906,0.00499
1923.01026,0.00591
1921.08146,0.00546
1919.15267,0.00548
1917.22387,0.00508
1915.29507,0.00324
1913.36628,0.00209
1911.43748,0.00272
1909.50868,0.00354
1907.57989,0.00293
1905.65109,0.00148
1903.72229,0.00041
1901.79350,-0.00014
1899.86470,-0.00020
1897.93590,0.00056
1896.00711,0.00161
1894.07831,0.00195
1892.14951,0.00256
1890.22072,0.00358
1888.29192,0.00265
1886.36312,0.00060
1884.43433,-0.00031
1882.50553,-0.00039
1880.57673,-0.00043
1878.64794,-0.00070
1876.71914,-0.00100
1874.79034,-0.00080
1872.86155,0.00113
1870.93275,0.00578
1869.00395,0.00973
1867.07516,0.00787
1865.14636,0.00326
1863.21756,0.00074
1861.28877,0.00022
1859.35997,0.00001
1857.43117,-0.00060
1855.50238,-0.00127
1853.57358,-0.00149
1851.64478,-0.00090
1849.71599,0.00103
1847.78719,0.00436
1845.85839,0.00819
1843.92960,0.00871
1842.00080,0.00455
1840.07200,0.00117
1838.14321,0.00052
1836.21441,0.00044
1834.28561,0.00082
1832.35682,0.00391
1830.42802,0.00796
1828.49922,0.00837
1826.57043,0.00682
1824.64163,0.00509
1822.71283,0.00223
1820.78404,0.00008
1818.85524,-0.00021
1816.92644,-0.00007
1814.99765,0.00041
1813.06885,0.00232
1811.14005,0.00407
1809.21126,0.00333
1807.28246,0.00144
1805.35366,0.00127
1803.42487,0.00389
1801.49607,0.00697
1799.56727,0.00716
1797.63848,0.00592
1795.70968,0.00692
1793.78088,0.01042
1791.85209,0.01126
1789.92329,0.00646
1787.99449,0.00231
1786.06570,0.00188
1784.13690,0.00298
1782.20810,0.00429
1780.27931,0.00488
1778.35051,0.00443
1776.42171,0.00577
1774.49292,0.01079
1772.56412,0.01561
1770.63532,0.01430
1768.70653,0.00923
1766.77773,0.00466
1764.84893,0.00332
1762.92014,0.00540
1760.99134,0.00679
1759.06254,0.00638
1757.13375,0.00585
1755.20495,0.00521
1753.27615,0.00756
1751.34736,0.01420
1749.41856,0.01836
1747.48976,0.01612
1745.56097,0.01266
1743.63217,0.01108
1741.70337,0.01077
1739.77458,0.01010
1737.84578,0.01002
1735.91698,0.01417
1733.98819,0.01945
1732.05939,0.01649
1730.13059,0.00963
1728.20180,0.00402
1726.27300,0.00149
1724.34420,0.00218
1722.41541,0.00452
1720.48661,0.01051
1718.55781,0.02143
1716.62902,0.02731
1714.70022,0.02142
1712.77142,0.01408
1710.84263,0.01154
1708.91383,0.01453
1706.98503,0.02146
1705.05624,0.02789
1703.12744,0.03334
1701.19864,0.04294
1699.26985,0.05325
1697.34105,0.05745
1695.41225,0.05773
1693.48346,0.05787
1691.55466,0.06381
1689.62586,0.07649
1687.69707,0.09201
1685.76827,0.11257
1683.83947,0.13593
1681.91068,0.14549
1679.98188,0.14978
1678.05308,0.15894
1676.12429,0.17400
1674.19549,0.19060
1672.26669,0.20476
1670.33790,0.21842
1668.40910,0.22613
1666.48030,0.22764
1664.55151,0.23219
1662.62271,0.23846
1660.69391,0.23978
1658.76512,0.24002
1656.83632,0.24576
1654.90752,0.25877
1652.97873,0.26738
1651.04993,0.26186
1649.12113,0.26221
1647.19234,0.26833
1645.26354,0.26811
1643.33474,0.26661
1641.40595,0.27299
1639.47715,0.28770
1637.54835,0.31021
1635.61956,0.33483
1633.69076,0.34775
1631.76197,0.35675
1629.83317,0.37171
1627.90437,0.38967
1625.97558,0.40453
1624.04678,0.41514
1622.11798,0.41908
1620.18919,0.41917
1618.26039,0.42097
1616.33159,0.41917
1614.40280,0.41143
1612.47400,0.40686
1610.54520,0.40801
1608.61641,0.41235
1606.68761,0.41772
1604.75881,0.42490
1602.83002,0.43400
1600.90122,0.44312
1598.97242,0.45144
1597.04363,0.45891
1595.11483,0.46366
1593.18603,0.46334
1591.25724,0.45826
1589.32844,0.44902
1587.39964,0.43594
1585.47085,0.41987
1583.54205,0.40155
1581.61325,0.38273
1579.68446,0.36710
1577.75566,0.35264
1575.82686,0.32890
1573.89807,0.30337
1571.96927,0.28697
1570.04047,0.27156
1568.11168,0.25185
1566.18288,0.23414
1564.25408,0.22134
1562.32529,0.21650
1560.39649,0.22027
1558.46769,0.21312
1556.53890,0.19009
1554.61010,0.17236
1552.68130,0.16036
1550.75251,0.15174
1548.82371,0.14434
1546.89491,0.14114
1544.96612,0.14476
1543.03732,0.15168
1541.10852,0.15395
1539.17973,0.13979
1537.25093,0.12370
1535.32213,0.11810
1533.39334,0.11536
1531.46454,0.10894
1529.53574,0.10537
1527.60695,0.10712
1525.67815,0.10976
1523.74935,0.11258
1521.82056,0.11425
1519.89176,0.11089
1517.96296,0.10626
1516.03417,0.10026
1514.10537,0.09367
1512.17657,0.09302
1510.24778,0.10127
1508.31898,0.11422
1506.39018,0.11159
1504.46139,0.09450
1502.53259,0.08668
1500.60379,0.08857
1498.67500,0.09503
1496.74620,0.09898
1494.81740,0.09896
1492.88861,0.10333
1490.95981,0.11604
1489.03101,0.12845
1487.10222,0.13171
1485.17342,0.13357
1483.24462,0.14070
1481.31583,0.15238
1479.38703,0.16600
1477.45823,0.18248
1475.52944,0.20282
1473.60064,0.22259
1471.67184,0.23272
1469.74305,0.23461
1467.81425,0.23912
1465.88545,0.24789
1463.95666,0.25334
1462.02786,0.25519
1460.09906,0.26094
1458.17027,0.26792
1456.24147,0.25861
1454.31267,0.23890
1452.38388,0.22319
1450.45508,0.21108
1448.52628,0.19898
1446.59749,0.18381
1444.66869,0.16825
1442.73989,0.15510
1440.81110,0.14539
1438.88230,0.13980
1436.95350,0.13347
1435.02471,0.12190
1433.09591,0.11151
1431.16711,0.10452
1429.23832,0.09731
1427.30952,0.09052
1425.38072,0.08667
1423.45193,0.08430
1421.52313,0.08340
1419.59433,0.08398
1417.66554,0.07932
1415.73674,0.07008
1413.80794,0.06347
1411.87915,0.06016
1409.95035,0.05779
1408.02155,0.05643
1406.09276,0.05642
1404.16396,0.05515
1402.23516,0.05355
1400.30637,0.05499
1398.37757,0.05778
1396.44877,0.05819
1394.51998,0.05459
1392.59118,0.04874
1390.66238,0.04591
1388.73359,0.04697
1386.80479,0.04669
1384.87599,0.04291
1382.94720,0.03985
1381.01840,0.03927
1379.08960,0.03992
1377.16081,0.04168
1375.23201,0.04378
1373.30321,0.04279
1371.37442,0.03947
1369.44562,0.03741
1367.51682,0.03664
1365.58803,0.03779
1363.65923,0.04089
1361.73043,0.04096
1359.80164,0.03706
1357.87284,0.03409
1355.94404,0.03323
1354.01525,0.03273
1352.08645,0.03208
1350.15765,0.03172
1348.22886,0.03138
1346.30006,0.03095
1344.37126,0.03139
1342.44247,0.03425
1340.51367,0.03858
1338.58487,0.03949
1336.65608,0.03595
1334.72728,0.03235
1332.79848,0.03076
1330.86969,0.03039
1328.94089,0.03020
1327.01209,0.02994
1325.08330,0.02981
1323.15450,0.03013
1321.22570,0.03120
1319.29691,0.03222
1317.36811,0.03209
1315.43931,0.03136
1313.51052,0.03069
1311.58172,0.02967
1309.65292,0.02864
1307.72413,0.02812
1305.79533,0.02782
1303.86653,0.02760
1301.93774,0.02753
1300.00894,0.02762
1298.08014,0.02782
1296.15135,0.02794
1294.22255,0.02791
1292.29375,0.02803
1290.36496,0.02845
1288.43616,0.02876
1286.50736,0.02856
1284.57857,0.02812
1282.64977,0.02796
1280.72097,0.02801
1278.79218,0.02803
1276.86338,0.02807
1274.93458,0.02835
1273.00579,0.02892
1271.07699,0.02936
1269.14820,0.02933
1267.21940,0.02904
1265.29060,0.02882
1263.36181,0.02884
1261.43301,0.02905
1259.50421,0.02908
1257.57542,0.02883
1255.64662,0.02867
1253.71782,0.02869
1251.78903,0.02880
1249.86023,0.02896
1247.93143,0.02916
1246.00264,0.02942
1244.07384,0.02966
1242.14504,0.02977
1240.21625,0.02983
1238.28745,0.02989
1236.35865,0.03000
1234.42986,0.03015
1232.50106,0.03033
1230.57226,0.03053
1228.64347,0.03082
1226.71467,0.03116
1224.78587,0.03144
1222.85708,0.03159
1220.92828,0.03176
1218.99948,0.03202
1217.07069,0.03231
1215.14189,0.03267
1213.21309,0.03314
1211.28430,0.03361
1209.35550,0.03404
1207.42670,0.03459
1205.49791,0.03526
1203.56911,0.03602
1201.64031,0.03691
1199.71152,0.03797
1197.78272,0.03917
1195.85392,0.04048
1193.92513,0.04196
1191.99633,0.04365
1190.06753,0.04564
1188.13874,0.04793
1186.20994,0.05042
1184.28114,0.05310
1182.35235,0.05613
1180.42355,0.05960
1178.49475,0.06353
1176.56596,0.06785
1174.63716,0.07242
1172.70836,0.07709
1170.77957,0.08185
1168.85077,0.08672
1166.92197,0.09153
1164.99318,0.09597
1163.06438,0.09982
1161.13558,0.10287
1159.20679,0.10490
1157.27799,0.10571
1155.34919,0.10525
1153.42040,0.10363
1151.49160,0.10094
1149.56280,0.09730
1147.63401,0.09296
1145.70521,0.08823
1143.77641,0.08334
1141.84762,0.07850
1139.91882,0.07387
1137.99002,0.06957
1136.06123,0.06559
1134.13243,0.06193
1132.20363,0.05862
1130.27484,0.05570
1128.34604,0.05313
1126.41724,0.05082
1124.48845,0.04881
1122.55965,0.04708
1120.63085,0.04557
1118.70206,0.04424
1116.77326,0.04308
1114.84446,0.04212
1112.91567,0.04130
1110.98687,0.04058
1109.05807,0.03998
1107.12928,0.03948
1105.20048,0.03902
1103.27168,0.03864
1101.34289,0.03840
1099.41409,0.03832
1097.48529,0.03838
1095.55650,0.03855
1093.62770,0.03884
1091.69890,0.03921
1089.77011,0.03960
1087.84131,0.04001
1085.91251,0.04042
1083.98372,0.04081
1082.05492,0.04117
1080.12612,0.04156
1078.19733,0.04198
1076.26853,0.04248
1074.33973,0.04300
1072.41094,0.04347
1070.48214,0.04384
1068.55334,0.04411
1066.62455,0.04426
1064.69575,0.04429
1062.76695,0.04421
1060.83816,0.04402
1058.90936,0.04368
1056.98056,0.04323
1055.05177,0.04269
1053.12297,0.04207
1051.19417,0.04137
1049.26538,0.04059
1047.33658,0.03981
1045.40778,0.03905
1043.47899,0.03832
1041.55019,0.03763
1039.62139,0.03698
1037.69260,0.03637
1035.76380,0.03575
1033.83500,0.03516
1031.90621,0.03459
1029.97741,0.03407
1028.04861,0.03358
1026.11982,0.03311
1024.19102,0.03265
1022.26222,0.03221
1020.33343,0.03183
1018.40463,0.03153
1016.47583,0.03130
1014.54704,0.03111
1012.61824,0.03096
1010.68944,0.03077
1008.76065,0.03043
1006.83185,0.02991
1004.90305,0.02927
1002.97426,0.02859
1001.04546,0.02796
999.11666,0.02743
997.18787,0.02699
995.25907,0.02665
993.33027,0.02634
991.40148,0.02603
989.47268,0.02571
987.54388,0.02542
985.61509,0.02511
983.68629,0.02476
981.75749,0.02444
979.82870,0.02411
977.89990,0.02380
975.97110,0.02350
974.04231,0.02324
972.11351,0.02300
970.18471,0.02274
968.25592,0.02239
966.32712,0.02199
964.39832,0.02160
962.46953,0.02121
960.54073,0.02082
958.61193,0.02043
956.68314,0.02007
954.75434,0.01976
952.82554,0.01948
950.89675,0.01922
948.96795,0.01893
947.03915,0.01857
945.11036,0.01819
943.18156,0.01785
941.25276,0.01754
939.32397,0.01722
937.39517,0.01687
935.46637,0.01648
933.53758,0.01607
931.60878,0.01563
929.67998,0.01517
927.75119,0.01470
925.82239,0.01422
923.89359,0.01373
921.96480,0.01323
920.03600,0.01271
918.10720,0.01220
916.17841,0.01170
914.24961,0.01124
912.32081,0.01081
910.39202,0.01039
908.46322,0.00997
906.53443,0.00953
904.60563,0.00909
902.67683,0.00869
900.74804,0.00832
898.81924,0.00795
896.89044,0.00759
894.96165,0.00722
893.03285,0.00678
891.10405,0.00627
889.17526,0.00578
887.24646,0.00531
885.31766,0.00483
883.38887,0.00435
881.46007,0.00387
879.53127,0.00341
877.60248,0.00298
875.67368,0.00257
873.74488,0.00211
871.81609,0.00167
869.88729,0.00133
867.95849,0.00106
866.02970,0.00077
864.10090,0.00048
862.17210,0.00020
860.24331,-0.00007
858.31451,-0.00029
856.38571,-0.00045
854.45692,-0.00061
852.52812,-0.00079
850.59932,-0.00094
848.67053,-0.00108
846.74173,-0.00125
844.81293,-0.00141
842.88414,-0.00148
840.95534,-0.00148
839.02654,-0.00156
837.09775,-0.00170
835.16895,-0.00183
833.24015,-0.00193
831.31136,-0.00203
829.38256,-0.00213
827.45376,-0.00219
825.52497,-0.00221
823.59617,-0.00225
821.66737,-0.00233
819.73858,-0.00239
817.80978,-0.00233
815.88098,-0.00220
813.95219,-0.00203
812.02339,-0.00182
810.09459,-0.00156
808.16580,-0.00125
806.23700,-0.00087
804.30820,-0.00045
802.37941,0.00007
800.45061,0.00075
798.52181,0.00153
796.59302,0.00243
794.66422,0.00344
792.73542,0.00445
790.80663,0.00538
788.87783,0.00617
786.94903,0.00677
785.02024,0.00701
783.09144,0.00670
781.16264,0.00591
779.23385,0.00488
777.30505,0.00370
775.37625,0.00236
773.44746,0.00111
771.51866,0.00027
769.58986,-0.00031
767.66107,-0.00081
765.73227,-0.00115
763.80347,-0.00129
761.87468,-0.00144
759.94588,-0.00184
758.01708,-0.00223
756.08829,-0.00220
754.15949,-0.00196
752.23069,-0.00195
750.30190,-0.00200
748.37310,-0.00169
