3496.90832,0.04498
3494.97953,0.04571
3493.05073,0.04678
3491.12193,0.04919
3489.19314,0.05261
3487.26434,0.05404
3485.33554,0.05368
3483.40675,0.05295
3481.47795,0.05286
3479.54915,0.05394
3477.62036,0.05336
3475.69156,0.04776
3473.76276,0.04112
3471.83397,0.03945
3469.90517,0.03915
3467.97637,0.03815
3466.04758,0.04199
3464.11878,0.04737
3462.18998,0.04628
3460.26119,0.04275
3458.33239,0.04291
3456.40359,0.04457
3454.47480,0.04633
3452.54600,0.04988
3450.61721,0.05290
3448.68841,0.05398
3446.75961,0.05417
3444.83082,0.05115
3442.90202,0.04652
3440.97322,0.04318
3439.04443,0.03894
3437.11563,0.03503
3435.18683,0.03383
3433.25804,0.03433
3431.32924,0.03312
3429.40044,0.02721
3427.47165,0.02201
3425.54285,0.02512
3423.61405,0.03454
3421.68526,0.04313
3419.75646,0.04391
3417.82766,0.03551
3415.89887,0.02552
3413.97007,0.02287
3412.04127,0.02784
3410.11248,0.03239
3408.18368,0.03268
3406.25488,0.02911
3404.32609,0.02221
3402.39729,0.01750
3400.46849,0.01854
3398.53970,0.02454
3396.61090,0.03157
3394.68210,0.03233
3392.75331,0.02872
3390.82451,0.02821
3388.89571,0.03124
3386.96692,0.03901
3385.03812,0.05154
3383.10932,0.05734
3381.18053,0.05162
3379.25173,0.04564
3377.32293,0.04309
3375.39414,0.03894
3373.46534,0.03889
3371.53654,0.04989
3369.60775,0.06101
3367.67895,0.06062
3365.75015,0.05336
3363.82136,0.05045
3361.89256,0.05588
3359.96376,0.06111
3358.03497,0.06084
3356.10617,0.06089
3354.17737,0.06143
3352.24858,0.05955
3350.31978,0.05584
3348.39098,0.05049
3346.46219,0.04660
3344.53339,0.04903
3342.60459,0.05581
3340.67580,0.06029
3338.74700,0.05870
3336.81820,0.05245
3334.88941,0.04541
3332.96061,0.04161
3331.03181,0.04435
3329.10302,0.04872
3327.17422,0.04720
3325.24542,0.04359
3323.31663,0.04237
3321.38783,0.03971
3319.45903,0.03662
3317.53024,0.03534
3315.60144,0.03097
3313.67264,0.02756
3311.74385,0.03233
3309.81505,0.03760
3307.88625,0.03836
3305.95746,0.03738
3304.02866,0.03241
3302.09986,0.02326
3300.17107,0.01873
3298.24227,0.02196
3296.31347,0.02214
3294.38468,0.01516
3292.45588,0.01087
3290.52708,0.01343
3288.59829,0.01812
3286.66949,0.02064
3284.74069,0.01989
3282.81190,0.01842
3280.88310,0.01901
3278.95430,0.02225
3277.02551,0.02576
3275.09671,0.02572
3273.16791,0.02549
3271.23912,0.03006
3269.31032,0.03355
3267.38152,0.02952
3265.45273,0.02313
3263.52393,0.02087
3261.59513,0.02075
3259.66634,0.01995
3257.73754,0.01847
3255.80874,0.01477
3253.87995,0.01132
3251.95115,0.01264
3250.02235,0.01719
3248.09356,0.02225
3246.16476,0.02536
3244.23596,0.02401
3242.30717,0.02203
3240.37837,0.02826
3238.44957,0.04218
3236.52078,0.05122
3234.59198,0.05004
3232.66318,0.04443
3230.73439,0.03754
3228.80559,0.03121
3226.87679,0.02793
3224.94800,0.02824
3223.01920,0.03368
3221.09040,0.04100
3219.16161,0.04177
3217.23281,0.03543
3215.30401,0.02843
3213.37522,0.02598
3211.44642,0.03150
3209.51762,0.04335
3207.58883,0.05404
3205.66003,0.05503
3203.73123,0.04763
3201.80244,0.04341
3199.87364,0.04491
3197.94484,0.04548
3196.01605,0.04419
3194.08725,0.04309
3192.15845,0.04255
3190.22966,0.04173
3188.30086,0.03865
3186.37206,0.03621
3184.44327,0.03776
3182.51447,0.03820
3180.58567,0.03538
3178.65688,0.03491
3176.72808,0.03768
3174.79928,0.03929
3172.87049,0.03846
3170.94169,0.03691
3169.01289,0.03608
3167.08410,0.03595
3165.15530,0.03493
3163.22650,0.03198
3161.29771,0.02795
3159.36891,0.02553
3157.44011,0.02609
3155.51132,0.02701
3153.58252,0.02590
3151.65372,0.02263
3149.72493,0.01845
3147.79613,0.01738
3145.86733,0.02116
3143.93854,0.02592
3142.00974,0.02840
3140.08094,0.02923
3138.15215,0.02895
3136.22335,0.02689
3134.29455,0.02505
3132.36576,0.02563
3130.43696,0.02592
3128.50816,0.02429
3126.57937,0.02368
3124.65057,0.02429
3122.72177,0.02451
3120.79298,0.02549
3118.86418,0.02651
3116.93538,0.02526
3115.00659,0.02218
3113.07779,0.01928
3111.14899,0.01856
3109.22020,0.02105
3107.29140,0.02452
3105.36260,0.02560
3103.43381,0.02432
3101.50501,0.02243
3099.57621,0.02079
3097.64742,0.01972
3095.71862,0.01850
3093.78982,0.01669
3091.86103,0.01556
3089.93223,0.01592
3088.00344,0.01724
3086.07464,0.01872
3084.14584,0.02055
3082.21705,0.02273
3080.28825,0.02322
3078.35945,0.02142
3076.43066,0.02022
3074.50186,0.02101
3072.57306,0.02139
3070.64427,0.02013
3068.71547,0.01921
3066.78667,0.01957
3064.85788,0.02000
3062.92908,0.01995
3061.00028,0.01961
3059.07149,0.01985
3057.14269,0.02087
3055.21389,0.02109
3053.28510,0.01998
3051.35630,0.01905
3049.42750,0.01962
3047.49871,0.02127
3045.56991,0.02219
3043.64111,0.02152
3041.71232,0.02016
3039.78352,0.01955
3037.85472,0.02003
3035.92593,0.02112
3033.99713,0.02246
3032.06833,0.02295
3030.13954,0.02221
3028.21074,0.02164
3026.28194,0.02155
3024.35315,0.02112
3022.42435,0.02044
3020.49555,0.02031
3018.56676,0.02118
3016.63796,0.02257
3014.70916,0.02366
3012.78037,0.02385
3010.85157,0.02320
3008.92277,0.02289
3006.99398,0.02346
3005.06518,0.02368
3003.13638,0.02283
3001.20759,0.02203
2999.27879,0.02200
2997.34999,0.02223
2995.42120,0.02215
2993.49240,0.02168
2991.56360,0.02151
2989.63481,0.02213
2987.70601,0.02293
2985.77721,0.02325
2983.84842,0.02330
2981.91962,0.02354
2979.99082,0.02380
2978.06203,0.02351
2976.13323,0.02299
2974.20443,0.02301
2972.27564,0.02346
2970.34684,0.02376
2968.41804,0.02368
2966.48925,0.02356
2964.56045,0.02348
2962.63165,0.02321
2960.70286,0.02310
2958.77406,0.02334
2956.84526,0.02388
2954.91647,0.02446
2952.98767,0.02456
2951.05887,0.02445
2949.13008,0.02475
2947.20128,0.02498
2945.27248,0.02468
2943.34369,0.02451
2941.41489,0.02478
2939.48609,0.02486
2937.55730,0.02459
2935.62850,0.02449
2933.69970,0.02464
2931.77091,0.02454
2929.84211,0.02429
2927.91331,0.02434
2925.98452,0.02467
2924.05572,0.02502
2922.12692,0.02537
2920.19813,0.02591
2918.26933,0.02638
2916.34053,0.02639
2914.41174,0.02604
2912.48294,0.02557
2910.55414,0.02513
2908.62535,0.02492
2906.69655,0.02523
2904.76775,0.02584
2902.83896,0.02615
2900.91016,0.02623
2898.98136,0.02635
2897.05257,0.02639
2895.12377,0.02656
2893.19497,0.02696
2891.26618,0.02710
2889.33738,0.02693
2887.40858,0.02679
2885.47979,0.02656
2883.55099,0.02616
2881.62219,0.02604
2879.69340,0.02639
2877.76460,0.02693
2875.83580,0.02727
2873.90701,0.02727
2871.97821,0.02704
2870.04941,0.02695
2868.12062,0.02715
2866.19182,0.02745
2864.26302,0.02772
2862.33423,0.02793
2860.40543,0.02806
2858.47663,0.02816
2856.54784,0.02838
2854.61904,0.02879
2852.69024,0.02916
2850.76145,0.02928
2848.83265,0.02933
2846.90385,0.02946
2844.97506,0.02957
2843.04626,0.02964
2841.11746,0.02977
2839.18867,0.02984
2837.25987,0.02987
2835.33107,0.03005
2833.40228,0.03019
2831.47348,0.03028
2829.54468,0.03044
2827.61589,0.03055
2825.68709,0.03070
2823.75829,0.03096
2821.82950,0.03107
2819.90070,0.03108
2817.97190,0.03129
2816.04311,0.03155
2814.11431,0.03145
2812.18551,0.03106
2810.25672,0.03079
2808.32792,0.03075
2806.39912,0.03068
2804.47033,0.03057
2802.54153,0.03064
2800.61273,0.03094
2798.68394,0.03110
2796.75514,0.03080
2794.82634,0.03044
2792.89755,0.03040
2790.96875,0.03031
2789.03995,0.03003
2787.11116,0.02972
2785.18236,0.02935
2783.25356,0.02906
2781.32477,0.02910
2779.39597,0.02917
2777.46717,0.02891
2775.53838,0.02852
2773.60958,0.02832
2771.68078,0.02842
2769.75199,0.02871
2767.82319,0.02878
2765.89439,0.02865
2763.96560,0.02870
2762.03680,0.02886
2760.10800,0.02887
2758.17921,0.02864
2756.25041,0.02825
2754.32161,0.02806
2752.39282,0.02815
2750.46402,0.02805
2748.53522,0.02778
2746.60643,0.02784
2744.67763,0.02821
2742.74883,0.02841
2740.82004,0.02832
2738.89124,0.02810
2736.96244,0.02805
2735.03365,0.02825
2733.10485,0.02842
2731.17605,0.02829
2729.24726,0.02801
2727.31846,0.02779
2725.38967,0.02770
2723.46087,0.02788
2721.53207,0.02821
2719.60328,0.02840
2717.67448,0.02852
2715.74568,0.02875
2713.81689,0.02902
2711.88809,0.02912
2709.95929,0.02905
2708.03050,0.02885
2706.10170,0.02859
2704.17290,0.02843
2702.24411,0.02845
2700.31531,0.02867
2698.38651,0.02892
2696.45772,0.02900
2694.52892,0.02891
2692.60012,0.02883
2690.67133,0.02879
2688.74253,0.02866
2686.81373,0.02840
2684.88494,0.02828
2682.95614,0.02829
2681.02734,0.02821
2679.09855,0.02808
2677.16975,0.02807
2675.24095,0.02814
2673.31216,0.02828
2671.38336,0.02846
2669.45456,0.02852
2667.52577,0.02845
2665.59697,0.02834
2663.66817,0.02823
2661.73938,0.02816
2659.81058,0.02831
2657.88178,0.02860
2655.95299,0.02866
2654.02419,0.02843
2652.09539,0.02816
2650.16660,0.02802
2648.23780,0.02813
2646.30900,0.02838
2644.38021,0.02852
2642.45141,0.02852
2640.52261,0.02860
2638.59382,0.02890
2636.66502,0.02917
2634.73622,0.02921
2632.80743,0.02918
2630.87863,0.02919
2628.94983,0.02930
2627.02104,0.02960
2625.09224,0.02983
2623.16344,0.02978
2621.23465,0.02992
2619.30585,0.03040
2617.37705,0.03073
2615.44826,0.03089
2613.51946,0.03105
2611.59066,0.03112
2609.66187,0.03116
2607.73307,0.03143
2605.80427,0.03174
2603.87548,0.03174
2601.94668,0.03158
2600.01788,0.03145
2598.08909,0.03159
2596.16029,0.03214
2594.23149,0.03221
2592.30270,0.03139
2590.37390,0.03076
2588.44510,0.03081
2586.51631,0.03093
2584.58751,0.03111
2582.65871,0.03173
2580.72992,0.03211
2578.80112,0.03169
2576.87232,0.03121
2574.94353,0.03142
2573.01473,0.03196
2571.08593,0.03207
2569.15714,0.03184
2567.22834,0.03163
2565.29954,0.03154
2563.37075,0.03181
2561.44195,0.03218
2559.51315,0.03209
2557.58436,0.03177
2555.65556,0.03179
2553.72676,0.03227
2551.79797,0.03267
2549.86917,0.03258
2547.94037,0.03245
2546.01158,0.03250
2544.08278,0.03230
2542.15398,0.03190
2540.22519,0.03177
2538.29639,0.03211
2536.36759,0.03244
2534.43880,0.03215
2532.51000,0.03164
2530.58120,0.03180
2528.65241,0.03239
2526.72361,0.03243
2524.79481,0.03193
2522.86602,0.03144
2520.93722,0.03114
2519.00842,0.03109
2517.07963,0.03137
2515.15083,0.03181
2513.22203,0.03205
2511.29324,0.03199
2509.36444,0.03189
2507.43564,0.03192
2505.50685,0.03198
2503.57805,0.03196
2501.64925,0.03182
2499.72046,0.03153
2497.79166,0.03117
2495.86286,0.03093
2493.93407,0.03077
2492.00527,0.03068
2490.07647,0.03081
2488.14768,0.03100
2486.21888,0.03113
2484.29008,0.03121
2482.36129,0.03113
2480.43249,0.03107
2478.50369,0.03113
2476.57490,0.03107
2474.64610,0.03075
2472.71730,0.03028
2470.78851,0.02998
2468.85971,0.03007
2466.93091,0.03038
2465.00212,0.03072
2463.07332,0.03102
2461.14452,0.03103
2459.21573,0.03071
2457.28693,0.03049
2455.35813,0.03040
2453.42934,0.03023
2451.50054,0.03006
2449.57174,0.02995
2447.64295,0.03000
2445.71415,0.03027
2443.78535,0.03044
2441.85656,0.03022
2439.92776,0.02978
2437.99896,0.02944
2436.07017,0.02924
2434.14137,0.02896
2432.21257,0.02878
2430.28378,0.02906
2428.35498,0.02944
2426.42618,0.02942
2424.49739,0.02925
2422.56859,0.02916
2420.63979,0.02907
2418.71100,0.02896
2416.78220,0.02867
2414.85340,0.02816
2412.92461,0.02777
2410.99581,0.02784
2409.06701,0.02811
2407.13822,0.02807
2405.20942,0.02759
2403.28062,0.02707
2401.35183,0.02670
2399.42303,0.02630
2397.49423,0.02591
2395.56544,0.02576
2393.63664,0.02577
2391.70784,0.02581
2389.77905,0.02637
2387.85025,0.02832
2385.92145,0.03236
2383.99266,0.03898
2382.06386,0.04820
2380.13506,0.05966
2378.20627,0.07257
2376.27747,0.08587
2374.34867,0.09913
2372.41988,0.11242
2370.49108,0.12550
2368.56228,0.13769
2366.63349,0.14832
2364.70469,0.15685
2362.77589,0.16288
2360.84710,0.16587
2358.91830,0.16461
2356.98951,0.15782
2355.06071,0.14539
2353.13191,0.12859
2351.20312,0.11187
2349.27432,0.10329
2347.34552,0.10752
2345.41673,0.11951
2343.48793,0.12726
2341.55913,0.12758
2339.63034,0.12531
2337.70154,0.12290
2335.77274,0.12117
2333.84395,0.12078
2331.91515,0.12099
2329.98635,0.11920
2328.05756,0.11489
2326.12876,0.11099
2324.19996,0.10874
2322.27117,0.10566
2320.34237,0.09940
2318.41357,0.09129
2316.48478,0.08462
2314.55598,0.08065
2312.62718,0.07732
2310.69839,0.07270
2308.76959,0.06727
2306.84079,0.06194
2304.91200,0.05668
2302.98320,0.05189
2301.05440,0.04831
2299.12561,0.04553
2297.19681,0.04277
2295.26801,0.04022
2293.33922,0.03820
2291.41042,0.03669
2289.48162,0.03551
2287.55283,0.03461
2285.62403,0.03388
2283.69523,0.03303
2281.76644,0.03234
2279.83764,0.03279
2277.90884,0.03420
2275.98005,0.03524
2274.05125,0.03551
2272.12245,0.03556
2270.19366,0.03597
2268.26486,0.03689
2266.33606,0.03756
2264.40727,0.03764
2262.47847,0.03787
2260.54967,0.03849
2258.62088,0.03909
2256.69208,0.03930
2254.76328,0.03868
2252.83449,0.03750
2250.90569,0.03700
2248.97689,0.03778
2247.04810,0.03874
2245.11930,0.03891
2243.19050,0.03902
2241.26171,0.03985
2239.33291,0.04069
2237.40411,0.04067
2235.47532,0.04040
2233.54652,0.04080
2231.61772,0.04104
2229.68893,0.04071
2227.76013,0.04145
2225.83133,0.04313
2223.90254,0.04377
2221.97374,0.04354
2220.04494,0.04395
2218.11615,0.04475
2216.18735,0.04481
2214.25855,0.04493
2212.32976,0.04587
2210.40096,0.04605
2208.47216,0.04529
2206.54337,0.04530
2204.61457,0.04578
2202.68577,0.04605
2200.75698,0.04735
2198.82818,0.04949
2196.89938,0.05058
2194.97059,0.05074
2193.04179,0.05131
2191.11299,0.05232
2189.18420,0.05321
2187.25540,0.05337
2185.32660,0.05277
2183.39781,0.05306
2181.46901,0.05540
2179.54021,0.05753
2177.61142,0.05713
2175.68262,0.05601
2173.75382,0.05590
2171.82503,0.05662
2169.89623,0.05921
2167.96743,0.06278
2166.03864,0.06440
2164.10984,0.06363
2162.18104,0.06315
2160.25225,0.06564
2158.32345,0.06801
2156.39465,0.06568
2154.46586,0.06015
2152.53706,0.05424
2150.60826,0.05027
2148.67947,0.04929
2146.75067,0.04880
2144.82187,0.04601
2142.89308,0.04297
2140.96428,0.04212
2139.03548,0.04127
2137.10669,0.03848
2135.17789,0.03540
2133.24909,0.03336
2131.32030,0.03150
2129.39150,0.02959
2127.46270,0.02846
2125.53391,0.02820
2123.60511,0.02789
2121.67631,0.02710
2119.74752,0.02644
2117.81872,0.02660
2115.88992,0.02712
2113.96113,0.02691
2112.03233,0.02639
2110.10353,0.02650
2108.17474,0.02680
2106.24594,0.02713
2104.31714,0.02770
2102.38835,0.02788
2100.45955,0.02730
2098.53075,0.02652
2096.60196,0.02606
2094.67316,0.02606
2092.74436,0.02655
2090.81557,0.02702
2088.88677,0.02679
2086.95797,0.02630
2085.02918,0.02655
2083.10038,0.02736
2081.17158,0.02792
2079.24279,0.02799
2077.31399,0.02793
2075.38519,0.02802
2073.45640,0.02824
2071.52760,0.02861
2069.59880,0.02960
2067.67001,0.03150
2065.74121,0.03278
2063.81241,0.03190
2061.88362,0.03027
2059.95482,0.02973
2058.02602,0.03036
2056.09723,0.03159
2054.16843,0.03283
2052.23963,0.03374
2050.31084,0.03474
2048.38204,0.03596
2046.45324,0.03719
2044.52445,0.03861
2042.59565,0.03972
2040.66685,0.03972
2038.73806,0.04020
2036.80926,0.04234
2034.88046,0.04384
2032.95167,0.04410
2031.02287,0.04414
2029.09407,0.04257
2027.16528,0.04029
2025.23648,0.04055
2023.30768,0.04220
2021.37889,0.04291
2019.45009,0.04472
2017.52129,0.04691
2015.59250,0.04506
2013.66370,0.04031
2011.73490,0.03732
2009.80611,0.03718
2007.87731,0.03769
2005.94851,0.03736
2004.01972,0.03613
2002.09092,0.03420
2000.16212,0.03272
1998.23333,0.03278
1996.30453,0.03446
1994.37574,0.03739
1992.44694,0.03956
1990.51814,0.03886
1988.58935,0.03672
1986.66055,0.03504
1984.73175,0.03459
1982.80296,0.03560
1980.87416,0.03678
1978.94536,0.03736
1977.01657,0.03696
1975.08777,0.03551
1973.15897,0.03407
1971.23018,0.03392
1969.30138,0.03566
1967.37258,0.03672
1965.44379,0.03467
1963.51499,0.03151
1961.58619,0.02954
1959.65740,0.02826
1957.72860,0.02676
1955.79980,0.02529
1953.87101,0.02447
1951.94221,0.02388
1950.01341,0.02315
1948.08462,0.02416
1946.15582,0.02834
1944.22702,0.03330
1942.29823,0.03307
1940.36943,0.02704
1938.44063,0.02205
1936.51184,0.02080
1934.58304,0.02125
1932.65424,0.02140
1930.72545,0.02103
1928.79665,0.02098
1926.86785,0.02248
1924.93906,0.02636
1923.01026,0.02923
1921.08146,0.02913
1919.15267,0.02891
1917.22387,0.02706
1915.29507,0.02266
1913.36628,0.02066
1911.43748,0.02256
1909.50868,0.02452
1907.57989,0.02350
1905.65109,0.02107
1903.72229,0.01976
1901.79350,0.01934
1899.86470,0.01940
1897.93590,0.02097
1896.00711,0.02310
1894.07831,0.02356
1892.14951,0.02467
1890.22072,0.02715
1888.29192,0.02591
1886.36312,0.02197
1884.43433,0.01963
1882.50553,0.01862
1880.57673,0.01827
1878.64794,0.01812
1876.71914,0.01784
1874.79034,0.01832
1872.86155,0.02249
1870.93275,0.03251
1869.00395,0.04073
1867.07516,0.03625
1865.14636,0.02593
1863.21756,0.02032
1861.28877,0.01923
1859.35997,0.01906
1857.43117,0.01841
1855.50238,0.01762
1853.57358,0.01745
1851.64478,0.01892
1849.71599,0.02319
1847.78719,0.03033
1845.85839,0.03849
1843.92960,0.03971
1842.00080,0.03097
1840.07200,0.02366
1838.14321,0.02216
1836.21441,0.02205
1834.28561,0.02284
1832.35682,0.02923
1830.42802,0.03768
1828.49922,0.03859
1826.57043,0.03538
1824.64163,0.03150
1822.71283,0.02492
1820.78404,0.02003
1818.85524,0.01932
1816.92644,0.01952
1814.99765,0.02047
1813.06885,0.02470
1811.14005,0.02878
1809.21126,0.02748
1807.28246,0.02362
1805.35366,0.02345
1803.42487,0.02920
1801.49607,0.03578
1799.56727,0.03617
1797.63848,0.03367
1795.70968,0.03614
1793.78088,0.04409
1791.85209,0.04606
1789.92329,0.03547
1787.99449,0.02626
1786.06570,0.02536
1784.13690,0.02780
1782.20810,0.03041
1780.27931,0.03132
1778.35051,0.03001
1776.42171,0.03292
1774.49292,0.04401
1772.56412,0.05446
1770.63532,0.05137
1768.70653,0.04020
1766.77773,0.03034
1764.84893,0.02768
1762.92014,0.03250
1760.99134,0.03547
1759.06254,0.03438
1757.13375,0.03328
1755.20495,0.03217
1753.27615,0.03764
1751.34736,0.05220
1749.41856,0.06109
1747.48976,0.05617
1745.56097,0.04876
1743.63217,0.04550
1741.70337,0.04495
1739.77458,0.04356
1737.84578,0.04338
1735.91698,0.05247
1733.98819,0.06360
1732.05939,0.05668
1730.13059,0.04158
1728.20180,0.02921
1726.27300,0.02350
1724.34420,0.02466
1722.41541,0.02949
1720.48661,0.04242
1718.55781,0.06549
1716.62902,0.07665
1714.70022,0.06250
1712.77142,0.04532
1710.84263,0.03832
1708.91383,0.04318
1706.98503,0.05587
1705.05624,0.06651
1703.12744,0.07522
1701.19864,0.09166
1699.26985,0.10649
1697.34105,0.10727
1695.41225,0.09800
1693.48346,0.08772
1691.55466,0.09042
1689.62586,0.10592
1687.69707,0.12713
1685.76827,0.15771
1683.83947,0.18662
1681.91068,0.18684
1679.98188,0.18108
1678.05308,0.18701
1676.12429,0.20406
1674.19549,0.22258
1672.26669,0.23849
1670.33790,0.25470
1668.40910,0.25813
1666.48030,0.25203
1664.55151,0.25525
1662.62271,0.26296
1660.69391,0.26153
1658.76512,0.25959
1656.83632,0.27102
1654.90752,0.29909
1652.97873,0.31686
1651.04993,0.30308
1649.12113,0.30160
1647.19234,0.31043
1645.26354,0.30233
1643.33474,0.29016
1641.40595,0.29333
1639.47715,0.31264
1637.54835,0.34524
1635.61956,0.37368
1633.69076,0.37620
1631.76197,0.37660
1629.83317,0.39084
1627.90437,0.41102
1625.97558,0.42774
1624.04678,0.43963
1622.11798,0.44140
1620.18919,0.43940
1618.26039,0.44434
1616.33159,0.44421
1614.40280,0.43151
1612.47400,0.42364
1610.54520,0.42578
1608.61641,0.43158
1606.68761,0.43682
1604.75881,0.44386
1602.83002,0.45328
1600.90122,0.46211
1598.97242,0.47015
1597.04363,0.47837
1595.11483,0.48386
1593.18603,0.48317
1591.25724,0.47720
1589.32844,0.46705
1587.39964,0.45298
1585.47085,0.43627
1583.54205,0.41775
1581.61325,0.39955
1579.68446,0.38769
1577.75566,0.38057
1575.82686,0.35905
1573.89807,0.32860
1571.96927,0.31194
1570.04047,0.30035
1568.11168,0.27954
1566.18288,0.25837
1564.25408,0.24561
1562.32529,0.24788
1560.39649,0.26978
1558.46769,0.27356
1556.53890,0.23688
1554.61010,0.20658
1552.68130,0.18897
1550.75251,0.17858
1548.82371,0.17023
1546.89491,0.16971
1544.96612,0.18339
1543.03732,0.20417
1541.10852,0.21536
1539.17973,0.19147
1537.25093,0.16042
1535.32213,0.15125
1533.39334,0.14928
1531.46454,0.13910
1529.53574,0.13418
1527.60695,0.14088
1525.67815,0.14957
1523.74935,0.15855
1521.82056,0.16535
1519.89176,0.16093
1517.96296,0.15302
1516.03417,0.14203
1514.10537,0.12941
1512.17657,0.12935
1510.24778,0.14854
1508.31898,0.17748
1506.39018,0.17221
1504.46139,0.13430
1502.53259,0.11571
1500.60379,0.11819
1498.67500,0.12949
1496.74620,0.13352
1494.81740,0.12829
1492.88861,0.13280
1490.95981,0.15361
1489.03101,0.17022
1487.10222,0.16587
1485.17342,0.15861
1483.24462,0.16205
1481.31583,0.17376
1479.38703,0.18915
1477.45823,0.21088
1475.52944,0.23996
1473.60064,0.26579
1471.67184,0.27052
1469.74305,0.26192
1467.81425,0.26294
1465.88545,0.27433
1463.95666,0.28017
1462.02786,0.28175
1460.09906,0.29523
1458.17027,0.31526
1456.24147,0.30484
1454.31267,0.27213
1452.38388,0.24830
1450.45508,0.23455
1448.52628,0.22324
1446.59749,0.20620
1444.66869,0.18695
1442.73989,0.17200
1440.81110,0.16378
1438.88230,0.16382
1436.95350,0.16333
1435.02471,0.15004
1433.09591,0.13580
1431.16711,0.12840
1429.23832,0.12057
1427.30952,0.11227
1425.38072,0.10942
1423.45193,0.10947
1421.52313,0.11219
1419.59433,0.11799
1417.66554,0.11203
1415.73674,0.09497
1413.80794,0.08314
1411.87915,0.07852
1409.95035,0.07588
1408.02155,0.07535
1406.09276,0.07762
1404.16396,0.07688
1402.23516,0.07498
1400.30637,0.07959
1398.37757,0.08705
1396.44877,0.08928
1394.51998,0.08280
1392.59118,0.07119
1390.66238,0.06595
1388.73359,0.06934
1386.80479,0.06993
1384.87599,0.06277
1382.94720,0.05703
1381.01840,0.05662
1379.08960,0.05889
1377.16081,0.06357
1375.23201,0.06903
1373.30321,0.06773
1371.37442,0.06115
1369.44562,0.05731
1367.51682,0.05636
1365.58803,0.05959
1363.65923,0.06696
1361.73043,0.06759
1359.80164,0.05944
1357.87284,0.05327
1355.94404,0.05173
1354.01525,0.05093
1352.08645,0.04976
1350.15765,0.04919
1348.22886,0.04863
1346.30006,0.04781
1344.37126,0.04879
1342.44247,0.05496
1340.51367,0.06423
1338.58487,0.06619
1336.65608,0.05860
1334.72728,0.05077
1332.79848,0.04731
1330.86969,0.04661
1328.94089,0.04644
1327.01209,0.04617
1325.08330,0.04618
1323.15450,0.04719
1321.22570,0.04979
1319.29691,0.05237
1317.36811,0.05250
1315.43931,0.05134
1313.51052,0.05027
1311.58172,0.04841
1309.65292,0.04645
1307.72413,0.04548
1305.79533,0.04487
1303.86653,0.04433
1301.93774,0.04409
1300.00894,0.04417
1298.08014,0.04443
1296.15135,0.04443
1294.22255,0.04416
1292.29375,0.04434
1290.36496,0.04520
1288.43616,0.04581
1286.50736,0.04529
1284.57857,0.04428
1282.64977,0.04386
1280.72097,0.04393
1278.79218,0.04390
1276.86338,0.04383
1274.93458,0.04429
1273.00579,0.04542
1271.07699,0.04627
1269.14820,0.04614
1267.21940,0.04549
1265.29060,0.04495
1263.36181,0.04489
1261.43301,0.04528
1259.50421,0.04527
1257.57542,0.04465
1255.64662,0.04420
1253.71782,0.04414
1251.78903,0.04420
1249.86023,0.04427
1247.93143,0.04439
1246.00264,0.04463
1244.07384,0.04485
1242.14504,0.04485
1240.21625,0.04477
1238.28745,0.04479
1236.35865,0.04489
1234.42986,0.04503
1232.50106,0.04520
1230.57226,0.04542
1228.64347,0.04578
1226.71467,0.04628
1224.78587,0.04666
1222.85708,0.04686
1220.92828,0.04714
1218.99948,0.04758
1217.07069,0.04805
1215.14189,0.04863
1213.21309,0.04935
1211.28430,0.04993
1209.35550,0.05034
1207.42670,0.05086
1205.49791,0.05155
1203.56911,0.05233
1201.64031,0.05323
1199.71152,0.05431
1197.78272,0.05551
1195.85392,0.05678
1193.92513,0.05822
1191.99633,0.05993
1190.06753,0.06198
1188.13874,0.06436
1186.20994,0.06688
1184.28114,0.06949
1182.35235,0.07245
1180.42355,0.07598
1178.49475,0.08004
1176.56596,0.08454
1174.63716,0.08924
1172.70836,0.09394
1170.77957,0.09871
1168.85077,0.10364
1166.92197,0.10850
1164.99318,0.11296
1163.06438,0.11679
1161.13558,0.11980
1159.20679,0.12174
1157.27799,0.12245
1155.34919,0.12190
1153.42040,0.12017
1151.49160,0.11737
1149.56280,0.11364
1147.63401,0.10917
1145.70521,0.10431
1143.77641,0.09938
1141.84762,0.09454
1139.91882,0.08994
1137.99002,0.08570
1136.06123,0.08178
1134.13243,0.07812
1132.20363,0.07479
1130.27484,0.07188
1128.34604,0.06934
1126.41724,0.06714
1124.48845,0.06522
1122.55965,0.06354
1120.63085,0.06202
1118.70206,0.06065
1116.77326,0.05946
1114.84446,0.05842
1112.91567,0.05751
1110.98687,0.05673
1109.05807,0.05602
1107.12928,0.05537
1105.20048,0.05479
1103.27168,0.05433
1101.34289,0.05398
1099.41409,0.05369
1097.48529,0.05350
1095.55650,0.05343
1093.62770,0.05351
1091.69890,0.05368
1089.77011,0.05392
1087.84131,0.05426
1085.91251,0.05469
1083.98372,0.05515
1082.05492,0.05566
1080.12612,0.05622
1078.19733,0.05682
1076.26853,0.05745
1074.33973,0.05805
1072.41094,0.05860
1070.48214,0.05906
1068.55334,0.05942
1066.62455,0.05964
1064.69575,0.05969
1062.76695,0.05954
1060.83816,0.05925
1058.90936,0.05884
1056.98056,0.05834
1055.05177,0.05778
1053.12297,0.05713
1051.19417,0.05643
1049.26538,0.05572
1047.33658,0.05503
1045.40778,0.05439
1043.47899,0.05380
1041.55019,0.05325
1039.62139,0.05273
1037.69260,0.05226
1035.76380,0.05182
1033.83500,0.05138
1031.90621,0.05091
1029.97741,0.05044
1028.04861,0.05000
1026.11982,0.04959
1024.19102,0.04921
1022.26222,0.04889
1020.33343,0.04864
1018.40463,0.04845
1016.47583,0.04829
1014.54704,0.04815
1012.61824,0.04800
1010.68944,0.04778
1008.76065,0.04741
1006.83185,0.04686
1004.90305,0.04618
1002.97426,0.04548
1001.04546,0.04483
999.11666,0.04428
997.18787,0.04384
995.25907,0.04350
993.33027,0.04321
991.40148,0.04295
989.47268,0.04272
987.54388,0.04248
985.61509,0.04222
983.68629,0.04195
981.75749,0.04164
979.82870,0.04132
977.89990,0.04098
975.97110,0.04061
974.04231,0.04024
972.11351,0.03987
970.18471,0.03947
968.25592,0.03908
966.32712,0.03870
964.39832,0.03829
962.46953,0.03785
960.54073,0.03741
958.61193,0.03699
956.68314,0.03659
954.75434,0.03622
952.82554,0.03588
950.89675,0.03556
948.96795,0.03522
947.03915,0.03484
945.11036,0.03446
943.18156,0.03412
941.25276,0.03380
939.32397,0.03347
937.39517,0.03315
935.46637,0.03285
933.53758,0.03254
931.60878,0.03218
929.67998,0.03180
927.75119,0.03139
925.82239,0.03095
923.89359,0.03051
921.96480,0.03005
920.03600,0.02956
918.10720,0.02905
916.17841,0.02854
914.24961,0.02806
912.32081,0.02760
910.39202,0.02715
908.46322,0.02666
906.53443,0.02618
904.60563,0.02573
902.67683,0.02534
900.74804,0.02498
898.81924,0.02463
896.89044,0.02427
894.96165,0.02391
893.03285,0.02354
891.10405,0.02316
889.17526,0.02279
887.24646,0.02239
885.31766,0.02198
883.38887,0.02156
881.46007,0.02115
879.53127,0.02073
877.60248,0.02034
875.67368,0.01998
873.74488,0.01965
871.81609,0.01933
869.88729,0.01898
867.95849,0.01860
866.02970,0.01823
864.10090,0.01781
862.17210,0.01739
860.24331,0.01707
858.31451,0.01682
856.38571,0.01657
854.45692,0.01638
852.52812,0.01623
850.59932,0.01603
848.67053,0.01583
846.74173,0.01571
844.81293,0.01563
842.88414,0.01559
840.95534,0.01556
839.02654,0.01553
837.09775,0.01547
835.16895,0.01545
833.24015,0.01547
831.31136,0.01546
829.38256,0.01544
827.45376,0.01547
825.52497,0.01550
823.59617,0.01551
821.66737,0.01553
819.73858,0.01559
817.80978,0.01564
815.88098,0.01574
813.95219,0.01590
812.02339,0.01603
810.09459,0.01625
808.16580,0.01665
806.23700,0.01714
804.30820,0.01763
802.37941,0.01818
800.45061,0.01903
798.52181,0.02020
796.59302,0.02129
794.66422,0.02222
792.73542,0.02331
790.80663,0.02458
788.87783,0.02568
786.94903,0.02650
785.02024,0.02694
783.09144,0.02680
781.16264,0.02610
779.23385,0.02504
777.30505,0.02394
775.37625,0.02294
773.44746,0.02193
771.51866,0.02095
769.58986,0.02014
767.66107,0.01956
765.73227,0.01913
763.80347,0.01877
761.87468,0.01844
759.94588,0.01818
758.01708,0.01814
756.08829,0.01829
754.15949,0.01830
752.23069,0.01816
750.30190,0.01812
748.37310,0.01848
