3496.90832,0.04132
3494.97953,0.04770
3493.05073,0.05073
3491.12193,0.04957
3489.19314,0.04763
3487.26434,0.04574
3485.33554,0.04501
3483.40675,0.04633
3481.47795,0.04831
3479.54915,0.04573
3477.62036,0.03816
3475.69156,0.03199
3473.76276,0.03004
3471.83397,0.03201
3469.90517,0.03624
3467.97637,0.03985
3466.04758,0.04479
3464.11878,0.04959
3462.18998,0.04909
3460.26119,0.04625
3458.33239,0.04510
3456.40359,0.04458
3454.47480,0.04543
3452.54600,0.04947
3450.61721,0.05152
3448.68841,0.04774
3446.75961,0.04438
3444.83082,0.04451
3442.90202,0.04215
3440.97322,0.03441
3439.04443,0.02812
3437.11563,0.02875
3435.18683,0.03257
3433.25804,0.03702
3431.32924,0.04015
3429.40044,0.03763
3427.47165,0.03304
3425.54285,0.03447
3423.61405,0.03952
3421.68526,0.03917
3419.75646,0.03166
3417.82766,0.02211
3415.89887,0.01597
3413.97007,0.01653
3412.04127,0.01985
3410.11248,0.01728
3408.18368,0.01173
3406.25488,0.01287
3404.32609,0.01967
3402.39729,0.02455
3400.46849,0.02400
3398.53970,0.02287
3396.61090,0.02597
3394.68210,0.02875
3392.75331,0.03005
3390.82451,0.03335
3388.89571,0.03572
3386.96692,0.03693
3385.03812,0.04366
3383.10932,0.05140
3381.18053,0.05025
3379.25173,0.04512
3377.32293,0.04203
3375.39414,0.03983
3373.46534,0.04050
3371.53654,0.04499
3369.60775,0.04612
3367.67895,0.04041
3365.75015,0.03693
3363.82136,0.04277
3361.89256,0.04901
3359.96376,0.04518
3358.03497,0.03904
3356.10617,0.04170
3354.17737,0.05036
3352.24858,0.06116
3350.31978,0.07298
3348.39098,0.07740
3346.46219,0.06823
3344.53339,0.05684
3342.60459,0.05547
3340.67580,0.05767
3338.74700,0.05627
3336.81820,0.05627
3334.88941,0.06132
3332.96061,0.06662
3331.03181,0.06623
3329.10302,0.05969
3327.17422,0.05180
3325.24542,0.04594
3323.31663,0.04113
3321.38783,0.03907
3319.45903,0.04023
3317.53024,0.03744
3315.60144,0.02953
3313.67264,0.02634
3311.74385,0.02883
3309.81505,0.02788
3307.88625,0.02674
3305.95746,0.02888
3304.02866,0.02416
3302.09986,0.01426
3300.17107,0.01123
3298.24227,0.01243
3296.31347,0.01131
3294.38468,0.01122
3292.45588,0.01548
3290.52708,0.01896
3288.59829,0.01770
3286.66949,0.01681
3284.74069,0.01904
3282.81190,0.01983
3280.88310,0.01763
3278.95430,0.01466
3277.02551,0.01268
3275.09671,0.01269
3273.16791,0.01467
3271.23912,0.01916
3269.31032,0.02305
3267.38152,0.02076
3265.45273,0.01492
3263.52393,0.01438
3261.59513,0.01962
3259.66634,0.02161
3257.73754,0.01820
3255.80874,0.01384
3253.87995,0.00804
3251.95115,0.00399
3250.02235,0.00584
3248.09356,0.01063
3246.16476,0.01562
3244.23596,0.01796
3242.30717,0.01835
3240.37837,0.02517
3238.44957,0.03690
3236.52078,0.04281
3234.59198,0.03965
3232.66318,0.02981
3230.73439,0.01936
3228.80559,0.01627
3226.87679,0.02010
3224.94800,0.02562
3223.01920,0.03174
3221.09040,0.03657
3219.16161,0.03808
3217.23281,0.03818
3215.30401,0.03696
3213.37522,0.03468
3211.44642,0.03631
3209.51762,0.04195
3207.58883,0.04580
3205.66003,0.04391
3203.73123,0.03757
3201.80244,0.03401
3199.87364,0.03436
3197.94484,0.03324
3196.01605,0.03252
3194.08725,0.03586
3192.15845,0.04175
3190.22966,0.04474
3188.30086,0.04020
3186.37206,0.03502
3184.44327,0.03641
3182.51447,0.03824
3180.58567,0.03638
3178.65688,0.03434
3176.72808,0.03441
3174.79928,0.03614
3172.87049,0.03450
3170.94169,0.02826
3169.01289,0.02541
3167.08410,0.02800
3165.15530,0.02937
3163.22650,0.02707
3161.29771,0.02335
3159.36891,0.02155
3157.44011,0.02353
3155.51132,0.02569
3153.58252,0.02397
3151.65372,0.01914
3149.72493,0.01507
3147.79613,0.01447
3145.86733,0.01607
3143.93854,0.01873
3142.00974,0.02250
3140.08094,0.02537
3138.15215,0.02536
3136.22335,0.02274
3134.29455,0.02068
3132.36576,0.02147
3130.43696,0.02232
3128.50816,0.02158
3126.57937,0.02089
3124.65057,0.01969
3122.72177,0.01803
3120.79298,0.01786
3118.86418,0.01850
3116.93538,0.01879
3115.00659,0.01891
3113.07779,0.01868
3111.14899,0.01793
3109.22020,0.01700
3107.29140,0.01709
3105.36260,0.01906
3103.43381,0.02065
3101.50501,0.01934
3099.57621,0.01704
3097.64742,0.01603
3095.71862,0.01531
3093.78982,0.01435
3091.86103,0.01417
3089.93223,0.01454
3088.00344,0.01429
3086.07464,0.01358
3084.14584,0.01429
3082.21705,0.01675
3080.28825,0.01851
3078.35945,0.01816
3076.43066,0.01761
3074.50186,0.01804
3072.57306,0.01807
3070.64427,0.01761
3068.71547,0.01760
3066.78667,0.01750
3064.85788,0.01709
3062.92908,0.01677
3061.00028,0.01638
3059.07149,0.01644
3057.14269,0.01765
3055.21389,0.01856
3053.28510,0.01773
3051.35630,0.01668
3049.42750,0.01702
3047.49871,0.01787
3045.56991,0.01802
3043.64111,0.01737
3041.71232,0.01657
3039.78352,0.01660
3037.85472,0.01766
3035.92593,0.01898
3033.99713,0.01960
3032.06833,0.01879
3030.13954,0.01741
3028.21074,0.01726
3026.28194,0.01810
3024.35315,0.01848
3022.42435,0.01840
3020.49555,0.01834
3018.56676,0.01844
3016.63796,0.01899
3014.70916,0.01970
3012.78037,0.01961
3010.85157,0.01872
3008.92277,0.01870
3006.99398,0.02034
3005.06518,0.02153
3003.13638,0.02064
3001.20759,0.01912
2999.27879,0.01865
2997.34999,0.01896
2995.42120,0.01917
2993.49240,0.01894
2991.56360,0.01886
2989.63481,0.01941
2987.70601,0.01998
2985.77721,0.02003
2983.84842,0.01991
2981.91962,0.01996
2979.99082,0.02009
2978.06203,0.02024
2976.13323,0.02033
2974.20443,0.02007
2972.27564,0.01963
2970.34684,0.01955
2968.41804,0.01962
2966.48925,0.01924
2964.56045,0.01879
2962.63165,0.01906
2960.70286,0.01982
2958.77406,0.02038
2956.84526,0.02083
2954.91647,0.02124
2952.98767,0.02117
2951.05887,0.02086
2949.13008,0.02104
2947.20128,0.02171
2945.27248,0.02192
2943.34369,0.02118
2941.41489,0.02049
2939.48609,0.02062
2937.55730,0.02084
2935.62850,0.02072
2933.69970,0.02065
2931.77091,0.02069
2929.84211,0.02055
2927.91331,0.02021
2925.98452,0.02006
2924.05572,0.02024
2922.12692,0.02072
2920.19813,0.02163
2918.26933,0.02274
2916.34053,0.02338
2914.41174,0.02322
2912.48294,0.02257
2910.55414,0.02185
2908.62535,0.02128
2906.69655,0.02117
2904.76775,0.02154
2902.83896,0.02181
2900.91016,0.02197
2898.98136,0.02219
2897.05257,0.02228
2895.12377,0.02243
2893.19497,0.02286
2891.26618,0.02319
2889.33738,0.02309
2887.40858,0.02278
2885.47979,0.02256
2883.55099,0.02254
2881.62219,0.02270
2879.69340,0.02285
2877.76460,0.02307
2875.83580,0.02339
2873.90701,0.02346
2871.97821,0.02338
2870.04941,0.02353
2868.12062,0.02362
2866.19182,0.02367
2864.26302,0.02411
2862.33423,0.02461
2860.40543,0.02468
2858.47663,0.02472
2856.54784,0.02505
2854.61904,0.02542
2852.69024,0.02576
2850.76145,0.02616
2848.83265,0.02636
2846.90385,0.02636
2844.97506,0.02652
2843.04626,0.02689
2841.11746,0.02707
2839.18867,0.02702
2837.25987,0.02707
2835.33107,0.02718
2833.40228,0.02711
2831.47348,0.02702
2829.54468,0.02717
2827.61589,0.02727
2825.68709,0.02715
2823.75829,0.02731
2821.82950,0.02780
2819.90070,0.02798
2817.97190,0.02793
2816.04311,0.02803
2814.11431,0.02816
2812.18551,0.02814
2810.25672,0.02800
2808.32792,0.02778
2806.39912,0.02756
2804.47033,0.02755
2802.54153,0.02768
2800.61273,0.02775
2798.68394,0.02770
2796.75514,0.02756
2794.82634,0.02754
2792.89755,0.02769
2790.96875,0.02767
2789.03995,0.02734
2787.11116,0.02686
2785.18236,0.02637
2783.25356,0.02599
2781.32477,0.02584
2779.39597,0.02587
2777.46717,0.02584
2775.53838,0.02570
2773.60958,0.02559
2771.68078,0.02572
2769.75199,0.02600
2767.82319,0.02591
2765.89439,0.02551
2763.96560,0.02537
2762.03680,0.02551
2760.10800,0.02557
2758.17921,0.02535
2756.25041,0.02501
2754.32161,0.02488
2752.39282,0.02507
2750.46402,0.02528
2748.53522,0.02543
2746.60643,0.02566
2744.67763,0.02578
2742.74883,0.02562
2740.82004,0.02531
2738.89124,0.02507
2736.96244,0.02510
2735.03365,0.02534
2733.10485,0.02537
2731.17605,0.02512
2729.24726,0.02490
2727.31846,0.02479
2725.38967,0.02481
2723.46087,0.02498
2721.53207,0.02517
2719.60328,0.02528
2717.67448,0.02543
2715.74568,0.02570
2713.81689,0.02585
2711.88809,0.02580
2709.95929,0.02578
2708.03050,0.02572
2706.10170,0.02555
2704.17290,0.02543
2702.24411,0.02542
2700.31531,0.02551
2698.38651,0.02556
2696.45772,0.02559
2694.52892,0.02575
2692.60012,0.02596
2690.67133,0.02598
2688.74253,0.02572
2686.81373,0.02538
2684.88494,0.02524
2682.95614,0.02525
2681.02734,0.02521
2679.09855,0.02511
2677.16975,0.02503
2675.24095,0.02503
2673.31216,0.02515
2671.38336,0.02533
2669.45456,0.02537
2667.52577,0.02530
2665.59697,0.02528
2663.66817,0.02533
2661.73938,0.02540
2659.81058,0.02551
2657.88178,0.02570
2655.95299,0.02580
2654.02419,0.02563
2652.09539,0.02534
2650.16660,0.02523
2648.23780,0.02533
2646.30900,0.02546
2644.38021,0.02554
2642.45141,0.02549
2640.52261,0.02541
2638.59382,0.02567
2636.66502,0.02620
2634.73622,0.02651
2632.80743,0.02649
2630.87863,0.02643
2628.94983,0.02653
2627.02104,0.02674
2625.09224,0.02682
2623.16344,0.02684
2621.23465,0.02706
2619.30585,0.02736
2617.37705,0.02768
2615.44826,0.02815
2613.51946,0.02838
2611.59066,0.02830
2609.66187,0.02840
2607.73307,0.02865
2605.80427,0.02885
2603.87548,0.02904
2601.94668,0.02904
2600.01788,0.02880
2598.08909,0.02888
2596.16029,0.02940
2594.23149,0.02947
2592.30270,0.02880
2590.37390,0.02821
2588.44510,0.02818
2586.51631,0.02848
2584.58751,0.02888
2582.65871,0.02916
2580.72992,0.02899
2578.80112,0.02850
2576.87232,0.02820
2574.94353,0.02818
2573.01473,0.02832
2571.08593,0.02851
2569.15714,0.02864
2567.22834,0.02867
2565.29954,0.02872
2563.37075,0.02901
2561.44195,0.02925
2559.51315,0.02898
2557.58436,0.02867
2555.65556,0.02883
2553.72676,0.02915
2551.79797,0.02916
2549.86917,0.02902
2547.94037,0.02912
2546.01158,0.02933
2544.08278,0.02927
2542.15398,0.02895
2540.22519,0.02882
2538.29639,0.02908
2536.36759,0.02927
2534.43880,0.02912
2532.51000,0.02901
2530.58120,0.02924
2528.65241,0.02950
2526.72361,0.02938
2524.79481,0.02903
2522.86602,0.02885
2520.93722,0.02883
2519.00842,0.02872
2517.07963,0.02873
2515.15083,0.02906
2513.22203,0.02921
2511.29324,0.02881
2509.36444,0.02819
2507.43564,0.02789
2505.50685,0.02803
2503.57805,0.02842
2501.64925,0.02882
2499.72046,0.02886
2497.79166,0.02852
2495.86286,0.02807
2493.93407,0.02758
2492.00527,0.02726
2490.07647,0.02736
2488.14768,0.02778
2486.21888,0.02820
2484.29008,0.02831
2482.36129,0.02815
2480.43249,0.02806
2478.50369,0.02810
2476.57490,0.02823
2474.64610,0.02828
2472.71730,0.02800
2470.78851,0.02766
2468.85971,0.02766
2466.93091,0.02775
2465.00212,0.02770
2463.07332,0.02771
2461.14452,0.02772
2459.21573,0.02774
2457.28693,0.02798
2455.35813,0.02810
2453.42934,0.02778
2451.50054,0.02742
2449.57174,0.02719
2447.64295,0.02706
2445.71415,0.02723
2443.78535,0.02753
2441.85656,0.02741
2439.92776,0.02690
2437.99896,0.02650
2436.07017,0.02635
2434.14137,0.02622
2432.21257,0.02618
2430.28378,0.02636
2428.35498,0.02649
2426.42618,0.02638
2424.49739,0.02612
2422.56859,0.02589
2420.63979,0.02581
2418.71100,0.02564
2416.78220,0.02527
2414.85340,0.02491
2412.92461,0.02479
2410.99581,0.02485
2409.06701,0.02481
2407.13822,0.02458
2405.20942,0.02420
2403.28062,0.02388
2401.35183,0.02359
2399.42303,0.02315
2397.49423,0.02278
2395.56544,0.02277
2393.63664,0.02297
2391.70784,0.02310
2389.77905,0.02360
2387.85025,0.02527
2385.92145,0.02873
2383.99266,0.03455
2382.06386,0.04290
2380.13506,0.05328
2378.20627,0.06485
2376.27747,0.07688
2374.34867,0.08899
2372.41988,0.10091
2370.49108,0.11252
2368.56228,0.12363
2366.63349,0.13368
2364.70469,0.14177
2362.77589,0.14709
2360.84710,0.14927
2358.91830,0.14768
2356.98951,0.14144
2355.06071,0.13037
2353.13191,0.11530
2351.20312,0.10001
2349.27432,0.09200
2347.34552,0.09574
2345.41673,0.10672
2343.48793,0.11408
2341.55913,0.11481
2339.63034,0.11292
2337.70154,0.11028
2335.77274,0.10793
2333.84395,0.10705
2331.91515,0.10706
2329.98635,0.10554
2328.05756,0.10217
2326.12876,0.09913
2324.19996,0.09725
2322.27117,0.09453
2320.34237,0.08881
2318.41357,0.08129
2316.48478,0.07519
2314.55598,0.07169
2312.62718,0.06885
2310.69839,0.06488
2308.76959,0.06001
2306.84079,0.05503
2304.91200,0.05027
2302.98320,0.04619
2301.05440,0.04316
2299.12561,0.04067
2297.19681,0.03822
2295.26801,0.03601
2293.33922,0.03415
2291.41042,0.03247
2289.48162,0.03103
2287.55283,0.03000
2285.62403,0.02932
2283.69523,0.02889
2281.76644,0.02881
2279.83764,0.02953
2277.90884,0.03085
2275.98005,0.03189
2274.05125,0.03237
2272.12245,0.03271
2270.19366,0.03341
2268.26486,0.03429
2266.33606,0.03463
2264.40727,0.03453
2262.47847,0.03468
2260.54967,0.03546
2258.62088,0.03647
2256.69208,0.03658
2254.76328,0.03549
2252.83449,0.03435
2250.90569,0.03404
2248.97689,0.03426
2247.04810,0.03444
2245.11930,0.03441
2243.19050,0.03437
2241.26171,0.03500
2239.33291,0.03624
2237.40411,0.03693
2235.47532,0.03675
2233.54652,0.03663
2231.61772,0.03702
2229.68893,0.03790
2227.76013,0.03954
2225.83133,0.04161
2223.90254,0.04302
2221.97374,0.04321
2220.04494,0.04294
2218.11615,0.04325
2216.18735,0.04380
2214.25855,0.04385
2212.32976,0.04362
2210.40096,0.04337
2208.47216,0.04298
2206.54337,0.04298
2204.61457,0.04356
2202.68577,0.04428
2200.75698,0.04538
2198.82818,0.04673
2196.89938,0.04783
2194.97059,0.04862
2193.04179,0.04944
2191.11299,0.05081
2189.18420,0.05215
2187.25540,0.05252
2185.32660,0.05185
2183.39781,0.05094
2181.46901,0.05148
2179.54021,0.05359
2177.61142,0.05599
2175.68262,0.05822
2173.75382,0.05907
2171.82503,0.05806
2169.89623,0.05757
2167.96743,0.05894
2166.03864,0.06135
2164.10984,0.06446
2162.18104,0.06793
2160.25225,0.07029
2158.32345,0.06919
2156.39465,0.06510
2154.46586,0.06111
2152.53706,0.05692
2150.60826,0.05110
2148.67947,0.04603
2146.75067,0.04411
2144.82187,0.04340
2142.89308,0.04233
2140.96428,0.04145
2139.03548,0.03989
2137.10669,0.03664
2135.17789,0.03290
2133.24909,0.02992
2131.32030,0.02761
2129.39150,0.02616
2127.46270,0.02581
2125.53391,0.02558
2123.60511,0.02470
2121.67631,0.02378
2119.74752,0.02353
2117.81872,0.02381
2115.88992,0.02408
2113.96113,0.02392
2112.03233,0.02338
2110.10353,0.02289
2108.17474,0.02279
2106.24594,0.02297
2104.31714,0.02312
2102.38835,0.02309
2100.45955,0.02308
2098.53075,0.02323
2096.60196,0.02333
2094.67316,0.02345
2092.74436,0.02372
2090.81557,0.02376
2088.88677,0.02339
2086.95797,0.02329
2085.02918,0.02383
2083.10038,0.02467
2081.17158,0.02566
2079.24279,0.02632
2077.31399,0.02594
2075.38519,0.02500
2073.45640,0.02473
2071.52760,0.02521
2069.59880,0.02595
2067.67001,0.02750
2065.74121,0.02926
2063.81241,0.02923
2061.88362,0.02771
2059.95482,0.02667
2058.02602,0.02701
2056.09723,0.02787
2054.16843,0.02802
2052.23963,0.02866
2050.31084,0.03120
2048.38204,0.03385
2046.45324,0.03483
2044.52445,0.03565
2042.59565,0.03737
2040.66685,0.03874
2038.73806,0.03955
2036.80926,0.04095
2034.88046,0.04281
2032.95167,0.04382
2031.02287,0.04295
2029.09407,0.04125
2027.16528,0.04052
2025.23648,0.04069
2023.30768,0.04081
2021.37889,0.04015
2019.45009,0.03977
2017.52129,0.04007
2015.59250,0.03907
2013.66370,0.03693
2011.73490,0.03587
2009.80611,0.03652
2007.87731,0.03715
2005.94851,0.03643
2004.01972,0.03482
2002.09092,0.03269
2000.16212,0.03047
1998.23333,0.02883
1996.30453,0.02902
1994.37574,0.03229
1992.44694,0.03554
1990.51814,0.03438
1988.58935,0.03119
1986.66055,0.02965
1984.73175,0.02992
1982.80296,0.03185
1980.87416,0.03407
1978.94536,0.03414
1977.01657,0.03229
1975.08777,0.03109
1973.15897,0.03098
1971.23018,0.03159
1969.30138,0.03361
1967.37258,0.03526
1965.44379,0.03407
1963.51499,0.03124
1961.58619,0.02847
1959.65740,0.02546
1957.72860,0.02263
1955.79980,0.02112
1953.87101,0.02098
1951.94221,0.02104
1950.01341,0.02048
1948.08462,0.02072
1946.15582,0.02380
1944.22702,0.02850
1942.29823,0.02925
1940.36943,0.02466
1938.44063,0.02035
1936.51184,0.01869
1934.58304,0.01807
1932.65424,0.01743
1930.72545,0.01695
1928.79665,0.01693
1926.86785,0.01822
1924.93906,0.02161
1923.01026,0.02417
1921.08146,0.02433
1919.15267,0.02437
1917.22387,0.02258
1915.29507,0.01826
1913.36628,0.01628
1911.43748,0.01812
1909.50868,0.02007
1907.57989,0.01927
1905.65109,0.01705
1903.72229,0.01564
1901.79350,0.01526
1899.86470,0.01555
1897.93590,0.01712
1896.00711,0.01911
1894.07831,0.01951
1892.14951,0.02028
1890.22072,0.02224
1888.29192,0.02108
1886.36312,0.01772
1884.43433,0.01581
1882.50553,0.01496
1880.57673,0.01451
1878.64794,0.01425
1876.71914,0.01403
1874.79034,0.01449
1872.86155,0.01808
1870.93275,0.02665
1869.00395,0.03372
1867.07516,0.03000
1865.14636,0.02114
1863.21756,0.01623
1861.28877,0.01529
1859.35997,0.01513
1857.43117,0.01446
1855.50238,0.01375
1853.57358,0.01376
1851.64478,0.01507
1849.71599,0.01863
1847.78719,0.02474
1845.85839,0.03190
1843.92960,0.03297
1842.00080,0.02531
1840.07200,0.01902
1838.14321,0.01789
1836.21441,0.01781
1834.28561,0.01841
1832.35682,0.02397
1830.42802,0.03139
1828.49922,0.03219
1826.57043,0.02940
1824.64163,0.02599
1822.71283,0.02016
1820.78404,0.01582
1818.85524,0.01516
1816.92644,0.01534
1814.99765,0.01618
1813.06885,0.01981
1811.14005,0.02329
1809.21126,0.02217
1807.28246,0.01887
1805.35366,0.01873
1803.42487,0.02374
1801.49607,0.02949
1799.56727,0.02983
1797.63848,0.02759
1795.70968,0.02977
1793.78088,0.03680
1791.85209,0.03853
1789.92329,0.02929
1787.99449,0.02129
1786.06570,0.02055
1784.13690,0.02270
1782.20810,0.02492
1780.27931,0.02564
1778.35051,0.02450
1776.42171,0.02706
1774.49292,0.03675
1772.56412,0.04585
1770.63532,0.04314
1768.70653,0.03340
1766.77773,0.02474
1764.84893,0.02231
1762.92014,0.02645
1760.99134,0.02906
1759.06254,0.02821
1757.13375,0.02732
1755.20495,0.02635
1753.27615,0.03113
1751.34736,0.04379
1749.41856,0.05146
1747.48976,0.04716
1745.56097,0.04075
1743.63217,0.03799
1741.70337,0.03756
1739.77458,0.03629
1737.84578,0.03607
1735.91698,0.04401
1733.98819,0.05368
1732.05939,0.04756
1730.13059,0.03439
1728.20180,0.02365
1726.27300,0.01873
1724.34420,0.01984
1722.41541,0.02419
1720.48661,0.03569
1718.55781,0.05600
1716.62902,0.06569
1714.70022,0.05343
1712.77142,0.03868
1710.84263,0.03293
1708.91383,0.03757
1706.98503,0.04915
1705.05624,0.05910
1703.12744,0.06751
1701.19864,0.08298
1699.26985,0.09715
1697.34105,0.09906
1695.41225,0.09265
1693.48346,0.08542
1691.55466,0.08946
1689.62586,0.10503
1687.69707,0.12569
1685.76827,0.15482
1683.83947,0.18331
1681.91068,0.18643
1679.98188,0.18365
1678.05308,0.19113
1676.12429,0.20857
1674.19549,0.22724
1672.26669,0.24308
1670.33790,0.25909
1668.40910,0.26419
1666.48030,0.26044
1664.55151,0.26430
1662.62271,0.27184
1660.69391,0.27120
1658.76512,0.26987
1656.83632,0.28015
1654.90752,0.30500
1652.97873,0.32067
1651.04993,0.30856
1649.12113,0.30739
1647.19234,0.31570
1645.26354,0.30967
1643.33474,0.30033
1641.40595,0.30480
1639.47715,0.32364
1637.54835,0.35447
1635.61956,0.38289
1633.69076,0.38898
1631.76197,0.39225
1629.83317,0.40767
1627.90437,0.42870
1625.97558,0.44646
1624.04678,0.45934
1622.11798,0.46257
1620.18919,0.46169
1618.26039,0.46663
1616.33159,0.46692
1614.40280,0.45580
1612.47400,0.44896
1610.54520,0.45118
1608.61641,0.45699
1606.68761,0.46279
1604.75881,0.47051
1602.83002,0.48057
1600.90122,0.49034
1598.97242,0.49938
1597.04363,0.50821
1595.11483,0.51433
1593.18603,0.51456
1591.25724,0.50940
1589.32844,0.49968
1587.39964,0.48591
1585.47085,0.46932
1583.54205,0.45036
1581.61325,0.43105
1579.68446,0.41714
1577.75566,0.40687
1575.82686,0.38299
1573.89807,0.35200
1571.96927,0.33399
1570.04047,0.31985
1568.11168,0.29748
1566.18288,0.27550
1564.25408,0.26131
1562.32529,0.26091
1560.39649,0.27756
1558.46769,0.27689
1556.53890,0.24186
1554.61010,0.21337
1552.68130,0.19612
1550.75251,0.18522
1548.82371,0.17619
1546.89491,0.17431
1544.96612,0.18487
1543.03732,0.20150
1541.10852,0.20983
1539.17973,0.18790
1537.25093,0.16008
1535.32213,0.15145
1533.39334,0.14894
1531.46454,0.13926
1529.53574,0.13439
1527.60695,0.13970
1525.67815,0.14674
1523.74935,0.15414
1521.82056,0.15961
1519.89176,0.15535
1517.96296,0.14812
1516.03417,0.13825
1514.10537,0.12705
1512.17657,0.12685
1510.24778,0.14351
1508.31898,0.16867
1506.39018,0.16425
1504.46139,0.13132
1502.53259,0.11517
1500.60379,0.11765
1498.67500,0.12803
1496.74620,0.13225
1494.81740,0.12849
1492.88861,0.13326
1490.95981,0.15248
1489.03101,0.16846
1487.10222,0.16650
1485.17342,0.16205
1483.24462,0.16706
1481.31583,0.17955
1479.38703,0.19545
1477.45823,0.21700
1475.52944,0.24505
1473.60064,0.27051
1471.67184,0.27788
1469.74305,0.27298
1467.81425,0.27586
1465.88545,0.28779
1463.95666,0.29465
1462.02786,0.29708
1460.09906,0.30934
1458.17027,0.32679
1456.24147,0.31698
1454.31267,0.28717
1452.38388,0.26474
1450.45508,0.25070
1448.52628,0.23831
1446.59749,0.22061
1444.66869,0.20107
1442.73989,0.18537
1440.81110,0.17569
1438.88230,0.17343
1436.95350,0.17039
1435.02471,0.15619
1433.09591,0.14183
1431.16711,0.13373
1429.23832,0.12532
1427.30952,0.11673
1425.38072,0.11307
1423.45193,0.11205
1421.52313,0.11356
1419.59433,0.11772
1417.66554,0.11154
1415.73674,0.09593
1413.80794,0.08505
1411.87915,0.08048
1409.95035,0.07768
1408.02155,0.07674
1406.09276,0.07825
1404.16396,0.07714
1402.23516,0.07511
1400.30637,0.07881
1398.37757,0.08494
1396.44877,0.08654
1394.51998,0.08062
1392.59118,0.07026
1390.66238,0.06547
1388.73359,0.06820
1386.80479,0.06846
1384.87599,0.06203
1382.94720,0.05687
1381.01840,0.05635
1379.08960,0.05817
1377.16081,0.06212
1375.23201,0.06673
1373.30321,0.06544
1371.37442,0.05961
1369.44562,0.05619
1367.51682,0.05532
1365.58803,0.05811
1363.65923,0.06447
1361.73043,0.06494
1359.80164,0.05778
1357.87284,0.05232
1355.94404,0.05088
1354.01525,0.05010
1352.08645,0.04903
1350.15765,0.04849
1348.22886,0.04795
1346.30006,0.04717
1344.37126,0.04797
1342.44247,0.05329
1340.51367,0.06126
1338.58487,0.06294
1336.65608,0.05639
1334.72728,0.04963
1332.79848,0.04665
1330.86969,0.04603
1328.94089,0.04586
1327.01209,0.04560
1325.08330,0.04555
1323.15450,0.04635
1321.22570,0.04853
1319.29691,0.05071
1317.36811,0.05079
1315.43931,0.04973
1313.51052,0.04876
1311.58172,0.04714
1309.65292,0.04545
1307.72413,0.04459
1305.79533,0.04402
1303.86653,0.04352
1301.93774,0.04328
1300.00894,0.04331
1298.08014,0.04350
1296.15135,0.04348
1294.22255,0.04325
1292.29375,0.04338
1290.36496,0.04409
1288.43616,0.04458
1286.50736,0.04412
1284.57857,0.04326
1282.64977,0.04291
1280.72097,0.04296
1278.79218,0.04292
1276.86338,0.04287
1274.93458,0.04328
1273.00579,0.04426
1271.07699,0.04502
1269.14820,0.04494
1267.21940,0.04442
1265.29060,0.04398
1263.36181,0.04397
1261.43301,0.04434
1259.50421,0.04434
1257.57542,0.04378
1255.64662,0.04337
1253.71782,0.04332
1251.78903,0.04339
1249.86023,0.04347
1247.93143,0.04357
1246.00264,0.04378
1244.07384,0.04397
1242.14504,0.04396
1240.21625,0.04393
1238.28745,0.04398
1236.35865,0.04409
1234.42986,0.04423
1232.50106,0.04440
1230.57226,0.04462
1228.64347,0.04498
1226.71467,0.04549
1224.78587,0.04590
1222.85708,0.04613
1220.92828,0.04644
1218.99948,0.04693
1217.07069,0.04744
1215.14189,0.04804
1213.21309,0.04880
1211.28430,0.04945
1209.35550,0.04993
1207.42670,0.05049
1205.49791,0.05123
1203.56911,0.05207
1201.64031,0.05307
1199.71152,0.05422
1197.78272,0.05547
1195.85392,0.05682
1193.92513,0.05842
1191.99633,0.06030
1190.06753,0.06250
1188.13874,0.06505
1186.20994,0.06780
1184.28114,0.07071
1182.35235,0.07399
1180.42355,0.07784
1178.49475,0.08224
1176.56596,0.08706
1174.63716,0.09212
1172.70836,0.09721
1170.77957,0.10241
1168.85077,0.10776
1166.92197,0.11303
1164.99318,0.11789
1163.06438,0.12207
1161.13558,0.12534
1159.20679,0.12746
1157.27799,0.12830
1155.34919,0.12780
1153.42040,0.12597
1151.49160,0.12293
1149.56280,0.11887
1147.63401,0.11404
1145.70521,0.10880
1143.77641,0.10344
1141.84762,0.09819
1139.91882,0.09320
1137.99002,0.08857
1136.06123,0.08429
1134.13243,0.08031
1132.20363,0.07671
1130.27484,0.07355
1128.34604,0.07080
1126.41724,0.06842
1124.48845,0.06634
1122.55965,0.06450
1120.63085,0.06283
1118.70206,0.06133
1116.77326,0.06004
1114.84446,0.05892
1112.91567,0.05795
1110.98687,0.05706
1109.05807,0.05627
1107.12928,0.05556
1105.20048,0.05492
1103.27168,0.05440
1101.34289,0.05400
1099.41409,0.05370
1097.48529,0.05349
1095.55650,0.05341
1093.62770,0.05344
1091.69890,0.05358
1089.77011,0.05381
1087.84131,0.05413
1085.91251,0.05453
1083.98372,0.05500
1082.05492,0.05551
1080.12612,0.05607
1078.19733,0.05669
1076.26853,0.05732
1074.33973,0.05791
1072.41094,0.05844
1070.48214,0.05889
1068.55334,0.05925
1066.62455,0.05949
1064.69575,0.05954
1062.76695,0.05941
1060.83816,0.05912
1058.90936,0.05871
1056.98056,0.05821
1055.05177,0.05763
1053.12297,0.05695
1051.19417,0.05620
1049.26538,0.05545
1047.33658,0.05472
1045.40778,0.05403
1043.47899,0.05339
1041.55019,0.05281
1039.62139,0.05227
1037.69260,0.05177
1035.76380,0.05129
1033.83500,0.05079
1031.90621,0.05027
1029.97741,0.04976
1028.04861,0.04930
1026.11982,0.04888
1024.19102,0.04849
1022.26222,0.04813
1020.33343,0.04785
1018.40463,0.04765
1016.47583,0.04749
1014.54704,0.04734
1012.61824,0.04718
1010.68944,0.04694
1008.76065,0.04655
1006.83185,0.04596
1004.90305,0.04526
1002.97426,0.04449
1001.04546,0.04374
999.11666,0.04311
997.18787,0.04264
995.25907,0.04229
993.33027,0.04201
991.40148,0.04175
989.47268,0.04149
987.54388,0.04122
985.61509,0.04092
983.68629,0.04060
981.75749,0.04026
979.82870,0.03991
977.89990,0.03956
975.97110,0.03918
974.04231,0.03878
972.11351,0.03836
970.18471,0.03793
968.25592,0.03752
966.32712,0.03710
964.39832,0.03663
962.46953,0.03615
960.54073,0.03567
958.61193,0.03521
956.68314,0.03477
954.75434,0.03435
952.82554,0.03394
950.89675,0.03355
948.96795,0.03319
947.03915,0.03283
945.11036,0.03246
943.18156,0.03209
941.25276,0.03172
939.32397,0.03137
937.39517,0.03103
935.46637,0.03071
933.53758,0.03037
931.60878,0.02996
929.67998,0.02953
927.75119,0.02910
925.82239,0.02865
923.89359,0.02815
921.96480,0.02762
920.03600,0.02709
918.10720,0.02654
916.17841,0.02597
914.24961,0.02542
912.32081,0.02488
910.39202,0.02434
908.46322,0.02380
906.53443,0.02331
904.60563,0.02285
902.67683,0.02240
900.74804,0.02197
898.81924,0.02157
896.89044,0.02120
894.96165,0.02081
893.03285,0.02039
891.10405,0.01998
889.17526,0.01957
887.24646,0.01914
885.31766,0.01869
883.38887,0.01824
881.46007,0.01777
879.53127,0.01731
877.60248,0.01689
875.67368,0.01649
873.74488,0.01609
871.81609,0.01568
869.88729,0.01529
867.95849,0.01492
866.02970,0.01454
864.10090,0.01409
862.17210,0.01362
860.24331,0.01326
858.31451,0.01298
856.38571,0.01270
854.45692,0.01243
852.52812,0.01220
850.59932,0.01200
848.67053,0.01184
846.74173,0.01171
844.81293,0.01159
842.88414,0.01150
840.95534,0.01144
839.02654,0.01137
837.09775,0.01130
835.16895,0.01123
833.24015,0.01118
831.31136,0.01116
829.38256,0.01118
827.45376,0.01121
825.52497,0.01117
823.59617,0.01113
821.66737,0.01119
819.73858,0.01131
817.80978,0.01142
815.88098,0.01157
813.95219,0.01174
812.02339,0.01188
810.09459,0.01202
808.16580,0.01226
806.23700,0.01267
804.30820,0.01314
802.37941,0.01369
800.45061,0.01455
798.52181,0.01573
796.59302,0.01695
794.66422,0.01808
792.73542,0.01924
790.80663,0.02056
788.87783,0.02189
786.94903,0.02285
785.02024,0.02318
783.09144,0.02288
781.16264,0.02206
779.23385,0.02083
777.30505,0.01949
775.37625,0.01825
773.44746,0.01706
771.51866,0.01605
769.58986,0.01534
767.66107,0.01479
765.73227,0.01429
763.80347,0.01373
761.87468,0.01318
759.94588,0.01283
758.01708,0.01276
756.08829,0.01291
754.15949,0.01316
752.23069,0.01319
750.30190,0.01313
748.37310,0.01335
