3496.90832,0.04278
3494.97953,0.05118
3493.05073,0.05817
3491.12193,0.06275
3489.19314,0.06267
3487.26434,0.05647
3485.33554,0.05109
3483.40675,0.05109
3481.47795,0.05359
3479.54915,0.05465
3477.62036,0.05323
3475.69156,0.05135
3473.76276,0.05053
3471.83397,0.04931
3469.90517,0.04612
3467.97637,0.04346
3466.04758,0.04601
3464.11878,0.05137
3462.18998,0.05211
3460.26119,0.04981
3458.33239,0.04956
3456.40359,0.04969
3454.47480,0.05045
3452.54600,0.05573
3450.61721,0.06218
3448.68841,0.06391
3446.75961,0.05942
3444.83082,0.04926
3442.90202,0.03814
3440.97322,0.03054
3439.04443,0.02701
3437.11563,0.02756
3435.18683,0.02983
3433.25804,0.03211
3431.32924,0.03324
3429.40044,0.03136
3427.47165,0.02937
3425.54285,0.03003
3423.61405,0.03337
3421.68526,0.03750
3419.75646,0.03465
3417.82766,0.02310
3415.89887,0.01446
3413.97007,0.01817
3412.04127,0.02740
3410.11248,0.02852
3408.18368,0.02278
3406.25488,0.02014
3404.32609,0.02199
3402.39729,0.02374
3400.46849,0.02443
3398.53970,0.02817
3396.61090,0.03355
3394.68210,0.03304
3392.75331,0.03022
3390.82451,0.03298
3388.89571,0.03835
3386.96692,0.04292
3385.03812,0.04856
3383.10932,0.04985
3381.18053,0.04156
3379.25173,0.03504
3377.32293,0.03767
3375.39414,0.04146
3373.46534,0.04593
3371.53654,0.05283
3369.60775,0.05595
3367.67895,0.05628
3365.75015,0.05619
3363.82136,0.05540
3361.89256,0.05594
3359.96376,0.05352
3358.03497,0.04931
3356.10617,0.04994
3354.17737,0.04934
3352.24858,0.04690
3350.31978,0.05039
3348.39098,0.05328
3346.46219,0.04814
3344.53339,0.04297
3342.60459,0.04744
3340.67580,0.05690
3338.74700,0.05974
3336.81820,0.05682
3334.88941,0.05415
3332.96061,0.05033
3331.03181,0.04699
3329.10302,0.04480
3327.17422,0.03992
3325.24542,0.03495
3323.31663,0.03498
3321.38783,0.04118
3319.45903,0.04841
3317.53024,0.04746
3315.60144,0.03964
3313.67264,0.03537
3311.74385,0.03471
3309.81505,0.02986
3307.88625,0.02631
3305.95746,0.03081
3304.02866,0.03455
3302.09986,0.02998
3300.17107,0.02162
3298.24227,0.01596
3296.31347,0.01503
3294.38468,0.01808
3292.45588,0.02349
3290.52708,0.02704
3288.59829,0.02475
3286.66949,0.01900
3284.74069,0.01515
3282.81190,0.01506
3280.88310,0.01823
3278.95430,0.02266
3277.02551,0.02415
3275.09671,0.02220
3273.16791,0.02186
3271.23912,0.02379
3269.31032,0.02383
3267.38152,0.02130
3265.45273,0.02051
3263.52393,0.02285
3261.59513,0.02304
3259.66634,0.01921
3257.73754,0.01419
3255.80874,0.01005
3253.87995,0.01060
3251.95115,0.01583
3250.02235,0.02278
3248.09356,0.03124
3246.16476,0.03473
3244.23596,0.02832
3242.30717,0.02051
3240.37837,0.01944
3238.44957,0.02694
3236.52078,0.03870
3234.59198,0.04478
3232.66318,0.04087
3230.73439,0.03292
3228.80559,0.03051
3226.87679,0.03378
3224.94800,0.03464
3223.01920,0.03384
3221.09040,0.03490
3219.16161,0.03776
3217.23281,0.04103
3215.30401,0.03872
3213.37522,0.03205
3211.44642,0.03238
3209.51762,0.04222
3207.58883,0.05012
3205.66003,0.04734
3203.73123,0.04208
3201.80244,0.04340
3199.87364,0.04482
3197.94484,0.04137
3196.01605,0.03899
3194.08725,0.03991
3192.15845,0.04177
3190.22966,0.04387
3188.30086,0.04342
3186.37206,0.04020
3184.44327,0.03844
3182.51447,0.03690
3180.58567,0.03260
3178.65688,0.02900
3176.72808,0.03030
3174.79928,0.03326
3172.87049,0.03111
3170.94169,0.02508
3169.01289,0.02367
3167.08410,0.02872
3165.15530,0.03235
3163.22650,0.02973
3161.29771,0.02379
3159.36891,0.02056
3157.44011,0.02293
3155.51132,0.02544
3153.58252,0.02383
3151.65372,0.02045
3149.72493,0.01717
3147.79613,0.01581
3145.86733,0.01762
3143.93854,0.02031
3142.00974,0.02176
3140.08094,0.02232
3138.15215,0.02342
3136.22335,0.02483
3134.29455,0.02473
3132.36576,0.02226
3130.43696,0.01930
3128.50816,0.01946
3126.57937,0.02254
3124.65057,0.02345
3122.72177,0.02142
3120.79298,0.02069
3118.86418,0.02172
3116.93538,0.02203
3115.00659,0.02126
3113.07779,0.02027
3111.14899,0.01960
3109.22020,0.01951
3107.29140,0.01990
3105.36260,0.02056
3103.43381,0.02104
3101.50501,0.02040
3099.57621,0.01893
3097.64742,0.01847
3095.71862,0.01893
3093.78982,0.01833
3091.86103,0.01696
3089.93223,0.01646
3088.00344,0.01696
3086.07464,0.01802
3084.14584,0.01985
3082.21705,0.02213
3080.28825,0.02312
3078.35945,0.02194
3076.43066,0.02073
3074.50186,0.02124
3072.57306,0.02192
3070.64427,0.02134
3068.71547,0.02066
3066.78667,0.02066
3064.85788,0.02066
3062.92908,0.02036
3061.00028,0.02022
3059.07149,0.02097
3057.14269,0.02241
3055.21389,0.02286
3053.28510,0.02143
3051.35630,0.01963
3049.42750,0.01933
3047.49871,0.02060
3045.56991,0.02198
3043.64111,0.02204
3041.71232,0.02130
3039.78352,0.02125
3037.85472,0.02177
3035.92593,0.02249
3033.99713,0.02361
3032.06833,0.02380
3030.13954,0.02243
3028.21074,0.02153
3026.28194,0.02183
3024.35315,0.02182
3022.42435,0.02131
3020.49555,0.02131
3018.56676,0.02203
3016.63796,0.02314
3014.70916,0.02436
3012.78037,0.02490
3010.85157,0.02438
3008.92277,0.02388
3006.99398,0.02437
3005.06518,0.02495
3003.13638,0.02446
3001.20759,0.02362
2999.27879,0.02331
2997.34999,0.02333
2995.42120,0.02346
2993.49240,0.02354
2991.56360,0.02359
2989.63481,0.02382
2987.70601,0.02404
2985.77721,0.02411
2983.84842,0.02421
2981.91962,0.02439
2979.99082,0.02436
2978.06203,0.02413
2976.13323,0.02431
2974.20443,0.02481
2972.27564,0.02480
2970.34684,0.02440
2968.41804,0.02420
2966.48925,0.02396
2964.56045,0.02355
2962.63165,0.02347
2960.70286,0.02398
2958.77406,0.02463
2956.84526,0.02501
2954.91647,0.02529
2952.98767,0.02539
2951.05887,0.02514
2949.13008,0.02514
2947.20128,0.02562
2945.27248,0.02574
2943.34369,0.02519
2941.41489,0.02471
2939.48609,0.02489
2937.55730,0.02558
2935.62850,0.02605
2933.69970,0.02608
2931.77091,0.02594
2929.84211,0.02561
2927.91331,0.02523
2925.98452,0.02509
2924.05572,0.02518
2922.12692,0.02544
2920.19813,0.02593
2918.26933,0.02651
2916.34053,0.02688
2914.41174,0.02684
2912.48294,0.02646
2910.55414,0.02613
2908.62535,0.02576
2906.69655,0.02544
2904.76775,0.02578
2902.83896,0.02660
2900.91016,0.02709
2898.98136,0.02698
2897.05257,0.02664
2895.12377,0.02672
2893.19497,0.02734
2891.26618,0.02795
2889.33738,0.02814
2887.40858,0.02803
2885.47979,0.02788
2883.55099,0.02779
2881.62219,0.02775
2879.69340,0.02774
2877.76460,0.02784
2875.83580,0.02802
2873.90701,0.02814
2871.97821,0.02817
2870.04941,0.02822
2868.12062,0.02827
2866.19182,0.02826
2864.26302,0.02835
2862.33423,0.02855
2860.40543,0.02874
2858.47663,0.02886
2856.54784,0.02894
2854.61904,0.02929
2852.69024,0.02992
2850.76145,0.03038
2848.83265,0.03046
2846.90385,0.03053
2844.97506,0.03081
2843.04626,0.03101
2841.11746,0.03102
2839.18867,0.03100
2837.25987,0.03094
2835.33107,0.03092
2833.40228,0.03110
2831.47348,0.03136
2829.54468,0.03153
2827.61589,0.03148
2825.68709,0.03128
2823.75829,0.03130
2821.82950,0.03164
2819.90070,0.03208
2817.97190,0.03231
2816.04311,0.03217
2814.11431,0.03183
2812.18551,0.03161
2810.25672,0.03155
2808.32792,0.03148
2806.39912,0.03140
2804.47033,0.03160
2802.54153,0.03190
2800.61273,0.03205
2798.68394,0.03209
2796.75514,0.03187
2794.82634,0.03153
2792.89755,0.03152
2790.96875,0.03167
2789.03995,0.03156
2787.11116,0.03123
2785.18236,0.03086
2783.25356,0.03060
2781.32477,0.03048
2779.39597,0.03034
2777.46717,0.02996
2775.53838,0.02944
2773.60958,0.02916
2771.68078,0.02930
2769.75199,0.02957
2767.82319,0.02948
2765.89439,0.02914
2763.96560,0.02917
2762.03680,0.02960
2760.10800,0.02985
2758.17921,0.02967
2756.25041,0.02923
2754.32161,0.02890
2752.39282,0.02896
2750.46402,0.02923
2748.53522,0.02936
2746.60643,0.02938
2744.67763,0.02952
2742.74883,0.02978
2740.82004,0.02991
2738.89124,0.02987
2736.96244,0.02983
2735.03365,0.02989
2733.10485,0.02987
2731.17605,0.02957
2729.24726,0.02917
2727.31846,0.02893
2725.38967,0.02887
2723.46087,0.02893
2721.53207,0.02898
2719.60328,0.02898
2717.67448,0.02907
2715.74568,0.02930
2713.81689,0.02960
2711.88809,0.02975
2709.95929,0.02968
2708.03050,0.02961
2706.10170,0.02962
2704.17290,0.02959
2702.24411,0.02948
2700.31531,0.02946
2698.38651,0.02959
2696.45772,0.02970
2694.52892,0.02970
2692.60012,0.02980
2690.67133,0.03007
2688.74253,0.03013
2686.81373,0.02987
2684.88494,0.02961
2682.95614,0.02948
2681.02734,0.02938
2679.09855,0.02928
2677.16975,0.02924
2675.24095,0.02920
2673.31216,0.02917
2671.38336,0.02916
2669.45456,0.02900
2667.52577,0.02876
2665.59697,0.02879
2663.66817,0.02903
2661.73938,0.02916
2659.81058,0.02925
2657.88178,0.02948
2655.95299,0.02970
2654.02419,0.02965
2652.09539,0.02937
2650.16660,0.02920
2648.23780,0.02930
2646.30900,0.02955
2644.38021,0.02982
2642.45141,0.02991
2640.52261,0.02981
2638.59382,0.02990
2636.66502,0.03021
2634.73622,0.03037
2632.80743,0.03037
2630.87863,0.03037
2628.94983,0.03049
2627.02104,0.03069
2625.09224,0.03068
2623.16344,0.03053
2621.23465,0.03064
2619.30585,0.03086
2617.37705,0.03107
2615.44826,0.03144
2613.51946,0.03184
2611.59066,0.03212
2609.66187,0.03242
2607.73307,0.03272
2605.80427,0.03296
2603.87548,0.03318
2601.94668,0.03335
2600.01788,0.03332
2598.08909,0.03326
2596.16029,0.03345
2594.23149,0.03336
2592.30270,0.03287
2590.37390,0.03262
2588.44510,0.03248
2586.51631,0.03225
2584.58751,0.03229
2582.65871,0.03262
2580.72992,0.03272
2578.80112,0.03241
2576.87232,0.03192
2574.94353,0.03158
2573.01473,0.03165
2571.08593,0.03198
2569.15714,0.03232
2567.22834,0.03267
2565.29954,0.03295
2563.37075,0.03311
2561.44195,0.03305
2559.51315,0.03258
2557.58436,0.03217
2555.65556,0.03258
2553.72676,0.03353
2551.79797,0.03406
2549.86917,0.03417
2547.94037,0.03440
2546.01158,0.03453
2544.08278,0.03412
2542.15398,0.03356
2540.22519,0.03317
2538.29639,0.03271
2536.36759,0.03222
2534.43880,0.03203
2532.51000,0.03223
2530.58120,0.03264
2528.65241,0.03281
2526.72361,0.03244
2524.79481,0.03194
2522.86602,0.03185
2520.93722,0.03200
2519.00842,0.03200
2517.07963,0.03214
2515.15083,0.03261
2513.22203,0.03285
2511.29324,0.03268
2509.36444,0.03241
2507.43564,0.03235
2505.50685,0.03263
2503.57805,0.03320
2501.64925,0.03355
2499.72046,0.03328
2497.79166,0.03294
2495.86286,0.03299
2493.93407,0.03287
2492.00527,0.03231
2490.07647,0.03200
2488.14768,0.03235
2486.21888,0.03278
2484.29008,0.03257
2482.36129,0.03200
2480.43249,0.03170
2478.50369,0.03158
2476.57490,0.03135
2474.64610,0.03107
2472.71730,0.03091
2470.78851,0.03097
2468.85971,0.03119
2466.93091,0.03137
2465.00212,0.03151
2463.07332,0.03184
2461.14452,0.03211
2459.21573,0.03197
2457.28693,0.03178
2455.35813,0.03176
2453.42934,0.03169
2451.50054,0.03158
2449.57174,0.03145
2447.64295,0.03133
2445.71415,0.03144
2443.78535,0.03170
2441.85656,0.03182
2439.92776,0.03160
2437.99896,0.03120
2436.07017,0.03075
2434.14137,0.03029
2432.21257,0.02998
2430.28378,0.02986
2428.35498,0.02966
2426.42618,0.02939
2424.49739,0.02930
2422.56859,0.02944
2420.63979,0.02951
2418.71100,0.02930
2416.78220,0.02896
2414.85340,0.02874
2412.92461,0.02867
2410.99581,0.02868
2409.06701,0.02877
2407.13822,0.02887
2405.20942,0.02873
2403.28062,0.02839
2401.35183,0.02810
2399.42303,0.02775
2397.49423,0.02749
2395.56544,0.02751
2393.63664,0.02754
2391.70784,0.02753
2389.77905,0.02800
2387.85025,0.02974
2385.92145,0.03361
2383.99266,0.04015
2382.06386,0.04944
2380.13506,0.06127
2378.20627,0.07463
2376.27747,0.08808
2374.34867,0.10138
2372.41988,0.11508
2370.49108,0.12888
2368.56228,0.14169
2366.63349,0.15284
2364.70469,0.16170
2362.77589,0.16739
2360.84710,0.16983
2358.91830,0.16855
2356.98951,0.16195
2355.06071,0.14952
2353.13191,0.13256
2351.20312,0.11554
2349.27432,0.10682
2347.34552,0.11125
2345.41673,0.12375
2343.48793,0.13195
2341.55913,0.13216
2339.63034,0.12934
2337.70154,0.12633
2335.77274,0.12405
2333.84395,0.12326
2331.91515,0.12355
2329.98635,0.12210
2328.05756,0.11793
2326.12876,0.11390
2324.19996,0.11155
2322.27117,0.10861
2320.34237,0.10251
2318.41357,0.09437
2316.48478,0.08759
2314.55598,0.08351
2312.62718,0.08009
2310.69839,0.07549
2308.76959,0.07010
2306.84079,0.06464
2304.91200,0.05939
2302.98320,0.05490
2301.05440,0.05143
2299.12561,0.04834
2297.19681,0.04529
2295.26801,0.04255
2293.33922,0.04016
2291.41042,0.03805
2289.48162,0.03629
2287.55283,0.03488
2285.62403,0.03387
2283.69523,0.03312
2281.76644,0.03265
2279.83764,0.03298
2277.90884,0.03409
2275.98005,0.03519
2274.05125,0.03588
2272.12245,0.03628
2270.19366,0.03662
2268.26486,0.03734
2266.33606,0.03867
2264.40727,0.04003
2262.47847,0.04055
2260.54967,0.04029
2258.62088,0.04002
2256.69208,0.04006
2254.76328,0.03996
2252.83449,0.03947
2250.90569,0.03920
2248.97689,0.03938
2247.04810,0.03966
2245.11930,0.03990
2243.19050,0.03989
2241.26171,0.03991
2239.33291,0.04045
2237.40411,0.04087
2235.47532,0.04050
2233.54652,0.03985
2231.61772,0.03951
2229.68893,0.03983
2227.76013,0.04100
2225.83133,0.04262
2223.90254,0.04389
2221.97374,0.04458
2220.04494,0.04547
2218.11615,0.04646
2216.18735,0.04624
2214.25855,0.04555
2212.32976,0.04585
2210.40096,0.04625
2208.47216,0.04628
2206.54337,0.04692
2204.61457,0.04728
2202.68577,0.04655
2200.75698,0.04672
2198.82818,0.04842
2196.89938,0.05058
2194.97059,0.05241
2193.04179,0.05347
2191.11299,0.05427
2189.18420,0.05400
2187.25540,0.05229
2185.32660,0.05186
2183.39781,0.05382
2181.46901,0.05622
2179.54021,0.05761
2177.61142,0.05867
2175.68262,0.06042
2173.75382,0.06113
2171.82503,0.05934
2169.89623,0.05849
2167.96743,0.06088
2166.03864,0.06355
2164.10984,0.06463
2162.18104,0.06595
2160.25225,0.06909
2158.32345,0.07070
2156.39465,0.06646
2154.46586,0.05904
2152.53706,0.05294
2150.60826,0.04961
2148.67947,0.04825
2146.75067,0.04705
2144.82187,0.04526
2142.89308,0.04371
2140.96428,0.04233
2139.03548,0.04039
2137.10669,0.03800
2135.17789,0.03548
2133.24909,0.03317
2131.32030,0.03162
2129.39150,0.03094
2127.46270,0.03054
2125.53391,0.02989
2123.60511,0.02918
2121.67631,0.02858
2119.74752,0.02794
2117.81872,0.02772
2115.88992,0.02800
2113.96113,0.02793
2112.03233,0.02740
2110.10353,0.02713
2108.17474,0.02739
2106.24594,0.02780
2104.31714,0.02763
2102.38835,0.02681
2100.45955,0.02619
2098.53075,0.02624
2096.60196,0.02663
2094.67316,0.02709
2092.74436,0.02768
2090.81557,0.02805
2088.88677,0.02779
2086.95797,0.02751
2085.02918,0.02783
2083.10038,0.02827
2081.17158,0.02865
2079.24279,0.02909
2077.31399,0.02916
2075.38519,0.02878
2073.45640,0.02843
2071.52760,0.02838
2069.59880,0.02889
2067.67001,0.03071
2065.74121,0.03320
2063.81241,0.03377
2061.88362,0.03238
2059.95482,0.03168
2058.02602,0.03220
2056.09723,0.03242
2054.16843,0.03208
2052.23963,0.03270
2050.31084,0.03495
2048.38204,0.03685
2046.45324,0.03722
2044.52445,0.03779
2042.59565,0.03896
2040.66685,0.03997
2038.73806,0.04166
2036.80926,0.04381
2034.88046,0.04467
2032.95167,0.04510
2031.02287,0.04514
2029.09407,0.04270
2027.16528,0.03943
2025.23648,0.03867
2023.30768,0.04073
2021.37889,0.04398
2019.45009,0.04705
2017.52129,0.04780
2015.59250,0.04504
2013.66370,0.04117
2011.73490,0.03871
2009.80611,0.03778
2007.87731,0.03692
2005.94851,0.03514
2004.01972,0.03353
2002.09092,0.03307
2000.16212,0.03311
1998.23333,0.03301
1996.30453,0.03335
1994.37574,0.03497
1992.44694,0.03636
1990.51814,0.03558
1988.58935,0.03482
1986.66055,0.03534
1984.73175,0.03545
1982.80296,0.03544
1980.87416,0.03560
1978.94536,0.03475
1977.01657,0.03348
1975.08777,0.03326
1973.15897,0.03343
1971.23018,0.03424
1969.30138,0.03721
1967.37258,0.03983
1965.44379,0.03847
1963.51499,0.03494
1961.58619,0.03220
1959.65740,0.02983
1957.72860,0.02771
1955.79980,0.02639
1953.87101,0.02592
1951.94221,0.02586
1950.01341,0.02525
1948.08462,0.02493
1946.15582,0.02742
1944.22702,0.03240
1942.29823,0.03364
1940.36943,0.02851
1938.44063,0.02334
1936.51184,0.02147
1934.58304,0.02132
1932.65424,0.02146
1930.72545,0.02156
1928.79665,0.02167
1926.86785,0.02310
1924.93906,0.02728
1923.01026,0.03075
1921.08146,0.03119
1919.15267,0.03120
1917.22387,0.02912
1915.29507,0.02440
1913.36628,0.02244
1911.43748,0.02452
1909.50868,0.02624
1907.57989,0.02474
1905.65109,0.02211
1903.72229,0.02073
1901.79350,0.02013
1899.86470,0.02002
1897.93590,0.02152
1896.00711,0.02353
1894.07831,0.02398
1892.14951,0.02545
1890.22072,0.02834
1888.29192,0.02702
1886.36312,0.02280
1884.43433,0.02054
1882.50553,0.01978
1880.57673,0.01946
1878.64794,0.01927
1876.71914,0.01922
1874.79034,0.02003
1872.86155,0.02447
1870.93275,0.03492
1869.00395,0.04365
1867.07516,0.03908
1865.14636,0.02825
1863.21756,0.02232
1861.28877,0.02110
1859.35997,0.02058
1857.43117,0.01945
1855.50238,0.01837
1853.57358,0.01809
1851.64478,0.01941
1849.71599,0.02367
1847.78719,0.03108
1845.85839,0.03964
1843.92960,0.04090
1842.00080,0.03172
1840.07200,0.02412
1838.14321,0.02276
1836.21441,0.02291
1834.28561,0.02393
1832.35682,0.03074
1830.42802,0.03970
1828.49922,0.04076
1826.57043,0.03756
1824.64163,0.03369
1822.71283,0.02696
1820.78404,0.02192
1818.85524,0.02111
1816.92644,0.02120
1814.99765,0.02213
1813.06885,0.02648
1811.14005,0.03059
1809.21126,0.02903
1807.28246,0.02481
1805.35366,0.02446
1803.42487,0.03031
1801.49607,0.03707
1799.56727,0.03745
1797.63848,0.03485
1795.70968,0.03744
1793.78088,0.04577
1791.85209,0.04786
1789.92329,0.03690
1787.99449,0.02746
1786.06570,0.02669
1784.13690,0.02938
1782.20810,0.03220
1780.27931,0.03328
1778.35051,0.03205
1776.42171,0.03519
1774.49292,0.04685
1772.56412,0.05783
1770.63532,0.05457
1768.70653,0.04280
1766.77773,0.03240
1764.84893,0.02948
1762.92014,0.03438
1760.99134,0.03736
1759.06254,0.03610
1757.13375,0.03484
1755.20495,0.03359
1753.27615,0.03923
1751.34736,0.05437
1749.41856,0.06369
1747.48976,0.05860
1745.56097,0.05081
1743.63217,0.04734
1741.70337,0.04675
1739.77458,0.04540
1737.84578,0.04534
1735.91698,0.05499
1733.98819,0.06690
1732.05939,0.05992
1730.13059,0.04420
1728.20180,0.03125
1726.27300,0.02533
1724.34420,0.02667
1722.41541,0.03176
1720.48661,0.04519
1718.55781,0.06923
1716.62902,0.08078
1714.70022,0.06574
1712.77142,0.04757
1710.84263,0.04004
1708.91383,0.04483
1706.98503,0.05786
1705.05624,0.06887
1703.12744,0.07780
1701.19864,0.09467
1699.26985,0.10985
1697.34105,0.11044
1695.41225,0.10052
1693.48346,0.08959
1691.55466,0.09218
1689.62586,0.10797
1687.69707,0.12961
1685.76827,0.16096
1683.83947,0.19066
1681.91068,0.19070
1679.98188,0.18443
1678.05308,0.19010
1676.12429,0.20721
1674.19549,0.22591
1672.26669,0.24193
1670.33790,0.25814
1668.40910,0.26113
1666.48030,0.25448
1664.55151,0.25751
1662.62271,0.26504
1660.69391,0.26309
1658.76512,0.26080
1656.83632,0.27253
1654.90752,0.30140
1652.97873,0.31956
1651.04993,0.30544
1649.12113,0.30417
1647.19234,0.31332
1645.26354,0.30459
1643.33474,0.29169
1641.40595,0.29487
1639.47715,0.31477
1637.54835,0.34819
1635.61956,0.37680
1633.69076,0.37850
1631.76197,0.37840
1629.83317,0.39284
1627.90437,0.41344
1625.97558,0.43053
1624.04678,0.44277
1622.11798,0.44456
1620.18919,0.44239
1618.26039,0.44746
1616.33159,0.44734
1614.40280,0.43409
1612.47400,0.42566
1610.54520,0.42747
1608.61641,0.43313
1606.68761,0.43827
1604.75881,0.44521
1602.83002,0.45459
1600.90122,0.46328
1598.97242,0.47110
1597.04363,0.47931
1595.11483,0.48502
1593.18603,0.48449
1591.25724,0.47855
1589.32844,0.46832
1587.39964,0.45431
1585.47085,0.43792
1583.54205,0.41970
1581.61325,0.40173
1579.68446,0.39033
1577.75566,0.38383
1575.82686,0.36225
1573.89807,0.33113
1571.96927,0.31427
1570.04047,0.30284
1568.11168,0.28183
1566.18288,0.26028
1564.25408,0.24736
1562.32529,0.24986
1560.39649,0.27276
1558.46769,0.27732
1556.53890,0.23985
1554.61010,0.20879
1552.68130,0.19088
1550.75251,0.18042
1548.82371,0.17200
1546.89491,0.17180
1544.96612,0.18645
1543.03732,0.20840
1541.10852,0.22032
1539.17973,0.19589
1537.25093,0.16399
1535.32213,0.15472
1533.39334,0.15289
1531.46454,0.14242
1529.53574,0.13735
1527.60695,0.14439
1525.67815,0.15349
1523.74935,0.16281
1521.82056,0.16979
1519.89176,0.16509
1517.96296,0.15678
1516.03417,0.14522
1514.10537,0.13198
1512.17657,0.13182
1510.24778,0.15168
1508.31898,0.18171
1506.39018,0.17605
1504.46139,0.13648
1502.53259,0.11717
1500.60379,0.11978
1498.67500,0.13157
1496.74620,0.13574
1494.81740,0.13020
1492.88861,0.13482
1490.95981,0.15640
1489.03101,0.17352
1487.10222,0.16864
1485.17342,0.16072
1483.24462,0.16390
1481.31583,0.17560
1479.38703,0.19107
1477.45823,0.21312
1475.52944,0.24277
1473.60064,0.26897
1471.67184,0.27317
1469.74305,0.26368
1467.81425,0.26439
1465.88545,0.27592
1463.95666,0.28169
1462.02786,0.28315
1460.09906,0.29716
1458.17027,0.31823
1456.24147,0.30785
1454.31267,0.27424
1452.38388,0.24989
1450.45508,0.23611
1448.52628,0.22502
1446.59749,0.20804
1444.66869,0.18866
1442.73989,0.17370
1440.81110,0.16571
1438.88230,0.16626
1436.95350,0.16624
1435.02471,0.15283
1433.09591,0.13831
1431.16711,0.13080
1429.23832,0.12281
1427.30952,0.11429
1425.38072,0.11144
1423.45193,0.11156
1421.52313,0.11440
1419.59433,0.12044
1417.66554,0.11422
1415.73674,0.09642
1413.80794,0.08408
1411.87915,0.07929
1409.95035,0.07659
1408.02155,0.07609
1406.09276,0.07854
1404.16396,0.07790
1402.23516,0.07604
1400.30637,0.08101
1398.37757,0.08903
1396.44877,0.09165
1394.51998,0.08514
1392.59118,0.07322
1390.66238,0.06789
1388.73359,0.07151
1386.80479,0.07216
1384.87599,0.06469
1382.94720,0.05869
1381.01840,0.05823
1379.08960,0.06054
1377.16081,0.06534
1375.23201,0.07091
1373.30321,0.06940
1371.37442,0.06243
1369.44562,0.05832
1367.51682,0.05724
1365.58803,0.06054
1363.65923,0.06818
1361.73043,0.06882
1359.80164,0.06035
1357.87284,0.05396
1355.94404,0.05241
1354.01525,0.05166
1352.08645,0.05057
1350.15765,0.05015
1348.22886,0.04973
1346.30006,0.04903
1344.37126,0.05018
1342.44247,0.05676
1340.51367,0.06655
1338.58487,0.06865
1336.65608,0.06068
1334.72728,0.05244
1332.79848,0.04876
1330.86969,0.04797
1328.94089,0.04771
1327.01209,0.04733
1325.08330,0.04723
1323.15450,0.04816
1321.22570,0.05075
1319.29691,0.05332
1317.36811,0.05338
1315.43931,0.05210
1313.51052,0.05094
1311.58172,0.04897
1309.65292,0.04696
1307.72413,0.04603
1305.79533,0.04552
1303.86653,0.04510
1301.93774,0.04498
1300.00894,0.04521
1298.08014,0.04565
1296.15135,0.04581
1294.22255,0.04564
1292.29375,0.04586
1290.36496,0.04679
1288.43616,0.04743
1286.50736,0.04686
1284.57857,0.04574
1282.64977,0.04523
1280.72097,0.04518
1278.79218,0.04501
1276.86338,0.04483
1274.93458,0.04519
1273.00579,0.04624
1271.07699,0.04702
1269.14820,0.04679
1267.21940,0.04604
1265.29060,0.04539
1263.36181,0.04529
1261.43301,0.04573
1259.50421,0.04581
1257.57542,0.04527
1255.64662,0.04492
1253.71782,0.04500
1251.78903,0.04522
1249.86023,0.04547
1247.93143,0.04574
1246.00264,0.04610
1244.07384,0.04639
1242.14504,0.04641
1240.21625,0.04632
1238.28745,0.04629
1236.35865,0.04630
1234.42986,0.04634
1232.50106,0.04641
1230.57226,0.04651
1228.64347,0.04676
1226.71467,0.04715
1224.78587,0.04741
1222.85708,0.04748
1220.92828,0.04766
1218.99948,0.04804
1217.07069,0.04846
1215.14189,0.04903
1213.21309,0.04981
1211.28430,0.05048
1209.35550,0.05099
1207.42670,0.05164
1205.49791,0.05249
1203.56911,0.05345
1201.64031,0.05453
1199.71152,0.05572
1197.78272,0.05698
1195.85392,0.05831
1193.92513,0.05977
1191.99633,0.06147
1190.06753,0.06348
1188.13874,0.06582
1186.20994,0.06826
1184.28114,0.07074
1182.35235,0.07358
1180.42355,0.07701
1178.49475,0.08097
1176.56596,0.08531
1174.63716,0.08987
1172.70836,0.09446
1170.77957,0.09915
1168.85077,0.10402
1166.92197,0.10887
1164.99318,0.11337
1163.06438,0.11726
1161.13558,0.12036
1159.20679,0.12245
1157.27799,0.12336
1155.34919,0.12301
1153.42040,0.12143
1151.49160,0.11875
1149.56280,0.11512
1147.63401,0.11076
1145.70521,0.10596
1143.77641,0.10101
1141.84762,0.09612
1139.91882,0.09145
1137.99002,0.08710
1136.06123,0.08305
1134.13243,0.07924
1132.20363,0.07576
1130.27484,0.07269
1128.34604,0.07002
1126.41724,0.06769
1124.48845,0.06570
1122.55965,0.06398
1120.63085,0.06244
1118.70206,0.06106
1116.77326,0.05989
1114.84446,0.05893
1112.91567,0.05814
1110.98687,0.05750
1109.05807,0.05697
1107.12928,0.05651
1105.20048,0.05611
1103.27168,0.05577
1101.34289,0.05550
1099.41409,0.05528
1097.48529,0.05513
1095.55650,0.05506
1093.62770,0.05510
1091.69890,0.05520
1089.77011,0.05534
1087.84131,0.05553
1085.91251,0.05580
1083.98372,0.05615
1082.05492,0.05653
1080.12612,0.05696
1078.19733,0.05743
1076.26853,0.05793
1074.33973,0.05846
1072.41094,0.05896
1070.48214,0.05941
1068.55334,0.05981
1066.62455,0.06015
1064.69575,0.06034
1062.76695,0.06034
1060.83816,0.06019
1058.90936,0.05993
1056.98056,0.05957
1055.05177,0.05914
1053.12297,0.05861
1051.19417,0.05799
1049.26538,0.05733
1047.33658,0.05665
1045.40778,0.05598
1043.47899,0.05531
1041.55019,0.05466
1039.62139,0.05404
1037.69260,0.05342
1035.76380,0.05282
1033.83500,0.05223
1031.90621,0.05164
1029.97741,0.05104
1028.04861,0.05050
1026.11982,0.05003
1024.19102,0.04961
1022.26222,0.04926
1020.33343,0.04902
1018.40463,0.04890
1016.47583,0.04887
1014.54704,0.04890
1012.61824,0.04892
1010.68944,0.04888
1008.76065,0.04868
1006.83185,0.04829
1004.90305,0.04774
1002.97426,0.04710
1001.04546,0.04644
999.11666,0.04587
997.18787,0.04540
995.25907,0.04501
993.33027,0.04463
991.40148,0.04423
989.47268,0.04384
987.54388,0.04346
985.61509,0.04305
983.68629,0.04262
981.75749,0.04218
979.82870,0.04176
977.89990,0.04136
975.97110,0.04100
974.04231,0.04065
972.11351,0.04032
970.18471,0.04002
968.25592,0.03976
966.32712,0.03951
964.39832,0.03923
962.46953,0.03893
960.54073,0.03864
958.61193,0.03835
956.68314,0.03805
954.75434,0.03774
952.82554,0.03741
950.89675,0.03706
948.96795,0.03667
947.03915,0.03624
945.11036,0.03579
943.18156,0.03532
941.25276,0.03483
939.32397,0.03434
937.39517,0.03387
935.46637,0.03346
933.53758,0.03305
931.60878,0.03258
929.67998,0.03209
927.75119,0.03161
925.82239,0.03118
923.89359,0.03080
921.96480,0.03043
920.03600,0.03006
918.10720,0.02971
916.17841,0.02935
914.24961,0.02903
912.32081,0.02873
910.39202,0.02840
908.46322,0.02803
906.53443,0.02762
904.60563,0.02721
902.67683,0.02679
900.74804,0.02635
898.81924,0.02590
896.89044,0.02545
894.96165,0.02496
893.03285,0.02445
891.10405,0.02394
889.17526,0.02341
887.24646,0.02286
885.31766,0.02234
883.38887,0.02187
881.46007,0.02140
879.53127,0.02094
877.60248,0.02053
875.67368,0.02019
873.74488,0.01990
871.81609,0.01964
869.88729,0.01941
867.95849,0.01924
866.02970,0.01908
864.10090,0.01886
862.17210,0.01860
860.24331,0.01839
858.31451,0.01820
856.38571,0.01800
854.45692,0.01779
852.52812,0.01753
850.59932,0.01722
848.67053,0.01693
846.74173,0.01666
844.81293,0.01642
842.88414,0.01625
840.95534,0.01611
839.02654,0.01594
837.09775,0.01574
835.16895,0.01556
833.24015,0.01545
831.31136,0.01538
829.38256,0.01532
827.45376,0.01530
825.52497,0.01539
823.59617,0.01558
821.66737,0.01582
819.73858,0.01607
817.80978,0.01631
815.88098,0.01656
813.95219,0.01691
812.02339,0.01727
810.09459,0.01758
808.16580,0.01795
806.23700,0.01842
804.30820,0.01891
802.37941,0.01946
800.45061,0.02018
798.52181,0.02106
796.59302,0.02201
794.66422,0.02300
792.73542,0.02406
790.80663,0.02517
788.87783,0.02612
786.94903,0.02662
785.02024,0.02675
783.09144,0.02664
781.16264,0.02615
779.23385,0.02524
777.30505,0.02431
775.37625,0.02345
773.44746,0.02249
771.51866,0.02152
769.58986,0.02075
767.66107,0.02033
765.73227,0.02030
763.80347,0.02034
761.87468,0.02009
759.94588,0.01972
758.01708,0.01958
756.08829,0.01959
754.15949,0.01948
752.23069,0.01924
750.30190,0.01911
748.37310,0.01922
