3496.90832,0.04658
3494.97953,0.04467
3493.05073,0.04440
3491.12193,0.04857
3489.19314,0.05435
3487.26434,0.05685
3485.33554,0.05535
3483.40675,0.05050
3481.47795,0.04664
3479.54915,0.04703
3477.62036,0.04558
3475.69156,0.04138
3473.76276,0.04192
3471.83397,0.04668
3469.90517,0.04858
3467.97637,0.04699
3466.04758,0.04865
3464.11878,0.05345
3462.18998,0.05215
3460.26119,0.04673
3458.33239,0.04551
3456.40359,0.04629
3454.47480,0.04771
3452.54600,0.05327
3450.61721,0.05795
3448.68841,0.05661
3446.75961,0.05278
3444.83082,0.04604
3442.90202,0.03603
3440.97322,0.03083
3439.04443,0.03321
3437.11563,0.03710
3435.18683,0.03872
3433.25804,0.03944
3431.32924,0.03947
3429.40044,0.03637
3427.47165,0.03155
3425.54285,0.03017
3423.61405,0.03379
3421.68526,0.03887
3419.75646,0.04037
3417.82766,0.03544
3415.89887,0.02617
3413.97007,0.02025
3412.04127,0.02230
3410.11248,0.02704
3408.18368,0.02998
3406.25488,0.03322
3404.32609,0.03591
3402.39729,0.03283
3400.46849,0.02609
3398.53970,0.02550
3396.61090,0.03214
3394.68210,0.03622
3392.75331,0.03495
3390.82451,0.03535
3388.89571,0.04056
3386.96692,0.04603
3385.03812,0.04915
3383.10932,0.05011
3381.18053,0.04724
3379.25173,0.04289
3377.32293,0.03931
3375.39414,0.03565
3373.46534,0.03754
3371.53654,0.04894
3369.60775,0.05713
3367.67895,0.05235
3365.75015,0.04320
3363.82136,0.03809
3361.89256,0.03781
3359.96376,0.04415
3358.03497,0.05567
3356.10617,0.06324
3354.17737,0.06080
3352.24858,0.05851
3350.31978,0.06395
3348.39098,0.06769
3346.46219,0.06534
3344.53339,0.06484
3342.60459,0.06744
3340.67580,0.06447
3338.74700,0.05618
3336.81820,0.05319
3334.88941,0.05533
3332.96061,0.05491
3331.03181,0.05272
3329.10302,0.04926
3327.17422,0.04247
3325.24542,0.03703
3323.31663,0.03740
3321.38783,0.03989
3319.45903,0.04009
3317.53024,0.03704
3315.60144,0.03187
3313.67264,0.03098
3311.74385,0.03569
3309.81505,0.03721
3307.88625,0.03422
3305.95746,0.03177
3304.02866,0.02819
3302.09986,0.02305
3300.17107,0.02317
3298.24227,0.02760
3296.31347,0.02622
3294.38468,0.01984
3292.45588,0.01680
3290.52708,0.01390
3288.59829,0.00731
3286.66949,0.00540
3284.74069,0.01332
3282.81190,0.02228
3280.88310,0.02201
3278.95430,0.01742
3277.02551,0.01786
3275.09671,0.02209
3273.16791,0.02629
3271.23912,0.02782
3269.31032,0.02421
3267.38152,0.01784
3265.45273,0.01485
3263.52393,0.01772
3261.59513,0.02211
3259.66634,0.02306
3257.73754,0.01928
3255.80874,0.01468
3253.87995,0.01421
3251.95115,0.01636
3250.02235,0.01986
3248.09356,0.02675
3246.16476,0.03162
3244.23596,0.02883
3242.30717,0.02541
3240.37837,0.02986
3238.44957,0.04055
3236.52078,0.05073
3234.59198,0.05335
3232.66318,0.04545
3230.73439,0.03213
3228.80559,0.02397
3226.87679,0.02478
3224.94800,0.02761
3223.01920,0.03082
3221.09040,0.03688
3219.16161,0.04098
3217.23281,0.03898
3215.30401,0.03364
3213.37522,0.03010
3211.44642,0.03228
3209.51762,0.03989
3207.58883,0.04744
3205.66003,0.04869
3203.73123,0.04432
3201.80244,0.04136
3199.87364,0.04142
3197.94484,0.04141
3196.01605,0.04255
3194.08725,0.04554
3192.15845,0.04799
3190.22966,0.04958
3188.30086,0.04825
3186.37206,0.04157
3184.44327,0.03447
3182.51447,0.03284
3180.58567,0.03445
3178.65688,0.03373
3176.72808,0.03133
3174.79928,0.03214
3172.87049,0.03381
3170.94169,0.03096
3169.01289,0.02757
3167.08410,0.02789
3165.15530,0.02778
3163.22650,0.02475
3161.29771,0.02152
3159.36891,0.02076
3157.44011,0.02348
3155.51132,0.02855
3153.58252,0.03243
3151.65372,0.03145
3149.72493,0.02690
3147.79613,0.02405
3145.86733,0.02368
3143.93854,0.02376
3142.00974,0.02493
3140.08094,0.02607
3138.15215,0.02518
3136.22335,0.02441
3134.29455,0.02644
3132.36576,0.02834
3130.43696,0.02562
3128.50816,0.02136
3126.57937,0.02090
3124.65057,0.02314
3122.72177,0.02520
3120.79298,0.02588
3118.86418,0.02467
3116.93538,0.02282
3115.00659,0.02160
3113.07779,0.02071
3111.14899,0.02020
3109.22020,0.02050
3107.29140,0.02115
3105.36260,0.02204
3103.43381,0.02293
3101.50501,0.02236
3099.57621,0.02081
3097.64742,0.01984
3095.71862,0.01916
3093.78982,0.01839
3091.86103,0.01806
3089.93223,0.01815
3088.00344,0.01780
3086.07464,0.01751
3084.14584,0.01920
3082.21705,0.02188
3080.28825,0.02228
3078.35945,0.02004
3076.43066,0.01852
3074.50186,0.01997
3072.57306,0.02181
3070.64427,0.02102
3068.71547,0.01932
3066.78667,0.01902
3064.85788,0.01949
3062.92908,0.01961
3061.00028,0.01945
3059.07149,0.01983
3057.14269,0.02079
3055.21389,0.02122
3053.28510,0.02054
3051.35630,0.01941
3049.42750,0.01870
3047.49871,0.01855
3045.56991,0.01887
3043.64111,0.01965
3041.71232,0.02050
3039.78352,0.02111
3037.85472,0.02162
3035.92593,0.02235
3033.99713,0.02329
3032.06833,0.02374
3030.13954,0.02334
3028.21074,0.02303
3026.28194,0.02297
3024.35315,0.02190
3022.42435,0.02023
3020.49555,0.01993
3018.56676,0.02129
3016.63796,0.02301
3014.70916,0.02425
3012.78037,0.02457
3010.85157,0.02400
3008.92277,0.02378
3006.99398,0.02452
3005.06518,0.02493
3003.13638,0.02437
3001.20759,0.02377
2999.27879,0.02330
2997.34999,0.02267
2995.42120,0.02234
2993.49240,0.02226
2991.56360,0.02222
2989.63481,0.02252
2987.70601,0.02297
2985.77721,0.02321
2983.84842,0.02324
2981.91962,0.02318
2979.99082,0.02324
2978.06203,0.02342
2976.13323,0.02364
2974.20443,0.02390
2972.27564,0.02400
2970.34684,0.02394
2968.41804,0.02381
2966.48925,0.02340
2964.56045,0.02288
2962.63165,0.02287
2960.70286,0.02352
2958.77406,0.02434
2956.84526,0.02500
2954.91647,0.02513
2952.98767,0.02460
2951.05887,0.02411
2949.13008,0.02430
2947.20128,0.02473
2945.27248,0.02457
2943.34369,0.02406
2941.41489,0.02401
2939.48609,0.02424
2937.55730,0.02440
2935.62850,0.02461
2933.69970,0.02467
2931.77091,0.02444
2929.84211,0.02432
2927.91331,0.02440
2925.98452,0.02442
2924.05572,0.02433
2922.12692,0.02437
2920.19813,0.02485
2918.26933,0.02567
2916.34053,0.02634
2914.41174,0.02667
2912.48294,0.02679
2910.55414,0.02665
2908.62535,0.02610
2906.69655,0.02572
2904.76775,0.02595
2902.83896,0.02626
2900.91016,0.02643
2898.98136,0.02657
2897.05257,0.02651
2895.12377,0.02645
2893.19497,0.02672
2891.26618,0.02705
2889.33738,0.02717
2887.40858,0.02729
2885.47979,0.02745
2883.55099,0.02737
2881.62219,0.02702
2879.69340,0.02678
2877.76460,0.02681
2875.83580,0.02701
2873.90701,0.02717
2871.97821,0.02709
2870.04941,0.02719
2868.12062,0.02770
2866.19182,0.02813
2864.26302,0.02822
2862.33423,0.02821
2860.40543,0.02826
2858.47663,0.02832
2856.54784,0.02846
2854.61904,0.02878
2852.69024,0.02914
2850.76145,0.02929
2848.83265,0.02936
2846.90385,0.02961
2844.97506,0.02993
2843.04626,0.03013
2841.11746,0.03027
2839.18867,0.03041
2837.25987,0.03060
2835.33107,0.03082
2833.40228,0.03077
2831.47348,0.03051
2829.54468,0.03040
2827.61589,0.03044
2825.68709,0.03060
2823.75829,0.03087
2821.82950,0.03101
2819.90070,0.03100
2817.97190,0.03118
2816.04311,0.03159
2814.11431,0.03179
2812.18551,0.03163
2810.25672,0.03142
2808.32792,0.03132
2806.39912,0.03116
2804.47033,0.03094
2802.54153,0.03086
2800.61273,0.03094
2798.68394,0.03108
2796.75514,0.03106
2794.82634,0.03091
2792.89755,0.03089
2790.96875,0.03085
2789.03995,0.03054
2787.11116,0.03012
2785.18236,0.02983
2783.25356,0.02978
2781.32477,0.02990
2779.39597,0.02994
2777.46717,0.02969
2775.53838,0.02924
2773.60958,0.02886
2771.68078,0.02889
2769.75199,0.02918
2767.82319,0.02924
2765.89439,0.02917
2763.96560,0.02925
2762.03680,0.02929
2760.10800,0.02920
2758.17921,0.02904
2756.25041,0.02883
2754.32161,0.02868
2752.39282,0.02864
2750.46402,0.02852
2748.53522,0.02840
2746.60643,0.02852
2744.67763,0.02877
2742.74883,0.02896
2740.82004,0.02906
2738.89124,0.02903
2736.96244,0.02894
2735.03365,0.02894
2733.10485,0.02899
2731.17605,0.02885
2729.24726,0.02858
2727.31846,0.02844
2725.38967,0.02842
2723.46087,0.02838
2721.53207,0.02833
2719.60328,0.02840
2717.67448,0.02864
2715.74568,0.02905
2713.81689,0.02942
2711.88809,0.02948
2709.95929,0.02925
2708.03050,0.02902
2706.10170,0.02896
2704.17290,0.02893
2702.24411,0.02882
2700.31531,0.02875
2698.38651,0.02882
2696.45772,0.02893
2694.52892,0.02904
2692.60012,0.02919
2690.67133,0.02934
2688.74253,0.02928
2686.81373,0.02907
2684.88494,0.02895
2682.95614,0.02893
2681.02734,0.02896
2679.09855,0.02906
2677.16975,0.02907
2675.24095,0.02897
2673.31216,0.02887
2671.38336,0.02875
2669.45456,0.02865
2667.52577,0.02874
2665.59697,0.02894
2663.66817,0.02898
2661.73938,0.02886
2659.81058,0.02881
2657.88178,0.02887
2655.95299,0.02895
2654.02419,0.02897
2652.09539,0.02893
2650.16660,0.02882
2648.23780,0.02872
2646.30900,0.02874
2644.38021,0.02879
2642.45141,0.02874
2640.52261,0.02866
2638.59382,0.02880
2636.66502,0.02914
2634.73622,0.02946
2632.80743,0.02968
2630.87863,0.02984
2628.94983,0.03005
2627.02104,0.03025
2625.09224,0.03025
2623.16344,0.03026
2621.23465,0.03057
2619.30585,0.03085
2617.37705,0.03087
2615.44826,0.03097
2613.51946,0.03115
2611.59066,0.03133
2609.66187,0.03162
2607.73307,0.03184
2605.80427,0.03202
2603.87548,0.03232
2601.94668,0.03244
2600.01788,0.03221
2598.08909,0.03213
2596.16029,0.03244
2594.23149,0.03253
2592.30270,0.03228
2590.37390,0.03218
2588.44510,0.03219
2586.51631,0.03206
2584.58751,0.03212
2582.65871,0.03240
2580.72992,0.03231
2578.80112,0.03173
2576.87232,0.03130
2574.94353,0.03142
2573.01473,0.03178
2571.08593,0.03197
2569.15714,0.03196
2567.22834,0.03204
2565.29954,0.03232
2563.37075,0.03279
2561.44195,0.03310
2559.51315,0.03277
2557.58436,0.03212
2555.65556,0.03193
2553.72676,0.03221
2551.79797,0.03247
2549.86917,0.03249
2547.94037,0.03236
2546.01158,0.03236
2544.08278,0.03255
2542.15398,0.03259
2540.22519,0.03243
2538.29639,0.03226
2536.36759,0.03207
2534.43880,0.03189
2532.51000,0.03189
2530.58120,0.03214
2528.65241,0.03245
2526.72361,0.03243
2524.79481,0.03196
2522.86602,0.03145
2520.93722,0.03132
2519.00842,0.03140
2517.07963,0.03161
2515.15083,0.03211
2513.22203,0.03273
2511.29324,0.03311
2509.36444,0.03297
2507.43564,0.03249
2505.50685,0.03215
2503.57805,0.03210
2501.64925,0.03215
2499.72046,0.03208
2497.79166,0.03181
2495.86286,0.03162
2493.93407,0.03151
2492.00527,0.03140
2490.07647,0.03154
2488.14768,0.03182
2486.21888,0.03185
2484.29008,0.03154
2482.36129,0.03126
2480.43249,0.03125
2478.50369,0.03126
2476.57490,0.03123
2474.64610,0.03126
2472.71730,0.03110
2470.78851,0.03091
2468.85971,0.03105
2466.93091,0.03108
2465.00212,0.03082
2463.07332,0.03080
2461.14452,0.03106
2459.21573,0.03117
2457.28693,0.03105
2455.35813,0.03084
2453.42934,0.03067
2451.50054,0.03051
2449.57174,0.03032
2447.64295,0.03036
2445.71415,0.03069
2443.78535,0.03091
2441.85656,0.03085
2439.92776,0.03051
2437.99896,0.03004
2436.07017,0.02982
2434.14137,0.02992
2432.21257,0.03012
2430.28378,0.03023
2428.35498,0.03016
2426.42618,0.02995
2424.49739,0.02972
2422.56859,0.02956
2420.63979,0.02948
2418.71100,0.02928
2416.78220,0.02890
2414.85340,0.02851
2412.92461,0.02830
2410.99581,0.02812
2409.06701,0.02788
2407.13822,0.02776
2405.20942,0.02762
2403.28062,0.02742
2401.35183,0.02724
2399.42303,0.02707
2397.49423,0.02697
2395.56544,0.02690
2393.63664,0.02678
2391.70784,0.02670
2389.77905,0.02711
2387.85025,0.02890
2385.92145,0.03287
2383.99266,0.03946
2382.06386,0.04871
2380.13506,0.06036
2378.20627,0.07343
2376.27747,0.08665
2374.34867,0.09974
2372.41988,0.11289
2370.49108,0.12589
2368.56228,0.13837
2366.63349,0.14960
2364.70469,0.15853
2362.77589,0.16423
2360.84710,0.16650
2358.91830,0.16501
2356.98951,0.15851
2355.06071,0.14648
2353.13191,0.12995
2351.20312,0.11319
2349.27432,0.10465
2347.34552,0.10914
2345.41673,0.12124
2343.48793,0.12884
2341.55913,0.12905
2339.63034,0.12662
2337.70154,0.12376
2335.77274,0.12147
2333.84395,0.12083
2331.91515,0.12119
2329.98635,0.11971
2328.05756,0.11586
2326.12876,0.11227
2324.19996,0.11009
2322.27117,0.10704
2320.34237,0.10066
2318.41357,0.09234
2316.48478,0.08567
2314.55598,0.08174
2312.62718,0.07849
2310.69839,0.07408
2308.76959,0.06860
2306.84079,0.06283
2304.91200,0.05744
2302.98320,0.05302
2301.05440,0.04959
2299.12561,0.04664
2297.19681,0.04387
2295.26801,0.04126
2293.33922,0.03894
2291.41042,0.03706
2289.48162,0.03548
2287.55283,0.03416
2285.62403,0.03346
2283.69523,0.03326
2281.76644,0.03329
2279.83764,0.03407
2277.90884,0.03552
2275.98005,0.03648
2274.05125,0.03667
2272.12245,0.03657
2270.19366,0.03670
2268.26486,0.03731
2266.33606,0.03776
2264.40727,0.03768
2262.47847,0.03792
2260.54967,0.03868
2258.62088,0.03915
2256.69208,0.03916
2254.76328,0.03871
2252.83449,0.03794
2250.90569,0.03763
2248.97689,0.03784
2247.04810,0.03828
2245.11930,0.03911
2243.19050,0.03978
2241.26171,0.04009
2239.33291,0.04025
2237.40411,0.03999
2235.47532,0.03977
2233.54652,0.04007
2231.61772,0.04056
2229.68893,0.04164
2227.76013,0.04332
2225.83133,0.04441
2223.90254,0.04484
2221.97374,0.04542
2220.04494,0.04596
2218.11615,0.04592
2216.18735,0.04540
2214.25855,0.04496
2212.32976,0.04546
2210.40096,0.04651
2208.47216,0.04690
2206.54337,0.04663
2204.61457,0.04604
2202.68577,0.04571
2200.75698,0.04660
2198.82818,0.04843
2196.89938,0.05010
2194.97059,0.05061
2193.04179,0.05012
2191.11299,0.05034
2189.18420,0.05160
2187.25540,0.05252
2185.32660,0.05327
2183.39781,0.05463
2181.46901,0.05618
2179.54021,0.05776
2177.61142,0.05919
2175.68262,0.06005
2173.75382,0.05980
2171.82503,0.05848
2169.89623,0.05843
2167.96743,0.06072
2166.03864,0.06289
2164.10984,0.06356
2162.18104,0.06502
2160.25225,0.06845
2158.32345,0.06960
2156.39465,0.06544
2154.46586,0.05936
2152.53706,0.05415
2150.60826,0.04945
2148.67947,0.04584
2146.75067,0.04426
2144.82187,0.04327
2142.89308,0.04186
2140.96428,0.04083
2139.03548,0.04054
2137.10669,0.03957
2135.17789,0.03700
2133.24909,0.03409
2131.32030,0.03160
2129.39150,0.02970
2127.46270,0.02904
2125.53391,0.02900
2123.60511,0.02823
2121.67631,0.02708
2119.74752,0.02652
2117.81872,0.02660
2115.88992,0.02685
2113.96113,0.02665
2112.03233,0.02624
2110.10353,0.02634
2108.17474,0.02682
2106.24594,0.02715
2104.31714,0.02722
2102.38835,0.02728
2100.45955,0.02750
2098.53075,0.02769
2096.60196,0.02790
2094.67316,0.02819
2092.74436,0.02829
2090.81557,0.02815
2088.88677,0.02763
2086.95797,0.02656
2085.02918,0.02581
2083.10038,0.02601
2081.17158,0.02668
2079.24279,0.02736
2077.31399,0.02804
2075.38519,0.02842
2073.45640,0.02827
2071.52760,0.02808
2069.59880,0.02859
2067.67001,0.03032
2065.74121,0.03210
2063.81241,0.03195
2061.88362,0.03102
2059.95482,0.03140
2058.02602,0.03239
2056.09723,0.03265
2054.16843,0.03232
2052.23963,0.03277
2050.31084,0.03467
2048.38204,0.03649
2046.45324,0.03718
2044.52445,0.03818
2042.59565,0.04004
2040.66685,0.04140
2038.73806,0.04184
2036.80926,0.04233
2034.88046,0.04301
2032.95167,0.04347
2031.02287,0.04286
2029.09407,0.04054
2027.16528,0.03860
2025.23648,0.03919
2023.30768,0.04079
2021.37889,0.04172
2019.45009,0.04313
2017.52129,0.04361
2015.59250,0.04088
2013.66370,0.03790
2011.73490,0.03697
2009.80611,0.03730
2007.87731,0.03795
2005.94851,0.03746
2004.01972,0.03569
2002.09092,0.03390
2000.16212,0.03289
1998.23333,0.03289
1996.30453,0.03390
1994.37574,0.03623
1992.44694,0.03854
1990.51814,0.03812
1988.58935,0.03576
1986.66055,0.03418
1984.73175,0.03423
1982.80296,0.03531
1980.87416,0.03677
1978.94536,0.03777
1977.01657,0.03699
1975.08777,0.03517
1973.15897,0.03369
1971.23018,0.03384
1969.30138,0.03660
1967.37258,0.03849
1965.44379,0.03648
1963.51499,0.03279
1961.58619,0.02980
1959.65740,0.02798
1957.72860,0.02730
1955.79980,0.02692
1953.87101,0.02613
1951.94221,0.02500
1950.01341,0.02418
1948.08462,0.02496
1946.15582,0.02846
1944.22702,0.03322
1942.29823,0.03330
1940.36943,0.02749
1938.44063,0.02288
1936.51184,0.02216
1934.58304,0.02252
1932.65424,0.02212
1930.72545,0.02147
1928.79665,0.02106
1926.86785,0.02199
1924.93906,0.02561
1923.01026,0.02872
1921.08146,0.02925
1919.15267,0.02962
1917.22387,0.02784
1915.29507,0.02333
1913.36628,0.02152
1911.43748,0.02358
1909.50868,0.02514
1907.57989,0.02365
1905.65109,0.02126
1903.72229,0.02010
1901.79350,0.01961
1899.86470,0.01956
1897.93590,0.02105
1896.00711,0.02315
1894.07831,0.02385
1892.14951,0.02535
1890.22072,0.02788
1888.29192,0.02640
1886.36312,0.02241
1884.43433,0.02014
1882.50553,0.01902
1880.57673,0.01847
1878.64794,0.01832
1876.71914,0.01824
1874.79034,0.01890
1872.86155,0.02318
1870.93275,0.03326
1869.00395,0.04154
1867.07516,0.03701
1865.14636,0.02653
1863.21756,0.02092
1861.28877,0.02001
1859.35997,0.01986
1857.43117,0.01903
1855.50238,0.01816
1853.57358,0.01807
1851.64478,0.01951
1849.71599,0.02370
1847.78719,0.03086
1845.85839,0.03903
1843.92960,0.04016
1842.00080,0.03132
1840.07200,0.02401
1838.14321,0.02258
1836.21441,0.02246
1834.28561,0.02323
1832.35682,0.02972
1830.42802,0.03830
1828.49922,0.03921
1826.57043,0.03605
1824.64163,0.03227
1822.71283,0.02569
1820.78404,0.02075
1818.85524,0.01995
1816.92644,0.02006
1814.99765,0.02104
1813.06885,0.02536
1811.14005,0.02944
1809.21126,0.02811
1807.28246,0.02430
1805.35366,0.02423
1803.42487,0.03003
1801.49607,0.03658
1799.56727,0.03688
1797.63848,0.03427
1795.70968,0.03676
1793.78088,0.04483
1791.85209,0.04678
1789.92329,0.03607
1787.99449,0.02684
1786.06570,0.02600
1784.13690,0.02851
1782.20810,0.03115
1780.27931,0.03211
1778.35051,0.03082
1776.42171,0.03377
1774.49292,0.04498
1772.56412,0.05555
1770.63532,0.05246
1768.70653,0.04120
1766.77773,0.03118
1764.84893,0.02836
1762.92014,0.03318
1760.99134,0.03624
1759.06254,0.03519
1757.13375,0.03407
1755.20495,0.03295
1753.27615,0.03852
1751.34736,0.05330
1749.41856,0.06228
1747.48976,0.05724
1745.56097,0.04971
1743.63217,0.04641
1741.70337,0.04585
1739.77458,0.04447
1737.84578,0.04434
1735.91698,0.05355
1733.98819,0.06480
1732.05939,0.05778
1730.13059,0.04244
1728.20180,0.02984
1726.27300,0.02406
1724.34420,0.02532
1722.41541,0.03031
1720.48661,0.04348
1718.55781,0.06685
1716.62902,0.07808
1714.70022,0.06370
1712.77142,0.04631
1710.84263,0.03919
1708.91383,0.04398
1706.98503,0.05671
1705.05624,0.06745
1703.12744,0.07625
1701.19864,0.09279
1699.26985,0.10770
1697.34105,0.10845
1695.41225,0.09899
1693.48346,0.08849
1691.55466,0.09114
1689.62586,0.10672
1687.69707,0.12809
1685.76827,0.15900
1683.83947,0.18818
1681.91068,0.18821
1679.98188,0.18216
1678.05308,0.18797
1676.12429,0.20508
1674.19549,0.22371
1672.26669,0.23962
1670.33790,0.25577
1668.40910,0.25916
1666.48030,0.25310
1664.55151,0.25638
1662.62271,0.26403
1660.69391,0.26241
1658.76512,0.26037
1656.83632,0.27196
1654.90752,0.30030
1652.97873,0.31811
1651.04993,0.30414
1649.12113,0.30261
1647.19234,0.31142
1645.26354,0.30311
1643.33474,0.29079
1641.40595,0.29409
1639.47715,0.31372
1637.54835,0.34654
1635.61956,0.37471
1633.69076,0.37678
1631.76197,0.37705
1629.83317,0.39140
1627.90437,0.41171
1625.97558,0.42845
1624.04678,0.44045
1622.11798,0.44249
1620.18919,0.44065
1618.26039,0.44559
1616.33159,0.44529
1614.40280,0.43237
1612.47400,0.42445
1610.54520,0.42670
1608.61641,0.43260
1606.68761,0.43776
1604.75881,0.44473
1602.83002,0.45418
1600.90122,0.46298
1598.97242,0.47084
1597.04363,0.47889
1595.11483,0.48433
1593.18603,0.48364
1591.25724,0.47758
1589.32844,0.46728
1587.39964,0.45325
1585.47085,0.43676
1583.54205,0.41842
1581.61325,0.40032
1579.68446,0.38857
1577.75566,0.38154
1575.82686,0.35997
1573.89807,0.32942
1571.96927,0.31280
1570.04047,0.30130
1568.11168,0.28042
1566.18288,0.25913
1564.25408,0.24633
1562.32529,0.24865
1560.39649,0.27075
1558.46769,0.27469
1556.53890,0.23792
1554.61010,0.20754
1552.68130,0.18988
1550.75251,0.17940
1548.82371,0.17092
1546.89491,0.17046
1544.96612,0.18438
1543.03732,0.20532
1541.10852,0.21649
1539.17973,0.19254
1537.25093,0.16149
1535.32213,0.15240
1533.39334,0.15048
1531.46454,0.14021
1529.53574,0.13526
1527.60695,0.14211
1525.67815,0.15095
1523.74935,0.15999
1521.82056,0.16677
1519.89176,0.16233
1517.96296,0.15442
1516.03417,0.14334
1514.10537,0.13058
1512.17657,0.13049
1510.24778,0.14985
1508.31898,0.17906
1506.39018,0.17365
1504.46139,0.13529
1502.53259,0.11655
1500.60379,0.11906
1498.67500,0.13043
1496.74620,0.13440
1494.81740,0.12903
1492.88861,0.13357
1490.95981,0.15459
1489.03101,0.17130
1487.10222,0.16679
1485.17342,0.15935
1483.24462,0.16270
1481.31583,0.17439
1479.38703,0.18983
1477.45823,0.21170
1475.52944,0.24098
1473.60064,0.26693
1471.67184,0.27154
1469.74305,0.26273
1467.81425,0.26367
1465.88545,0.27510
1463.95666,0.28098
1462.02786,0.28258
1460.09906,0.29621
1458.17027,0.31649
1456.24147,0.30607
1454.31267,0.27312
1452.38388,0.24912
1450.45508,0.23532
1448.52628,0.22404
1446.59749,0.20701
1444.66869,0.18770
1442.73989,0.17270
1440.81110,0.16451
1438.88230,0.16472
1436.95350,0.16440
1435.02471,0.15111
1433.09591,0.13680
1431.16711,0.12933
1429.23832,0.12142
1427.30952,0.11307
1425.38072,0.11025
1423.45193,0.11033
1421.52313,0.11310
1419.59433,0.11899
1417.66554,0.11300
1415.73674,0.09578
1413.80794,0.08384
1411.87915,0.07918
1409.95035,0.07651
1408.02155,0.07595
1406.09276,0.07822
1404.16396,0.07747
1402.23516,0.07555
1400.30637,0.08026
1398.37757,0.08790
1396.44877,0.09025
1394.51998,0.08376
1392.59118,0.07205
1390.66238,0.06676
1388.73359,0.07020
1386.80479,0.07081
1384.87599,0.06359
1382.94720,0.05780
1381.01840,0.05738
1379.08960,0.05967
1377.16081,0.06439
1375.23201,0.06988
1373.30321,0.06852
1371.37442,0.06185
1369.44562,0.05796
1367.51682,0.05700
1365.58803,0.06026
1363.65923,0.06773
1361.73043,0.06840
1359.80164,0.06018
1357.87284,0.05390
1355.94404,0.05229
1354.01525,0.05147
1352.08645,0.05031
1350.15765,0.04980
1348.22886,0.04927
1346.30006,0.04843
1344.37126,0.04942
1342.44247,0.05570
1340.51367,0.06511
1338.58487,0.06711
1336.65608,0.05942
1334.72728,0.05150
1332.79848,0.04803
1330.86969,0.04731
1328.94089,0.04711
1327.01209,0.04684
1325.08330,0.04686
1323.15450,0.04787
1321.22570,0.05047
1319.29691,0.05303
1317.36811,0.05314
1315.43931,0.05195
1313.51052,0.05085
1311.58172,0.04895
1309.65292,0.04696
1307.72413,0.04599
1305.79533,0.04539
1303.86653,0.04485
1301.93774,0.04462
1300.00894,0.04472
1298.08014,0.04500
1296.15135,0.04502
1294.22255,0.04475
1292.29375,0.04493
1290.36496,0.04583
1288.43616,0.04649
1286.50736,0.04600
1284.57857,0.04501
1282.64977,0.04459
1280.72097,0.04462
1278.79218,0.04455
1276.86338,0.04447
1274.93458,0.04492
1273.00579,0.04603
1271.07699,0.04687
1269.14820,0.04673
1267.21940,0.04606
1265.29060,0.04550
1263.36181,0.04543
1261.43301,0.04583
1259.50421,0.04580
1257.57542,0.04515
1255.64662,0.04468
1253.71782,0.04463
1251.78903,0.04473
1249.86023,0.04485
1247.93143,0.04499
1246.00264,0.04525
1244.07384,0.04549
1242.14504,0.04551
1240.21625,0.04545
1238.28745,0.04549
1236.35865,0.04558
1234.42986,0.04572
1232.50106,0.04589
1230.57226,0.04606
1228.64347,0.04638
1226.71467,0.04688
1224.78587,0.04729
1222.85708,0.04747
1220.92828,0.04773
1218.99948,0.04816
1217.07069,0.04861
1215.14189,0.04918
1213.21309,0.04991
1211.28430,0.05049
1209.35550,0.05090
1207.42670,0.05143
1205.49791,0.05214
1203.56911,0.05294
1201.64031,0.05387
1199.71152,0.05497
1197.78272,0.05615
1195.85392,0.05740
1193.92513,0.05885
1191.99633,0.06060
1190.06753,0.06266
1188.13874,0.06501
1186.20994,0.06749
1184.28114,0.07009
1182.35235,0.07305
1180.42355,0.07657
1178.49475,0.08064
1176.56596,0.08512
1174.63716,0.08981
1172.70836,0.09449
1170.77957,0.09924
1168.85077,0.10415
1166.92197,0.10900
1164.99318,0.11347
1163.06438,0.11731
1161.13558,0.12032
1159.20679,0.12225
1157.27799,0.12299
1155.34919,0.12250
1153.42040,0.12083
1151.49160,0.11805
1149.56280,0.11431
1147.63401,0.10986
1145.70521,0.10501
1143.77641,0.10007
1141.84762,0.09524
1139.91882,0.09066
1137.99002,0.08642
1136.06123,0.08248
1134.13243,0.07879
1132.20363,0.07541
1130.27484,0.07245
1128.34604,0.06990
1126.41724,0.06769
1124.48845,0.06578
1122.55965,0.06410
1120.63085,0.06258
1118.70206,0.06120
1116.77326,0.06000
1114.84446,0.05898
1112.91567,0.05808
1110.98687,0.05728
1109.05807,0.05657
1107.12928,0.05597
1105.20048,0.05544
1103.27168,0.05500
1101.34289,0.05464
1099.41409,0.05437
1097.48529,0.05421
1095.55650,0.05418
1093.62770,0.05426
1091.69890,0.05442
1089.77011,0.05465
1087.84131,0.05496
1085.91251,0.05535
1083.98372,0.05580
1082.05492,0.05630
1080.12612,0.05684
1078.19733,0.05743
1076.26853,0.05804
1074.33973,0.05863
1072.41094,0.05915
1070.48214,0.05958
1068.55334,0.05991
1066.62455,0.06015
1064.69575,0.06022
1062.76695,0.06009
1060.83816,0.05982
1058.90936,0.05943
1056.98056,0.05896
1055.05177,0.05841
1053.12297,0.05779
1051.19417,0.05711
1049.26538,0.05641
1047.33658,0.05572
1045.40778,0.05507
1043.47899,0.05448
1041.55019,0.05395
1039.62139,0.05344
1037.69260,0.05295
1035.76380,0.05248
1033.83500,0.05202
1031.90621,0.05152
1029.97741,0.05102
1028.04861,0.05058
1026.11982,0.05017
1024.19102,0.04977
1022.26222,0.04942
1020.33343,0.04915
1018.40463,0.04896
1016.47583,0.04883
1014.54704,0.04872
1012.61824,0.04859
1010.68944,0.04840
1008.76065,0.04808
1006.83185,0.04756
1004.90305,0.04691
1002.97426,0.04622
1001.04546,0.04557
999.11666,0.04501
997.18787,0.04457
995.25907,0.04426
993.33027,0.04399
991.40148,0.04372
989.47268,0.04344
987.54388,0.04315
985.61509,0.04285
983.68629,0.04254
981.75749,0.04221
979.82870,0.04186
977.89990,0.04152
975.97110,0.04118
974.04231,0.04082
972.11351,0.04044
970.18471,0.04005
968.25592,0.03967
966.32712,0.03928
964.39832,0.03887
962.46953,0.03843
960.54073,0.03802
958.61193,0.03762
956.68314,0.03723
954.75434,0.03688
952.82554,0.03656
950.89675,0.03625
948.96795,0.03593
947.03915,0.03558
945.11036,0.03524
943.18156,0.03487
941.25276,0.03448
939.32397,0.03410
937.39517,0.03376
935.46637,0.03344
933.53758,0.03310
931.60878,0.03271
929.67998,0.03230
927.75119,0.03187
925.82239,0.03145
923.89359,0.03102
921.96480,0.03057
920.03600,0.03010
918.10720,0.02961
916.17841,0.02911
914.24961,0.02864
912.32081,0.02819
910.39202,0.02775
908.46322,0.02731
906.53443,0.02686
904.60563,0.02642
902.67683,0.02603
900.74804,0.02567
898.81924,0.02533
896.89044,0.02498
894.96165,0.02457
893.03285,0.02415
891.10405,0.02378
889.17526,0.02341
887.24646,0.02298
885.31766,0.02254
883.38887,0.02211
881.46007,0.02168
879.53127,0.02129
877.60248,0.02092
875.67368,0.02055
873.74488,0.02018
871.81609,0.01984
869.88729,0.01950
867.95849,0.01916
866.02970,0.01882
864.10090,0.01844
862.17210,0.01807
860.24331,0.01774
858.31451,0.01743
856.38571,0.01716
854.45692,0.01700
852.52812,0.01688
850.59932,0.01672
848.67053,0.01651
846.74173,0.01629
844.81293,0.01615
842.88414,0.01609
840.95534,0.01607
839.02654,0.01606
837.09775,0.01601
835.16895,0.01592
833.24015,0.01585
831.31136,0.01585
829.38256,0.01589
827.45376,0.01590
825.52497,0.01589
823.59617,0.01590
821.66737,0.01596
819.73858,0.01607
817.80978,0.01616
815.88098,0.01625
813.95219,0.01644
812.02339,0.01669
810.09459,0.01694
808.16580,0.01722
806.23700,0.01766
804.30820,0.01823
802.37941,0.01886
800.45061,0.01965
798.52181,0.02070
796.59302,0.02185
794.66422,0.02293
792.73542,0.02402
790.80663,0.02520
788.87783,0.02623
786.94903,0.02685
785.02024,0.02713
783.09144,0.02716
781.16264,0.02672
779.23385,0.02568
777.30505,0.02451
775.37625,0.02347
773.44746,0.02244
771.51866,0.02156
769.58986,0.02088
767.66107,0.02028
765.73227,0.01990
763.80347,0.01967
761.87468,0.01926
759.94588,0.01880
758.01708,0.01875
756.08829,0.01897
754.15949,0.01885
752.23069,0.01843
750.30190,0.01838
748.37310,0.01884
