3496.90832,0.03720
3494.97953,0.04156
3493.05073,0.04705
3491.12193,0.04961
3489.19314,0.04894
3487.26434,0.04590
3485.33554,0.04391
3483.40675,0.04773
3481.47795,0.05653
3479.54915,0.06084
3477.62036,0.05690
3475.69156,0.05238
3473.76276,0.05222
3471.83397,0.05374
3469.90517,0.05256
3467.97637,0.04671
3466.04758,0.04286
3464.11878,0.04669
3462.18998,0.05032
3460.26119,0.04808
3458.33239,0.04543
3456.40359,0.04637
3454.47480,0.05100
3452.54600,0.05740
3450.61721,0.05870
3448.68841,0.05270
3446.75961,0.04877
3444.83082,0.04745
3442.90202,0.03852
3440.97322,0.02644
3439.04443,0.02249
3437.11563,0.02451
3435.18683,0.02800
3433.25804,0.03302
3431.32924,0.03365
3429.40044,0.02811
3427.47165,0.02488
3425.54285,0.02795
3423.61405,0.03317
3421.68526,0.03438
3419.75646,0.03143
3417.82766,0.02674
3415.89887,0.01773
3413.97007,0.01005
3412.04127,0.01271
3410.11248,0.02007
3408.18368,0.02397
3406.25488,0.02221
3404.32609,0.01575
3402.39729,0.01012
3400.46849,0.00911
3398.53970,0.01199
3396.61090,0.01752
3394.68210,0.02319
3392.75331,0.02723
3390.82451,0.03165
3388.89571,0.03901
3386.96692,0.04777
3385.03812,0.05430
3383.10932,0.05726
3381.18053,0.05863
3379.25173,0.06152
3377.32293,0.06019
3375.39414,0.05062
3373.46534,0.04462
3371.53654,0.04573
3369.60775,0.04196
3367.67895,0.03303
3365.75015,0.02982
3363.82136,0.03465
3361.89256,0.04092
3359.96376,0.04500
3358.03497,0.04841
3356.10617,0.04796
3354.17737,0.04024
3352.24858,0.03598
3350.31978,0.04296
3348.39098,0.05097
3346.46219,0.05127
3344.53339,0.04696
3342.60459,0.04299
3340.67580,0.03985
3338.74700,0.03971
3336.81820,0.04647
3334.88941,0.05471
3332.96061,0.05784
3331.03181,0.05806
3329.10302,0.05333
3327.17422,0.04193
3325.24542,0.03112
3323.31663,0.02928
3321.38783,0.03523
3319.45903,0.04164
3317.53024,0.04458
3315.60144,0.04146
3313.67264,0.03561
3311.74385,0.03355
3309.81505,0.03163
3307.88625,0.02787
3305.95746,0.02422
3304.02866,0.01820
3302.09986,0.01025
3300.17107,0.00454
3298.24227,0.00267
3296.31347,0.00205
3294.38468,0.00052
3292.45588,0.00107
3290.52708,0.00310
3288.59829,0.00393
3286.66949,0.00529
3284.74069,0.00545
3282.81190,0.00449
3280.88310,0.00741
3278.95430,0.01172
3277.02551,0.01177
3275.09671,0.00991
3273.16791,0.01152
3271.23912,0.01516
3269.31032,0.01483
3267.38152,0.00871
3265.45273,0.00445
3263.52393,0.00810
3261.59513,0.01370
3259.66634,0.01334
3257.73754,0.00680
3255.80874,0.00177
3253.87995,0.00551
3251.95115,0.01242
3250.02235,0.01388
3248.09356,0.01349
3246.16476,0.01693
3244.23596,0.02319
3242.30717,0.03035
3240.37837,0.03653
3238.44957,0.03933
3236.52078,0.04164
3234.59198,0.04430
3232.66318,0.04016
3230.73439,0.02792
3228.80559,0.01691
3226.87679,0.01458
3224.94800,0.01859
3223.01920,0.02330
3221.09040,0.02879
3219.16161,0.03467
3217.23281,0.03572
3215.30401,0.03222
3213.37522,0.02997
3211.44642,0.03196
3209.51762,0.03832
3207.58883,0.04439
3205.66003,0.04378
3203.73123,0.04078
3201.80244,0.04171
3199.87364,0.04220
3197.94484,0.03907
3196.01605,0.03574
3194.08725,0.03511
3192.15845,0.03717
3190.22966,0.03840
3188.30086,0.03648
3186.37206,0.03498
3184.44327,0.03546
3182.51447,0.03356
3180.58567,0.02984
3178.65688,0.02943
3176.72808,0.03155
3174.79928,0.03308
3172.87049,0.03379
3170.94169,0.03255
3169.01289,0.02909
3167.08410,0.02611
3165.15530,0.02496
3163.22650,0.02501
3161.29771,0.02440
3159.36891,0.02161
3157.44011,0.01938
3155.51132,0.02049
3153.58252,0.02271
3151.65372,0.02184
3149.72493,0.01807
3147.79613,0.01605
3145.86733,0.01717
3143.93854,0.01963
3142.00974,0.02217
3140.08094,0.02320
3138.15215,0.02232
3136.22335,0.01994
3134.29455,0.01740
3132.36576,0.01643
3130.43696,0.01570
3128.50816,0.01558
3126.57937,0.01830
3124.65057,0.02029
3122.72177,0.01896
3120.79298,0.01820
3118.86418,0.01838
3116.93538,0.01663
3115.00659,0.01338
3113.07779,0.01086
3111.14899,0.01076
3109.22020,0.01281
3107.29140,0.01490
3105.36260,0.01584
3103.43381,0.01568
3101.50501,0.01455
3099.57621,0.01319
3097.64742,0.01260
3095.71862,0.01245
3093.78982,0.01182
3091.86103,0.01117
3089.93223,0.01133
3088.00344,0.01176
3086.07464,0.01252
3084.14584,0.01504
3082.21705,0.01778
3080.28825,0.01770
3078.35945,0.01571
3076.43066,0.01479
3074.50186,0.01542
3072.57306,0.01575
3070.64427,0.01496
3068.71547,0.01431
3066.78667,0.01424
3064.85788,0.01410
3062.92908,0.01394
3061.00028,0.01351
3059.07149,0.01323
3057.14269,0.01464
3055.21389,0.01692
3053.28510,0.01728
3051.35630,0.01562
3049.42750,0.01425
3047.49871,0.01420
3045.56991,0.01467
3043.64111,0.01460
3041.71232,0.01412
3039.78352,0.01420
3037.85472,0.01482
3035.92593,0.01541
3033.99713,0.01602
3032.06833,0.01628
3030.13954,0.01572
3028.21074,0.01522
3026.28194,0.01515
3024.35315,0.01472
3022.42435,0.01420
3020.49555,0.01467
3018.56676,0.01581
3016.63796,0.01657
3014.70916,0.01707
3012.78037,0.01749
3010.85157,0.01735
3008.92277,0.01745
3006.99398,0.01864
3005.06518,0.01955
3003.13638,0.01874
3001.20759,0.01741
2999.27879,0.01688
2997.34999,0.01672
2995.42120,0.01656
2993.49240,0.01635
2991.56360,0.01622
2989.63481,0.01633
2987.70601,0.01633
2985.77721,0.01626
2983.84842,0.01671
2981.91962,0.01740
2979.99082,0.01749
2978.06203,0.01707
2976.13323,0.01693
2974.20443,0.01721
2972.27564,0.01764
2970.34684,0.01794
2968.41804,0.01780
2966.48925,0.01732
2964.56045,0.01681
2962.63165,0.01670
2960.70286,0.01707
2958.77406,0.01756
2956.84526,0.01826
2954.91647,0.01892
2952.98767,0.01879
2951.05887,0.01836
2949.13008,0.01869
2947.20128,0.01928
2945.27248,0.01901
2943.34369,0.01828
2941.41489,0.01806
2939.48609,0.01818
2937.55730,0.01800
2935.62850,0.01772
2933.69970,0.01793
2931.77091,0.01843
2929.84211,0.01871
2927.91331,0.01871
2925.98452,0.01843
2924.05572,0.01805
2922.12692,0.01812
2920.19813,0.01872
2918.26933,0.01938
2916.34053,0.01983
2914.41174,0.01997
2912.48294,0.01965
2910.55414,0.01890
2908.62535,0.01818
2906.69655,0.01824
2904.76775,0.01900
2902.83896,0.01954
2900.91016,0.01976
2898.98136,0.02015
2897.05257,0.02050
2895.12377,0.02058
2893.19497,0.02071
2891.26618,0.02095
2889.33738,0.02092
2887.40858,0.02063
2885.47979,0.02046
2883.55099,0.02057
2881.62219,0.02074
2879.69340,0.02076
2877.76460,0.02079
2875.83580,0.02095
2873.90701,0.02109
2871.97821,0.02120
2870.04941,0.02145
2868.12062,0.02185
2866.19182,0.02224
2864.26302,0.02247
2862.33423,0.02246
2860.40543,0.02225
2858.47663,0.02213
2856.54784,0.02244
2854.61904,0.02309
2852.69024,0.02360
2850.76145,0.02385
2848.83265,0.02413
2846.90385,0.02441
2844.97506,0.02453
2843.04626,0.02466
2841.11746,0.02486
2839.18867,0.02487
2837.25987,0.02477
2835.33107,0.02473
2833.40228,0.02471
2831.47348,0.02481
2829.54468,0.02509
2827.61589,0.02534
2825.68709,0.02546
2823.75829,0.02555
2821.82950,0.02572
2819.90070,0.02590
2817.97190,0.02595
2816.04311,0.02603
2814.11431,0.02623
2812.18551,0.02629
2810.25672,0.02616
2808.32792,0.02601
2806.39912,0.02587
2804.47033,0.02579
2802.54153,0.02586
2800.61273,0.02607
2798.68394,0.02616
2796.75514,0.02592
2794.82634,0.02570
2792.89755,0.02574
2790.96875,0.02560
2789.03995,0.02521
2787.11116,0.02492
2785.18236,0.02473
2783.25356,0.02449
2781.32477,0.02436
2779.39597,0.02436
2777.46717,0.02417
2775.53838,0.02373
2773.60958,0.02336
2771.68078,0.02328
2769.75199,0.02346
2767.82319,0.02352
2765.89439,0.02337
2763.96560,0.02334
2762.03680,0.02341
2760.10800,0.02340
2758.17921,0.02339
2756.25041,0.02334
2754.32161,0.02323
2752.39282,0.02316
2750.46402,0.02319
2748.53522,0.02333
2746.60643,0.02350
2744.67763,0.02353
2742.74883,0.02341
2740.82004,0.02337
2738.89124,0.02341
2736.96244,0.02339
2735.03365,0.02335
2733.10485,0.02326
2731.17605,0.02311
2729.24726,0.02299
2727.31846,0.02293
2725.38967,0.02287
2723.46087,0.02290
2721.53207,0.02304
2719.60328,0.02316
2717.67448,0.02319
2715.74568,0.02331
2713.81689,0.02361
2711.88809,0.02393
2709.95929,0.02404
2708.03050,0.02396
2706.10170,0.02381
2704.17290,0.02362
2702.24411,0.02343
2700.31531,0.02338
2698.38651,0.02353
2696.45772,0.02371
2694.52892,0.02374
2692.60012,0.02366
2690.67133,0.02364
2688.74253,0.02360
2686.81373,0.02340
2684.88494,0.02322
2682.95614,0.02315
2681.02734,0.02309
2679.09855,0.02311
2677.16975,0.02324
2675.24095,0.02332
2673.31216,0.02335
2671.38336,0.02335
2669.45456,0.02333
2667.52577,0.02334
2665.59697,0.02336
2663.66817,0.02329
2661.73938,0.02318
2659.81058,0.02331
2657.88178,0.02362
2655.95299,0.02373
2654.02419,0.02350
2652.09539,0.02321
2650.16660,0.02316
2648.23780,0.02333
2646.30900,0.02355
2644.38021,0.02374
2642.45141,0.02383
2640.52261,0.02385
2638.59382,0.02393
2636.66502,0.02404
2634.73622,0.02408
2632.80743,0.02411
2630.87863,0.02421
2628.94983,0.02459
2627.02104,0.02522
2625.09224,0.02561
2623.16344,0.02559
2621.23465,0.02562
2619.30585,0.02589
2617.37705,0.02625
2615.44826,0.02667
2613.51946,0.02689
2611.59066,0.02678
2609.66187,0.02659
2607.73307,0.02658
2605.80427,0.02673
2603.87548,0.02692
2601.94668,0.02717
2600.01788,0.02727
2598.08909,0.02708
2596.16029,0.02693
2594.23149,0.02682
2592.30270,0.02652
2590.37390,0.02626
2588.44510,0.02617
2586.51631,0.02614
2584.58751,0.02635
2582.65871,0.02677
2580.72992,0.02694
2578.80112,0.02676
2576.87232,0.02660
2574.94353,0.02686
2573.01473,0.02744
2571.08593,0.02754
2569.15714,0.02715
2567.22834,0.02706
2565.29954,0.02724
2563.37075,0.02742
2561.44195,0.02745
2559.51315,0.02719
2557.58436,0.02702
2555.65556,0.02730
2553.72676,0.02764
2551.79797,0.02767
2549.86917,0.02748
2547.94037,0.02742
2546.01158,0.02754
2544.08278,0.02747
2542.15398,0.02718
2540.22519,0.02694
2538.29639,0.02689
2536.36759,0.02683
2534.43880,0.02653
2532.51000,0.02640
2530.58120,0.02694
2528.65241,0.02771
2526.72361,0.02786
2524.79481,0.02741
2522.86602,0.02694
2520.93722,0.02662
2519.00842,0.02628
2517.07963,0.02627
2515.15083,0.02693
2513.22203,0.02783
2511.29324,0.02825
2509.36444,0.02805
2507.43564,0.02775
2505.50685,0.02770
2503.57805,0.02770
2501.64925,0.02756
2499.72046,0.02724
2497.79166,0.02678
2495.86286,0.02638
2493.93407,0.02605
2492.00527,0.02570
2490.07647,0.02562
2488.14768,0.02595
2486.21888,0.02635
2484.29008,0.02647
2482.36129,0.02631
2480.43249,0.02623
2478.50369,0.02632
2476.57490,0.02623
2474.64610,0.02596
2472.71730,0.02577
2470.78851,0.02574
2468.85971,0.02578
2466.93091,0.02588
2465.00212,0.02622
2463.07332,0.02665
2461.14452,0.02663
2459.21573,0.02613
2457.28693,0.02569
2455.35813,0.02555
2453.42934,0.02545
2451.50054,0.02533
2449.57174,0.02521
2447.64295,0.02508
2445.71415,0.02509
2443.78535,0.02528
2441.85656,0.02542
2439.92776,0.02530
2437.99896,0.02513
2436.07017,0.02503
2434.14137,0.02471
2432.21257,0.02429
2430.28378,0.02410
2428.35498,0.02399
2426.42618,0.02391
2424.49739,0.02395
2422.56859,0.02402
2420.63979,0.02394
2418.71100,0.02359
2416.78220,0.02311
2414.85340,0.02279
2412.92461,0.02271
2410.99581,0.02268
2409.06701,0.02262
2407.13822,0.02246
2405.20942,0.02196
2403.28062,0.02137
2401.35183,0.02112
2399.42303,0.02105
2397.49423,0.02097
2395.56544,0.02088
2393.63664,0.02073
2391.70784,0.02056
2389.77905,0.02073
2387.85025,0.02193
2385.92145,0.02488
2383.99266,0.03015
2382.06386,0.03780
2380.13506,0.04749
2378.20627,0.05832
2376.27747,0.06925
2374.34867,0.08007
2372.41988,0.09093
2370.49108,0.10157
2368.56228,0.11144
2366.63349,0.12011
2364.70469,0.12735
2362.77589,0.13268
2360.84710,0.13505
2358.91830,0.13364
2356.98951,0.12823
2355.06071,0.11831
2353.13191,0.10406
2351.20312,0.08956
2349.27432,0.08217
2347.34552,0.08570
2345.41673,0.09564
2343.48793,0.10222
2341.55913,0.10280
2339.63034,0.10089
2337.70154,0.09855
2335.77274,0.09673
2333.84395,0.09606
2331.91515,0.09621
2329.98635,0.09519
2328.05756,0.09206
2326.12876,0.08892
2324.19996,0.08723
2322.27117,0.08507
2320.34237,0.08003
2318.41357,0.07314
2316.48478,0.06736
2314.55598,0.06390
2312.62718,0.06130
2310.69839,0.05789
2308.76959,0.05371
2306.84079,0.04943
2304.91200,0.04537
2302.98320,0.04185
2301.05440,0.03907
2299.12561,0.03672
2297.19681,0.03454
2295.26801,0.03253
2293.33922,0.03081
2291.41042,0.02947
2289.48162,0.02846
2287.55283,0.02755
2285.62403,0.02677
2283.69523,0.02646
2281.76644,0.02670
2279.83764,0.02761
2277.90884,0.02920
2275.98005,0.03069
2274.05125,0.03111
2272.12245,0.03058
2270.19366,0.03055
2268.26486,0.03176
2266.33606,0.03309
2264.40727,0.03354
2262.47847,0.03332
2260.54967,0.03324
2258.62088,0.03376
2256.69208,0.03413
2254.76328,0.03353
2252.83449,0.03273
2250.90569,0.03283
2248.97689,0.03343
2247.04810,0.03367
2245.11930,0.03366
2243.19050,0.03423
2241.26171,0.03530
2239.33291,0.03601
2237.40411,0.03648
2235.47532,0.03721
2233.54652,0.03774
2231.61772,0.03760
2229.68893,0.03739
2227.76013,0.03796
2225.83133,0.03927
2223.90254,0.04079
2221.97374,0.04218
2220.04494,0.04323
2218.11615,0.04350
2216.18735,0.04270
2214.25855,0.04190
2212.32976,0.04201
2210.40096,0.04214
2208.47216,0.04219
2206.54337,0.04339
2204.61457,0.04466
2202.68577,0.04453
2200.75698,0.04485
2198.82818,0.04694
2196.89938,0.04924
2194.97059,0.05077
2193.04179,0.05183
2191.11299,0.05204
2189.18420,0.05127
2187.25540,0.05097
2185.32660,0.05169
2183.39781,0.05290
2181.46901,0.05474
2179.54021,0.05606
2177.61142,0.05631
2175.68262,0.05765
2173.75382,0.05941
2171.82503,0.05958
2169.89623,0.06037
2167.96743,0.06277
2166.03864,0.06413
2164.10984,0.06459
2162.18104,0.06781
2160.25225,0.07256
2158.32345,0.07164
2156.39465,0.06597
2154.46586,0.06087
2152.53706,0.05573
2150.60826,0.05042
2148.67947,0.04654
2146.75067,0.04393
2144.82187,0.04176
2142.89308,0.04053
2140.96428,0.04017
2139.03548,0.03920
2137.10669,0.03659
2135.17789,0.03289
2133.24909,0.02971
2131.32030,0.02770
2129.39150,0.02644
2127.46270,0.02573
2125.53391,0.02509
2123.60511,0.02388
2121.67631,0.02246
2119.74752,0.02183
2117.81872,0.02223
2115.88992,0.02273
2113.96113,0.02234
2112.03233,0.02160
2110.10353,0.02134
2108.17474,0.02130
2106.24594,0.02137
2104.31714,0.02164
2102.38835,0.02193
2100.45955,0.02220
2098.53075,0.02220
2096.60196,0.02215
2094.67316,0.02243
2092.74436,0.02245
2090.81557,0.02192
2088.88677,0.02127
2086.95797,0.02102
2085.02918,0.02139
2083.10038,0.02190
2081.17158,0.02218
2079.24279,0.02245
2077.31399,0.02294
2075.38519,0.02327
2073.45640,0.02316
2071.52760,0.02298
2069.59880,0.02326
2067.67001,0.02470
2065.74121,0.02649
2063.81241,0.02645
2061.88362,0.02510
2059.95482,0.02489
2058.02602,0.02616
2056.09723,0.02723
2054.16843,0.02706
2052.23963,0.02724
2050.31084,0.02929
2048.38204,0.03177
2046.45324,0.03379
2044.52445,0.03568
2042.59565,0.03626
2040.66685,0.03617
2038.73806,0.03752
2036.80926,0.04003
2034.88046,0.04160
2032.95167,0.04144
2031.02287,0.03992
2029.09407,0.03820
2027.16528,0.03836
2025.23648,0.04009
2023.30768,0.04114
2021.37889,0.04139
2019.45009,0.04191
2017.52129,0.04170
2015.59250,0.03995
2013.66370,0.03786
2011.73490,0.03568
2009.80611,0.03366
2007.87731,0.03225
2005.94851,0.03091
2004.01972,0.02966
2002.09092,0.02900
2000.16212,0.02913
1998.23333,0.02931
1996.30453,0.02896
1994.37574,0.02974
1992.44694,0.03153
1990.51814,0.03100
1988.58935,0.02854
1986.66055,0.02730
1984.73175,0.02767
1982.80296,0.02900
1980.87416,0.03072
1978.94536,0.03165
1977.01657,0.03115
1975.08777,0.02988
1973.15897,0.02897
1971.23018,0.02951
1969.30138,0.03114
1967.37258,0.03144
1965.44379,0.02953
1963.51499,0.02697
1961.58619,0.02445
1959.65740,0.02188
1957.72860,0.02022
1955.79980,0.01962
1953.87101,0.01914
1951.94221,0.01831
1950.01341,0.01732
1948.08462,0.01757
1946.15582,0.02048
1944.22702,0.02442
1942.29823,0.02489
1940.36943,0.02126
1938.44063,0.01779
1936.51184,0.01611
1934.58304,0.01530
1932.65424,0.01473
1930.72545,0.01449
1928.79665,0.01451
1926.86785,0.01526
1924.93906,0.01795
1923.01026,0.02025
1921.08146,0.02036
1919.15267,0.02036
1917.22387,0.01903
1915.29507,0.01556
1913.36628,0.01382
1911.43748,0.01509
1909.50868,0.01638
1907.57989,0.01556
1905.65109,0.01400
1903.72229,0.01314
1901.79350,0.01260
1899.86470,0.01255
1897.93590,0.01405
1896.00711,0.01598
1894.07831,0.01639
1892.14951,0.01719
1890.22072,0.01903
1888.29192,0.01798
1886.36312,0.01489
1884.43433,0.01303
1882.50553,0.01211
1880.57673,0.01162
1878.64794,0.01141
1876.71914,0.01123
1874.79034,0.01157
1872.86155,0.01467
1870.93275,0.02225
1869.00395,0.02846
1867.07516,0.02503
1865.14636,0.01719
1863.21756,0.01301
1861.28877,0.01233
1859.35997,0.01217
1857.43117,0.01151
1855.50238,0.01082
1853.57358,0.01070
1851.64478,0.01176
1849.71599,0.01499
1847.78719,0.02054
1845.85839,0.02698
1843.92960,0.02798
1842.00080,0.02112
1840.07200,0.01542
1838.14321,0.01435
1836.21441,0.01434
1834.28561,0.01495
1832.35682,0.01978
1830.42802,0.02609
1828.49922,0.02669
1826.57043,0.02431
1824.64163,0.02141
1822.71283,0.01635
1820.78404,0.01253
1818.85524,0.01190
1816.92644,0.01197
1814.99765,0.01269
1813.06885,0.01593
1811.14005,0.01901
1809.21126,0.01803
1807.28246,0.01516
1805.35366,0.01512
1803.42487,0.01957
1801.49607,0.02459
1799.56727,0.02488
1797.63848,0.02294
1795.70968,0.02487
1793.78088,0.03106
1791.85209,0.03263
1789.92329,0.02456
1787.99449,0.01754
1786.06570,0.01687
1784.13690,0.01872
1782.20810,0.02065
1780.27931,0.02127
1778.35051,0.02025
1776.42171,0.02249
1774.49292,0.03101
1772.56412,0.03897
1770.63532,0.03652
1768.70653,0.02791
1766.77773,0.02030
1764.84893,0.01824
1762.92014,0.02195
1760.99134,0.02421
1759.06254,0.02336
1757.13375,0.02253
1755.20495,0.02172
1753.27615,0.02601
1751.34736,0.03718
1749.41856,0.04380
1747.48976,0.03989
1745.56097,0.03418
1743.63217,0.03174
1741.70337,0.03144
1739.77458,0.03044
1737.84578,0.03032
1735.91698,0.03734
1733.98819,0.04577
1732.05939,0.04030
1730.13059,0.02871
1728.20180,0.01929
1726.27300,0.01493
1724.34420,0.01588
1722.41541,0.01976
1720.48661,0.03002
1718.55781,0.04807
1716.62902,0.05688
1714.70022,0.04649
1712.77142,0.03378
1710.84263,0.02900
1708.91383,0.03350
1706.98503,0.04432
1705.05624,0.05389
1703.12744,0.06217
1701.19864,0.07703
1699.26985,0.09101
1697.34105,0.09419
1695.41225,0.09053
1693.48346,0.08617
1691.55466,0.09154
1689.62586,0.10742
1687.69707,0.12801
1685.76827,0.15642
1683.83947,0.18514
1681.91068,0.19098
1679.98188,0.19077
1678.05308,0.19969
1676.12429,0.21775
1674.19549,0.23695
1672.26669,0.25319
1670.33790,0.26950
1668.40910,0.27615
1666.48030,0.27426
1664.55151,0.27873
1662.62271,0.28650
1660.69391,0.28682
1658.76512,0.28614
1656.83632,0.29553
1654.90752,0.31762
1652.97873,0.33128
1651.04993,0.32057
1649.12113,0.31971
1647.19234,0.32764
1645.26354,0.32342
1643.33474,0.31635
1641.40595,0.32186
1639.47715,0.34068
1637.54835,0.37087
1635.61956,0.40016
1633.69076,0.40968
1631.76197,0.41583
1629.83317,0.43292
1627.90437,0.45533
1625.97558,0.47449
1624.04678,0.48889
1622.11798,0.49430
1620.18919,0.49512
1618.26039,0.50036
1616.33159,0.50108
1614.40280,0.49139
1612.47400,0.48541
1610.54520,0.48768
1608.61641,0.49358
1606.68761,0.49984
1604.75881,0.50821
1602.83002,0.51910
1600.90122,0.52997
1598.97242,0.54014
1597.04363,0.55005
1595.11483,0.55732
1593.18603,0.55874
1591.25724,0.55476
1589.32844,0.54613
1587.39964,0.53292
1585.47085,0.51616
1583.54205,0.49666
1581.61325,0.47647
1579.68446,0.46076
1577.75566,0.44743
1575.82686,0.42083
1573.89807,0.38869
1571.96927,0.36890
1570.04047,0.35170
1568.11168,0.32705
1566.18288,0.30363
1564.25408,0.28763
1562.32529,0.28446
1560.39649,0.29607
1558.46769,0.29068
1556.53890,0.25617
1554.61010,0.22865
1552.68130,0.21121
1550.75251,0.19947
1548.82371,0.18950
1546.89491,0.18610
1544.96612,0.19376
1543.03732,0.20673
1541.10852,0.21235
1539.17973,0.19148
1537.25093,0.16590
1535.32213,0.15743
1533.39334,0.15421
1531.46454,0.14470
1529.53574,0.13964
1527.60695,0.14358
1525.67815,0.14903
1523.74935,0.15489
1521.82056,0.15912
1519.89176,0.15487
1517.96296,0.14811
1516.03417,0.13908
1514.10537,0.12894
1512.17657,0.12856
1510.24778,0.14305
1508.31898,0.16508
1506.39018,0.16143
1504.46139,0.13264
1502.53259,0.11847
1500.60379,0.12086
1498.67500,0.13045
1496.74620,0.13492
1494.81740,0.13252
1492.88861,0.13763
1490.95981,0.15571
1489.03101,0.17142
1487.10222,0.17166
1485.17342,0.16977
1483.24462,0.17640
1481.31583,0.18999
1479.38703,0.20678
1477.45823,0.22858
1475.52944,0.25625
1473.60064,0.28208
1471.67184,0.29235
1469.74305,0.29109
1467.81425,0.29607
1465.88545,0.30913
1463.95666,0.31764
1462.02786,0.32144
1460.09906,0.33320
1458.17027,0.34896
1456.24147,0.33987
1454.31267,0.31252
1452.38388,0.29131
1450.45508,0.27697
1448.52628,0.26334
1446.59749,0.24453
1444.66869,0.22410
1442.73989,0.20713
1440.81110,0.19564
1438.88230,0.19085
1436.95350,0.18495
1435.02471,0.16926
1433.09591,0.15426
1431.16711,0.14508
1429.23832,0.13565
1427.30952,0.12633
1425.38072,0.12158
1423.45193,0.11929
1421.52313,0.11951
1419.59433,0.12211
1417.66554,0.11561
1415.73674,0.10103
1413.80794,0.09072
1411.87915,0.08600
1409.95035,0.08288
1408.02155,0.08150
1406.09276,0.08228
1404.16396,0.08079
1402.23516,0.07854
1400.30637,0.08134
1398.37757,0.08625
1396.44877,0.08722
1394.51998,0.08167
1392.59118,0.07223
1390.66238,0.06772
1388.73359,0.06984
1386.80479,0.06981
1384.87599,0.06392
1382.94720,0.05916
1381.01840,0.05851
1379.08960,0.05992
1377.16081,0.06323
1375.23201,0.06714
1373.30321,0.06589
1371.37442,0.06065
1369.44562,0.05749
1367.51682,0.05660
1365.58803,0.05895
1363.65923,0.06444
1361.73043,0.06477
1359.80164,0.05842
1357.87284,0.05356
1355.94404,0.05221
1354.01525,0.05144
1352.08645,0.05041
1350.15765,0.04985
1348.22886,0.04929
1346.30006,0.04854
1344.37126,0.04918
1342.44247,0.05379
1340.51367,0.06073
1338.58487,0.06217
1336.65608,0.05647
1334.72728,0.05059
1332.79848,0.04799
1330.86969,0.04742
1328.94089,0.04722
1327.01209,0.04692
1325.08330,0.04682
1323.15450,0.04745
1321.22570,0.04929
1319.29691,0.05112
1317.36811,0.05113
1315.43931,0.05017
1313.51052,0.04928
1311.58172,0.04783
1309.65292,0.04635
1307.72413,0.04560
1305.79533,0.04507
1303.86653,0.04459
1301.93774,0.04432
1300.00894,0.04431
1298.08014,0.04444
1296.15135,0.04436
1294.22255,0.04408
1292.29375,0.04415
1290.36496,0.04474
1288.43616,0.04517
1286.50736,0.04478
1284.57857,0.04405
1282.64977,0.04377
1280.72097,0.04382
1278.79218,0.04380
1276.86338,0.04377
1274.93458,0.04414
1273.00579,0.04502
1271.07699,0.04571
1269.14820,0.04567
1267.21940,0.04522
1265.29060,0.04484
1263.36181,0.04485
1261.43301,0.04521
1259.50421,0.04523
1257.57542,0.04475
1255.64662,0.04439
1253.71782,0.04434
1251.78903,0.04440
1249.86023,0.04446
1247.93143,0.04455
1246.00264,0.04473
1244.07384,0.04491
1242.14504,0.04494
1240.21625,0.04494
1238.28745,0.04501
1236.35865,0.04514
1234.42986,0.04530
1232.50106,0.04547
1230.57226,0.04568
1228.64347,0.04605
1226.71467,0.04656
1224.78587,0.04700
1222.85708,0.04729
1220.92828,0.04766
1218.99948,0.04819
1217.07069,0.04874
1215.14189,0.04940
1213.21309,0.05020
1211.28430,0.05091
1209.35550,0.05149
1207.42670,0.05214
1205.49791,0.05294
1203.56911,0.05388
1201.64031,0.05496
1199.71152,0.05622
1197.78272,0.05761
1195.85392,0.05912
1193.92513,0.06087
1191.99633,0.06295
1190.06753,0.06540
1188.13874,0.06819
1186.20994,0.07122
1184.28114,0.07450
1182.35235,0.07821
1180.42355,0.08249
1178.49475,0.08732
1176.56596,0.09261
1174.63716,0.09821
1172.70836,0.10391
1170.77957,0.10975
1168.85077,0.11568
1166.92197,0.12148
1164.99318,0.12685
1163.06438,0.13149
1161.13558,0.13512
1159.20679,0.13748
1157.27799,0.13841
1155.34919,0.13785
1153.42040,0.13587
1151.49160,0.13258
1149.56280,0.12813
1147.63401,0.12284
1145.70521,0.11708
1143.77641,0.11118
1141.84762,0.10538
1139.91882,0.09985
1137.99002,0.09468
1136.06123,0.08989
1134.13243,0.08548
1132.20363,0.08154
1130.27484,0.07806
1128.34604,0.07500
1126.41724,0.07231
1124.48845,0.06998
1122.55965,0.06795
1120.63085,0.06612
1118.70206,0.06447
1116.77326,0.06304
1114.84446,0.06179
1112.91567,0.06069
1110.98687,0.05971
1109.05807,0.05881
1107.12928,0.05799
1105.20048,0.05729
1103.27168,0.05669
1101.34289,0.05621
1099.41409,0.05583
1097.48529,0.05555
1095.55650,0.05542
1093.62770,0.05542
1091.69890,0.05555
1089.77011,0.05577
1087.84131,0.05606
1085.91251,0.05643
1083.98372,0.05688
1082.05492,0.05740
1080.12612,0.05799
1078.19733,0.05863
1076.26853,0.05928
1074.33973,0.05991
1072.41094,0.06046
1070.48214,0.06091
1068.55334,0.06127
1066.62455,0.06153
1064.69575,0.06159
1062.76695,0.06144
1060.83816,0.06115
1058.90936,0.06074
1056.98056,0.06021
1055.05177,0.05957
1053.12297,0.05883
1051.19417,0.05804
1049.26538,0.05726
1047.33658,0.05650
1045.40778,0.05575
1043.47899,0.05502
1041.55019,0.05436
1039.62139,0.05375
1037.69260,0.05319
1035.76380,0.05266
1033.83500,0.05213
1031.90621,0.05158
1029.97741,0.05103
1028.04861,0.05053
1026.11982,0.05007
1024.19102,0.04964
1022.26222,0.04925
1020.33343,0.04895
1018.40463,0.04873
1016.47583,0.04856
1014.54704,0.04840
1012.61824,0.04822
1010.68944,0.04797
1008.76065,0.04753
1006.83185,0.04689
1004.90305,0.04612
1002.97426,0.04528
1001.04546,0.04449
999.11666,0.04382
997.18787,0.04329
995.25907,0.04289
993.33027,0.04256
991.40148,0.04226
989.47268,0.04197
987.54388,0.04167
985.61509,0.04134
983.68629,0.04098
981.75749,0.04060
979.82870,0.04022
977.89990,0.03982
975.97110,0.03939
974.04231,0.03896
972.11351,0.03851
970.18471,0.03805
968.25592,0.03758
966.32712,0.03710
964.39832,0.03656
962.46953,0.03599
960.54073,0.03544
958.61193,0.03491
956.68314,0.03439
954.75434,0.03391
952.82554,0.03348
950.89675,0.03305
948.96795,0.03262
947.03915,0.03221
945.11036,0.03181
943.18156,0.03142
941.25276,0.03103
939.32397,0.03062
937.39517,0.03022
935.46637,0.02984
933.53758,0.02947
931.60878,0.02903
929.67998,0.02856
927.75119,0.02807
925.82239,0.02758
923.89359,0.02706
921.96480,0.02649
920.03600,0.02589
918.10720,0.02527
916.17841,0.02464
914.24961,0.02402
912.32081,0.02343
910.39202,0.02282
908.46322,0.02220
906.53443,0.02160
904.60563,0.02105
902.67683,0.02055
900.74804,0.02010
898.81924,0.01966
896.89044,0.01921
894.96165,0.01873
893.03285,0.01823
891.10405,0.01777
889.17526,0.01731
887.24646,0.01684
885.31766,0.01635
883.38887,0.01586
881.46007,0.01536
879.53127,0.01486
877.60248,0.01438
875.67368,0.01391
873.74488,0.01346
871.81609,0.01302
869.88729,0.01256
867.95849,0.01210
866.02970,0.01165
864.10090,0.01112
862.17210,0.01055
860.24331,0.01007
858.31451,0.00971
856.38571,0.00942
854.45692,0.00919
852.52812,0.00898
850.59932,0.00874
848.67053,0.00849
846.74173,0.00823
844.81293,0.00803
842.88414,0.00795
840.95534,0.00796
839.02654,0.00796
837.09775,0.00789
835.16895,0.00779
833.24015,0.00774
831.31136,0.00772
829.38256,0.00768
827.45376,0.00761
825.52497,0.00757
823.59617,0.00755
821.66737,0.00756
819.73858,0.00759
817.80978,0.00762
815.88098,0.00770
813.95219,0.00786
812.02339,0.00810
810.09459,0.00839
808.16580,0.00872
806.23700,0.00911
804.30820,0.00962
802.37941,0.01030
800.45061,0.01124
798.52181,0.01244
796.59302,0.01371
794.66422,0.01504
792.73542,0.01648
790.80663,0.01791
788.87783,0.01911
786.94903,0.01994
785.02024,0.02027
783.09144,0.02002
781.16264,0.01920
779.23385,0.01794
777.30505,0.01645
775.37625,0.01487
773.44746,0.01328
771.51866,0.01204
769.58986,0.01114
767.66107,0.01032
765.73227,0.00970
763.80347,0.00929
761.87468,0.00893
759.94588,0.00869
758.01708,0.00853
756.08829,0.00826
754.15949,0.00805
752.23069,0.00795
750.30190,0.00781
748.37310,0.00780
