3496.90832,0.03532
3494.97953,0.03745
3493.05073,0.04571
3491.12193,0.05008
3489.19314,0.04754
3487.26434,0.04530
3485.33554,0.04866
3483.40675,0.05078
3481.47795,0.04830
3479.54915,0.04564
3477.62036,0.04404
3475.69156,0.04437
3473.76276,0.04482
3471.83397,0.04283
3469.90517,0.04080
3467.97637,0.04096
3466.04758,0.04451
3464.11878,0.04886
3462.18998,0.04914
3460.26119,0.04817
3458.33239,0.04822
3456.40359,0.04160
3454.47480,0.03375
3452.54600,0.04031
3450.61721,0.05289
3448.68841,0.05670
3446.75961,0.05519
3444.83082,0.05182
3442.90202,0.04634
3440.97322,0.04127
3439.04443,0.03624
3437.11563,0.03067
3435.18683,0.02723
3433.25804,0.02914
3431.32924,0.03299
3429.40044,0.03254
3427.47165,0.03174
3425.54285,0.03557
3423.61405,0.03768
3421.68526,0.03340
3419.75646,0.02730
3417.82766,0.02331
3415.89887,0.01952
3413.97007,0.01573
3412.04127,0.01632
3410.11248,0.02057
3408.18368,0.02413
3406.25488,0.02488
3404.32609,0.02265
3402.39729,0.01954
3400.46849,0.01763
3398.53970,0.02064
3396.61090,0.02834
3394.68210,0.03216
3392.75331,0.03221
3390.82451,0.03867
3388.89571,0.04890
3386.96692,0.05163
3385.03812,0.04809
3383.10932,0.04546
3381.18053,0.04533
3379.25173,0.04892
3377.32293,0.05214
3375.39414,0.04733
3373.46534,0.04021
3371.53654,0.04052
3369.60775,0.04219
3367.67895,0.03996
3365.75015,0.04023
3363.82136,0.04672
3361.89256,0.05554
3359.96376,0.06033
3358.03497,0.06111
3356.10617,0.05865
3354.17737,0.04920
3352.24858,0.04168
3350.31978,0.04524
3348.39098,0.05056
3346.46219,0.05048
3344.53339,0.05110
3342.60459,0.05376
3340.67580,0.05110
3338.74700,0.04738
3336.81820,0.05208
3334.88941,0.05661
3332.96061,0.05348
3331.03181,0.04992
3329.10302,0.04542
3327.17422,0.03790
3325.24542,0.03483
3323.31663,0.03723
3321.38783,0.03584
3319.45903,0.03098
3317.53024,0.02892
3315.60144,0.02692
3313.67264,0.02348
3311.74385,0.02330
3309.81505,0.02781
3307.88625,0.03453
3305.95746,0.03575
3304.02866,0.02795
3302.09986,0.01935
3300.17107,0.01819
3298.24227,0.02165
3296.31347,0.02114
3294.38468,0.01709
3292.45588,0.01593
3290.52708,0.01520
3288.59829,0.01112
3286.66949,0.00724
3284.74069,0.00775
3282.81190,0.01122
3280.88310,0.01008
3278.95430,0.00385
3277.02551,0.00274
3275.09671,0.00978
3273.16791,0.01765
3271.23912,0.02193
3269.31032,0.02297
3267.38152,0.02017
3265.45273,0.01706
3263.52393,0.01996
3261.59513,0.02327
3259.66634,0.01869
3257.73754,0.01146
3255.80874,0.00990
3253.87995,0.01327
3251.95115,0.01701
3250.02235,0.02138
3248.09356,0.02733
3246.16476,0.02893
3244.23596,0.02342
3242.30717,0.02074
3240.37837,0.02694
3238.44957,0.03308
3236.52078,0.03247
3234.59198,0.03026
3232.66318,0.03027
3230.73439,0.02970
3228.80559,0.02759
3226.87679,0.02463
3224.94800,0.02204
3223.01920,0.02465
3221.09040,0.03236
3219.16161,0.03722
3217.23281,0.03479
3215.30401,0.02898
3213.37522,0.02654
3211.44642,0.03160
3209.51762,0.04061
3207.58883,0.04414
3205.66003,0.03872
3203.73123,0.03211
3201.80244,0.03092
3199.87364,0.03148
3197.94484,0.03153
3196.01605,0.03409
3194.08725,0.03733
3192.15845,0.03913
3190.22966,0.03972
3188.30086,0.03632
3186.37206,0.03021
3184.44327,0.02770
3182.51447,0.03026
3180.58567,0.03235
3178.65688,0.03028
3176.72808,0.02768
3174.79928,0.02698
3172.87049,0.02672
3170.94169,0.02552
3169.01289,0.02416
3167.08410,0.02604
3165.15530,0.02918
3163.22650,0.02891
3161.29771,0.02627
3159.36891,0.02468
3157.44011,0.02589
3155.51132,0.02729
3153.58252,0.02662
3151.65372,0.02475
3149.72493,0.02104
3147.79613,0.01727
3145.86733,0.01723
3143.93854,0.01939
3142.00974,0.02048
3140.08094,0.02109
3138.15215,0.02277
3136.22335,0.02441
3134.29455,0.02482
3132.36576,0.02496
3130.43696,0.02460
3128.50816,0.02351
3126.57937,0.02342
3124.65057,0.02356
3122.72177,0.02264
3120.79298,0.02233
3118.86418,0.02192
3116.93538,0.01985
3115.00659,0.01795
3113.07779,0.01761
3111.14899,0.01823
3109.22020,0.01870
3107.29140,0.01853
3105.36260,0.01867
3103.43381,0.01860
3101.50501,0.01645
3099.57621,0.01404
3097.64742,0.01390
3095.71862,0.01451
3093.78982,0.01407
3091.86103,0.01337
3089.93223,0.01321
3088.00344,0.01357
3086.07464,0.01490
3084.14584,0.01754
3082.21705,0.01980
3080.28825,0.01962
3078.35945,0.01784
3076.43066,0.01691
3074.50186,0.01747
3072.57306,0.01825
3070.64427,0.01811
3068.71547,0.01709
3066.78667,0.01584
3064.85788,0.01531
3062.92908,0.01621
3061.00028,0.01737
3059.07149,0.01775
3057.14269,0.01812
3055.21389,0.01856
3053.28510,0.01810
3051.35630,0.01672
3049.42750,0.01528
3047.49871,0.01482
3045.56991,0.01552
3043.64111,0.01650
3041.71232,0.01722
3039.78352,0.01800
3037.85472,0.01881
3035.92593,0.01942
3033.99713,0.02004
3032.06833,0.02003
3030.13954,0.01911
3028.21074,0.01859
3026.28194,0.01867
3024.35315,0.01849
3022.42435,0.01836
3020.49555,0.01880
3018.56676,0.01930
3016.63796,0.01940
3014.70916,0.01977
3012.78037,0.02047
3010.85157,0.02040
3008.92277,0.02014
3006.99398,0.02086
3005.06518,0.02139
3003.13638,0.02084
3001.20759,0.02019
2999.27879,0.01988
2997.34999,0.01968
2995.42120,0.01956
2993.49240,0.01933
2991.56360,0.01923
2989.63481,0.01963
2987.70601,0.02014
2985.77721,0.02033
2983.84842,0.02019
2981.91962,0.01997
2979.99082,0.01998
2978.06203,0.02021
2976.13323,0.02056
2974.20443,0.02086
2972.27564,0.02077
2970.34684,0.02048
2968.41804,0.02030
2966.48925,0.02000
2964.56045,0.01988
2962.63165,0.02026
2960.70286,0.02074
2958.77406,0.02119
2956.84526,0.02170
2954.91647,0.02169
2952.98767,0.02103
2951.05887,0.02087
2949.13008,0.02173
2947.20128,0.02251
2945.27248,0.02242
2943.34369,0.02194
2941.41489,0.02151
2939.48609,0.02120
2937.55730,0.02114
2935.62850,0.02132
2933.69970,0.02156
2931.77091,0.02176
2929.84211,0.02187
2927.91331,0.02176
2925.98452,0.02168
2924.05572,0.02189
2922.12692,0.02218
2920.19813,0.02249
2918.26933,0.02291
2916.34053,0.02319
2914.41174,0.02317
2912.48294,0.02297
2910.55414,0.02274
2908.62535,0.02241
2906.69655,0.02216
2904.76775,0.02231
2902.83896,0.02255
2900.91016,0.02281
2898.98136,0.02317
2897.05257,0.02343
2895.12377,0.02365
2893.19497,0.02397
2891.26618,0.02407
2889.33738,0.02384
2887.40858,0.02370
2885.47979,0.02373
2883.55099,0.02366
2881.62219,0.02360
2879.69340,0.02373
2877.76460,0.02395
2875.83580,0.02403
2873.90701,0.02391
2871.97821,0.02388
2870.04941,0.02434
2868.12062,0.02499
2866.19182,0.02528
2864.26302,0.02532
2862.33423,0.02520
2860.40543,0.02495
2858.47663,0.02488
2856.54784,0.02507
2854.61904,0.02548
2852.69024,0.02595
2850.76145,0.02629
2848.83265,0.02647
2846.90385,0.02659
2844.97506,0.02680
2843.04626,0.02707
2841.11746,0.02714
2839.18867,0.02698
2837.25987,0.02696
2835.33107,0.02717
2833.40228,0.02734
2831.47348,0.02738
2829.54468,0.02737
2827.61589,0.02728
2825.68709,0.02730
2823.75829,0.02754
2821.82950,0.02785
2819.90070,0.02804
2817.97190,0.02812
2816.04311,0.02825
2814.11431,0.02835
2812.18551,0.02820
2810.25672,0.02801
2808.32792,0.02792
2806.39912,0.02779
2804.47033,0.02769
2802.54153,0.02775
2800.61273,0.02782
2798.68394,0.02776
2796.75514,0.02768
2794.82634,0.02781
2792.89755,0.02801
2790.96875,0.02784
2789.03995,0.02743
2787.11116,0.02716
2785.18236,0.02704
2783.25356,0.02696
2781.32477,0.02682
2779.39597,0.02653
2777.46717,0.02623
2775.53838,0.02606
2773.60958,0.02592
2771.68078,0.02578
2769.75199,0.02579
2767.82319,0.02580
2765.89439,0.02577
2763.96560,0.02586
2762.03680,0.02583
2760.10800,0.02563
2758.17921,0.02558
2756.25041,0.02569
2754.32161,0.02563
2752.39282,0.02546
2750.46402,0.02548
2748.53522,0.02570
2746.60643,0.02593
2744.67763,0.02604
2742.74883,0.02593
2740.82004,0.02562
2738.89124,0.02535
2736.96244,0.02535
2735.03365,0.02553
2733.10485,0.02553
2731.17605,0.02529
2729.24726,0.02512
2727.31846,0.02517
2725.38967,0.02534
2723.46087,0.02554
2721.53207,0.02563
2719.60328,0.02565
2717.67448,0.02576
2715.74568,0.02594
2713.81689,0.02610
2711.88809,0.02617
2709.95929,0.02616
2708.03050,0.02614
2706.10170,0.02615
2704.17290,0.02604
2702.24411,0.02580
2700.31531,0.02575
2698.38651,0.02595
2696.45772,0.02608
2694.52892,0.02604
2692.60012,0.02603
2690.67133,0.02603
2688.74253,0.02586
2686.81373,0.02572
2684.88494,0.02573
2682.95614,0.02570
2681.02734,0.02567
2679.09855,0.02574
2677.16975,0.02568
2675.24095,0.02555
2673.31216,0.02561
2671.38336,0.02574
2669.45456,0.02572
2667.52577,0.02572
2665.59697,0.02580
2663.66817,0.02584
2661.73938,0.02583
2659.81058,0.02590
2657.88178,0.02599
2655.95299,0.02594
2654.02419,0.02573
2652.09539,0.02550
2650.16660,0.02535
2648.23780,0.02529
2646.30900,0.02530
2644.38021,0.02547
2642.45141,0.02569
2640.52261,0.02583
2638.59382,0.02610
2636.66502,0.02656
2634.73622,0.02701
2632.80743,0.02717
2630.87863,0.02708
2628.94983,0.02699
2627.02104,0.02702
2625.09224,0.02706
2623.16344,0.02713
2621.23465,0.02735
2619.30585,0.02756
2617.37705,0.02769
2615.44826,0.02788
2613.51946,0.02805
2611.59066,0.02817
2609.66187,0.02839
2607.73307,0.02875
2605.80427,0.02909
2603.87548,0.02920
2601.94668,0.02912
2600.01788,0.02896
2598.08909,0.02886
2596.16029,0.02887
2594.23149,0.02869
2592.30270,0.02828
2590.37390,0.02824
2588.44510,0.02868
2586.51631,0.02900
2584.58751,0.02914
2582.65871,0.02943
2580.72992,0.02958
2578.80112,0.02922
2576.87232,0.02873
2574.94353,0.02875
2573.01473,0.02924
2571.08593,0.02961
2569.15714,0.02970
2567.22834,0.02969
2565.29954,0.02958
2563.37075,0.02953
2561.44195,0.02952
2559.51315,0.02923
2557.58436,0.02898
2555.65556,0.02913
2553.72676,0.02945
2551.79797,0.02963
2549.86917,0.02961
2547.94037,0.02949
2546.01158,0.02933
2544.08278,0.02919
2542.15398,0.02907
2540.22519,0.02884
2538.29639,0.02853
2536.36759,0.02844
2534.43880,0.02871
2532.51000,0.02906
2530.58120,0.02931
2528.65241,0.02930
2526.72361,0.02887
2524.79481,0.02846
2522.86602,0.02848
2520.93722,0.02852
2519.00842,0.02831
2517.07963,0.02862
2515.15083,0.02960
2513.22203,0.03002
2511.29324,0.02950
2509.36444,0.02893
2507.43564,0.02873
2505.50685,0.02864
2503.57805,0.02872
2501.64925,0.02889
2499.72046,0.02878
2497.79166,0.02863
2495.86286,0.02871
2493.93407,0.02860
2492.00527,0.02817
2490.07647,0.02794
2488.14768,0.02823
2486.21888,0.02875
2484.29008,0.02896
2482.36129,0.02875
2480.43249,0.02851
2478.50369,0.02847
2476.57490,0.02848
2474.64610,0.02842
2472.71730,0.02810
2470.78851,0.02760
2468.85971,0.02735
2466.93091,0.02754
2465.00212,0.02796
2463.07332,0.02830
2461.14452,0.02830
2459.21573,0.02806
2457.28693,0.02791
2455.35813,0.02789
2453.42934,0.02775
2451.50054,0.02758
2449.57174,0.02742
2447.64295,0.02722
2445.71415,0.02705
2443.78535,0.02695
2441.85656,0.02689
2439.92776,0.02675
2437.99896,0.02667
2436.07017,0.02689
2434.14137,0.02718
2432.21257,0.02734
2430.28378,0.02732
2428.35498,0.02700
2426.42618,0.02662
2424.49739,0.02644
2422.56859,0.02632
2420.63979,0.02618
2418.71100,0.02599
2416.78220,0.02569
2414.85340,0.02539
2412.92461,0.02521
2410.99581,0.02514
2409.06701,0.02524
2407.13822,0.02525
2405.20942,0.02471
2403.28062,0.02399
2401.35183,0.02362
2399.42303,0.02353
2397.49423,0.02358
2395.56544,0.02362
2393.63664,0.02355
2391.70784,0.02346
2389.77905,0.02379
2387.85025,0.02534
2385.92145,0.02896
2383.99266,0.03519
2382.06386,0.04386
2380.13506,0.05447
2378.20627,0.06638
2376.27747,0.07871
2374.34867,0.09093
2372.41988,0.10296
2370.49108,0.11503
2368.56228,0.12679
2366.63349,0.13703
2364.70469,0.14474
2362.77589,0.14980
2360.84710,0.15226
2358.91830,0.15115
2356.98951,0.14487
2355.06071,0.13340
2353.13191,0.11800
2351.20312,0.10240
2349.27432,0.09428
2347.34552,0.09830
2345.41673,0.10963
2343.48793,0.11703
2341.55913,0.11747
2339.63034,0.11532
2337.70154,0.11287
2335.77274,0.11087
2333.84395,0.11020
2331.91515,0.11036
2329.98635,0.10874
2328.05756,0.10496
2326.12876,0.10174
2324.19996,0.10000
2322.27117,0.09723
2320.34237,0.09108
2318.41357,0.08304
2316.48478,0.07656
2314.55598,0.07276
2312.62718,0.06967
2310.69839,0.06558
2308.76959,0.06090
2306.84079,0.05623
2304.91200,0.05168
2302.98320,0.04768
2301.05440,0.04454
2299.12561,0.04177
2297.19681,0.03905
2295.26801,0.03658
2293.33922,0.03446
2291.41042,0.03283
2289.48162,0.03171
2287.55283,0.03086
2285.62403,0.03021
2283.69523,0.02982
2281.76644,0.02990
2279.83764,0.03064
2277.90884,0.03161
2275.98005,0.03217
2274.05125,0.03237
2272.12245,0.03257
2270.19366,0.03309
2268.26486,0.03377
2266.33606,0.03404
2264.40727,0.03391
2262.47847,0.03391
2260.54967,0.03446
2258.62088,0.03558
2256.69208,0.03645
2254.76328,0.03621
2252.83449,0.03557
2250.90569,0.03528
2248.97689,0.03519
2247.04810,0.03554
2245.11930,0.03652
2243.19050,0.03738
2241.26171,0.03764
2239.33291,0.03759
2237.40411,0.03711
2235.47532,0.03651
2233.54652,0.03678
2231.61772,0.03790
2229.68893,0.03914
2227.76013,0.04043
2225.83133,0.04143
2223.90254,0.04144
2221.97374,0.04096
2220.04494,0.04115
2218.11615,0.04135
2216.18735,0.04083
2214.25855,0.04152
2212.32976,0.04397
2210.40096,0.04504
2208.47216,0.04391
2206.54337,0.04303
2204.61457,0.04326
2202.68577,0.04437
2200.75698,0.04610
2198.82818,0.04728
2196.89938,0.04756
2194.97059,0.04770
2193.04179,0.04794
2191.11299,0.04838
2189.18420,0.04917
2187.25540,0.04978
2185.32660,0.04990
2183.39781,0.05074
2181.46901,0.05328
2179.54021,0.05526
2177.61142,0.05502
2175.68262,0.05535
2173.75382,0.05657
2171.82503,0.05600
2169.89623,0.05505
2167.96743,0.05642
2166.03864,0.05986
2164.10984,0.06267
2162.18104,0.06426
2160.25225,0.06659
2158.32345,0.06651
2156.39465,0.06189
2154.46586,0.05714
2152.53706,0.05357
2150.60826,0.04962
2148.67947,0.04650
2146.75067,0.04553
2144.82187,0.04448
2142.89308,0.04250
2140.96428,0.04094
2139.03548,0.03925
2137.10669,0.03667
2135.17789,0.03411
2133.24909,0.03196
2131.32030,0.02972
2129.39150,0.02799
2127.46270,0.02756
2125.53391,0.02760
2123.60511,0.02675
2121.67631,0.02528
2119.74752,0.02450
2117.81872,0.02465
2115.88992,0.02462
2113.96113,0.02403
2112.03233,0.02360
2110.10353,0.02343
2108.17474,0.02319
2106.24594,0.02327
2104.31714,0.02368
2102.38835,0.02396
2100.45955,0.02404
2098.53075,0.02411
2096.60196,0.02427
2094.67316,0.02441
2092.74436,0.02452
2090.81557,0.02454
2088.88677,0.02430
2086.95797,0.02411
2085.02918,0.02421
2083.10038,0.02473
2081.17158,0.02582
2079.24279,0.02653
2077.31399,0.02625
2075.38519,0.02587
2073.45640,0.02610
2071.52760,0.02657
2069.59880,0.02701
2067.67001,0.02811
2065.74121,0.02943
2063.81241,0.02903
2061.88362,0.02751
2059.95482,0.02723
2058.02602,0.02816
2056.09723,0.02862
2054.16843,0.02837
2052.23963,0.02881
2050.31084,0.03078
2048.38204,0.03335
2046.45324,0.03498
2044.52445,0.03586
2042.59565,0.03734
2040.66685,0.03910
2038.73806,0.04036
2036.80926,0.04125
2034.88046,0.04148
2032.95167,0.04164
2031.02287,0.04131
2029.09407,0.03913
2027.16528,0.03742
2025.23648,0.03843
2023.30768,0.04049
2021.37889,0.04133
2019.45009,0.04189
2017.52129,0.04241
2015.59250,0.04056
2013.66370,0.03757
2011.73490,0.03573
2009.80611,0.03461
2007.87731,0.03356
2005.94851,0.03240
2004.01972,0.03092
2002.09092,0.02935
2000.16212,0.02830
1998.23333,0.02788
1996.30453,0.02875
1994.37574,0.03231
1992.44694,0.03593
1990.51814,0.03505
1988.58935,0.03164
1986.66055,0.02984
1984.73175,0.03022
1982.80296,0.03160
1980.87416,0.03247
1978.94536,0.03207
1977.01657,0.03079
1975.08777,0.02992
1973.15897,0.02952
1971.23018,0.02964
1969.30138,0.03171
1967.37258,0.03401
1965.44379,0.03313
1963.51499,0.02987
1961.58619,0.02685
1959.65740,0.02497
1957.72860,0.02438
1955.79980,0.02434
1953.87101,0.02374
1951.94221,0.02226
1950.01341,0.02065
1948.08462,0.02093
1946.15582,0.02441
1944.22702,0.02890
1942.29823,0.02885
1940.36943,0.02367
1938.44063,0.01958
1936.51184,0.01873
1934.58304,0.01890
1932.65424,0.01874
1930.72545,0.01841
1928.79665,0.01809
1926.86785,0.01894
1924.93906,0.02233
1923.01026,0.02506
1921.08146,0.02513
1919.15267,0.02507
1917.22387,0.02344
1915.29507,0.01942
1913.36628,0.01758
1911.43748,0.01934
1909.50868,0.02110
1907.57989,0.02028
1905.65109,0.01831
1903.72229,0.01702
1901.79350,0.01626
1899.86470,0.01609
1897.93590,0.01757
1896.00711,0.01966
1894.07831,0.02022
1892.14951,0.02129
1890.22072,0.02351
1888.29192,0.02233
1886.36312,0.01878
1884.43433,0.01670
1882.50553,0.01572
1880.57673,0.01526
1878.64794,0.01513
1876.71914,0.01507
1874.79034,0.01553
1872.86155,0.01909
1870.93275,0.02791
1869.00395,0.03519
1867.07516,0.03110
1865.14636,0.02173
1863.21756,0.01669
1861.28877,0.01592
1859.35997,0.01584
1857.43117,0.01508
1855.50238,0.01433
1853.57358,0.01437
1851.64478,0.01573
1849.71599,0.01946
1847.78719,0.02591
1845.85839,0.03345
1843.92960,0.03463
1842.00080,0.02664
1840.07200,0.02000
1838.14321,0.01874
1836.21441,0.01867
1834.28561,0.01933
1832.35682,0.02511
1830.42802,0.03275
1828.49922,0.03350
1826.57043,0.03055
1824.64163,0.02701
1822.71283,0.02103
1820.78404,0.01659
1818.85524,0.01592
1816.92644,0.01608
1814.99765,0.01698
1813.06885,0.02082
1811.14005,0.02447
1809.21126,0.02325
1807.28246,0.01973
1805.35366,0.01954
1803.42487,0.02474
1801.49607,0.03078
1799.56727,0.03125
1797.63848,0.02898
1795.70968,0.03111
1793.78088,0.03822
1791.85209,0.03998
1789.92329,0.03049
1787.99449,0.02228
1786.06570,0.02155
1784.13690,0.02378
1782.20810,0.02609
1780.27931,0.02685
1778.35051,0.02565
1776.42171,0.02829
1774.49292,0.03831
1772.56412,0.04772
1770.63532,0.04492
1768.70653,0.03482
1766.77773,0.02588
1764.84893,0.02341
1762.92014,0.02775
1760.99134,0.03045
1759.06254,0.02949
1757.13375,0.02849
1755.20495,0.02748
1753.27615,0.03246
1751.34736,0.04562
1749.41856,0.05358
1747.48976,0.04909
1745.56097,0.04243
1743.63217,0.03953
1741.70337,0.03907
1739.77458,0.03785
1737.84578,0.03770
1735.91698,0.04590
1733.98819,0.05589
1732.05939,0.04958
1730.13059,0.03594
1728.20180,0.02478
1726.27300,0.01964
1724.34420,0.02075
1722.41541,0.02520
1720.48661,0.03702
1718.55781,0.05794
1716.62902,0.06797
1714.70022,0.05536
1712.77142,0.04014
1710.84263,0.03406
1708.91383,0.03866
1706.98503,0.05047
1705.05624,0.06057
1703.12744,0.06899
1701.19864,0.08460
1699.26985,0.09883
1697.34105,0.10037
1695.41225,0.09322
1693.48346,0.08524
1691.55466,0.08886
1689.62586,0.10420
1687.69707,0.12479
1685.76827,0.15412
1683.83947,0.18259
1681.91068,0.18497
1679.98188,0.18142
1678.05308,0.18846
1676.12429,0.20576
1674.19549,0.22435
1672.26669,0.24016
1670.33790,0.25615
1668.40910,0.26075
1666.48030,0.25637
1664.55151,0.26005
1662.62271,0.26763
1660.69391,0.26682
1658.76512,0.26537
1656.83632,0.27594
1654.90752,0.30139
1652.97873,0.31728
1651.04993,0.30494
1649.12113,0.30390
1647.19234,0.31240
1645.26354,0.30585
1643.33474,0.29572
1641.40595,0.29976
1639.47715,0.31863
1637.54835,0.34976
1635.61956,0.37795
1633.69076,0.38305
1631.76197,0.38565
1629.83317,0.40078
1627.90437,0.42147
1625.97558,0.43877
1624.04678,0.45118
1622.11798,0.45385
1620.18919,0.45247
1618.26039,0.45704
1616.33159,0.45694
1614.40280,0.44544
1612.47400,0.43839
1610.54520,0.44069
1608.61641,0.44666
1606.68761,0.45231
1604.75881,0.45976
1602.83002,0.46959
1600.90122,0.47897
1598.97242,0.48761
1597.04363,0.49637
1595.11483,0.50238
1593.18603,0.50224
1591.25724,0.49679
1589.32844,0.48701
1587.39964,0.47318
1585.47085,0.45650
1583.54205,0.43765
1581.61325,0.41870
1579.68446,0.40544
1577.75566,0.39610
1575.82686,0.37293
1573.89807,0.34218
1571.96927,0.32463
1570.04047,0.31135
1568.11168,0.28956
1566.18288,0.26793
1564.25408,0.25430
1562.32529,0.25472
1560.39649,0.27271
1558.46769,0.27324
1556.53890,0.23806
1554.61010,0.20939
1552.68130,0.19226
1550.75251,0.18163
1548.82371,0.17284
1546.89491,0.17134
1544.96612,0.18271
1543.03732,0.20038
1541.10852,0.20945
1539.17973,0.18719
1537.25093,0.15864
1535.32213,0.14987
1533.39334,0.14751
1531.46454,0.13779
1529.53574,0.13294
1527.60695,0.13862
1525.67815,0.14609
1523.74935,0.15385
1521.82056,0.15964
1519.89176,0.15537
1517.96296,0.14802
1516.03417,0.13794
1514.10537,0.12644
1512.17657,0.12626
1510.24778,0.14348
1508.31898,0.16952
1506.39018,0.16502
1504.46139,0.13102
1502.53259,0.11432
1500.60379,0.11678
1498.67500,0.12735
1496.74620,0.13151
1494.81740,0.12738
1492.88861,0.13204
1490.95981,0.15158
1489.03101,0.16764
1487.10222,0.16505
1485.17342,0.15986
1483.24462,0.16440
1481.31583,0.17661
1479.38703,0.19229
1477.45823,0.21377
1475.52944,0.24193
1473.60064,0.26736
1471.67184,0.27392
1469.74305,0.26793
1467.81425,0.27020
1465.88545,0.28186
1463.95666,0.28834
1462.02786,0.29047
1460.09906,0.30295
1458.17027,0.32090
1456.24147,0.31084
1454.31267,0.28032
1452.38388,0.25761
1450.45508,0.24371
1448.52628,0.23167
1446.59749,0.21429
1444.66869,0.19497
1442.73989,0.17960
1440.81110,0.17044
1438.88230,0.16888
1436.95350,0.16658
1435.02471,0.15273
1433.09591,0.13853
1431.16711,0.13071
1429.23832,0.12255
1427.30952,0.11410
1425.38072,0.11070
1423.45193,0.11001
1421.52313,0.11188
1419.59433,0.11651
1417.66554,0.11048
1415.73674,0.09459
1413.80794,0.08351
1411.87915,0.07897
1409.95035,0.07624
1408.02155,0.07543
1406.09276,0.07715
1404.16396,0.07616
1402.23516,0.07419
1400.30637,0.07813
1398.37757,0.08461
1396.44877,0.08639
1394.51998,0.08037
1392.59118,0.06971
1390.66238,0.06481
1388.73359,0.06769
1386.80479,0.06806
1384.87599,0.06147
1382.94720,0.05618
1381.01840,0.05569
1379.08960,0.05762
1377.16081,0.06177
1375.23201,0.06661
1373.30321,0.06533
1371.37442,0.05932
1369.44562,0.05579
1367.51682,0.05491
1365.58803,0.05782
1363.65923,0.06442
1361.73043,0.06494
1359.80164,0.05758
1357.87284,0.05198
1355.94404,0.05053
1354.01525,0.04974
1352.08645,0.04863
1350.15765,0.04808
1348.22886,0.04752
1346.30006,0.04671
1344.37126,0.04755
1342.44247,0.05307
1340.51367,0.06136
1338.58487,0.06310
1336.65608,0.05629
1334.72728,0.04927
1332.79848,0.04618
1330.86969,0.04556
1328.94089,0.04540
1327.01209,0.04513
1325.08330,0.04511
1323.15450,0.04598
1321.22570,0.04827
1319.29691,0.05054
1317.36811,0.05064
1315.43931,0.04959
1313.51052,0.04862
1311.58172,0.04693
1309.65292,0.04516
1307.72413,0.04426
1305.79533,0.04368
1303.86653,0.04316
1301.93774,0.04293
1300.00894,0.04298
1298.08014,0.04319
1296.15135,0.04316
1294.22255,0.04290
1292.29375,0.04303
1290.36496,0.04379
1288.43616,0.04432
1286.50736,0.04384
1284.57857,0.04294
1282.64977,0.04258
1280.72097,0.04264
1278.79218,0.04262
1276.86338,0.04257
1274.93458,0.04300
1273.00579,0.04403
1271.07699,0.04481
1269.14820,0.04472
1267.21940,0.04418
1265.29060,0.04372
1263.36181,0.04370
1261.43301,0.04406
1259.50421,0.04406
1257.57542,0.04351
1255.64662,0.04311
1253.71782,0.04304
1251.78903,0.04307
1249.86023,0.04313
1247.93143,0.04323
1246.00264,0.04345
1244.07384,0.04363
1242.14504,0.04361
1240.21625,0.04354
1238.28745,0.04358
1236.35865,0.04368
1234.42986,0.04384
1232.50106,0.04403
1230.57226,0.04425
1228.64347,0.04461
1226.71467,0.04512
1224.78587,0.04555
1222.85708,0.04577
1220.92828,0.04606
1218.99948,0.04652
1217.07069,0.04702
1215.14189,0.04762
1213.21309,0.04837
1211.28430,0.04900
1209.35550,0.04947
1207.42670,0.05003
1205.49791,0.05076
1203.56911,0.05158
1201.64031,0.05251
1199.71152,0.05360
1197.78272,0.05483
1195.85392,0.05615
1193.92513,0.05767
1191.99633,0.05948
1190.06753,0.06164
1188.13874,0.06414
1186.20994,0.06680
1184.28114,0.06959
1182.35235,0.07276
1180.42355,0.07649
1178.49475,0.08076
1176.56596,0.08547
1174.63716,0.09040
1172.70836,0.09537
1170.77957,0.10042
1168.85077,0.10560
1166.92197,0.11071
1164.99318,0.11542
1163.06438,0.11947
1161.13558,0.12262
1159.20679,0.12467
1157.27799,0.12547
1155.34919,0.12495
1153.42040,0.12314
1151.49160,0.12018
1149.56280,0.11624
1147.63401,0.11156
1145.70521,0.10646
1143.77641,0.10125
1141.84762,0.09614
1139.91882,0.09128
1137.99002,0.08679
1136.06123,0.08263
1134.13243,0.07879
1132.20363,0.07532
1130.27484,0.07228
1128.34604,0.06962
1126.41724,0.06731
1124.48845,0.06529
1122.55965,0.06351
1120.63085,0.06192
1118.70206,0.06049
1116.77326,0.05923
1114.84446,0.05813
1112.91567,0.05716
1110.98687,0.05632
1109.05807,0.05555
1107.12928,0.05485
1105.20048,0.05424
1103.27168,0.05374
1101.34289,0.05334
1099.41409,0.05303
1097.48529,0.05282
1095.55650,0.05273
1093.62770,0.05277
1091.69890,0.05293
1089.77011,0.05320
1087.84131,0.05352
1085.91251,0.05391
1083.98372,0.05437
1082.05492,0.05488
1080.12612,0.05545
1078.19733,0.05607
1076.26853,0.05669
1074.33973,0.05729
1072.41094,0.05785
1070.48214,0.05834
1068.55334,0.05872
1066.62455,0.05896
1064.69575,0.05900
1062.76695,0.05884
1060.83816,0.05854
1058.90936,0.05811
1056.98056,0.05760
1055.05177,0.05701
1053.12297,0.05634
1051.19417,0.05561
1049.26538,0.05487
1047.33658,0.05416
1045.40778,0.05349
1043.47899,0.05286
1041.55019,0.05228
1039.62139,0.05173
1037.69260,0.05124
1035.76380,0.05080
1033.83500,0.05035
1031.90621,0.04987
1029.97741,0.04939
1028.04861,0.04893
1026.11982,0.04852
1024.19102,0.04814
1022.26222,0.04779
1020.33343,0.04751
1018.40463,0.04732
1016.47583,0.04717
1014.54704,0.04702
1012.61824,0.04684
1010.68944,0.04659
1008.76065,0.04618
1006.83185,0.04562
1004.90305,0.04494
1002.97426,0.04421
1001.04546,0.04350
999.11666,0.04289
997.18787,0.04242
995.25907,0.04207
993.33027,0.04179
991.40148,0.04154
989.47268,0.04130
987.54388,0.04104
985.61509,0.04074
983.68629,0.04042
981.75749,0.04009
979.82870,0.03976
977.89990,0.03941
975.97110,0.03904
974.04231,0.03866
972.11351,0.03827
970.18471,0.03787
968.25592,0.03746
966.32712,0.03706
964.39832,0.03662
962.46953,0.03615
960.54073,0.03569
958.61193,0.03525
956.68314,0.03481
954.75434,0.03439
952.82554,0.03400
950.89675,0.03364
948.96795,0.03327
947.03915,0.03290
945.11036,0.03254
943.18156,0.03219
941.25276,0.03183
939.32397,0.03150
937.39517,0.03118
935.46637,0.03086
933.53758,0.03052
931.60878,0.03014
929.67998,0.02972
927.75119,0.02930
925.82239,0.02887
923.89359,0.02840
921.96480,0.02789
920.03600,0.02736
918.10720,0.02682
916.17841,0.02626
914.24961,0.02573
912.32081,0.02525
910.39202,0.02476
908.46322,0.02424
906.53443,0.02371
904.60563,0.02324
902.67683,0.02282
900.74804,0.02241
898.81924,0.02200
896.89044,0.02162
894.96165,0.02126
893.03285,0.02089
891.10405,0.02052
889.17526,0.02011
887.24646,0.01966
885.31766,0.01921
883.38887,0.01878
881.46007,0.01837
879.53127,0.01796
877.60248,0.01756
875.67368,0.01719
873.74488,0.01681
871.81609,0.01643
869.88729,0.01603
867.95849,0.01564
866.02970,0.01527
864.10090,0.01485
862.17210,0.01437
860.24331,0.01396
858.31451,0.01365
856.38571,0.01340
854.45692,0.01318
852.52812,0.01297
850.59932,0.01277
848.67053,0.01266
846.74173,0.01257
844.81293,0.01243
842.88414,0.01232
840.95534,0.01229
839.02654,0.01225
837.09775,0.01215
835.16895,0.01208
833.24015,0.01206
831.31136,0.01207
829.38256,0.01208
827.45376,0.01210
825.52497,0.01210
823.59617,0.01208
821.66737,0.01208
819.73858,0.01214
817.80978,0.01225
815.88098,0.01240
813.95219,0.01257
812.02339,0.01272
810.09459,0.01291
808.16580,0.01325
806.23700,0.01374
804.30820,0.01423
802.37941,0.01475
800.45061,0.01554
798.52181,0.01661
796.59302,0.01773
794.66422,0.01886
792.73542,0.02004
790.80663,0.02125
788.87783,0.02240
786.94903,0.02325
785.02024,0.02360
783.09144,0.02339
781.16264,0.02274
779.23385,0.02176
777.30505,0.02071
775.37625,0.01959
773.44746,0.01836
771.51866,0.01725
769.58986,0.01637
767.66107,0.01563
765.73227,0.01513
763.80347,0.01476
761.87468,0.01429
759.94588,0.01398
758.01708,0.01415
756.08829,0.01446
754.15949,0.01450
752.23069,0.01428
750.30190,0.01407
748.37310,0.01429
