3496.90832,0.03886
3494.97953,0.04596
3493.05073,0.05048
3491.12193,0.04872
3489.19314,0.04255
3487.26434,0.03588
3485.33554,0.03464
3483.40675,0.03918
3481.47795,0.04434
3479.54915,0.04639
3477.62036,0.04489
3475.69156,0.04569
3473.76276,0.05149
3471.83397,0.05393
3469.90517,0.04815
3467.97637,0.04233
3466.04758,0.04436
3464.11878,0.04903
3462.18998,0.04849
3460.26119,0.04761
3458.33239,0.05066
3456.40359,0.05039
3454.47480,0.04679
3452.54600,0.04761
3450.61721,0.04917
3448.68841,0.04939
3446.75961,0.05184
3444.83082,0.05082
3442.90202,0.04341
3440.97322,0.03390
3439.04443,0.02670
3437.11563,0.02554
3435.18683,0.02740
3433.25804,0.02817
3431.32924,0.02836
3429.40044,0.02771
3427.47165,0.02444
3425.54285,0.02164
3423.61405,0.02439
3421.68526,0.02953
3419.75646,0.03027
3417.82766,0.02654
3415.89887,0.02245
3413.97007,0.02096
3412.04127,0.02187
3410.11248,0.02293
3408.18368,0.02269
3406.25488,0.02076
3404.32609,0.01918
3402.39729,0.02084
3400.46849,0.02536
3398.53970,0.03011
3396.61090,0.03260
3394.68210,0.03180
3392.75331,0.02998
3390.82451,0.03169
3388.89571,0.03823
3386.96692,0.04668
3385.03812,0.05242
3383.10932,0.05156
3381.18053,0.04639
3379.25173,0.04505
3377.32293,0.04687
3375.39414,0.04386
3373.46534,0.04245
3371.53654,0.04956
3369.60775,0.05239
3367.67895,0.04739
3365.75015,0.04703
3363.82136,0.05050
3361.89256,0.04758
3359.96376,0.04154
3358.03497,0.04158
3356.10617,0.04316
3354.17737,0.03866
3352.24858,0.03609
3350.31978,0.04112
3348.39098,0.04541
3346.46219,0.04553
3344.53339,0.04825
3342.60459,0.05436
3340.67580,0.05499
3338.74700,0.04843
3336.81820,0.04496
3334.88941,0.04850
3332.96061,0.05071
3331.03181,0.04770
3329.10302,0.04340
3327.17422,0.04072
3325.24542,0.03734
3323.31663,0.03431
3321.38783,0.03913
3319.45903,0.04693
3317.53024,0.04574
3315.60144,0.03848
3313.67264,0.03593
3311.74385,0.03866
3309.81505,0.03854
3307.88625,0.03813
3305.95746,0.04040
3304.02866,0.03810
3302.09986,0.03026
3300.17107,0.02359
3298.24227,0.02014
3296.31347,0.01569
3294.38468,0.00865
3292.45588,0.00447
3290.52708,0.00494
3288.59829,0.00655
3286.66949,0.01012
3284.74069,0.01766
3282.81190,0.02303
3280.88310,0.02188
3278.95430,0.02133
3277.02551,0.02448
3275.09671,0.02584
3273.16791,0.02386
3271.23912,0.02197
3269.31032,0.02088
3267.38152,0.01880
3265.45273,0.01698
3263.52393,0.01960
3261.59513,0.02589
3259.66634,0.02626
3257.73754,0.01880
3255.80874,0.01320
3253.87995,0.01157
3251.95115,0.01253
3250.02235,0.01782
3248.09356,0.02225
3246.16476,0.02301
3244.23596,0.02517
3242.30717,0.02972
3240.37837,0.03562
3238.44957,0.04100
3236.52078,0.04149
3234.59198,0.03819
3232.66318,0.03469
3230.73439,0.03059
3228.80559,0.02663
3226.87679,0.02575
3224.94800,0.02910
3223.01920,0.03527
3221.09040,0.03804
3219.16161,0.03491
3217.23281,0.03332
3215.30401,0.03543
3213.37522,0.03665
3211.44642,0.03910
3209.51762,0.04448
3207.58883,0.04733
3205.66003,0.04507
3203.73123,0.04200
3201.80244,0.04145
3199.87364,0.04190
3197.94484,0.04123
3196.01605,0.03834
3194.08725,0.03526
3192.15845,0.03717
3190.22966,0.04304
3188.30086,0.04382
3186.37206,0.03804
3184.44327,0.03255
3182.51447,0.02885
3180.58567,0.02748
3178.65688,0.02988
3176.72808,0.03230
3174.79928,0.03176
3172.87049,0.03010
3170.94169,0.02900
3169.01289,0.02876
3167.08410,0.03002
3165.15530,0.03174
3163.22650,0.03077
3161.29771,0.02626
3159.36891,0.02252
3157.44011,0.02296
3155.51132,0.02528
3153.58252,0.02619
3151.65372,0.02315
3149.72493,0.01757
3147.79613,0.01586
3145.86733,0.01812
3143.93854,0.01937
3142.00974,0.01982
3140.08094,0.02129
3138.15215,0.02252
3136.22335,0.02207
3134.29455,0.02106
3132.36576,0.02094
3130.43696,0.02099
3128.50816,0.02111
3126.57937,0.02219
3124.65057,0.02289
3122.72177,0.02306
3120.79298,0.02415
3118.86418,0.02403
3116.93538,0.02152
3115.00659,0.01921
3113.07779,0.01827
3111.14899,0.01875
3109.22020,0.02043
3107.29140,0.02156
3105.36260,0.02150
3103.43381,0.02045
3101.50501,0.01828
3099.57621,0.01684
3097.64742,0.01730
3095.71862,0.01754
3093.78982,0.01621
3091.86103,0.01502
3089.93223,0.01547
3088.00344,0.01610
3086.07464,0.01585
3084.14584,0.01724
3082.21705,0.02062
3080.28825,0.02180
3078.35945,0.01984
3076.43066,0.01840
3074.50186,0.01831
3072.57306,0.01747
3070.64427,0.01613
3068.71547,0.01614
3066.78667,0.01730
3064.85788,0.01784
3062.92908,0.01742
3061.00028,0.01701
3059.07149,0.01750
3057.14269,0.01912
3055.21389,0.02014
3053.28510,0.01891
3051.35630,0.01696
3049.42750,0.01626
3047.49871,0.01667
3045.56991,0.01735
3043.64111,0.01750
3041.71232,0.01696
3039.78352,0.01671
3037.85472,0.01736
3035.92593,0.01845
3033.99713,0.01946
3032.06833,0.01988
3030.13954,0.01951
3028.21074,0.01921
3026.28194,0.01922
3024.35315,0.01892
3022.42435,0.01864
3020.49555,0.01882
3018.56676,0.01915
3016.63796,0.01960
3014.70916,0.02015
3012.78037,0.02015
3010.85157,0.01948
3008.92277,0.01954
3006.99398,0.02109
3005.06518,0.02234
3003.13638,0.02175
3001.20759,0.02033
2999.27879,0.01937
2997.34999,0.01885
2995.42120,0.01871
2993.49240,0.01911
2991.56360,0.01998
2989.63481,0.02114
2987.70601,0.02165
2985.77721,0.02094
2983.84842,0.01991
2981.91962,0.01944
2979.99082,0.01954
2978.06203,0.01992
2976.13323,0.02030
2974.20443,0.02039
2972.27564,0.02015
2970.34684,0.02006
2968.41804,0.02010
2966.48925,0.01976
2964.56045,0.01930
2962.63165,0.01920
2960.70286,0.01931
2958.77406,0.01967
2956.84526,0.02069
2954.91647,0.02168
2952.98767,0.02181
2951.05887,0.02151
2949.13008,0.02139
2947.20128,0.02142
2945.27248,0.02135
2943.34369,0.02122
2941.41489,0.02108
2939.48609,0.02098
2937.55730,0.02108
2935.62850,0.02122
2933.69970,0.02134
2931.77091,0.02151
2929.84211,0.02144
2927.91331,0.02102
2925.98452,0.02069
2924.05572,0.02088
2922.12692,0.02136
2920.19813,0.02186
2918.26933,0.02237
2916.34053,0.02289
2914.41174,0.02322
2912.48294,0.02316
2910.55414,0.02267
2908.62535,0.02213
2906.69655,0.02215
2904.76775,0.02270
2902.83896,0.02309
2900.91016,0.02309
2898.98136,0.02297
2897.05257,0.02291
2895.12377,0.02293
2893.19497,0.02301
2891.26618,0.02315
2889.33738,0.02319
2887.40858,0.02327
2885.47979,0.02357
2883.55099,0.02384
2881.62219,0.02399
2879.69340,0.02408
2877.76460,0.02416
2875.83580,0.02436
2873.90701,0.02432
2871.97821,0.02395
2870.04941,0.02394
2868.12062,0.02436
2866.19182,0.02466
2864.26302,0.02474
2862.33423,0.02476
2860.40543,0.02481
2858.47663,0.02495
2856.54784,0.02515
2854.61904,0.02543
2852.69024,0.02583
2850.76145,0.02618
2848.83265,0.02643
2846.90385,0.02666
2844.97506,0.02677
2843.04626,0.02672
2841.11746,0.02660
2839.18867,0.02652
2837.25987,0.02672
2835.33107,0.02722
2833.40228,0.02755
2831.47348,0.02752
2829.54468,0.02744
2827.61589,0.02736
2825.68709,0.02732
2823.75829,0.02749
2821.82950,0.02775
2819.90070,0.02787
2817.97190,0.02797
2816.04311,0.02823
2814.11431,0.02843
2812.18551,0.02830
2810.25672,0.02807
2808.32792,0.02792
2806.39912,0.02779
2804.47033,0.02767
2802.54153,0.02778
2800.61273,0.02813
2798.68394,0.02825
2796.75514,0.02794
2794.82634,0.02772
2792.89755,0.02780
2790.96875,0.02771
2789.03995,0.02735
2787.11116,0.02699
2785.18236,0.02670
2783.25356,0.02638
2781.32477,0.02617
2779.39597,0.02621
2777.46717,0.02609
2775.53838,0.02568
2773.60958,0.02546
2771.68078,0.02561
2769.75199,0.02585
2767.82319,0.02579
2765.89439,0.02555
2763.96560,0.02557
2762.03680,0.02573
2760.10800,0.02588
2758.17921,0.02598
2756.25041,0.02585
2754.32161,0.02553
2752.39282,0.02522
2750.46402,0.02507
2748.53522,0.02504
2746.60643,0.02521
2744.67763,0.02557
2742.74883,0.02586
2740.82004,0.02583
2738.89124,0.02564
2736.96244,0.02563
2735.03365,0.02581
2733.10485,0.02590
2731.17605,0.02580
2729.24726,0.02560
2727.31846,0.02528
2725.38967,0.02502
2723.46087,0.02500
2721.53207,0.02510
2719.60328,0.02513
2717.67448,0.02534
2715.74568,0.02582
2713.81689,0.02620
2711.88809,0.02626
2709.95929,0.02615
2708.03050,0.02601
2706.10170,0.02580
2704.17290,0.02562
2702.24411,0.02559
2700.31531,0.02561
2698.38651,0.02570
2696.45772,0.02577
2694.52892,0.02576
2692.60012,0.02583
2690.67133,0.02594
2688.74253,0.02584
2686.81373,0.02565
2684.88494,0.02567
2682.95614,0.02579
2681.02734,0.02576
2679.09855,0.02559
2677.16975,0.02539
2675.24095,0.02527
2673.31216,0.02533
2671.38336,0.02536
2669.45456,0.02526
2667.52577,0.02522
2665.59697,0.02539
2663.66817,0.02553
2661.73938,0.02553
2659.81058,0.02565
2657.88178,0.02592
2655.95299,0.02601
2654.02419,0.02573
2652.09539,0.02536
2650.16660,0.02531
2648.23780,0.02559
2646.30900,0.02578
2644.38021,0.02584
2642.45141,0.02590
2640.52261,0.02597
2638.59382,0.02612
2636.66502,0.02626
2634.73622,0.02627
2632.80743,0.02628
2630.87863,0.02647
2628.94983,0.02688
2627.02104,0.02739
2625.09224,0.02760
2623.16344,0.02739
2621.23465,0.02726
2619.30585,0.02748
2617.37705,0.02776
2615.44826,0.02801
2613.51946,0.02829
2611.59066,0.02850
2609.66187,0.02862
2607.73307,0.02878
2605.80427,0.02912
2603.87548,0.02941
2601.94668,0.02945
2600.01788,0.02929
2598.08909,0.02920
2596.16029,0.02926
2594.23149,0.02920
2592.30270,0.02895
2590.37390,0.02874
2588.44510,0.02845
2586.51631,0.02799
2584.58751,0.02777
2582.65871,0.02801
2580.72992,0.02826
2578.80112,0.02814
2576.87232,0.02791
2574.94353,0.02800
2573.01473,0.02854
2571.08593,0.02910
2569.15714,0.02928
2567.22834,0.02937
2565.29954,0.02962
2563.37075,0.02989
2561.44195,0.02990
2559.51315,0.02942
2557.58436,0.02902
2555.65556,0.02928
2553.72676,0.02964
2551.79797,0.02949
2549.86917,0.02920
2547.94037,0.02927
2546.01158,0.02950
2544.08278,0.02965
2542.15398,0.02971
2540.22519,0.02951
2538.29639,0.02904
2536.36759,0.02854
2534.43880,0.02825
2532.51000,0.02836
2530.58120,0.02874
2528.65241,0.02896
2526.72361,0.02880
2524.79481,0.02856
2522.86602,0.02852
2520.93722,0.02839
2519.00842,0.02812
2517.07963,0.02842
2515.15083,0.02947
2513.22203,0.03026
2511.29324,0.03011
2509.36444,0.02940
2507.43564,0.02877
2505.50685,0.02857
2503.57805,0.02871
2501.64925,0.02883
2499.72046,0.02878
2497.79166,0.02869
2495.86286,0.02873
2493.93407,0.02865
2492.00527,0.02830
2490.07647,0.02808
2488.14768,0.02826
2486.21888,0.02867
2484.29008,0.02892
2482.36129,0.02892
2480.43249,0.02887
2478.50369,0.02876
2476.57490,0.02855
2474.64610,0.02842
2472.71730,0.02826
2470.78851,0.02798
2468.85971,0.02787
2466.93091,0.02803
2465.00212,0.02819
2463.07332,0.02830
2461.14452,0.02827
2459.21573,0.02808
2457.28693,0.02792
2455.35813,0.02772
2453.42934,0.02748
2451.50054,0.02741
2449.57174,0.02733
2447.64295,0.02725
2445.71415,0.02745
2443.78535,0.02758
2441.85656,0.02714
2439.92776,0.02642
2437.99896,0.02610
2436.07017,0.02633
2434.14137,0.02667
2432.21257,0.02689
2430.28378,0.02694
2428.35498,0.02677
2426.42618,0.02656
2424.49739,0.02638
2422.56859,0.02606
2420.63979,0.02580
2418.71100,0.02575
2416.78220,0.02570
2414.85340,0.02548
2412.92461,0.02525
2410.99581,0.02526
2409.06701,0.02545
2407.13822,0.02532
2405.20942,0.02473
2403.28062,0.02411
2401.35183,0.02370
2399.42303,0.02343
2397.49423,0.02331
2395.56544,0.02316
2393.63664,0.02290
2391.70784,0.02282
2389.77905,0.02339
2387.85025,0.02521
2385.92145,0.02891
2383.99266,0.03499
2382.06386,0.04344
2380.13506,0.05390
2378.20627,0.06572
2376.27747,0.07808
2374.34867,0.09054
2372.41988,0.10299
2370.49108,0.11521
2368.56228,0.12641
2366.63349,0.13584
2364.70469,0.14354
2362.77589,0.14931
2360.84710,0.15211
2358.91830,0.15064
2356.98951,0.14407
2355.06071,0.13271
2353.13191,0.11753
2351.20312,0.10204
2349.27432,0.09381
2347.34552,0.09759
2345.41673,0.10888
2343.48793,0.11659
2341.55913,0.11726
2339.63034,0.11495
2337.70154,0.11209
2335.77274,0.10986
2333.84395,0.10926
2331.91515,0.10951
2329.98635,0.10795
2328.05756,0.10431
2326.12876,0.10111
2324.19996,0.09907
2322.27117,0.09609
2320.34237,0.09041
2318.41357,0.08309
2316.48478,0.07699
2314.55598,0.07323
2312.62718,0.07016
2310.69839,0.06617
2308.76959,0.06140
2306.84079,0.05642
2304.91200,0.05165
2302.98320,0.04763
2301.05440,0.04455
2299.12561,0.04181
2297.19681,0.03900
2295.26801,0.03658
2293.33922,0.03481
2291.41042,0.03338
2289.48162,0.03205
2287.55283,0.03085
2285.62403,0.02989
2283.69523,0.02926
2281.76644,0.02912
2279.83764,0.02997
2277.90884,0.03171
2275.98005,0.03305
2274.05125,0.03330
2272.12245,0.03320
2270.19366,0.03373
2268.26486,0.03500
2266.33606,0.03612
2264.40727,0.03656
2262.47847,0.03657
2260.54967,0.03635
2258.62088,0.03615
2256.69208,0.03618
2254.76328,0.03619
2252.83449,0.03588
2250.90569,0.03550
2248.97689,0.03559
2247.04810,0.03598
2245.11930,0.03620
2243.19050,0.03633
2241.26171,0.03667
2239.33291,0.03720
2237.40411,0.03763
2235.47532,0.03802
2233.54652,0.03851
2231.61772,0.03883
2229.68893,0.03909
2227.76013,0.03986
2225.83133,0.04105
2223.90254,0.04177
2221.97374,0.04197
2220.04494,0.04282
2218.11615,0.04398
2216.18735,0.04389
2214.25855,0.04334
2212.32976,0.04375
2210.40096,0.04427
2208.47216,0.04429
2206.54337,0.04480
2204.61457,0.04545
2202.68577,0.04512
2200.75698,0.04474
2198.82818,0.04576
2196.89938,0.04745
2194.97059,0.04810
2193.04179,0.04881
2191.11299,0.05105
2189.18420,0.05263
2187.25540,0.05249
2185.32660,0.05249
2183.39781,0.05348
2181.46901,0.05558
2179.54021,0.05807
2177.61142,0.05942
2175.68262,0.05956
2173.75382,0.05835
2171.82503,0.05681
2169.89623,0.05828
2167.96743,0.06207
2166.03864,0.06379
2164.10984,0.06301
2162.18104,0.06406
2160.25225,0.06838
2158.32345,0.06958
2156.39465,0.06432
2154.46586,0.05768
2152.53706,0.05262
2150.60826,0.04871
2148.67947,0.04611
2146.75067,0.04483
2144.82187,0.04325
2142.89308,0.04121
2140.96428,0.03963
2139.03548,0.03795
2137.10669,0.03565
2135.17789,0.03332
2133.24909,0.03109
2131.32030,0.02876
2129.39150,0.02722
2127.46270,0.02701
2125.53391,0.02694
2123.60511,0.02589
2121.67631,0.02468
2119.74752,0.02427
2117.81872,0.02431
2115.88992,0.02444
2113.96113,0.02437
2112.03233,0.02400
2110.10353,0.02378
2108.17474,0.02386
2106.24594,0.02401
2104.31714,0.02401
2102.38835,0.02358
2100.45955,0.02300
2098.53075,0.02300
2096.60196,0.02353
2094.67316,0.02383
2092.74436,0.02376
2090.81557,0.02376
2088.88677,0.02384
2086.95797,0.02397
2085.02918,0.02426
2083.10038,0.02466
2081.17158,0.02521
2079.24279,0.02580
2077.31399,0.02605
2075.38519,0.02587
2073.45640,0.02576
2071.52760,0.02603
2069.59880,0.02636
2067.67001,0.02735
2065.74121,0.02902
2063.81241,0.02933
2061.88362,0.02835
2059.95482,0.02784
2058.02602,0.02809
2056.09723,0.02885
2054.16843,0.02953
2052.23963,0.02986
2050.31084,0.03078
2048.38204,0.03245
2046.45324,0.03427
2044.52445,0.03642
2042.59565,0.03817
2040.66685,0.03827
2038.73806,0.03815
2036.80926,0.03972
2034.88046,0.04157
2032.95167,0.04211
2031.02287,0.04194
2029.09407,0.04126
2027.16528,0.04045
2025.23648,0.04102
2023.30768,0.04250
2021.37889,0.04351
2019.45009,0.04488
2017.52129,0.04524
2015.59250,0.04242
2013.66370,0.03886
2011.73490,0.03643
2009.80611,0.03501
2007.87731,0.03478
2005.94851,0.03467
2004.01972,0.03353
2002.09092,0.03179
2000.16212,0.03041
1998.23333,0.02957
1996.30453,0.02969
1994.37574,0.03162
1992.44694,0.03313
1990.51814,0.03186
1988.58935,0.03057
1986.66055,0.03101
1984.73175,0.03149
1982.80296,0.03217
1980.87416,0.03360
1978.94536,0.03397
1977.01657,0.03255
1975.08777,0.03150
1973.15897,0.03096
1971.23018,0.03101
1969.30138,0.03284
1967.37258,0.03400
1965.44379,0.03210
1963.51499,0.02887
1961.58619,0.02622
1959.65740,0.02445
1957.72860,0.02365
1955.79980,0.02340
1953.87101,0.02330
1951.94221,0.02303
1950.01341,0.02225
1948.08462,0.02228
1946.15582,0.02484
1944.22702,0.02869
1942.29823,0.02885
1940.36943,0.02452
1938.44063,0.02080
1936.51184,0.01919
1934.58304,0.01822
1932.65424,0.01754
1930.72545,0.01744
1928.79665,0.01771
1926.86785,0.01908
1924.93906,0.02262
1923.01026,0.02513
1921.08146,0.02489
1919.15267,0.02484
1917.22387,0.02341
1915.29507,0.01935
1913.36628,0.01729
1911.43748,0.01892
1909.50868,0.02075
1907.57989,0.01988
1905.65109,0.01761
1903.72229,0.01619
1901.79350,0.01560
1899.86470,0.01568
1897.93590,0.01731
1896.00711,0.01943
1894.07831,0.02008
1892.14951,0.02127
1890.22072,0.02342
1888.29192,0.02202
1886.36312,0.01830
1884.43433,0.01614
1882.50553,0.01519
1880.57673,0.01486
1878.64794,0.01480
1876.71914,0.01467
1874.79034,0.01512
1872.86155,0.01876
1870.93275,0.02758
1869.00395,0.03481
1867.07516,0.03080
1865.14636,0.02159
1863.21756,0.01660
1861.28877,0.01571
1859.35997,0.01562
1857.43117,0.01509
1855.50238,0.01444
1853.57358,0.01433
1851.64478,0.01562
1849.71599,0.01944
1847.78719,0.02583
1845.85839,0.03315
1843.92960,0.03422
1842.00080,0.02626
1840.07200,0.01963
1838.14321,0.01838
1836.21441,0.01836
1834.28561,0.01903
1832.35682,0.02472
1830.42802,0.03227
1828.49922,0.03302
1826.57043,0.03007
1824.64163,0.02654
1822.71283,0.02065
1820.78404,0.01626
1818.85524,0.01555
1816.92644,0.01567
1814.99765,0.01657
1813.06885,0.02038
1811.14005,0.02394
1809.21126,0.02275
1807.28246,0.01935
1805.35366,0.01925
1803.42487,0.02442
1801.49607,0.03037
1799.56727,0.03085
1797.63848,0.02863
1795.70968,0.03075
1793.78088,0.03778
1791.85209,0.03955
1789.92329,0.03015
1787.99449,0.02198
1786.06570,0.02121
1784.13690,0.02340
1782.20810,0.02566
1780.27931,0.02639
1778.35051,0.02520
1776.42171,0.02785
1774.49292,0.03785
1772.56412,0.04721
1770.63532,0.04441
1768.70653,0.03437
1766.77773,0.02549
1764.84893,0.02303
1762.92014,0.02728
1760.99134,0.02992
1759.06254,0.02898
1757.13375,0.02806
1755.20495,0.02716
1753.27615,0.03214
1751.34736,0.04517
1749.41856,0.05301
1747.48976,0.04855
1745.56097,0.04193
1743.63217,0.03903
1741.70337,0.03854
1739.77458,0.03732
1737.84578,0.03720
1735.91698,0.04539
1733.98819,0.05532
1732.05939,0.04906
1730.13059,0.03551
1728.20180,0.02443
1726.27300,0.01933
1724.34420,0.02041
1722.41541,0.02480
1720.48661,0.03651
1718.55781,0.05730
1716.62902,0.06734
1714.70022,0.05484
1712.77142,0.03968
1710.84263,0.03361
1708.91383,0.03816
1706.98503,0.04989
1705.05624,0.06001
1703.12744,0.06848
1701.19864,0.08409
1699.26985,0.09838
1697.34105,0.10008
1695.41225,0.09310
1693.48346,0.08527
1691.55466,0.08900
1689.62586,0.10444
1687.69707,0.12512
1685.76827,0.15447
1683.83947,0.18298
1681.91068,0.18557
1679.98188,0.18226
1678.05308,0.18943
1676.12429,0.20676
1674.19549,0.22536
1672.26669,0.24115
1670.33790,0.25715
1668.40910,0.26191
1666.48030,0.25767
1664.55151,0.26135
1662.62271,0.26890
1660.69391,0.26811
1658.76512,0.26666
1656.83632,0.27713
1654.90752,0.30248
1652.97873,0.31855
1651.04993,0.30633
1649.12113,0.30508
1647.19234,0.31328
1645.26354,0.30675
1643.33474,0.29687
1641.40595,0.30111
1639.47715,0.32008
1637.54835,0.35131
1635.61956,0.37981
1633.69076,0.38524
1631.76197,0.38797
1629.83317,0.40313
1627.90437,0.42384
1625.97558,0.44119
1624.04678,0.45372
1622.11798,0.45661
1620.18919,0.45549
1618.26039,0.46033
1616.33159,0.46045
1614.40280,0.44906
1612.47400,0.44202
1610.54520,0.44424
1608.61641,0.45011
1606.68761,0.45566
1604.75881,0.46303
1602.83002,0.47297
1600.90122,0.48264
1598.97242,0.49152
1597.04363,0.50033
1595.11483,0.50638
1593.18603,0.50633
1591.25724,0.50089
1589.32844,0.49107
1587.39964,0.47726
1585.47085,0.46061
1583.54205,0.44171
1581.61325,0.42266
1579.68446,0.40918
1577.75566,0.39948
1575.82686,0.37607
1573.89807,0.34530
1571.96927,0.32763
1570.04047,0.31404
1568.11168,0.29206
1566.18288,0.27034
1564.25408,0.25651
1562.32529,0.25663
1560.39649,0.27420
1558.46769,0.27443
1556.53890,0.23927
1554.61010,0.21059
1552.68130,0.19340
1550.75251,0.18271
1548.82371,0.17388
1546.89491,0.17226
1544.96612,0.18338
1543.03732,0.20070
1541.10852,0.20950
1539.17973,0.18743
1537.25093,0.15917
1535.32213,0.15045
1533.39334,0.14805
1531.46454,0.13835
1529.53574,0.13346
1527.60695,0.13899
1525.67815,0.14632
1523.74935,0.15398
1521.82056,0.15966
1519.89176,0.15539
1517.96296,0.14805
1516.03417,0.13802
1514.10537,0.12661
1512.17657,0.12644
1510.24778,0.14349
1508.31898,0.16927
1506.39018,0.16480
1504.46139,0.13110
1502.53259,0.11454
1500.60379,0.11701
1498.67500,0.12754
1496.74620,0.13173
1494.81740,0.12771
1492.88861,0.13241
1490.95981,0.15186
1489.03101,0.16790
1487.10222,0.16551
1485.17342,0.16056
1483.24462,0.16527
1481.31583,0.17759
1479.38703,0.19333
1477.45823,0.21479
1475.52944,0.24289
1473.60064,0.26833
1471.67184,0.27518
1469.74305,0.26955
1467.81425,0.27201
1465.88545,0.28377
1463.95666,0.29041
1462.02786,0.29265
1460.09906,0.30506
1458.17027,0.32282
1456.24147,0.31282
1454.31267,0.28251
1452.38388,0.25986
1450.45508,0.24592
1448.52628,0.23380
1446.59749,0.21634
1444.66869,0.19694
1442.73989,0.18144
1440.81110,0.17209
1438.88230,0.17028
1436.95350,0.16775
1435.02471,0.15382
1433.09591,0.13959
1431.16711,0.13169
1429.23832,0.12343
1427.30952,0.11493
1425.38072,0.11144
1423.45193,0.11063
1421.52313,0.11238
1419.59433,0.11688
1417.66554,0.11082
1415.73674,0.09499
1413.80794,0.08395
1411.87915,0.07939
1409.95035,0.07664
1408.02155,0.07581
1406.09276,0.07749
1404.16396,0.07648
1402.23516,0.07449
1400.30637,0.07833
1398.37757,0.08467
1396.44877,0.08639
1394.51998,0.08041
1392.59118,0.06985
1390.66238,0.06497
1388.73359,0.06779
1386.80479,0.06814
1384.87599,0.06163
1382.94720,0.05641
1381.01840,0.05593
1379.08960,0.05782
1377.16081,0.06190
1375.23201,0.06667
1373.30321,0.06540
1371.37442,0.05946
1369.44562,0.05596
1367.51682,0.05505
1365.58803,0.05789
1363.65923,0.06442
1361.73043,0.06494
1359.80164,0.05764
1357.87284,0.05207
1355.94404,0.05062
1354.01525,0.04983
1352.08645,0.04875
1350.15765,0.04821
1348.22886,0.04769
1346.30006,0.04691
1344.37126,0.04773
1342.44247,0.05317
1340.51367,0.06133
1338.58487,0.06304
1336.65608,0.05633
1334.72728,0.04940
1332.79848,0.04635
1330.86969,0.04572
1328.94089,0.04553
1327.01209,0.04526
1325.08330,0.04523
1323.15450,0.04607
1321.22570,0.04832
1319.29691,0.05056
1317.36811,0.05066
1315.43931,0.04961
1313.51052,0.04864
1311.58172,0.04697
1309.65292,0.04524
1307.72413,0.04436
1305.79533,0.04378
1303.86653,0.04328
1301.93774,0.04303
1300.00894,0.04306
1298.08014,0.04327
1296.15135,0.04326
1294.22255,0.04303
1292.29375,0.04317
1290.36496,0.04390
1288.43616,0.04442
1286.50736,0.04394
1284.57857,0.04306
1282.64977,0.04273
1280.72097,0.04280
1278.79218,0.04275
1276.86338,0.04268
1274.93458,0.04310
1273.00579,0.04411
1271.07699,0.04488
1269.14820,0.04478
1267.21940,0.04423
1265.29060,0.04377
1263.36181,0.04375
1261.43301,0.04413
1259.50421,0.04413
1257.57542,0.04357
1255.64662,0.04317
1253.71782,0.04314
1251.78903,0.04319
1249.86023,0.04324
1247.93143,0.04334
1246.00264,0.04355
1244.07384,0.04373
1242.14504,0.04374
1240.21625,0.04370
1238.28745,0.04374
1236.35865,0.04385
1234.42986,0.04401
1232.50106,0.04417
1230.57226,0.04437
1228.64347,0.04472
1226.71467,0.04522
1224.78587,0.04561
1222.85708,0.04582
1220.92828,0.04615
1218.99948,0.04665
1217.07069,0.04717
1215.14189,0.04777
1213.21309,0.04852
1211.28430,0.04914
1209.35550,0.04961
1207.42670,0.05016
1205.49791,0.05088
1203.56911,0.05170
1201.64031,0.05266
1199.71152,0.05378
1197.78272,0.05500
1195.85392,0.05633
1193.92513,0.05789
1191.99633,0.05975
1190.06753,0.06192
1188.13874,0.06441
1186.20994,0.06709
1184.28114,0.06993
1182.35235,0.07316
1180.42355,0.07695
1178.49475,0.08126
1176.56596,0.08598
1174.63716,0.09093
1172.70836,0.09593
1170.77957,0.10105
1168.85077,0.10630
1166.92197,0.11145
1164.99318,0.11619
1163.06438,0.12028
1161.13558,0.12349
1159.20679,0.12556
1157.27799,0.12637
1155.34919,0.12586
1153.42040,0.12405
1151.49160,0.12106
1149.56280,0.11706
1147.63401,0.11233
1145.70521,0.10719
1143.77641,0.10194
1141.84762,0.09679
1139.91882,0.09187
1137.99002,0.08731
1136.06123,0.08311
1134.13243,0.07924
1132.20363,0.07576
1130.27484,0.07268
1128.34604,0.06998
1126.41724,0.06762
1124.48845,0.06558
1122.55965,0.06380
1120.63085,0.06219
1118.70206,0.06073
1116.77326,0.05945
1114.84446,0.05834
1112.91567,0.05740
1110.98687,0.05655
1109.05807,0.05577
1107.12928,0.05506
1105.20048,0.05445
1103.27168,0.05393
1101.34289,0.05353
1099.41409,0.05321
1097.48529,0.05301
1095.55650,0.05294
1093.62770,0.05300
1091.69890,0.05315
1089.77011,0.05338
1087.84131,0.05370
1085.91251,0.05410
1083.98372,0.05457
1082.05492,0.05508
1080.12612,0.05565
1078.19733,0.05626
1076.26853,0.05688
1074.33973,0.05747
1072.41094,0.05802
1070.48214,0.05849
1068.55334,0.05887
1066.62455,0.05913
1064.69575,0.05919
1062.76695,0.05903
1060.83816,0.05871
1058.90936,0.05830
1056.98056,0.05782
1055.05177,0.05725
1053.12297,0.05657
1051.19417,0.05583
1049.26538,0.05509
1047.33658,0.05436
1045.40778,0.05366
1043.47899,0.05303
1041.55019,0.05246
1039.62139,0.05192
1037.69260,0.05140
1035.76380,0.05092
1033.83500,0.05046
1031.90621,0.04999
1029.97741,0.04950
1028.04861,0.04902
1026.11982,0.04859
1024.19102,0.04821
1022.26222,0.04787
1020.33343,0.04760
1018.40463,0.04741
1016.47583,0.04726
1014.54704,0.04711
1012.61824,0.04694
1010.68944,0.04669
1008.76065,0.04630
1006.83185,0.04572
1004.90305,0.04502
1002.97426,0.04429
1001.04546,0.04358
999.11666,0.04298
997.18787,0.04252
995.25907,0.04216
993.33027,0.04186
991.40148,0.04159
989.47268,0.04133
987.54388,0.04109
985.61509,0.04082
983.68629,0.04051
981.75749,0.04015
979.82870,0.03979
977.89990,0.03945
975.97110,0.03909
974.04231,0.03870
972.11351,0.03831
970.18471,0.03791
968.25592,0.03749
966.32712,0.03704
964.39832,0.03657
962.46953,0.03610
960.54073,0.03564
958.61193,0.03519
956.68314,0.03477
954.75434,0.03438
952.82554,0.03399
950.89675,0.03361
948.96795,0.03323
947.03915,0.03285
945.11036,0.03247
943.18156,0.03211
941.25276,0.03176
939.32397,0.03142
937.39517,0.03108
935.46637,0.03075
933.53758,0.03043
931.60878,0.03007
929.67998,0.02968
927.75119,0.02925
925.82239,0.02879
923.89359,0.02831
921.96480,0.02781
920.03600,0.02729
918.10720,0.02677
916.17841,0.02623
914.24961,0.02566
912.32081,0.02512
910.39202,0.02461
908.46322,0.02411
906.53443,0.02359
904.60563,0.02312
902.67683,0.02271
900.74804,0.02232
898.81924,0.02192
896.89044,0.02153
894.96165,0.02113
893.03285,0.02070
891.10405,0.02025
889.17526,0.01985
887.24646,0.01948
885.31766,0.01908
883.38887,0.01867
881.46007,0.01823
879.53127,0.01779
877.60248,0.01736
875.67368,0.01694
873.74488,0.01655
871.81609,0.01619
869.88729,0.01581
867.95849,0.01541
866.02970,0.01501
864.10090,0.01454
862.17210,0.01405
860.24331,0.01367
858.31451,0.01340
856.38571,0.01317
854.45692,0.01299
852.52812,0.01284
850.59932,0.01263
848.67053,0.01240
846.74173,0.01222
844.81293,0.01209
842.88414,0.01204
840.95534,0.01205
839.02654,0.01204
837.09775,0.01196
835.16895,0.01191
833.24015,0.01190
831.31136,0.01185
829.38256,0.01181
827.45376,0.01182
825.52497,0.01185
823.59617,0.01185
821.66737,0.01181
819.73858,0.01182
817.80978,0.01196
815.88098,0.01216
813.95219,0.01234
812.02339,0.01247
810.09459,0.01261
808.16580,0.01284
806.23700,0.01325
804.30820,0.01381
802.37941,0.01441
800.45061,0.01520
798.52181,0.01628
796.59302,0.01742
794.66422,0.01853
792.73542,0.01976
790.80663,0.02111
788.87783,0.02230
786.94903,0.02307
785.02024,0.02338
783.09144,0.02329
781.16264,0.02269
779.23385,0.02164
777.30505,0.02047
775.37625,0.01926
773.44746,0.01793
771.51866,0.01679
769.58986,0.01605
767.66107,0.01550
765.73227,0.01495
763.80347,0.01438
761.87468,0.01389
759.94588,0.01375
758.01708,0.01394
756.08829,0.01416
754.15949,0.01414
752.23069,0.01387
750.30190,0.01379
748.37310,0.01414
