3496.90832,0.03757
3494.97953,0.04350
3493.05073,0.04962
3491.12193,0.04944
3489.19314,0.04732
3487.26434,0.04727
3485.33554,0.04835
3483.40675,0.04934
3481.47795,0.05016
3479.54915,0.05176
3477.62036,0.05403
3475.69156,0.05558
3473.76276,0.05447
3471.83397,0.05132
3469.90517,0.04898
3467.97637,0.04705
3466.04758,0.04629
3464.11878,0.04909
3462.18998,0.05151
3460.26119,0.04880
3458.33239,0.04346
3456.40359,0.04061
3454.47480,0.04227
3452.54600,0.04786
3450.61721,0.05228
3448.68841,0.05345
3446.75961,0.05539
3444.83082,0.05406
3442.90202,0.04531
3440.97322,0.03828
3439.04443,0.03825
3437.11563,0.03898
3435.18683,0.03722
3433.25804,0.03537
3431.32924,0.03291
3429.40044,0.02966
3427.47165,0.02910
3425.54285,0.03209
3423.61405,0.03709
3421.68526,0.04360
3419.75646,0.04450
3417.82766,0.03077
3415.89887,0.01408
3413.97007,0.01181
3412.04127,0.02153
3410.11248,0.03396
3408.18368,0.04386
3406.25488,0.04523
3404.32609,0.03783
3402.39729,0.02848
3400.46849,0.02277
3398.53970,0.02424
3396.61090,0.03049
3394.68210,0.03276
3392.75331,0.03140
3390.82451,0.03334
3388.89571,0.03934
3386.96692,0.04676
3385.03812,0.05323
3383.10932,0.05779
3381.18053,0.05936
3379.25173,0.05535
3377.32293,0.04684
3375.39414,0.04003
3373.46534,0.04045
3371.53654,0.04646
3369.60775,0.05096
3367.67895,0.05116
3365.75015,0.04707
3363.82136,0.04244
3361.89256,0.04514
3359.96376,0.05305
3358.03497,0.05812
3356.10617,0.05699
3354.17737,0.04893
3352.24858,0.04107
3350.31978,0.04288
3348.39098,0.05094
3346.46219,0.05504
3344.53339,0.05367
3342.60459,0.05209
3340.67580,0.05044
3338.74700,0.04855
3336.81820,0.04657
3334.88941,0.04024
3332.96061,0.03473
3331.03181,0.04041
3329.10302,0.04776
3327.17422,0.04204
3325.24542,0.03254
3323.31663,0.03338
3321.38783,0.03955
3319.45903,0.04169
3317.53024,0.04209
3315.60144,0.04390
3313.67264,0.04548
3311.74385,0.04518
3309.81505,0.04081
3307.88625,0.03610
3305.95746,0.03485
3304.02866,0.02982
3302.09986,0.01860
3300.17107,0.01189
3298.24227,0.01196
3296.31347,0.01119
3294.38468,0.01134
3292.45588,0.01494
3290.52708,0.01512
3288.59829,0.01172
3286.66949,0.01075
3284.74069,0.01122
3282.81190,0.01192
3280.88310,0.01398
3278.95430,0.01540
3277.02551,0.01702
3275.09671,0.02131
3273.16791,0.02571
3271.23912,0.02795
3269.31032,0.02862
3267.38152,0.02771
3265.45273,0.02548
3263.52393,0.02291
3261.59513,0.01997
3259.66634,0.01603
3257.73754,0.01196
3255.80874,0.01014
3253.87995,0.01190
3251.95115,0.01536
3250.02235,0.01762
3248.09356,0.01912
3246.16476,0.01998
3244.23596,0.02062
3242.30717,0.02499
3240.37837,0.03239
3238.44957,0.03735
3236.52078,0.03789
3234.59198,0.03365
3232.66318,0.02684
3230.73439,0.02234
3228.80559,0.02088
3226.87679,0.02106
3224.94800,0.02396
3223.01920,0.02962
3221.09040,0.03540
3219.16161,0.03973
3217.23281,0.04232
3215.30401,0.04168
3213.37522,0.03856
3211.44642,0.03795
3209.51762,0.04144
3207.58883,0.04332
3205.66003,0.03996
3203.73123,0.03554
3201.80244,0.03384
3199.87364,0.03407
3197.94484,0.03720
3196.01605,0.04123
3194.08725,0.03991
3192.15845,0.03653
3190.22966,0.03733
3188.30086,0.03955
3186.37206,0.04018
3184.44327,0.04041
3182.51447,0.04088
3180.58567,0.04001
3178.65688,0.03668
3176.72808,0.03343
3174.79928,0.03099
3172.87049,0.02731
3170.94169,0.02429
3169.01289,0.02514
3167.08410,0.02796
3165.15530,0.02903
3163.22650,0.02708
3161.29771,0.02334
3159.36891,0.02222
3157.44011,0.02480
3155.51132,0.02637
3153.58252,0.02577
3151.65372,0.02408
3149.72493,0.02199
3147.79613,0.02213
3145.86733,0.02287
3143.93854,0.02158
3142.00974,0.02191
3140.08094,0.02480
3138.15215,0.02581
3136.22335,0.02449
3134.29455,0.02303
3132.36576,0.02135
3130.43696,0.01971
3128.50816,0.01979
3126.57937,0.02213
3124.65057,0.02386
3122.72177,0.02344
3120.79298,0.02319
3118.86418,0.02256
3116.93538,0.02016
3115.00659,0.01852
3113.07779,0.01899
3111.14899,0.01972
3109.22020,0.01974
3107.29140,0.02018
3105.36260,0.02205
3103.43381,0.02344
3101.50501,0.02199
3099.57621,0.01940
3097.64742,0.01813
3095.71862,0.01711
3093.78982,0.01575
3091.86103,0.01574
3089.93223,0.01678
3088.00344,0.01736
3086.07464,0.01836
3084.14584,0.02104
3082.21705,0.02349
3080.28825,0.02315
3078.35945,0.02122
3076.43066,0.02059
3074.50186,0.02154
3072.57306,0.02204
3070.64427,0.02083
3068.71547,0.01941
3066.78667,0.01917
3064.85788,0.01912
3062.92908,0.01874
3061.00028,0.01866
3059.07149,0.01914
3057.14269,0.02010
3055.21389,0.02073
3053.28510,0.02025
3051.35630,0.01917
3049.42750,0.01834
3047.49871,0.01843
3045.56991,0.01925
3043.64111,0.01920
3041.71232,0.01843
3039.78352,0.01857
3037.85472,0.01952
3035.92593,0.02070
3033.99713,0.02198
3032.06833,0.02228
3030.13954,0.02134
3028.21074,0.02096
3026.28194,0.02148
3024.35315,0.02113
3022.42435,0.01999
3020.49555,0.01976
3018.56676,0.02059
3016.63796,0.02150
3014.70916,0.02229
3012.78037,0.02296
3010.85157,0.02299
3008.92277,0.02286
3006.99398,0.02330
3005.06518,0.02339
3003.13638,0.02244
3001.20759,0.02153
2999.27879,0.02118
2997.34999,0.02106
2995.42120,0.02138
2993.49240,0.02189
2991.56360,0.02230
2989.63481,0.02277
2987.70601,0.02267
2985.77721,0.02194
2983.84842,0.02168
2981.91962,0.02201
2979.99082,0.02197
2978.06203,0.02163
2976.13323,0.02195
2974.20443,0.02274
2972.27564,0.02305
2970.34684,0.02290
2968.41804,0.02258
2966.48925,0.02224
2964.56045,0.02214
2962.63165,0.02235
2960.70286,0.02271
2958.77406,0.02344
2956.84526,0.02444
2954.91647,0.02489
2952.98767,0.02449
2951.05887,0.02399
2949.13008,0.02394
2947.20128,0.02408
2945.27248,0.02402
2943.34369,0.02377
2941.41489,0.02351
2939.48609,0.02337
2937.55730,0.02338
2935.62850,0.02350
2933.69970,0.02372
2931.77091,0.02389
2929.84211,0.02376
2927.91331,0.02339
2925.98452,0.02298
2924.05572,0.02283
2922.12692,0.02345
2920.19813,0.02474
2918.26933,0.02571
2916.34053,0.02572
2914.41174,0.02527
2912.48294,0.02495
2910.55414,0.02472
2908.62535,0.02450
2906.69655,0.02467
2904.76775,0.02517
2902.83896,0.02543
2900.91016,0.02547
2898.98136,0.02546
2897.05257,0.02540
2895.12377,0.02553
2893.19497,0.02591
2891.26618,0.02625
2889.33738,0.02633
2887.40858,0.02617
2885.47979,0.02598
2883.55099,0.02592
2881.62219,0.02583
2879.69340,0.02562
2877.76460,0.02553
2875.83580,0.02564
2873.90701,0.02575
2871.97821,0.02587
2870.04941,0.02618
2868.12062,0.02654
2866.19182,0.02679
2864.26302,0.02689
2862.33423,0.02679
2860.40543,0.02665
2858.47663,0.02686
2856.54784,0.02740
2854.61904,0.02790
2852.69024,0.02824
2850.76145,0.02848
2848.83265,0.02870
2846.90385,0.02893
2844.97506,0.02915
2843.04626,0.02930
2841.11746,0.02922
2839.18867,0.02893
2837.25987,0.02873
2835.33107,0.02883
2833.40228,0.02911
2831.47348,0.02940
2829.54468,0.02966
2827.61589,0.02976
2825.68709,0.02972
2823.75829,0.02973
2821.82950,0.02983
2819.90070,0.02998
2817.97190,0.03025
2816.04311,0.03041
2814.11431,0.03033
2812.18551,0.03024
2810.25672,0.03020
2808.32792,0.03004
2806.39912,0.02980
2804.47033,0.02973
2802.54153,0.02984
2800.61273,0.02987
2798.68394,0.02978
2796.75514,0.02967
2794.82634,0.02965
2792.89755,0.02968
2790.96875,0.02958
2789.03995,0.02943
2787.11116,0.02923
2785.18236,0.02888
2783.25356,0.02857
2781.32477,0.02846
2779.39597,0.02834
2777.46717,0.02802
2775.53838,0.02775
2773.60958,0.02764
2771.68078,0.02762
2769.75199,0.02774
2767.82319,0.02780
2765.89439,0.02762
2763.96560,0.02750
2762.03680,0.02765
2760.10800,0.02785
2758.17921,0.02789
2756.25041,0.02775
2754.32161,0.02761
2752.39282,0.02751
2750.46402,0.02735
2748.53522,0.02724
2746.60643,0.02739
2744.67763,0.02773
2742.74883,0.02794
2740.82004,0.02784
2738.89124,0.02761
2736.96244,0.02761
2735.03365,0.02789
2733.10485,0.02791
2731.17605,0.02751
2729.24726,0.02715
2727.31846,0.02703
2725.38967,0.02706
2723.46087,0.02721
2721.53207,0.02738
2719.60328,0.02745
2717.67448,0.02757
2715.74568,0.02778
2713.81689,0.02790
2711.88809,0.02793
2709.95929,0.02794
2708.03050,0.02788
2706.10170,0.02772
2704.17290,0.02755
2702.24411,0.02752
2700.31531,0.02760
2698.38651,0.02773
2696.45772,0.02779
2694.52892,0.02771
2692.60012,0.02767
2690.67133,0.02775
2688.74253,0.02766
2686.81373,0.02738
2684.88494,0.02733
2682.95614,0.02745
2681.02734,0.02741
2679.09855,0.02730
2677.16975,0.02732
2675.24095,0.02737
2673.31216,0.02740
2671.38336,0.02731
2669.45456,0.02719
2667.52577,0.02731
2665.59697,0.02754
2663.66817,0.02758
2661.73938,0.02752
2659.81058,0.02765
2657.88178,0.02786
2655.95299,0.02785
2654.02419,0.02762
2652.09539,0.02740
2650.16660,0.02731
2648.23780,0.02731
2646.30900,0.02738
2644.38021,0.02760
2642.45141,0.02777
2640.52261,0.02776
2638.59382,0.02790
2636.66502,0.02819
2634.73622,0.02828
2632.80743,0.02836
2630.87863,0.02861
2628.94983,0.02885
2627.02104,0.02908
2625.09224,0.02929
2623.16344,0.02930
2621.23465,0.02935
2619.30585,0.02964
2617.37705,0.02994
2615.44826,0.03007
2613.51946,0.03010
2611.59066,0.03025
2609.66187,0.03058
2607.73307,0.03095
2605.80427,0.03122
2603.87548,0.03135
2601.94668,0.03123
2600.01788,0.03085
2598.08909,0.03058
2596.16029,0.03077
2594.23149,0.03089
2592.30270,0.03055
2590.37390,0.03033
2588.44510,0.03044
2586.51631,0.03046
2584.58751,0.03045
2582.65871,0.03059
2580.72992,0.03061
2578.80112,0.03046
2576.87232,0.03041
2574.94353,0.03056
2573.01473,0.03080
2571.08593,0.03102
2569.15714,0.03121
2567.22834,0.03128
2565.29954,0.03119
2563.37075,0.03127
2561.44195,0.03130
2559.51315,0.03071
2557.58436,0.03012
2555.65556,0.03049
2553.72676,0.03141
2551.79797,0.03185
2549.86917,0.03158
2547.94037,0.03121
2546.01158,0.03130
2544.08278,0.03172
2542.15398,0.03193
2540.22519,0.03161
2538.29639,0.03091
2536.36759,0.03030
2534.43880,0.03013
2532.51000,0.03051
2530.58120,0.03118
2528.65241,0.03141
2526.72361,0.03087
2524.79481,0.03036
2522.86602,0.03024
2520.93722,0.03005
2519.00842,0.02984
2517.07963,0.03025
2515.15083,0.03123
2513.22203,0.03188
2511.29324,0.03165
2509.36444,0.03100
2507.43564,0.03054
2505.50685,0.03047
2503.57805,0.03072
2501.64925,0.03097
2499.72046,0.03098
2497.79166,0.03090
2495.86286,0.03059
2493.93407,0.02990
2492.00527,0.02945
2490.07647,0.02964
2488.14768,0.03002
2486.21888,0.03012
2484.29008,0.02998
2482.36129,0.03004
2480.43249,0.03053
2478.50369,0.03091
2476.57490,0.03057
2474.64610,0.02986
2472.71730,0.02948
2470.78851,0.02941
2468.85971,0.02932
2466.93091,0.02925
2465.00212,0.02932
2463.07332,0.02942
2461.14452,0.02945
2459.21573,0.02952
2457.28693,0.02969
2455.35813,0.02967
2453.42934,0.02936
2451.50054,0.02916
2449.57174,0.02921
2447.64295,0.02922
2445.71415,0.02913
2443.78535,0.02910
2441.85656,0.02906
2439.92776,0.02892
2437.99896,0.02879
2436.07017,0.02875
2434.14137,0.02862
2432.21257,0.02855
2430.28378,0.02870
2428.35498,0.02866
2426.42618,0.02823
2424.49739,0.02779
2422.56859,0.02765
2420.63979,0.02789
2418.71100,0.02808
2416.78220,0.02786
2414.85340,0.02742
2412.92461,0.02715
2410.99581,0.02712
2409.06701,0.02713
2407.13822,0.02695
2405.20942,0.02648
2403.28062,0.02590
2401.35183,0.02555
2399.42303,0.02549
2397.49423,0.02557
2395.56544,0.02554
2393.63664,0.02532
2391.70784,0.02509
2389.77905,0.02548
2387.85025,0.02731
2385.92145,0.03120
2383.99266,0.03769
2382.06386,0.04687
2380.13506,0.05823
2378.20627,0.07093
2376.27747,0.08397
2374.34867,0.09680
2372.41988,0.10955
2370.49108,0.12280
2368.56228,0.13568
2366.63349,0.14618
2364.70469,0.15399
2362.77589,0.15958
2360.84710,0.16241
2358.91830,0.16145
2356.98951,0.15516
2355.06071,0.14284
2353.13191,0.12604
2351.20312,0.10938
2349.27432,0.10080
2347.34552,0.10498
2345.41673,0.11678
2343.48793,0.12433
2341.55913,0.12464
2339.63034,0.12247
2337.70154,0.11995
2335.77274,0.11786
2333.84395,0.11726
2331.91515,0.11757
2329.98635,0.11604
2328.05756,0.11214
2326.12876,0.10869
2324.19996,0.10676
2322.27117,0.10386
2320.34237,0.09752
2318.41357,0.08916
2316.48478,0.08245
2314.55598,0.07865
2312.62718,0.07543
2310.69839,0.07093
2308.76959,0.06565
2306.84079,0.06033
2304.91200,0.05546
2302.98320,0.05145
2301.05440,0.04818
2299.12561,0.04518
2297.19681,0.04232
2295.26801,0.03956
2293.33922,0.03707
2291.41042,0.03511
2289.48162,0.03373
2287.55283,0.03283
2285.62403,0.03213
2283.69523,0.03151
2281.76644,0.03155
2279.83764,0.03262
2277.90884,0.03388
2275.98005,0.03428
2274.05125,0.03393
2272.12245,0.03381
2270.19366,0.03473
2268.26486,0.03625
2266.33606,0.03710
2264.40727,0.03690
2262.47847,0.03646
2260.54967,0.03675
2258.62088,0.03762
2256.69208,0.03802
2254.76328,0.03748
2252.83449,0.03654
2250.90569,0.03593
2248.97689,0.03595
2247.04810,0.03652
2245.11930,0.03734
2243.19050,0.03818
2241.26171,0.03896
2239.33291,0.03955
2237.40411,0.03971
2235.47532,0.03971
2233.54652,0.04004
2231.61772,0.04048
2229.68893,0.04072
2227.76013,0.04159
2225.83133,0.04315
2223.90254,0.04384
2221.97374,0.04331
2220.04494,0.04295
2218.11615,0.04323
2216.18735,0.04347
2214.25855,0.04356
2212.32976,0.04378
2210.40096,0.04400
2208.47216,0.04397
2206.54337,0.04382
2204.61457,0.04368
2202.68577,0.04395
2200.75698,0.04548
2198.82818,0.04771
2196.89938,0.04900
2194.97059,0.04908
2193.04179,0.04924
2191.11299,0.05034
2189.18420,0.05130
2187.25540,0.05107
2185.32660,0.05095
2183.39781,0.05233
2181.46901,0.05411
2179.54021,0.05476
2177.61142,0.05530
2175.68262,0.05671
2173.75382,0.05673
2171.82503,0.05521
2169.89623,0.05597
2167.96743,0.05861
2166.03864,0.06017
2164.10984,0.06175
2162.18104,0.06486
2160.25225,0.06851
2158.32345,0.06961
2156.39465,0.06560
2154.46586,0.05897
2152.53706,0.05309
2150.60826,0.04874
2148.67947,0.04658
2146.75067,0.04616
2144.82187,0.04509
2142.89308,0.04327
2140.96428,0.04195
2139.03548,0.04062
2137.10669,0.03824
2135.17789,0.03502
2133.24909,0.03233
2131.32030,0.03068
2129.39150,0.02947
2127.46270,0.02869
2125.53391,0.02809
2123.60511,0.02681
2121.67631,0.02529
2119.74752,0.02458
2117.81872,0.02484
2115.88992,0.02553
2113.96113,0.02579
2112.03233,0.02559
2110.10353,0.02560
2108.17474,0.02580
2106.24594,0.02598
2104.31714,0.02611
2102.38835,0.02614
2100.45955,0.02595
2098.53075,0.02567
2096.60196,0.02570
2094.67316,0.02599
2092.74436,0.02620
2090.81557,0.02626
2088.88677,0.02603
2086.95797,0.02561
2085.02918,0.02553
2083.10038,0.02586
2081.17158,0.02624
2079.24279,0.02648
2077.31399,0.02679
2075.38519,0.02730
2073.45640,0.02761
2071.52760,0.02746
2069.59880,0.02773
2067.67001,0.02958
2065.74121,0.03168
2063.81241,0.03174
2061.88362,0.03092
2059.95482,0.03099
2058.02602,0.03111
2056.09723,0.03078
2054.16843,0.03061
2052.23963,0.03130
2050.31084,0.03324
2048.38204,0.03538
2046.45324,0.03656
2044.52445,0.03726
2042.59565,0.03729
2040.66685,0.03689
2038.73806,0.03801
2036.80926,0.04054
2034.88046,0.04219
2032.95167,0.04229
2031.02287,0.04091
2029.09407,0.03857
2027.16528,0.03722
2025.23648,0.03841
2023.30768,0.04162
2021.37889,0.04467
2019.45009,0.04663
2017.52129,0.04655
2015.59250,0.04268
2013.66370,0.03754
2011.73490,0.03532
2009.80611,0.03578
2007.87731,0.03640
2005.94851,0.03629
2004.01972,0.03549
2002.09092,0.03407
2000.16212,0.03267
1998.23333,0.03174
1996.30453,0.03180
1994.37574,0.03380
1992.44694,0.03618
1990.51814,0.03577
1988.58935,0.03338
1986.66055,0.03135
1984.73175,0.03076
1982.80296,0.03172
1980.87416,0.03224
1978.94536,0.03137
1977.01657,0.03097
1975.08777,0.03144
1973.15897,0.03131
1971.23018,0.03227
1969.30138,0.03551
1967.37258,0.03711
1965.44379,0.03512
1963.51499,0.03221
1961.58619,0.02922
1959.65740,0.02607
1957.72860,0.02449
1955.79980,0.02432
1953.87101,0.02377
1951.94221,0.02275
1950.01341,0.02199
1948.08462,0.02247
1946.15582,0.02551
1944.22702,0.03023
1942.29823,0.03113
1940.36943,0.02657
1938.44063,0.02243
1936.51184,0.02114
1934.58304,0.02095
1932.65424,0.02059
1930.72545,0.01999
1928.79665,0.01953
1926.86785,0.02063
1924.93906,0.02460
1923.01026,0.02781
1921.08146,0.02796
1919.15267,0.02783
1917.22387,0.02588
1915.29507,0.02145
1913.36628,0.01966
1911.43748,0.02187
1909.50868,0.02400
1907.57989,0.02290
1905.65109,0.02020
1903.72229,0.01856
1901.79350,0.01805
1899.86470,0.01833
1897.93590,0.02004
1896.00711,0.02207
1894.07831,0.02245
1892.14951,0.02358
1890.22072,0.02606
1888.29192,0.02482
1886.36312,0.02091
1884.43433,0.01860
1882.50553,0.01765
1880.57673,0.01737
1878.64794,0.01734
1876.71914,0.01718
1874.79034,0.01761
1872.86155,0.02161
1870.93275,0.03141
1869.00395,0.03953
1867.07516,0.03521
1865.14636,0.02501
1863.21756,0.01941
1861.28877,0.01845
1859.35997,0.01839
1857.43117,0.01770
1855.50238,0.01684
1853.57358,0.01660
1851.64478,0.01789
1849.71599,0.02198
1847.78719,0.02903
1845.85839,0.03716
1843.92960,0.03839
1842.00080,0.02974
1840.07200,0.02258
1838.14321,0.02129
1836.21441,0.02124
1834.28561,0.02186
1832.35682,0.02800
1830.42802,0.03630
1828.49922,0.03719
1826.57043,0.03404
1824.64163,0.03033
1822.71283,0.02400
1820.78404,0.01921
1818.85524,0.01840
1816.92644,0.01853
1814.99765,0.01951
1813.06885,0.02367
1811.14005,0.02764
1809.21126,0.02641
1807.28246,0.02268
1805.35366,0.02254
1803.42487,0.02819
1801.49607,0.03462
1799.56727,0.03493
1797.63848,0.03239
1795.70968,0.03479
1793.78088,0.04260
1791.85209,0.04450
1789.92329,0.03415
1787.99449,0.02520
1786.06570,0.02436
1784.13690,0.02676
1782.20810,0.02930
1780.27931,0.03019
1778.35051,0.02890
1776.42171,0.03174
1774.49292,0.04257
1772.56412,0.05279
1770.63532,0.04980
1768.70653,0.03895
1766.77773,0.02932
1764.84893,0.02664
1762.92014,0.03127
1760.99134,0.03416
1759.06254,0.03316
1757.13375,0.03214
1755.20495,0.03106
1753.27615,0.03644
1751.34736,0.05072
1749.41856,0.05941
1747.48976,0.05455
1745.56097,0.04728
1743.63217,0.04412
1741.70337,0.04361
1739.77458,0.04225
1737.84578,0.04203
1735.91698,0.05087
1733.98819,0.06171
1732.05939,0.05496
1730.13059,0.04023
1728.20180,0.02813
1726.27300,0.02255
1724.34420,0.02371
1722.41541,0.02846
1720.48661,0.04115
1718.55781,0.06376
1716.62902,0.07466
1714.70022,0.06087
1712.77142,0.04414
1710.84263,0.03729
1708.91383,0.04194
1706.98503,0.05429
1705.05624,0.06479
1703.12744,0.07346
1701.19864,0.08971
1699.26985,0.10435
1697.34105,0.10527
1695.41225,0.09636
1693.48346,0.08643
1691.55466,0.08919
1689.62586,0.10454
1687.69707,0.12551
1685.76827,0.15568
1683.83947,0.18426
1681.91068,0.18481
1679.98188,0.17950
1678.05308,0.18562
1676.12429,0.20264
1674.19549,0.22104
1672.26669,0.23675
1670.33790,0.25272
1668.40910,0.25627
1666.48030,0.25054
1664.55151,0.25388
1662.62271,0.26149
1660.69391,0.26013
1658.76512,0.25831
1656.83632,0.26959
1654.90752,0.29705
1652.97873,0.31433
1651.04993,0.30093
1649.12113,0.29960
1647.19234,0.30829
1645.26354,0.30047
1643.33474,0.28883
1641.40595,0.29230
1639.47715,0.31149
1637.54835,0.34365
1635.61956,0.37185
1633.69076,0.37471
1631.76197,0.37527
1629.83317,0.38928
1627.90437,0.40925
1625.97558,0.42605
1624.04678,0.43809
1622.11798,0.44008
1620.18919,0.43823
1618.26039,0.44312
1616.33159,0.44296
1614.40280,0.43029
1612.47400,0.42241
1610.54520,0.42454
1608.61641,0.43034
1606.68761,0.43555
1604.75881,0.44263
1602.83002,0.45222
1600.90122,0.46125
1598.97242,0.46929
1597.04363,0.47740
1595.11483,0.48287
1593.18603,0.48215
1591.25724,0.47600
1589.32844,0.46568
1587.39964,0.45170
1585.47085,0.43521
1583.54205,0.41680
1581.61325,0.39859
1579.68446,0.38658
1577.75566,0.37913
1575.82686,0.35744
1573.89807,0.32711
1571.96927,0.31038
1570.04047,0.29858
1568.11168,0.27782
1566.18288,0.25681
1564.25408,0.24407
1562.32529,0.24598
1560.39649,0.26698
1558.46769,0.27033
1556.53890,0.23445
1554.61010,0.20477
1552.68130,0.18741
1550.75251,0.17708
1548.82371,0.16874
1546.89491,0.16816
1544.96612,0.18144
1543.03732,0.20147
1541.10852,0.21206
1539.17973,0.18873
1537.25093,0.15848
1535.32213,0.14951
1533.39334,0.14751
1531.46454,0.13746
1529.53574,0.13258
1527.60695,0.13912
1525.67815,0.14758
1523.74935,0.15625
1521.82056,0.16277
1519.89176,0.15845
1517.96296,0.15075
1516.03417,0.14000
1514.10537,0.12763
1512.17657,0.12751
1510.24778,0.14624
1508.31898,0.17457
1506.39018,0.16957
1504.46139,0.13257
1502.53259,0.11439
1500.60379,0.11682
1498.67500,0.12793
1496.74620,0.13200
1494.81740,0.12702
1492.88861,0.13153
1490.95981,0.15199
1489.03101,0.16840
1487.10222,0.16436
1485.17342,0.15749
1483.24462,0.16110
1481.31583,0.17279
1479.38703,0.18808
1477.45823,0.20960
1475.52944,0.23833
1473.60064,0.26387
1471.67184,0.26878
1469.74305,0.26061
1467.81425,0.26177
1465.88545,0.27307
1463.95666,0.27886
1462.02786,0.28040
1460.09906,0.29353
1458.17027,0.31302
1456.24147,0.30273
1454.31267,0.27059
1452.38388,0.24708
1450.45508,0.23339
1448.52628,0.22205
1446.59749,0.20508
1444.66869,0.18599
1442.73989,0.17112
1440.81110,0.16284
1438.88230,0.16265
1436.95350,0.16193
1435.02471,0.14871
1433.09591,0.13463
1431.16711,0.12724
1429.23832,0.11946
1427.30952,0.11125
1425.38072,0.10840
1423.45193,0.10837
1421.52313,0.11095
1419.59433,0.11652
1417.66554,0.11059
1415.73674,0.09384
1413.80794,0.08222
1411.87915,0.07766
1409.95035,0.07502
1408.02155,0.07443
1406.09276,0.07658
1404.16396,0.07581
1402.23516,0.07393
1400.30637,0.07846
1398.37757,0.08575
1396.44877,0.08790
1394.51998,0.08157
1392.59118,0.07022
1390.66238,0.06506
1388.73359,0.06831
1386.80479,0.06885
1384.87599,0.06185
1382.94720,0.05624
1381.01840,0.05583
1379.08960,0.05802
1377.16081,0.06258
1375.23201,0.06789
1373.30321,0.06657
1371.37442,0.06015
1369.44562,0.05641
1367.51682,0.05548
1365.58803,0.05862
1363.65923,0.06582
1361.73043,0.06646
1359.80164,0.05852
1357.87284,0.05248
1355.94404,0.05095
1354.01525,0.05016
1352.08645,0.04902
1350.15765,0.04845
1348.22886,0.04788
1346.30006,0.04706
1344.37126,0.04802
1342.44247,0.05406
1340.51367,0.06310
1338.58487,0.06500
1336.65608,0.05758
1334.72728,0.04995
1332.79848,0.04657
1330.86969,0.04587
1328.94089,0.04568
1327.01209,0.04543
1325.08330,0.04546
1323.15450,0.04647
1321.22570,0.04902
1319.29691,0.05153
1317.36811,0.05166
1315.43931,0.05053
1313.51052,0.04946
1311.58172,0.04762
1309.65292,0.04572
1307.72413,0.04479
1305.79533,0.04418
1303.86653,0.04363
1301.93774,0.04338
1300.00894,0.04347
1298.08014,0.04373
1296.15135,0.04372
1294.22255,0.04346
1292.29375,0.04364
1290.36496,0.04448
1288.43616,0.04505
1286.50736,0.04453
1284.57857,0.04356
1282.64977,0.04319
1280.72097,0.04326
1278.79218,0.04322
1276.86338,0.04315
1274.93458,0.04362
1273.00579,0.04473
1271.07699,0.04555
1269.14820,0.04542
1267.21940,0.04479
1265.29060,0.04427
1263.36181,0.04420
1261.43301,0.04458
1259.50421,0.04458
1257.57542,0.04395
1255.64662,0.04350
1253.71782,0.04344
1251.78903,0.04352
1249.86023,0.04362
1247.93143,0.04374
1246.00264,0.04397
1244.07384,0.04416
1242.14504,0.04415
1240.21625,0.04407
1238.28745,0.04409
1236.35865,0.04419
1234.42986,0.04433
1232.50106,0.04449
1230.57226,0.04468
1228.64347,0.04504
1226.71467,0.04556
1224.78587,0.04595
1222.85708,0.04613
1220.92828,0.04642
1218.99948,0.04687
1217.07069,0.04735
1215.14189,0.04793
1213.21309,0.04867
1211.28430,0.04927
1209.35550,0.04968
1207.42670,0.05018
1205.49791,0.05084
1203.56911,0.05161
1201.64031,0.05253
1199.71152,0.05361
1197.78272,0.05479
1195.85392,0.05604
1193.92513,0.05747
1191.99633,0.05917
1190.06753,0.06122
1188.13874,0.06361
1186.20994,0.06613
1184.28114,0.06876
1182.35235,0.07174
1180.42355,0.07529
1178.49475,0.07936
1176.56596,0.08385
1174.63716,0.08855
1172.70836,0.09323
1170.77957,0.09798
1168.85077,0.10290
1166.92197,0.10776
1164.99318,0.11224
1163.06438,0.11609
1161.13558,0.11910
1159.20679,0.12104
1157.27799,0.12176
1155.34919,0.12121
1153.42040,0.11945
1151.49160,0.11660
1149.56280,0.11284
1147.63401,0.10840
1145.70521,0.10358
1143.77641,0.09866
1141.84762,0.09383
1139.91882,0.08925
1137.99002,0.08500
1136.06123,0.08105
1134.13243,0.07738
1132.20363,0.07408
1130.27484,0.07120
1128.34604,0.06867
1126.41724,0.06645
1124.48845,0.06453
1122.55965,0.06286
1120.63085,0.06134
1118.70206,0.05996
1116.77326,0.05877
1114.84446,0.05776
1112.91567,0.05688
1110.98687,0.05608
1109.05807,0.05535
1107.12928,0.05469
1105.20048,0.05411
1103.27168,0.05365
1101.34289,0.05330
1099.41409,0.05302
1097.48529,0.05283
1095.55650,0.05277
1093.62770,0.05284
1091.69890,0.05300
1089.77011,0.05324
1087.84131,0.05357
1085.91251,0.05400
1083.98372,0.05448
1082.05492,0.05499
1080.12612,0.05554
1078.19733,0.05614
1076.26853,0.05675
1074.33973,0.05735
1072.41094,0.05790
1070.48214,0.05836
1068.55334,0.05872
1066.62455,0.05895
1064.69575,0.05900
1062.76695,0.05886
1060.83816,0.05856
1058.90936,0.05815
1056.98056,0.05765
1055.05177,0.05707
1053.12297,0.05641
1051.19417,0.05570
1049.26538,0.05499
1047.33658,0.05431
1045.40778,0.05367
1043.47899,0.05309
1041.55019,0.05256
1039.62139,0.05205
1037.69260,0.05158
1035.76380,0.05113
1033.83500,0.05069
1031.90621,0.05022
1029.97741,0.04974
1028.04861,0.04929
1026.11982,0.04889
1024.19102,0.04852
1022.26222,0.04819
1020.33343,0.04794
1018.40463,0.04777
1016.47583,0.04763
1014.54704,0.04747
1012.61824,0.04731
1010.68944,0.04710
1008.76065,0.04674
1006.83185,0.04619
1004.90305,0.04551
1002.97426,0.04479
1001.04546,0.04412
999.11666,0.04355
997.18787,0.04311
995.25907,0.04279
993.33027,0.04252
991.40148,0.04227
989.47268,0.04204
987.54388,0.04181
985.61509,0.04155
983.68629,0.04124
981.75749,0.04091
979.82870,0.04059
977.89990,0.04027
975.97110,0.03992
974.04231,0.03955
972.11351,0.03918
970.18471,0.03880
968.25592,0.03842
966.32712,0.03801
964.39832,0.03758
962.46953,0.03714
960.54073,0.03672
958.61193,0.03630
956.68314,0.03589
954.75434,0.03551
952.82554,0.03517
950.89675,0.03484
948.96795,0.03450
947.03915,0.03414
945.11036,0.03378
943.18156,0.03343
941.25276,0.03310
939.32397,0.03278
937.39517,0.03245
935.46637,0.03214
933.53758,0.03184
931.60878,0.03151
929.67998,0.03113
927.75119,0.03073
925.82239,0.03033
923.89359,0.02988
921.96480,0.02940
920.03600,0.02890
918.10720,0.02841
916.17841,0.02788
914.24961,0.02737
912.32081,0.02690
910.39202,0.02643
908.46322,0.02595
906.53443,0.02548
904.60563,0.02505
902.67683,0.02464
900.74804,0.02426
898.81924,0.02391
896.89044,0.02357
894.96165,0.02322
893.03285,0.02285
891.10405,0.02248
889.17526,0.02211
887.24646,0.02171
885.31766,0.02129
883.38887,0.02089
881.46007,0.02051
879.53127,0.02014
877.60248,0.01979
875.67368,0.01940
873.74488,0.01899
871.81609,0.01860
869.88729,0.01824
867.95849,0.01791
866.02970,0.01755
864.10090,0.01710
862.17210,0.01667
860.24331,0.01638
858.31451,0.01613
856.38571,0.01589
854.45692,0.01569
852.52812,0.01552
850.59932,0.01530
848.67053,0.01510
846.74173,0.01495
844.81293,0.01486
842.88414,0.01486
840.95534,0.01492
839.02654,0.01492
837.09775,0.01483
835.16895,0.01476
833.24015,0.01480
831.31136,0.01490
829.38256,0.01491
827.45376,0.01486
825.52497,0.01481
823.59617,0.01476
821.66737,0.01472
819.73858,0.01476
817.80978,0.01489
815.88098,0.01511
813.95219,0.01536
812.02339,0.01555
810.09459,0.01567
808.16580,0.01593
806.23700,0.01640
804.30820,0.01697
802.37941,0.01758
800.45061,0.01843
798.52181,0.01956
796.59302,0.02067
794.66422,0.02167
792.73542,0.02271
790.80663,0.02383
788.87783,0.02486
786.94903,0.02564
785.02024,0.02608
783.09144,0.02606
781.16264,0.02548
779.23385,0.02447
777.30505,0.02333
775.37625,0.02220
773.44746,0.02101
771.51866,0.01991
769.58986,0.01916
767.66107,0.01878
765.73227,0.01855
763.80347,0.01816
761.87468,0.01758
759.94588,0.01727
758.01708,0.01738
756.08829,0.01752
754.15949,0.01751
752.23069,0.01755
750.30190,0.01775
748.37310,0.01805
