3496.90832,0.04097
3494.97953,0.04217
3493.05073,0.04571
3491.12193,0.05159
3489.19314,0.05404
3487.26434,0.04826
3485.33554,0.03997
3483.40675,0.03670
3481.47795,0.04135
3479.54915,0.04989
3477.62036,0.05543
3475.69156,0.05603
3473.76276,0.05360
3471.83397,0.05148
3469.90517,0.04940
3467.97637,0.04581
3466.04758,0.04549
3464.11878,0.04820
3462.18998,0.04607
3460.26119,0.04082
3458.33239,0.04040
3456.40359,0.04457
3454.47480,0.04979
3452.54600,0.05597
3450.61721,0.05790
3448.68841,0.05304
3446.75961,0.05006
3444.83082,0.04999
3442.90202,0.04428
3440.97322,0.03428
3439.04443,0.03023
3437.11563,0.03353
3435.18683,0.03615
3433.25804,0.03728
3431.32924,0.04159
3429.40044,0.04434
3427.47165,0.03850
3425.54285,0.03207
3423.61405,0.03429
3421.68526,0.03942
3419.75646,0.03894
3417.82766,0.03152
3415.89887,0.02350
3413.97007,0.02241
3412.04127,0.02580
3410.11248,0.02603
3408.18368,0.02375
3406.25488,0.02445
3404.32609,0.02707
3402.39729,0.02581
3400.46849,0.02024
3398.53970,0.01654
3396.61090,0.02006
3394.68210,0.02888
3392.75331,0.03654
3390.82451,0.04056
3388.89571,0.04398
3386.96692,0.04866
3385.03812,0.05307
3383.10932,0.05505
3381.18053,0.05546
3379.25173,0.05788
3377.32293,0.05699
3375.39414,0.04645
3373.46534,0.03872
3371.53654,0.04587
3369.60775,0.05461
3367.67895,0.05031
3365.75015,0.04228
3363.82136,0.04305
3361.89256,0.05062
3359.96376,0.05693
3358.03497,0.05818
3356.10617,0.05769
3354.17737,0.05599
3352.24858,0.05272
3350.31978,0.05173
3348.39098,0.05071
3346.46219,0.04637
3344.53339,0.04207
3342.60459,0.04125
3340.67580,0.04536
3338.74700,0.05373
3336.81820,0.05797
3334.88941,0.05422
3332.96061,0.05474
3331.03181,0.05991
3329.10302,0.05449
3327.17422,0.04173
3325.24542,0.03651
3323.31663,0.04384
3321.38783,0.05391
3319.45903,0.05434
3317.53024,0.04848
3315.60144,0.04284
3313.67264,0.03631
3311.74385,0.03035
3309.81505,0.02849
3307.88625,0.03165
3305.95746,0.03466
3304.02866,0.03269
3302.09986,0.03031
3300.17107,0.03222
3298.24227,0.03267
3296.31347,0.02548
3294.38468,0.01607
3292.45588,0.01089
3290.52708,0.00885
3288.59829,0.00979
3286.66949,0.01525
3284.74069,0.02187
3282.81190,0.02381
3280.88310,0.02020
3278.95430,0.01464
3277.02551,0.01068
3275.09671,0.01090
3273.16791,0.01600
3271.23912,0.02204
3269.31032,0.02357
3267.38152,0.02005
3265.45273,0.01600
3263.52393,0.01713
3261.59513,0.02268
3259.66634,0.02371
3257.73754,0.01869
3255.80874,0.01568
3253.87995,0.01697
3251.95115,0.01967
3250.02235,0.02369
3248.09356,0.02765
3246.16476,0.02799
3244.23596,0.02507
3242.30717,0.02316
3240.37837,0.02624
3238.44957,0.03479
3236.52078,0.04345
3234.59198,0.04265
3232.66318,0.03262
3230.73439,0.02505
3228.80559,0.02529
3226.87679,0.02879
3224.94800,0.03229
3223.01920,0.03706
3221.09040,0.04182
3219.16161,0.04213
3217.23281,0.03786
3215.30401,0.03205
3213.37522,0.02749
3211.44642,0.02823
3209.51762,0.03498
3207.58883,0.04030
3205.66003,0.03805
3203.73123,0.03397
3201.80244,0.03580
3199.87364,0.03956
3197.94484,0.03911
3196.01605,0.03699
3194.08725,0.03521
3192.15845,0.03411
3190.22966,0.03561
3188.30086,0.03649
3186.37206,0.03612
3184.44327,0.03761
3182.51447,0.03827
3180.58567,0.03693
3178.65688,0.03533
3176.72808,0.03378
3174.79928,0.03262
3172.87049,0.03134
3170.94169,0.02966
3169.01289,0.02945
3167.08410,0.03055
3165.15530,0.02915
3163.22650,0.02530
3161.29771,0.02285
3159.36891,0.02303
3157.44011,0.02428
3155.51132,0.02494
3153.58252,0.02589
3151.65372,0.02579
3149.72493,0.02196
3147.79613,0.01851
3145.86733,0.01895
3143.93854,0.02102
3142.00974,0.02366
3140.08094,0.02590
3138.15215,0.02573
3136.22335,0.02384
3134.29455,0.02303
3132.36576,0.02450
3130.43696,0.02522
3128.50816,0.02361
3126.57937,0.02398
3124.65057,0.02637
3122.72177,0.02584
3120.79298,0.02359
3118.86418,0.02301
3116.93538,0.02294
3115.00659,0.02241
3113.07779,0.02187
3111.14899,0.02061
3109.22020,0.01946
3107.29140,0.02042
3105.36260,0.02269
3103.43381,0.02335
3101.50501,0.02110
3099.57621,0.01819
3097.64742,0.01712
3095.71862,0.01719
3093.78982,0.01747
3091.86103,0.01835
3089.93223,0.01926
3088.00344,0.01943
3086.07464,0.01948
3084.14584,0.02081
3082.21705,0.02280
3080.28825,0.02289
3078.35945,0.02131
3076.43066,0.02113
3074.50186,0.02257
3072.57306,0.02284
3070.64427,0.02126
3068.71547,0.01974
3066.78667,0.01888
3064.85788,0.01802
3062.92908,0.01749
3061.00028,0.01725
3059.07149,0.01737
3057.14269,0.01867
3055.21389,0.02018
3053.28510,0.02027
3051.35630,0.01963
3049.42750,0.01949
3047.49871,0.02034
3045.56991,0.02153
3043.64111,0.02144
3041.71232,0.02045
3039.78352,0.02007
3037.85472,0.02061
3035.92593,0.02212
3033.99713,0.02362
3032.06833,0.02372
3030.13954,0.02266
3028.21074,0.02176
3026.28194,0.02152
3024.35315,0.02118
3022.42435,0.02069
3020.49555,0.02074
3018.56676,0.02135
3016.63796,0.02209
3014.70916,0.02269
3012.78037,0.02317
3010.85157,0.02326
3008.92277,0.02319
3006.99398,0.02385
3005.06518,0.02453
3003.13638,0.02370
3001.20759,0.02207
2999.27879,0.02146
2997.34999,0.02202
2995.42120,0.02256
2993.49240,0.02231
2991.56360,0.02203
2989.63481,0.02262
2987.70601,0.02337
2985.77721,0.02334
2983.84842,0.02308
2981.91962,0.02332
2979.99082,0.02374
2978.06203,0.02394
2976.13323,0.02405
2974.20443,0.02397
2972.27564,0.02369
2970.34684,0.02360
2968.41804,0.02354
2966.48925,0.02345
2964.56045,0.02366
2962.63165,0.02369
2960.70286,0.02333
2958.77406,0.02319
2956.84526,0.02363
2954.91647,0.02441
2952.98767,0.02485
2951.05887,0.02502
2949.13008,0.02525
2947.20128,0.02520
2945.27248,0.02481
2943.34369,0.02445
2941.41489,0.02423
2939.48609,0.02416
2937.55730,0.02436
2935.62850,0.02486
2933.69970,0.02527
2931.77091,0.02518
2929.84211,0.02480
2927.91331,0.02447
2925.98452,0.02434
2924.05572,0.02466
2922.12692,0.02530
2920.19813,0.02592
2918.26933,0.02627
2916.34053,0.02612
2914.41174,0.02569
2912.48294,0.02537
2910.55414,0.02517
2908.62535,0.02499
2906.69655,0.02501
2904.76775,0.02548
2902.83896,0.02605
2900.91016,0.02633
2898.98136,0.02647
2897.05257,0.02682
2895.12377,0.02746
2893.19497,0.02808
2891.26618,0.02825
2889.33738,0.02791
2887.40858,0.02741
2885.47979,0.02713
2883.55099,0.02709
2881.62219,0.02714
2879.69340,0.02729
2877.76460,0.02750
2875.83580,0.02756
2873.90701,0.02750
2871.97821,0.02753
2870.04941,0.02773
2868.12062,0.02784
2866.19182,0.02777
2864.26302,0.02779
2862.33423,0.02785
2860.40543,0.02781
2858.47663,0.02786
2856.54784,0.02814
2854.61904,0.02844
2852.69024,0.02873
2850.76145,0.02913
2848.83265,0.02951
2846.90385,0.02986
2844.97506,0.03028
2843.04626,0.03063
2841.11746,0.03061
2839.18867,0.03038
2837.25987,0.03046
2835.33107,0.03074
2833.40228,0.03066
2831.47348,0.03035
2829.54468,0.03034
2827.61589,0.03057
2825.68709,0.03073
2823.75829,0.03086
2821.82950,0.03100
2819.90070,0.03117
2817.97190,0.03140
2816.04311,0.03156
2814.11431,0.03163
2812.18551,0.03157
2810.25672,0.03134
2808.32792,0.03116
2806.39912,0.03109
2804.47033,0.03103
2802.54153,0.03103
2800.61273,0.03125
2798.68394,0.03147
2796.75514,0.03137
2794.82634,0.03113
2792.89755,0.03103
2790.96875,0.03096
2789.03995,0.03085
2787.11116,0.03066
2785.18236,0.03031
2783.25356,0.02997
2781.32477,0.02981
2779.39597,0.02971
2777.46717,0.02939
2775.53838,0.02888
2773.60958,0.02850
2771.68078,0.02851
2769.75199,0.02884
2767.82319,0.02906
2765.89439,0.02898
2763.96560,0.02892
2762.03680,0.02902
2760.10800,0.02912
2758.17921,0.02907
2756.25041,0.02892
2754.32161,0.02887
2752.39282,0.02893
2750.46402,0.02885
2748.53522,0.02874
2746.60643,0.02898
2744.67763,0.02943
2742.74883,0.02952
2740.82004,0.02917
2738.89124,0.02893
2736.96244,0.02910
2735.03365,0.02944
2733.10485,0.02949
2731.17605,0.02909
2729.24726,0.02859
2727.31846,0.02828
2725.38967,0.02820
2723.46087,0.02839
2721.53207,0.02862
2719.60328,0.02867
2717.67448,0.02865
2715.74568,0.02874
2713.81689,0.02894
2711.88809,0.02909
2709.95929,0.02916
2708.03050,0.02916
2706.10170,0.02913
2704.17290,0.02920
2702.24411,0.02936
2700.31531,0.02946
2698.38651,0.02945
2696.45772,0.02945
2694.52892,0.02950
2692.60012,0.02955
2690.67133,0.02949
2688.74253,0.02931
2686.81373,0.02911
2684.88494,0.02905
2682.95614,0.02902
2681.02734,0.02888
2679.09855,0.02874
2677.16975,0.02863
2675.24095,0.02846
2673.31216,0.02829
2671.38336,0.02821
2669.45456,0.02829
2667.52577,0.02851
2665.59697,0.02868
2663.66817,0.02865
2661.73938,0.02860
2659.81058,0.02871
2657.88178,0.02900
2655.95299,0.02930
2654.02419,0.02938
2652.09539,0.02920
2650.16660,0.02894
2648.23780,0.02886
2646.30900,0.02901
2644.38021,0.02919
2642.45141,0.02921
2640.52261,0.02921
2638.59382,0.02955
2636.66502,0.02999
2634.73622,0.03002
2632.80743,0.02979
2630.87863,0.02979
2628.94983,0.03009
2627.02104,0.03037
2625.09224,0.03030
2623.16344,0.03003
2621.23465,0.03017
2619.30585,0.03071
2617.37705,0.03100
2615.44826,0.03095
2613.51946,0.03095
2611.59066,0.03116
2609.66187,0.03151
2607.73307,0.03198
2605.80427,0.03250
2603.87548,0.03275
2601.94668,0.03255
2600.01788,0.03222
2598.08909,0.03238
2596.16029,0.03290
2594.23149,0.03286
2592.30270,0.03231
2590.37390,0.03214
2588.44510,0.03220
2586.51631,0.03209
2584.58751,0.03203
2582.65871,0.03207
2580.72992,0.03190
2578.80112,0.03164
2576.87232,0.03158
2574.94353,0.03157
2573.01473,0.03154
2571.08593,0.03158
2569.15714,0.03170
2567.22834,0.03195
2565.29954,0.03230
2563.37075,0.03278
2561.44195,0.03310
2559.51315,0.03265
2557.58436,0.03208
2555.65556,0.03240
2553.72676,0.03330
2551.79797,0.03387
2549.86917,0.03362
2547.94037,0.03302
2546.01158,0.03284
2544.08278,0.03285
2542.15398,0.03275
2540.22519,0.03272
2538.29639,0.03266
2536.36759,0.03235
2534.43880,0.03197
2532.51000,0.03190
2530.58120,0.03209
2528.65241,0.03212
2526.72361,0.03182
2524.79481,0.03146
2522.86602,0.03116
2520.93722,0.03095
2519.00842,0.03098
2517.07963,0.03153
2515.15083,0.03242
2513.22203,0.03297
2511.29324,0.03296
2509.36444,0.03262
2507.43564,0.03241
2505.50685,0.03255
2503.57805,0.03282
2501.64925,0.03290
2499.72046,0.03276
2497.79166,0.03262
2495.86286,0.03245
2493.93407,0.03192
2492.00527,0.03125
2490.07647,0.03119
2488.14768,0.03167
2486.21888,0.03182
2484.29008,0.03139
2482.36129,0.03094
2480.43249,0.03098
2478.50369,0.03141
2476.57490,0.03166
2474.64610,0.03123
2472.71730,0.03045
2470.78851,0.02997
2468.85971,0.02990
2466.93091,0.03016
2465.00212,0.03058
2463.07332,0.03100
2461.14452,0.03140
2459.21573,0.03173
2457.28693,0.03194
2455.35813,0.03181
2453.42934,0.03138
2451.50054,0.03121
2449.57174,0.03132
2447.64295,0.03113
2445.71415,0.03073
2443.78535,0.03051
2441.85656,0.03034
2439.92776,0.02998
2437.99896,0.02958
2436.07017,0.02943
2434.14137,0.02959
2432.21257,0.02990
2430.28378,0.03003
2428.35498,0.02998
2426.42618,0.02988
2424.49739,0.02960
2422.56859,0.02914
2420.63979,0.02875
2418.71100,0.02853
2416.78220,0.02846
2414.85340,0.02854
2412.92461,0.02861
2410.99581,0.02870
2409.06701,0.02893
2407.13822,0.02906
2405.20942,0.02872
2403.28062,0.02819
2401.35183,0.02780
2399.42303,0.02745
2397.49423,0.02709
2395.56544,0.02690
2393.63664,0.02686
2391.70784,0.02672
2389.77905,0.02693
2387.85025,0.02861
2385.92145,0.03258
2383.99266,0.03926
2382.06386,0.04865
2380.13506,0.06031
2378.20627,0.07339
2376.27747,0.08680
2374.34867,0.10006
2372.41988,0.11342
2370.49108,0.12691
2368.56228,0.13972
2366.63349,0.15082
2364.70469,0.15965
2362.77589,0.16590
2360.84710,0.16891
2358.91830,0.16719
2356.98951,0.15967
2355.06071,0.14717
2353.13191,0.13077
2351.20312,0.11406
2349.27432,0.10525
2347.34552,0.10929
2345.41673,0.12121
2343.48793,0.12923
2341.55913,0.12984
2339.63034,0.12738
2337.70154,0.12454
2335.77274,0.12243
2333.84395,0.12169
2331.91515,0.12152
2329.98635,0.11946
2328.05756,0.11526
2326.12876,0.11163
2324.19996,0.10961
2322.27117,0.10689
2320.34237,0.10097
2318.41357,0.09275
2316.48478,0.08573
2314.55598,0.08164
2312.62718,0.07852
2310.69839,0.07419
2308.76959,0.06890
2306.84079,0.06356
2304.91200,0.05857
2302.98320,0.05427
2301.05440,0.05079
2299.12561,0.04761
2297.19681,0.04449
2295.26801,0.04177
2293.33922,0.03950
2291.41042,0.03752
2289.48162,0.03568
2287.55283,0.03412
2285.62403,0.03303
2283.69523,0.03242
2281.76644,0.03234
2279.83764,0.03300
2277.90884,0.03438
2275.98005,0.03591
2274.05125,0.03662
2272.12245,0.03647
2270.19366,0.03676
2268.26486,0.03797
2266.33606,0.03917
2264.40727,0.03965
2262.47847,0.03980
2260.54967,0.03997
2258.62088,0.03995
2256.69208,0.03976
2254.76328,0.03956
2252.83449,0.03898
2250.90569,0.03817
2248.97689,0.03784
2247.04810,0.03794
2245.11930,0.03817
2243.19050,0.03884
2241.26171,0.03987
2239.33291,0.04013
2237.40411,0.03913
2235.47532,0.03829
2233.54652,0.03879
2231.61772,0.04007
2229.68893,0.04171
2227.76013,0.04361
2225.83133,0.04462
2223.90254,0.04466
2221.97374,0.04511
2220.04494,0.04632
2218.11615,0.04713
2216.18735,0.04678
2214.25855,0.04643
2212.32976,0.04749
2210.40096,0.04915
2208.47216,0.04986
2206.54337,0.04958
2204.61457,0.04870
2202.68577,0.04789
2200.75698,0.04858
2198.82818,0.05057
2196.89938,0.05254
2194.97059,0.05322
2193.04179,0.05231
2191.11299,0.05173
2189.18420,0.05193
2187.25540,0.05174
2185.32660,0.05264
2183.39781,0.05554
2181.46901,0.05813
2179.54021,0.05927
2177.61142,0.06046
2175.68262,0.06219
2173.75382,0.06255
2171.82503,0.06142
2169.89623,0.06132
2167.96743,0.06303
2166.03864,0.06497
2164.10984,0.06529
2162.18104,0.06514
2160.25225,0.06668
2158.32345,0.06760
2156.39465,0.06563
2154.46586,0.06144
2152.53706,0.05552
2150.60826,0.05013
2148.67947,0.04809
2146.75067,0.04795
2144.82187,0.04659
2142.89308,0.04440
2140.96428,0.04223
2139.03548,0.03987
2137.10669,0.03805
2135.17789,0.03650
2133.24909,0.03387
2131.32030,0.03081
2129.39150,0.02915
2127.46270,0.02907
2125.53391,0.02929
2123.60511,0.02870
2121.67631,0.02758
2119.74752,0.02714
2117.81872,0.02783
2115.88992,0.02864
2113.96113,0.02848
2112.03233,0.02780
2110.10353,0.02746
2108.17474,0.02749
2106.24594,0.02775
2104.31714,0.02810
2102.38835,0.02804
2100.45955,0.02746
2098.53075,0.02695
2096.60196,0.02685
2094.67316,0.02701
2092.74436,0.02735
2090.81557,0.02758
2088.88677,0.02730
2086.95797,0.02676
2085.02918,0.02650
2083.10038,0.02671
2081.17158,0.02733
2079.24279,0.02806
2077.31399,0.02826
2075.38519,0.02793
2073.45640,0.02818
2071.52760,0.02937
2069.59880,0.03077
2067.67001,0.03240
2065.74121,0.03383
2063.81241,0.03362
2061.88362,0.03216
2059.95482,0.03153
2058.02602,0.03237
2056.09723,0.03321
2054.16843,0.03288
2052.23963,0.03238
2050.31084,0.03325
2048.38204,0.03514
2046.45324,0.03705
2044.52445,0.03868
2042.59565,0.03925
2040.66685,0.03871
2038.73806,0.03894
2036.80926,0.04047
2034.88046,0.04174
2032.95167,0.04284
2031.02287,0.04335
2029.09407,0.04184
2027.16528,0.04044
2025.23648,0.04140
2023.30768,0.04281
2021.37889,0.04328
2019.45009,0.04500
2017.52129,0.04702
2015.59250,0.04538
2013.66370,0.04166
2011.73490,0.03948
2009.80611,0.03874
2007.87731,0.03787
2005.94851,0.03658
2004.01972,0.03536
2002.09092,0.03402
2000.16212,0.03283
1998.23333,0.03231
1996.30453,0.03303
1994.37574,0.03606
1992.44694,0.03902
1990.51814,0.03791
1988.58935,0.03463
1986.66055,0.03258
1984.73175,0.03223
1982.80296,0.03321
1980.87416,0.03465
1978.94536,0.03585
1977.01657,0.03643
1975.08777,0.03609
1973.15897,0.03498
1971.23018,0.03472
1969.30138,0.03660
1967.37258,0.03842
1965.44379,0.03783
1963.51499,0.03560
1961.58619,0.03247
1959.65740,0.02895
1957.72860,0.02713
1955.79980,0.02702
1953.87101,0.02670
1951.94221,0.02590
1950.01341,0.02512
1948.08462,0.02549
1946.15582,0.02841
1944.22702,0.03260
1942.29823,0.03275
1940.36943,0.02779
1938.44063,0.02351
1936.51184,0.02216
1934.58304,0.02191
1932.65424,0.02155
1930.72545,0.02120
1928.79665,0.02112
1926.86785,0.02242
1924.93906,0.02647
1923.01026,0.02990
1921.08146,0.03035
1919.15267,0.03033
1917.22387,0.02829
1915.29507,0.02368
1913.36628,0.02169
1911.43748,0.02368
1909.50868,0.02550
1907.57989,0.02418
1905.65109,0.02158
1903.72229,0.02006
1901.79350,0.01932
1899.86470,0.01914
1897.93590,0.02064
1896.00711,0.02281
1894.07831,0.02338
1892.14951,0.02463
1890.22072,0.02721
1888.29192,0.02594
1886.36312,0.02207
1884.43433,0.02002
1882.50553,0.01929
1880.57673,0.01910
1878.64794,0.01911
1876.71914,0.01897
1874.79034,0.01947
1872.86155,0.02371
1870.93275,0.03407
1869.00395,0.04268
1867.07516,0.03807
1865.14636,0.02723
1863.21756,0.02132
1861.28877,0.02024
1859.35997,0.01996
1857.43117,0.01900
1855.50238,0.01794
1853.57358,0.01761
1851.64478,0.01895
1849.71599,0.02311
1847.78719,0.03019
1845.85839,0.03844
1843.92960,0.03979
1842.00080,0.03101
1840.07200,0.02376
1838.14321,0.02250
1836.21441,0.02258
1834.28561,0.02348
1832.35682,0.03009
1830.42802,0.03879
1828.49922,0.03982
1826.57043,0.03673
1824.64163,0.03296
1822.71283,0.02635
1820.78404,0.02134
1818.85524,0.02048
1816.92644,0.02055
1814.99765,0.02143
1813.06885,0.02559
1811.14005,0.02954
1809.21126,0.02803
1807.28246,0.02397
1805.35366,0.02366
1803.42487,0.02938
1801.49607,0.03597
1799.56727,0.03629
1797.63848,0.03372
1795.70968,0.03627
1793.78088,0.04442
1791.85209,0.04652
1789.92329,0.03589
1787.99449,0.02669
1786.06570,0.02595
1784.13690,0.02863
1782.20810,0.03142
1780.27931,0.03250
1778.35051,0.03138
1776.42171,0.03452
1774.49292,0.04590
1772.56412,0.05648
1770.63532,0.05319
1768.70653,0.04169
1766.77773,0.03151
1764.84893,0.02861
1762.92014,0.03330
1760.99134,0.03611
1759.06254,0.03490
1757.13375,0.03371
1755.20495,0.03248
1753.27615,0.03800
1751.34736,0.05280
1749.41856,0.06180
1747.48976,0.05678
1745.56097,0.04934
1743.63217,0.04619
1741.70337,0.04578
1739.77458,0.04450
1737.84578,0.04444
1735.91698,0.05387
1733.98819,0.06544
1732.05939,0.05857
1730.13059,0.04325
1728.20180,0.03063
1726.27300,0.02481
1724.34420,0.02602
1722.41541,0.03097
1720.48661,0.04411
1718.55781,0.06746
1716.62902,0.07857
1714.70022,0.06393
1712.77142,0.04626
1710.84263,0.03898
1708.91383,0.04369
1706.98503,0.05636
1705.05624,0.06700
1703.12744,0.07569
1701.19864,0.09229
1699.26985,0.10733
1697.34105,0.10813
1695.41225,0.09872
1693.48346,0.08837
1691.55466,0.09118
1689.62586,0.10691
1687.69707,0.12841
1685.76827,0.15944
1683.83947,0.18880
1681.91068,0.18898
1679.98188,0.18306
1678.05308,0.18900
1676.12429,0.20616
1674.19549,0.22470
1672.26669,0.24057
1670.33790,0.25665
1668.40910,0.25969
1666.48030,0.25317
1664.55151,0.25616
1662.62271,0.26362
1660.69391,0.26191
1658.76512,0.25989
1656.83632,0.27153
1654.90752,0.29999
1652.97873,0.31783
1651.04993,0.30382
1649.12113,0.30247
1647.19234,0.31135
1645.26354,0.30284
1643.33474,0.29044
1641.40595,0.29386
1639.47715,0.31371
1637.54835,0.34694
1635.61956,0.37559
1633.69076,0.37778
1631.76197,0.37802
1629.83317,0.39243
1627.90437,0.41279
1625.97558,0.42963
1624.04678,0.44164
1622.11798,0.44329
1620.18919,0.44092
1618.26039,0.44554
1616.33159,0.44514
1614.40280,0.43215
1612.47400,0.42409
1610.54520,0.42618
1608.61641,0.43194
1606.68761,0.43706
1604.75881,0.44399
1602.83002,0.45329
1600.90122,0.46204
1598.97242,0.47013
1597.04363,0.47852
1595.11483,0.48426
1593.18603,0.48382
1591.25724,0.47796
1589.32844,0.46774
1587.39964,0.45368
1585.47085,0.43718
1583.54205,0.41889
1581.61325,0.40086
1579.68446,0.38917
1577.75566,0.38220
1575.82686,0.36055
1573.89807,0.32976
1571.96927,0.31292
1570.04047,0.30121
1568.11168,0.28019
1566.18288,0.25879
1564.25408,0.24589
1562.32529,0.24820
1560.39649,0.27043
1558.46769,0.27437
1556.53890,0.23738
1554.61010,0.20688
1552.68130,0.18923
1550.75251,0.17888
1548.82371,0.17058
1546.89491,0.17034
1544.96612,0.18458
1543.03732,0.20594
1541.10852,0.21748
1539.17973,0.19351
1537.25093,0.16226
1535.32213,0.15311
1533.39334,0.15120
1531.46454,0.14092
1529.53574,0.13595
1527.60695,0.14278
1525.67815,0.15158
1523.74935,0.16059
1521.82056,0.16728
1519.89176,0.16256
1517.96296,0.15437
1516.03417,0.14305
1514.10537,0.13011
1512.17657,0.12995
1510.24778,0.14935
1508.31898,0.17865
1506.39018,0.17321
1504.46139,0.13471
1502.53259,0.11593
1500.60379,0.11852
1498.67500,0.13008
1496.74620,0.13427
1494.81740,0.12907
1492.88861,0.13376
1490.95981,0.15499
1489.03101,0.17188
1487.10222,0.16734
1485.17342,0.15985
1483.24462,0.16317
1481.31583,0.17481
1479.38703,0.19017
1477.45823,0.21197
1475.52944,0.24119
1473.60064,0.26704
1471.67184,0.27145
1469.74305,0.26241
1467.81425,0.26321
1465.88545,0.27455
1463.95666,0.28027
1462.02786,0.28176
1460.09906,0.29544
1458.17027,0.31589
1456.24147,0.30559
1454.31267,0.27268
1452.38388,0.24879
1450.45508,0.23514
1448.52628,0.22405
1446.59749,0.20720
1444.66869,0.18805
1442.73989,0.17321
1440.81110,0.16517
1438.88230,0.16547
1436.95350,0.16517
1435.02471,0.15180
1433.09591,0.13740
1431.16711,0.12985
1429.23832,0.12184
1427.30952,0.11337
1425.38072,0.11043
1423.45193,0.11036
1421.52313,0.11299
1419.59433,0.11875
1417.66554,0.11256
1415.73674,0.09514
1413.80794,0.08307
1411.87915,0.07836
1409.95035,0.07572
1408.02155,0.07523
1406.09276,0.07761
1404.16396,0.07699
1402.23516,0.07521
1400.30637,0.08009
1398.37757,0.08795
1396.44877,0.09048
1394.51998,0.08411
1392.59118,0.07248
1390.66238,0.06728
1388.73359,0.07082
1386.80479,0.07146
1384.87599,0.06416
1382.94720,0.05826
1381.01840,0.05773
1379.08960,0.05987
1377.16081,0.06445
1375.23201,0.06980
1373.30321,0.06828
1371.37442,0.06144
1369.44562,0.05740
1367.51682,0.05633
1365.58803,0.05955
1363.65923,0.06702
1361.73043,0.06766
1359.80164,0.05942
1357.87284,0.05322
1355.94404,0.05176
1354.01525,0.05109
1352.08645,0.05010
1350.15765,0.04975
1348.22886,0.04937
1346.30006,0.04870
1344.37126,0.04985
1342.44247,0.05627
1340.51367,0.06578
1338.58487,0.06778
1336.65608,0.05998
1334.72728,0.05191
1332.79848,0.04829
1330.86969,0.04747
1328.94089,0.04714
1327.01209,0.04668
1325.08330,0.04652
1323.15450,0.04743
1321.22570,0.04996
1319.29691,0.05246
1317.36811,0.05248
1315.43931,0.05122
1313.51052,0.05012
1311.58172,0.04825
1309.65292,0.04632
1307.72413,0.04546
1305.79533,0.04501
1303.86653,0.04466
1301.93774,0.04461
1300.00894,0.04489
1298.08014,0.04534
1296.15135,0.04551
1294.22255,0.04534
1292.29375,0.04555
1290.36496,0.04641
1288.43616,0.04698
1286.50736,0.04636
1284.57857,0.04522
1282.64977,0.04469
1280.72097,0.04461
1278.79218,0.04443
1276.86338,0.04422
1274.93458,0.04456
1273.00579,0.04557
1271.07699,0.04631
1269.14820,0.04606
1267.21940,0.04531
1265.29060,0.04471
1263.36181,0.04465
1261.43301,0.04513
1259.50421,0.04526
1257.57542,0.04478
1255.64662,0.04448
1253.71782,0.04459
1251.78903,0.04484
1249.86023,0.04511
1247.93143,0.04541
1246.00264,0.04578
1244.07384,0.04607
1242.14504,0.04606
1240.21625,0.04595
1238.28745,0.04591
1236.35865,0.04590
1234.42986,0.04590
1232.50106,0.04591
1230.57226,0.04596
1228.64347,0.04617
1226.71467,0.04652
1224.78587,0.04675
1222.85708,0.04679
1220.92828,0.04696
1218.99948,0.04733
1217.07069,0.04776
1215.14189,0.04837
1213.21309,0.04920
1211.28430,0.04994
1209.35550,0.05052
1207.42670,0.05121
1205.49791,0.05210
1203.56911,0.05310
1201.64031,0.05420
1199.71152,0.05541
1197.78272,0.05668
1195.85392,0.05799
1193.92513,0.05945
1191.99633,0.06112
1190.06753,0.06307
1188.13874,0.06532
1186.20994,0.06770
1184.28114,0.07016
1182.35235,0.07297
1180.42355,0.07633
1178.49475,0.08022
1176.56596,0.08453
1174.63716,0.08909
1172.70836,0.09367
1170.77957,0.09838
1168.85077,0.10332
1166.92197,0.10823
1164.99318,0.11278
1163.06438,0.11674
1161.13558,0.11989
1159.20679,0.12201
1157.27799,0.12296
1155.34919,0.12263
1153.42040,0.12108
1151.49160,0.11841
1149.56280,0.11477
1147.63401,0.11040
1145.70521,0.10559
1143.77641,0.10062
1141.84762,0.09570
1139.91882,0.09099
1137.99002,0.08661
1136.06123,0.08251
1134.13243,0.07865
1132.20363,0.07513
1130.27484,0.07202
1128.34604,0.06931
1126.41724,0.06698
1124.48845,0.06498
1122.55965,0.06325
1120.63085,0.06173
1118.70206,0.06042
1116.77326,0.05931
1114.84446,0.05840
1112.91567,0.05768
1110.98687,0.05707
1109.05807,0.05657
1107.12928,0.05614
1105.20048,0.05576
1103.27168,0.05543
1101.34289,0.05517
1099.41409,0.05494
1097.48529,0.05475
1095.55650,0.05466
1093.62770,0.05467
1091.69890,0.05473
1089.77011,0.05485
1087.84131,0.05503
1085.91251,0.05529
1083.98372,0.05558
1082.05492,0.05590
1080.12612,0.05628
1078.19733,0.05675
1076.26853,0.05727
1074.33973,0.05780
1072.41094,0.05831
1070.48214,0.05876
1068.55334,0.05919
1066.62455,0.05956
1064.69575,0.05981
1062.76695,0.05987
1060.83816,0.05978
1058.90936,0.05958
1056.98056,0.05929
1055.05177,0.05888
1053.12297,0.05832
1051.19417,0.05766
1049.26538,0.05696
1047.33658,0.05625
1045.40778,0.05554
1043.47899,0.05485
1041.55019,0.05418
1039.62139,0.05351
1037.69260,0.05285
1035.76380,0.05223
1033.83500,0.05162
1031.90621,0.05100
1029.97741,0.05039
1028.04861,0.04985
1026.11982,0.04938
1024.19102,0.04895
1022.26222,0.04862
1020.33343,0.04842
1018.40463,0.04835
1016.47583,0.04837
1014.54704,0.04845
1012.61824,0.04853
1010.68944,0.04854
1008.76065,0.04838
1006.83185,0.04800
1004.90305,0.04744
1002.97426,0.04679
1001.04546,0.04613
999.11666,0.04553
997.18787,0.04503
995.25907,0.04460
993.33027,0.04416
991.40148,0.04374
989.47268,0.04333
987.54388,0.04291
985.61509,0.04245
983.68629,0.04198
981.75749,0.04150
979.82870,0.04105
977.89990,0.04066
975.97110,0.04031
974.04231,0.04000
972.11351,0.03973
970.18471,0.03948
968.25592,0.03926
966.32712,0.03907
964.39832,0.03886
962.46953,0.03862
960.54073,0.03835
958.61193,0.03805
956.68314,0.03775
954.75434,0.03744
952.82554,0.03712
950.89675,0.03675
948.96795,0.03632
947.03915,0.03583
945.11036,0.03532
943.18156,0.03480
941.25276,0.03427
939.32397,0.03375
937.39517,0.03326
935.46637,0.03280
933.53758,0.03234
931.60878,0.03186
929.67998,0.03139
927.75119,0.03095
925.82239,0.03056
923.89359,0.03021
921.96480,0.02988
920.03600,0.02956
918.10720,0.02928
916.17841,0.02901
914.24961,0.02872
912.32081,0.02843
910.39202,0.02811
908.46322,0.02775
906.53443,0.02735
904.60563,0.02693
902.67683,0.02650
900.74804,0.02602
898.81924,0.02552
896.89044,0.02501
894.96165,0.02448
893.03285,0.02393
891.10405,0.02336
889.17526,0.02278
887.24646,0.02221
885.31766,0.02168
883.38887,0.02118
881.46007,0.02069
879.53127,0.02024
877.60248,0.01990
875.67368,0.01963
873.74488,0.01941
871.81609,0.01922
869.88729,0.01906
867.95849,0.01894
866.02970,0.01882
864.10090,0.01864
862.17210,0.01841
860.24331,0.01819
858.31451,0.01796
856.38571,0.01773
854.45692,0.01751
852.52812,0.01723
850.59932,0.01686
848.67053,0.01651
846.74173,0.01623
844.81293,0.01599
842.88414,0.01576
840.95534,0.01549
839.02654,0.01522
837.09775,0.01497
835.16895,0.01477
833.24015,0.01464
831.31136,0.01459
829.38256,0.01462
827.45376,0.01471
825.52497,0.01487
823.59617,0.01508
821.66737,0.01538
819.73858,0.01577
817.80978,0.01612
815.88098,0.01639
813.95219,0.01670
812.02339,0.01704
810.09459,0.01740
808.16580,0.01775
806.23700,0.01808
804.30820,0.01844
802.37941,0.01889
800.45061,0.01954
798.52181,0.02038
796.59302,0.02122
794.66422,0.02214
792.73542,0.02331
790.80663,0.02447
788.87783,0.02523
786.94903,0.02562
785.02024,0.02575
783.09144,0.02555
781.16264,0.02503
779.23385,0.02430
777.30505,0.02349
775.37625,0.02258
773.44746,0.02159
771.51866,0.02082
769.58986,0.02039
767.66107,0.02008
765.73227,0.01986
763.80347,0.01969
761.87468,0.01944
759.94588,0.01928
758.01708,0.01947
756.08829,0.01973
754.15949,0.01958
752.23069,0.01911
750.30190,0.01879
748.37310,0.01886
