3496.90832,0.03727
3494.97953,0.04373
3493.05073,0.05167
3491.12193,0.05575
3489.19314,0.05412
3487.26434,0.04815
3485.33554,0.04476
3483.40675,0.04719
3481.47795,0.05039
3479.54915,0.04959
3477.62036,0.04617
3475.69156,0.04353
3473.76276,0.04280
3471.83397,0.04398
3469.90517,0.04598
3467.97637,0.04835
3466.04758,0.05322
3464.11878,0.05813
3462.18998,0.05706
3460.26119,0.05296
3458.33239,0.05084
3456.40359,0.04674
3454.47480,0.04107
3452.54600,0.04174
3450.61721,0.04682
3448.68841,0.04910
3446.75961,0.04758
3444.83082,0.04273
3442.90202,0.03618
3440.97322,0.03144
3439.04443,0.02988
3437.11563,0.02982
3435.18683,0.03001
3433.25804,0.03215
3431.32924,0.03309
3429.40044,0.02779
3427.47165,0.02298
3425.54285,0.02786
3423.61405,0.03849
3421.68526,0.04459
3419.75646,0.04166
3417.82766,0.03268
3415.89887,0.02458
3413.97007,0.02143
3412.04127,0.02307
3410.11248,0.02727
3408.18368,0.02964
3406.25488,0.02777
3404.32609,0.02549
3402.39729,0.02656
3400.46849,0.02736
3398.53970,0.02532
3396.61090,0.02589
3394.68210,0.02904
3392.75331,0.03174
3390.82451,0.03844
3388.89571,0.04724
3386.96692,0.05162
3385.03812,0.05454
3383.10932,0.05882
3381.18053,0.05950
3379.25173,0.05349
3377.32293,0.04573
3375.39414,0.04066
3373.46534,0.04009
3371.53654,0.04602
3369.60775,0.05094
3367.67895,0.04884
3365.75015,0.04455
3363.82136,0.04063
3361.89256,0.04178
3359.96376,0.05372
3358.03497,0.06909
3356.10617,0.07289
3354.17737,0.06255
3352.24858,0.05372
3350.31978,0.05465
3348.39098,0.05588
3346.46219,0.05352
3344.53339,0.05383
3342.60459,0.05662
3340.67580,0.05745
3338.74700,0.05765
3336.81820,0.05784
3334.88941,0.05460
3332.96061,0.04897
3331.03181,0.04383
3329.10302,0.03878
3327.17422,0.03558
3325.24542,0.03661
3323.31663,0.04027
3321.38783,0.04239
3319.45903,0.03816
3317.53024,0.02894
3315.60144,0.02395
3313.67264,0.02757
3311.74385,0.03177
3309.81505,0.02996
3307.88625,0.02673
3305.95746,0.02708
3304.02866,0.02876
3302.09986,0.02737
3300.17107,0.02268
3298.24227,0.01819
3296.31347,0.01527
3294.38468,0.01539
3292.45588,0.01930
3290.52708,0.02020
3288.59829,0.01480
3286.66949,0.01051
3284.74069,0.01125
3282.81190,0.01146
3280.88310,0.00909
3278.95430,0.01002
3277.02551,0.01527
3275.09671,0.01791
3273.16791,0.01768
3271.23912,0.02051
3269.31032,0.02214
3267.38152,0.01794
3265.45273,0.01519
3263.52393,0.01854
3261.59513,0.02396
3259.66634,0.02640
3257.73754,0.02476
3255.80874,0.02389
3253.87995,0.02481
3251.95115,0.02290
3250.02235,0.01877
3248.09356,0.01701
3246.16476,0.01742
3244.23596,0.01799
3242.30717,0.02394
3240.37837,0.03735
3238.44957,0.04812
3236.52078,0.04994
3234.59198,0.04770
3232.66318,0.04568
3230.73439,0.04001
3228.80559,0.03150
3226.87679,0.02905
3224.94800,0.02969
3223.01920,0.02864
3221.09040,0.03309
3219.16161,0.04230
3217.23281,0.04604
3215.30401,0.04310
3213.37522,0.03893
3211.44642,0.03739
3209.51762,0.04167
3207.58883,0.04948
3205.66003,0.05157
3203.73123,0.04401
3201.80244,0.03646
3199.87364,0.03612
3197.94484,0.03822
3196.01605,0.03909
3194.08725,0.03926
3192.15845,0.03858
3190.22966,0.03748
3188.30086,0.03633
3186.37206,0.03597
3184.44327,0.03570
3182.51447,0.03379
3180.58567,0.03160
3178.65688,0.03121
3176.72808,0.03325
3174.79928,0.03483
3172.87049,0.03273
3170.94169,0.03011
3169.01289,0.03020
3167.08410,0.03138
3165.15530,0.03129
3163.22650,0.02849
3161.29771,0.02433
3159.36891,0.02325
3157.44011,0.02629
3155.51132,0.03045
3153.58252,0.03275
3151.65372,0.02969
3149.72493,0.02299
3147.79613,0.01958
3145.86733,0.02036
3143.93854,0.02278
3142.00974,0.02614
3140.08094,0.02770
3138.15215,0.02558
3136.22335,0.02290
3134.29455,0.02324
3132.36576,0.02479
3130.43696,0.02393
3128.50816,0.02250
3126.57937,0.02349
3124.65057,0.02465
3122.72177,0.02404
3120.79298,0.02331
3118.86418,0.02314
3116.93538,0.02299
3115.00659,0.02231
3113.07779,0.02089
3111.14899,0.02004
3109.22020,0.02066
3107.29140,0.02185
3105.36260,0.02282
3103.43381,0.02289
3101.50501,0.02136
3099.57621,0.01949
3097.64742,0.01860
3095.71862,0.01780
3093.78982,0.01651
3091.86103,0.01637
3089.93223,0.01817
3088.00344,0.01969
3086.07464,0.01957
3084.14584,0.01952
3082.21705,0.02040
3080.28825,0.02082
3078.35945,0.02021
3076.43066,0.01985
3074.50186,0.02015
3072.57306,0.02016
3070.64427,0.01984
3068.71547,0.01983
3066.78667,0.02014
3064.85788,0.02054
3062.92908,0.02092
3061.00028,0.02099
3059.07149,0.02120
3057.14269,0.02220
3055.21389,0.02297
3053.28510,0.02232
3051.35630,0.02098
3049.42750,0.02005
3047.49871,0.01991
3045.56991,0.02040
3043.64111,0.02033
3041.71232,0.01936
3039.78352,0.01888
3037.85472,0.01945
3035.92593,0.02067
3033.99713,0.02190
3032.06833,0.02167
3030.13954,0.02020
3028.21074,0.01998
3026.28194,0.02099
3024.35315,0.02111
3022.42435,0.02043
3020.49555,0.02035
3018.56676,0.02102
3016.63796,0.02173
3014.70916,0.02210
3012.78037,0.02224
3010.85157,0.02212
3008.92277,0.02203
3006.99398,0.02268
3005.06518,0.02353
3003.13638,0.02335
3001.20759,0.02246
2999.27879,0.02186
2997.34999,0.02177
2995.42120,0.02182
2993.49240,0.02176
2991.56360,0.02188
2989.63481,0.02242
2987.70601,0.02281
2985.77721,0.02274
2983.84842,0.02258
2981.91962,0.02256
2979.99082,0.02269
2978.06203,0.02285
2976.13323,0.02291
2974.20443,0.02274
2972.27564,0.02242
2970.34684,0.02216
2968.41804,0.02200
2966.48925,0.02193
2964.56045,0.02218
2962.63165,0.02268
2960.70286,0.02300
2958.77406,0.02314
2956.84526,0.02341
2954.91647,0.02360
2952.98767,0.02352
2951.05887,0.02357
2949.13008,0.02395
2947.20128,0.02422
2945.27248,0.02406
2943.34369,0.02386
2941.41489,0.02391
2939.48609,0.02394
2937.55730,0.02368
2935.62850,0.02329
2933.69970,0.02317
2931.77091,0.02340
2929.84211,0.02356
2927.91331,0.02359
2925.98452,0.02375
2924.05572,0.02409
2922.12692,0.02468
2920.19813,0.02518
2918.26933,0.02526
2916.34053,0.02536
2914.41174,0.02556
2912.48294,0.02547
2910.55414,0.02524
2908.62535,0.02501
2906.69655,0.02493
2904.76775,0.02522
2902.83896,0.02558
2900.91016,0.02570
2898.98136,0.02569
2897.05257,0.02565
2895.12377,0.02565
2893.19497,0.02565
2891.26618,0.02566
2889.33738,0.02579
2887.40858,0.02596
2885.47979,0.02608
2883.55099,0.02610
2881.62219,0.02623
2879.69340,0.02649
2877.76460,0.02650
2875.83580,0.02615
2873.90701,0.02576
2871.97821,0.02568
2870.04941,0.02611
2868.12062,0.02662
2866.19182,0.02682
2864.26302,0.02704
2862.33423,0.02732
2860.40543,0.02726
2858.47663,0.02699
2856.54784,0.02695
2854.61904,0.02725
2852.69024,0.02775
2850.76145,0.02830
2848.83265,0.02888
2846.90385,0.02933
2844.97506,0.02938
2843.04626,0.02917
2841.11746,0.02898
2839.18867,0.02898
2837.25987,0.02914
2835.33107,0.02928
2833.40228,0.02931
2831.47348,0.02939
2829.54468,0.02948
2827.61589,0.02939
2825.68709,0.02928
2823.75829,0.02945
2821.82950,0.02968
2819.90070,0.02985
2817.97190,0.03020
2816.04311,0.03055
2814.11431,0.03050
2812.18551,0.03022
2810.25672,0.03006
2808.32792,0.02995
2806.39912,0.02987
2804.47033,0.03000
2802.54153,0.03018
2800.61273,0.03027
2798.68394,0.03028
2796.75514,0.03013
2794.82634,0.02994
2792.89755,0.02992
2790.96875,0.02984
2789.03995,0.02956
2787.11116,0.02918
2785.18236,0.02883
2783.25356,0.02865
2781.32477,0.02860
2779.39597,0.02839
2777.46717,0.02807
2775.53838,0.02794
2773.60958,0.02799
2771.68078,0.02815
2769.75199,0.02832
2767.82319,0.02814
2765.89439,0.02777
2763.96560,0.02771
2762.03680,0.02793
2760.10800,0.02813
2758.17921,0.02812
2756.25041,0.02784
2754.32161,0.02758
2752.39282,0.02755
2750.46402,0.02754
2748.53522,0.02753
2746.60643,0.02771
2744.67763,0.02795
2742.74883,0.02801
2740.82004,0.02787
2738.89124,0.02772
2736.96244,0.02776
2735.03365,0.02796
2733.10485,0.02808
2731.17605,0.02798
2729.24726,0.02780
2727.31846,0.02768
2725.38967,0.02755
2723.46087,0.02750
2721.53207,0.02757
2719.60328,0.02768
2717.67448,0.02788
2715.74568,0.02816
2713.81689,0.02831
2711.88809,0.02824
2709.95929,0.02805
2708.03050,0.02778
2706.10170,0.02764
2704.17290,0.02772
2702.24411,0.02775
2700.31531,0.02760
2698.38651,0.02757
2696.45772,0.02768
2694.52892,0.02773
2692.60012,0.02779
2690.67133,0.02793
2688.74253,0.02794
2686.81373,0.02775
2684.88494,0.02757
2682.95614,0.02739
2681.02734,0.02726
2679.09855,0.02733
2677.16975,0.02753
2675.24095,0.02772
2673.31216,0.02789
2671.38336,0.02794
2669.45456,0.02777
2667.52577,0.02759
2665.59697,0.02755
2663.66817,0.02753
2661.73938,0.02748
2659.81058,0.02763
2657.88178,0.02794
2655.95299,0.02808
2654.02419,0.02784
2652.09539,0.02732
2650.16660,0.02696
2648.23780,0.02708
2646.30900,0.02751
2644.38021,0.02790
2642.45141,0.02807
2640.52261,0.02808
2638.59382,0.02821
2636.66502,0.02843
2634.73622,0.02850
2632.80743,0.02851
2630.87863,0.02864
2628.94983,0.02899
2627.02104,0.02943
2625.09224,0.02962
2623.16344,0.02955
2621.23465,0.02960
2619.30585,0.02987
2617.37705,0.03018
2615.44826,0.03036
2613.51946,0.03018
2611.59066,0.02976
2609.66187,0.02971
2607.73307,0.03028
2605.80427,0.03111
2603.87548,0.03166
2601.94668,0.03156
2600.01788,0.03109
2598.08909,0.03098
2596.16029,0.03140
2594.23149,0.03163
2592.30270,0.03131
2590.37390,0.03088
2588.44510,0.03069
2586.51631,0.03059
2584.58751,0.03061
2582.65871,0.03086
2580.72992,0.03094
2578.80112,0.03069
2576.87232,0.03057
2574.94353,0.03075
2573.01473,0.03089
2571.08593,0.03083
2569.15714,0.03099
2567.22834,0.03154
2565.29954,0.03191
2563.37075,0.03202
2561.44195,0.03227
2559.51315,0.03218
2557.58436,0.03145
2555.65556,0.03097
2553.72676,0.03129
2551.79797,0.03164
2549.86917,0.03148
2547.94037,0.03136
2546.01158,0.03160
2544.08278,0.03179
2542.15398,0.03186
2540.22519,0.03198
2538.29639,0.03201
2536.36759,0.03169
2534.43880,0.03110
2532.51000,0.03064
2530.58120,0.03073
2528.65241,0.03109
2526.72361,0.03099
2524.79481,0.03060
2522.86602,0.03033
2520.93722,0.03006
2519.00842,0.02989
2517.07963,0.03032
2515.15083,0.03129
2513.22203,0.03197
2511.29324,0.03187
2509.36444,0.03146
2507.43564,0.03119
2505.50685,0.03112
2503.57805,0.03112
2501.64925,0.03114
2499.72046,0.03121
2497.79166,0.03117
2495.86286,0.03098
2493.93407,0.03072
2492.00527,0.03043
2490.07647,0.03027
2488.14768,0.03034
2486.21888,0.03051
2484.29008,0.03051
2482.36129,0.03041
2480.43249,0.03045
2478.50369,0.03042
2476.57490,0.03011
2474.64610,0.02973
2472.71730,0.02945
2470.78851,0.02940
2468.85971,0.02973
2466.93091,0.03016
2465.00212,0.03034
2463.07332,0.03034
2461.14452,0.03025
2459.21573,0.03003
2457.28693,0.02996
2455.35813,0.03010
2453.42934,0.03003
2451.50054,0.02985
2449.57174,0.02988
2447.64295,0.02995
2445.71415,0.02994
2443.78535,0.02994
2441.85656,0.02987
2439.92776,0.02955
2437.99896,0.02907
2436.07017,0.02880
2434.14137,0.02887
2432.21257,0.02900
2430.28378,0.02914
2428.35498,0.02929
2426.42618,0.02910
2424.49739,0.02852
2422.56859,0.02808
2420.63979,0.02804
2418.71100,0.02806
2416.78220,0.02783
2414.85340,0.02745
2412.92461,0.02717
2410.99581,0.02700
2409.06701,0.02698
2407.13822,0.02697
2405.20942,0.02656
2403.28062,0.02597
2401.35183,0.02567
2399.42303,0.02560
2397.49423,0.02569
2395.56544,0.02580
2393.63664,0.02569
2391.70784,0.02548
2389.77905,0.02576
2387.85025,0.02745
2385.92145,0.03143
2383.99266,0.03810
2382.06386,0.04741
2380.13506,0.05895
2378.20627,0.07166
2376.27747,0.08443
2374.34867,0.09713
2372.41988,0.11007
2370.49108,0.12318
2368.56228,0.13571
2366.63349,0.14648
2364.70469,0.15498
2362.77589,0.16106
2360.84710,0.16388
2358.91830,0.16219
2356.98951,0.15515
2355.06071,0.14292
2353.13191,0.12665
2351.20312,0.11038
2349.27432,0.10196
2347.34552,0.10598
2345.41673,0.11754
2343.48793,0.12520
2341.55913,0.12592
2339.63034,0.12389
2337.70154,0.12118
2335.77274,0.11883
2333.84395,0.11791
2331.91515,0.11794
2329.98635,0.11633
2328.05756,0.11246
2326.12876,0.10896
2324.19996,0.10700
2322.27117,0.10425
2320.34237,0.09824
2318.41357,0.09015
2316.48478,0.08328
2314.55598,0.07902
2312.62718,0.07577
2310.69839,0.07168
2308.76959,0.06663
2306.84079,0.06131
2304.91200,0.05624
2302.98320,0.05194
2301.05440,0.04850
2299.12561,0.04536
2297.19681,0.04234
2295.26801,0.03959
2293.33922,0.03726
2291.41042,0.03567
2289.48162,0.03482
2287.55283,0.03419
2285.62403,0.03332
2283.69523,0.03226
2281.76644,0.03172
2279.83764,0.03222
2277.90884,0.03333
2275.98005,0.03438
2274.05125,0.03497
2272.12245,0.03519
2270.19366,0.03576
2268.26486,0.03661
2266.33606,0.03676
2264.40727,0.03642
2262.47847,0.03671
2260.54967,0.03757
2258.62088,0.03830
2256.69208,0.03860
2254.76328,0.03804
2252.83449,0.03673
2250.90569,0.03576
2248.97689,0.03593
2247.04810,0.03710
2245.11930,0.03829
2243.19050,0.03897
2241.26171,0.03970
2239.33291,0.04033
2237.40411,0.04008
2235.47532,0.03929
2233.54652,0.03858
2231.61772,0.03809
2229.68893,0.03863
2227.76013,0.04065
2225.83133,0.04306
2223.90254,0.04481
2221.97374,0.04534
2220.04494,0.04466
2218.11615,0.04375
2216.18735,0.04340
2214.25855,0.04393
2212.32976,0.04491
2210.40096,0.04515
2208.47216,0.04470
2206.54337,0.04470
2204.61457,0.04499
2202.68577,0.04570
2200.75698,0.04789
2198.82818,0.05056
2196.89938,0.05175
2194.97059,0.05126
2193.04179,0.05009
2191.11299,0.04965
2189.18420,0.05025
2187.25540,0.05106
2185.32660,0.05230
2183.39781,0.05447
2181.46901,0.05668
2179.54021,0.05750
2177.61142,0.05710
2175.68262,0.05719
2173.75382,0.05762
2171.82503,0.05767
2169.89623,0.05856
2167.96743,0.06016
2166.03864,0.06120
2164.10984,0.06174
2162.18104,0.06383
2160.25225,0.06764
2158.32345,0.06767
2156.39465,0.06244
2154.46586,0.05675
2152.53706,0.05187
2150.60826,0.04784
2148.67947,0.04611
2146.75067,0.04549
2144.82187,0.04345
2142.89308,0.04131
2140.96428,0.04050
2139.03548,0.03972
2137.10669,0.03789
2135.17789,0.03511
2133.24909,0.03217
2131.32030,0.02978
2129.39150,0.02825
2127.46270,0.02781
2125.53391,0.02789
2123.60511,0.02759
2121.67631,0.02700
2119.74752,0.02665
2117.81872,0.02665
2115.88992,0.02649
2113.96113,0.02584
2112.03233,0.02530
2110.10353,0.02532
2108.17474,0.02557
2106.24594,0.02598
2104.31714,0.02639
2102.38835,0.02631
2100.45955,0.02591
2098.53075,0.02566
2096.60196,0.02531
2094.67316,0.02495
2092.74436,0.02536
2090.81557,0.02601
2088.88677,0.02567
2086.95797,0.02498
2085.02918,0.02523
2083.10038,0.02612
2081.17158,0.02692
2079.24279,0.02754
2077.31399,0.02811
2075.38519,0.02821
2073.45640,0.02768
2071.52760,0.02733
2069.59880,0.02776
2067.67001,0.02946
2065.74121,0.03154
2063.81241,0.03183
2061.88362,0.03080
2059.95482,0.03029
2058.02602,0.03046
2056.09723,0.03081
2054.16843,0.03094
2052.23963,0.03112
2050.31084,0.03270
2048.38204,0.03546
2046.45324,0.03709
2044.52445,0.03728
2042.59565,0.03742
2040.66685,0.03778
2038.73806,0.03869
2036.80926,0.04062
2034.88046,0.04222
2032.95167,0.04247
2031.02287,0.04148
2029.09407,0.03935
2027.16528,0.03804
2025.23648,0.03971
2023.30768,0.04244
2021.37889,0.04346
2019.45009,0.04374
2017.52129,0.04312
2015.59250,0.04070
2013.66370,0.03902
2011.73490,0.03906
2009.80611,0.03941
2007.87731,0.03882
2005.94851,0.03678
2004.01972,0.03434
2002.09092,0.03254
2000.16212,0.03158
1998.23333,0.03072
1996.30453,0.03080
1994.37574,0.03411
1992.44694,0.03782
1990.51814,0.03719
1988.58935,0.03479
1986.66055,0.03383
1984.73175,0.03407
1982.80296,0.03540
1980.87416,0.03610
1978.94536,0.03465
1977.01657,0.03288
1975.08777,0.03263
1973.15897,0.03283
1971.23018,0.03356
1969.30138,0.03626
1967.37258,0.03829
1965.44379,0.03592
1963.51499,0.03117
1961.58619,0.02803
1959.65740,0.02679
1957.72860,0.02628
1955.79980,0.02600
1953.87101,0.02555
1951.94221,0.02473
1950.01341,0.02379
1948.08462,0.02417
1946.15582,0.02744
1944.22702,0.03198
1942.29823,0.03226
1940.36943,0.02737
1938.44063,0.02306
1936.51184,0.02161
1934.58304,0.02148
1932.65424,0.02126
1930.72545,0.02070
1928.79665,0.02013
1926.86785,0.02099
1924.93906,0.02452
1923.01026,0.02731
1921.08146,0.02747
1919.15267,0.02776
1917.22387,0.02636
1915.29507,0.02217
1913.36628,0.02025
1911.43748,0.02234
1909.50868,0.02441
1907.57989,0.02317
1905.65109,0.02040
1903.72229,0.01889
1901.79350,0.01852
1899.86470,0.01868
1897.93590,0.02021
1896.00711,0.02226
1894.07831,0.02280
1892.14951,0.02401
1890.22072,0.02647
1888.29192,0.02517
1886.36312,0.02126
1884.43433,0.01904
1882.50553,0.01811
1880.57673,0.01770
1878.64794,0.01755
1876.71914,0.01743
1874.79034,0.01795
1872.86155,0.02197
1870.93275,0.03170
1869.00395,0.03975
1867.07516,0.03548
1865.14636,0.02542
1863.21756,0.01989
1861.28877,0.01877
1859.35997,0.01849
1857.43117,0.01770
1855.50238,0.01684
1853.57358,0.01667
1851.64478,0.01807
1849.71599,0.02226
1847.78719,0.02935
1845.85839,0.03743
1843.92960,0.03847
1842.00080,0.02970
1840.07200,0.02263
1838.14321,0.02143
1836.21441,0.02144
1834.28561,0.02222
1832.35682,0.02858
1830.42802,0.03694
1828.49922,0.03773
1826.57043,0.03446
1824.64163,0.03060
1822.71283,0.02413
1820.78404,0.01936
1818.85524,0.01868
1816.92644,0.01888
1814.99765,0.01987
1813.06885,0.02411
1811.14005,0.02811
1809.21126,0.02672
1807.28246,0.02289
1805.35366,0.02275
1803.42487,0.02839
1801.49607,0.03482
1799.56727,0.03526
1797.63848,0.03281
1795.70968,0.03514
1793.78088,0.04284
1791.85209,0.04475
1789.92329,0.03439
1787.99449,0.02542
1786.06570,0.02460
1784.13690,0.02704
1782.20810,0.02958
1780.27931,0.03043
1778.35051,0.02914
1776.42171,0.03204
1774.49292,0.04294
1772.56412,0.05315
1770.63532,0.05010
1768.70653,0.03918
1766.77773,0.02957
1764.84893,0.02695
1762.92014,0.03161
1760.99134,0.03446
1759.06254,0.03340
1757.13375,0.03239
1755.20495,0.03134
1753.27615,0.03675
1751.34736,0.05108
1749.41856,0.05984
1747.48976,0.05504
1745.56097,0.04773
1743.63217,0.04446
1741.70337,0.04392
1739.77458,0.04264
1737.84578,0.04248
1735.91698,0.05138
1733.98819,0.06231
1732.05939,0.05549
1730.13059,0.04060
1728.20180,0.02839
1726.27300,0.02276
1724.34420,0.02392
1722.41541,0.02870
1720.48661,0.04151
1718.55781,0.06433
1716.62902,0.07530
1714.70022,0.06127
1712.77142,0.04436
1710.84263,0.03755
1708.91383,0.04234
1706.98503,0.05481
1705.05624,0.06533
1703.12744,0.07394
1701.19864,0.09016
1699.26985,0.10480
1697.34105,0.10565
1695.41225,0.09668
1693.48346,0.08669
1691.55466,0.08944
1689.62586,0.10483
1687.69707,0.12587
1685.76827,0.15620
1683.83947,0.18499
1681.91068,0.18550
1679.98188,0.18006
1678.05308,0.18616
1676.12429,0.20326
1674.19549,0.22175
1672.26669,0.23748
1670.33790,0.25348
1668.40910,0.25710
1666.48030,0.25135
1664.55151,0.25458
1662.62271,0.26206
1660.69391,0.26058
1658.76512,0.25871
1656.83632,0.27005
1654.90752,0.29763
1652.97873,0.31497
1651.04993,0.30150
1649.12113,0.30010
1647.19234,0.30877
1645.26354,0.30089
1643.33474,0.28907
1641.40595,0.29238
1639.47715,0.31152
1637.54835,0.34369
1635.61956,0.37196
1633.69076,0.37479
1631.76197,0.37532
1629.83317,0.38950
1627.90437,0.40964
1625.97558,0.42643
1624.04678,0.43840
1622.11798,0.44020
1620.18919,0.43815
1618.26039,0.44298
1616.33159,0.44289
1614.40280,0.43039
1612.47400,0.42268
1610.54520,0.42487
1608.61641,0.43074
1606.68761,0.43603
1604.75881,0.44303
1602.83002,0.45243
1600.90122,0.46126
1598.97242,0.46924
1597.04363,0.47740
1595.11483,0.48293
1593.18603,0.48233
1591.25724,0.47635
1589.32844,0.46612
1587.39964,0.45209
1585.47085,0.43548
1583.54205,0.41697
1581.61325,0.39870
1579.68446,0.38670
1577.75566,0.37932
1575.82686,0.35776
1573.89807,0.32747
1571.96927,0.31077
1570.04047,0.29902
1568.11168,0.27825
1566.18288,0.25721
1564.25408,0.24445
1562.32529,0.24644
1560.39649,0.26772
1558.46769,0.27123
1556.53890,0.23510
1554.61010,0.20522
1552.68130,0.18779
1550.75251,0.17740
1548.82371,0.16897
1546.89491,0.16831
1544.96612,0.18167
1543.03732,0.20192
1541.10852,0.21275
1539.17973,0.18937
1537.25093,0.15896
1535.32213,0.14994
1533.39334,0.14797
1531.46454,0.13790
1529.53574,0.13301
1527.60695,0.13960
1525.67815,0.14815
1523.74935,0.15695
1521.82056,0.16359
1519.89176,0.15919
1517.96296,0.15138
1516.03417,0.14057
1514.10537,0.12816
1512.17657,0.12805
1510.24778,0.14685
1508.31898,0.17523
1506.39018,0.17013
1504.46139,0.13294
1502.53259,0.11470
1500.60379,0.11718
1498.67500,0.12834
1496.74620,0.13236
1494.81740,0.12729
1492.88861,0.13182
1490.95981,0.15240
1489.03101,0.16886
1487.10222,0.16469
1485.17342,0.15770
1483.24462,0.16127
1481.31583,0.17301
1479.38703,0.18835
1477.45823,0.20993
1475.52944,0.23872
1473.60064,0.26433
1471.67184,0.26922
1469.74305,0.26095
1467.81425,0.26208
1465.88545,0.27340
1463.95666,0.27925
1462.02786,0.28083
1460.09906,0.29407
1458.17027,0.31374
1456.24147,0.30337
1454.31267,0.27097
1452.38388,0.24733
1450.45508,0.23363
1448.52628,0.22234
1446.59749,0.20539
1444.66869,0.18624
1442.73989,0.17134
1440.81110,0.16309
1438.88230,0.16297
1436.95350,0.16232
1435.02471,0.14910
1433.09591,0.13500
1431.16711,0.12763
1429.23832,0.11984
1427.30952,0.11161
1425.38072,0.10873
1423.45193,0.10867
1421.52313,0.11122
1419.59433,0.11684
1417.66554,0.11095
1415.73674,0.09414
1413.80794,0.08245
1411.87915,0.07786
1409.95035,0.07523
1408.02155,0.07466
1406.09276,0.07682
1404.16396,0.07603
1402.23516,0.07412
1400.30637,0.07865
1398.37757,0.08599
1396.44877,0.08818
1394.51998,0.08182
1392.59118,0.07042
1390.66238,0.06527
1388.73359,0.06860
1386.80479,0.06917
1384.87599,0.06212
1382.94720,0.05648
1381.01840,0.05608
1379.08960,0.05831
1377.16081,0.06291
1375.23201,0.06822
1373.30321,0.06687
1371.37442,0.06038
1369.44562,0.05661
1367.51682,0.05568
1365.58803,0.05887
1363.65923,0.06611
1361.73043,0.06673
1359.80164,0.05871
1357.87284,0.05261
1355.94404,0.05107
1354.01525,0.05027
1352.08645,0.04914
1350.15765,0.04860
1348.22886,0.04804
1346.30006,0.04722
1344.37126,0.04821
1342.44247,0.05432
1340.51367,0.06343
1338.58487,0.06535
1336.65608,0.05787
1334.72728,0.05016
1332.79848,0.04676
1330.86969,0.04609
1328.94089,0.04592
1327.01209,0.04567
1325.08330,0.04569
1323.15450,0.04667
1321.22570,0.04919
1319.29691,0.05170
1317.36811,0.05183
1315.43931,0.05070
1313.51052,0.04963
1311.58172,0.04778
1309.65292,0.04586
1307.72413,0.04492
1305.79533,0.04429
1303.86653,0.04374
1301.93774,0.04349
1300.00894,0.04357
1298.08014,0.04385
1296.15135,0.04389
1294.22255,0.04365
1292.29375,0.04383
1290.36496,0.04468
1288.43616,0.04529
1286.50736,0.04482
1284.57857,0.04386
1282.64977,0.04346
1280.72097,0.04349
1278.79218,0.04341
1276.86338,0.04332
1274.93458,0.04377
1273.00579,0.04486
1271.07699,0.04569
1269.14820,0.04556
1267.21940,0.04493
1265.29060,0.04440
1263.36181,0.04435
1261.43301,0.04475
1259.50421,0.04476
1257.57542,0.04413
1255.64662,0.04365
1253.71782,0.04358
1251.78903,0.04365
1249.86023,0.04374
1247.93143,0.04388
1246.00264,0.04413
1244.07384,0.04434
1242.14504,0.04433
1240.21625,0.04427
1238.28745,0.04431
1236.35865,0.04441
1234.42986,0.04455
1232.50106,0.04470
1230.57226,0.04489
1228.64347,0.04525
1226.71467,0.04576
1224.78587,0.04614
1222.85708,0.04631
1220.92828,0.04657
1218.99948,0.04701
1217.07069,0.04747
1215.14189,0.04803
1213.21309,0.04875
1211.28430,0.04933
1209.35550,0.04974
1207.42670,0.05027
1205.49791,0.05098
1203.56911,0.05178
1201.64031,0.05270
1199.71152,0.05376
1197.78272,0.05494
1195.85392,0.05621
1193.92513,0.05768
1191.99633,0.05943
1190.06753,0.06149
1188.13874,0.06385
1186.20994,0.06636
1184.28114,0.06897
1182.35235,0.07194
1180.42355,0.07547
1178.49475,0.07951
1176.56596,0.08399
1174.63716,0.08868
1172.70836,0.09336
1170.77957,0.09810
1168.85077,0.10303
1166.92197,0.10790
1164.99318,0.11237
1163.06438,0.11620
1161.13558,0.11918
1159.20679,0.12112
1157.27799,0.12186
1155.34919,0.12135
1153.42040,0.11962
1151.49160,0.11680
1149.56280,0.11306
1147.63401,0.10863
1145.70521,0.10380
1143.77641,0.09885
1141.84762,0.09401
1139.91882,0.08942
1137.99002,0.08519
1136.06123,0.08125
1134.13243,0.07756
1132.20363,0.07422
1130.27484,0.07131
1128.34604,0.06878
1126.41724,0.06656
1124.48845,0.06464
1122.55965,0.06296
1120.63085,0.06147
1118.70206,0.06010
1116.77326,0.05888
1114.84446,0.05782
1112.91567,0.05692
1110.98687,0.05615
1109.05807,0.05547
1107.12928,0.05484
1105.20048,0.05429
1103.27168,0.05383
1101.34289,0.05347
1099.41409,0.05320
1097.48529,0.05304
1095.55650,0.05300
1093.62770,0.05307
1091.69890,0.05324
1089.77011,0.05348
1087.84131,0.05380
1085.91251,0.05420
1083.98372,0.05466
1082.05492,0.05516
1080.12612,0.05571
1078.19733,0.05630
1076.26853,0.05691
1074.33973,0.05750
1072.41094,0.05803
1070.48214,0.05848
1068.55334,0.05883
1066.62455,0.05906
1064.69575,0.05912
1062.76695,0.05898
1060.83816,0.05868
1058.90936,0.05826
1056.98056,0.05777
1055.05177,0.05722
1053.12297,0.05659
1051.19417,0.05589
1049.26538,0.05518
1047.33658,0.05450
1045.40778,0.05388
1043.47899,0.05331
1041.55019,0.05279
1039.62139,0.05227
1037.69260,0.05178
1035.76380,0.05134
1033.83500,0.05088
1031.90621,0.05041
1029.97741,0.04994
1028.04861,0.04948
1026.11982,0.04904
1024.19102,0.04863
1022.26222,0.04828
1020.33343,0.04801
1018.40463,0.04782
1016.47583,0.04768
1014.54704,0.04756
1012.61824,0.04744
1010.68944,0.04726
1008.76065,0.04691
1006.83185,0.04637
1004.90305,0.04571
1002.97426,0.04501
1001.04546,0.04434
999.11666,0.04379
997.18787,0.04336
995.25907,0.04305
993.33027,0.04277
991.40148,0.04250
989.47268,0.04224
987.54388,0.04199
985.61509,0.04171
983.68629,0.04140
981.75749,0.04107
979.82870,0.04074
977.89990,0.04041
975.97110,0.04007
974.04231,0.03970
972.11351,0.03932
970.18471,0.03892
968.25592,0.03852
966.32712,0.03814
964.39832,0.03775
962.46953,0.03733
960.54073,0.03690
958.61193,0.03650
956.68314,0.03613
954.75434,0.03577
952.82554,0.03542
950.89675,0.03507
948.96795,0.03471
947.03915,0.03434
945.11036,0.03400
943.18156,0.03366
941.25276,0.03331
939.32397,0.03295
937.39517,0.03262
935.46637,0.03231
933.53758,0.03199
931.60878,0.03162
929.67998,0.03122
927.75119,0.03080
925.82239,0.03037
923.89359,0.02994
921.96480,0.02948
920.03600,0.02899
918.10720,0.02851
916.17841,0.02804
914.24961,0.02757
912.32081,0.02711
910.39202,0.02664
908.46322,0.02616
906.53443,0.02568
904.60563,0.02524
902.67683,0.02485
900.74804,0.02448
898.81924,0.02412
896.89044,0.02374
894.96165,0.02336
893.03285,0.02297
891.10405,0.02260
889.17526,0.02221
887.24646,0.02179
885.31766,0.02137
883.38887,0.02099
881.46007,0.02060
879.53127,0.02021
877.60248,0.01983
875.67368,0.01942
873.74488,0.01902
871.81609,0.01867
869.88729,0.01833
867.95849,0.01800
866.02970,0.01769
864.10090,0.01732
862.17210,0.01693
860.24331,0.01661
858.31451,0.01635
856.38571,0.01612
854.45692,0.01595
852.52812,0.01579
850.59932,0.01559
848.67053,0.01538
846.74173,0.01522
844.81293,0.01510
842.88414,0.01503
840.95534,0.01501
839.02654,0.01496
837.09775,0.01485
835.16895,0.01477
833.24015,0.01478
831.31136,0.01481
829.38256,0.01477
827.45376,0.01479
825.52497,0.01484
823.59617,0.01484
821.66737,0.01485
819.73858,0.01492
817.80978,0.01498
815.88098,0.01508
813.95219,0.01528
812.02339,0.01551
810.09459,0.01575
808.16580,0.01607
806.23700,0.01649
804.30820,0.01698
802.37941,0.01756
800.45061,0.01837
798.52181,0.01941
796.59302,0.02044
794.66422,0.02140
792.73542,0.02243
790.80663,0.02360
788.87783,0.02472
786.94903,0.02555
785.02024,0.02594
783.09144,0.02588
781.16264,0.02536
779.23385,0.02453
777.30505,0.02364
775.37625,0.02260
773.44746,0.02134
771.51866,0.02016
769.58986,0.01934
767.66107,0.01884
765.73227,0.01854
763.80347,0.01817
761.87468,0.01759
759.94588,0.01716
758.01708,0.01729
756.08829,0.01770
754.15949,0.01786
752.23069,0.01770
750.30190,0.01749
748.37310,0.01771
