3496.90832,0.04290
3494.97953,0.04579
3493.05073,0.04671
3491.12193,0.04190
3489.19314,0.03906
3487.26434,0.04284
3485.33554,0.04641
3483.40675,0.04431
3481.47795,0.04205
3479.54915,0.04391
3477.62036,0.04650
3475.69156,0.04826
3473.76276,0.04810
3471.83397,0.04476
3469.90517,0.04086
3467.97637,0.04020
3466.04758,0.04584
3464.11878,0.05212
3462.18998,0.05086
3460.26119,0.04890
3458.33239,0.05317
3456.40359,0.05501
3454.47480,0.05039
3452.54600,0.04807
3450.61721,0.04993
3448.68841,0.05162
3446.75961,0.05216
3444.83082,0.04941
3442.90202,0.04319
3440.97322,0.03808
3439.04443,0.03676
3437.11563,0.03921
3435.18683,0.04113
3433.25804,0.03685
3431.32924,0.02821
3429.40044,0.02065
3427.47165,0.01620
3425.54285,0.01801
3423.61405,0.02500
3421.68526,0.03241
3419.75646,0.03705
3417.82766,0.03345
3415.89887,0.02404
3413.97007,0.01945
3412.04127,0.02093
3410.11248,0.02386
3408.18368,0.02982
3406.25488,0.03496
3404.32609,0.03098
3402.39729,0.02117
3400.46849,0.01293
3398.53970,0.01165
3396.61090,0.01839
3394.68210,0.02438
3392.75331,0.02543
3390.82451,0.02900
3388.89571,0.03911
3386.96692,0.04946
3385.03812,0.05385
3383.10932,0.05280
3381.18053,0.04852
3379.25173,0.04313
3377.32293,0.03848
3375.39414,0.03334
3373.46534,0.03102
3371.53654,0.03817
3369.60775,0.04959
3367.67895,0.05497
3365.75015,0.05250
3363.82136,0.04856
3361.89256,0.04910
3359.96376,0.05071
3358.03497,0.05074
3356.10617,0.04841
3354.17737,0.04107
3352.24858,0.03768
3350.31978,0.04504
3348.39098,0.05253
3346.46219,0.05357
3344.53339,0.05353
3342.60459,0.05447
3340.67580,0.05204
3338.74700,0.04647
3336.81820,0.04431
3334.88941,0.04774
3332.96061,0.05192
3331.03181,0.05475
3329.10302,0.05382
3327.17422,0.04541
3325.24542,0.03617
3323.31663,0.03485
3321.38783,0.03820
3319.45903,0.03999
3317.53024,0.03823
3315.60144,0.03329
3313.67264,0.03205
3311.74385,0.03661
3309.81505,0.03753
3307.88625,0.03293
3305.95746,0.02946
3304.02866,0.02643
3302.09986,0.02095
3300.17107,0.01521
3298.24227,0.00936
3296.31347,0.00330
3294.38468,0.00285
3292.45588,0.01014
3290.52708,0.01490
3288.59829,0.01150
3286.66949,0.00913
3284.74069,0.01283
3282.81190,0.01591
3280.88310,0.01444
3278.95430,0.01128
3277.02551,0.00759
3275.09671,0.00297
3273.16791,0.00339
3271.23912,0.01294
3269.31032,0.02094
3267.38152,0.01762
3265.45273,0.01185
3263.52393,0.01328
3261.59513,0.01710
3259.66634,0.01789
3257.73754,0.01534
3255.80874,0.01178
3253.87995,0.01197
3251.95115,0.01603
3250.02235,0.02009
3248.09356,0.02373
3246.16476,0.02688
3244.23596,0.02713
3242.30717,0.02569
3240.37837,0.02657
3238.44957,0.02915
3236.52078,0.03151
3234.59198,0.03393
3232.66318,0.03543
3230.73439,0.03482
3228.80559,0.03300
3226.87679,0.03189
3224.94800,0.03277
3223.01920,0.03390
3221.09040,0.03251
3219.16161,0.03052
3217.23281,0.02947
3215.30401,0.02706
3213.37522,0.02454
3211.44642,0.02638
3209.51762,0.03454
3207.58883,0.04486
3205.66003,0.04942
3203.73123,0.04652
3201.80244,0.04134
3199.87364,0.03652
3197.94484,0.03310
3196.01605,0.03326
3194.08725,0.03449
3192.15845,0.03558
3190.22966,0.03880
3188.30086,0.04000
3186.37206,0.03709
3184.44327,0.03442
3182.51447,0.03267
3180.58567,0.03153
3178.65688,0.03134
3176.72808,0.03088
3174.79928,0.03031
3172.87049,0.02846
3170.94169,0.02416
3169.01289,0.02169
3167.08410,0.02312
3165.15530,0.02349
3163.22650,0.02041
3161.29771,0.01675
3159.36891,0.01714
3157.44011,0.02293
3155.51132,0.02849
3153.58252,0.02892
3151.65372,0.02483
3149.72493,0.01972
3147.79613,0.01736
3145.86733,0.01720
3143.93854,0.01739
3142.00974,0.01964
3140.08094,0.02326
3138.15215,0.02361
3136.22335,0.02055
3134.29455,0.01873
3132.36576,0.01869
3130.43696,0.01718
3128.50816,0.01523
3126.57937,0.01639
3124.65057,0.01882
3122.72177,0.01922
3120.79298,0.01870
3118.86418,0.01831
3116.93538,0.01742
3115.00659,0.01588
3113.07779,0.01467
3111.14899,0.01444
3109.22020,0.01447
3107.29140,0.01485
3105.36260,0.01560
3103.43381,0.01571
3101.50501,0.01498
3099.57621,0.01356
3097.64742,0.01190
3095.71862,0.01082
3093.78982,0.01032
3091.86103,0.01047
3089.93223,0.01081
3088.00344,0.01080
3086.07464,0.01170
3084.14584,0.01386
3082.21705,0.01555
3080.28825,0.01534
3078.35945,0.01358
3076.43066,0.01254
3074.50186,0.01341
3072.57306,0.01457
3070.64427,0.01440
3068.71547,0.01326
3066.78667,0.01232
3064.85788,0.01236
3062.92908,0.01320
3061.00028,0.01363
3059.07149,0.01360
3057.14269,0.01407
3055.21389,0.01418
3053.28510,0.01300
3051.35630,0.01178
3049.42750,0.01163
3047.49871,0.01257
3045.56991,0.01427
3043.64111,0.01518
3041.71232,0.01469
3039.78352,0.01441
3037.85472,0.01488
3035.92593,0.01511
3033.99713,0.01492
3032.06833,0.01443
3030.13954,0.01376
3028.21074,0.01358
3026.28194,0.01391
3024.35315,0.01412
3022.42435,0.01430
3020.49555,0.01482
3018.56676,0.01539
3016.63796,0.01580
3014.70916,0.01626
3012.78037,0.01655
3010.85157,0.01635
3008.92277,0.01632
3006.99398,0.01740
3005.06518,0.01849
3003.13638,0.01785
3001.20759,0.01626
2999.27879,0.01545
2997.34999,0.01574
2995.42120,0.01651
2993.49240,0.01688
2991.56360,0.01674
2989.63481,0.01659
2987.70601,0.01659
2985.77721,0.01652
2983.84842,0.01615
2981.91962,0.01589
2979.99082,0.01603
2978.06203,0.01617
2976.13323,0.01599
2974.20443,0.01559
2972.27564,0.01526
2970.34684,0.01525
2968.41804,0.01539
2966.48925,0.01554
2964.56045,0.01598
2962.63165,0.01653
2960.70286,0.01675
2958.77406,0.01691
2956.84526,0.01733
2954.91647,0.01753
2952.98767,0.01724
2951.05887,0.01725
2949.13008,0.01792
2947.20128,0.01844
2945.27248,0.01822
2943.34369,0.01751
2941.41489,0.01687
2939.48609,0.01677
2937.55730,0.01709
2935.62850,0.01718
2933.69970,0.01690
2931.77091,0.01697
2929.84211,0.01735
2927.91331,0.01746
2925.98452,0.01738
2924.05572,0.01749
2922.12692,0.01785
2920.19813,0.01843
2918.26933,0.01906
2916.34053,0.01942
2914.41174,0.01937
2912.48294,0.01905
2910.55414,0.01861
2908.62535,0.01821
2906.69655,0.01836
2904.76775,0.01898
2902.83896,0.01915
2900.91016,0.01910
2898.98136,0.01949
2897.05257,0.01977
2895.12377,0.01959
2893.19497,0.01943
2891.26618,0.01958
2889.33738,0.01990
2887.40858,0.02011
2885.47979,0.02013
2883.55099,0.02014
2881.62219,0.02019
2879.69340,0.02020
2877.76460,0.02025
2875.83580,0.02042
2873.90701,0.02056
2871.97821,0.02067
2870.04941,0.02090
2868.12062,0.02101
2866.19182,0.02103
2864.26302,0.02138
2862.33423,0.02176
2860.40543,0.02183
2858.47663,0.02188
2856.54784,0.02202
2854.61904,0.02213
2852.69024,0.02234
2850.76145,0.02285
2848.83265,0.02347
2846.90385,0.02385
2844.97506,0.02404
2843.04626,0.02424
2841.11746,0.02440
2839.18867,0.02453
2837.25987,0.02464
2835.33107,0.02457
2833.40228,0.02437
2831.47348,0.02437
2829.54468,0.02467
2827.61589,0.02490
2825.68709,0.02485
2823.75829,0.02483
2821.82950,0.02504
2819.90070,0.02540
2817.97190,0.02585
2816.04311,0.02617
2814.11431,0.02613
2812.18551,0.02594
2810.25672,0.02582
2808.32792,0.02565
2806.39912,0.02544
2804.47033,0.02530
2802.54153,0.02523
2800.61273,0.02534
2798.68394,0.02555
2796.75514,0.02543
2794.82634,0.02511
2792.89755,0.02503
2790.96875,0.02496
2789.03995,0.02460
2787.11116,0.02426
2785.18236,0.02417
2783.25356,0.02411
2781.32477,0.02392
2779.39597,0.02363
2777.46717,0.02328
2775.53838,0.02296
2773.60958,0.02279
2771.68078,0.02293
2769.75199,0.02323
2767.82319,0.02312
2765.89439,0.02267
2763.96560,0.02248
2762.03680,0.02273
2760.10800,0.02314
2758.17921,0.02334
2756.25041,0.02313
2754.32161,0.02278
2752.39282,0.02264
2750.46402,0.02272
2748.53522,0.02280
2746.60643,0.02288
2744.67763,0.02306
2742.74883,0.02316
2740.82004,0.02303
2738.89124,0.02284
2736.96244,0.02282
2735.03365,0.02297
2733.10485,0.02300
2731.17605,0.02276
2729.24726,0.02251
2727.31846,0.02245
2725.38967,0.02249
2723.46087,0.02255
2721.53207,0.02263
2719.60328,0.02273
2717.67448,0.02293
2715.74568,0.02325
2713.81689,0.02355
2711.88809,0.02371
2709.95929,0.02364
2708.03050,0.02335
2706.10170,0.02308
2704.17290,0.02302
2702.24411,0.02310
2700.31531,0.02323
2698.38651,0.02327
2696.45772,0.02313
2694.52892,0.02307
2692.60012,0.02325
2690.67133,0.02342
2688.74253,0.02333
2686.81373,0.02311
2684.88494,0.02300
2682.95614,0.02290
2681.02734,0.02275
2679.09855,0.02268
2677.16975,0.02269
2675.24095,0.02274
2673.31216,0.02284
2671.38336,0.02287
2669.45456,0.02276
2667.52577,0.02277
2665.59697,0.02282
2663.66817,0.02271
2661.73938,0.02267
2659.81058,0.02288
2657.88178,0.02319
2655.95299,0.02338
2654.02419,0.02336
2652.09539,0.02314
2650.16660,0.02296
2648.23780,0.02297
2646.30900,0.02314
2644.38021,0.02340
2642.45141,0.02345
2640.52261,0.02323
2638.59382,0.02326
2636.66502,0.02360
2634.73622,0.02393
2632.80743,0.02409
2630.87863,0.02404
2628.94983,0.02409
2627.02104,0.02442
2625.09224,0.02462
2623.16344,0.02454
2621.23465,0.02462
2619.30585,0.02508
2617.37705,0.02567
2615.44826,0.02607
2613.51946,0.02611
2611.59066,0.02611
2609.66187,0.02642
2607.73307,0.02670
2605.80427,0.02667
2603.87548,0.02668
2601.94668,0.02684
2600.01788,0.02677
2598.08909,0.02669
2596.16029,0.02685
2594.23149,0.02680
2592.30270,0.02651
2590.37390,0.02645
2588.44510,0.02638
2586.51631,0.02613
2584.58751,0.02616
2582.65871,0.02640
2580.72992,0.02619
2578.80112,0.02555
2576.87232,0.02537
2574.94353,0.02578
2573.01473,0.02622
2571.08593,0.02654
2569.15714,0.02681
2567.22834,0.02695
2565.29954,0.02695
2563.37075,0.02703
2561.44195,0.02719
2559.51315,0.02713
2557.58436,0.02683
2555.65556,0.02673
2553.72676,0.02704
2551.79797,0.02730
2549.86917,0.02705
2547.94037,0.02671
2546.01158,0.02672
2544.08278,0.02683
2542.15398,0.02670
2540.22519,0.02643
2538.29639,0.02638
2536.36759,0.02658
2534.43880,0.02688
2532.51000,0.02713
2530.58120,0.02727
2528.65241,0.02724
2526.72361,0.02688
2524.79481,0.02653
2522.86602,0.02650
2520.93722,0.02626
2519.00842,0.02576
2517.07963,0.02579
2515.15083,0.02659
2513.22203,0.02742
2511.29324,0.02756
2509.36444,0.02703
2507.43564,0.02654
2505.50685,0.02642
2503.57805,0.02634
2501.64925,0.02622
2499.72046,0.02615
2497.79166,0.02601
2495.86286,0.02580
2493.93407,0.02556
2492.00527,0.02530
2490.07647,0.02530
2488.14768,0.02570
2486.21888,0.02608
2484.29008,0.02596
2482.36129,0.02559
2480.43249,0.02561
2478.50369,0.02597
2476.57490,0.02607
2474.64610,0.02575
2472.71730,0.02537
2470.78851,0.02515
2468.85971,0.02521
2466.93091,0.02555
2465.00212,0.02579
2463.07332,0.02577
2461.14452,0.02558
2459.21573,0.02534
2457.28693,0.02542
2455.35813,0.02567
2453.42934,0.02540
2451.50054,0.02484
2449.57174,0.02469
2447.64295,0.02479
2445.71415,0.02485
2443.78535,0.02499
2441.85656,0.02503
2439.92776,0.02469
2437.99896,0.02420
2436.07017,0.02394
2434.14137,0.02394
2432.21257,0.02407
2430.28378,0.02417
2428.35498,0.02413
2426.42618,0.02393
2424.49739,0.02361
2422.56859,0.02335
2420.63979,0.02330
2418.71100,0.02324
2416.78220,0.02307
2414.85340,0.02288
2412.92461,0.02272
2410.99581,0.02257
2409.06701,0.02241
2407.13822,0.02212
2405.20942,0.02165
2403.28062,0.02135
2401.35183,0.02116
2399.42303,0.02067
2397.49423,0.02012
2395.56544,0.01986
2393.63664,0.01986
2391.70784,0.01996
2389.77905,0.02033
2387.85025,0.02171
2385.92145,0.02486
2383.99266,0.03005
2382.06386,0.03716
2380.13506,0.04604
2378.20627,0.05621
2376.27747,0.06677
2374.34867,0.07728
2372.41988,0.08780
2370.49108,0.09848
2368.56228,0.10860
2366.63349,0.11696
2364.70469,0.12322
2362.77589,0.12766
2360.84710,0.13005
2358.91830,0.12899
2356.98951,0.12333
2355.06071,0.11335
2353.13191,0.09989
2351.20312,0.08618
2349.27432,0.07902
2347.34552,0.08241
2345.41673,0.09216
2343.48793,0.09870
2341.55913,0.09944
2339.63034,0.09772
2337.70154,0.09545
2335.77274,0.09373
2333.84395,0.09311
2331.91515,0.09290
2329.98635,0.09131
2328.05756,0.08822
2326.12876,0.08575
2324.19996,0.08453
2322.27117,0.08239
2320.34237,0.07745
2318.41357,0.07103
2316.48478,0.06589
2314.55598,0.06277
2312.62718,0.06002
2310.69839,0.05641
2308.76959,0.05234
2306.84079,0.04828
2304.91200,0.04431
2302.98320,0.04073
2301.05440,0.03779
2299.12561,0.03540
2297.19681,0.03342
2295.26801,0.03160
2293.33922,0.02979
2291.41042,0.02849
2289.48162,0.02796
2287.55283,0.02763
2285.62403,0.02723
2283.69523,0.02697
2281.76644,0.02708
2279.83764,0.02799
2277.90884,0.02940
2275.98005,0.03042
2274.05125,0.03085
2272.12245,0.03081
2270.19366,0.03085
2268.26486,0.03163
2266.33606,0.03271
2264.40727,0.03352
2262.47847,0.03424
2260.54967,0.03439
2258.62088,0.03381
2256.69208,0.03345
2254.76328,0.03339
2252.83449,0.03304
2250.90569,0.03281
2248.97689,0.03355
2247.04810,0.03518
2245.11930,0.03643
2243.19050,0.03637
2241.26171,0.03586
2239.33291,0.03604
2237.40411,0.03651
2235.47532,0.03660
2233.54652,0.03658
2231.61772,0.03722
2229.68893,0.03897
2227.76013,0.04112
2225.83133,0.04236
2223.90254,0.04252
2221.97374,0.04214
2220.04494,0.04173
2218.11615,0.04201
2216.18735,0.04317
2214.25855,0.04460
2212.32976,0.04528
2210.40096,0.04438
2208.47216,0.04357
2206.54337,0.04512
2204.61457,0.04673
2202.68577,0.04596
2200.75698,0.04585
2198.82818,0.04806
2196.89938,0.04944
2194.97059,0.04855
2193.04179,0.04794
2191.11299,0.04963
2189.18420,0.05160
2187.25540,0.05200
2185.32660,0.05292
2183.39781,0.05522
2181.46901,0.05698
2179.54021,0.05751
2177.61142,0.05775
2175.68262,0.05880
2173.75382,0.05963
2171.82503,0.05983
2169.89623,0.06174
2167.96743,0.06503
2166.03864,0.06725
2164.10984,0.06867
2162.18104,0.07089
2160.25225,0.07342
2158.32345,0.07330
2156.39465,0.06974
2154.46586,0.06430
2152.53706,0.05808
2150.60826,0.05240
2148.67947,0.04848
2146.75067,0.04570
2144.82187,0.04258
2142.89308,0.03991
2140.96428,0.03901
2139.03548,0.03848
2137.10669,0.03630
2135.17789,0.03290
2133.24909,0.02970
2131.32030,0.02723
2129.39150,0.02557
2127.46270,0.02471
2125.53391,0.02422
2123.60511,0.02338
2121.67631,0.02236
2119.74752,0.02169
2117.81872,0.02136
2115.88992,0.02110
2113.96113,0.02049
2112.03233,0.02002
2110.10353,0.02052
2108.17474,0.02142
2106.24594,0.02186
2104.31714,0.02176
2102.38835,0.02129
2100.45955,0.02118
2098.53075,0.02174
2096.60196,0.02222
2094.67316,0.02220
2092.74436,0.02194
2090.81557,0.02153
2088.88677,0.02106
2086.95797,0.02108
2085.02918,0.02168
2083.10038,0.02215
2081.17158,0.02236
2079.24279,0.02260
2077.31399,0.02281
2075.38519,0.02267
2073.45640,0.02220
2071.52760,0.02197
2069.59880,0.02267
2067.67001,0.02462
2065.74121,0.02652
2063.81241,0.02648
2061.88362,0.02531
2059.95482,0.02497
2058.02602,0.02567
2056.09723,0.02631
2054.16843,0.02654
2052.23963,0.02751
2050.31084,0.02959
2048.38204,0.03164
2046.45324,0.03327
2044.52445,0.03504
2042.59565,0.03642
2040.66685,0.03665
2038.73806,0.03705
2036.80926,0.03940
2034.88046,0.04234
2032.95167,0.04337
2031.02287,0.04258
2029.09407,0.04138
2027.16528,0.04070
2025.23648,0.04071
2023.30768,0.04154
2021.37889,0.04327
2019.45009,0.04527
2017.52129,0.04510
2015.59250,0.04115
2013.66370,0.03678
2011.73490,0.03507
2009.80611,0.03531
2007.87731,0.03582
2005.94851,0.03532
2004.01972,0.03360
2002.09092,0.03141
2000.16212,0.02980
1998.23333,0.02944
1996.30453,0.03046
1994.37574,0.03255
1992.44694,0.03369
1990.51814,0.03215
1988.58935,0.03013
1986.66055,0.02944
1984.73175,0.02902
1982.80296,0.02860
1980.87416,0.02894
1978.94536,0.02943
1977.01657,0.02916
1975.08777,0.02940
1973.15897,0.03043
1971.23018,0.03122
1969.30138,0.03209
1967.37258,0.03227
1965.44379,0.03075
1963.51499,0.02853
1961.58619,0.02613
1959.65740,0.02377
1957.72860,0.02233
1955.79980,0.02128
1953.87101,0.01981
1951.94221,0.01839
1950.01341,0.01749
1948.08462,0.01784
1946.15582,0.02058
1944.22702,0.02422
1942.29823,0.02389
1940.36943,0.01909
1938.44063,0.01530
1936.51184,0.01453
1934.58304,0.01475
1932.65424,0.01438
1930.72545,0.01379
1928.79665,0.01366
1926.86785,0.01474
1924.93906,0.01764
1923.01026,0.01981
1921.08146,0.01976
1919.15267,0.01949
1917.22387,0.01796
1915.29507,0.01462
1913.36628,0.01308
1911.43748,0.01449
1909.50868,0.01593
1907.57989,0.01510
1905.65109,0.01322
1903.72229,0.01220
1901.79350,0.01187
1899.86470,0.01185
1897.93590,0.01294
1896.00711,0.01460
1894.07831,0.01509
1892.14951,0.01595
1890.22072,0.01773
1888.29192,0.01673
1886.36312,0.01379
1884.43433,0.01208
1882.50553,0.01122
1880.57673,0.01076
1878.64794,0.01063
1876.71914,0.01052
1874.79034,0.01086
1872.86155,0.01388
1870.93275,0.02119
1869.00395,0.02710
1867.07516,0.02372
1865.14636,0.01604
1863.21756,0.01179
1861.28877,0.01095
1859.35997,0.01086
1857.43117,0.01047
1855.50238,0.01002
1853.57358,0.00998
1851.64478,0.01105
1849.71599,0.01413
1847.78719,0.01932
1845.85839,0.02539
1843.92960,0.02641
1842.00080,0.01998
1840.07200,0.01454
1838.14321,0.01341
1836.21441,0.01330
1834.28561,0.01387
1832.35682,0.01861
1830.42802,0.02485
1828.49922,0.02552
1826.57043,0.02317
1824.64163,0.02027
1822.71283,0.01533
1820.78404,0.01166
1818.85524,0.01108
1816.92644,0.01121
1814.99765,0.01195
1813.06885,0.01507
1811.14005,0.01800
1809.21126,0.01694
1807.28246,0.01407
1805.35366,0.01403
1803.42487,0.01840
1801.49607,0.02335
1799.56727,0.02364
1797.63848,0.02166
1795.70968,0.02342
1793.78088,0.02936
1791.85209,0.03093
1789.92329,0.02321
1787.99449,0.01647
1786.06570,0.01584
1784.13690,0.01763
1782.20810,0.01948
1780.27931,0.02003
1778.35051,0.01899
1776.42171,0.02112
1774.49292,0.02925
1772.56412,0.03680
1770.63532,0.03448
1768.70653,0.02630
1766.77773,0.01902
1764.84893,0.01699
1762.92014,0.02048
1760.99134,0.02265
1759.06254,0.02190
1757.13375,0.02116
1755.20495,0.02039
1753.27615,0.02449
1751.34736,0.03521
1749.41856,0.04154
1747.48976,0.03777
1745.56097,0.03233
1743.63217,0.03003
1741.70337,0.02974
1739.77458,0.02873
1737.84578,0.02860
1735.91698,0.03538
1733.98819,0.04349
1732.05939,0.03824
1730.13059,0.02707
1728.20180,0.01799
1726.27300,0.01385
1724.34420,0.01482
1722.41541,0.01856
1720.48661,0.02840
1718.55781,0.04566
1716.62902,0.05402
1714.70022,0.04416
1712.77142,0.03229
1710.84263,0.02799
1708.91383,0.03247
1706.98503,0.04298
1705.05624,0.05239
1703.12744,0.06068
1701.19864,0.07530
1699.26985,0.08909
1697.34105,0.09266
1695.41225,0.08995
1693.48346,0.08661
1691.55466,0.09253
1689.62586,0.10857
1687.69707,0.12906
1685.76827,0.15707
1683.83947,0.18579
1681.91068,0.19268
1679.98188,0.19355
1678.05308,0.20303
1676.12429,0.22119
1674.19549,0.24044
1672.26669,0.25673
1670.33790,0.27305
1668.40910,0.28010
1666.48030,0.27875
1664.55151,0.28337
1662.62271,0.29117
1660.69391,0.29181
1658.76512,0.29134
1656.83632,0.30032
1654.90752,0.32147
1652.97873,0.33480
1651.04993,0.32483
1649.12113,0.32415
1647.19234,0.33195
1645.26354,0.32819
1643.33474,0.32173
1641.40595,0.32748
1639.47715,0.34621
1637.54835,0.37607
1635.61956,0.40561
1633.69076,0.41642
1631.76197,0.42368
1629.83317,0.44138
1627.90437,0.46421
1625.97558,0.48383
1624.04678,0.49885
1622.11798,0.50501
1620.18919,0.50623
1618.26039,0.51140
1616.33159,0.51226
1614.40280,0.50311
1612.47400,0.49742
1610.54520,0.49963
1608.61641,0.50558
1606.68761,0.51219
1604.75881,0.52099
1602.83002,0.53227
1600.90122,0.54351
1598.97242,0.55410
1597.04363,0.56436
1595.11483,0.57197
1593.18603,0.57391
1591.25724,0.57035
1589.32844,0.56193
1587.39964,0.54899
1585.47085,0.53247
1583.54205,0.51284
1581.61325,0.49218
1579.68446,0.47578
1577.75566,0.46160
1575.82686,0.43425
1573.89807,0.40167
1571.96927,0.38119
1570.04047,0.36295
1568.11168,0.33754
1566.18288,0.31363
1564.25408,0.29704
1562.32529,0.29301
1560.39649,0.30300
1558.46769,0.29594
1556.53890,0.26156
1554.61010,0.23439
1552.68130,0.21686
1550.75251,0.20482
1548.82371,0.19454
1546.89491,0.19064
1544.96612,0.19742
1543.03732,0.20933
1541.10852,0.21410
1539.17973,0.19334
1537.25093,0.16828
1535.32213,0.15981
1533.39334,0.15637
1531.46454,0.14694
1529.53574,0.14182
1527.60695,0.14530
1525.67815,0.15024
1523.74935,0.15559
1521.82056,0.15936
1519.89176,0.15509
1517.96296,0.14850
1516.03417,0.13975
1514.10537,0.12997
1512.17657,0.12953
1510.24778,0.14333
1508.31898,0.16433
1506.39018,0.16082
1504.46139,0.13333
1502.53259,0.11986
1500.60379,0.12233
1498.67500,0.13174
1496.74620,0.13626
1494.81740,0.13420
1492.88861,0.13939
1490.95981,0.15714
1489.03101,0.17280
1487.10222,0.17375
1485.17342,0.17266
1483.24462,0.17977
1481.31583,0.19368
1479.38703,0.21073
1477.45823,0.23264
1475.52944,0.26027
1473.60064,0.28626
1471.67184,0.29749
1469.74305,0.29742
1467.81425,0.30304
1465.88545,0.31642
1463.95666,0.32544
1462.02786,0.32976
1460.09906,0.34148
1458.17027,0.35685
1456.24147,0.34815
1454.31267,0.32164
1452.38388,0.30077
1450.45508,0.28627
1448.52628,0.27224
1446.59749,0.25313
1444.66869,0.23249
1442.73989,0.21512
1440.81110,0.20295
1438.88230,0.19723
1436.95350,0.19032
1435.02471,0.17413
1433.09591,0.15893
1431.16711,0.14939
1429.23832,0.13960
1427.30952,0.12999
1425.38072,0.12485
1423.45193,0.12217
1421.52313,0.12200
1419.59433,0.12412
1417.66554,0.11746
1415.73674,0.10315
1413.80794,0.09301
1411.87915,0.08823
1409.95035,0.08501
1408.02155,0.08347
1406.09276,0.08401
1404.16396,0.08236
1402.23516,0.08002
1400.30637,0.08254
1398.37757,0.08709
1396.44877,0.08789
1394.51998,0.08245
1392.59118,0.07326
1390.66238,0.06877
1388.73359,0.07064
1386.80479,0.07044
1384.87599,0.06470
1382.94720,0.06009
1381.01840,0.05940
1379.08960,0.06069
1377.16081,0.06380
1375.23201,0.06752
1373.30321,0.06630
1371.37442,0.06124
1369.44562,0.05817
1367.51682,0.05729
1365.58803,0.05952
1363.65923,0.06474
1361.73043,0.06500
1359.80164,0.05887
1357.87284,0.05418
1355.94404,0.05288
1354.01525,0.05213
1352.08645,0.05112
1350.15765,0.05056
1348.22886,0.05001
1346.30006,0.04928
1344.37126,0.04987
1342.44247,0.05424
1340.51367,0.06081
1338.58487,0.06216
1336.65608,0.05672
1334.72728,0.05113
1332.79848,0.04866
1330.86969,0.04813
1328.94089,0.04791
1327.01209,0.04758
1325.08330,0.04745
1323.15450,0.04803
1321.22570,0.04977
1319.29691,0.05150
1317.36811,0.05150
1315.43931,0.05059
1313.51052,0.04975
1311.58172,0.04835
1309.65292,0.04689
1307.72413,0.04613
1305.79533,0.04560
1303.86653,0.04515
1301.93774,0.04490
1300.00894,0.04486
1298.08014,0.04493
1296.15135,0.04482
1294.22255,0.04454
1292.29375,0.04461
1290.36496,0.04519
1288.43616,0.04557
1286.50736,0.04517
1284.57857,0.04445
1282.64977,0.04418
1280.72097,0.04425
1278.79218,0.04425
1276.86338,0.04425
1274.93458,0.04464
1273.00579,0.04550
1271.07699,0.04615
1269.14820,0.04611
1267.21940,0.04570
1265.29060,0.04536
1263.36181,0.04536
1261.43301,0.04568
1259.50421,0.04572
1257.57542,0.04530
1255.64662,0.04498
1253.71782,0.04494
1251.78903,0.04499
1249.86023,0.04504
1247.93143,0.04510
1246.00264,0.04525
1244.07384,0.04540
1242.14504,0.04542
1240.21625,0.04539
1238.28745,0.04543
1236.35865,0.04554
1234.42986,0.04569
1232.50106,0.04589
1230.57226,0.04615
1228.64347,0.04654
1226.71467,0.04706
1224.78587,0.04751
1222.85708,0.04784
1220.92828,0.04825
1218.99948,0.04882
1217.07069,0.04941
1215.14189,0.05008
1213.21309,0.05088
1211.28430,0.05161
1209.35550,0.05222
1207.42670,0.05293
1205.49791,0.05378
1203.56911,0.05474
1201.64031,0.05584
1199.71152,0.05711
1197.78272,0.05852
1195.85392,0.06007
1193.92513,0.06188
1191.99633,0.06401
1190.06753,0.06652
1188.13874,0.06940
1186.20994,0.07253
1184.28114,0.07591
1182.35235,0.07974
1180.42355,0.08418
1178.49475,0.08921
1176.56596,0.09468
1174.63716,0.10045
1172.70836,0.10635
1170.77957,0.11239
1168.85077,0.11855
1166.92197,0.12457
1164.99318,0.13013
1163.06438,0.13493
1161.13558,0.13870
1159.20679,0.14115
1157.27799,0.14211
1155.34919,0.14153
1153.42040,0.13948
1151.49160,0.13606
1149.56280,0.13147
1147.63401,0.12604
1145.70521,0.12012
1143.77641,0.11402
1141.84762,0.10799
1139.91882,0.10222
1137.99002,0.09687
1136.06123,0.09196
1134.13243,0.08746
1132.20363,0.08339
1130.27484,0.07978
1128.34604,0.07662
1126.41724,0.07387
1124.48845,0.07147
1122.55965,0.06937
1120.63085,0.06751
1118.70206,0.06582
1116.77326,0.06432
1114.84446,0.06300
1112.91567,0.06184
1110.98687,0.06080
1109.05807,0.05986
1107.12928,0.05901
1105.20048,0.05827
1103.27168,0.05766
1101.34289,0.05714
1099.41409,0.05671
1097.48529,0.05642
1095.55650,0.05627
1093.62770,0.05625
1091.69890,0.05635
1089.77011,0.05656
1087.84131,0.05689
1085.91251,0.05729
1083.98372,0.05776
1082.05492,0.05827
1080.12612,0.05886
1078.19733,0.05951
1076.26853,0.06016
1074.33973,0.06077
1072.41094,0.06133
1070.48214,0.06183
1068.55334,0.06223
1066.62455,0.06249
1064.69575,0.06256
1062.76695,0.06243
1060.83816,0.06212
1058.90936,0.06166
1056.98056,0.06111
1055.05177,0.06047
1053.12297,0.05971
1051.19417,0.05889
1049.26538,0.05805
1047.33658,0.05724
1045.40778,0.05646
1043.47899,0.05573
1041.55019,0.05506
1039.62139,0.05444
1037.69260,0.05384
1035.76380,0.05326
1033.83500,0.05271
1031.90621,0.05216
1029.97741,0.05163
1028.04861,0.05112
1026.11982,0.05065
1024.19102,0.05022
1022.26222,0.04985
1020.33343,0.04956
1018.40463,0.04933
1016.47583,0.04914
1014.54704,0.04897
1012.61824,0.04878
1010.68944,0.04849
1008.76065,0.04802
1006.83185,0.04735
1004.90305,0.04654
1002.97426,0.04567
1001.04546,0.04483
999.11666,0.04413
997.18787,0.04360
995.25907,0.04321
993.33027,0.04288
991.40148,0.04258
989.47268,0.04229
987.54388,0.04200
985.61509,0.04166
983.68629,0.04129
981.75749,0.04091
979.82870,0.04052
977.89990,0.04012
975.97110,0.03969
974.04231,0.03924
972.11351,0.03878
970.18471,0.03829
968.25592,0.03778
966.32712,0.03724
964.39832,0.03668
962.46953,0.03610
960.54073,0.03553
958.61193,0.03499
956.68314,0.03447
954.75434,0.03398
952.82554,0.03349
950.89675,0.03303
948.96795,0.03258
947.03915,0.03216
945.11036,0.03172
943.18156,0.03129
941.25276,0.03089
939.32397,0.03053
937.39517,0.03016
935.46637,0.02979
933.53758,0.02942
931.60878,0.02899
929.67998,0.02850
927.75119,0.02799
925.82239,0.02747
923.89359,0.02693
921.96480,0.02634
920.03600,0.02571
918.10720,0.02505
916.17841,0.02438
914.24961,0.02371
912.32081,0.02307
910.39202,0.02245
908.46322,0.02179
906.53443,0.02113
904.60563,0.02054
902.67683,0.02003
900.74804,0.01957
898.81924,0.01912
896.89044,0.01866
894.96165,0.01819
893.03285,0.01772
891.10405,0.01723
889.17526,0.01674
887.24646,0.01623
885.31766,0.01570
883.38887,0.01518
881.46007,0.01468
879.53127,0.01421
877.60248,0.01375
875.67368,0.01326
873.74488,0.01276
871.81609,0.01230
869.88729,0.01186
867.95849,0.01140
866.02970,0.01087
864.10090,0.01025
862.17210,0.00964
860.24331,0.00918
858.31451,0.00880
856.38571,0.00845
854.45692,0.00817
852.52812,0.00792
850.59932,0.00767
848.67053,0.00746
846.74173,0.00727
844.81293,0.00712
842.88414,0.00705
840.95534,0.00701
839.02654,0.00693
837.09775,0.00679
835.16895,0.00666
833.24015,0.00664
831.31136,0.00669
829.38256,0.00673
827.45376,0.00672
825.52497,0.00668
823.59617,0.00669
821.66737,0.00671
819.73858,0.00670
817.80978,0.00670
815.88098,0.00679
813.95219,0.00691
812.02339,0.00704
810.09459,0.00723
808.16580,0.00747
806.23700,0.00780
804.30820,0.00834
802.37941,0.00911
800.45061,0.01015
798.52181,0.01145
796.59302,0.01277
794.66422,0.01407
792.73542,0.01551
790.80663,0.01703
788.87783,0.01835
786.94903,0.01927
785.02024,0.01970
783.09144,0.01950
781.16264,0.01861
779.23385,0.01726
777.30505,0.01576
775.37625,0.01423
773.44746,0.01267
771.51866,0.01125
769.58986,0.01006
767.66107,0.00913
765.73227,0.00847
763.80347,0.00794
761.87468,0.00739
759.94588,0.00698
758.01708,0.00691
756.08829,0.00700
754.15949,0.00692
752.23069,0.00664
750.30190,0.00646
748.37310,0.00655
