3496.90832,0.04761
3494.97953,0.04193
3493.05073,0.03990
3491.12193,0.04367
3489.19314,0.05093
3487.26434,0.05526
3485.33554,0.04854
3483.40675,0.03933
3481.47795,0.04101
3479.54915,0.04946
3477.62036,0.05734
3475.69156,0.06448
3473.76276,0.06587
3471.83397,0.05730
3469.90517,0.04791
3467.97637,0.04552
3466.04758,0.04639
3464.11878,0.04662
3462.18998,0.04502
3460.26119,0.04172
3458.33239,0.03842
3456.40359,0.03724
3454.47480,0.04061
3452.54600,0.04579
3450.61721,0.04724
3448.68841,0.04543
3446.75961,0.04612
3444.83082,0.05049
3442.90202,0.05044
3440.97322,0.04345
3439.04443,0.03761
3437.11563,0.03613
3435.18683,0.03476
3433.25804,0.03198
3431.32924,0.03061
3429.40044,0.03167
3427.47165,0.03320
3425.54285,0.03558
3423.61405,0.04076
3421.68526,0.04350
3419.75646,0.03962
3417.82766,0.03887
3415.89887,0.04606
3413.97007,0.05066
3412.04127,0.04653
3410.11248,0.03843
3408.18368,0.03088
3406.25488,0.02697
3404.32609,0.02722
3402.39729,0.02733
3400.46849,0.02663
3398.53970,0.02514
3396.61090,0.02049
3394.68210,0.01812
3392.75331,0.02274
3390.82451,0.02869
3388.89571,0.03357
3386.96692,0.03918
3385.03812,0.04048
3383.10932,0.03669
3381.18053,0.03753
3379.25173,0.04412
3377.32293,0.04888
3375.39414,0.05050
3373.46534,0.04927
3371.53654,0.04132
3369.60775,0.03220
3367.67895,0.03484
3365.75015,0.04614
3363.82136,0.05402
3361.89256,0.05436
3359.96376,0.04681
3358.03497,0.03724
3356.10617,0.03507
3354.17737,0.04312
3352.24858,0.05402
3350.31978,0.05752
3348.39098,0.05317
3346.46219,0.04700
3344.53339,0.04429
3342.60459,0.04611
3340.67580,0.04736
3338.74700,0.04356
3336.81820,0.03769
3334.88941,0.03439
3332.96061,0.03115
3331.03181,0.02856
3329.10302,0.03188
3327.17422,0.03568
3325.24542,0.03312
3323.31663,0.02794
3321.38783,0.02788
3319.45903,0.03488
3317.53024,0.04062
3315.60144,0.03880
3313.67264,0.03330
3311.74385,0.02703
3309.81505,0.02128
3307.88625,0.02202
3305.95746,0.02717
3304.02866,0.02716
3302.09986,0.02180
3300.17107,0.01613
3298.24227,0.01369
3296.31347,0.01735
3294.38468,0.02313
3292.45588,0.02312
3290.52708,0.01849
3288.59829,0.01563
3286.66949,0.01446
3284.74069,0.01423
3282.81190,0.01681
3280.88310,0.02191
3278.95430,0.02815
3277.02551,0.03041
3275.09671,0.02787
3273.16791,0.02864
3271.23912,0.03233
3269.31032,0.02960
3267.38152,0.02120
3265.45273,0.01464
3263.52393,0.01209
3261.59513,0.01399
3259.66634,0.01858
3257.73754,0.02128
3255.80874,0.02101
3253.87995,0.01809
3251.95115,0.01406
3250.02235,0.01165
3248.09356,0.00975
3246.16476,0.00761
3244.23596,0.00721
3242.30717,0.00776
3240.37837,0.01049
3238.44957,0.01983
3236.52078,0.03090
3234.59198,0.03494
3232.66318,0.03270
3230.73439,0.02975
3228.80559,0.02776
3226.87679,0.02334
3224.94800,0.01599
3223.01920,0.01444
3221.09040,0.02435
3219.16161,0.03669
3217.23281,0.04241
3215.30401,0.04334
3213.37522,0.04200
3211.44642,0.03943
3209.51762,0.03666
3207.58883,0.03477
3205.66003,0.03589
3203.73123,0.03781
3201.80244,0.03744
3199.87364,0.03522
3197.94484,0.03330
3196.01605,0.03318
3194.08725,0.03173
3192.15845,0.02815
3190.22966,0.02723
3188.30086,0.02782
3186.37206,0.02575
3184.44327,0.02316
3182.51447,0.02267
3180.58567,0.02421
3178.65688,0.02715
3176.72808,0.02822
3174.79928,0.02629
3172.87049,0.02498
3170.94169,0.02501
3169.01289,0.02303
3167.08410,0.02097
3165.15530,0.02352
3163.22650,0.02634
3161.29771,0.02352
3159.36891,0.01880
3157.44011,0.01863
3155.51132,0.02298
3153.58252,0.02607
3151.65372,0.02474
3149.72493,0.02123
3147.79613,0.01819
3145.86733,0.01627
3143.93854,0.01616
3142.00974,0.01841
3140.08094,0.02057
3138.15215,0.01995
3136.22335,0.01806
3134.29455,0.01783
3132.36576,0.01948
3130.43696,0.02128
3128.50816,0.02201
3126.57937,0.02169
3124.65057,0.02163
3122.72177,0.02288
3120.79298,0.02386
3118.86418,0.02307
3116.93538,0.02207
3115.00659,0.02174
3113.07779,0.02118
3111.14899,0.02043
3109.22020,0.01990
3107.29140,0.02017
3105.36260,0.02118
3103.43381,0.02150
3101.50501,0.02131
3099.57621,0.02090
3097.64742,0.01933
3095.71862,0.01819
3093.78982,0.01871
3091.86103,0.01888
3089.93223,0.01826
3088.00344,0.01856
3086.07464,0.02023
3084.14584,0.02205
3082.21705,0.02234
3080.28825,0.02120
3078.35945,0.02000
3076.43066,0.01913
3074.50186,0.01859
3072.57306,0.01866
3070.64427,0.01935
3068.71547,0.01975
3066.78667,0.01948
3064.85788,0.01914
3062.92908,0.01880
3061.00028,0.01867
3059.07149,0.01908
3057.14269,0.01961
3055.21389,0.02057
3053.28510,0.02160
3051.35630,0.02143
3049.42750,0.02018
3047.49871,0.01885
3045.56991,0.01851
3043.64111,0.01947
3041.71232,0.02087
3039.78352,0.02177
3037.85472,0.02231
3035.92593,0.02318
3033.99713,0.02410
3032.06833,0.02441
3030.13954,0.02423
3028.21074,0.02397
3026.28194,0.02410
3024.35315,0.02422
3022.42435,0.02397
3020.49555,0.02391
3018.56676,0.02397
3016.63796,0.02395
3014.70916,0.02417
3012.78037,0.02469
3010.85157,0.02531
3008.92277,0.02557
3006.99398,0.02536
3005.06518,0.02510
3003.13638,0.02483
3001.20759,0.02446
2999.27879,0.02406
2997.34999,0.02353
2995.42120,0.02317
2993.49240,0.02331
2991.56360,0.02369
2989.63481,0.02421
2987.70601,0.02464
2985.77721,0.02455
2983.84842,0.02431
2981.91962,0.02462
2979.99082,0.02545
2978.06203,0.02626
2976.13323,0.02658
2974.20443,0.02629
2972.27564,0.02584
2970.34684,0.02573
2968.41804,0.02574
2966.48925,0.02574
2964.56045,0.02590
2962.63165,0.02607
2960.70286,0.02614
2958.77406,0.02635
2956.84526,0.02692
2954.91647,0.02773
2952.98767,0.02820
2951.05887,0.02816
2949.13008,0.02805
2947.20128,0.02792
2945.27248,0.02760
2943.34369,0.02739
2941.41489,0.02732
2939.48609,0.02721
2937.55730,0.02722
2935.62850,0.02738
2933.69970,0.02751
2931.77091,0.02758
2929.84211,0.02746
2927.91331,0.02721
2925.98452,0.02728
2924.05572,0.02761
2922.12692,0.02785
2920.19813,0.02821
2918.26933,0.02881
2916.34053,0.02933
2914.41174,0.02945
2912.48294,0.02915
2910.55414,0.02875
2908.62535,0.02849
2906.69655,0.02828
2904.76775,0.02809
2902.83896,0.02799
2900.91016,0.02809
2898.98136,0.02852
2897.05257,0.02894
2895.12377,0.02874
2893.19497,0.02825
2891.26618,0.02832
2889.33738,0.02889
2887.40858,0.02921
2885.47979,0.02912
2883.55099,0.02921
2881.62219,0.02967
2879.69340,0.02993
2877.76460,0.02977
2875.83580,0.02970
2873.90701,0.02995
2871.97821,0.03011
2870.04941,0.02993
2868.12062,0.02991
2866.19182,0.03030
2864.26302,0.03085
2862.33423,0.03138
2860.40543,0.03171
2858.47663,0.03158
2856.54784,0.03102
2854.61904,0.03053
2852.69024,0.03045
2850.76145,0.03067
2848.83265,0.03101
2846.90385,0.03130
2844.97506,0.03160
2843.04626,0.03198
2841.11746,0.03227
2839.18867,0.03244
2837.25987,0.03263
2835.33107,0.03295
2833.40228,0.03322
2831.47348,0.03333
2829.54468,0.03342
2827.61589,0.03347
2825.68709,0.03350
2823.75829,0.03376
2821.82950,0.03414
2819.90070,0.03407
2817.97190,0.03356
2816.04311,0.03328
2814.11431,0.03341
2812.18551,0.03360
2810.25672,0.03364
2808.32792,0.03355
2806.39912,0.03351
2804.47033,0.03356
2802.54153,0.03340
2800.61273,0.03298
2798.68394,0.03269
2796.75514,0.03261
2794.82634,0.03247
2792.89755,0.03219
2790.96875,0.03203
2789.03995,0.03212
2787.11116,0.03226
2785.18236,0.03223
2783.25356,0.03206
2781.32477,0.03188
2779.39597,0.03176
2777.46717,0.03168
2775.53838,0.03158
2773.60958,0.03144
2771.68078,0.03135
2769.75199,0.03142
2767.82319,0.03157
2765.89439,0.03161
2763.96560,0.03147
2762.03680,0.03119
2760.10800,0.03090
2758.17921,0.03063
2756.25041,0.03038
2754.32161,0.03016
2752.39282,0.02999
2750.46402,0.03003
2748.53522,0.03030
2746.60643,0.03049
2744.67763,0.03043
2742.74883,0.03027
2740.82004,0.03022
2738.89124,0.03032
2736.96244,0.03056
2735.03365,0.03086
2733.10485,0.03100
2731.17605,0.03089
2729.24726,0.03084
2727.31846,0.03102
2725.38967,0.03107
2723.46087,0.03082
2721.53207,0.03074
2719.60328,0.03094
2717.67448,0.03106
2715.74568,0.03103
2713.81689,0.03102
2711.88809,0.03105
2709.95929,0.03097
2708.03050,0.03072
2706.10170,0.03057
2704.17290,0.03062
2702.24411,0.03059
2700.31531,0.03037
2698.38651,0.03029
2696.45772,0.03037
2694.52892,0.03047
2692.60012,0.03058
2690.67133,0.03067
2688.74253,0.03073
2686.81373,0.03077
2684.88494,0.03079
2682.95614,0.03082
2681.02734,0.03095
2679.09855,0.03113
2677.16975,0.03116
2675.24095,0.03106
2673.31216,0.03103
2671.38336,0.03104
2669.45456,0.03106
2667.52577,0.03110
2665.59697,0.03105
2663.66817,0.03093
2661.73938,0.03076
2659.81058,0.03052
2657.88178,0.03037
2655.95299,0.03034
2654.02419,0.03031
2652.09539,0.03034
2650.16660,0.03039
2648.23780,0.03042
2646.30900,0.03051
2644.38021,0.03071
2642.45141,0.03104
2640.52261,0.03133
2638.59382,0.03122
2636.66502,0.03097
2634.73622,0.03105
2632.80743,0.03146
2630.87863,0.03188
2628.94983,0.03203
2627.02104,0.03198
2625.09224,0.03200
2623.16344,0.03210
2621.23465,0.03213
2619.30585,0.03211
2617.37705,0.03211
2615.44826,0.03209
2613.51946,0.03202
2611.59066,0.03207
2609.66187,0.03218
2607.73307,0.03221
2605.80427,0.03213
2603.87548,0.03212
2601.94668,0.03225
2600.01788,0.03230
2598.08909,0.03231
2596.16029,0.03244
2594.23149,0.03242
2592.30270,0.03230
2590.37390,0.03258
2588.44510,0.03299
2586.51631,0.03283
2584.58751,0.03239
2582.65871,0.03228
2580.72992,0.03238
2578.80112,0.03259
2576.87232,0.03304
2574.94353,0.03342
2573.01473,0.03327
2571.08593,0.03301
2569.15714,0.03311
2567.22834,0.03322
2565.29954,0.03288
2563.37075,0.03220
2561.44195,0.03175
2559.51315,0.03197
2557.58436,0.03240
2555.65556,0.03241
2553.72676,0.03198
2551.79797,0.03170
2549.86917,0.03208
2547.94037,0.03265
2546.01158,0.03265
2544.08278,0.03239
2542.15398,0.03224
2540.22519,0.03201
2538.29639,0.03188
2536.36759,0.03196
2534.43880,0.03213
2532.51000,0.03241
2530.58120,0.03252
2528.65241,0.03250
2526.72361,0.03257
2524.79481,0.03243
2522.86602,0.03209
2520.93722,0.03191
2519.00842,0.03186
2517.07963,0.03184
2515.15083,0.03196
2513.22203,0.03204
2511.29324,0.03194
2509.36444,0.03194
2507.43564,0.03204
2505.50685,0.03204
2503.57805,0.03183
2501.64925,0.03150
2499.72046,0.03139
2497.79166,0.03143
2495.86286,0.03130
2493.93407,0.03132
2492.00527,0.03137
2490.07647,0.03091
2488.14768,0.03044
2486.21888,0.03057
2484.29008,0.03095
2482.36129,0.03114
2480.43249,0.03113
2478.50369,0.03127
2476.57490,0.03156
2474.64610,0.03164
2472.71730,0.03144
2470.78851,0.03125
2468.85971,0.03127
2466.93091,0.03136
2465.00212,0.03142
2463.07332,0.03155
2461.14452,0.03147
2459.21573,0.03105
2457.28693,0.03070
2455.35813,0.03051
2453.42934,0.03025
2451.50054,0.03010
2449.57174,0.03004
2447.64295,0.02977
2445.71415,0.02949
2443.78535,0.02943
2441.85656,0.02956
2439.92776,0.02992
2437.99896,0.03031
2436.07017,0.03023
2434.14137,0.02989
2432.21257,0.02993
2430.28378,0.03017
2428.35498,0.03016
2426.42618,0.03016
2424.49739,0.03035
2422.56859,0.03032
2420.63979,0.02999
2418.71100,0.02964
2416.78220,0.02940
2414.85340,0.02923
2412.92461,0.02886
2410.99581,0.02834
2409.06701,0.02816
2407.13822,0.02830
2405.20942,0.02821
2403.28062,0.02786
2401.35183,0.02758
2399.42303,0.02718
2397.49423,0.02667
2395.56544,0.02643
2393.63664,0.02657
2391.70784,0.02697
2389.77905,0.02792
2387.85025,0.03023
2385.92145,0.03498
2383.99266,0.04297
2382.06386,0.05448
2380.13506,0.06894
2378.20627,0.08496
2376.27747,0.10129
2374.34867,0.11784
2372.41988,0.13476
2370.49108,0.15166
2368.56228,0.16790
2366.63349,0.18267
2364.70469,0.19477
2362.77589,0.20291
2360.84710,0.20635
2358.91830,0.20436
2356.98951,0.19578
2355.06071,0.18036
2353.13191,0.15930
2351.20312,0.13797
2349.27432,0.12672
2347.34552,0.13161
2345.41673,0.14689
2343.48793,0.15767
2341.55913,0.15886
2339.63034,0.15608
2337.70154,0.15269
2335.77274,0.14989
2333.84395,0.14877
2331.91515,0.14867
2329.98635,0.14622
2328.05756,0.14075
2326.12876,0.13562
2324.19996,0.13225
2322.27117,0.12794
2320.34237,0.12003
2318.41357,0.10983
2316.48478,0.10077
2314.55598,0.09487
2312.62718,0.09075
2310.69839,0.08581
2308.76959,0.07952
2306.84079,0.07257
2304.91200,0.06581
2302.98320,0.06016
2301.05440,0.05568
2299.12561,0.05173
2297.19681,0.04830
2295.26801,0.04542
2293.33922,0.04267
2291.41042,0.04000
2289.48162,0.03772
2287.55283,0.03590
2285.62403,0.03446
2283.69523,0.03360
2281.76644,0.03354
2279.83764,0.03406
2277.90884,0.03483
2275.98005,0.03546
2274.05125,0.03580
2272.12245,0.03600
2270.19366,0.03613
2268.26486,0.03634
2266.33606,0.03700
2264.40727,0.03769
2262.47847,0.03757
2260.54967,0.03693
2258.62088,0.03681
2256.69208,0.03740
2254.76328,0.03799
2252.83449,0.03788
2250.90569,0.03713
2248.97689,0.03648
2247.04810,0.03620
2245.11930,0.03653
2243.19050,0.03746
2241.26171,0.03830
2239.33291,0.03912
2237.40411,0.03971
2235.47532,0.03945
2233.54652,0.03911
2231.61772,0.03916
2229.68893,0.03925
2227.76013,0.03915
2225.83133,0.03925
2223.90254,0.04021
2221.97374,0.04151
2220.04494,0.04207
2218.11615,0.04195
2216.18735,0.04158
2214.25855,0.04062
2212.32976,0.03940
2210.40096,0.03973
2208.47216,0.04156
2206.54337,0.04224
2204.61457,0.04125
2202.68577,0.04079
2200.75698,0.04178
2198.82818,0.04327
2196.89938,0.04401
2194.97059,0.04409
2193.04179,0.04435
2191.11299,0.04526
2189.18420,0.04715
2187.25540,0.04868
2185.32660,0.04857
2183.39781,0.04864
2181.46901,0.05052
2179.54021,0.05151
2177.61142,0.04987
2175.68262,0.04948
2173.75382,0.05083
2171.82503,0.05032
2169.89623,0.04993
2167.96743,0.05215
2166.03864,0.05467
2164.10984,0.05653
2162.18104,0.05880
2160.25225,0.06023
2158.32345,0.05988
2156.39465,0.05788
2154.46586,0.05417
2152.53706,0.05088
2150.60826,0.04852
2148.67947,0.04524
2146.75067,0.04200
2144.82187,0.04089
2142.89308,0.04057
2140.96428,0.03908
2139.03548,0.03748
2137.10669,0.03654
2135.17789,0.03512
2133.24909,0.03287
2131.32030,0.03094
2129.39150,0.02976
2127.46270,0.02871
2125.53391,0.02763
2123.60511,0.02663
2121.67631,0.02565
2119.74752,0.02486
2117.81872,0.02451
2115.88992,0.02475
2113.96113,0.02530
2112.03233,0.02579
2110.10353,0.02622
2108.17474,0.02647
2106.24594,0.02641
2104.31714,0.02638
2102.38835,0.02641
2100.45955,0.02609
2098.53075,0.02560
2096.60196,0.02528
2094.67316,0.02498
2092.74436,0.02466
2090.81557,0.02470
2088.88677,0.02534
2086.95797,0.02608
2085.02918,0.02631
2083.10038,0.02654
2081.17158,0.02720
2079.24279,0.02735
2077.31399,0.02691
2075.38519,0.02686
2073.45640,0.02728
2071.52760,0.02766
2069.59880,0.02796
2067.67001,0.02861
2065.74121,0.02937
2063.81241,0.02971
2061.88362,0.02973
2059.95482,0.02936
2058.02602,0.02844
2056.09723,0.02740
2054.16843,0.02723
2052.23963,0.02847
2050.31084,0.03078
2048.38204,0.03327
2046.45324,0.03484
2044.52445,0.03548
2042.59565,0.03605
2040.66685,0.03739
2038.73806,0.03847
2036.80926,0.03844
2034.88046,0.03938
2032.95167,0.04109
2031.02287,0.04078
2029.09407,0.03874
2027.16528,0.03747
2025.23648,0.03783
2023.30768,0.03835
2021.37889,0.03732
2019.45009,0.03562
2017.52129,0.03588
2015.59250,0.03737
2013.66370,0.03736
2011.73490,0.03625
2009.80611,0.03524
2007.87731,0.03362
2005.94851,0.03088
2004.01972,0.02824
2002.09092,0.02751
2000.16212,0.02866
1998.23333,0.02953
1996.30453,0.02899
1994.37574,0.02839
1992.44694,0.02916
1990.51814,0.03028
1988.58935,0.03056
1986.66055,0.03115
1984.73175,0.03220
1982.80296,0.03296
1980.87416,0.03398
1978.94536,0.03499
1977.01657,0.03490
1975.08777,0.03413
1973.15897,0.03280
1971.23018,0.03085
1969.30138,0.03039
1967.37258,0.03170
1965.44379,0.03193
1963.51499,0.03069
1961.58619,0.02957
1959.65740,0.02851
1957.72860,0.02702
1955.79980,0.02568
1953.87101,0.02513
1951.94221,0.02497
1950.01341,0.02463
1948.08462,0.02431
1946.15582,0.02435
1944.22702,0.02453
1942.29823,0.02428
1940.36943,0.02346
1938.44063,0.02240
1936.51184,0.02159
1934.58304,0.02140
1932.65424,0.02127
1930.72545,0.02093
1928.79665,0.02100
1926.86785,0.02127
1924.93906,0.02129
1923.01026,0.02118
1921.08146,0.02124
1919.15267,0.02153
1917.22387,0.02147
1915.29507,0.02082
1913.36628,0.02044
1911.43748,0.02059
1909.50868,0.02055
1907.57989,0.01998
1905.65109,0.01928
1903.72229,0.01888
1901.79350,0.01873
1899.86470,0.01872
1897.93590,0.01898
1896.00711,0.01929
1894.07831,0.01933
1892.14951,0.01938
1890.22072,0.01973
1888.29192,0.01995
1886.36312,0.01977
1884.43433,0.01962
1882.50553,0.01975
1880.57673,0.01985
1878.64794,0.01971
1876.71914,0.01954
1874.79034,0.01948
1872.86155,0.01965
1870.93275,0.02011
1869.00395,0.02037
1867.07516,0.01997
1865.14636,0.01937
1863.21756,0.01902
1861.28877,0.01877
1859.35997,0.01864
1857.43117,0.01856
1855.50238,0.01834
1853.57358,0.01812
1851.64478,0.01816
1849.71599,0.01849
1847.78719,0.01893
1845.85839,0.01930
1843.92960,0.01933
1842.00080,0.01901
1840.07200,0.01887
1838.14321,0.01898
1836.21441,0.01905
1834.28561,0.01907
1832.35682,0.01931
1830.42802,0.01957
1828.49922,0.01966
1826.57043,0.01978
1824.64163,0.01969
1822.71283,0.01925
1820.78404,0.01892
1818.85524,0.01892
1816.92644,0.01892
1814.99765,0.01881
1813.06885,0.01878
1811.14005,0.01876
1809.21126,0.01854
1807.28246,0.01822
1805.35366,0.01816
1803.42487,0.01848
1801.49607,0.01877
1799.56727,0.01867
1797.63848,0.01856
1795.70968,0.01877
1793.78088,0.01919
1791.85209,0.01932
1789.92329,0.01888
1787.99449,0.01862
1786.06570,0.01884
1784.13690,0.01911
1782.20810,0.01928
1780.27931,0.01929
1778.35051,0.01916
1776.42171,0.01917
1774.49292,0.01938
1772.56412,0.01949
1770.63532,0.01948
1768.70653,0.01936
1766.77773,0.01889
1764.84893,0.01855
1762.92014,0.01861
1760.99134,0.01865
1759.06254,0.01857
1757.13375,0.01844
1755.20495,0.01827
1753.27615,0.01851
1751.34736,0.01911
1749.41856,0.01919
1747.48976,0.01880
1745.56097,0.01857
1743.63217,0.01847
1741.70337,0.01830
1739.77458,0.01806
1737.84578,0.01815
1735.91698,0.01879
1733.98819,0.01943
1732.05939,0.01929
1730.13059,0.01881
1728.20180,0.01846
1726.27300,0.01837
1724.34420,0.01858
1722.41541,0.01894
1720.48661,0.01975
1718.55781,0.02106
1716.62902,0.02204
1714.70022,0.02240
1712.77142,0.02276
1710.84263,0.02369
1708.91383,0.02537
1706.98503,0.02792
1705.05624,0.03115
1703.12744,0.03474
1701.19864,0.03962
1699.26985,0.04571
1697.34105,0.05204
1695.41225,0.05967
1693.48346,0.06801
1691.55466,0.07697
1689.62586,0.08791
1687.69707,0.09966
1685.76827,0.11308
1683.83947,0.13051
1681.91068,0.14640
1679.98188,0.15918
1678.05308,0.17193
1676.12429,0.18608
1674.19549,0.20065
1672.26669,0.21298
1670.33790,0.22424
1668.40910,0.23471
1666.48030,0.24225
1664.55151,0.24801
1662.62271,0.25289
1660.69391,0.25606
1658.76512,0.25780
1656.83632,0.25916
1654.90752,0.26064
1652.97873,0.26150
1651.04993,0.26193
1649.12113,0.26386
1647.19234,0.26816
1645.26354,0.27451
1643.33474,0.28222
1641.40595,0.29229
1639.47715,0.30498
1637.54835,0.32081
1635.61956,0.34138
1633.69076,0.36189
1631.76197,0.37881
1629.83317,0.39519
1627.90437,0.41123
1625.97558,0.42436
1624.04678,0.43364
1622.11798,0.43885
1620.18919,0.44032
1618.26039,0.43935
1616.33159,0.43654
1614.40280,0.43369
1612.47400,0.43242
1610.54520,0.43322
1608.61641,0.43665
1606.68761,0.44269
1604.75881,0.45103
1602.83002,0.46084
1600.90122,0.47080
1598.97242,0.47972
1597.04363,0.48667
1595.11483,0.49074
1593.18603,0.49076
1591.25724,0.48630
1589.32844,0.47739
1587.39964,0.46444
1585.47085,0.44817
1583.54205,0.42925
1581.61325,0.40886
1579.68446,0.38867
1577.75566,0.36713
1575.82686,0.34194
1573.89807,0.31985
1571.96927,0.30224
1570.04047,0.28337
1568.11168,0.26430
1566.18288,0.24820
1564.25408,0.23436
1562.32529,0.22318
1560.39649,0.21202
1558.46769,0.19686
1556.53890,0.18423
1554.61010,0.17526
1552.68130,0.16707
1550.75251,0.15955
1548.82371,0.15260
1546.89491,0.14687
1544.96612,0.14226
1543.03732,0.13774
1541.10852,0.13253
1539.17973,0.12665
1537.25093,0.12243
1535.32213,0.11981
1533.39334,0.11701
1531.46454,0.11385
1529.53574,0.11141
1527.60695,0.10949
1525.67815,0.10743
1523.74935,0.10544
1521.82056,0.10354
1519.89176,0.10153
1517.96296,0.09972
1516.03417,0.09801
1514.10537,0.09651
1512.17657,0.09586
1510.24778,0.09621
1508.31898,0.09678
1506.39018,0.09608
1504.46139,0.09503
1502.53259,0.09550
1500.60379,0.09731
1498.67500,0.10014
1496.74620,0.10382
1494.81740,0.10798
1492.88861,0.11305
1490.95981,0.12018
1489.03101,0.12892
1487.10222,0.13768
1485.17342,0.14687
1483.24462,0.15745
1481.31583,0.16960
1479.38703,0.18259
1477.45823,0.19616
1475.52944,0.21038
1473.60064,0.22497
1471.67184,0.23863
1469.74305,0.24907
1467.81425,0.25725
1465.88545,0.26462
1463.95666,0.26992
1462.02786,0.27225
1460.09906,0.27255
1458.17027,0.26991
1456.24147,0.26198
1454.31267,0.25162
1452.38388,0.24110
1450.45508,0.22963
1448.52628,0.21675
1446.59749,0.20288
1444.66869,0.18956
1442.73989,0.17717
1440.81110,0.16602
1438.88230,0.15627
1436.95350,0.14602
1435.02471,0.13561
1433.09591,0.12728
1431.16711,0.12017
1429.23832,0.11332
1427.30952,0.10738
1425.38072,0.10246
1423.45193,0.09815
1421.52313,0.09461
1419.59433,0.09141
1417.66554,0.08764
1415.73674,0.08380
1413.80794,0.08060
1411.87915,0.07797
1409.95035,0.07565
1408.02155,0.07367
1406.09276,0.07196
1404.16396,0.07013
1402.23516,0.06848
1400.30637,0.06743
1398.37757,0.06667
1396.44877,0.06569
1394.51998,0.06428
1392.59118,0.06267
1390.66238,0.06164
1388.73359,0.06118
1386.80479,0.06041
1384.87599,0.05917
1382.94720,0.05816
1381.01840,0.05756
1379.08960,0.05709
1377.16081,0.05674
1375.23201,0.05645
1373.30321,0.05581
1371.37442,0.05488
1369.44562,0.05412
1367.51682,0.05361
1365.58803,0.05345
1363.65923,0.05357
1361.73043,0.05320
1359.80164,0.05224
1357.87284,0.05142
1355.94404,0.05096
1354.01525,0.05060
1352.08645,0.05027
1350.15765,0.05001
1348.22886,0.04981
1346.30006,0.04964
1344.37126,0.04966
1342.44247,0.05010
1340.51367,0.05079
1338.58487,0.05103
1336.65608,0.05064
1334.72728,0.05016
1332.79848,0.04993
1330.86969,0.04983
1328.94089,0.04968
1327.01209,0.04942
1325.08330,0.04912
1323.15450,0.04886
1321.22570,0.04871
1319.29691,0.04857
1317.36811,0.04832
1315.43931,0.04801
1313.51052,0.04770
1311.58172,0.04737
1309.65292,0.04707
1307.72413,0.04684
1305.79533,0.04665
1303.86653,0.04651
1301.93774,0.04645
1300.00894,0.04645
1298.08014,0.04651
1296.15135,0.04658
1294.22255,0.04664
1292.29375,0.04674
1290.36496,0.04690
1288.43616,0.04705
1286.50736,0.04710
1284.57857,0.04711
1282.64977,0.04712
1280.72097,0.04713
1278.79218,0.04711
1276.86338,0.04709
1274.93458,0.04710
1273.00579,0.04714
1271.07699,0.04714
1269.14820,0.04708
1267.21940,0.04698
1265.29060,0.04687
1263.36181,0.04676
1261.43301,0.04671
1259.50421,0.04669
1257.57542,0.04666
1255.64662,0.04666
1253.71782,0.04672
1251.78903,0.04685
1249.86023,0.04701
1247.93143,0.04719
1246.00264,0.04741
1244.07384,0.04766
1242.14504,0.04791
1240.21625,0.04813
1238.28745,0.04835
1236.35865,0.04858
1234.42986,0.04879
1232.50106,0.04898
1230.57226,0.04921
1228.64347,0.04946
1226.71467,0.04967
1224.78587,0.04986
1222.85708,0.05006
1220.92828,0.05031
1218.99948,0.05062
1217.07069,0.05094
1215.14189,0.05130
1213.21309,0.05172
1211.28430,0.05218
1209.35550,0.05266
1207.42670,0.05325
1205.49791,0.05396
1203.56911,0.05479
1201.64031,0.05577
1199.71152,0.05689
1197.78272,0.05816
1195.85392,0.05960
1193.92513,0.06124
1191.99633,0.06313
1190.06753,0.06525
1188.13874,0.06760
1186.20994,0.07020
1184.28114,0.07306
1182.35235,0.07623
1180.42355,0.07984
1178.49475,0.08388
1176.56596,0.08822
1174.63716,0.09278
1172.70836,0.09756
1170.77957,0.10249
1168.85077,0.10745
1166.92197,0.11225
1164.99318,0.11669
1163.06438,0.12056
1161.13558,0.12357
1159.20679,0.12548
1157.27799,0.12616
1155.34919,0.12555
1153.42040,0.12374
1151.49160,0.12088
1149.56280,0.11713
1147.63401,0.11272
1145.70521,0.10790
1143.77641,0.10295
1141.84762,0.09809
1139.91882,0.09347
1137.99002,0.08913
1136.06123,0.08510
1134.13243,0.08144
1132.20363,0.07816
1130.27484,0.07522
1128.34604,0.07260
1126.41724,0.07025
1124.48845,0.06815
1122.55965,0.06631
1120.63085,0.06467
1118.70206,0.06319
1116.77326,0.06187
1114.84446,0.06073
1112.91567,0.05975
1110.98687,0.05889
1109.05807,0.05814
1107.12928,0.05750
1105.20048,0.05697
1103.27168,0.05655
1101.34289,0.05626
1099.41409,0.05608
1097.48529,0.05601
1095.55650,0.05606
1093.62770,0.05624
1091.69890,0.05651
1089.77011,0.05685
1087.84131,0.05727
1085.91251,0.05774
1083.98372,0.05823
1082.05492,0.05877
1080.12612,0.05933
1078.19733,0.05989
1076.26853,0.06041
1074.33973,0.06090
1072.41094,0.06135
1070.48214,0.06172
1068.55334,0.06196
1066.62455,0.06207
1064.69575,0.06204
1062.76695,0.06187
1060.83816,0.06154
1058.90936,0.06109
1056.98056,0.06054
1055.05177,0.05990
1053.12297,0.05924
1051.19417,0.05859
1049.26538,0.05796
1047.33658,0.05739
1045.40778,0.05687
1043.47899,0.05636
1041.55019,0.05584
1039.62139,0.05533
1037.69260,0.05484
1035.76380,0.05434
1033.83500,0.05381
1031.90621,0.05327
1029.97741,0.05274
1028.04861,0.05222
1026.11982,0.05172
1024.19102,0.05122
1022.26222,0.05076
1020.33343,0.05037
1018.40463,0.05005
1016.47583,0.04980
1014.54704,0.04961
1012.61824,0.04943
1010.68944,0.04916
1008.76065,0.04877
1006.83185,0.04823
1004.90305,0.04759
1002.97426,0.04691
1001.04546,0.04629
999.11666,0.04578
997.18787,0.04540
995.25907,0.04515
993.33027,0.04496
991.40148,0.04476
989.47268,0.04455
987.54388,0.04433
985.61509,0.04405
983.68629,0.04373
981.75749,0.04340
979.82870,0.04302
977.89990,0.04258
975.97110,0.04210
974.04231,0.04162
972.11351,0.04113
970.18471,0.04064
968.25592,0.04014
966.32712,0.03964
964.39832,0.03917
962.46953,0.03869
960.54073,0.03823
958.61193,0.03776
956.68314,0.03730
954.75434,0.03685
952.82554,0.03646
950.89675,0.03611
948.96795,0.03577
947.03915,0.03544
945.11036,0.03515
943.18156,0.03489
941.25276,0.03463
939.32397,0.03434
937.39517,0.03403
935.46637,0.03370
933.53758,0.03331
931.60878,0.03288
929.67998,0.03241
927.75119,0.03194
925.82239,0.03145
923.89359,0.03090
921.96480,0.03029
920.03600,0.02971
918.10720,0.02917
916.17841,0.02862
914.24961,0.02807
912.32081,0.02752
910.39202,0.02699
908.46322,0.02651
906.53443,0.02609
904.60563,0.02569
902.67683,0.02531
900.74804,0.02498
898.81924,0.02470
896.89044,0.02444
894.96165,0.02414
893.03285,0.02379
891.10405,0.02341
889.17526,0.02304
887.24646,0.02266
885.31766,0.02224
883.38887,0.02181
881.46007,0.02140
879.53127,0.02097
877.60248,0.02048
875.67368,0.01998
873.74488,0.01949
871.81609,0.01900
869.88729,0.01851
867.95849,0.01802
866.02970,0.01750
864.10090,0.01700
862.17210,0.01656
860.24331,0.01618
858.31451,0.01583
856.38571,0.01548
854.45692,0.01522
852.52812,0.01506
850.59932,0.01488
848.67053,0.01465
846.74173,0.01449
844.81293,0.01447
842.88414,0.01447
840.95534,0.01439
839.02654,0.01432
837.09775,0.01426
835.16895,0.01415
833.24015,0.01402
831.31136,0.01391
829.38256,0.01381
827.45376,0.01371
825.52497,0.01356
823.59617,0.01337
821.66737,0.01330
819.73858,0.01339
817.80978,0.01349
815.88098,0.01353
813.95219,0.01359
812.02339,0.01372
810.09459,0.01391
808.16580,0.01418
806.23700,0.01450
804.30820,0.01490
802.37941,0.01550
800.45061,0.01632
798.52181,0.01734
796.59302,0.01862
794.66422,0.02002
792.73542,0.02134
790.80663,0.02253
788.87783,0.02359
786.94903,0.02436
785.02024,0.02472
783.09144,0.02461
781.16264,0.02396
779.23385,0.02293
777.30505,0.02176
775.37625,0.02038
773.44746,0.01890
771.51866,0.01771
769.58986,0.01683
767.66107,0.01617
765.73227,0.01593
763.80347,0.01591
761.87468,0.01559
759.94588,0.01503
758.01708,0.01472
756.08829,0.01471
754.15949,0.01471
752.23069,0.01469
750.30190,0.01472
748.37310,0.01471
