3496.90832,0.04757
3494.97953,0.04526
3493.05073,0.04461
3491.12193,0.04651
3489.19314,0.05030
3487.26434,0.05185
3485.33554,0.04374
3483.40675,0.03462
3481.47795,0.03758
3479.54915,0.04490
3477.62036,0.04613
3475.69156,0.04616
3473.76276,0.04882
3471.83397,0.04849
3469.90517,0.04410
3467.97637,0.04344
3466.04758,0.04863
3464.11878,0.05249
3462.18998,0.05057
3460.26119,0.04497
3458.33239,0.03906
3456.40359,0.03630
3454.47480,0.03703
3452.54600,0.03761
3450.61721,0.03696
3448.68841,0.03485
3446.75961,0.03345
3444.83082,0.03685
3442.90202,0.03914
3440.97322,0.03399
3439.04443,0.02779
3437.11563,0.02489
3435.18683,0.02180
3433.25804,0.02027
3431.32924,0.02445
3429.40044,0.03130
3427.47165,0.03654
3425.54285,0.03874
3423.61405,0.03729
3421.68526,0.03339
3419.75646,0.03004
3417.82766,0.03045
3415.89887,0.03175
3413.97007,0.03046
3412.04127,0.02905
3410.11248,0.02673
3408.18368,0.02286
3406.25488,0.02208
3404.32609,0.02312
3402.39729,0.02292
3400.46849,0.02646
3398.53970,0.03072
3396.61090,0.02364
3394.68210,0.01317
3392.75331,0.01549
3390.82451,0.02393
3388.89571,0.03034
3386.96692,0.03624
3385.03812,0.03853
3383.10932,0.03703
3381.18053,0.04069
3379.25173,0.05175
3377.32293,0.05822
3375.39414,0.05223
3373.46534,0.04168
3371.53654,0.03531
3369.60775,0.03287
3367.67895,0.03375
3365.75015,0.03854
3363.82136,0.04370
3361.89256,0.04521
3359.96376,0.04108
3358.03497,0.03451
3356.10617,0.03445
3354.17737,0.04358
3352.24858,0.05378
3350.31978,0.05804
3348.39098,0.05626
3346.46219,0.05280
3344.53339,0.05387
3342.60459,0.05813
3340.67580,0.05783
3338.74700,0.05350
3336.81820,0.04745
3334.88941,0.04081
3332.96061,0.03784
3331.03181,0.03776
3329.10302,0.04100
3327.17422,0.04639
3325.24542,0.04209
3323.31663,0.02754
3321.38783,0.02016
3319.45903,0.02611
3317.53024,0.03388
3315.60144,0.03487
3313.67264,0.03234
3311.74385,0.02929
3309.81505,0.02430
3307.88625,0.02197
3305.95746,0.02347
3304.02866,0.02129
3302.09986,0.01607
3300.17107,0.01396
3298.24227,0.01439
3296.31347,0.01644
3294.38468,0.02209
3292.45588,0.02781
3290.52708,0.02776
3288.59829,0.02333
3286.66949,0.01893
3284.74069,0.01903
3282.81190,0.02346
3280.88310,0.02365
3278.95430,0.02010
3277.02551,0.02115
3275.09671,0.02520
3273.16791,0.02733
3271.23912,0.02634
3269.31032,0.02244
3267.38152,0.01889
3265.45273,0.01780
3263.52393,0.01577
3261.59513,0.01235
3259.66634,0.01143
3257.73754,0.01454
3255.80874,0.02141
3253.87995,0.02723
3251.95115,0.02768
3250.02235,0.02683
3248.09356,0.02575
3246.16476,0.02114
3244.23596,0.01663
3242.30717,0.01515
3240.37837,0.01575
3238.44957,0.02041
3236.52078,0.02693
3234.59198,0.02880
3232.66318,0.02620
3230.73439,0.02405
3228.80559,0.02275
3226.87679,0.01993
3224.94800,0.01919
3223.01920,0.02483
3221.09040,0.03227
3219.16161,0.03811
3217.23281,0.04389
3215.30401,0.04687
3213.37522,0.04714
3211.44642,0.04921
3209.51762,0.05068
3207.58883,0.04710
3205.66003,0.04158
3203.73123,0.03853
3201.80244,0.03658
3199.87364,0.03362
3197.94484,0.03047
3196.01605,0.02896
3194.08725,0.03058
3192.15845,0.03318
3190.22966,0.03576
3188.30086,0.03886
3186.37206,0.03642
3184.44327,0.02925
3182.51447,0.02752
3180.58567,0.03094
3178.65688,0.03293
3176.72808,0.03096
3174.79928,0.02563
3172.87049,0.02050
3170.94169,0.01812
3169.01289,0.01794
3167.08410,0.01991
3165.15530,0.02554
3163.22650,0.03259
3161.29771,0.03435
3159.36891,0.02841
3157.44011,0.02161
3155.51132,0.02228
3153.58252,0.02809
3151.65372,0.02989
3149.72493,0.02574
3147.79613,0.02108
3145.86733,0.02003
3143.93854,0.02224
3142.00974,0.02459
3140.08094,0.02399
3138.15215,0.02123
3136.22335,0.01955
3134.29455,0.01948
3132.36576,0.02000
3130.43696,0.02037
3128.50816,0.01968
3126.57937,0.01930
3124.65057,0.02044
3122.72177,0.02168
3120.79298,0.02244
3118.86418,0.02282
3116.93538,0.02246
3115.00659,0.02128
3113.07779,0.01938
3111.14899,0.01827
3109.22020,0.01879
3107.29140,0.01994
3105.36260,0.02153
3103.43381,0.02312
3101.50501,0.02346
3099.57621,0.02183
3097.64742,0.01854
3095.71862,0.01594
3093.78982,0.01596
3091.86103,0.01768
3089.93223,0.01952
3088.00344,0.02068
3086.07464,0.02067
3084.14584,0.01989
3082.21705,0.01966
3080.28825,0.01986
3078.35945,0.01904
3076.43066,0.01757
3074.50186,0.01695
3072.57306,0.01739
3070.64427,0.01798
3068.71547,0.01795
3066.78667,0.01770
3064.85788,0.01826
3062.92908,0.01944
3061.00028,0.02012
3059.07149,0.01981
3057.14269,0.01893
3055.21389,0.01862
3053.28510,0.01929
3051.35630,0.01972
3049.42750,0.01925
3047.49871,0.01876
3045.56991,0.01899
3043.64111,0.01984
3041.71232,0.02069
3039.78352,0.02069
3037.85472,0.02014
3035.92593,0.02042
3033.99713,0.02140
3032.06833,0.02227
3030.13954,0.02282
3028.21074,0.02283
3026.28194,0.02240
3024.35315,0.02179
3022.42435,0.02104
3020.49555,0.02037
3018.56676,0.02036
3016.63796,0.02136
3014.70916,0.02246
3012.78037,0.02296
3010.85157,0.02326
3008.92277,0.02317
3006.99398,0.02264
3005.06518,0.02245
3003.13638,0.02233
3001.20759,0.02184
2999.27879,0.02165
2997.34999,0.02177
2995.42120,0.02188
2993.49240,0.02202
2991.56360,0.02209
2989.63481,0.02243
2987.70601,0.02309
2985.77721,0.02315
2983.84842,0.02264
2981.91962,0.02262
2979.99082,0.02310
2978.06203,0.02343
2976.13323,0.02368
2974.20443,0.02401
2972.27564,0.02437
2970.34684,0.02455
2968.41804,0.02427
2966.48925,0.02388
2964.56045,0.02410
2962.63165,0.02473
2960.70286,0.02513
2958.77406,0.02538
2956.84526,0.02571
2954.91647,0.02591
2952.98767,0.02578
2951.05887,0.02548
2949.13008,0.02549
2947.20128,0.02578
2945.27248,0.02571
2943.34369,0.02515
2941.41489,0.02459
2939.48609,0.02447
2937.55730,0.02469
2935.62850,0.02486
2933.69970,0.02493
2931.77091,0.02505
2929.84211,0.02518
2927.91331,0.02523
2925.98452,0.02520
2924.05572,0.02516
2922.12692,0.02523
2920.19813,0.02551
2918.26933,0.02592
2916.34053,0.02632
2914.41174,0.02652
2912.48294,0.02642
2910.55414,0.02622
2908.62535,0.02620
2906.69655,0.02625
2904.76775,0.02622
2902.83896,0.02613
2900.91016,0.02603
2898.98136,0.02614
2897.05257,0.02644
2895.12377,0.02639
2893.19497,0.02621
2891.26618,0.02645
2889.33738,0.02692
2887.40858,0.02711
2885.47979,0.02693
2883.55099,0.02684
2881.62219,0.02705
2879.69340,0.02726
2877.76460,0.02738
2875.83580,0.02756
2873.90701,0.02778
2871.97821,0.02781
2870.04941,0.02763
2868.12062,0.02762
2866.19182,0.02795
2864.26302,0.02837
2862.33423,0.02864
2860.40543,0.02885
2858.47663,0.02900
2856.54784,0.02894
2854.61904,0.02886
2852.69024,0.02908
2850.76145,0.02945
2848.83265,0.02965
2846.90385,0.02960
2844.97506,0.02961
2843.04626,0.02997
2841.11746,0.03032
2839.18867,0.03030
2837.25987,0.03025
2835.33107,0.03046
2833.40228,0.03078
2831.47348,0.03094
2829.54468,0.03096
2827.61589,0.03094
2825.68709,0.03096
2823.75829,0.03101
2821.82950,0.03104
2819.90070,0.03102
2817.97190,0.03096
2816.04311,0.03101
2814.11431,0.03117
2812.18551,0.03124
2810.25672,0.03115
2808.32792,0.03092
2806.39912,0.03083
2804.47033,0.03101
2802.54153,0.03116
2800.61273,0.03104
2798.68394,0.03082
2796.75514,0.03064
2794.82634,0.03052
2792.89755,0.03041
2790.96875,0.03023
2789.03995,0.03013
2787.11116,0.03018
2785.18236,0.03004
2783.25356,0.02970
2781.32477,0.02953
2779.39597,0.02948
2777.46717,0.02929
2775.53838,0.02896
2773.60958,0.02865
2771.68078,0.02849
2769.75199,0.02852
2767.82319,0.02873
2765.89439,0.02885
2763.96560,0.02874
2762.03680,0.02856
2760.10800,0.02841
2758.17921,0.02824
2756.25041,0.02818
2754.32161,0.02820
2752.39282,0.02801
2750.46402,0.02780
2748.53522,0.02788
2746.60643,0.02816
2744.67763,0.02828
2742.74883,0.02822
2740.82004,0.02826
2738.89124,0.02831
2736.96244,0.02833
2735.03365,0.02852
2733.10485,0.02865
2731.17605,0.02849
2729.24726,0.02837
2727.31846,0.02850
2725.38967,0.02866
2723.46087,0.02863
2721.53207,0.02852
2719.60328,0.02851
2717.67448,0.02850
2715.74568,0.02854
2713.81689,0.02865
2711.88809,0.02863
2709.95929,0.02842
2708.03050,0.02808
2706.10170,0.02784
2704.17290,0.02789
2702.24411,0.02812
2700.31531,0.02831
2698.38651,0.02838
2696.45772,0.02830
2694.52892,0.02824
2692.60012,0.02839
2690.67133,0.02861
2688.74253,0.02873
2686.81373,0.02873
2684.88494,0.02867
2682.95614,0.02869
2681.02734,0.02875
2679.09855,0.02881
2677.16975,0.02880
2675.24095,0.02862
2673.31216,0.02844
2671.38336,0.02835
2669.45456,0.02833
2667.52577,0.02827
2665.59697,0.02817
2663.66817,0.02816
2661.73938,0.02821
2659.81058,0.02819
2657.88178,0.02817
2655.95299,0.02819
2654.02419,0.02821
2652.09539,0.02831
2650.16660,0.02841
2648.23780,0.02847
2646.30900,0.02859
2644.38021,0.02872
2642.45141,0.02891
2640.52261,0.02902
2638.59382,0.02886
2636.66502,0.02876
2634.73622,0.02900
2632.80743,0.02931
2630.87863,0.02948
2628.94983,0.02953
2627.02104,0.02940
2625.09224,0.02931
2623.16344,0.02956
2621.23465,0.02997
2619.30585,0.03018
2617.37705,0.03010
2615.44826,0.02991
2613.51946,0.02981
2611.59066,0.02975
2609.66187,0.02965
2607.73307,0.02952
2605.80427,0.02941
2603.87548,0.02942
2601.94668,0.02971
2600.01788,0.03020
2598.08909,0.03067
2596.16029,0.03086
2594.23149,0.03070
2592.30270,0.03043
2590.37390,0.03042
2588.44510,0.03051
2586.51631,0.03019
2584.58751,0.02978
2582.65871,0.02970
2580.72992,0.02969
2578.80112,0.02981
2576.87232,0.03028
2574.94353,0.03054
2573.01473,0.03008
2571.08593,0.02952
2569.15714,0.02963
2567.22834,0.03010
2565.29954,0.03018
2563.37075,0.02981
2561.44195,0.02946
2559.51315,0.02934
2557.58436,0.02945
2555.65556,0.02958
2553.72676,0.02958
2551.79797,0.02975
2549.86917,0.03016
2547.94037,0.03037
2546.01158,0.03013
2544.08278,0.02967
2542.15398,0.02921
2540.22519,0.02893
2538.29639,0.02899
2536.36759,0.02930
2534.43880,0.02962
2532.51000,0.02972
2530.58120,0.02948
2528.65241,0.02912
2526.72361,0.02884
2524.79481,0.02853
2522.86602,0.02820
2520.93722,0.02818
2519.00842,0.02850
2517.07963,0.02891
2515.15083,0.02932
2513.22203,0.02941
2511.29324,0.02895
2509.36444,0.02841
2507.43564,0.02826
2505.50685,0.02839
2503.57805,0.02854
2501.64925,0.02881
2499.72046,0.02932
2497.79166,0.02972
2495.86286,0.02964
2493.93407,0.02919
2492.00527,0.02871
2490.07647,0.02857
2488.14768,0.02901
2486.21888,0.02965
2484.29008,0.02985
2482.36129,0.02950
2480.43249,0.02911
2478.50369,0.02900
2476.57490,0.02880
2474.64610,0.02828
2472.71730,0.02792
2470.78851,0.02794
2468.85971,0.02821
2466.93091,0.02868
2465.00212,0.02906
2463.07332,0.02897
2461.14452,0.02854
2459.21573,0.02838
2457.28693,0.02861
2455.35813,0.02874
2453.42934,0.02866
2451.50054,0.02866
2449.57174,0.02864
2447.64295,0.02843
2445.71415,0.02810
2443.78535,0.02787
2441.85656,0.02781
2439.92776,0.02779
2437.99896,0.02772
2436.07017,0.02770
2434.14137,0.02773
2432.21257,0.02773
2430.28378,0.02759
2428.35498,0.02724
2426.42618,0.02689
2424.49739,0.02678
2422.56859,0.02669
2420.63979,0.02632
2418.71100,0.02595
2416.78220,0.02591
2414.85340,0.02591
2412.92461,0.02575
2410.99581,0.02564
2409.06701,0.02577
2407.13822,0.02600
2405.20942,0.02599
2403.28062,0.02576
2401.35183,0.02546
2399.42303,0.02493
2397.49423,0.02438
2395.56544,0.02425
2393.63664,0.02448
2391.70784,0.02476
2389.77905,0.02539
2387.85025,0.02745
2385.92145,0.03225
2383.99266,0.04055
2382.06386,0.05233
2380.13506,0.06697
2378.20627,0.08313
2376.27747,0.09962
2374.34867,0.11656
2372.41988,0.13450
2370.49108,0.15301
2368.56228,0.17079
2366.63349,0.18667
2364.70469,0.19973
2362.77589,0.20872
2360.84710,0.21215
2358.91830,0.20930
2356.98951,0.19974
2355.06071,0.18341
2353.13191,0.16174
2351.20312,0.14012
2349.27432,0.12871
2347.34552,0.13374
2345.41673,0.14962
2343.48793,0.16103
2341.55913,0.16267
2339.63034,0.16010
2337.70154,0.15630
2335.77274,0.15279
2333.84395,0.15141
2331.91515,0.15121
2329.98635,0.14842
2328.05756,0.14254
2326.12876,0.13711
2324.19996,0.13346
2322.27117,0.12870
2320.34237,0.12011
2318.41357,0.10919
2316.48478,0.09972
2314.55598,0.09364
2312.62718,0.08939
2310.69839,0.08442
2308.76959,0.07816
2306.84079,0.07127
2304.91200,0.06447
2302.98320,0.05858
2301.05440,0.05391
2299.12561,0.05008
2297.19681,0.04680
2295.26801,0.04386
2293.33922,0.04090
2291.41042,0.03795
2289.48162,0.03536
2287.55283,0.03331
2285.62403,0.03176
2283.69523,0.03087
2281.76644,0.03075
2279.83764,0.03116
2277.90884,0.03189
2275.98005,0.03255
2274.05125,0.03273
2272.12245,0.03287
2270.19366,0.03330
2268.26486,0.03381
2266.33606,0.03421
2264.40727,0.03425
2262.47847,0.03416
2260.54967,0.03447
2258.62088,0.03512
2256.69208,0.03558
2254.76328,0.03546
2252.83449,0.03495
2250.90569,0.03456
2248.97689,0.03473
2247.04810,0.03530
2245.11930,0.03567
2243.19050,0.03563
2241.26171,0.03565
2239.33291,0.03608
2237.40411,0.03655
2235.47532,0.03669
2233.54652,0.03623
2231.61772,0.03552
2229.68893,0.03584
2227.76013,0.03665
2225.83133,0.03638
2223.90254,0.03605
2221.97374,0.03665
2220.04494,0.03737
2218.11615,0.03788
2216.18735,0.03839
2214.25855,0.03895
2212.32976,0.03939
2210.40096,0.03989
2208.47216,0.04101
2206.54337,0.04173
2204.61457,0.04111
2202.68577,0.04074
2200.75698,0.04163
2198.82818,0.04263
2196.89938,0.04275
2194.97059,0.04234
2193.04179,0.04236
2191.11299,0.04304
2189.18420,0.04417
2187.25540,0.04510
2185.32660,0.04487
2183.39781,0.04420
2181.46901,0.04483
2179.54021,0.04592
2177.61142,0.04579
2175.68262,0.04551
2173.75382,0.04593
2171.82503,0.04584
2169.89623,0.04579
2167.96743,0.04754
2166.03864,0.04947
2164.10984,0.05002
2162.18104,0.05228
2160.25225,0.05669
2158.32345,0.05875
2156.39465,0.05630
2154.46586,0.05099
2152.53706,0.04613
2150.60826,0.04324
2148.67947,0.04069
2146.75067,0.03801
2144.82187,0.03682
2142.89308,0.03659
2140.96428,0.03550
2139.03548,0.03389
2137.10669,0.03221
2135.17789,0.03032
2133.24909,0.02884
2131.32030,0.02808
2129.39150,0.02734
2127.46270,0.02614
2125.53391,0.02489
2123.60511,0.02390
2121.67631,0.02305
2119.74752,0.02262
2117.81872,0.02266
2115.88992,0.02280
2113.96113,0.02298
2112.03233,0.02323
2110.10353,0.02346
2108.17474,0.02384
2106.24594,0.02417
2104.31714,0.02415
2102.38835,0.02408
2100.45955,0.02399
2098.53075,0.02374
2096.60196,0.02341
2094.67316,0.02281
2092.74436,0.02203
2090.81557,0.02197
2088.88677,0.02277
2086.95797,0.02347
2085.02918,0.02353
2083.10038,0.02337
2081.17158,0.02334
2079.24279,0.02320
2077.31399,0.02316
2075.38519,0.02367
2073.45640,0.02441
2071.52760,0.02507
2069.59880,0.02560
2067.67001,0.02599
2065.74121,0.02639
2063.81241,0.02675
2061.88362,0.02678
2059.95482,0.02667
2058.02602,0.02687
2056.09723,0.02696
2054.16843,0.02661
2052.23963,0.02633
2050.31084,0.02694
2048.38204,0.02879
2046.45324,0.03080
2044.52445,0.03213
2042.59565,0.03302
2040.66685,0.03373
2038.73806,0.03399
2036.80926,0.03304
2034.88046,0.03242
2032.95167,0.03410
2031.02287,0.03609
2029.09407,0.03675
2027.16528,0.03645
2025.23648,0.03506
2023.30768,0.03377
2021.37889,0.03325
2019.45009,0.03292
2017.52129,0.03391
2015.59250,0.03519
2013.66370,0.03397
2011.73490,0.03165
2009.80611,0.03108
2007.87731,0.03117
2005.94851,0.02978
2004.01972,0.02865
2002.09092,0.02915
2000.16212,0.02997
1998.23333,0.03035
1996.30453,0.02981
1994.37574,0.02819
1992.44694,0.02694
1990.51814,0.02672
1988.58935,0.02665
1986.66055,0.02665
1984.73175,0.02703
1982.80296,0.02825
1980.87416,0.03021
1978.94536,0.03132
1977.01657,0.03082
1975.08777,0.03015
1973.15897,0.02980
1971.23018,0.02851
1969.30138,0.02687
1967.37258,0.02685
1965.44379,0.02805
1963.51499,0.02830
1961.58619,0.02740
1959.65740,0.02641
1957.72860,0.02490
1955.79980,0.02298
1953.87101,0.02195
1951.94221,0.02198
1950.01341,0.02229
1948.08462,0.02205
1946.15582,0.02124
1944.22702,0.02052
1942.29823,0.02012
1940.36943,0.01973
1938.44063,0.01895
1936.51184,0.01832
1934.58304,0.01856
1932.65424,0.01890
1930.72545,0.01852
1928.79665,0.01794
1926.86785,0.01754
1924.93906,0.01728
1923.01026,0.01733
1921.08146,0.01750
1919.15267,0.01734
1917.22387,0.01689
1915.29507,0.01670
1913.36628,0.01700
1911.43748,0.01735
1909.50868,0.01720
1907.57989,0.01667
1905.65109,0.01637
1903.72229,0.01652
1901.79350,0.01677
1899.86470,0.01667
1897.93590,0.01638
1896.00711,0.01631
1894.07831,0.01639
1892.14951,0.01639
1890.22072,0.01638
1888.29192,0.01637
1886.36312,0.01631
1884.43433,0.01629
1882.50553,0.01641
1880.57673,0.01646
1878.64794,0.01634
1876.71914,0.01617
1874.79034,0.01598
1872.86155,0.01564
1870.93275,0.01521
1869.00395,0.01498
1867.07516,0.01511
1865.14636,0.01541
1863.21756,0.01558
1861.28877,0.01555
1859.35997,0.01556
1857.43117,0.01563
1855.50238,0.01564
1853.57358,0.01569
1851.64478,0.01578
1849.71599,0.01578
1847.78719,0.01557
1845.85839,0.01519
1843.92960,0.01501
1842.00080,0.01526
1840.07200,0.01552
1838.14321,0.01552
1836.21441,0.01540
1834.28561,0.01522
1832.35682,0.01493
1830.42802,0.01457
1828.49922,0.01448
1826.57043,0.01461
1824.64163,0.01471
1822.71283,0.01488
1820.78404,0.01507
1818.85524,0.01522
1816.92644,0.01533
1814.99765,0.01533
1813.06885,0.01520
1811.14005,0.01501
1809.21126,0.01497
1807.28246,0.01503
1805.35366,0.01510
1803.42487,0.01502
1801.49607,0.01482
1799.56727,0.01478
1797.63848,0.01496
1795.70968,0.01498
1793.78088,0.01469
1791.85209,0.01451
1789.92329,0.01469
1787.99449,0.01495
1786.06570,0.01500
1784.13690,0.01488
1782.20810,0.01473
1780.27931,0.01465
1778.35051,0.01466
1776.42171,0.01450
1774.49292,0.01390
1772.56412,0.01329
1770.63532,0.01352
1768.70653,0.01422
1766.77773,0.01456
1764.84893,0.01454
1762.92014,0.01430
1760.99134,0.01419
1759.06254,0.01433
1757.13375,0.01444
1755.20495,0.01451
1753.27615,0.01446
1751.34736,0.01412
1749.41856,0.01372
1747.48976,0.01372
1745.56097,0.01393
1743.63217,0.01392
1741.70337,0.01357
1739.77458,0.01322
1737.84578,0.01317
1735.91698,0.01297
1733.98819,0.01270
1732.05939,0.01303
1730.13059,0.01354
1728.20180,0.01393
1726.27300,0.01423
1724.34420,0.01446
1722.41541,0.01454
1720.48661,0.01434
1718.55781,0.01405
1716.62902,0.01458
1714.70022,0.01624
1712.77142,0.01808
1710.84263,0.01978
1708.91383,0.02136
1706.98503,0.02327
1705.05624,0.02605
1703.12744,0.02915
1701.19864,0.03299
1699.26985,0.03864
1697.34105,0.04568
1695.41225,0.05458
1693.48346,0.06431
1691.55466,0.07376
1689.62586,0.08432
1687.69707,0.09525
1685.76827,0.10722
1683.83947,0.12374
1681.91068,0.14076
1679.98188,0.15492
1678.05308,0.16810
1676.12429,0.18194
1674.19549,0.19630
1672.26669,0.20854
1670.33790,0.21961
1668.40910,0.23089
1666.48030,0.23970
1664.55151,0.24576
1662.62271,0.25056
1660.69391,0.25430
1658.76512,0.25657
1656.83632,0.25723
1654.90752,0.25648
1652.97873,0.25592
1651.04993,0.25765
1649.12113,0.26020
1647.19234,0.26430
1645.26354,0.27172
1643.33474,0.28100
1641.40595,0.29155
1639.47715,0.30342
1637.54835,0.31758
1635.61956,0.33751
1633.69076,0.35943
1631.76197,0.37756
1629.83317,0.39408
1627.90437,0.40993
1625.97558,0.42291
1624.04678,0.43219
1622.11798,0.43795
1620.18919,0.43986
1618.26039,0.43855
1616.33159,0.43566
1614.40280,0.43371
1612.47400,0.43324
1610.54520,0.43426
1608.61641,0.43780
1606.68761,0.44402
1604.75881,0.45240
1602.83002,0.46229
1600.90122,0.47265
1598.97242,0.48193
1597.04363,0.48887
1595.11483,0.49286
1593.18603,0.49304
1591.25724,0.48885
1589.32844,0.48017
1587.39964,0.46732
1585.47085,0.45094
1583.54205,0.43180
1581.61325,0.41112
1579.68446,0.39023
1577.75566,0.36746
1575.82686,0.34166
1573.89807,0.31986
1571.96927,0.30201
1570.04047,0.28247
1568.11168,0.26350
1566.18288,0.24778
1564.25408,0.23379
1562.32529,0.22139
1560.39649,0.20753
1558.46769,0.19085
1556.53890,0.17986
1554.61010,0.17258
1552.68130,0.16510
1550.75251,0.15771
1548.82371,0.15074
1546.89491,0.14444
1544.96612,0.13827
1543.03732,0.13183
1541.10852,0.12539
1539.17973,0.12040
1537.25093,0.11787
1535.32213,0.11551
1533.39334,0.11232
1531.46454,0.10948
1529.53574,0.10714
1527.60695,0.10449
1525.67815,0.10164
1523.74935,0.09892
1521.82056,0.09643
1519.89176,0.09463
1517.96296,0.09337
1516.03417,0.09241
1514.10537,0.09178
1512.17657,0.09115
1510.24778,0.09017
1508.31898,0.08883
1506.39018,0.08859
1504.46139,0.09047
1502.53259,0.09263
1500.60379,0.09443
1498.67500,0.09663
1496.74620,0.10030
1494.81740,0.10513
1492.88861,0.11017
1490.95981,0.11622
1489.03101,0.12438
1487.10222,0.13408
1485.17342,0.14445
1483.24462,0.15559
1481.31583,0.16783
1479.38703,0.18066
1477.45823,0.19359
1475.52944,0.20681
1473.60064,0.22085
1471.67184,0.23543
1469.74305,0.24753
1467.81425,0.25643
1465.88545,0.26358
1463.95666,0.26897
1462.02786,0.27151
1460.09906,0.27083
1458.17027,0.26637
1456.24147,0.25850
1454.31267,0.25001
1452.38388,0.24068
1450.45508,0.22929
1448.52628,0.21610
1446.59749,0.20225
1444.66869,0.18915
1442.73989,0.17669
1440.81110,0.16497
1438.88230,0.15399
1436.95350,0.14254
1435.02471,0.13217
1433.09591,0.12430
1431.16711,0.11717
1429.23832,0.11030
1427.30952,0.10447
1425.38072,0.09936
1423.45193,0.09469
1421.52313,0.09060
1419.59433,0.08668
1417.66554,0.08316
1415.73674,0.08054
1413.80794,0.07820
1411.87915,0.07585
1409.95035,0.07362
1408.02155,0.07158
1406.09276,0.06963
1404.16396,0.06778
1402.23516,0.06616
1400.30637,0.06460
1398.37757,0.06310
1396.44877,0.06181
1394.51998,0.06068
1392.59118,0.05971
1390.66238,0.05885
1388.73359,0.05790
1386.80479,0.05685
1384.87599,0.05594
1382.94720,0.05520
1381.01840,0.05450
1379.08960,0.05379
1377.16081,0.05309
1375.23201,0.05241
1373.30321,0.05184
1371.37442,0.05141
1369.44562,0.05101
1367.51682,0.05063
1365.58803,0.05028
1363.65923,0.04992
1361.73043,0.04957
1359.80164,0.04930
1357.87284,0.04906
1355.94404,0.04880
1354.01525,0.04853
1352.08645,0.04828
1350.15765,0.04804
1348.22886,0.04783
1346.30006,0.04763
1344.37126,0.04744
1342.44247,0.04726
1340.51367,0.04713
1338.58487,0.04705
1336.65608,0.04702
1334.72728,0.04702
1332.79848,0.04698
1330.86969,0.04686
1328.94089,0.04665
1327.01209,0.04641
1325.08330,0.04613
1323.15450,0.04585
1321.22570,0.04559
1319.29691,0.04537
1317.36811,0.04520
1315.43931,0.04504
1313.51052,0.04491
1311.58172,0.04482
1309.65292,0.04477
1307.72413,0.04470
1305.79533,0.04462
1303.86653,0.04458
1301.93774,0.04456
1300.00894,0.04452
1298.08014,0.04445
1296.15135,0.04439
1294.22255,0.04435
1292.29375,0.04431
1290.36496,0.04424
1288.43616,0.04419
1286.50736,0.04417
1284.57857,0.04417
1282.64977,0.04413
1280.72097,0.04409
1278.79218,0.04406
1276.86338,0.04405
1274.93458,0.04407
1273.00579,0.04410
1271.07699,0.04414
1269.14820,0.04418
1267.21940,0.04425
1265.29060,0.04432
1263.36181,0.04436
1261.43301,0.04440
1259.50421,0.04447
1257.57542,0.04457
1255.64662,0.04467
1253.71782,0.04479
1251.78903,0.04494
1249.86023,0.04506
1247.93143,0.04517
1246.00264,0.04528
1244.07384,0.04538
1242.14504,0.04546
1240.21625,0.04554
1238.28745,0.04564
1236.35865,0.04575
1234.42986,0.04587
1232.50106,0.04601
1230.57226,0.04620
1228.64347,0.04641
1226.71467,0.04663
1224.78587,0.04686
1222.85708,0.04716
1220.92828,0.04750
1218.99948,0.04789
1217.07069,0.04832
1215.14189,0.04881
1213.21309,0.04934
1211.28430,0.04991
1209.35550,0.05053
1207.42670,0.05122
1205.49791,0.05199
1203.56911,0.05287
1201.64031,0.05385
1199.71152,0.05495
1197.78272,0.05619
1195.85392,0.05756
1193.92513,0.05912
1191.99633,0.06090
1190.06753,0.06290
1188.13874,0.06512
1186.20994,0.06762
1184.28114,0.07040
1182.35235,0.07355
1180.42355,0.07718
1178.49475,0.08126
1176.56596,0.08564
1174.63716,0.09028
1172.70836,0.09521
1170.77957,0.10035
1168.85077,0.10553
1166.92197,0.11053
1164.99318,0.11515
1163.06438,0.11917
1161.13558,0.12234
1159.20679,0.12440
1157.27799,0.12520
1155.34919,0.12469
1153.42040,0.12290
1151.49160,0.11997
1149.56280,0.11611
1147.63401,0.11158
1145.70521,0.10661
1143.77641,0.10146
1141.84762,0.09635
1139.91882,0.09145
1137.99002,0.08686
1136.06123,0.08263
1134.13243,0.07881
1132.20363,0.07542
1130.27484,0.07242
1128.34604,0.06975
1126.41724,0.06740
1124.48845,0.06536
1122.55965,0.06359
1120.63085,0.06204
1118.70206,0.06067
1116.77326,0.05947
1114.84446,0.05844
1112.91567,0.05758
1110.98687,0.05681
1109.05807,0.05610
1107.12928,0.05551
1105.20048,0.05505
1103.27168,0.05465
1101.34289,0.05431
1099.41409,0.05406
1097.48529,0.05391
1095.55650,0.05386
1093.62770,0.05389
1091.69890,0.05400
1089.77011,0.05419
1087.84131,0.05448
1085.91251,0.05485
1083.98372,0.05529
1082.05492,0.05576
1080.12612,0.05629
1078.19733,0.05686
1076.26853,0.05743
1074.33973,0.05800
1072.41094,0.05855
1070.48214,0.05902
1068.55334,0.05937
1066.62455,0.05959
1064.69575,0.05968
1062.76695,0.05962
1060.83816,0.05943
1058.90936,0.05912
1056.98056,0.05868
1055.05177,0.05808
1053.12297,0.05740
1051.19417,0.05670
1049.26538,0.05600
1047.33658,0.05531
1045.40778,0.05463
1043.47899,0.05395
1041.55019,0.05326
1039.62139,0.05258
1037.69260,0.05193
1035.76380,0.05131
1033.83500,0.05073
1031.90621,0.05018
1029.97741,0.04963
1028.04861,0.04912
1026.11982,0.04865
1024.19102,0.04821
1022.26222,0.04783
1020.33343,0.04753
1018.40463,0.04733
1016.47583,0.04722
1014.54704,0.04715
1012.61824,0.04707
1010.68944,0.04689
1008.76065,0.04656
1006.83185,0.04610
1004.90305,0.04550
1002.97426,0.04482
1001.04546,0.04415
999.11666,0.04356
997.18787,0.04307
995.25907,0.04269
993.33027,0.04235
991.40148,0.04198
989.47268,0.04160
987.54388,0.04125
985.61509,0.04090
983.68629,0.04052
981.75749,0.04014
979.82870,0.03975
977.89990,0.03936
975.97110,0.03896
974.04231,0.03857
972.11351,0.03819
970.18471,0.03778
968.25592,0.03738
966.32712,0.03703
964.39832,0.03670
962.46953,0.03634
960.54073,0.03594
958.61193,0.03554
956.68314,0.03516
954.75434,0.03478
952.82554,0.03442
950.89675,0.03405
948.96795,0.03364
947.03915,0.03320
945.11036,0.03276
943.18156,0.03234
941.25276,0.03191
939.32397,0.03146
937.39517,0.03102
935.46637,0.03060
933.53758,0.03016
931.60878,0.02971
929.67998,0.02925
927.75119,0.02881
925.82239,0.02839
923.89359,0.02795
921.96480,0.02746
920.03600,0.02698
918.10720,0.02654
916.17841,0.02612
914.24961,0.02568
912.32081,0.02523
910.39202,0.02479
908.46322,0.02439
906.53443,0.02400
904.60563,0.02361
902.67683,0.02324
900.74804,0.02290
898.81924,0.02251
896.89044,0.02208
894.96165,0.02161
893.03285,0.02109
891.10405,0.02053
889.17526,0.01999
887.24646,0.01949
885.31766,0.01901
883.38887,0.01854
881.46007,0.01810
879.53127,0.01767
877.60248,0.01723
875.67368,0.01677
873.74488,0.01632
871.81609,0.01594
869.88729,0.01565
867.95849,0.01535
866.02970,0.01500
864.10090,0.01467
862.17210,0.01437
860.24331,0.01406
858.31451,0.01374
856.38571,0.01344
854.45692,0.01319
852.52812,0.01300
850.59932,0.01282
848.67053,0.01257
846.74173,0.01230
844.81293,0.01209
842.88414,0.01191
840.95534,0.01171
839.02654,0.01148
837.09775,0.01123
835.16895,0.01095
833.24015,0.01077
831.31136,0.01069
829.38256,0.01062
827.45376,0.01054
825.52497,0.01047
823.59617,0.01045
821.66737,0.01053
819.73858,0.01066
817.80978,0.01080
815.88098,0.01102
813.95219,0.01127
812.02339,0.01149
810.09459,0.01179
808.16580,0.01225
806.23700,0.01270
804.30820,0.01313
802.37941,0.01368
800.45061,0.01436
798.52181,0.01523
796.59302,0.01634
794.66422,0.01749
792.73542,0.01847
790.80663,0.01939
788.87783,0.02037
786.94903,0.02121
785.02024,0.02166
783.09144,0.02150
781.16264,0.02069
779.23385,0.01964
777.30505,0.01860
775.37625,0.01743
773.44746,0.01622
771.51866,0.01533
769.58986,0.01476
767.66107,0.01435
765.73227,0.01415
763.80347,0.01400
761.87468,0.01366
759.94588,0.01323
758.01708,0.01301
756.08829,0.01291
754.15949,0.01278
752.23069,0.01285
750.30190,0.01295
748.37310,0.01268
