3496.90832,0.04464
3494.97953,0.04273
3493.05073,0.04353
3491.12193,0.04722
3489.19314,0.05216
3487.26434,0.05741
3485.33554,0.05652
3483.40675,0.04842
3481.47795,0.04074
3479.54915,0.03810
3477.62036,0.04144
3475.69156,0.04827
3473.76276,0.05386
3471.83397,0.05623
3469.90517,0.05438
3467.97637,0.04965
3466.04758,0.04696
3464.11878,0.04908
3462.18998,0.05277
3460.26119,0.05259
3458.33239,0.04610
3456.40359,0.03656
3454.47480,0.03165
3452.54600,0.03252
3450.61721,0.03430
3448.68841,0.03963
3446.75961,0.04882
3444.83082,0.04939
3442.90202,0.04127
3440.97322,0.03860
3439.04443,0.04094
3437.11563,0.03602
3435.18683,0.02576
3433.25804,0.02001
3431.32924,0.01981
3429.40044,0.02636
3427.47165,0.03858
3425.54285,0.04480
3423.61405,0.04134
3421.68526,0.03399
3419.75646,0.02585
3417.82766,0.02244
3415.89887,0.02482
3413.97007,0.02707
3412.04127,0.02850
3410.11248,0.02967
3408.18368,0.02937
3406.25488,0.02666
3404.32609,0.02027
3402.39729,0.01953
3400.46849,0.03130
3398.53970,0.03942
3396.61090,0.03101
3394.68210,0.02205
3392.75331,0.02391
3390.82451,0.02659
3388.89571,0.02937
3386.96692,0.03635
3385.03812,0.03718
3383.10932,0.02853
3381.18053,0.02464
3379.25173,0.03155
3377.32293,0.03740
3375.39414,0.03510
3373.46534,0.03426
3371.53654,0.03962
3369.60775,0.04437
3367.67895,0.04713
3365.75015,0.04808
3363.82136,0.04561
3361.89256,0.04227
3359.96376,0.03976
3358.03497,0.03983
3356.10617,0.04647
3354.17737,0.05587
3352.24858,0.05738
3350.31978,0.05092
3348.39098,0.04583
3346.46219,0.04401
3344.53339,0.04153
3342.60459,0.03713
3340.67580,0.03491
3338.74700,0.03615
3336.81820,0.03444
3334.88941,0.02945
3332.96061,0.02582
3331.03181,0.02810
3329.10302,0.03991
3327.17422,0.04772
3325.24542,0.03940
3323.31663,0.02573
3321.38783,0.02092
3319.45903,0.02800
3317.53024,0.03675
3315.60144,0.03547
3313.67264,0.02745
3311.74385,0.02052
3309.81505,0.01800
3307.88625,0.02362
3305.95746,0.03223
3304.02866,0.03402
3302.09986,0.03012
3300.17107,0.02639
3298.24227,0.02306
3296.31347,0.01799
3294.38468,0.01396
3292.45588,0.01482
3290.52708,0.01675
3288.59829,0.01592
3286.66949,0.01227
3284.74069,0.00728
3282.81190,0.00692
3280.88310,0.01235
3278.95430,0.01896
3277.02551,0.02551
3275.09671,0.03083
3273.16791,0.03151
3271.23912,0.02802
3269.31032,0.02347
3267.38152,0.01945
3265.45273,0.01725
3263.52393,0.01530
3261.59513,0.01122
3259.66634,0.00924
3257.73754,0.01395
3255.80874,0.02124
3253.87995,0.02471
3251.95115,0.02602
3250.02235,0.02950
3248.09356,0.02785
3246.16476,0.01668
3244.23596,0.01044
3242.30717,0.01555
3240.37837,0.02069
3238.44957,0.02281
3236.52078,0.02639
3234.59198,0.02989
3232.66318,0.03214
3230.73439,0.03346
3228.80559,0.03201
3226.87679,0.02726
3224.94800,0.02334
3223.01920,0.02400
3221.09040,0.02745
3219.16161,0.03207
3217.23281,0.03843
3215.30401,0.04399
3213.37522,0.04450
3211.44642,0.04106
3209.51762,0.03842
3207.58883,0.03772
3205.66003,0.03756
3203.73123,0.03677
3201.80244,0.03530
3199.87364,0.03437
3197.94484,0.03515
3196.01605,0.03681
3194.08725,0.03536
3192.15845,0.03042
3190.22966,0.02950
3188.30086,0.03548
3186.37206,0.04101
3184.44327,0.03997
3182.51447,0.03287
3180.58567,0.02514
3178.65688,0.02262
3176.72808,0.02427
3174.79928,0.02571
3172.87049,0.02565
3170.94169,0.02361
3169.01289,0.02049
3167.08410,0.01969
3165.15530,0.02287
3163.22650,0.02723
3161.29771,0.02918
3159.36891,0.02723
3157.44011,0.02324
3155.51132,0.02192
3153.58252,0.02490
3151.65372,0.02828
3149.72493,0.02779
3147.79613,0.02475
3145.86733,0.02290
3143.93854,0.02274
3142.00974,0.02430
3140.08094,0.02632
3138.15215,0.02561
3136.22335,0.02185
3134.29455,0.01836
3132.36576,0.01878
3130.43696,0.02179
3128.50816,0.02222
3126.57937,0.02017
3124.65057,0.02061
3122.72177,0.02433
3120.79298,0.02777
3118.86418,0.02809
3116.93538,0.02532
3115.00659,0.02187
3113.07779,0.01980
3111.14899,0.01988
3109.22020,0.02130
3107.29140,0.02253
3105.36260,0.02319
3103.43381,0.02341
3101.50501,0.02375
3099.57621,0.02378
3097.64742,0.02190
3095.71862,0.01890
3093.78982,0.01708
3091.86103,0.01657
3089.93223,0.01685
3088.00344,0.01848
3086.07464,0.02041
3084.14584,0.02097
3082.21705,0.02064
3080.28825,0.01998
3078.35945,0.01895
3076.43066,0.01838
3074.50186,0.01861
3072.57306,0.01896
3070.64427,0.01913
3068.71547,0.01880
3066.78667,0.01816
3064.85788,0.01817
3062.92908,0.01870
3061.00028,0.01897
3059.07149,0.01893
3057.14269,0.01915
3055.21389,0.02010
3053.28510,0.02109
3051.35630,0.02129
3049.42750,0.02047
3047.49871,0.01911
3045.56991,0.01843
3043.64111,0.01886
3041.71232,0.01969
3039.78352,0.02033
3037.85472,0.02082
3035.92593,0.02124
3033.99713,0.02140
3032.06833,0.02175
3030.13954,0.02257
3028.21074,0.02318
3026.28194,0.02308
3024.35315,0.02250
3022.42435,0.02229
3020.49555,0.02266
3018.56676,0.02273
3016.63796,0.02247
3014.70916,0.02248
3012.78037,0.02270
3010.85157,0.02283
3008.92277,0.02284
3006.99398,0.02286
3005.06518,0.02295
3003.13638,0.02293
3001.20759,0.02266
2999.27879,0.02227
2997.34999,0.02198
2995.42120,0.02220
2993.49240,0.02285
2991.56360,0.02312
2989.63481,0.02313
2987.70601,0.02336
2985.77721,0.02336
2983.84842,0.02335
2981.91962,0.02395
2979.99082,0.02462
2978.06203,0.02473
2976.13323,0.02463
2974.20443,0.02468
2972.27564,0.02480
2970.34684,0.02496
2968.41804,0.02506
2966.48925,0.02509
2964.56045,0.02526
2962.63165,0.02541
2960.70286,0.02511
2958.77406,0.02478
2956.84526,0.02517
2954.91647,0.02587
2952.98767,0.02612
2951.05887,0.02615
2949.13008,0.02637
2947.20128,0.02666
2945.27248,0.02671
2943.34369,0.02645
2941.41489,0.02611
2939.48609,0.02585
2937.55730,0.02569
2935.62850,0.02565
2933.69970,0.02564
2931.77091,0.02568
2929.84211,0.02595
2927.91331,0.02620
2925.98452,0.02602
2924.05572,0.02556
2922.12692,0.02524
2920.19813,0.02555
2918.26933,0.02641
2916.34053,0.02720
2914.41174,0.02756
2912.48294,0.02763
2910.55414,0.02764
2908.62535,0.02735
2906.69655,0.02662
2904.76775,0.02611
2902.83896,0.02619
2900.91016,0.02649
2898.98136,0.02693
2897.05257,0.02728
2895.12377,0.02714
2893.19497,0.02686
2891.26618,0.02705
2889.33738,0.02748
2887.40858,0.02750
2885.47979,0.02720
2883.55099,0.02719
2881.62219,0.02760
2879.69340,0.02794
2877.76460,0.02794
2875.83580,0.02784
2873.90701,0.02782
2871.97821,0.02785
2870.04941,0.02802
2868.12062,0.02835
2866.19182,0.02861
2864.26302,0.02870
2862.33423,0.02868
2860.40543,0.02879
2858.47663,0.02916
2856.54784,0.02938
2854.61904,0.02922
2852.69024,0.02913
2850.76145,0.02937
2848.83265,0.02975
2846.90385,0.03006
2844.97506,0.03028
2843.04626,0.03049
2841.11746,0.03065
2839.18867,0.03072
2837.25987,0.03074
2835.33107,0.03075
2833.40228,0.03079
2831.47348,0.03083
2829.54468,0.03076
2827.61589,0.03059
2825.68709,0.03060
2823.75829,0.03100
2821.82950,0.03147
2819.90070,0.03175
2817.97190,0.03192
2816.04311,0.03200
2814.11431,0.03197
2812.18551,0.03187
2810.25672,0.03182
2808.32792,0.03178
2806.39912,0.03172
2804.47033,0.03158
2802.54153,0.03128
2800.61273,0.03090
2798.68394,0.03064
2796.75514,0.03064
2794.82634,0.03073
2792.89755,0.03059
2790.96875,0.03031
2789.03995,0.03012
2787.11116,0.03003
2785.18236,0.02995
2783.25356,0.02986
2781.32477,0.02976
2779.39597,0.02957
2777.46717,0.02929
2775.53838,0.02903
2773.60958,0.02889
2771.68078,0.02891
2769.75199,0.02907
2767.82319,0.02930
2765.89439,0.02941
2763.96560,0.02929
2762.03680,0.02904
2760.10800,0.02883
2758.17921,0.02875
2756.25041,0.02879
2754.32161,0.02874
2752.39282,0.02843
2750.46402,0.02815
2748.53522,0.02827
2746.60643,0.02851
2744.67763,0.02843
2742.74883,0.02824
2740.82004,0.02835
2738.89124,0.02850
2736.96244,0.02858
2735.03365,0.02876
2733.10485,0.02882
2731.17605,0.02859
2729.24726,0.02839
2727.31846,0.02852
2725.38967,0.02879
2723.46087,0.02877
2721.53207,0.02850
2719.60328,0.02842
2717.67448,0.02858
2715.74568,0.02877
2713.81689,0.02893
2711.88809,0.02912
2709.95929,0.02917
2708.03050,0.02894
2706.10170,0.02871
2704.17290,0.02868
2702.24411,0.02866
2700.31531,0.02856
2698.38651,0.02850
2696.45772,0.02849
2694.52892,0.02856
2692.60012,0.02871
2690.67133,0.02880
2688.74253,0.02883
2686.81373,0.02883
2684.88494,0.02878
2682.95614,0.02883
2681.02734,0.02905
2679.09855,0.02926
2677.16975,0.02929
2675.24095,0.02915
2673.31216,0.02897
2671.38336,0.02887
2669.45456,0.02888
2667.52577,0.02891
2665.59697,0.02891
2663.66817,0.02889
2661.73938,0.02881
2659.81058,0.02865
2657.88178,0.02849
2655.95299,0.02846
2654.02419,0.02853
2652.09539,0.02862
2650.16660,0.02867
2648.23780,0.02871
2646.30900,0.02878
2644.38021,0.02889
2642.45141,0.02903
2640.52261,0.02912
2638.59382,0.02903
2636.66502,0.02894
2634.73622,0.02912
2632.80743,0.02948
2630.87863,0.02980
2628.94983,0.02991
2627.02104,0.02982
2625.09224,0.02973
2623.16344,0.02971
2621.23465,0.02973
2619.30585,0.02985
2617.37705,0.03003
2615.44826,0.03020
2613.51946,0.03035
2611.59066,0.03028
2609.66187,0.03000
2607.73307,0.02977
2605.80427,0.02973
2603.87548,0.02988
2601.94668,0.03016
2600.01788,0.03049
2598.08909,0.03080
2596.16029,0.03102
2594.23149,0.03097
2592.30270,0.03076
2590.37390,0.03090
2588.44510,0.03114
2586.51631,0.03095
2584.58751,0.03068
2582.65871,0.03047
2580.72992,0.03006
2578.80112,0.02984
2576.87232,0.03019
2574.94353,0.03054
2573.01473,0.03051
2571.08593,0.03060
2569.15714,0.03084
2567.22834,0.03088
2565.29954,0.03076
2563.37075,0.03055
2561.44195,0.03042
2559.51315,0.03050
2557.58436,0.03055
2555.65556,0.03048
2553.72676,0.03036
2551.79797,0.03016
2549.86917,0.03000
2547.94037,0.03005
2546.01158,0.03041
2544.08278,0.03095
2542.15398,0.03117
2540.22519,0.03089
2538.29639,0.03051
2536.36759,0.03025
2534.43880,0.03021
2532.51000,0.03036
2530.58120,0.03026
2528.65241,0.02958
2526.72361,0.02886
2524.79481,0.02877
2522.86602,0.02908
2520.93722,0.02940
2519.00842,0.02957
2517.07963,0.02961
2515.15083,0.02989
2513.22203,0.03036
2511.29324,0.03042
2509.36444,0.02987
2507.43564,0.02935
2505.50685,0.02934
2503.57805,0.02936
2501.64925,0.02920
2499.72046,0.02925
2497.79166,0.02929
2495.86286,0.02909
2493.93407,0.02899
2492.00527,0.02890
2490.07647,0.02875
2488.14768,0.02906
2486.21888,0.02960
2484.29008,0.02978
2482.36129,0.02963
2480.43249,0.02948
2478.50369,0.02963
2476.57490,0.02992
2474.64610,0.02976
2472.71730,0.02917
2470.78851,0.02892
2468.85971,0.02907
2466.93091,0.02902
2465.00212,0.02882
2463.07332,0.02886
2461.14452,0.02899
2459.21573,0.02890
2457.28693,0.02868
2455.35813,0.02845
2453.42934,0.02830
2451.50054,0.02844
2449.57174,0.02865
2447.64295,0.02855
2445.71415,0.02823
2443.78535,0.02797
2441.85656,0.02792
2439.92776,0.02807
2437.99896,0.02806
2436.07017,0.02762
2434.14137,0.02740
2432.21257,0.02778
2430.28378,0.02796
2428.35498,0.02770
2426.42618,0.02768
2424.49739,0.02786
2422.56859,0.02759
2420.63979,0.02705
2418.71100,0.02672
2416.78220,0.02653
2414.85340,0.02637
2412.92461,0.02617
2410.99581,0.02600
2409.06701,0.02613
2407.13822,0.02653
2405.20942,0.02663
2403.28062,0.02632
2401.35183,0.02589
2399.42303,0.02538
2397.49423,0.02492
2395.56544,0.02481
2393.63664,0.02498
2391.70784,0.02540
2389.77905,0.02645
2387.85025,0.02877
2385.92145,0.03327
2383.99266,0.04103
2382.06386,0.05263
2380.13506,0.06742
2378.20627,0.08376
2376.27747,0.10051
2374.34867,0.11774
2372.41988,0.13564
2370.49108,0.15372
2368.56228,0.17105
2366.63349,0.18655
2364.70469,0.19910
2362.77589,0.20774
2360.84710,0.21186
2358.91830,0.21031
2356.98951,0.20128
2355.06071,0.18468
2353.13191,0.16262
2351.20312,0.14068
2349.27432,0.12912
2347.34552,0.13423
2345.41673,0.15024
2343.48793,0.16141
2341.55913,0.16242
2339.63034,0.15954
2337.70154,0.15608
2335.77274,0.15302
2333.84395,0.15171
2331.91515,0.15152
2329.98635,0.14889
2328.05756,0.14304
2326.12876,0.13751
2324.19996,0.13385
2322.27117,0.12930
2320.34237,0.12100
2318.41357,0.11016
2316.48478,0.10061
2314.55598,0.09454
2312.62718,0.09044
2310.69839,0.08556
2308.76959,0.07915
2306.84079,0.07194
2304.91200,0.06500
2302.98320,0.05938
2301.05440,0.05501
2299.12561,0.05113
2297.19681,0.04770
2295.26801,0.04489
2293.33922,0.04211
2291.41042,0.03905
2289.48162,0.03628
2287.55283,0.03409
2285.62403,0.03228
2283.69523,0.03104
2281.76644,0.03060
2279.83764,0.03082
2277.90884,0.03182
2275.98005,0.03321
2274.05125,0.03405
2272.12245,0.03433
2270.19366,0.03459
2268.26486,0.03498
2266.33606,0.03540
2264.40727,0.03592
2262.47847,0.03642
2260.54967,0.03641
2258.62088,0.03633
2256.69208,0.03668
2254.76328,0.03671
2252.83449,0.03593
2250.90569,0.03474
2248.97689,0.03359
2247.04810,0.03315
2245.11930,0.03398
2243.19050,0.03539
2241.26171,0.03614
2239.33291,0.03615
2237.40411,0.03583
2235.47532,0.03539
2233.54652,0.03504
2231.61772,0.03498
2229.68893,0.03554
2227.76013,0.03645
2225.83133,0.03715
2223.90254,0.03796
2221.97374,0.03870
2220.04494,0.03918
2218.11615,0.04019
2216.18735,0.04158
2214.25855,0.04178
2212.32976,0.04004
2210.40096,0.03815
2208.47216,0.03780
2206.54337,0.03788
2204.61457,0.03788
2202.68577,0.03888
2200.75698,0.04077
2198.82818,0.04324
2196.89938,0.04513
2194.97059,0.04522
2193.04179,0.04492
2191.11299,0.04496
2189.18420,0.04456
2187.25540,0.04412
2185.32660,0.04415
2183.39781,0.04502
2181.46901,0.04690
2179.54021,0.04821
2177.61142,0.04779
2175.68262,0.04672
2173.75382,0.04634
2171.82503,0.04665
2169.89623,0.04735
2167.96743,0.04838
2166.03864,0.04928
2164.10984,0.05044
2162.18104,0.05391
2160.25225,0.05919
2158.32345,0.06092
2156.39465,0.05696
2154.46586,0.05142
2152.53706,0.04736
2150.60826,0.04563
2148.67947,0.04433
2146.75067,0.04089
2144.82187,0.03676
2142.89308,0.03416
2140.96428,0.03282
2139.03548,0.03229
2137.10669,0.03208
2135.17789,0.03139
2133.24909,0.03018
2131.32030,0.02894
2129.39150,0.02784
2127.46270,0.02662
2125.53391,0.02538
2123.60511,0.02429
2121.67631,0.02332
2119.74752,0.02282
2117.81872,0.02297
2115.88992,0.02329
2113.96113,0.02352
2112.03233,0.02378
2110.10353,0.02403
2108.17474,0.02418
2106.24594,0.02445
2104.31714,0.02497
2102.38835,0.02523
2100.45955,0.02479
2098.53075,0.02391
2096.60196,0.02308
2094.67316,0.02273
2092.74436,0.02291
2090.81557,0.02319
2088.88677,0.02339
2086.95797,0.02371
2085.02918,0.02416
2083.10038,0.02454
2081.17158,0.02486
2079.24279,0.02499
2077.31399,0.02483
2075.38519,0.02480
2073.45640,0.02527
2071.52760,0.02613
2069.59880,0.02701
2067.67001,0.02725
2065.74121,0.02671
2063.81241,0.02625
2061.88362,0.02625
2059.95482,0.02642
2058.02602,0.02667
2056.09723,0.02723
2054.16843,0.02839
2052.23963,0.02961
2050.31084,0.03048
2048.38204,0.03171
2046.45324,0.03354
2044.52445,0.03490
2042.59565,0.03554
2040.66685,0.03630
2038.73806,0.03619
2036.80926,0.03472
2034.88046,0.03478
2032.95167,0.03703
2031.02287,0.03838
2029.09407,0.03792
2027.16528,0.03706
2025.23648,0.03630
2023.30768,0.03537
2021.37889,0.03383
2019.45009,0.03243
2017.52129,0.03284
2015.59250,0.03409
2013.66370,0.03416
2011.73490,0.03333
2009.80611,0.03314
2007.87731,0.03266
2005.94851,0.03039
2004.01972,0.02875
2002.09092,0.02924
2000.16212,0.03000
1998.23333,0.02954
1996.30453,0.02843
1994.37574,0.02785
1992.44694,0.02779
1990.51814,0.02779
1988.58935,0.02789
1986.66055,0.02804
1984.73175,0.02810
1982.80296,0.02857
1980.87416,0.03000
1978.94536,0.03135
1977.01657,0.03082
1975.08777,0.02960
1973.15897,0.02940
1971.23018,0.02859
1969.30138,0.02675
1967.37258,0.02579
1965.44379,0.02579
1963.51499,0.02555
1961.58619,0.02482
1959.65740,0.02414
1957.72860,0.02363
1955.79980,0.02297
1953.87101,0.02235
1951.94221,0.02225
1950.01341,0.02257
1948.08462,0.02233
1946.15582,0.02143
1944.22702,0.02088
1942.29823,0.02050
1940.36943,0.01966
1938.44063,0.01875
1936.51184,0.01834
1934.58304,0.01838
1932.65424,0.01818
1930.72545,0.01775
1928.79665,0.01785
1926.86785,0.01820
1924.93906,0.01813
1923.01026,0.01800
1921.08146,0.01825
1919.15267,0.01855
1917.22387,0.01838
1915.29507,0.01791
1913.36628,0.01779
1911.43748,0.01811
1909.50868,0.01822
1907.57989,0.01796
1905.65109,0.01780
1903.72229,0.01775
1901.79350,0.01751
1899.86470,0.01722
1897.93590,0.01713
1896.00711,0.01709
1894.07831,0.01696
1892.14951,0.01688
1890.22072,0.01690
1888.29192,0.01676
1886.36312,0.01651
1884.43433,0.01647
1882.50553,0.01664
1880.57673,0.01665
1878.64794,0.01647
1876.71914,0.01639
1874.79034,0.01647
1872.86155,0.01655
1870.93275,0.01647
1869.00395,0.01632
1867.07516,0.01636
1865.14636,0.01658
1863.21756,0.01667
1861.28877,0.01648
1859.35997,0.01632
1857.43117,0.01641
1855.50238,0.01659
1853.57358,0.01669
1851.64478,0.01660
1849.71599,0.01634
1847.78719,0.01601
1845.85839,0.01569
1843.92960,0.01553
1842.00080,0.01569
1840.07200,0.01594
1838.14321,0.01603
1836.21441,0.01604
1834.28561,0.01599
1832.35682,0.01576
1830.42802,0.01537
1828.49922,0.01523
1826.57043,0.01547
1824.64163,0.01570
1822.71283,0.01576
1820.78404,0.01574
1818.85524,0.01581
1816.92644,0.01593
1814.99765,0.01596
1813.06885,0.01589
1811.14005,0.01581
1809.21126,0.01580
1807.28246,0.01579
1805.35366,0.01578
1803.42487,0.01572
1801.49607,0.01556
1799.56727,0.01545
1797.63848,0.01554
1795.70968,0.01559
1793.78088,0.01539
1791.85209,0.01523
1789.92329,0.01534
1787.99449,0.01556
1786.06570,0.01568
1784.13690,0.01563
1782.20810,0.01551
1780.27931,0.01544
1778.35051,0.01545
1776.42171,0.01532
1774.49292,0.01478
1772.56412,0.01419
1770.63532,0.01438
1768.70653,0.01504
1766.77773,0.01533
1764.84893,0.01527
1762.92014,0.01510
1760.99134,0.01505
1759.06254,0.01514
1757.13375,0.01515
1755.20495,0.01513
1753.27615,0.01511
1751.34736,0.01489
1749.41856,0.01454
1747.48976,0.01444
1745.56097,0.01458
1743.63217,0.01456
1741.70337,0.01422
1739.77458,0.01387
1737.84578,0.01384
1735.91698,0.01375
1733.98819,0.01360
1732.05939,0.01392
1730.13059,0.01436
1728.20180,0.01470
1726.27300,0.01496
1724.34420,0.01520
1722.41541,0.01535
1720.48661,0.01532
1718.55781,0.01526
1716.62902,0.01586
1714.70022,0.01734
1712.77142,0.01891
1710.84263,0.02045
1708.91383,0.02206
1706.98503,0.02412
1705.05624,0.02697
1703.12744,0.03007
1701.19864,0.03389
1699.26985,0.03947
1697.34105,0.04632
1695.41225,0.05498
1693.48346,0.06458
1691.55466,0.07406
1689.62586,0.08470
1687.69707,0.09569
1685.76827,0.10774
1683.83947,0.12428
1681.91068,0.14121
1679.98188,0.15533
1678.05308,0.16851
1676.12429,0.18229
1674.19549,0.19659
1672.26669,0.20889
1670.33790,0.22003
1668.40910,0.23115
1666.48030,0.23970
1664.55151,0.24561
1662.62271,0.25040
1660.69391,0.25415
1658.76512,0.25640
1656.83632,0.25717
1654.90752,0.25670
1652.97873,0.25627
1651.04993,0.25777
1649.12113,0.26021
1647.19234,0.26435
1645.26354,0.27166
1643.33474,0.28071
1641.40595,0.29120
1639.47715,0.30319
1637.54835,0.31743
1635.61956,0.33705
1633.69076,0.35866
1631.76197,0.37685
1629.83317,0.39344
1627.90437,0.40915
1625.97558,0.42200
1624.04678,0.43125
1622.11798,0.43695
1620.18919,0.43887
1618.26039,0.43771
1616.33159,0.43486
1614.40280,0.43277
1612.47400,0.43217
1610.54520,0.43310
1608.61641,0.43655
1606.68761,0.44274
1604.75881,0.45108
1602.83002,0.46091
1600.90122,0.47116
1598.97242,0.48034
1597.04363,0.48730
1595.11483,0.49135
1593.18603,0.49148
1591.25724,0.48717
1589.32844,0.47843
1587.39964,0.46563
1585.47085,0.44931
1583.54205,0.43013
1581.61325,0.40939
1579.68446,0.38853
1577.75566,0.36594
1575.82686,0.34039
1573.89807,0.31874
1571.96927,0.30100
1570.04047,0.28161
1568.11168,0.26273
1566.18288,0.24704
1564.25408,0.23309
1562.32529,0.22085
1560.39649,0.20729
1558.46769,0.19086
1556.53890,0.17980
1554.61010,0.17239
1552.68130,0.16485
1550.75251,0.15744
1548.82371,0.15047
1546.89491,0.14427
1544.96612,0.13829
1543.03732,0.13202
1541.10852,0.12569
1539.17973,0.12071
1537.25093,0.11812
1535.32213,0.11578
1533.39334,0.11265
1531.46454,0.10979
1529.53574,0.10749
1527.60695,0.10498
1525.67815,0.10224
1523.74935,0.09960
1521.82056,0.09718
1519.89176,0.09536
1517.96296,0.09404
1516.03417,0.09303
1514.10537,0.09234
1512.17657,0.09170
1510.24778,0.09087
1508.31898,0.08976
1506.39018,0.08942
1504.46139,0.09093
1502.53259,0.09292
1500.60379,0.09471
1498.67500,0.09694
1496.74620,0.10056
1494.81740,0.10528
1492.88861,0.11029
1490.95981,0.11645
1489.03101,0.12468
1487.10222,0.13427
1485.17342,0.14451
1483.24462,0.15558
1481.31583,0.16780
1479.38703,0.18064
1477.45823,0.19366
1475.52944,0.20695
1473.60064,0.22094
1471.67184,0.23531
1469.74305,0.24717
1467.81425,0.25597
1465.88545,0.26312
1463.95666,0.26844
1462.02786,0.27090
1460.09906,0.27028
1458.17027,0.26605
1456.24147,0.25827
1454.31267,0.24959
1452.38388,0.24008
1450.45508,0.22863
1448.52628,0.21544
1446.59749,0.20159
1444.66869,0.18849
1442.73989,0.17610
1440.81110,0.16451
1438.88230,0.15375
1436.95350,0.14253
1435.02471,0.13224
1433.09591,0.12438
1431.16711,0.11729
1429.23832,0.11046
1427.30952,0.10467
1425.38072,0.09965
1423.45193,0.09505
1421.52313,0.09105
1419.59433,0.08724
1417.66554,0.08373
1415.73674,0.08096
1413.80794,0.07849
1411.87915,0.07609
1409.95035,0.07387
1408.02155,0.07187
1406.09276,0.06993
1404.16396,0.06805
1402.23516,0.06638
1400.30637,0.06488
1398.37757,0.06350
1396.44877,0.06227
1394.51998,0.06109
1392.59118,0.06003
1390.66238,0.05915
1388.73359,0.05829
1386.80479,0.05731
1384.87599,0.05639
1382.94720,0.05563
1381.01840,0.05496
1379.08960,0.05430
1377.16081,0.05365
1375.23201,0.05301
1373.30321,0.05244
1371.37442,0.05197
1369.44562,0.05155
1367.51682,0.05115
1365.58803,0.05079
1363.65923,0.05045
1361.73043,0.05011
1359.80164,0.04976
1357.87284,0.04944
1355.94404,0.04913
1354.01525,0.04884
1352.08645,0.04856
1350.15765,0.04831
1348.22886,0.04809
1346.30006,0.04790
1344.37126,0.04777
1342.44247,0.04770
1340.51367,0.04769
1338.58487,0.04764
1336.65608,0.04756
1334.72728,0.04748
1332.79848,0.04741
1330.86969,0.04732
1328.94089,0.04717
1327.01209,0.04695
1325.08330,0.04669
1323.15450,0.04642
1321.22570,0.04617
1319.29691,0.04594
1317.36811,0.04575
1315.43931,0.04558
1313.51052,0.04542
1311.58172,0.04527
1309.65292,0.04516
1307.72413,0.04505
1305.79533,0.04495
1303.86653,0.04489
1301.93774,0.04485
1300.00894,0.04480
1298.08014,0.04475
1296.15135,0.04472
1294.22255,0.04468
1292.29375,0.04466
1290.36496,0.04464
1288.43616,0.04464
1286.50736,0.04464
1284.57857,0.04463
1282.64977,0.04462
1280.72097,0.04462
1278.79218,0.04461
1276.86338,0.04462
1274.93458,0.04464
1273.00579,0.04467
1271.07699,0.04469
1269.14820,0.04472
1267.21940,0.04476
1265.29060,0.04481
1263.36181,0.04483
1261.43301,0.04484
1259.50421,0.04488
1257.57542,0.04493
1255.64662,0.04499
1253.71782,0.04510
1251.78903,0.04523
1249.86023,0.04537
1247.93143,0.04549
1246.00264,0.04561
1244.07384,0.04573
1242.14504,0.04583
1240.21625,0.04594
1238.28745,0.04606
1236.35865,0.04620
1234.42986,0.04633
1232.50106,0.04649
1230.57226,0.04672
1228.64347,0.04696
1226.71467,0.04716
1224.78587,0.04738
1222.85708,0.04765
1220.92828,0.04798
1218.99948,0.04835
1217.07069,0.04878
1215.14189,0.04927
1213.21309,0.04978
1211.28430,0.05032
1209.35550,0.05090
1207.42670,0.05157
1205.49791,0.05233
1203.56911,0.05318
1201.64031,0.05413
1199.71152,0.05521
1197.78272,0.05643
1195.85392,0.05782
1193.92513,0.05940
1191.99633,0.06119
1190.06753,0.06319
1188.13874,0.06543
1186.20994,0.06795
1184.28114,0.07078
1182.35235,0.07396
1180.42355,0.07759
1178.49475,0.08164
1176.56596,0.08599
1174.63716,0.09062
1172.70836,0.09553
1170.77957,0.10061
1168.85077,0.10571
1166.92197,0.11066
1164.99318,0.11523
1163.06438,0.11920
1161.13558,0.12234
1159.20679,0.12440
1157.27799,0.12519
1155.34919,0.12465
1153.42040,0.12284
1151.49160,0.11992
1149.56280,0.11607
1147.63401,0.11155
1145.70521,0.10661
1143.77641,0.10148
1141.84762,0.09643
1139.91882,0.09161
1137.99002,0.08709
1136.06123,0.08292
1134.13243,0.07916
1132.20363,0.07581
1130.27484,0.07284
1128.34604,0.07021
1126.41724,0.06789
1124.48845,0.06585
1122.55965,0.06407
1120.63085,0.06251
1118.70206,0.06114
1116.77326,0.05993
1114.84446,0.05886
1112.91567,0.05794
1110.98687,0.05714
1109.05807,0.05645
1107.12928,0.05586
1105.20048,0.05536
1103.27168,0.05493
1101.34289,0.05458
1099.41409,0.05435
1097.48529,0.05422
1095.55650,0.05417
1093.62770,0.05423
1091.69890,0.05438
1089.77011,0.05460
1087.84131,0.05491
1085.91251,0.05531
1083.98372,0.05577
1082.05492,0.05628
1080.12612,0.05682
1078.19733,0.05739
1076.26853,0.05796
1074.33973,0.05851
1072.41094,0.05903
1070.48214,0.05947
1068.55334,0.05980
1066.62455,0.06000
1064.69575,0.06009
1062.76695,0.06003
1060.83816,0.05981
1058.90936,0.05947
1056.98056,0.05899
1055.05177,0.05839
1053.12297,0.05770
1051.19417,0.05700
1049.26538,0.05631
1047.33658,0.05562
1045.40778,0.05497
1043.47899,0.05433
1041.55019,0.05368
1039.62139,0.05304
1037.69260,0.05242
1035.76380,0.05182
1033.83500,0.05126
1031.90621,0.05073
1029.97741,0.05023
1028.04861,0.04973
1026.11982,0.04925
1024.19102,0.04881
1022.26222,0.04842
1020.33343,0.04810
1018.40463,0.04787
1016.47583,0.04772
1014.54704,0.04763
1012.61824,0.04753
1010.68944,0.04734
1008.76065,0.04700
1006.83185,0.04649
1004.90305,0.04586
1002.97426,0.04516
1001.04546,0.04450
999.11666,0.04392
997.18787,0.04345
995.25907,0.04309
993.33027,0.04279
991.40148,0.04246
989.47268,0.04211
987.54388,0.04179
985.61509,0.04146
983.68629,0.04109
981.75749,0.04071
979.82870,0.04033
977.89990,0.03995
975.97110,0.03954
974.04231,0.03913
972.11351,0.03873
970.18471,0.03832
968.25592,0.03791
966.32712,0.03753
964.39832,0.03718
962.46953,0.03682
960.54073,0.03640
958.61193,0.03598
956.68314,0.03558
954.75434,0.03518
952.82554,0.03480
950.89675,0.03443
948.96795,0.03405
947.03915,0.03363
945.11036,0.03319
943.18156,0.03279
941.25276,0.03240
939.32397,0.03200
937.39517,0.03161
935.46637,0.03121
933.53758,0.03081
931.60878,0.03039
929.67998,0.02994
927.75119,0.02949
925.82239,0.02905
923.89359,0.02858
921.96480,0.02808
920.03600,0.02758
918.10720,0.02710
916.17841,0.02664
914.24961,0.02618
912.32081,0.02571
910.39202,0.02526
908.46322,0.02486
906.53443,0.02449
904.60563,0.02410
902.67683,0.02370
900.74804,0.02330
898.81924,0.02291
896.89044,0.02249
894.96165,0.02204
893.03285,0.02157
891.10405,0.02109
889.17526,0.02065
887.24646,0.02022
885.31766,0.01976
883.38887,0.01929
881.46007,0.01882
879.53127,0.01838
877.60248,0.01794
875.67368,0.01750
873.74488,0.01708
871.81609,0.01672
869.88729,0.01639
867.95849,0.01604
866.02970,0.01567
864.10090,0.01530
862.17210,0.01494
860.24331,0.01461
858.31451,0.01429
856.38571,0.01396
854.45692,0.01370
852.52812,0.01349
850.59932,0.01327
848.67053,0.01301
846.74173,0.01280
844.81293,0.01265
842.88414,0.01249
840.95534,0.01226
839.02654,0.01202
837.09775,0.01184
835.16895,0.01168
833.24015,0.01151
831.31136,0.01138
829.38256,0.01132
827.45376,0.01131
825.52497,0.01131
823.59617,0.01134
821.66737,0.01142
819.73858,0.01149
817.80978,0.01156
815.88098,0.01169
813.95219,0.01189
812.02339,0.01212
810.09459,0.01238
808.16580,0.01275
806.23700,0.01318
804.30820,0.01366
802.37941,0.01423
800.45061,0.01484
798.52181,0.01553
796.59302,0.01657
794.66422,0.01789
792.73542,0.01916
790.80663,0.02024
788.87783,0.02113
786.94903,0.02186
785.02024,0.02241
783.09144,0.02255
781.16264,0.02202
779.23385,0.02097
777.30505,0.01972
775.37625,0.01837
773.44746,0.01698
771.51866,0.01591
769.58986,0.01531
767.66107,0.01499
765.73227,0.01486
763.80347,0.01467
761.87468,0.01421
759.94588,0.01369
758.01708,0.01331
756.08829,0.01305
754.15949,0.01290
752.23069,0.01300
750.30190,0.01314
748.37310,0.01294
