3496.90832,0.04983
3494.97953,0.04799
3493.05073,0.04223
3491.12193,0.04068
3489.19314,0.04418
3487.26434,0.04583
3485.33554,0.04338
3483.40675,0.04292
3481.47795,0.04513
3479.54915,0.04599
3477.62036,0.04901
3475.69156,0.05568
3473.76276,0.05739
3471.83397,0.04937
3469.90517,0.04129
3467.97637,0.04343
3466.04758,0.05137
3464.11878,0.05507
3462.18998,0.05254
3460.26119,0.04782
3458.33239,0.04359
3456.40359,0.03915
3454.47480,0.03732
3452.54600,0.04111
3450.61721,0.04431
3448.68841,0.03953
3446.75961,0.03165
3444.83082,0.03043
3442.90202,0.03442
3440.97322,0.03685
3439.04443,0.03612
3437.11563,0.03277
3435.18683,0.02828
3433.25804,0.02612
3431.32924,0.02626
3429.40044,0.02886
3427.47165,0.03540
3425.54285,0.04048
3423.61405,0.04024
3421.68526,0.03894
3419.75646,0.04165
3417.82766,0.04819
3415.89887,0.04967
3413.97007,0.04223
3412.04127,0.03440
3410.11248,0.03245
3408.18368,0.03230
3406.25488,0.02793
3404.32609,0.02094
3402.39729,0.01766
3400.46849,0.02424
3398.53970,0.03590
3396.61090,0.03760
3394.68210,0.03002
3392.75331,0.02581
3390.82451,0.02655
3388.89571,0.03050
3386.96692,0.03582
3385.03812,0.03425
3383.10932,0.02689
3381.18053,0.02736
3379.25173,0.03611
3377.32293,0.04272
3375.39414,0.04270
3373.46534,0.04055
3371.53654,0.04349
3369.60775,0.04732
3367.67895,0.04729
3365.75015,0.04651
3363.82136,0.04388
3361.89256,0.03837
3359.96376,0.03312
3358.03497,0.03226
3356.10617,0.04006
3354.17737,0.05199
3352.24858,0.05502
3350.31978,0.04918
3348.39098,0.04657
3346.46219,0.05118
3344.53339,0.05949
3342.60459,0.06391
3340.67580,0.05937
3338.74700,0.05010
3336.81820,0.04137
3334.88941,0.03924
3332.96061,0.04236
3331.03181,0.04123
3329.10302,0.03857
3327.17422,0.03724
3325.24542,0.03146
3323.31663,0.02492
3321.38783,0.02471
3319.45903,0.03033
3317.53024,0.03785
3315.60144,0.03796
3313.67264,0.02792
3311.74385,0.01897
3309.81505,0.01704
3307.88625,0.01996
3305.95746,0.02227
3304.02866,0.01840
3302.09986,0.01408
3300.17107,0.01513
3298.24227,0.01591
3296.31347,0.01527
3294.38468,0.01668
3292.45588,0.01807
3290.52708,0.01757
3288.59829,0.01632
3286.66949,0.01495
3284.74069,0.01279
3282.81190,0.01178
3280.88310,0.01537
3278.95430,0.02132
3277.02551,0.02526
3275.09671,0.02714
3273.16791,0.02638
3271.23912,0.02327
3269.31032,0.02158
3267.38152,0.02107
3265.45273,0.01746
3263.52393,0.01094
3261.59513,0.00625
3259.66634,0.00695
3257.73754,0.01226
3255.80874,0.02075
3253.87995,0.03011
3251.95115,0.03321
3250.02235,0.02727
3248.09356,0.01873
3246.16476,0.01466
3244.23596,0.01705
3242.30717,0.01998
3240.37837,0.02191
3238.44957,0.02792
3236.52078,0.03163
3234.59198,0.02752
3232.66318,0.02248
3230.73439,0.02004
3228.80559,0.01917
3226.87679,0.02072
3224.94800,0.02370
3223.01920,0.02710
3221.09040,0.03187
3219.16161,0.03546
3217.23281,0.03727
3215.30401,0.03941
3213.37522,0.03943
3211.44642,0.03896
3209.51762,0.04080
3207.58883,0.04065
3205.66003,0.03857
3203.73123,0.03883
3201.80244,0.04116
3199.87364,0.04268
3197.94484,0.04369
3196.01605,0.04418
3194.08725,0.03962
3192.15845,0.03257
3190.22966,0.03264
3188.30086,0.03876
3186.37206,0.04079
3184.44327,0.03757
3182.51447,0.03457
3180.58567,0.03405
3178.65688,0.03559
3176.72808,0.03601
3174.79928,0.03255
3172.87049,0.02644
3170.94169,0.02129
3169.01289,0.01926
3167.08410,0.01993
3165.15530,0.02353
3163.22650,0.02851
3161.29771,0.03001
3159.36891,0.02580
3157.44011,0.02038
3155.51132,0.02049
3153.58252,0.02490
3151.65372,0.02627
3149.72493,0.02306
3147.79613,0.02068
3145.86733,0.02177
3143.93854,0.02313
3142.00974,0.02276
3140.08094,0.02190
3138.15215,0.02128
3136.22335,0.02053
3134.29455,0.02001
3132.36576,0.02086
3130.43696,0.02311
3128.50816,0.02397
3126.57937,0.02153
3124.65057,0.01906
3122.72177,0.02024
3120.79298,0.02366
3118.86418,0.02588
3116.93538,0.02548
3115.00659,0.02340
3113.07779,0.02205
3111.14899,0.02276
3109.22020,0.02398
3107.29140,0.02424
3105.36260,0.02331
3103.43381,0.02148
3101.50501,0.02040
3099.57621,0.02060
3097.64742,0.02034
3095.71862,0.01914
3093.78982,0.01821
3091.86103,0.01761
3089.93223,0.01725
3088.00344,0.01796
3086.07464,0.01916
3084.14584,0.01976
3082.21705,0.01996
3080.28825,0.01990
3078.35945,0.01930
3076.43066,0.01830
3074.50186,0.01770
3072.57306,0.01819
3070.64427,0.01924
3068.71547,0.01944
3066.78667,0.01881
3064.85788,0.01862
3062.92908,0.01891
3061.00028,0.01916
3059.07149,0.01937
3057.14269,0.01926
3055.21389,0.01916
3053.28510,0.01989
3051.35630,0.02106
3049.42750,0.02148
3047.49871,0.02078
3045.56991,0.01985
3043.64111,0.01966
3041.71232,0.02036
3039.78352,0.02120
3037.85472,0.02141
3035.92593,0.02142
3033.99713,0.02167
3032.06833,0.02173
3030.13954,0.02198
3028.21074,0.02266
3026.28194,0.02265
3024.35315,0.02182
3022.42435,0.02167
3020.49555,0.02230
3018.56676,0.02262
3016.63796,0.02257
3014.70916,0.02258
3012.78037,0.02291
3010.85157,0.02362
3008.92277,0.02403
3006.99398,0.02375
3005.06518,0.02320
3003.13638,0.02259
3001.20759,0.02185
2999.27879,0.02140
2997.34999,0.02174
2995.42120,0.02266
2993.49240,0.02332
2991.56360,0.02315
2989.63481,0.02290
2987.70601,0.02312
2985.77721,0.02322
2983.84842,0.02334
2981.91962,0.02395
2979.99082,0.02448
2978.06203,0.02449
2976.13323,0.02428
2974.20443,0.02388
2972.27564,0.02371
2970.34684,0.02412
2968.41804,0.02434
2966.48925,0.02405
2964.56045,0.02416
2962.63165,0.02466
2960.70286,0.02483
2958.77406,0.02482
2956.84526,0.02498
2954.91647,0.02522
2952.98767,0.02543
2951.05887,0.02564
2949.13008,0.02599
2947.20128,0.02642
2945.27248,0.02651
2943.34369,0.02617
2941.41489,0.02566
2939.48609,0.02534
2937.55730,0.02547
2935.62850,0.02572
2933.69970,0.02573
2931.77091,0.02585
2929.84211,0.02601
2927.91331,0.02567
2925.98452,0.02516
2924.05572,0.02517
2922.12692,0.02552
2920.19813,0.02594
2918.26933,0.02658
2916.34053,0.02721
2914.41174,0.02736
2912.48294,0.02715
2910.55414,0.02696
2908.62535,0.02682
2906.69655,0.02666
2904.76775,0.02651
2902.83896,0.02641
2900.91016,0.02653
2898.98136,0.02707
2897.05257,0.02761
2895.12377,0.02761
2893.19497,0.02731
2891.26618,0.02727
2889.33738,0.02746
2887.40858,0.02742
2885.47979,0.02725
2883.55099,0.02739
2881.62219,0.02791
2879.69340,0.02824
2877.76460,0.02815
2875.83580,0.02820
2873.90701,0.02854
2871.97821,0.02859
2870.04941,0.02826
2868.12062,0.02815
2866.19182,0.02842
2864.26302,0.02857
2862.33423,0.02852
2860.40543,0.02878
2858.47663,0.02927
2856.54784,0.02946
2854.61904,0.02943
2852.69024,0.02943
2850.76145,0.02939
2848.83265,0.02959
2846.90385,0.03003
2844.97506,0.03033
2843.04626,0.03055
2841.11746,0.03069
2839.18867,0.03070
2837.25987,0.03075
2835.33107,0.03087
2833.40228,0.03091
2831.47348,0.03088
2829.54468,0.03089
2827.61589,0.03096
2825.68709,0.03101
2823.75829,0.03120
2821.82950,0.03167
2819.90070,0.03204
2817.97190,0.03201
2816.04311,0.03173
2814.11431,0.03165
2812.18551,0.03186
2810.25672,0.03186
2808.32792,0.03161
2806.39912,0.03149
2804.47033,0.03150
2802.54153,0.03148
2800.61273,0.03150
2798.68394,0.03148
2796.75514,0.03125
2794.82634,0.03094
2792.89755,0.03076
2790.96875,0.03069
2789.03995,0.03068
2787.11116,0.03050
2785.18236,0.03010
2783.25356,0.02986
2781.32477,0.02990
2779.39597,0.02994
2777.46717,0.02973
2775.53838,0.02933
2773.60958,0.02905
2771.68078,0.02910
2769.75199,0.02939
2767.82319,0.02971
2765.89439,0.02983
2763.96560,0.02961
2762.03680,0.02924
2760.10800,0.02899
2758.17921,0.02894
2756.25041,0.02893
2754.32161,0.02879
2752.39282,0.02853
2750.46402,0.02838
2748.53522,0.02852
2746.60643,0.02881
2744.67763,0.02893
2742.74883,0.02887
2740.82004,0.02874
2738.89124,0.02855
2736.96244,0.02847
2735.03365,0.02870
2733.10485,0.02895
2731.17605,0.02902
2729.24726,0.02898
2727.31846,0.02892
2725.38967,0.02879
2723.46087,0.02856
2721.53207,0.02848
2719.60328,0.02863
2717.67448,0.02878
2715.74568,0.02879
2713.81689,0.02874
2711.88809,0.02883
2709.95929,0.02890
2708.03050,0.02893
2706.10170,0.02907
2704.17290,0.02916
2702.24411,0.02901
2700.31531,0.02877
2698.38651,0.02862
2696.45772,0.02859
2694.52892,0.02874
2692.60012,0.02897
2690.67133,0.02900
2688.74253,0.02878
2686.81373,0.02858
2684.88494,0.02857
2682.95614,0.02874
2681.02734,0.02898
2679.09855,0.02918
2677.16975,0.02919
2675.24095,0.02905
2673.31216,0.02897
2671.38336,0.02906
2669.45456,0.02913
2667.52577,0.02903
2665.59697,0.02885
2663.66817,0.02866
2661.73938,0.02838
2659.81058,0.02815
2657.88178,0.02818
2655.95299,0.02840
2654.02419,0.02862
2652.09539,0.02879
2650.16660,0.02885
2648.23780,0.02883
2646.30900,0.02890
2644.38021,0.02908
2642.45141,0.02931
2640.52261,0.02946
2638.59382,0.02943
2636.66502,0.02943
2634.73622,0.02948
2632.80743,0.02947
2630.87863,0.02953
2628.94983,0.02966
2627.02104,0.02975
2625.09224,0.02985
2623.16344,0.02992
2621.23465,0.02996
2619.30585,0.03010
2617.37705,0.03028
2615.44826,0.03041
2613.51946,0.03053
2611.59066,0.03050
2609.66187,0.03023
2607.73307,0.03000
2605.80427,0.03000
2603.87548,0.03020
2601.94668,0.03037
2600.01788,0.03037
2598.08909,0.03047
2596.16029,0.03080
2594.23149,0.03097
2592.30270,0.03082
2590.37390,0.03071
2588.44510,0.03066
2586.51631,0.03037
2584.58751,0.03011
2582.65871,0.03008
2580.72992,0.02987
2578.80112,0.02957
2576.87232,0.02984
2574.94353,0.03040
2573.01473,0.03060
2571.08593,0.03074
2569.15714,0.03096
2567.22834,0.03097
2565.29954,0.03083
2563.37075,0.03067
2561.44195,0.03048
2559.51315,0.03031
2557.58436,0.03034
2555.65556,0.03064
2553.72676,0.03073
2551.79797,0.03034
2549.86917,0.03005
2547.94037,0.03023
2546.01158,0.03049
2544.08278,0.03051
2542.15398,0.03023
2540.22519,0.03010
2538.29639,0.03043
2536.36759,0.03075
2534.43880,0.03061
2532.51000,0.03033
2530.58120,0.03027
2528.65241,0.03026
2526.72361,0.02992
2524.79481,0.02929
2522.86602,0.02893
2520.93722,0.02914
2519.00842,0.02937
2517.07963,0.02937
2515.15083,0.02976
2513.22203,0.03033
2511.29324,0.03023
2509.36444,0.02970
2507.43564,0.02965
2505.50685,0.03000
2503.57805,0.02990
2501.64925,0.02933
2499.72046,0.02914
2497.79166,0.02927
2495.86286,0.02918
2493.93407,0.02915
2492.00527,0.02921
2490.07647,0.02890
2488.14768,0.02865
2486.21888,0.02901
2484.29008,0.02948
2482.36129,0.02954
2480.43249,0.02945
2478.50369,0.02939
2476.57490,0.02930
2474.64610,0.02923
2472.71730,0.02912
2470.78851,0.02902
2468.85971,0.02921
2466.93091,0.02937
2465.00212,0.02932
2463.07332,0.02939
2461.14452,0.02943
2459.21573,0.02911
2457.28693,0.02864
2455.35813,0.02822
2453.42934,0.02812
2451.50054,0.02849
2449.57174,0.02851
2447.64295,0.02784
2445.71415,0.02741
2443.78535,0.02760
2441.85656,0.02777
2439.92776,0.02765
2437.99896,0.02759
2436.07017,0.02767
2434.14137,0.02784
2432.21257,0.02801
2430.28378,0.02794
2428.35498,0.02764
2426.42618,0.02743
2424.49739,0.02745
2422.56859,0.02755
2420.63979,0.02742
2418.71100,0.02701
2416.78220,0.02666
2414.85340,0.02660
2412.92461,0.02652
2410.99581,0.02636
2409.06701,0.02645
2407.13822,0.02661
2405.20942,0.02647
2403.28062,0.02620
2401.35183,0.02595
2399.42303,0.02550
2397.49423,0.02501
2395.56544,0.02477
2393.63664,0.02480
2391.70784,0.02514
2389.77905,0.02612
2387.85025,0.02844
2385.92145,0.03327
2383.99266,0.04156
2382.06386,0.05337
2380.13506,0.06796
2378.20627,0.08401
2376.27747,0.10064
2374.34867,0.11801
2372.41988,0.13629
2370.49108,0.15465
2368.56228,0.17191
2366.63349,0.18745
2364.70469,0.20039
2362.77589,0.20925
2360.84710,0.21299
2358.91830,0.21047
2356.98951,0.20075
2355.06071,0.18437
2353.13191,0.16263
2351.20312,0.14057
2349.27432,0.12879
2347.34552,0.13383
2345.41673,0.14995
2343.48793,0.16145
2341.55913,0.16278
2339.63034,0.15982
2337.70154,0.15602
2335.77274,0.15275
2333.84395,0.15147
2331.91515,0.15163
2329.98635,0.14937
2328.05756,0.14349
2326.12876,0.13759
2324.19996,0.13364
2322.27117,0.12898
2320.34237,0.12060
2318.41357,0.10988
2316.48478,0.10063
2314.55598,0.09468
2312.62718,0.09045
2310.69839,0.08546
2308.76959,0.07903
2306.84079,0.07180
2304.91200,0.06480
2302.98320,0.05914
2301.05440,0.05497
2299.12561,0.05133
2297.19681,0.04768
2295.26801,0.04434
2293.33922,0.04152
2291.41042,0.03907
2289.48162,0.03675
2287.55283,0.03440
2285.62403,0.03227
2283.69523,0.03095
2281.76644,0.03073
2279.83764,0.03151
2277.90884,0.03278
2275.98005,0.03365
2274.05125,0.03388
2272.12245,0.03399
2270.19366,0.03429
2268.26486,0.03473
2266.33606,0.03516
2264.40727,0.03527
2262.47847,0.03511
2260.54967,0.03506
2258.62088,0.03524
2256.69208,0.03563
2254.76328,0.03601
2252.83449,0.03611
2250.90569,0.03599
2248.97689,0.03595
2247.04810,0.03610
2245.11930,0.03604
2243.19050,0.03557
2241.26171,0.03526
2239.33291,0.03560
2237.40411,0.03605
2235.47532,0.03598
2233.54652,0.03543
2231.61772,0.03483
2229.68893,0.03532
2227.76013,0.03696
2225.83133,0.03819
2223.90254,0.03860
2221.97374,0.03886
2220.04494,0.03913
2218.11615,0.03982
2216.18735,0.04082
2214.25855,0.04059
2212.32976,0.03910
2210.40096,0.03885
2208.47216,0.04056
2206.54337,0.04177
2204.61457,0.04148
2202.68577,0.04152
2200.75698,0.04291
2198.82818,0.04460
2196.89938,0.04528
2194.97059,0.04477
2193.04179,0.04455
2191.11299,0.04517
2189.18420,0.04519
2187.25540,0.04423
2185.32660,0.04388
2183.39781,0.04485
2181.46901,0.04659
2179.54021,0.04873
2177.61142,0.05049
2175.68262,0.05148
2173.75382,0.05173
2171.82503,0.05069
2169.89623,0.04866
2167.96743,0.04696
2166.03864,0.04721
2164.10984,0.05076
2162.18104,0.05592
2160.25225,0.05851
2158.32345,0.05813
2156.39465,0.05678
2154.46586,0.05388
2152.53706,0.05015
2150.60826,0.04670
2148.67947,0.04330
2146.75067,0.04051
2144.82187,0.03880
2142.89308,0.03694
2140.96428,0.03443
2139.03548,0.03294
2137.10669,0.03281
2135.17789,0.03213
2133.24909,0.03048
2131.32030,0.02908
2129.39150,0.02811
2127.46270,0.02679
2125.53391,0.02544
2123.60511,0.02492
2121.67631,0.02475
2119.74752,0.02413
2117.81872,0.02345
2115.88992,0.02318
2113.96113,0.02330
2112.03233,0.02373
2110.10353,0.02427
2108.17474,0.02481
2106.24594,0.02519
2104.31714,0.02513
2102.38835,0.02484
2100.45955,0.02469
2098.53075,0.02471
2096.60196,0.02450
2094.67316,0.02396
2092.74436,0.02341
2090.81557,0.02307
2088.88677,0.02303
2086.95797,0.02342
2085.02918,0.02417
2083.10038,0.02469
2081.17158,0.02463
2079.24279,0.02447
2077.31399,0.02462
2075.38519,0.02488
2073.45640,0.02489
2071.52760,0.02475
2069.59880,0.02498
2067.67001,0.02594
2065.74121,0.02716
2063.81241,0.02768
2061.88362,0.02726
2059.95482,0.02683
2058.02602,0.02719
2056.09723,0.02784
2054.16843,0.02819
2052.23963,0.02843
2050.31084,0.02937
2048.38204,0.03159
2046.45324,0.03377
2044.52445,0.03466
2042.59565,0.03505
2040.66685,0.03585
2038.73806,0.03691
2036.80926,0.03773
2034.88046,0.03825
2032.95167,0.03872
2031.02287,0.03898
2029.09407,0.03858
2027.16528,0.03809
2025.23648,0.03814
2023.30768,0.03829
2021.37889,0.03714
2019.45009,0.03435
2017.52129,0.03240
2015.59250,0.03265
2013.66370,0.03371
2011.73490,0.03401
2009.80611,0.03353
2007.87731,0.03256
2005.94851,0.03076
2004.01972,0.02970
2002.09092,0.03101
2000.16212,0.03280
1998.23333,0.03213
1996.30453,0.02896
1994.37574,0.02605
1992.44694,0.02568
1990.51814,0.02700
1988.58935,0.02771
1986.66055,0.02790
1984.73175,0.02841
1982.80296,0.02912
1980.87416,0.02970
1978.94536,0.02956
1977.01657,0.02887
1975.08777,0.02828
1973.15897,0.02756
1971.23018,0.02597
1969.30138,0.02445
1967.37258,0.02504
1965.44379,0.02675
1963.51499,0.02720
1961.58619,0.02670
1959.65740,0.02643
1957.72860,0.02577
1955.79980,0.02435
1953.87101,0.02317
1951.94221,0.02290
1950.01341,0.02328
1948.08462,0.02326
1946.15582,0.02212
1944.22702,0.02081
1942.29823,0.02039
1940.36943,0.02024
1938.44063,0.01947
1936.51184,0.01871
1934.58304,0.01844
1932.65424,0.01802
1930.72545,0.01756
1928.79665,0.01782
1926.86785,0.01829
1924.93906,0.01827
1923.01026,0.01816
1921.08146,0.01836
1919.15267,0.01840
1917.22387,0.01812
1915.29507,0.01796
1913.36628,0.01804
1911.43748,0.01811
1909.50868,0.01797
1907.57989,0.01764
1905.65109,0.01725
1903.72229,0.01709
1901.79350,0.01718
1899.86470,0.01721
1897.93590,0.01707
1896.00711,0.01692
1894.07831,0.01684
1892.14951,0.01683
1890.22072,0.01680
1888.29192,0.01677
1886.36312,0.01678
1884.43433,0.01680
1882.50553,0.01684
1880.57673,0.01684
1878.64794,0.01673
1876.71914,0.01660
1874.79034,0.01654
1872.86155,0.01654
1870.93275,0.01645
1869.00395,0.01633
1867.07516,0.01639
1865.14636,0.01655
1863.21756,0.01663
1861.28877,0.01645
1859.35997,0.01621
1857.43117,0.01617
1855.50238,0.01628
1853.57358,0.01631
1851.64478,0.01624
1849.71599,0.01621
1847.78719,0.01616
1845.85839,0.01593
1843.92960,0.01570
1842.00080,0.01583
1840.07200,0.01608
1838.14321,0.01612
1836.21441,0.01599
1834.28561,0.01584
1832.35682,0.01570
1830.42802,0.01554
1828.49922,0.01554
1826.57043,0.01566
1824.64163,0.01567
1822.71283,0.01569
1820.78404,0.01578
1818.85524,0.01591
1816.92644,0.01601
1814.99765,0.01602
1813.06885,0.01590
1811.14005,0.01572
1809.21126,0.01564
1807.28246,0.01562
1805.35366,0.01557
1803.42487,0.01551
1801.49607,0.01546
1799.56727,0.01547
1797.63848,0.01554
1795.70968,0.01549
1793.78088,0.01522
1791.85209,0.01508
1789.92329,0.01527
1787.99449,0.01554
1786.06570,0.01568
1784.13690,0.01569
1782.20810,0.01566
1780.27931,0.01561
1778.35051,0.01556
1776.42171,0.01537
1774.49292,0.01480
1772.56412,0.01420
1770.63532,0.01443
1768.70653,0.01514
1766.77773,0.01546
1764.84893,0.01540
1762.92014,0.01520
1760.99134,0.01508
1759.06254,0.01510
1757.13375,0.01506
1755.20495,0.01503
1753.27615,0.01502
1751.34736,0.01477
1749.41856,0.01438
1747.48976,0.01431
1745.56097,0.01451
1743.63217,0.01454
1741.70337,0.01421
1739.77458,0.01389
1737.84578,0.01392
1735.91698,0.01380
1733.98819,0.01357
1732.05939,0.01392
1730.13059,0.01440
1728.20180,0.01472
1726.27300,0.01491
1724.34420,0.01512
1722.41541,0.01530
1720.48661,0.01532
1718.55781,0.01524
1716.62902,0.01574
1714.70022,0.01717
1712.77142,0.01882
1710.84263,0.02044
1708.91383,0.02201
1706.98503,0.02397
1705.05624,0.02679
1703.12744,0.02992
1701.19864,0.03372
1699.26985,0.03925
1697.34105,0.04610
1695.41225,0.05482
1693.48346,0.06446
1691.55466,0.07394
1689.62586,0.08457
1687.69707,0.09559
1685.76827,0.10768
1683.83947,0.12423
1681.91068,0.14116
1679.98188,0.15527
1678.05308,0.16844
1676.12429,0.18230
1674.19549,0.19672
1672.26669,0.20901
1670.33790,0.22003
1668.40910,0.23107
1666.48030,0.23969
1664.55151,0.24574
1662.62271,0.25053
1660.69391,0.25418
1658.76512,0.25634
1656.83632,0.25705
1654.90752,0.25659
1652.97873,0.25628
1651.04993,0.25777
1649.12113,0.26006
1647.19234,0.26408
1645.26354,0.27138
1643.33474,0.28053
1641.40595,0.29110
1639.47715,0.30310
1637.54835,0.31736
1635.61956,0.33711
1633.69076,0.35885
1631.76197,0.37705
1629.83317,0.39371
1627.90437,0.40959
1625.97558,0.42245
1624.04678,0.43154
1622.11798,0.43713
1620.18919,0.43896
1618.26039,0.43765
1616.33159,0.43486
1614.40280,0.43296
1612.47400,0.43246
1610.54520,0.43345
1608.61641,0.43689
1606.68761,0.44300
1604.75881,0.45132
1602.83002,0.46111
1600.90122,0.47131
1598.97242,0.48062
1597.04363,0.48772
1595.11483,0.49163
1593.18603,0.49164
1591.25724,0.48739
1589.32844,0.47863
1587.39964,0.46567
1585.47085,0.44932
1583.54205,0.43028
1581.61325,0.40965
1579.68446,0.38880
1577.75566,0.36620
1575.82686,0.34065
1573.89807,0.31899
1571.96927,0.30119
1570.04047,0.28174
1568.11168,0.26284
1566.18288,0.24715
1564.25408,0.23322
1562.32529,0.22095
1560.39649,0.20728
1558.46769,0.19068
1556.53890,0.17957
1554.61010,0.17216
1552.68130,0.16465
1550.75251,0.15733
1548.82371,0.15044
1546.89491,0.14424
1544.96612,0.13825
1543.03732,0.13196
1541.10852,0.12556
1539.17973,0.12055
1537.25093,0.11796
1535.32213,0.11562
1533.39334,0.11253
1531.46454,0.10976
1529.53574,0.10752
1527.60695,0.10502
1525.67815,0.10229
1523.74935,0.09965
1521.82056,0.09719
1519.89176,0.09532
1517.96296,0.09397
1516.03417,0.09294
1514.10537,0.09226
1512.17657,0.09166
1510.24778,0.09080
1508.31898,0.08959
1506.39018,0.08921
1504.46139,0.09077
1502.53259,0.09278
1500.60379,0.09459
1498.67500,0.09684
1496.74620,0.10048
1494.81740,0.10524
1492.88861,0.11026
1490.95981,0.11640
1489.03101,0.12459
1487.10222,0.13416
1485.17342,0.14444
1483.24462,0.15555
1481.31583,0.16780
1479.38703,0.18065
1477.45823,0.19367
1475.52944,0.20699
1473.60064,0.22103
1471.67184,0.23542
1469.74305,0.24727
1467.81425,0.25604
1465.88545,0.26315
1463.95666,0.26849
1462.02786,0.27101
1460.09906,0.27042
1458.17027,0.26614
1456.24147,0.25824
1454.31267,0.24956
1452.38388,0.24010
1450.45508,0.22870
1448.52628,0.21550
1446.59749,0.20163
1444.66869,0.18855
1442.73989,0.17618
1440.81110,0.16460
1438.88230,0.15381
1436.95350,0.14257
1435.02471,0.13230
1433.09591,0.12445
1431.16711,0.11737
1429.23832,0.11055
1427.30952,0.10476
1425.38072,0.09973
1423.45193,0.09511
1421.52313,0.09107
1419.59433,0.08722
1417.66554,0.08371
1415.73674,0.08095
1413.80794,0.07850
1411.87915,0.07610
1409.95035,0.07384
1408.02155,0.07179
1406.09276,0.06984
1404.16396,0.06798
1402.23516,0.06636
1400.30637,0.06486
1398.37757,0.06344
1396.44877,0.06216
1394.51998,0.06099
1392.59118,0.05998
1390.66238,0.05913
1388.73359,0.05827
1386.80479,0.05730
1384.87599,0.05640
1382.94720,0.05565
1381.01840,0.05500
1379.08960,0.05435
1377.16081,0.05369
1375.23201,0.05305
1373.30321,0.05249
1371.37442,0.05202
1369.44562,0.05157
1367.51682,0.05115
1365.58803,0.05079
1363.65923,0.05046
1361.73043,0.05010
1359.80164,0.04974
1357.87284,0.04941
1355.94404,0.04909
1354.01525,0.04878
1352.08645,0.04849
1350.15765,0.04825
1348.22886,0.04803
1346.30006,0.04785
1344.37126,0.04770
1342.44247,0.04763
1340.51367,0.04764
1338.58487,0.04764
1336.65608,0.04758
1334.72728,0.04750
1332.79848,0.04744
1330.86969,0.04737
1328.94089,0.04725
1327.01209,0.04705
1325.08330,0.04679
1323.15450,0.04649
1321.22570,0.04621
1319.29691,0.04597
1317.36811,0.04577
1315.43931,0.04559
1313.51052,0.04542
1311.58172,0.04526
1309.65292,0.04513
1307.72413,0.04499
1305.79533,0.04486
1303.86653,0.04478
1301.93774,0.04474
1300.00894,0.04470
1298.08014,0.04467
1296.15135,0.04464
1294.22255,0.04462
1292.29375,0.04460
1290.36496,0.04458
1288.43616,0.04459
1286.50736,0.04462
1284.57857,0.04466
1282.64977,0.04468
1280.72097,0.04467
1278.79218,0.04466
1276.86338,0.04468
1274.93458,0.04471
1273.00579,0.04472
1271.07699,0.04472
1269.14820,0.04473
1267.21940,0.04477
1265.29060,0.04481
1263.36181,0.04482
1261.43301,0.04482
1259.50421,0.04485
1257.57542,0.04490
1255.64662,0.04496
1253.71782,0.04503
1251.78903,0.04514
1249.86023,0.04527
1247.93143,0.04541
1246.00264,0.04555
1244.07384,0.04568
1242.14504,0.04579
1240.21625,0.04592
1238.28745,0.04606
1236.35865,0.04622
1234.42986,0.04638
1232.50106,0.04655
1230.57226,0.04677
1228.64347,0.04699
1226.71467,0.04720
1224.78587,0.04743
1222.85708,0.04772
1220.92828,0.04805
1218.99948,0.04842
1217.07069,0.04882
1215.14189,0.04926
1213.21309,0.04974
1211.28430,0.05027
1209.35550,0.05084
1207.42670,0.05147
1205.49791,0.05222
1203.56911,0.05309
1201.64031,0.05408
1199.71152,0.05519
1197.78272,0.05641
1195.85392,0.05778
1193.92513,0.05936
1191.99633,0.06117
1190.06753,0.06320
1188.13874,0.06548
1186.20994,0.06802
1184.28114,0.07085
1182.35235,0.07401
1180.42355,0.07763
1178.49475,0.08170
1176.56596,0.08608
1174.63716,0.09072
1172.70836,0.09562
1170.77957,0.10071
1168.85077,0.10581
1166.92197,0.11072
1164.99318,0.11528
1163.06438,0.11926
1161.13558,0.12238
1159.20679,0.12439
1157.27799,0.12513
1155.34919,0.12458
1153.42040,0.12277
1151.49160,0.11985
1149.56280,0.11601
1147.63401,0.11148
1145.70521,0.10654
1143.77641,0.10144
1141.84762,0.09641
1139.91882,0.09162
1137.99002,0.08712
1136.06123,0.08300
1134.13243,0.07927
1132.20363,0.07592
1130.27484,0.07295
1128.34604,0.07031
1126.41724,0.06798
1124.48845,0.06593
1122.55965,0.06413
1120.63085,0.06256
1118.70206,0.06117
1116.77326,0.05992
1114.84446,0.05884
1112.91567,0.05790
1110.98687,0.05709
1109.05807,0.05637
1107.12928,0.05577
1105.20048,0.05529
1103.27168,0.05488
1101.34289,0.05454
1099.41409,0.05430
1097.48529,0.05415
1095.55650,0.05411
1093.62770,0.05417
1091.69890,0.05433
1089.77011,0.05458
1087.84131,0.05493
1085.91251,0.05537
1083.98372,0.05585
1082.05492,0.05634
1080.12612,0.05687
1078.19733,0.05745
1076.26853,0.05803
1074.33973,0.05859
1072.41094,0.05909
1070.48214,0.05952
1068.55334,0.05982
1066.62455,0.05999
1064.69575,0.06007
1062.76695,0.06001
1060.83816,0.05979
1058.90936,0.05942
1056.98056,0.05891
1055.05177,0.05827
1053.12297,0.05757
1051.19417,0.05686
1049.26538,0.05618
1047.33658,0.05555
1045.40778,0.05494
1043.47899,0.05432
1041.55019,0.05367
1039.62139,0.05302
1037.69260,0.05241
1035.76380,0.05185
1033.83500,0.05132
1031.90621,0.05080
1029.97741,0.05028
1028.04861,0.04977
1026.11982,0.04929
1024.19102,0.04885
1022.26222,0.04846
1020.33343,0.04813
1018.40463,0.04787
1016.47583,0.04770
1014.54704,0.04762
1012.61824,0.04752
1010.68944,0.04731
1008.76065,0.04693
1006.83185,0.04639
1004.90305,0.04573
1002.97426,0.04505
1001.04546,0.04441
999.11666,0.04383
997.18787,0.04335
995.25907,0.04301
993.33027,0.04274
991.40148,0.04245
989.47268,0.04214
987.54388,0.04185
985.61509,0.04153
983.68629,0.04117
981.75749,0.04081
979.82870,0.04043
977.89990,0.04002
975.97110,0.03960
974.04231,0.03920
972.11351,0.03879
970.18471,0.03836
968.25592,0.03793
966.32712,0.03752
964.39832,0.03715
962.46953,0.03676
960.54073,0.03634
958.61193,0.03590
956.68314,0.03547
954.75434,0.03506
952.82554,0.03468
950.89675,0.03430
948.96795,0.03391
947.03915,0.03351
945.11036,0.03312
943.18156,0.03274
941.25276,0.03236
939.32397,0.03197
937.39517,0.03159
935.46637,0.03122
933.53758,0.03085
931.60878,0.03044
929.67998,0.02997
927.75119,0.02949
925.82239,0.02903
923.89359,0.02858
921.96480,0.02810
920.03600,0.02759
918.10720,0.02710
916.17841,0.02663
914.24961,0.02616
912.32081,0.02567
910.39202,0.02517
908.46322,0.02473
906.53443,0.02433
904.60563,0.02392
902.67683,0.02353
900.74804,0.02316
898.81924,0.02279
896.89044,0.02239
894.96165,0.02197
893.03285,0.02151
891.10405,0.02102
889.17526,0.02056
887.24646,0.02012
885.31766,0.01968
883.38887,0.01923
881.46007,0.01880
879.53127,0.01838
877.60248,0.01794
875.67368,0.01751
873.74488,0.01709
871.81609,0.01669
869.88729,0.01629
867.95849,0.01591
866.02970,0.01553
864.10090,0.01516
862.17210,0.01480
860.24331,0.01444
858.31451,0.01408
856.38571,0.01376
854.45692,0.01353
852.52812,0.01337
850.59932,0.01313
848.67053,0.01283
846.74173,0.01261
844.81293,0.01249
842.88414,0.01236
840.95534,0.01216
839.02654,0.01194
837.09775,0.01175
835.16895,0.01157
833.24015,0.01140
831.31136,0.01127
829.38256,0.01124
827.45376,0.01129
825.52497,0.01130
823.59617,0.01123
821.66737,0.01121
819.73858,0.01127
817.80978,0.01139
815.88098,0.01155
813.95219,0.01175
812.02339,0.01198
810.09459,0.01220
808.16580,0.01243
806.23700,0.01273
804.30820,0.01322
802.37941,0.01398
800.45061,0.01481
798.52181,0.01567
796.59302,0.01670
794.66422,0.01794
792.73542,0.01917
790.80663,0.02019
788.87783,0.02108
786.94903,0.02192
785.02024,0.02248
783.09144,0.02246
781.16264,0.02171
779.23385,0.02055
777.30505,0.01932
775.37625,0.01802
773.44746,0.01670
771.51866,0.01566
769.58986,0.01494
767.66107,0.01439
765.73227,0.01404
763.80347,0.01385
761.87468,0.01357
759.94588,0.01327
758.01708,0.01319
756.08829,0.01326
754.15949,0.01315
752.23069,0.01290
750.30190,0.01273
748.37310,0.01271
