3496.90832,0.04602
3494.97953,0.03927
3493.05073,0.03463
3491.12193,0.03853
3489.19314,0.04538
3487.26434,0.04668
3485.33554,0.04053
3483.40675,0.03719
3481.47795,0.04300
3479.54915,0.04802
3477.62036,0.04769
3475.69156,0.04742
3473.76276,0.04829
3471.83397,0.04631
3469.90517,0.04250
3467.97637,0.04232
3466.04758,0.04476
3464.11878,0.04616
3462.18998,0.04671
3460.26119,0.04638
3458.33239,0.04484
3456.40359,0.04262
3454.47480,0.04202
3452.54600,0.04519
3450.61721,0.04708
3448.68841,0.04409
3446.75961,0.04275
3444.83082,0.04535
3442.90202,0.04585
3440.97322,0.04192
3439.04443,0.03420
3437.11563,0.02592
3435.18683,0.02326
3433.25804,0.02869
3431.32924,0.03510
3429.40044,0.03429
3427.47165,0.02934
3425.54285,0.02571
3423.61405,0.02517
3421.68526,0.02734
3419.75646,0.03004
3417.82766,0.03165
3415.89887,0.02791
3413.97007,0.02007
3412.04127,0.01757
3410.11248,0.02092
3408.18368,0.02243
3406.25488,0.02020
3404.32609,0.01875
3402.39729,0.02018
3400.46849,0.02311
3398.53970,0.02674
3396.61090,0.02720
3394.68210,0.02233
3392.75331,0.01778
3390.82451,0.01754
3388.89571,0.02055
3386.96692,0.02571
3385.03812,0.03045
3383.10932,0.03367
3381.18053,0.03998
3379.25173,0.04661
3377.32293,0.04441
3375.39414,0.03706
3373.46534,0.03433
3371.53654,0.03489
3369.60775,0.03382
3367.67895,0.03552
3365.75015,0.04283
3363.82136,0.04935
3361.89256,0.04861
3359.96376,0.04184
3358.03497,0.03813
3356.10617,0.04265
3354.17737,0.05015
3352.24858,0.05386
3350.31978,0.05145
3348.39098,0.04448
3346.46219,0.03711
3344.53339,0.03579
3342.60459,0.04096
3340.67580,0.04440
3338.74700,0.04319
3336.81820,0.04250
3334.88941,0.04303
3332.96061,0.03861
3331.03181,0.03132
3329.10302,0.03026
3327.17422,0.03500
3325.24542,0.03786
3323.31663,0.03735
3321.38783,0.03865
3319.45903,0.04230
3317.53024,0.04328
3315.60144,0.03953
3313.67264,0.03409
3311.74385,0.03030
3309.81505,0.02903
3307.88625,0.03181
3305.95746,0.03356
3304.02866,0.02713
3302.09986,0.01844
3300.17107,0.01304
3298.24227,0.00846
3296.31347,0.00736
3294.38468,0.00995
3292.45588,0.00792
3290.52708,0.00118
3288.59829,0.00017
3286.66949,0.00681
3284.74069,0.01304
3282.81190,0.01622
3280.88310,0.01911
3278.95430,0.02244
3277.02551,0.02448
3275.09671,0.02597
3273.16791,0.02981
3271.23912,0.03073
3269.31032,0.02292
3267.38152,0.01440
3265.45273,0.01360
3263.52393,0.01622
3261.59513,0.01694
3259.66634,0.02003
3257.73754,0.02682
3255.80874,0.03054
3253.87995,0.02896
3251.95115,0.02464
3250.02235,0.02101
3248.09356,0.01776
3246.16476,0.01209
3244.23596,0.00993
3242.30717,0.01399
3240.37837,0.01772
3238.44957,0.02132
3236.52078,0.02711
3234.59198,0.02944
3232.66318,0.02383
3230.73439,0.01647
3228.80559,0.01494
3226.87679,0.01859
3224.94800,0.02280
3223.01920,0.02578
3221.09040,0.02926
3219.16161,0.03341
3217.23281,0.03772
3215.30401,0.04140
3213.37522,0.04253
3211.44642,0.04307
3209.51762,0.04500
3207.58883,0.04615
3205.66003,0.04510
3203.73123,0.04136
3201.80244,0.03558
3199.87364,0.03143
3197.94484,0.03212
3196.01605,0.03377
3194.08725,0.03061
3192.15845,0.02702
3190.22966,0.03115
3188.30086,0.03824
3186.37206,0.03722
3184.44327,0.03115
3182.51447,0.02973
3180.58567,0.03193
3178.65688,0.03365
3176.72808,0.03367
3174.79928,0.03062
3172.87049,0.02668
3170.94169,0.02532
3169.01289,0.02504
3167.08410,0.02422
3165.15530,0.02456
3163.22650,0.02536
3161.29771,0.02426
3159.36891,0.02105
3157.44011,0.01792
3155.51132,0.01864
3153.58252,0.02262
3151.65372,0.02441
3149.72493,0.02219
3147.79613,0.02050
3145.86733,0.02236
3143.93854,0.02507
3142.00974,0.02569
3140.08094,0.02308
3138.15215,0.01858
3136.22335,0.01633
3134.29455,0.01770
3132.36576,0.02043
3130.43696,0.02230
3128.50816,0.02222
3126.57937,0.02104
3124.65057,0.02086
3122.72177,0.02251
3120.79298,0.02434
3118.86418,0.02478
3116.93538,0.02431
3115.00659,0.02373
3113.07779,0.02338
3111.14899,0.02343
3109.22020,0.02294
3107.29140,0.02146
3105.36260,0.02018
3103.43381,0.01953
3101.50501,0.01924
3099.57621,0.01928
3097.64742,0.01887
3095.71862,0.01812
3093.78982,0.01789
3091.86103,0.01746
3089.93223,0.01705
3088.00344,0.01796
3086.07464,0.01947
3084.14584,0.02050
3082.21705,0.02058
3080.28825,0.01962
3078.35945,0.01888
3076.43066,0.01885
3074.50186,0.01859
3072.57306,0.01830
3070.64427,0.01907
3068.71547,0.02012
3066.78667,0.02014
3064.85788,0.01994
3062.92908,0.02058
3061.00028,0.02144
3059.07149,0.02111
3057.14269,0.01963
3055.21389,0.01877
3053.28510,0.01922
3051.35630,0.02009
3049.42750,0.02044
3047.49871,0.01973
3045.56991,0.01867
3043.64111,0.01871
3041.71232,0.02021
3039.78352,0.02188
3037.85472,0.02226
3035.92593,0.02186
3033.99713,0.02188
3032.06833,0.02195
3030.13954,0.02184
3028.21074,0.02239
3026.28194,0.02327
3024.35315,0.02332
3022.42435,0.02284
3020.49555,0.02282
3018.56676,0.02313
3016.63796,0.02331
3014.70916,0.02359
3012.78037,0.02419
3010.85157,0.02468
3008.92277,0.02477
3006.99398,0.02462
3005.06518,0.02427
3003.13638,0.02360
3001.20759,0.02296
2999.27879,0.02282
2997.34999,0.02300
2995.42120,0.02336
2993.49240,0.02383
2991.56360,0.02396
2989.63481,0.02392
2987.70601,0.02409
2985.77721,0.02422
2983.84842,0.02446
2981.91962,0.02515
2979.99082,0.02570
2978.06203,0.02571
2976.13323,0.02572
2974.20443,0.02599
2972.27564,0.02621
2970.34684,0.02623
2968.41804,0.02597
2966.48925,0.02566
2964.56045,0.02570
2962.63165,0.02585
2960.70286,0.02562
2958.77406,0.02533
2956.84526,0.02584
2954.91647,0.02674
2952.98767,0.02693
2951.05887,0.02667
2949.13008,0.02674
2947.20128,0.02704
2945.27248,0.02720
2943.34369,0.02708
2941.41489,0.02683
2939.48609,0.02681
2937.55730,0.02696
2935.62850,0.02693
2933.69970,0.02688
2931.77091,0.02713
2929.84211,0.02730
2927.91331,0.02696
2925.98452,0.02655
2924.05572,0.02667
2922.12692,0.02726
2920.19813,0.02789
2918.26933,0.02827
2916.34053,0.02840
2914.41174,0.02837
2912.48294,0.02824
2910.55414,0.02811
2908.62535,0.02797
2906.69655,0.02784
2904.76775,0.02777
2902.83896,0.02773
2900.91016,0.02784
2898.98136,0.02830
2897.05257,0.02868
2895.12377,0.02858
2893.19497,0.02834
2891.26618,0.02826
2889.33738,0.02814
2887.40858,0.02797
2885.47979,0.02803
2883.55099,0.02848
2881.62219,0.02906
2879.69340,0.02928
2877.76460,0.02914
2875.83580,0.02903
2873.90701,0.02909
2871.97821,0.02919
2870.04941,0.02936
2868.12062,0.02965
2866.19182,0.02989
2864.26302,0.02997
2862.33423,0.03001
2860.40543,0.03016
2858.47663,0.03041
2856.54784,0.03048
2854.61904,0.03034
2852.69024,0.03022
2850.76145,0.03045
2848.83265,0.03112
2846.90385,0.03158
2844.97506,0.03158
2843.04626,0.03160
2841.11746,0.03183
2839.18867,0.03203
2837.25987,0.03215
2835.33107,0.03224
2833.40228,0.03224
2831.47348,0.03223
2829.54468,0.03240
2827.61589,0.03255
2825.68709,0.03260
2823.75829,0.03282
2821.82950,0.03317
2819.90070,0.03336
2817.97190,0.03333
2816.04311,0.03317
2814.11431,0.03296
2812.18551,0.03289
2810.25672,0.03288
2808.32792,0.03275
2806.39912,0.03272
2804.47033,0.03283
2802.54153,0.03277
2800.61273,0.03254
2798.68394,0.03228
2796.75514,0.03202
2794.82634,0.03185
2792.89755,0.03172
2790.96875,0.03154
2789.03995,0.03152
2787.11116,0.03163
2785.18236,0.03160
2783.25356,0.03146
2781.32477,0.03131
2779.39597,0.03111
2777.46717,0.03090
2775.53838,0.03069
2773.60958,0.03053
2771.68078,0.03056
2769.75199,0.03079
2767.82319,0.03102
2765.89439,0.03109
2763.96560,0.03097
2762.03680,0.03061
2760.10800,0.03024
2758.17921,0.03013
2756.25041,0.03010
2754.32161,0.02987
2752.39282,0.02955
2750.46402,0.02946
2748.53522,0.02966
2746.60643,0.02988
2744.67763,0.02987
2742.74883,0.02981
2740.82004,0.02987
2738.89124,0.02991
2736.96244,0.02988
2735.03365,0.02997
2733.10485,0.03015
2731.17605,0.03019
2729.24726,0.03015
2727.31846,0.03024
2725.38967,0.03034
2723.46087,0.03021
2721.53207,0.03006
2719.60328,0.03016
2717.67448,0.03042
2715.74568,0.03060
2713.81689,0.03059
2711.88809,0.03042
2709.95929,0.03021
2708.03050,0.03005
2706.10170,0.03002
2704.17290,0.03014
2702.24411,0.03021
2700.31531,0.03006
2698.38651,0.02994
2696.45772,0.02991
2694.52892,0.02984
2692.60012,0.02984
2690.67133,0.02990
2688.74253,0.02993
2686.81373,0.02998
2684.88494,0.03010
2682.95614,0.03020
2681.02734,0.03031
2679.09855,0.03047
2677.16975,0.03050
2675.24095,0.03042
2673.31216,0.03037
2671.38336,0.03040
2669.45456,0.03046
2667.52577,0.03038
2665.59697,0.03020
2663.66817,0.03017
2661.73938,0.03025
2659.81058,0.03012
2657.88178,0.02987
2655.95299,0.02978
2654.02419,0.02988
2652.09539,0.03004
2650.16660,0.03016
2648.23780,0.03024
2646.30900,0.03027
2644.38021,0.03024
2642.45141,0.03032
2640.52261,0.03055
2638.59382,0.03059
2636.66502,0.03042
2634.73622,0.03041
2632.80743,0.03075
2630.87863,0.03119
2628.94983,0.03142
2627.02104,0.03145
2625.09224,0.03157
2623.16344,0.03175
2621.23465,0.03185
2619.30585,0.03192
2617.37705,0.03185
2615.44826,0.03165
2613.51946,0.03163
2611.59066,0.03179
2609.66187,0.03186
2607.73307,0.03177
2605.80427,0.03166
2603.87548,0.03168
2601.94668,0.03173
2600.01788,0.03169
2598.08909,0.03171
2596.16029,0.03186
2594.23149,0.03204
2592.30270,0.03233
2590.37390,0.03282
2588.44510,0.03304
2586.51631,0.03256
2584.58751,0.03194
2582.65871,0.03197
2580.72992,0.03236
2578.80112,0.03251
2576.87232,0.03262
2574.94353,0.03264
2573.01473,0.03229
2571.08593,0.03199
2569.15714,0.03212
2567.22834,0.03254
2565.29954,0.03284
2563.37075,0.03265
2561.44195,0.03215
2559.51315,0.03168
2557.58436,0.03122
2555.65556,0.03099
2553.72676,0.03113
2551.79797,0.03132
2549.86917,0.03149
2547.94037,0.03180
2546.01158,0.03206
2544.08278,0.03207
2542.15398,0.03184
2540.22519,0.03147
2538.29639,0.03135
2536.36759,0.03145
2534.43880,0.03151
2532.51000,0.03155
2530.58120,0.03155
2528.65241,0.03154
2526.72361,0.03152
2524.79481,0.03124
2522.86602,0.03093
2520.93722,0.03114
2519.00842,0.03161
2517.07963,0.03166
2515.15083,0.03145
2513.22203,0.03128
2511.29324,0.03088
2509.36444,0.03047
2507.43564,0.03045
2505.50685,0.03068
2503.57805,0.03081
2501.64925,0.03080
2499.72046,0.03088
2497.79166,0.03095
2495.86286,0.03077
2493.93407,0.03053
2492.00527,0.03031
2490.07647,0.03018
2488.14768,0.03055
2486.21888,0.03133
2484.29008,0.03189
2482.36129,0.03191
2480.43249,0.03156
2478.50369,0.03110
2476.57490,0.03075
2474.64610,0.03061
2472.71730,0.03058
2470.78851,0.03050
2468.85971,0.03060
2466.93091,0.03106
2465.00212,0.03160
2463.07332,0.03193
2461.14452,0.03187
2459.21573,0.03147
2457.28693,0.03082
2455.35813,0.03004
2453.42934,0.02958
2451.50054,0.02963
2449.57174,0.02959
2447.64295,0.02922
2445.71415,0.02906
2443.78535,0.02932
2441.85656,0.02965
2439.92776,0.02977
2437.99896,0.02962
2436.07017,0.02938
2434.14137,0.02922
2432.21257,0.02922
2430.28378,0.02936
2428.35498,0.02961
2426.42618,0.02984
2424.49739,0.02979
2422.56859,0.02934
2420.63979,0.02881
2418.71100,0.02846
2416.78220,0.02823
2414.85340,0.02809
2412.92461,0.02797
2410.99581,0.02781
2409.06701,0.02777
2407.13822,0.02781
2405.20942,0.02763
2403.28062,0.02739
2401.35183,0.02728
2399.42303,0.02696
2397.49423,0.02643
2395.56544,0.02613
2393.63664,0.02615
2391.70784,0.02655
2389.77905,0.02750
2387.85025,0.02957
2385.92145,0.03401
2383.99266,0.04183
2382.06386,0.05312
2380.13506,0.06710
2378.20627,0.08238
2376.27747,0.09779
2374.34867,0.11348
2372.41988,0.13010
2370.49108,0.14719
2368.56228,0.16331
2366.63349,0.17757
2364.70469,0.18911
2362.77589,0.19672
2360.84710,0.20012
2358.91830,0.19847
2356.98951,0.19010
2355.06071,0.17500
2353.13191,0.15467
2351.20312,0.13408
2349.27432,0.12320
2347.34552,0.12810
2345.41673,0.14300
2343.48793,0.15312
2341.55913,0.15405
2339.63034,0.15145
2337.70154,0.14807
2335.77274,0.14526
2333.84395,0.14455
2331.91515,0.14479
2329.98635,0.14230
2328.05756,0.13685
2326.12876,0.13200
2324.19996,0.12863
2322.27117,0.12402
2320.34237,0.11620
2318.41357,0.10659
2316.48478,0.09810
2314.55598,0.09238
2312.62718,0.08824
2310.69839,0.08342
2308.76959,0.07723
2306.84079,0.07024
2304.91200,0.06353
2302.98320,0.05813
2301.05440,0.05399
2299.12561,0.05049
2297.19681,0.04747
2295.26801,0.04486
2293.33922,0.04227
2291.41042,0.03961
2289.48162,0.03724
2287.55283,0.03521
2285.62403,0.03360
2283.69523,0.03288
2281.76644,0.03284
2279.83764,0.03290
2277.90884,0.03325
2275.98005,0.03416
2274.05125,0.03500
2272.12245,0.03544
2270.19366,0.03601
2268.26486,0.03685
2266.33606,0.03722
2264.40727,0.03699
2262.47847,0.03708
2260.54967,0.03750
2258.62088,0.03769
2256.69208,0.03786
2254.76328,0.03769
2252.83449,0.03692
2250.90569,0.03630
2248.97689,0.03608
2247.04810,0.03573
2245.11930,0.03536
2243.19050,0.03559
2241.26171,0.03634
2239.33291,0.03702
2237.40411,0.03710
2235.47532,0.03652
2233.54652,0.03599
2231.61772,0.03630
2229.68893,0.03788
2227.76013,0.03977
2225.83133,0.04026
2223.90254,0.03976
2221.97374,0.03982
2220.04494,0.04044
2218.11615,0.04110
2216.18735,0.04165
2214.25855,0.04173
2212.32976,0.04148
2210.40096,0.04172
2208.47216,0.04256
2206.54337,0.04295
2204.61457,0.04254
2202.68577,0.04232
2200.75698,0.04301
2198.82818,0.04397
2196.89938,0.04390
2194.97059,0.04334
2193.04179,0.04454
2191.11299,0.04691
2189.18420,0.04785
2187.25540,0.04776
2185.32660,0.04830
2183.39781,0.04883
2181.46901,0.04915
2179.54021,0.04990
2177.61142,0.05043
2175.68262,0.05096
2173.75382,0.05194
2171.82503,0.05223
2169.89623,0.05156
2167.96743,0.05035
2166.03864,0.04863
2164.10984,0.04817
2162.18104,0.05098
2160.25225,0.05475
2158.32345,0.05634
2156.39465,0.05548
2154.46586,0.05304
2152.53706,0.05085
2150.60826,0.04937
2148.67947,0.04714
2146.75067,0.04383
2144.82187,0.04070
2142.89308,0.03831
2140.96428,0.03624
2139.03548,0.03498
2137.10669,0.03449
2135.17789,0.03344
2133.24909,0.03193
2131.32030,0.03090
2129.39150,0.03007
2127.46270,0.02906
2125.53391,0.02812
2123.60511,0.02728
2121.67631,0.02624
2119.74752,0.02517
2117.81872,0.02447
2115.88992,0.02433
2113.96113,0.02475
2112.03233,0.02547
2110.10353,0.02592
2108.17474,0.02563
2106.24594,0.02512
2104.31714,0.02538
2102.38835,0.02625
2100.45955,0.02655
2098.53075,0.02599
2096.60196,0.02524
2094.67316,0.02456
2092.74436,0.02389
2090.81557,0.02367
2088.88677,0.02414
2086.95797,0.02478
2085.02918,0.02518
2083.10038,0.02560
2081.17158,0.02600
2079.24279,0.02602
2077.31399,0.02597
2075.38519,0.02633
2073.45640,0.02698
2071.52760,0.02763
2069.59880,0.02829
2067.67001,0.02893
2065.74121,0.02896
2063.81241,0.02868
2061.88362,0.02873
2059.95482,0.02874
2058.02602,0.02844
2056.09723,0.02815
2054.16843,0.02854
2052.23963,0.02965
2050.31084,0.03131
2048.38204,0.03350
2046.45324,0.03529
2044.52445,0.03600
2042.59565,0.03596
2040.66685,0.03626
2038.73806,0.03692
2036.80926,0.03741
2034.88046,0.03868
2032.95167,0.03993
2031.02287,0.03934
2029.09407,0.03804
2027.16528,0.03759
2025.23648,0.03751
2023.30768,0.03708
2021.37889,0.03631
2019.45009,0.03587
2017.52129,0.03654
2015.59250,0.03680
2013.66370,0.03576
2011.73490,0.03516
2009.80611,0.03560
2007.87731,0.03498
2005.94851,0.03213
2004.01972,0.02990
2002.09092,0.03002
2000.16212,0.03092
1998.23333,0.03132
1996.30453,0.03091
1994.37574,0.02977
1992.44694,0.02863
1990.51814,0.02812
1988.58935,0.02809
1986.66055,0.02834
1984.73175,0.02867
1982.80296,0.02890
1980.87416,0.02986
1978.94536,0.03117
1977.01657,0.03147
1975.08777,0.03190
1973.15897,0.03245
1971.23018,0.03100
1969.30138,0.02903
1967.37258,0.02924
1965.44379,0.03037
1963.51499,0.02984
1961.58619,0.02800
1959.65740,0.02661
1957.72860,0.02598
1955.79980,0.02548
1953.87101,0.02461
1951.94221,0.02373
1950.01341,0.02350
1948.08462,0.02361
1946.15582,0.02375
1944.22702,0.02389
1942.29823,0.02333
1940.36943,0.02201
1938.44063,0.02086
1936.51184,0.02065
1934.58304,0.02140
1932.65424,0.02194
1930.72545,0.02159
1928.79665,0.02110
1926.86785,0.02109
1924.93906,0.02135
1923.01026,0.02143
1921.08146,0.02146
1919.15267,0.02144
1917.22387,0.02089
1915.29507,0.02019
1913.36628,0.02000
1911.43748,0.02007
1909.50868,0.01997
1907.57989,0.01955
1905.65109,0.01898
1903.72229,0.01870
1901.79350,0.01889
1899.86470,0.01909
1897.93590,0.01903
1896.00711,0.01892
1894.07831,0.01904
1892.14951,0.01943
1890.22072,0.01982
1888.29192,0.01968
1886.36312,0.01919
1884.43433,0.01887
1882.50553,0.01888
1880.57673,0.01902
1878.64794,0.01905
1876.71914,0.01900
1874.79034,0.01900
1872.86155,0.01928
1870.93275,0.02003
1869.00395,0.02052
1867.07516,0.01998
1865.14636,0.01913
1863.21756,0.01872
1861.28877,0.01854
1859.35997,0.01840
1857.43117,0.01815
1855.50238,0.01779
1853.57358,0.01756
1851.64478,0.01763
1849.71599,0.01802
1847.78719,0.01858
1845.85839,0.01915
1843.92960,0.01921
1842.00080,0.01864
1840.07200,0.01830
1838.14321,0.01838
1836.21441,0.01845
1834.28561,0.01849
1832.35682,0.01885
1830.42802,0.01928
1828.49922,0.01940
1826.57043,0.01953
1824.64163,0.01944
1822.71283,0.01884
1820.78404,0.01832
1818.85524,0.01825
1816.92644,0.01825
1814.99765,0.01816
1813.06885,0.01826
1811.14005,0.01840
1809.21126,0.01821
1807.28246,0.01786
1805.35366,0.01788
1803.42487,0.01839
1801.49607,0.01878
1799.56727,0.01857
1797.63848,0.01831
1795.70968,0.01860
1793.78088,0.01930
1791.85209,0.01950
1789.92329,0.01878
1787.99449,0.01824
1786.06570,0.01840
1784.13690,0.01867
1782.20810,0.01884
1780.27931,0.01887
1778.35051,0.01877
1776.42171,0.01890
1774.49292,0.01939
1772.56412,0.01976
1770.63532,0.01974
1768.70653,0.01941
1766.77773,0.01871
1764.84893,0.01825
1762.92014,0.01840
1760.99134,0.01852
1759.06254,0.01846
1757.13375,0.01836
1755.20495,0.01821
1753.27615,0.01863
1751.34736,0.01959
1749.41856,0.01978
1747.48976,0.01917
1745.56097,0.01873
1743.63217,0.01854
1741.70337,0.01830
1739.77458,0.01798
1737.84578,0.01809
1735.91698,0.01902
1733.98819,0.01996
1732.05939,0.01963
1730.13059,0.01874
1728.20180,0.01801
1726.27300,0.01771
1724.34420,0.01798
1722.41541,0.01857
1720.48661,0.01981
1718.55781,0.02172
1716.62902,0.02296
1714.70022,0.02298
1712.77142,0.02284
1710.84263,0.02352
1708.91383,0.02530
1706.98503,0.02815
1705.05624,0.03161
1703.12744,0.03545
1701.19864,0.04074
1699.26985,0.04691
1697.34105,0.05289
1695.41225,0.06008
1693.48346,0.06801
1691.55466,0.07684
1689.62586,0.08787
1687.69707,0.09980
1685.76827,0.11366
1683.83947,0.13132
1681.91068,0.14679
1679.98188,0.15913
1678.05308,0.17177
1676.12429,0.18603
1674.19549,0.20069
1672.26669,0.21313
1670.33790,0.22445
1668.40910,0.23467
1666.48030,0.24188
1664.55151,0.24760
1662.62271,0.25255
1660.69391,0.25561
1658.76512,0.25732
1656.83632,0.25900
1654.90752,0.26114
1652.97873,0.26236
1651.04993,0.26244
1649.12113,0.26420
1647.19234,0.26860
1645.26354,0.27472
1643.33474,0.28200
1641.40595,0.29191
1639.47715,0.30471
1637.54835,0.32087
1635.61956,0.34164
1633.69076,0.36171
1631.76197,0.37811
1629.83317,0.39442
1627.90437,0.41069
1625.97558,0.42398
1624.04678,0.43325
1622.11798,0.43821
1620.18919,0.43945
1618.26039,0.43863
1616.33159,0.43595
1614.40280,0.43281
1612.47400,0.43145
1610.54520,0.43245
1608.61641,0.43596
1606.68761,0.44186
1604.75881,0.44997
1602.83002,0.45957
1600.90122,0.46949
1598.97242,0.47859
1597.04363,0.48574
1595.11483,0.48976
1593.18603,0.48958
1591.25724,0.48498
1589.32844,0.47602
1587.39964,0.46308
1585.47085,0.44684
1583.54205,0.42792
1581.61325,0.40756
1579.68446,0.38768
1577.75566,0.36664
1575.82686,0.34157
1573.89807,0.31916
1571.96927,0.30149
1570.04047,0.28283
1568.11168,0.26389
1566.18288,0.24778
1564.25408,0.23401
1562.32529,0.22334
1560.39649,0.21330
1558.46769,0.19865
1556.53890,0.18524
1554.61010,0.17559
1552.68130,0.16711
1550.75251,0.15949
1548.82371,0.15250
1546.89491,0.14693
1544.96612,0.14277
1543.03732,0.13882
1541.10852,0.13396
1539.17973,0.12770
1537.25093,0.12285
1535.32213,0.12007
1533.39334,0.11727
1531.46454,0.11386
1529.53574,0.11130
1527.60695,0.10960
1525.67815,0.10781
1523.74935,0.10609
1521.82056,0.10443
1519.89176,0.10242
1517.96296,0.10050
1516.03417,0.09859
1514.10537,0.09683
1512.17657,0.09620
1510.24778,0.09707
1508.31898,0.09839
1506.39018,0.09763
1504.46139,0.09563
1502.53259,0.09553
1500.60379,0.09735
1498.67500,0.10041
1496.74620,0.10407
1494.81740,0.10795
1492.88861,0.11300
1490.95981,0.12048
1489.03101,0.12938
1487.10222,0.13781
1485.17342,0.14655
1483.24462,0.15692
1481.31583,0.16907
1479.38703,0.18214
1477.45823,0.19593
1475.52944,0.21054
1473.60064,0.22543
1471.67184,0.23887
1469.74305,0.24882
1467.81425,0.25681
1465.88545,0.26426
1463.95666,0.26950
1462.02786,0.27177
1460.09906,0.27245
1458.17027,0.27043
1456.24147,0.26244
1454.31267,0.25151
1452.38388,0.24064
1450.45508,0.22911
1448.52628,0.21627
1446.59749,0.20228
1444.66869,0.18874
1442.73989,0.17625
1440.81110,0.16518
1438.88230,0.15574
1436.95350,0.14579
1435.02471,0.13524
1433.09591,0.12669
1431.16711,0.11958
1429.23832,0.11275
1427.30952,0.10678
1425.38072,0.10194
1423.45193,0.09775
1421.52313,0.09445
1419.59433,0.09159
1417.66554,0.08778
1415.73674,0.08358
1413.80794,0.08017
1411.87915,0.07751
1409.95035,0.07518
1408.02155,0.07325
1406.09276,0.07166
1404.16396,0.06987
1402.23516,0.06820
1400.30637,0.06729
1398.37757,0.06673
1396.44877,0.06583
1394.51998,0.06426
1392.59118,0.06237
1390.66238,0.06122
1388.73359,0.06085
1386.80479,0.06009
1384.87599,0.05867
1382.94720,0.05751
1381.01840,0.05691
1379.08960,0.05652
1377.16081,0.05631
1375.23201,0.05618
1373.30321,0.05554
1371.37442,0.05450
1369.44562,0.05370
1367.51682,0.05317
1365.58803,0.05310
1363.65923,0.05343
1361.73043,0.05312
1359.80164,0.05200
1357.87284,0.05105
1355.94404,0.05055
1354.01525,0.05018
1352.08645,0.04982
1350.15765,0.04955
1348.22886,0.04934
1346.30006,0.04916
1344.37126,0.04917
1342.44247,0.04970
1340.51367,0.05057
1338.58487,0.05083
1336.65608,0.05023
1334.72728,0.04957
1332.79848,0.04927
1330.86969,0.04917
1328.94089,0.04901
1327.01209,0.04877
1325.08330,0.04849
1323.15450,0.04827
1321.22570,0.04819
1319.29691,0.04815
1317.36811,0.04796
1315.43931,0.04764
1313.51052,0.04731
1311.58172,0.04695
1309.65292,0.04663
1307.72413,0.04641
1305.79533,0.04622
1303.86653,0.04607
1301.93774,0.04599
1300.00894,0.04598
1298.08014,0.04601
1296.15135,0.04604
1294.22255,0.04607
1292.29375,0.04616
1290.36496,0.04631
1288.43616,0.04645
1286.50736,0.04648
1284.57857,0.04646
1282.64977,0.04647
1280.72097,0.04649
1278.79218,0.04646
1276.86338,0.04643
1274.93458,0.04645
1273.00579,0.04652
1271.07699,0.04657
1269.14820,0.04656
1267.21940,0.04649
1265.29060,0.04640
1263.36181,0.04633
1261.43301,0.04631
1259.50421,0.04626
1257.57542,0.04619
1255.64662,0.04617
1253.71782,0.04626
1251.78903,0.04642
1249.86023,0.04659
1247.93143,0.04677
1246.00264,0.04698
1244.07384,0.04719
1242.14504,0.04736
1240.21625,0.04753
1238.28745,0.04773
1236.35865,0.04795
1234.42986,0.04817
1232.50106,0.04838
1230.57226,0.04860
1228.64347,0.04883
1226.71467,0.04904
1224.78587,0.04923
1222.85708,0.04946
1220.92828,0.04974
1218.99948,0.05006
1217.07069,0.05040
1215.14189,0.05078
1213.21309,0.05123
1211.28430,0.05171
1209.35550,0.05220
1207.42670,0.05276
1205.49791,0.05346
1203.56911,0.05429
1201.64031,0.05526
1199.71152,0.05636
1197.78272,0.05763
1195.85392,0.05905
1193.92513,0.06068
1191.99633,0.06255
1190.06753,0.06466
1188.13874,0.06699
1186.20994,0.06956
1184.28114,0.07239
1182.35235,0.07554
1180.42355,0.07914
1178.49475,0.08318
1176.56596,0.08753
1174.63716,0.09212
1172.70836,0.09692
1170.77957,0.10186
1168.85077,0.10683
1166.92197,0.11164
1164.99318,0.11609
1163.06438,0.11997
1161.13558,0.12300
1159.20679,0.12493
1157.27799,0.12561
1155.34919,0.12501
1153.42040,0.12319
1151.49160,0.12031
1149.56280,0.11655
1147.63401,0.11214
1145.70521,0.10730
1143.77641,0.10232
1141.84762,0.09744
1139.91882,0.09280
1137.99002,0.08843
1136.06123,0.08440
1134.13243,0.08074
1132.20363,0.07746
1130.27484,0.07454
1128.34604,0.07192
1126.41724,0.06959
1124.48845,0.06752
1122.55965,0.06570
1120.63085,0.06409
1118.70206,0.06266
1116.77326,0.06138
1114.84446,0.06026
1112.91567,0.05929
1110.98687,0.05842
1109.05807,0.05765
1107.12928,0.05701
1105.20048,0.05650
1103.27168,0.05609
1101.34289,0.05578
1099.41409,0.05558
1097.48529,0.05548
1095.55650,0.05549
1093.62770,0.05563
1091.69890,0.05588
1089.77011,0.05623
1087.84131,0.05663
1085.91251,0.05709
1083.98372,0.05760
1082.05492,0.05815
1080.12612,0.05870
1078.19733,0.05922
1076.26853,0.05973
1074.33973,0.06025
1072.41094,0.06075
1070.48214,0.06115
1068.55334,0.06141
1066.62455,0.06154
1064.69575,0.06154
1062.76695,0.06139
1060.83816,0.06110
1058.90936,0.06067
1056.98056,0.06015
1055.05177,0.05953
1053.12297,0.05886
1051.19417,0.05818
1049.26538,0.05750
1047.33658,0.05688
1045.40778,0.05632
1043.47899,0.05578
1041.55019,0.05524
1039.62139,0.05472
1037.69260,0.05419
1035.76380,0.05367
1033.83500,0.05315
1031.90621,0.05263
1029.97741,0.05209
1028.04861,0.05159
1026.11982,0.05112
1024.19102,0.05066
1022.26222,0.05022
1020.33343,0.04980
1018.40463,0.04950
1016.47583,0.04932
1014.54704,0.04918
1012.61824,0.04899
1010.68944,0.04870
1008.76065,0.04829
1006.83185,0.04776
1004.90305,0.04712
1002.97426,0.04643
1001.04546,0.04579
999.11666,0.04527
997.18787,0.04487
995.25907,0.04459
993.33027,0.04437
991.40148,0.04416
989.47268,0.04395
987.54388,0.04373
985.61509,0.04345
983.68629,0.04311
981.75749,0.04275
979.82870,0.04237
977.89990,0.04194
975.97110,0.04149
974.04231,0.04105
972.11351,0.04060
970.18471,0.04012
968.25592,0.03962
966.32712,0.03916
964.39832,0.03871
962.46953,0.03827
960.54073,0.03783
958.61193,0.03739
956.68314,0.03694
954.75434,0.03649
952.82554,0.03607
950.89675,0.03570
948.96795,0.03535
947.03915,0.03501
945.11036,0.03471
943.18156,0.03443
941.25276,0.03414
939.32397,0.03382
937.39517,0.03350
935.46637,0.03316
933.53758,0.03277
931.60878,0.03234
929.67998,0.03190
927.75119,0.03144
925.82239,0.03095
923.89359,0.03043
921.96480,0.02988
920.03600,0.02932
918.10720,0.02877
916.17841,0.02824
914.24961,0.02771
912.32081,0.02720
910.39202,0.02671
908.46322,0.02626
906.53443,0.02583
904.60563,0.02539
902.67683,0.02499
900.74804,0.02464
898.81924,0.02433
896.89044,0.02400
894.96165,0.02365
893.03285,0.02330
891.10405,0.02294
889.17526,0.02259
887.24646,0.02222
885.31766,0.02181
883.38887,0.02135
881.46007,0.02088
879.53127,0.02042
877.60248,0.01996
875.67368,0.01953
873.74488,0.01910
871.81609,0.01865
869.88729,0.01820
867.95849,0.01776
866.02970,0.01730
864.10090,0.01683
862.17210,0.01640
860.24331,0.01602
858.31451,0.01567
856.38571,0.01534
854.45692,0.01507
852.52812,0.01485
850.59932,0.01462
848.67053,0.01438
846.74173,0.01421
844.81293,0.01417
842.88414,0.01414
840.95534,0.01406
839.02654,0.01399
837.09775,0.01394
835.16895,0.01383
833.24015,0.01370
831.31136,0.01359
829.38256,0.01349
827.45376,0.01341
825.52497,0.01336
823.59617,0.01330
821.66737,0.01323
819.73858,0.01324
817.80978,0.01329
815.88098,0.01331
813.95219,0.01335
812.02339,0.01348
810.09459,0.01374
808.16580,0.01412
806.23700,0.01455
804.30820,0.01504
802.37941,0.01566
800.45061,0.01634
798.52181,0.01715
796.59302,0.01828
794.66422,0.01966
792.73542,0.02103
790.80663,0.02221
788.87783,0.02324
786.94903,0.02406
785.02024,0.02454
783.09144,0.02451
781.16264,0.02389
779.23385,0.02291
777.30505,0.02168
775.37625,0.02024
773.44746,0.01886
771.51866,0.01783
769.58986,0.01703
767.66107,0.01637
765.73227,0.01594
763.80347,0.01561
761.87468,0.01518
759.94588,0.01478
758.01708,0.01455
756.08829,0.01444
754.15949,0.01445
752.23069,0.01453
750.30190,0.01460
748.37310,0.01472
