3496.90832,0.04527
3494.97953,0.04327
3493.05073,0.04046
3491.12193,0.04245
3489.19314,0.04764
3487.26434,0.04998
3485.33554,0.04636
3483.40675,0.04303
3481.47795,0.04652
3479.54915,0.05260
3477.62036,0.05521
3475.69156,0.05337
3473.76276,0.04955
3471.83397,0.04513
3469.90517,0.04172
3467.97637,0.04401
3466.04758,0.05127
3464.11878,0.05766
3462.18998,0.05876
3460.26119,0.05348
3458.33239,0.04501
3456.40359,0.03871
3454.47480,0.03731
3452.54600,0.03629
3450.61721,0.03271
3448.68841,0.03289
3446.75961,0.04069
3444.83082,0.04725
3442.90202,0.04486
3440.97322,0.04014
3439.04443,0.03857
3437.11563,0.03591
3435.18683,0.03092
3433.25804,0.02599
3431.32924,0.02239
3429.40044,0.02540
3427.47165,0.03472
3425.54285,0.04170
3423.61405,0.04412
3421.68526,0.04167
3419.75646,0.03682
3417.82766,0.03630
3415.89887,0.03405
3413.97007,0.02636
3412.04127,0.02257
3410.11248,0.02377
3408.18368,0.02301
3406.25488,0.01981
3404.32609,0.01852
3402.39729,0.01984
3400.46849,0.02274
3398.53970,0.02426
3396.61090,0.01803
3394.68210,0.01006
3392.75331,0.01288
3390.82451,0.02159
3388.89571,0.02755
3386.96692,0.02978
3385.03812,0.02647
3383.10932,0.02435
3381.18053,0.03176
3379.25173,0.04061
3377.32293,0.04196
3375.39414,0.04009
3373.46534,0.04209
3371.53654,0.04329
3369.60775,0.03786
3367.67895,0.03559
3365.75015,0.04157
3363.82136,0.04621
3361.89256,0.04598
3359.96376,0.04261
3358.03497,0.04118
3356.10617,0.05013
3354.17737,0.06132
3352.24858,0.06054
3350.31978,0.05123
3348.39098,0.04137
3346.46219,0.03448
3344.53339,0.03521
3342.60459,0.04180
3340.67580,0.04664
3338.74700,0.04621
3336.81820,0.03961
3334.88941,0.03086
3332.96061,0.02743
3331.03181,0.03183
3329.10302,0.03921
3327.17422,0.03902
3325.24542,0.02998
3323.31663,0.02351
3321.38783,0.02375
3319.45903,0.02513
3317.53024,0.02548
3315.60144,0.02572
3313.67264,0.02588
3311.74385,0.02270
3309.81505,0.01706
3307.88625,0.01793
3305.95746,0.02399
3304.02866,0.02482
3302.09986,0.02295
3300.17107,0.02474
3298.24227,0.02607
3296.31347,0.02484
3294.38468,0.02290
3292.45588,0.01903
3290.52708,0.01444
3288.59829,0.01171
3286.66949,0.00763
3284.74069,0.00081
3282.81190,-0.00315
3280.88310,-0.00010
3278.95430,0.00852
3277.02551,0.01670
3275.09671,0.01991
3273.16791,0.01986
3271.23912,0.01912
3269.31032,0.01688
3267.38152,0.01278
3265.45273,0.00816
3263.52393,0.00309
3261.59513,-0.00133
3259.66634,-0.00007
3257.73754,0.00784
3255.80874,0.01672
3253.87995,0.02112
3251.95115,0.02000
3250.02235,0.01479
3248.09356,0.00749
3246.16476,0.00551
3244.23596,0.01340
3242.30717,0.02099
3240.37837,0.02133
3238.44957,0.02129
3236.52078,0.02498
3234.59198,0.02921
3232.66318,0.02950
3230.73439,0.02447
3228.80559,0.01725
3226.87679,0.01125
3224.94800,0.00900
3223.01920,0.01410
3221.09040,0.02560
3219.16161,0.03529
3217.23281,0.04013
3215.30401,0.04194
3213.37522,0.03797
3211.44642,0.03329
3209.51762,0.03576
3207.58883,0.03842
3205.66003,0.03474
3203.73123,0.02878
3201.80244,0.02558
3199.87364,0.02774
3197.94484,0.03225
3196.01605,0.03356
3194.08725,0.03134
3192.15845,0.02862
3190.22966,0.03016
3188.30086,0.03561
3186.37206,0.03638
3184.44327,0.03193
3182.51447,0.02943
3180.58567,0.03038
3178.65688,0.03273
3176.72808,0.03327
3174.79928,0.03091
3172.87049,0.02694
3170.94169,0.02160
3169.01289,0.01737
3167.08410,0.01721
3165.15530,0.01993
3163.22650,0.02245
3161.29771,0.02301
3159.36891,0.02110
3157.44011,0.01876
3155.51132,0.01947
3153.58252,0.02247
3151.65372,0.02380
3149.72493,0.02193
3147.79613,0.01943
3145.86733,0.01911
3143.93854,0.02002
3142.00974,0.02076
3140.08094,0.02131
3138.15215,0.02043
3136.22335,0.01807
3134.29455,0.01771
3132.36576,0.02050
3130.43696,0.02287
3128.50816,0.02256
3126.57937,0.02095
3124.65057,0.02044
3122.72177,0.02191
3120.79298,0.02363
3118.86418,0.02395
3116.93538,0.02327
3115.00659,0.02135
3113.07779,0.01865
3111.14899,0.01771
3109.22020,0.01815
3107.29140,0.01871
3105.36260,0.01969
3103.43381,0.01953
3101.50501,0.01787
3099.57621,0.01663
3097.64742,0.01606
3095.71862,0.01616
3093.78982,0.01682
3091.86103,0.01718
3089.93223,0.01789
3088.00344,0.01950
3086.07464,0.02059
3084.14584,0.02026
3082.21705,0.01933
3080.28825,0.01879
3078.35945,0.01869
3076.43066,0.01845
3074.50186,0.01809
3072.57306,0.01835
3070.64427,0.01899
3068.71547,0.01858
3066.78667,0.01736
3064.85788,0.01690
3062.92908,0.01732
3061.00028,0.01774
3059.07149,0.01778
3057.14269,0.01770
3055.21389,0.01839
3053.28510,0.01969
3051.35630,0.01991
3049.42750,0.01853
3047.49871,0.01709
3045.56991,0.01706
3043.64111,0.01809
3041.71232,0.01880
3039.78352,0.01867
3037.85472,0.01845
3035.92593,0.01900
3033.99713,0.01990
3032.06833,0.02042
3030.13954,0.02089
3028.21074,0.02149
3026.28194,0.02170
3024.35315,0.02122
3022.42435,0.02098
3020.49555,0.02169
3018.56676,0.02233
3016.63796,0.02230
3014.70916,0.02222
3012.78037,0.02245
3010.85157,0.02287
3008.92277,0.02301
3006.99398,0.02273
3005.06518,0.02243
3003.13638,0.02211
3001.20759,0.02166
2999.27879,0.02158
2997.34999,0.02193
2995.42120,0.02242
2993.49240,0.02265
2991.56360,0.02240
2989.63481,0.02234
2987.70601,0.02260
2985.77721,0.02257
2983.84842,0.02251
2981.91962,0.02294
2979.99082,0.02350
2978.06203,0.02383
2976.13323,0.02403
2974.20443,0.02414
2972.27564,0.02437
2970.34684,0.02477
2968.41804,0.02458
2966.48925,0.02378
2964.56045,0.02350
2962.63165,0.02403
2960.70286,0.02456
2958.77406,0.02486
2956.84526,0.02514
2954.91647,0.02533
2952.98767,0.02533
2951.05887,0.02528
2949.13008,0.02546
2947.20128,0.02551
2945.27248,0.02504
2943.34369,0.02443
2941.41489,0.02407
2939.48609,0.02399
2937.55730,0.02422
2935.62850,0.02464
2933.69970,0.02506
2931.77091,0.02536
2929.84211,0.02549
2927.91331,0.02549
2925.98452,0.02545
2924.05572,0.02547
2922.12692,0.02558
2920.19813,0.02595
2918.26933,0.02668
2916.34053,0.02731
2914.41174,0.02734
2912.48294,0.02693
2910.55414,0.02645
2908.62535,0.02596
2906.69655,0.02542
2904.76775,0.02519
2902.83896,0.02543
2900.91016,0.02576
2898.98136,0.02614
2897.05257,0.02641
2895.12377,0.02621
2893.19497,0.02602
2891.26618,0.02643
2889.33738,0.02701
2887.40858,0.02723
2885.47979,0.02709
2883.55099,0.02704
2881.62219,0.02743
2879.69340,0.02786
2877.76460,0.02799
2875.83580,0.02810
2873.90701,0.02818
2871.97821,0.02807
2870.04941,0.02801
2868.12062,0.02821
2866.19182,0.02840
2864.26302,0.02847
2862.33423,0.02871
2860.40543,0.02907
2858.47663,0.02920
2856.54784,0.02914
2854.61904,0.02897
2852.69024,0.02880
2850.76145,0.02886
2848.83265,0.02922
2846.90385,0.02957
2844.97506,0.02980
2843.04626,0.03010
2841.11746,0.03046
2839.18867,0.03070
2837.25987,0.03083
2835.33107,0.03099
2833.40228,0.03109
2831.47348,0.03111
2829.54468,0.03111
2827.61589,0.03105
2825.68709,0.03108
2823.75829,0.03146
2821.82950,0.03208
2819.90070,0.03241
2817.97190,0.03217
2816.04311,0.03176
2814.11431,0.03167
2812.18551,0.03178
2810.25672,0.03186
2808.32792,0.03183
2806.39912,0.03168
2804.47033,0.03138
2802.54153,0.03112
2800.61273,0.03111
2798.68394,0.03113
2796.75514,0.03089
2794.82634,0.03053
2792.89755,0.03025
2790.96875,0.03001
2789.03995,0.02988
2787.11116,0.02984
2785.18236,0.02973
2783.25356,0.02956
2781.32477,0.02949
2779.39597,0.02955
2777.46717,0.02958
2775.53838,0.02941
2773.60958,0.02913
2771.68078,0.02899
2769.75199,0.02901
2767.82319,0.02906
2765.89439,0.02913
2763.96560,0.02925
2762.03680,0.02937
2760.10800,0.02929
2758.17921,0.02902
2756.25041,0.02877
2754.32161,0.02857
2752.39282,0.02841
2750.46402,0.02847
2748.53522,0.02863
2746.60643,0.02864
2744.67763,0.02850
2742.74883,0.02842
2740.82004,0.02855
2738.89124,0.02875
2736.96244,0.02884
2735.03365,0.02881
2733.10485,0.02867
2731.17605,0.02857
2729.24726,0.02857
2727.31846,0.02865
2725.38967,0.02873
2723.46087,0.02870
2721.53207,0.02865
2719.60328,0.02887
2717.67448,0.02927
2715.74568,0.02948
2713.81689,0.02939
2711.88809,0.02916
2709.95929,0.02891
2708.03050,0.02865
2706.10170,0.02849
2704.17290,0.02843
2702.24411,0.02833
2700.31531,0.02823
2698.38651,0.02829
2696.45772,0.02839
2694.52892,0.02839
2692.60012,0.02836
2690.67133,0.02832
2688.74253,0.02822
2686.81373,0.02825
2684.88494,0.02858
2682.95614,0.02899
2681.02734,0.02913
2679.09855,0.02905
2677.16975,0.02900
2675.24095,0.02900
2673.31216,0.02896
2671.38336,0.02887
2669.45456,0.02893
2667.52577,0.02908
2665.59697,0.02900
2663.66817,0.02878
2661.73938,0.02872
2659.81058,0.02881
2657.88178,0.02889
2655.95299,0.02878
2654.02419,0.02856
2652.09539,0.02840
2650.16660,0.02827
2648.23780,0.02832
2646.30900,0.02872
2644.38021,0.02911
2642.45141,0.02925
2640.52261,0.02924
2638.59382,0.02910
2636.66502,0.02900
2634.73622,0.02914
2632.80743,0.02938
2630.87863,0.02961
2628.94983,0.02983
2627.02104,0.02994
2625.09224,0.02997
2623.16344,0.03007
2621.23465,0.03027
2619.30585,0.03041
2617.37705,0.03039
2615.44826,0.03026
2613.51946,0.03016
2611.59066,0.03021
2609.66187,0.03034
2607.73307,0.03035
2605.80427,0.03028
2603.87548,0.03020
2601.94668,0.03005
2600.01788,0.03004
2598.08909,0.03033
2596.16029,0.03070
2594.23149,0.03082
2592.30270,0.03074
2590.37390,0.03082
2588.44510,0.03097
2586.51631,0.03066
2584.58751,0.03014
2582.65871,0.03001
2580.72992,0.03013
2578.80112,0.03037
2576.87232,0.03089
2574.94353,0.03143
2573.01473,0.03151
2571.08593,0.03113
2569.15714,0.03068
2567.22834,0.03051
2565.29954,0.03067
2563.37075,0.03071
2561.44195,0.03057
2559.51315,0.03068
2557.58436,0.03085
2555.65556,0.03071
2553.72676,0.03034
2551.79797,0.03001
2549.86917,0.03000
2547.94037,0.03031
2546.01158,0.03067
2544.08278,0.03084
2542.15398,0.03072
2540.22519,0.03031
2538.29639,0.02992
2536.36759,0.02989
2534.43880,0.03026
2532.51000,0.03078
2530.58120,0.03098
2528.65241,0.03066
2526.72361,0.03018
2524.79481,0.02996
2522.86602,0.03004
2520.93722,0.03028
2519.00842,0.03042
2517.07963,0.03036
2515.15083,0.03039
2513.22203,0.03032
2511.29324,0.02975
2509.36444,0.02911
2507.43564,0.02896
2505.50685,0.02909
2503.57805,0.02908
2501.64925,0.02899
2499.72046,0.02897
2497.79166,0.02882
2495.86286,0.02863
2493.93407,0.02868
2492.00527,0.02884
2490.07647,0.02900
2488.14768,0.02919
2486.21888,0.02938
2484.29008,0.02950
2482.36129,0.02944
2480.43249,0.02930
2478.50369,0.02943
2476.57490,0.02978
2474.64610,0.02996
2472.71730,0.02984
2470.78851,0.02961
2468.85971,0.02939
2466.93091,0.02929
2465.00212,0.02937
2463.07332,0.02939
2461.14452,0.02915
2459.21573,0.02894
2457.28693,0.02887
2455.35813,0.02860
2453.42934,0.02828
2451.50054,0.02824
2449.57174,0.02818
2447.64295,0.02783
2445.71415,0.02761
2443.78535,0.02791
2441.85656,0.02828
2439.92776,0.02828
2437.99896,0.02818
2436.07017,0.02801
2434.14137,0.02772
2432.21257,0.02756
2430.28378,0.02752
2428.35498,0.02754
2426.42618,0.02776
2424.49739,0.02806
2422.56859,0.02796
2420.63979,0.02742
2418.71100,0.02691
2416.78220,0.02671
2414.85340,0.02676
2412.92461,0.02673
2410.99581,0.02652
2409.06701,0.02647
2407.13822,0.02659
2405.20942,0.02644
2403.28062,0.02603
2401.35183,0.02554
2399.42303,0.02493
2397.49423,0.02448
2395.56544,0.02445
2393.63664,0.02464
2391.70784,0.02495
2389.77905,0.02570
2387.85025,0.02754
2385.92145,0.03130
2383.99266,0.03768
2382.06386,0.04693
2380.13506,0.05846
2378.20627,0.07107
2376.27747,0.08399
2374.34867,0.09748
2372.41988,0.11156
2370.49108,0.12531
2368.56228,0.13789
2366.63349,0.14921
2364.70469,0.15904
2362.77589,0.16618
2360.84710,0.16907
2358.91830,0.16692
2356.98951,0.15952
2355.06071,0.14686
2353.13191,0.12997
2351.20312,0.11313
2349.27432,0.10438
2347.34552,0.10850
2345.41673,0.12072
2343.48793,0.12900
2341.55913,0.12988
2339.63034,0.12787
2337.70154,0.12506
2335.77274,0.12257
2333.84395,0.12175
2331.91515,0.12191
2329.98635,0.12005
2328.05756,0.11564
2326.12876,0.11165
2324.19996,0.10928
2322.27117,0.10608
2320.34237,0.09967
2318.41357,0.09118
2316.48478,0.08375
2314.55598,0.07913
2312.62718,0.07598
2310.69839,0.07218
2308.76959,0.06728
2306.84079,0.06180
2304.91200,0.05634
2302.98320,0.05159
2301.05440,0.04775
2299.12561,0.04452
2297.19681,0.04187
2295.26801,0.03984
2293.33922,0.03783
2291.41042,0.03557
2289.48162,0.03356
2287.55283,0.03203
2285.62403,0.03087
2283.69523,0.03024
2281.76644,0.03030
2279.83764,0.03101
2277.90884,0.03193
2275.98005,0.03235
2274.05125,0.03247
2272.12245,0.03295
2270.19366,0.03370
2268.26486,0.03449
2266.33606,0.03504
2264.40727,0.03507
2262.47847,0.03474
2260.54967,0.03435
2258.62088,0.03441
2256.69208,0.03527
2254.76328,0.03590
2252.83449,0.03522
2250.90569,0.03417
2248.97689,0.03403
2247.04810,0.03438
2245.11930,0.03459
2243.19050,0.03511
2241.26171,0.03583
2239.33291,0.03601
2237.40411,0.03578
2235.47532,0.03587
2233.54652,0.03643
2231.61772,0.03689
2229.68893,0.03719
2227.76013,0.03758
2225.83133,0.03766
2223.90254,0.03752
2221.97374,0.03804
2220.04494,0.03926
2218.11615,0.04067
2216.18735,0.04179
2214.25855,0.04180
2212.32976,0.04079
2210.40096,0.04051
2208.47216,0.04141
2206.54337,0.04153
2204.61457,0.04063
2202.68577,0.04100
2200.75698,0.04323
2198.82818,0.04482
2196.89938,0.04383
2194.97059,0.04192
2193.04179,0.04180
2191.11299,0.04375
2189.18420,0.04637
2187.25540,0.04788
2185.32660,0.04730
2183.39781,0.04670
2181.46901,0.04833
2179.54021,0.05061
2177.61142,0.05126
2175.68262,0.05032
2173.75382,0.04908
2171.82503,0.04892
2169.89623,0.05043
2167.96743,0.05246
2166.03864,0.05322
2164.10984,0.05367
2162.18104,0.05622
2160.25225,0.05982
2158.32345,0.06099
2156.39465,0.05826
2154.46586,0.05345
2152.53706,0.04922
2150.60826,0.04570
2148.67947,0.04200
2146.75067,0.03931
2144.82187,0.03808
2142.89308,0.03671
2140.96428,0.03502
2139.03548,0.03379
2137.10669,0.03281
2135.17789,0.03145
2133.24909,0.02968
2131.32030,0.02826
2129.39150,0.02735
2127.46270,0.02636
2125.53391,0.02552
2123.60511,0.02507
2121.67631,0.02441
2119.74752,0.02345
2117.81872,0.02282
2115.88992,0.02266
2113.96113,0.02288
2112.03233,0.02347
2110.10353,0.02422
2108.17474,0.02476
2106.24594,0.02477
2104.31714,0.02454
2102.38835,0.02467
2100.45955,0.02490
2098.53075,0.02457
2096.60196,0.02380
2094.67316,0.02323
2092.74436,0.02285
2090.81557,0.02258
2088.88677,0.02268
2086.95797,0.02320
2085.02918,0.02381
2083.10038,0.02425
2081.17158,0.02450
2079.24279,0.02430
2077.31399,0.02390
2075.38519,0.02408
2073.45640,0.02480
2071.52760,0.02588
2069.59880,0.02741
2067.67001,0.02871
2065.74121,0.02890
2063.81241,0.02828
2061.88362,0.02748
2059.95482,0.02680
2058.02602,0.02673
2056.09723,0.02738
2054.16843,0.02830
2052.23963,0.02921
2050.31084,0.03009
2048.38204,0.03131
2046.45324,0.03323
2044.52445,0.03512
2042.59565,0.03585
2040.66685,0.03528
2038.73806,0.03385
2036.80926,0.03317
2034.88046,0.03498
2032.95167,0.03752
2031.02287,0.03781
2029.09407,0.03656
2027.16528,0.03624
2025.23648,0.03691
2023.30768,0.03702
2021.37889,0.03547
2019.45009,0.03364
2017.52129,0.03445
2015.59250,0.03677
2013.66370,0.03748
2011.73490,0.03702
2009.80611,0.03654
2007.87731,0.03464
2005.94851,0.03077
2004.01972,0.02788
2002.09092,0.02804
2000.16212,0.02977
1998.23333,0.03090
1996.30453,0.03050
1994.37574,0.02891
1992.44694,0.02789
1990.51814,0.02853
1988.58935,0.02963
1986.66055,0.03034
1984.73175,0.03078
1982.80296,0.03149
1980.87416,0.03260
1978.94536,0.03306
1977.01657,0.03239
1975.08777,0.03128
1973.15897,0.02964
1971.23018,0.02782
1969.30138,0.02719
1967.37258,0.02762
1965.44379,0.02784
1963.51499,0.02755
1961.58619,0.02664
1959.65740,0.02540
1957.72860,0.02451
1955.79980,0.02383
1953.87101,0.02305
1951.94221,0.02273
1950.01341,0.02282
1948.08462,0.02235
1946.15582,0.02184
1944.22702,0.02243
1942.29823,0.02279
1940.36943,0.02151
1938.44063,0.01960
1936.51184,0.01834
1934.58304,0.01827
1932.65424,0.01884
1930.72545,0.01918
1928.79665,0.01939
1926.86785,0.01983
1924.93906,0.02040
1923.01026,0.02052
1921.08146,0.02042
1919.15267,0.02057
1917.22387,0.02016
1915.29507,0.01908
1913.36628,0.01864
1911.43748,0.01895
1909.50868,0.01911
1907.57989,0.01860
1905.65109,0.01778
1903.72229,0.01725
1901.79350,0.01708
1899.86470,0.01711
1897.93590,0.01740
1896.00711,0.01775
1894.07831,0.01779
1892.14951,0.01789
1890.22072,0.01828
1888.29192,0.01817
1886.36312,0.01760
1884.43433,0.01729
1882.50553,0.01722
1880.57673,0.01727
1878.64794,0.01744
1876.71914,0.01753
1874.79034,0.01749
1872.86155,0.01794
1870.93275,0.01932
1869.00395,0.02042
1867.07516,0.01973
1865.14636,0.01825
1863.21756,0.01745
1861.28877,0.01718
1859.35997,0.01694
1857.43117,0.01663
1855.50238,0.01636
1853.57358,0.01630
1851.64478,0.01654
1849.71599,0.01713
1847.78719,0.01813
1845.85839,0.01934
1843.92960,0.01947
1842.00080,0.01807
1840.07200,0.01700
1838.14321,0.01695
1836.21441,0.01707
1834.28561,0.01723
1832.35682,0.01816
1830.42802,0.01926
1828.49922,0.01946
1826.57043,0.01931
1824.64163,0.01885
1822.71283,0.01779
1820.78404,0.01705
1818.85524,0.01697
1816.92644,0.01695
1814.99765,0.01691
1813.06885,0.01730
1811.14005,0.01770
1809.21126,0.01743
1807.28246,0.01682
1805.35366,0.01680
1803.42487,0.01770
1801.49607,0.01860
1799.56727,0.01848
1797.63848,0.01797
1795.70968,0.01838
1793.78088,0.01971
1791.85209,0.02012
1789.92329,0.01862
1787.99449,0.01742
1786.06570,0.01757
1784.13690,0.01806
1782.20810,0.01840
1780.27931,0.01845
1778.35051,0.01818
1776.42171,0.01846
1774.49292,0.01975
1772.56412,0.02093
1770.63532,0.02079
1768.70653,0.01971
1766.77773,0.01826
1764.84893,0.01761
1762.92014,0.01815
1760.99134,0.01844
1759.06254,0.01822
1757.13375,0.01801
1755.20495,0.01774
1753.27615,0.01849
1751.34736,0.02047
1749.41856,0.02130
1747.48976,0.02033
1745.56097,0.01930
1743.63217,0.01890
1741.70337,0.01881
1739.77458,0.01856
1737.84578,0.01870
1735.91698,0.02030
1733.98819,0.02191
1732.05939,0.02088
1730.13059,0.01884
1728.20180,0.01732
1726.27300,0.01670
1724.34420,0.01707
1722.41541,0.01802
1720.48661,0.02028
1718.55781,0.02382
1716.62902,0.02561
1714.70022,0.02453
1712.77142,0.02318
1710.84263,0.02336
1708.91383,0.02548
1706.98503,0.02922
1705.05624,0.03340
1703.12744,0.03797
1701.19864,0.04455
1699.26985,0.05148
1697.34105,0.05716
1695.41225,0.06347
1693.48346,0.07029
1691.55466,0.07885
1689.62586,0.09055
1687.69707,0.10372
1685.76827,0.11958
1683.83947,0.13867
1681.91068,0.15318
1679.98188,0.16430
1678.05308,0.17691
1676.12429,0.19200
1674.19549,0.20728
1672.26669,0.22007
1670.33790,0.23200
1668.40910,0.24209
1666.48030,0.24850
1664.55151,0.25417
1662.62271,0.25950
1660.69391,0.26229
1658.76512,0.26371
1656.83632,0.26636
1654.90752,0.27091
1652.97873,0.27329
1651.04993,0.27172
1649.12113,0.27294
1647.19234,0.27790
1645.26354,0.28336
1643.33474,0.28934
1641.40595,0.29879
1639.47715,0.31228
1637.54835,0.33015
1635.61956,0.35211
1633.69076,0.37141
1631.76197,0.38704
1629.83317,0.40380
1627.90437,0.42103
1625.97558,0.43520
1624.04678,0.44534
1622.11798,0.45070
1620.18919,0.45213
1618.26039,0.45198
1616.33159,0.44952
1614.40280,0.44558
1612.47400,0.44362
1610.54520,0.44462
1608.61641,0.44835
1606.68761,0.45441
1604.75881,0.46269
1602.83002,0.47250
1600.90122,0.48255
1598.97242,0.49178
1597.04363,0.49927
1595.11483,0.50377
1593.18603,0.50394
1591.25724,0.49952
1589.32844,0.49068
1587.39964,0.47786
1585.47085,0.46167
1583.54205,0.44266
1581.61325,0.42211
1579.68446,0.40225
1577.75566,0.38157
1575.82686,0.35604
1573.89807,0.33232
1571.96927,0.31411
1570.04047,0.29531
1568.11168,0.27537
1566.18288,0.25808
1564.25408,0.24378
1562.32529,0.23381
1560.39649,0.22593
1558.46769,0.21184
1556.53890,0.19581
1554.61010,0.18387
1552.68130,0.17422
1550.75251,0.16604
1548.82371,0.15864
1546.89491,0.15318
1544.96612,0.15008
1543.03732,0.14766
1541.10852,0.14374
1539.17973,0.13607
1537.25093,0.12898
1535.32213,0.12547
1533.39334,0.12255
1531.46454,0.11845
1529.53574,0.11556
1527.60695,0.11436
1525.67815,0.11323
1523.74935,0.11224
1521.82056,0.11115
1519.89176,0.10884
1517.96296,0.10634
1516.03417,0.10369
1514.10537,0.10107
1512.17657,0.10041
1510.24778,0.10261
1508.31898,0.10593
1506.39018,0.10497
1504.46139,0.10028
1502.53259,0.09857
1500.60379,0.10048
1498.67500,0.10428
1496.74620,0.10805
1494.81740,0.11134
1492.88861,0.11649
1490.95981,0.12510
1489.03101,0.13470
1487.10222,0.14242
1485.17342,0.15025
1483.24462,0.16042
1481.31583,0.17289
1479.38703,0.18657
1477.45823,0.20147
1475.52944,0.21766
1473.60064,0.23387
1471.67184,0.24728
1469.74305,0.25634
1467.81425,0.26423
1465.88545,0.27251
1463.95666,0.27831
1462.02786,0.28094
1460.09906,0.28298
1458.17027,0.28289
1456.24147,0.27480
1454.31267,0.26205
1452.38388,0.24995
1450.45508,0.23801
1448.52628,0.22493
1446.59749,0.21024
1444.66869,0.19576
1442.73989,0.18253
1440.81110,0.17116
1438.88230,0.16207
1436.95350,0.15238
1435.02471,0.14100
1433.09591,0.13145
1431.16711,0.12393
1429.23832,0.11669
1427.30952,0.11022
1425.38072,0.10525
1423.45193,0.10117
1421.52313,0.09822
1419.59433,0.09586
1417.66554,0.09161
1415.73674,0.08620
1413.80794,0.08200
1411.87915,0.07910
1409.95035,0.07668
1408.02155,0.07477
1406.09276,0.07336
1404.16396,0.07153
1402.23516,0.06975
1400.30637,0.06916
1398.37757,0.06906
1396.44877,0.06831
1394.51998,0.06638
1392.59118,0.06372
1390.66238,0.06216
1388.73359,0.06201
1386.80479,0.06133
1384.87599,0.05947
1382.94720,0.05796
1381.01840,0.05734
1379.08960,0.05710
1377.16081,0.05721
1375.23201,0.05744
1373.30321,0.05672
1371.37442,0.05523
1369.44562,0.05413
1367.51682,0.05354
1365.58803,0.05373
1363.65923,0.05458
1361.73043,0.05431
1359.80164,0.05263
1357.87284,0.05124
1355.94404,0.05063
1354.01525,0.05023
1352.08645,0.04981
1350.15765,0.04950
1348.22886,0.04925
1346.30006,0.04902
1344.37126,0.04912
1342.44247,0.05006
1340.51367,0.05153
1338.58487,0.05194
1336.65608,0.05092
1334.72728,0.04979
1332.79848,0.04927
1330.86969,0.04912
1328.94089,0.04896
1327.01209,0.04870
1325.08330,0.04843
1323.15450,0.04826
1321.22570,0.04830
1319.29691,0.04838
1317.36811,0.04818
1315.43931,0.04779
1313.51052,0.04742
1311.58172,0.04695
1309.65292,0.04649
1307.72413,0.04621
1305.79533,0.04599
1303.86653,0.04582
1301.93774,0.04575
1300.00894,0.04576
1298.08014,0.04582
1296.15135,0.04586
1294.22255,0.04586
1292.29375,0.04594
1290.36496,0.04613
1288.43616,0.04629
1286.50736,0.04628
1284.57857,0.04619
1282.64977,0.04617
1280.72097,0.04619
1278.79218,0.04617
1276.86338,0.04614
1274.93458,0.04619
1273.00579,0.04633
1271.07699,0.04642
1269.14820,0.04639
1267.21940,0.04628
1265.29060,0.04617
1263.36181,0.04608
1261.43301,0.04607
1259.50421,0.04605
1257.57542,0.04598
1255.64662,0.04595
1253.71782,0.04601
1251.78903,0.04615
1249.86023,0.04631
1247.93143,0.04647
1246.00264,0.04669
1244.07384,0.04693
1242.14504,0.04714
1240.21625,0.04731
1238.28745,0.04750
1236.35865,0.04769
1234.42986,0.04788
1232.50106,0.04809
1230.57226,0.04835
1228.64347,0.04861
1226.71467,0.04884
1224.78587,0.04904
1222.85708,0.04925
1220.92828,0.04953
1218.99948,0.04986
1217.07069,0.05023
1215.14189,0.05064
1213.21309,0.05110
1211.28430,0.05160
1209.35550,0.05213
1207.42670,0.05275
1205.49791,0.05349
1203.56911,0.05435
1201.64031,0.05534
1199.71152,0.05647
1197.78272,0.05776
1195.85392,0.05922
1193.92513,0.06090
1191.99633,0.06283
1190.06753,0.06499
1188.13874,0.06738
1186.20994,0.07006
1184.28114,0.07303
1182.35235,0.07632
1180.42355,0.08003
1178.49475,0.08418
1176.56596,0.08868
1174.63716,0.09343
1172.70836,0.09840
1170.77957,0.10354
1168.85077,0.10872
1166.92197,0.11375
1164.99318,0.11839
1163.06438,0.12239
1161.13558,0.12551
1159.20679,0.12753
1157.27799,0.12829
1155.34919,0.12771
1153.42040,0.12586
1151.49160,0.12288
1149.56280,0.11898
1147.63401,0.11440
1145.70521,0.10940
1143.77641,0.10424
1141.84762,0.09917
1139.91882,0.09434
1137.99002,0.08981
1136.06123,0.08562
1134.13243,0.08180
1132.20363,0.07837
1130.27484,0.07534
1128.34604,0.07266
1126.41724,0.07027
1124.48845,0.06815
1122.55965,0.06628
1120.63085,0.06461
1118.70206,0.06311
1116.77326,0.06176
1114.84446,0.06060
1112.91567,0.05959
1110.98687,0.05870
1109.05807,0.05793
1107.12928,0.05730
1105.20048,0.05678
1103.27168,0.05633
1101.34289,0.05598
1099.41409,0.05577
1097.48529,0.05566
1095.55650,0.05565
1093.62770,0.05577
1091.69890,0.05601
1089.77011,0.05633
1087.84131,0.05672
1085.91251,0.05717
1083.98372,0.05767
1082.05492,0.05820
1080.12612,0.05874
1078.19733,0.05930
1076.26853,0.05986
1074.33973,0.06037
1072.41094,0.06083
1070.48214,0.06122
1068.55334,0.06151
1066.62455,0.06165
1064.69575,0.06164
1062.76695,0.06148
1060.83816,0.06118
1058.90936,0.06077
1056.98056,0.06024
1055.05177,0.05961
1053.12297,0.05892
1051.19417,0.05823
1049.26538,0.05757
1047.33658,0.05695
1045.40778,0.05636
1043.47899,0.05578
1041.55019,0.05520
1039.62139,0.05462
1037.69260,0.05408
1035.76380,0.05356
1033.83500,0.05304
1031.90621,0.05250
1029.97741,0.05197
1028.04861,0.05144
1026.11982,0.05092
1024.19102,0.05044
1022.26222,0.05000
1020.33343,0.04963
1018.40463,0.04934
1016.47583,0.04912
1014.54704,0.04894
1012.61824,0.04878
1010.68944,0.04855
1008.76065,0.04816
1006.83185,0.04760
1004.90305,0.04692
1002.97426,0.04623
1001.04546,0.04557
999.11666,0.04501
997.18787,0.04459
995.25907,0.04429
993.33027,0.04406
991.40148,0.04382
989.47268,0.04356
987.54388,0.04331
985.61509,0.04303
983.68629,0.04270
981.75749,0.04232
979.82870,0.04192
977.89990,0.04149
975.97110,0.04103
974.04231,0.04057
972.11351,0.04010
970.18471,0.03961
968.25592,0.03910
966.32712,0.03862
964.39832,0.03816
962.46953,0.03770
960.54073,0.03723
958.61193,0.03678
956.68314,0.03633
954.75434,0.03588
952.82554,0.03545
950.89675,0.03507
948.96795,0.03471
947.03915,0.03434
945.11036,0.03400
943.18156,0.03368
941.25276,0.03337
939.32397,0.03305
937.39517,0.03272
935.46637,0.03236
933.53758,0.03197
931.60878,0.03153
929.67998,0.03107
927.75119,0.03059
925.82239,0.03010
923.89359,0.02958
921.96480,0.02902
920.03600,0.02846
918.10720,0.02790
916.17841,0.02733
914.24961,0.02678
912.32081,0.02625
910.39202,0.02573
908.46322,0.02524
906.53443,0.02480
904.60563,0.02437
902.67683,0.02398
900.74804,0.02363
898.81924,0.02331
896.89044,0.02297
894.96165,0.02261
893.03285,0.02222
891.10405,0.02182
889.17526,0.02141
887.24646,0.02100
885.31766,0.02056
883.38887,0.02009
881.46007,0.01962
879.53127,0.01915
877.60248,0.01865
875.67368,0.01816
873.74488,0.01770
871.81609,0.01726
869.88729,0.01682
867.95849,0.01637
866.02970,0.01590
864.10090,0.01543
862.17210,0.01496
860.24331,0.01452
858.31451,0.01411
856.38571,0.01372
854.45692,0.01342
852.52812,0.01324
850.59932,0.01306
848.67053,0.01286
846.74173,0.01271
844.81293,0.01266
842.88414,0.01263
840.95534,0.01252
839.02654,0.01236
837.09775,0.01220
835.16895,0.01207
833.24015,0.01199
831.31136,0.01193
829.38256,0.01182
827.45376,0.01173
825.52497,0.01166
823.59617,0.01160
821.66737,0.01157
819.73858,0.01156
817.80978,0.01156
815.88098,0.01162
813.95219,0.01177
812.02339,0.01196
810.09459,0.01222
808.16580,0.01256
806.23700,0.01289
804.30820,0.01330
802.37941,0.01402
800.45061,0.01499
798.52181,0.01602
796.59302,0.01716
794.66422,0.01844
792.73542,0.01971
790.80663,0.02087
788.87783,0.02188
786.94903,0.02270
785.02024,0.02321
783.09144,0.02313
781.16264,0.02232
779.23385,0.02115
777.30505,0.01996
775.37625,0.01862
773.44746,0.01716
771.51866,0.01599
769.58986,0.01514
767.66107,0.01453
765.73227,0.01413
763.80347,0.01376
761.87468,0.01342
759.94588,0.01326
758.01708,0.01313
756.08829,0.01288
754.15949,0.01263
752.23069,0.01258
750.30190,0.01254
748.37310,0.01231
