3496.90832,0.04708
3494.97953,0.04309
3493.05073,0.04169
3491.12193,0.04276
3489.19314,0.04512
3487.26434,0.04796
3485.33554,0.04637
3483.40675,0.04283
3481.47795,0.04345
3479.54915,0.04634
3477.62036,0.04844
3475.69156,0.04972
3473.76276,0.05045
3471.83397,0.05017
3469.90517,0.05101
3467.97637,0.05561
3466.04758,0.05980
3464.11878,0.05895
3462.18998,0.05562
3460.26119,0.05294
3458.33239,0.04795
3456.40359,0.04038
3454.47480,0.03801
3452.54600,0.04020
3450.61721,0.03826
3448.68841,0.03357
3446.75961,0.03445
3444.83082,0.04045
3442.90202,0.04371
3440.97322,0.04305
3439.04443,0.03970
3437.11563,0.03041
3435.18683,0.02238
3433.25804,0.02501
3431.32924,0.03044
3429.40044,0.03366
3427.47165,0.03950
3425.54285,0.04274
3423.61405,0.04065
3421.68526,0.04025
3419.75646,0.04160
3417.82766,0.04197
3415.89887,0.04225
3413.97007,0.03992
3412.04127,0.03288
3410.11248,0.02803
3408.18368,0.02800
3406.25488,0.02489
3404.32609,0.01982
3402.39729,0.02173
3400.46849,0.02833
3398.53970,0.03004
3396.61090,0.02502
3394.68210,0.02206
3392.75331,0.02716
3390.82451,0.03410
3388.89571,0.03499
3386.96692,0.03019
3385.03812,0.02439
3383.10932,0.02082
3381.18053,0.02253
3379.25173,0.02925
3377.32293,0.03641
3375.39414,0.04008
3373.46534,0.04056
3371.53654,0.04099
3369.60775,0.04177
3367.67895,0.04085
3365.75015,0.03471
3363.82136,0.02583
3361.89256,0.02454
3359.96376,0.02967
3358.03497,0.03343
3356.10617,0.03958
3354.17737,0.04853
3352.24858,0.05352
3350.31978,0.05678
3348.39098,0.05851
3346.46219,0.05022
3344.53339,0.03846
3342.60459,0.03717
3340.67580,0.04191
3338.74700,0.04098
3336.81820,0.03439
3334.88941,0.02865
3332.96061,0.02638
3331.03181,0.02739
3329.10302,0.03001
3327.17422,0.03144
3325.24542,0.03090
3323.31663,0.02818
3321.38783,0.02714
3319.45903,0.03422
3317.53024,0.04208
3315.60144,0.03735
3313.67264,0.02360
3311.74385,0.01704
3309.81505,0.02173
3307.88625,0.02806
3305.95746,0.02867
3304.02866,0.02234
3302.09986,0.01334
3300.17107,0.01077
3298.24227,0.01567
3296.31347,0.01905
3294.38468,0.01779
3292.45588,0.01784
3290.52708,0.02349
3288.59829,0.02887
3286.66949,0.02319
3284.74069,0.01246
3282.81190,0.01244
3280.88310,0.02014
3278.95430,0.02321
3277.02551,0.02170
3275.09671,0.02225
3273.16791,0.02599
3271.23912,0.02831
3269.31032,0.02589
3267.38152,0.02128
3265.45273,0.01803
3263.52393,0.01480
3261.59513,0.01246
3259.66634,0.01412
3257.73754,0.01718
3255.80874,0.01813
3253.87995,0.01579
3251.95115,0.01284
3250.02235,0.01541
3248.09356,0.02133
3246.16476,0.02253
3244.23596,0.02059
3242.30717,0.01904
3240.37837,0.01497
3238.44957,0.01294
3236.52078,0.01739
3234.59198,0.02122
3232.66318,0.02129
3230.73439,0.02259
3228.80559,0.02379
3226.87679,0.01964
3224.94800,0.01348
3223.01920,0.01239
3221.09040,0.01918
3219.16161,0.03158
3217.23281,0.04235
3215.30401,0.04441
3213.37522,0.03888
3211.44642,0.03339
3209.51762,0.03102
3207.58883,0.02897
3205.66003,0.02718
3203.73123,0.02715
3201.80244,0.02705
3199.87364,0.02537
3197.94484,0.02493
3196.01605,0.02703
3194.08725,0.02692
3192.15845,0.02483
3190.22966,0.02757
3188.30086,0.03301
3186.37206,0.03340
3184.44327,0.02976
3182.51447,0.02717
3180.58567,0.02695
3178.65688,0.02849
3176.72808,0.02940
3174.79928,0.02732
3172.87049,0.02498
3170.94169,0.02558
3169.01289,0.02569
3167.08410,0.02114
3165.15530,0.01672
3163.22650,0.01808
3161.29771,0.02101
3159.36891,0.02068
3157.44011,0.01980
3155.51132,0.02067
3153.58252,0.02160
3151.65372,0.02143
3149.72493,0.02041
3147.79613,0.01981
3145.86733,0.02161
3143.93854,0.02433
3142.00974,0.02454
3140.08094,0.02268
3138.15215,0.02104
3136.22335,0.02044
3134.29455,0.02053
3132.36576,0.02062
3130.43696,0.02035
3128.50816,0.01895
3126.57937,0.01695
3124.65057,0.01715
3122.72177,0.02019
3120.79298,0.02292
3118.86418,0.02379
3116.93538,0.02413
3115.00659,0.02362
3113.07779,0.02236
3111.14899,0.02184
3109.22020,0.02138
3107.29140,0.02146
3105.36260,0.02318
3103.43381,0.02441
3101.50501,0.02385
3099.57621,0.02253
3097.64742,0.02067
3095.71862,0.01883
3093.78982,0.01787
3091.86103,0.01743
3089.93223,0.01768
3088.00344,0.01863
3086.07464,0.01934
3084.14584,0.01991
3082.21705,0.02033
3080.28825,0.01974
3078.35945,0.01878
3076.43066,0.01847
3074.50186,0.01844
3072.57306,0.01846
3070.64427,0.01875
3068.71547,0.01896
3066.78667,0.01875
3064.85788,0.01832
3062.92908,0.01814
3061.00028,0.01847
3059.07149,0.01895
3057.14269,0.01892
3055.21389,0.01877
3053.28510,0.01912
3051.35630,0.01939
3049.42750,0.01912
3047.49871,0.01897
3045.56991,0.01950
3043.64111,0.02022
3041.71232,0.02083
3039.78352,0.02132
3037.85472,0.02165
3035.92593,0.02232
3033.99713,0.02291
3032.06833,0.02261
3030.13954,0.02241
3028.21074,0.02317
3026.28194,0.02371
3024.35315,0.02289
3022.42435,0.02164
3020.49555,0.02137
3018.56676,0.02211
3016.63796,0.02302
3014.70916,0.02317
3012.78037,0.02298
3010.85157,0.02348
3008.92277,0.02421
3006.99398,0.02450
3005.06518,0.02452
3003.13638,0.02395
3001.20759,0.02288
2999.27879,0.02229
2997.34999,0.02233
2995.42120,0.02288
2993.49240,0.02376
2991.56360,0.02398
2989.63481,0.02358
2987.70601,0.02362
2985.77721,0.02422
2983.84842,0.02477
2981.91962,0.02516
2979.99082,0.02556
2978.06203,0.02574
2976.13323,0.02561
2974.20443,0.02542
2972.27564,0.02523
2970.34684,0.02504
2968.41804,0.02491
2966.48925,0.02488
2964.56045,0.02499
2962.63165,0.02492
2960.70286,0.02468
2958.77406,0.02503
2956.84526,0.02600
2954.91647,0.02651
2952.98767,0.02613
2951.05887,0.02569
2949.13008,0.02597
2947.20128,0.02657
2945.27248,0.02675
2943.34369,0.02645
2941.41489,0.02603
2939.48609,0.02583
2937.55730,0.02607
2935.62850,0.02626
2933.69970,0.02607
2931.77091,0.02587
2929.84211,0.02569
2927.91331,0.02549
2925.98452,0.02562
2924.05572,0.02602
2922.12692,0.02633
2920.19813,0.02666
2918.26933,0.02721
2916.34053,0.02773
2914.41174,0.02784
2912.48294,0.02754
2910.55414,0.02718
2908.62535,0.02691
2906.69655,0.02673
2904.76775,0.02688
2902.83896,0.02717
2900.91016,0.02727
2898.98136,0.02742
2897.05257,0.02767
2895.12377,0.02775
2893.19497,0.02769
2891.26618,0.02785
2889.33738,0.02819
2887.40858,0.02818
2885.47979,0.02781
2883.55099,0.02768
2881.62219,0.02787
2879.69340,0.02805
2877.76460,0.02833
2875.83580,0.02887
2873.90701,0.02919
2871.97821,0.02903
2870.04941,0.02874
2868.12062,0.02879
2866.19182,0.02921
2864.26302,0.02956
2862.33423,0.02962
2860.40543,0.02971
2858.47663,0.02995
2856.54784,0.03005
2854.61904,0.02994
2852.69024,0.02978
2850.76145,0.02967
2848.83265,0.02971
2846.90385,0.03003
2844.97506,0.03058
2843.04626,0.03115
2841.11746,0.03158
2839.18867,0.03191
2837.25987,0.03205
2835.33107,0.03190
2833.40228,0.03171
2831.47348,0.03182
2829.54468,0.03215
2827.61589,0.03215
2825.68709,0.03186
2823.75829,0.03180
2821.82950,0.03210
2819.90070,0.03257
2817.97190,0.03285
2816.04311,0.03261
2814.11431,0.03221
2812.18551,0.03223
2810.25672,0.03243
2808.32792,0.03240
2806.39912,0.03232
2804.47033,0.03239
2802.54153,0.03245
2800.61273,0.03234
2798.68394,0.03198
2796.75514,0.03146
2794.82634,0.03108
2792.89755,0.03094
2790.96875,0.03095
2789.03995,0.03109
2787.11116,0.03119
2785.18236,0.03100
2783.25356,0.03065
2781.32477,0.03041
2779.39597,0.03030
2777.46717,0.03024
2775.53838,0.03016
2773.60958,0.03009
2771.68078,0.03027
2769.75199,0.03059
2767.82319,0.03081
2765.89439,0.03084
2763.96560,0.03054
2762.03680,0.03009
2760.10800,0.02980
2758.17921,0.02965
2756.25041,0.02957
2754.32161,0.02944
2752.39282,0.02913
2750.46402,0.02887
2748.53522,0.02899
2746.60643,0.02930
2744.67763,0.02939
2742.74883,0.02925
2740.82004,0.02913
2738.89124,0.02917
2736.96244,0.02945
2735.03365,0.02983
2733.10485,0.03000
2731.17605,0.02987
2729.24726,0.02973
2727.31846,0.02979
2725.38967,0.02988
2723.46087,0.02985
2721.53207,0.02986
2719.60328,0.02996
2717.67448,0.02998
2715.74568,0.02993
2713.81689,0.03003
2711.88809,0.03016
2709.95929,0.03000
2708.03050,0.02962
2706.10170,0.02943
2704.17290,0.02951
2702.24411,0.02952
2700.31531,0.02943
2698.38651,0.02943
2696.45772,0.02951
2694.52892,0.02959
2692.60012,0.02969
2690.67133,0.02970
2688.74253,0.02965
2686.81373,0.02963
2684.88494,0.02968
2682.95614,0.02975
2681.02734,0.02979
2679.09855,0.02986
2677.16975,0.02993
2675.24095,0.02995
2673.31216,0.02993
2671.38336,0.02988
2669.45456,0.02984
2667.52577,0.02986
2665.59697,0.02985
2663.66817,0.02980
2661.73938,0.02971
2659.81058,0.02953
2657.88178,0.02937
2655.95299,0.02933
2654.02419,0.02934
2652.09539,0.02933
2650.16660,0.02930
2648.23780,0.02947
2646.30900,0.02977
2644.38021,0.02989
2642.45141,0.02986
2640.52261,0.02976
2638.59382,0.02964
2636.66502,0.02966
2634.73622,0.02978
2632.80743,0.02997
2630.87863,0.03042
2628.94983,0.03098
2627.02104,0.03117
2625.09224,0.03102
2623.16344,0.03094
2621.23465,0.03114
2619.30585,0.03151
2617.37705,0.03169
2615.44826,0.03150
2613.51946,0.03124
2611.59066,0.03116
2609.66187,0.03115
2607.73307,0.03105
2605.80427,0.03087
2603.87548,0.03083
2601.94668,0.03110
2600.01788,0.03144
2598.08909,0.03171
2596.16029,0.03195
2594.23149,0.03195
2592.30270,0.03176
2590.37390,0.03176
2588.44510,0.03180
2586.51631,0.03154
2584.58751,0.03125
2582.65871,0.03104
2580.72992,0.03072
2578.80112,0.03065
2576.87232,0.03119
2574.94353,0.03179
2573.01473,0.03193
2571.08593,0.03186
2569.15714,0.03193
2567.22834,0.03197
2565.29954,0.03185
2563.37075,0.03165
2561.44195,0.03151
2559.51315,0.03131
2557.58436,0.03112
2555.65556,0.03114
2553.72676,0.03113
2551.79797,0.03103
2549.86917,0.03115
2547.94037,0.03136
2546.01158,0.03144
2544.08278,0.03148
2542.15398,0.03150
2540.22519,0.03143
2538.29639,0.03143
2536.36759,0.03155
2534.43880,0.03169
2532.51000,0.03171
2530.58120,0.03143
2528.65241,0.03104
2526.72361,0.03088
2524.79481,0.03075
2522.86602,0.03062
2520.93722,0.03080
2519.00842,0.03122
2517.07963,0.03148
2515.15083,0.03155
2513.22203,0.03160
2511.29324,0.03136
2509.36444,0.03077
2507.43564,0.03042
2505.50685,0.03062
2503.57805,0.03087
2501.64925,0.03074
2499.72046,0.03039
2497.79166,0.03012
2495.86286,0.03008
2493.93407,0.03021
2492.00527,0.03020
2490.07647,0.02994
2488.14768,0.02981
2486.21888,0.02993
2484.29008,0.03009
2482.36129,0.03022
2480.43249,0.03038
2478.50369,0.03068
2476.57490,0.03098
2474.64610,0.03103
2472.71730,0.03077
2470.78851,0.03037
2468.85971,0.03018
2466.93091,0.03025
2465.00212,0.03035
2463.07332,0.03037
2461.14452,0.03029
2459.21573,0.03021
2457.28693,0.03024
2455.35813,0.03004
2453.42934,0.02957
2451.50054,0.02935
2449.57174,0.02936
2447.64295,0.02915
2445.71415,0.02893
2443.78535,0.02903
2441.85656,0.02918
2439.92776,0.02925
2437.99896,0.02920
2436.07017,0.02885
2434.14137,0.02852
2432.21257,0.02846
2430.28378,0.02848
2428.35498,0.02869
2426.42618,0.02913
2424.49739,0.02944
2422.56859,0.02937
2420.63979,0.02892
2418.71100,0.02829
2416.78220,0.02800
2414.85340,0.02812
2412.92461,0.02800
2410.99581,0.02744
2409.06701,0.02709
2407.13822,0.02711
2405.20942,0.02701
2403.28062,0.02681
2401.35183,0.02666
2399.42303,0.02635
2397.49423,0.02601
2395.56544,0.02594
2393.63664,0.02605
2391.70784,0.02640
2389.77905,0.02721
2387.85025,0.02902
2385.92145,0.03296
2383.99266,0.03999
2382.06386,0.05009
2380.13506,0.06247
2378.20627,0.07590
2376.27747,0.08959
2374.34867,0.10384
2372.41988,0.11888
2370.49108,0.13394
2368.56228,0.14783
2366.63349,0.16004
2364.70469,0.17028
2362.77589,0.17758
2360.84710,0.18081
2358.91830,0.17887
2356.98951,0.17103
2355.06071,0.15756
2353.13191,0.13963
2351.20312,0.12156
2349.27432,0.11197
2347.34552,0.11618
2345.41673,0.12939
2343.48793,0.13864
2341.55913,0.13952
2339.63034,0.13690
2337.70154,0.13357
2335.77274,0.13088
2333.84395,0.13016
2331.91515,0.13059
2329.98635,0.12895
2328.05756,0.12451
2326.12876,0.12024
2324.19996,0.11752
2322.27117,0.11390
2320.34237,0.10672
2318.41357,0.09735
2316.48478,0.08948
2314.55598,0.08466
2312.62718,0.08110
2310.69839,0.07677
2308.76959,0.07144
2306.84079,0.06544
2304.91200,0.05948
2302.98320,0.05466
2301.05440,0.05098
2299.12561,0.04766
2297.19681,0.04467
2295.26801,0.04230
2293.33922,0.04002
2291.41042,0.03749
2289.48162,0.03520
2287.55283,0.03352
2285.62403,0.03238
2283.69523,0.03182
2281.76644,0.03197
2279.83764,0.03273
2277.90884,0.03376
2275.98005,0.03465
2274.05125,0.03512
2272.12245,0.03520
2270.19366,0.03529
2268.26486,0.03564
2266.33606,0.03593
2264.40727,0.03591
2262.47847,0.03574
2260.54967,0.03587
2258.62088,0.03682
2256.69208,0.03808
2254.76328,0.03797
2252.83449,0.03645
2250.90569,0.03547
2248.97689,0.03579
2247.04810,0.03632
2245.11930,0.03643
2243.19050,0.03649
2241.26171,0.03701
2239.33291,0.03795
2237.40411,0.03854
2235.47532,0.03871
2233.54652,0.03893
2231.61772,0.03875
2229.68893,0.03859
2227.76013,0.03924
2225.83133,0.03980
2223.90254,0.03978
2221.97374,0.03995
2220.04494,0.04029
2218.11615,0.04052
2216.18735,0.04124
2214.25855,0.04214
2212.32976,0.04233
2210.40096,0.04293
2208.47216,0.04444
2206.54337,0.04468
2204.61457,0.04332
2202.68577,0.04252
2200.75698,0.04337
2198.82818,0.04484
2196.89938,0.04507
2194.97059,0.04383
2193.04179,0.04305
2191.11299,0.04401
2189.18420,0.04612
2187.25540,0.04804
2185.32660,0.04873
2183.39781,0.04848
2181.46901,0.04942
2179.54021,0.05200
2177.61142,0.05289
2175.68262,0.05066
2173.75382,0.04849
2171.82503,0.04868
2169.89623,0.05010
2167.96743,0.05117
2166.03864,0.05204
2164.10984,0.05466
2162.18104,0.05924
2160.25225,0.06253
2158.32345,0.06285
2156.39465,0.06018
2154.46586,0.05546
2152.53706,0.05140
2150.60826,0.04891
2148.67947,0.04691
2146.75067,0.04392
2144.82187,0.03997
2142.89308,0.03656
2140.96428,0.03424
2139.03548,0.03315
2137.10669,0.03300
2135.17789,0.03275
2133.24909,0.03197
2131.32030,0.03100
2129.39150,0.02978
2127.46270,0.02816
2125.53391,0.02697
2123.60511,0.02662
2121.67631,0.02630
2119.74752,0.02563
2117.81872,0.02514
2115.88992,0.02504
2113.96113,0.02504
2112.03233,0.02510
2110.10353,0.02527
2108.17474,0.02532
2106.24594,0.02518
2104.31714,0.02528
2102.38835,0.02537
2100.45955,0.02472
2098.53075,0.02404
2096.60196,0.02425
2094.67316,0.02452
2092.74436,0.02405
2090.81557,0.02358
2088.88677,0.02381
2086.95797,0.02428
2085.02918,0.02474
2083.10038,0.02529
2081.17158,0.02576
2079.24279,0.02622
2077.31399,0.02690
2075.38519,0.02735
2073.45640,0.02757
2071.52760,0.02811
2069.59880,0.02856
2067.67001,0.02865
2065.74121,0.02856
2063.81241,0.02834
2061.88362,0.02814
2059.95482,0.02816
2058.02602,0.02850
2056.09723,0.02871
2054.16843,0.02875
2052.23963,0.02920
2050.31084,0.03025
2048.38204,0.03212
2046.45324,0.03430
2044.52445,0.03535
2042.59565,0.03591
2040.66685,0.03733
2038.73806,0.03844
2036.80926,0.03845
2034.88046,0.03859
2032.95167,0.03885
2031.02287,0.03794
2029.09407,0.03573
2027.16528,0.03337
2025.23648,0.03263
2023.30768,0.03418
2021.37889,0.03520
2019.45009,0.03452
2017.52129,0.03497
2015.59250,0.03588
2013.66370,0.03563
2011.73490,0.03520
2009.80611,0.03411
2007.87731,0.03115
2005.94851,0.02765
2004.01972,0.02679
2002.09092,0.02866
2000.16212,0.03083
1998.23333,0.03170
1996.30453,0.03055
1994.37574,0.02870
1992.44694,0.02862
1990.51814,0.02957
1988.58935,0.02946
1986.66055,0.02920
1984.73175,0.02978
1982.80296,0.03052
1980.87416,0.03100
1978.94536,0.03095
1977.01657,0.03034
1975.08777,0.02986
1973.15897,0.02958
1971.23018,0.02922
1969.30138,0.02921
1967.37258,0.02966
1965.44379,0.02970
1963.51499,0.02877
1961.58619,0.02741
1959.65740,0.02618
1957.72860,0.02477
1955.79980,0.02345
1953.87101,0.02300
1951.94221,0.02320
1950.01341,0.02348
1948.08462,0.02336
1946.15582,0.02291
1944.22702,0.02309
1942.29823,0.02350
1940.36943,0.02285
1938.44063,0.02156
1936.51184,0.02084
1934.58304,0.02097
1932.65424,0.02072
1930.72545,0.01974
1928.79665,0.01924
1926.86785,0.01962
1924.93906,0.02050
1923.01026,0.02123
1921.08146,0.02142
1919.15267,0.02139
1917.22387,0.02096
1915.29507,0.02011
1913.36628,0.01975
1911.43748,0.02017
1909.50868,0.02053
1907.57989,0.02011
1905.65109,0.01926
1903.72229,0.01866
1901.79350,0.01843
1899.86470,0.01847
1897.93590,0.01874
1896.00711,0.01906
1894.07831,0.01918
1892.14951,0.01930
1890.22072,0.01955
1888.29192,0.01935
1886.36312,0.01876
1884.43433,0.01840
1882.50553,0.01844
1880.57673,0.01866
1878.64794,0.01877
1876.71914,0.01863
1874.79034,0.01850
1872.86155,0.01894
1870.93275,0.02014
1869.00395,0.02104
1867.07516,0.02045
1865.14636,0.01917
1863.21756,0.01837
1861.28877,0.01798
1859.35997,0.01776
1857.43117,0.01764
1855.50238,0.01759
1853.57358,0.01762
1851.64478,0.01777
1849.71599,0.01821
1847.78719,0.01901
1845.85839,0.01998
1843.92960,0.02012
1842.00080,0.01911
1840.07200,0.01836
1838.14321,0.01827
1836.21441,0.01824
1834.28561,0.01833
1832.35682,0.01915
1830.42802,0.02005
1828.49922,0.02014
1826.57043,0.02000
1824.64163,0.01969
1822.71283,0.01878
1820.78404,0.01796
1818.85524,0.01778
1816.92644,0.01784
1814.99765,0.01798
1813.06885,0.01844
1811.14005,0.01877
1809.21126,0.01841
1807.28246,0.01775
1805.35366,0.01771
1803.42487,0.01851
1801.49607,0.01928
1799.56727,0.01915
1797.63848,0.01875
1795.70968,0.01913
1793.78088,0.02024
1791.85209,0.02059
1789.92329,0.01933
1787.99449,0.01831
1786.06570,0.01839
1784.13690,0.01873
1782.20810,0.01900
1780.27931,0.01908
1778.35051,0.01890
1776.42171,0.01923
1774.49292,0.02041
1772.56412,0.02141
1770.63532,0.02119
1768.70653,0.02021
1766.77773,0.01896
1764.84893,0.01840
1762.92014,0.01885
1760.99134,0.01911
1759.06254,0.01897
1757.13375,0.01882
1755.20495,0.01859
1753.27615,0.01927
1751.34736,0.02098
1749.41856,0.02161
1747.48976,0.02072
1745.56097,0.01988
1743.63217,0.01959
1741.70337,0.01943
1739.77458,0.01907
1737.84578,0.01912
1735.91698,0.02056
1733.98819,0.02209
1732.05939,0.02131
1730.13059,0.01959
1728.20180,0.01825
1726.27300,0.01766
1724.34420,0.01791
1722.41541,0.01869
1720.48661,0.02069
1718.55781,0.02383
1716.62902,0.02548
1714.70022,0.02465
1712.77142,0.02357
1710.84263,0.02385
1708.91383,0.02583
1706.98503,0.02926
1705.05624,0.03314
1703.12744,0.03744
1701.19864,0.04362
1699.26985,0.05023
1697.34105,0.05573
1695.41225,0.06195
1693.48346,0.06870
1691.55466,0.07698
1689.62586,0.08822
1687.69707,0.10081
1685.76827,0.11585
1683.83947,0.13419
1681.91068,0.14861
1679.98188,0.15978
1678.05308,0.17220
1676.12429,0.18688
1674.19549,0.20175
1672.26669,0.21418
1670.33790,0.22574
1668.40910,0.23569
1666.48030,0.24212
1664.55151,0.24766
1662.62271,0.25282
1660.69391,0.25568
1658.76512,0.25720
1656.83632,0.25953
1654.90752,0.26328
1652.97873,0.26537
1651.04993,0.26448
1649.12113,0.26604
1647.19234,0.27090
1645.26354,0.27621
1643.33474,0.28204
1641.40595,0.29132
1639.47715,0.30448
1637.54835,0.32164
1635.61956,0.34286
1633.69076,0.36190
1631.76197,0.37725
1629.83317,0.39328
1627.90437,0.40956
1625.97558,0.42303
1624.04678,0.43275
1622.11798,0.43781
1620.18919,0.43895
1618.26039,0.43838
1616.33159,0.43558
1614.40280,0.43172
1612.47400,0.42990
1610.54520,0.43084
1608.61641,0.43432
1606.68761,0.44010
1604.75881,0.44816
1602.83002,0.45786
1600.90122,0.46781
1598.97242,0.47673
1597.04363,0.48367
1595.11483,0.48766
1593.18603,0.48760
1591.25724,0.48322
1589.32844,0.47442
1587.39964,0.46147
1585.47085,0.44514
1583.54205,0.42620
1581.61325,0.40600
1579.68446,0.38657
1577.75566,0.36634
1575.82686,0.34154
1573.89807,0.31867
1571.96927,0.30105
1570.04047,0.28289
1568.11168,0.26390
1566.18288,0.24749
1564.25408,0.23380
1562.32529,0.22405
1560.39649,0.21613
1558.46769,0.20257
1556.53890,0.18768
1554.61010,0.17666
1552.68130,0.16761
1550.75251,0.15985
1548.82371,0.15286
1546.89491,0.14764
1544.96612,0.14450
1543.03732,0.14191
1541.10852,0.13801
1539.17973,0.13094
1537.25093,0.12455
1535.32213,0.12131
1533.39334,0.11858
1531.46454,0.11482
1529.53574,0.11214
1527.60695,0.11091
1525.67815,0.10969
1523.74935,0.10861
1521.82056,0.10751
1519.89176,0.10540
1517.96296,0.10311
1516.03417,0.10064
1514.10537,0.09824
1512.17657,0.09763
1510.24778,0.09957
1508.31898,0.10249
1506.39018,0.10164
1504.46139,0.09758
1502.53259,0.09620
1500.60379,0.09803
1498.67500,0.10160
1496.74620,0.10528
1494.81740,0.10863
1492.88861,0.11367
1490.95981,0.12193
1489.03101,0.13121
1487.10222,0.13886
1485.17342,0.14661
1483.24462,0.15652
1481.31583,0.16861
1479.38703,0.18185
1477.45823,0.19616
1475.52944,0.21158
1473.60064,0.22704
1471.67184,0.24000
1469.74305,0.24882
1467.81425,0.25631
1465.88545,0.26393
1463.95666,0.26914
1462.02786,0.27129
1460.09906,0.27273
1458.17027,0.27206
1456.24147,0.26399
1454.31267,0.25171
1452.38388,0.24000
1450.45508,0.22836
1448.52628,0.21567
1446.59749,0.20156
1444.66869,0.18772
1442.73989,0.17510
1440.81110,0.16424
1438.88230,0.15549
1436.95350,0.14621
1435.02471,0.13550
1433.09591,0.12656
1431.16711,0.11947
1429.23832,0.11263
1427.30952,0.10651
1425.38072,0.10175
1423.45193,0.09780
1421.52313,0.09491
1419.59433,0.09259
1417.66554,0.08864
1415.73674,0.08368
1413.80794,0.07978
1411.87915,0.07702
1409.95035,0.07472
1408.02155,0.07292
1406.09276,0.07156
1404.16396,0.06983
1402.23516,0.06816
1400.30637,0.06759
1398.37757,0.06744
1396.44877,0.06667
1394.51998,0.06485
1392.59118,0.06243
1390.66238,0.06103
1388.73359,0.06088
1386.80479,0.06023
1384.87599,0.05849
1382.94720,0.05707
1381.01840,0.05647
1379.08960,0.05622
1377.16081,0.05627
1375.23201,0.05645
1373.30321,0.05579
1371.37442,0.05446
1369.44562,0.05346
1367.51682,0.05291
1365.58803,0.05305
1363.65923,0.05379
1361.73043,0.05351
1359.80164,0.05198
1357.87284,0.05071
1355.94404,0.05016
1354.01525,0.04978
1352.08645,0.04938
1350.15765,0.04908
1348.22886,0.04883
1346.30006,0.04863
1344.37126,0.04872
1342.44247,0.04958
1340.51367,0.05090
1338.58487,0.05126
1336.65608,0.05031
1334.72728,0.04927
1332.79848,0.04879
1330.86969,0.04865
1328.94089,0.04851
1327.01209,0.04827
1325.08330,0.04800
1323.15450,0.04784
1321.22570,0.04789
1319.29691,0.04798
1317.36811,0.04778
1315.43931,0.04741
1313.51052,0.04705
1311.58172,0.04662
1309.65292,0.04621
1307.72413,0.04595
1305.79533,0.04576
1303.86653,0.04560
1301.93774,0.04551
1300.00894,0.04549
1298.08014,0.04554
1296.15135,0.04559
1294.22255,0.04560
1292.29375,0.04569
1290.36496,0.04587
1288.43616,0.04603
1286.50736,0.04604
1284.57857,0.04597
1282.64977,0.04596
1280.72097,0.04598
1278.79218,0.04597
1276.86338,0.04595
1274.93458,0.04600
1273.00579,0.04612
1271.07699,0.04619
1269.14820,0.04613
1267.21940,0.04602
1265.29060,0.04593
1263.36181,0.04588
1261.43301,0.04586
1259.50421,0.04582
1257.57542,0.04573
1255.64662,0.04570
1253.71782,0.04578
1251.78903,0.04593
1249.86023,0.04609
1247.93143,0.04627
1246.00264,0.04649
1244.07384,0.04671
1242.14504,0.04689
1240.21625,0.04706
1238.28745,0.04724
1236.35865,0.04744
1234.42986,0.04763
1232.50106,0.04784
1230.57226,0.04807
1228.64347,0.04829
1226.71467,0.04851
1224.78587,0.04873
1222.85708,0.04896
1220.92828,0.04922
1218.99948,0.04952
1217.07069,0.04985
1215.14189,0.05026
1213.21309,0.05074
1211.28430,0.05123
1209.35550,0.05172
1207.42670,0.05230
1205.49791,0.05299
1203.56911,0.05380
1201.64031,0.05475
1199.71152,0.05586
1197.78272,0.05712
1195.85392,0.05854
1193.92513,0.06013
1191.99633,0.06196
1190.06753,0.06403
1188.13874,0.06635
1186.20994,0.06892
1184.28114,0.07177
1182.35235,0.07492
1180.42355,0.07850
1178.49475,0.08251
1176.56596,0.08682
1174.63716,0.09137
1172.70836,0.09616
1170.77957,0.10111
1168.85077,0.10609
1166.92197,0.11091
1164.99318,0.11534
1163.06438,0.11918
1161.13558,0.12218
1159.20679,0.12412
1157.27799,0.12483
1155.34919,0.12425
1153.42040,0.12245
1151.49160,0.11958
1149.56280,0.11582
1147.63401,0.11138
1145.70521,0.10655
1143.77641,0.10160
1141.84762,0.09675
1139.91882,0.09212
1137.99002,0.08777
1136.06123,0.08375
1134.13243,0.08009
1132.20363,0.07681
1130.27484,0.07390
1128.34604,0.07131
1126.41724,0.06897
1124.48845,0.06691
1122.55965,0.06510
1120.63085,0.06350
1118.70206,0.06207
1116.77326,0.06079
1114.84446,0.05966
1112.91567,0.05871
1110.98687,0.05791
1109.05807,0.05719
1107.12928,0.05655
1105.20048,0.05602
1103.27168,0.05561
1101.34289,0.05530
1099.41409,0.05510
1097.48529,0.05499
1095.55650,0.05499
1093.62770,0.05513
1091.69890,0.05539
1089.77011,0.05574
1087.84131,0.05614
1085.91251,0.05658
1083.98372,0.05708
1082.05492,0.05762
1080.12612,0.05817
1078.19733,0.05870
1076.26853,0.05923
1074.33973,0.05973
1072.41094,0.06018
1070.48214,0.06056
1068.55334,0.06085
1066.62455,0.06100
1064.69575,0.06100
1062.76695,0.06085
1060.83816,0.06058
1058.90936,0.06021
1056.98056,0.05969
1055.05177,0.05903
1053.12297,0.05831
1051.19417,0.05762
1049.26538,0.05698
1047.33658,0.05637
1045.40778,0.05580
1043.47899,0.05526
1041.55019,0.05473
1039.62139,0.05418
1037.69260,0.05363
1035.76380,0.05312
1033.83500,0.05262
1031.90621,0.05213
1029.97741,0.05162
1028.04861,0.05110
1026.11982,0.05061
1024.19102,0.05013
1022.26222,0.04968
1020.33343,0.04931
1018.40463,0.04905
1016.47583,0.04885
1014.54704,0.04869
1012.61824,0.04851
1010.68944,0.04825
1008.76065,0.04787
1006.83185,0.04734
1004.90305,0.04668
1002.97426,0.04601
1001.04546,0.04539
999.11666,0.04486
997.18787,0.04445
995.25907,0.04417
993.33027,0.04396
991.40148,0.04374
989.47268,0.04348
987.54388,0.04321
985.61509,0.04293
983.68629,0.04263
981.75749,0.04229
979.82870,0.04190
977.89990,0.04148
975.97110,0.04104
974.04231,0.04059
972.11351,0.04013
970.18471,0.03966
968.25592,0.03918
966.32712,0.03873
964.39832,0.03830
962.46953,0.03786
960.54073,0.03740
958.61193,0.03695
956.68314,0.03651
954.75434,0.03608
952.82554,0.03569
950.89675,0.03533
948.96795,0.03498
947.03915,0.03463
945.11036,0.03431
943.18156,0.03401
941.25276,0.03372
939.32397,0.03341
937.39517,0.03309
935.46637,0.03275
933.53758,0.03237
931.60878,0.03194
929.67998,0.03149
927.75119,0.03102
925.82239,0.03055
923.89359,0.03006
921.96480,0.02954
920.03600,0.02899
918.10720,0.02846
916.17841,0.02793
914.24961,0.02741
912.32081,0.02690
910.39202,0.02641
908.46322,0.02596
906.53443,0.02553
904.60563,0.02511
902.67683,0.02472
900.74804,0.02440
898.81924,0.02410
896.89044,0.02378
894.96165,0.02345
893.03285,0.02309
891.10405,0.02268
889.17526,0.02229
887.24646,0.02192
885.31766,0.02151
883.38887,0.02106
881.46007,0.02063
879.53127,0.02018
877.60248,0.01972
875.67368,0.01927
873.74488,0.01882
871.81609,0.01837
869.88729,0.01793
867.95849,0.01752
866.02970,0.01707
864.10090,0.01659
862.17210,0.01615
860.24331,0.01577
858.31451,0.01542
856.38571,0.01510
854.45692,0.01484
852.52812,0.01462
850.59932,0.01441
848.67053,0.01422
846.74173,0.01406
844.81293,0.01397
842.88414,0.01394
840.95534,0.01387
839.02654,0.01374
837.09775,0.01362
835.16895,0.01350
833.24015,0.01336
831.31136,0.01322
829.38256,0.01318
827.45376,0.01322
825.52497,0.01322
823.59617,0.01320
821.66737,0.01322
819.73858,0.01326
817.80978,0.01327
815.88098,0.01331
813.95219,0.01340
812.02339,0.01354
810.09459,0.01373
808.16580,0.01404
806.23700,0.01441
804.30820,0.01482
802.37941,0.01538
800.45061,0.01615
798.52181,0.01705
796.59302,0.01814
794.66422,0.01939
792.73542,0.02064
790.80663,0.02178
788.87783,0.02283
786.94903,0.02373
785.02024,0.02430
783.09144,0.02436
781.16264,0.02385
779.23385,0.02289
777.30505,0.02162
775.37625,0.02007
773.44746,0.01847
771.51866,0.01721
769.58986,0.01647
767.66107,0.01607
765.73227,0.01588
763.80347,0.01568
761.87468,0.01524
759.94588,0.01474
758.01708,0.01444
756.08829,0.01429
754.15949,0.01429
752.23069,0.01456
750.30190,0.01485
748.37310,0.01487
