3496.90832,0.04778
3494.97953,0.04394
3493.05073,0.03704
3491.12193,0.03269
3489.19314,0.03549
3487.26434,0.04270
3485.33554,0.04585
3483.40675,0.04304
3481.47795,0.04198
3479.54915,0.04569
3477.62036,0.04974
3475.69156,0.05249
3473.76276,0.05323
3471.83397,0.05015
3469.90517,0.04615
3467.97637,0.04607
3466.04758,0.04977
3464.11878,0.05125
3462.18998,0.04592
3460.26119,0.03794
3458.33239,0.03374
3456.40359,0.03516
3454.47480,0.03933
3452.54600,0.03871
3450.61721,0.03188
3448.68841,0.02776
3446.75961,0.03197
3444.83082,0.03937
3442.90202,0.04191
3440.97322,0.03809
3439.04443,0.03185
3437.11563,0.02661
3435.18683,0.02486
3433.25804,0.02471
3431.32924,0.02432
3429.40044,0.03074
3427.47165,0.04254
3425.54285,0.04686
3423.61405,0.04446
3421.68526,0.04230
3419.75646,0.03872
3417.82766,0.03439
3415.89887,0.03166
3413.97007,0.02880
3412.04127,0.02460
3410.11248,0.01756
3408.18368,0.01018
3406.25488,0.00837
3404.32609,0.01247
3402.39729,0.02017
3400.46849,0.02849
3398.53970,0.02962
3396.61090,0.01951
3394.68210,0.01219
3392.75331,0.01898
3390.82451,0.02936
3388.89571,0.03650
3386.96692,0.04340
3385.03812,0.04584
3383.10932,0.04125
3381.18053,0.03770
3379.25173,0.03858
3377.32293,0.03991
3375.39414,0.04264
3373.46534,0.04832
3371.53654,0.05405
3369.60775,0.05500
3367.67895,0.05202
3365.75015,0.05132
3363.82136,0.05028
3361.89256,0.04364
3359.96376,0.03645
3358.03497,0.03429
3356.10617,0.03976
3354.17737,0.05189
3352.24858,0.06156
3350.31978,0.06094
3348.39098,0.05640
3346.46219,0.05521
3344.53339,0.05241
3342.60459,0.04538
3340.67580,0.03846
3338.74700,0.03397
3336.81820,0.03285
3334.88941,0.03837
3332.96061,0.04693
3331.03181,0.04918
3329.10302,0.04558
3327.17422,0.04016
3325.24542,0.03352
3323.31663,0.02928
3321.38783,0.03186
3319.45903,0.03825
3317.53024,0.04019
3315.60144,0.03431
3313.67264,0.02500
3311.74385,0.01896
3309.81505,0.01940
3307.88625,0.02459
3305.95746,0.02728
3304.02866,0.02416
3302.09986,0.02302
3300.17107,0.02488
3298.24227,0.02195
3296.31347,0.01586
3294.38468,0.01329
3292.45588,0.01527
3290.52708,0.01914
3288.59829,0.02086
3286.66949,0.01980
3284.74069,0.01931
3282.81190,0.01892
3280.88310,0.01735
3278.95430,0.01836
3277.02551,0.02292
3275.09671,0.02694
3273.16791,0.02887
3271.23912,0.02906
3269.31032,0.02738
3267.38152,0.02404
3265.45273,0.01882
3263.52393,0.01347
3261.59513,0.01157
3259.66634,0.01336
3257.73754,0.01676
3255.80874,0.02095
3253.87995,0.02399
3251.95115,0.02189
3250.02235,0.01555
3248.09356,0.01020
3246.16476,0.00789
3244.23596,0.00998
3242.30717,0.01303
3240.37837,0.01233
3238.44957,0.01511
3236.52078,0.02512
3234.59198,0.03342
3232.66318,0.03467
3230.73439,0.03072
3228.80559,0.02483
3226.87679,0.02077
3224.94800,0.02121
3223.01920,0.02744
3221.09040,0.03732
3219.16161,0.04523
3217.23281,0.04877
3215.30401,0.04890
3213.37522,0.04611
3211.44642,0.04213
3209.51762,0.03888
3207.58883,0.03586
3205.66003,0.03393
3203.73123,0.03411
3201.80244,0.03429
3199.87364,0.03383
3197.94484,0.03510
3196.01605,0.03726
3194.08725,0.03600
3192.15845,0.03234
3190.22966,0.03317
3188.30086,0.03808
3186.37206,0.03870
3184.44327,0.03426
3182.51447,0.03135
3180.58567,0.03335
3178.65688,0.03823
3176.72808,0.03901
3174.79928,0.03214
3172.87049,0.02349
3170.94169,0.01749
3169.01289,0.01443
3167.08410,0.01511
3165.15530,0.01832
3163.22650,0.02163
3161.29771,0.02359
3159.36891,0.02284
3157.44011,0.02176
3155.51132,0.02310
3153.58252,0.02386
3151.65372,0.02173
3149.72493,0.01852
3147.79613,0.01764
3145.86733,0.02109
3143.93854,0.02496
3142.00974,0.02525
3140.08094,0.02378
3138.15215,0.02197
3136.22335,0.02007
3134.29455,0.01968
3132.36576,0.02117
3130.43696,0.02257
3128.50816,0.02156
3126.57937,0.01946
3124.65057,0.01970
3122.72177,0.02204
3120.79298,0.02360
3118.86418,0.02351
3116.93538,0.02332
3115.00659,0.02285
3113.07779,0.02073
3111.14899,0.01904
3109.22020,0.01958
3107.29140,0.02113
3105.36260,0.02276
3103.43381,0.02372
3101.50501,0.02345
3099.57621,0.02221
3097.64742,0.02006
3095.71862,0.01847
3093.78982,0.01896
3091.86103,0.01958
3089.93223,0.01930
3088.00344,0.01960
3086.07464,0.01972
3084.14584,0.01890
3082.21705,0.01837
3080.28825,0.01801
3078.35945,0.01736
3076.43066,0.01720
3074.50186,0.01780
3072.57306,0.01859
3070.64427,0.01903
3068.71547,0.01884
3066.78667,0.01874
3064.85788,0.01931
3062.92908,0.01989
3061.00028,0.02010
3059.07149,0.01975
3057.14269,0.01921
3055.21389,0.01951
3053.28510,0.02008
3051.35630,0.01994
3049.42750,0.01963
3047.49871,0.01917
3045.56991,0.01843
3043.64111,0.01853
3041.71232,0.01962
3039.78352,0.02025
3037.85472,0.02002
3035.92593,0.01985
3033.99713,0.02006
3032.06833,0.02032
3030.13954,0.02083
3028.21074,0.02191
3026.28194,0.02288
3024.35315,0.02300
3022.42435,0.02272
3020.49555,0.02232
3018.56676,0.02183
3016.63796,0.02189
3014.70916,0.02252
3012.78037,0.02299
3010.85157,0.02297
3008.92277,0.02266
3006.99398,0.02246
3005.06518,0.02249
3003.13638,0.02241
3001.20759,0.02210
2999.27879,0.02208
2997.34999,0.02239
2995.42120,0.02285
2993.49240,0.02334
2991.56360,0.02341
2989.63481,0.02334
2987.70601,0.02336
2985.77721,0.02309
2983.84842,0.02290
2981.91962,0.02344
2979.99082,0.02425
2978.06203,0.02444
2976.13323,0.02417
2974.20443,0.02402
2972.27564,0.02392
2970.34684,0.02379
2968.41804,0.02361
2966.48925,0.02347
2964.56045,0.02376
2962.63165,0.02439
2960.70286,0.02464
2958.77406,0.02462
2956.84526,0.02499
2954.91647,0.02552
2952.98767,0.02572
2951.05887,0.02561
2949.13008,0.02544
2947.20128,0.02546
2945.27248,0.02562
2943.34369,0.02552
2941.41489,0.02515
2939.48609,0.02493
2937.55730,0.02504
2935.62850,0.02529
2933.69970,0.02556
2931.77091,0.02575
2929.84211,0.02556
2927.91331,0.02498
2925.98452,0.02449
2924.05572,0.02444
2922.12692,0.02493
2920.19813,0.02570
2918.26933,0.02623
2916.34053,0.02657
2914.41174,0.02678
2912.48294,0.02661
2910.55414,0.02625
2908.62535,0.02599
2906.69655,0.02595
2904.76775,0.02603
2902.83896,0.02603
2900.91016,0.02615
2898.98136,0.02661
2897.05257,0.02696
2895.12377,0.02692
2893.19497,0.02708
2891.26618,0.02757
2889.33738,0.02769
2887.40858,0.02728
2885.47979,0.02687
2883.55099,0.02683
2881.62219,0.02702
2879.69340,0.02710
2877.76460,0.02712
2875.83580,0.02742
2873.90701,0.02785
2871.97821,0.02803
2870.04941,0.02801
2868.12062,0.02804
2866.19182,0.02820
2864.26302,0.02852
2862.33423,0.02891
2860.40543,0.02922
2858.47663,0.02940
2856.54784,0.02942
2854.61904,0.02932
2852.69024,0.02915
2850.76145,0.02907
2848.83265,0.02936
2846.90385,0.02977
2844.97506,0.03004
2843.04626,0.03027
2841.11746,0.03039
2839.18867,0.03030
2837.25987,0.03022
2835.33107,0.03028
2833.40228,0.03034
2831.47348,0.03039
2829.54468,0.03058
2827.61589,0.03070
2825.68709,0.03056
2823.75829,0.03064
2821.82950,0.03114
2819.90070,0.03157
2817.97190,0.03158
2816.04311,0.03132
2814.11431,0.03110
2812.18551,0.03107
2810.25672,0.03091
2808.32792,0.03053
2806.39912,0.03047
2804.47033,0.03091
2802.54153,0.03134
2800.61273,0.03141
2798.68394,0.03120
2796.75514,0.03088
2794.82634,0.03051
2792.89755,0.03015
2790.96875,0.02985
2789.03995,0.02972
2787.11116,0.02980
2785.18236,0.02992
2783.25356,0.02989
2781.32477,0.02966
2779.39597,0.02943
2777.46717,0.02927
2775.53838,0.02905
2773.60958,0.02881
2771.68078,0.02869
2769.75199,0.02865
2767.82319,0.02871
2765.89439,0.02887
2763.96560,0.02894
2762.03680,0.02879
2760.10800,0.02858
2758.17921,0.02844
2756.25041,0.02835
2754.32161,0.02818
2752.39282,0.02787
2750.46402,0.02773
2748.53522,0.02799
2746.60643,0.02834
2744.67763,0.02840
2742.74883,0.02828
2740.82004,0.02823
2738.89124,0.02820
2736.96244,0.02819
2735.03365,0.02832
2733.10485,0.02848
2731.17605,0.02854
2729.24726,0.02853
2727.31846,0.02846
2725.38967,0.02832
2723.46087,0.02819
2721.53207,0.02822
2719.60328,0.02843
2717.67448,0.02864
2715.74568,0.02870
2713.81689,0.02867
2711.88809,0.02865
2709.95929,0.02851
2708.03050,0.02826
2706.10170,0.02818
2704.17290,0.02837
2702.24411,0.02853
2700.31531,0.02854
2698.38651,0.02852
2696.45772,0.02850
2694.52892,0.02841
2692.60012,0.02831
2690.67133,0.02818
2688.74253,0.02809
2686.81373,0.02822
2684.88494,0.02844
2682.95614,0.02854
2681.02734,0.02859
2679.09855,0.02878
2677.16975,0.02894
2675.24095,0.02881
2673.31216,0.02852
2671.38336,0.02834
2669.45456,0.02835
2667.52577,0.02848
2665.59697,0.02858
2663.66817,0.02858
2661.73938,0.02849
2659.81058,0.02829
2657.88178,0.02817
2655.95299,0.02827
2654.02419,0.02843
2652.09539,0.02857
2650.16660,0.02861
2648.23780,0.02856
2646.30900,0.02859
2644.38021,0.02875
2642.45141,0.02900
2640.52261,0.02915
2638.59382,0.02892
2636.66502,0.02861
2634.73622,0.02871
2632.80743,0.02896
2630.87863,0.02909
2628.94983,0.02919
2627.02104,0.02921
2625.09224,0.02914
2623.16344,0.02907
2621.23465,0.02903
2619.30585,0.02918
2617.37705,0.02947
2615.44826,0.02956
2613.51946,0.02958
2611.59066,0.02968
2609.66187,0.02964
2607.73307,0.02934
2605.80427,0.02913
2603.87548,0.02929
2601.94668,0.02957
2600.01788,0.02972
2598.08909,0.02987
2596.16029,0.03003
2594.23149,0.03002
2592.30270,0.03000
2590.37390,0.03033
2588.44510,0.03055
2586.51631,0.03015
2584.58751,0.02971
2582.65871,0.02964
2580.72992,0.02948
2578.80112,0.02937
2576.87232,0.02978
2574.94353,0.03024
2573.01473,0.03033
2571.08593,0.03040
2569.15714,0.03048
2567.22834,0.03035
2565.29954,0.03028
2563.37075,0.03022
2561.44195,0.02997
2559.51315,0.02982
2557.58436,0.02992
2555.65556,0.03003
2553.72676,0.02990
2551.79797,0.02960
2549.86917,0.02971
2547.94037,0.03015
2546.01158,0.03023
2544.08278,0.03001
2542.15398,0.02983
2540.22519,0.02956
2538.29639,0.02928
2536.36759,0.02917
2534.43880,0.02923
2532.51000,0.02936
2530.58120,0.02945
2528.65241,0.02938
2526.72361,0.02903
2524.79481,0.02857
2522.86602,0.02845
2520.93722,0.02881
2519.00842,0.02924
2517.07963,0.02952
2515.15083,0.02972
2513.22203,0.02973
2511.29324,0.02928
2509.36444,0.02859
2507.43564,0.02835
2505.50685,0.02872
2503.57805,0.02908
2501.64925,0.02905
2499.72046,0.02885
2497.79166,0.02875
2495.86286,0.02870
2493.93407,0.02854
2492.00527,0.02817
2490.07647,0.02780
2488.14768,0.02780
2486.21888,0.02820
2484.29008,0.02870
2482.36129,0.02899
2480.43249,0.02887
2478.50369,0.02855
2476.57490,0.02838
2474.64610,0.02839
2472.71730,0.02844
2470.78851,0.02854
2468.85971,0.02872
2466.93091,0.02881
2465.00212,0.02888
2463.07332,0.02896
2461.14452,0.02880
2459.21573,0.02858
2457.28693,0.02856
2455.35813,0.02845
2453.42934,0.02829
2451.50054,0.02826
2449.57174,0.02807
2447.64295,0.02768
2445.71415,0.02743
2443.78535,0.02748
2441.85656,0.02782
2439.92776,0.02822
2437.99896,0.02825
2436.07017,0.02780
2434.14137,0.02741
2432.21257,0.02731
2430.28378,0.02710
2428.35498,0.02682
2426.42618,0.02681
2424.49739,0.02695
2422.56859,0.02683
2420.63979,0.02631
2418.71100,0.02580
2416.78220,0.02567
2414.85340,0.02580
2412.92461,0.02583
2410.99581,0.02575
2409.06701,0.02579
2407.13822,0.02599
2405.20942,0.02598
2403.28062,0.02568
2401.35183,0.02539
2399.42303,0.02514
2397.49423,0.02485
2395.56544,0.02468
2393.63664,0.02472
2391.70784,0.02501
2389.77905,0.02585
2387.85025,0.02807
2385.92145,0.03281
2383.99266,0.04100
2382.06386,0.05278
2380.13506,0.06733
2378.20627,0.08333
2376.27747,0.10006
2374.34867,0.11750
2372.41988,0.13547
2370.49108,0.15349
2368.56228,0.17099
2366.63349,0.18712
2364.70469,0.20035
2362.77589,0.20923
2360.84710,0.21307
2358.91830,0.21082
2356.98951,0.20115
2355.06071,0.18430
2353.13191,0.16217
2351.20312,0.14019
2349.27432,0.12858
2347.34552,0.13360
2345.41673,0.14968
2343.48793,0.16137
2341.55913,0.16295
2339.63034,0.16010
2337.70154,0.15642
2335.77274,0.15319
2333.84395,0.15140
2331.91515,0.15070
2329.98635,0.14810
2328.05756,0.14268
2326.12876,0.13751
2324.19996,0.13387
2322.27117,0.12908
2320.34237,0.12051
2318.41357,0.10956
2316.48478,0.10007
2314.55598,0.09414
2312.62718,0.09017
2310.69839,0.08524
2308.76959,0.07845
2306.84079,0.07079
2304.91200,0.06370
2302.98320,0.05825
2301.05440,0.05421
2299.12561,0.05052
2297.19681,0.04699
2295.26801,0.04395
2293.33922,0.04109
2291.41042,0.03823
2289.48162,0.03569
2287.55283,0.03371
2285.62403,0.03217
2283.69523,0.03113
2281.76644,0.03086
2279.83764,0.03130
2277.90884,0.03203
2275.98005,0.03268
2274.05125,0.03292
2272.12245,0.03282
2270.19366,0.03307
2268.26486,0.03393
2266.33606,0.03483
2264.40727,0.03507
2262.47847,0.03472
2260.54967,0.03452
2258.62088,0.03481
2256.69208,0.03554
2254.76328,0.03610
2252.83449,0.03562
2250.90569,0.03478
2248.97689,0.03453
2247.04810,0.03426
2245.11930,0.03405
2243.19050,0.03440
2241.26171,0.03461
2239.33291,0.03466
2237.40411,0.03511
2235.47532,0.03561
2233.54652,0.03540
2231.61772,0.03472
2229.68893,0.03481
2227.76013,0.03547
2225.83133,0.03567
2223.90254,0.03612
2221.97374,0.03752
2220.04494,0.03885
2218.11615,0.03971
2216.18735,0.04043
2214.25855,0.04012
2212.32976,0.03862
2210.40096,0.03791
2208.47216,0.03875
2206.54337,0.03918
2204.61457,0.03835
2202.68577,0.03827
2200.75698,0.04001
2198.82818,0.04197
2196.89938,0.04231
2194.97059,0.04145
2193.04179,0.04106
2191.11299,0.04193
2189.18420,0.04405
2187.25540,0.04558
2185.32660,0.04521
2183.39781,0.04459
2181.46901,0.04506
2179.54021,0.04628
2177.61142,0.04755
2175.68262,0.04818
2173.75382,0.04822
2171.82503,0.04859
2169.89623,0.04973
2167.96743,0.05121
2166.03864,0.05219
2164.10984,0.05296
2162.18104,0.05531
2160.25225,0.05812
2158.32345,0.05798
2156.39465,0.05519
2154.46586,0.05167
2152.53706,0.04827
2150.60826,0.04552
2148.67947,0.04314
2146.75067,0.04042
2144.82187,0.03783
2142.89308,0.03552
2140.96428,0.03312
2139.03548,0.03165
2137.10669,0.03137
2135.17789,0.03127
2133.24909,0.03041
2131.32030,0.02871
2129.39150,0.02678
2127.46270,0.02489
2125.53391,0.02348
2123.60511,0.02288
2121.67631,0.02269
2119.74752,0.02261
2117.81872,0.02270
2115.88992,0.02289
2113.96113,0.02276
2112.03233,0.02252
2110.10353,0.02294
2108.17474,0.02375
2106.24594,0.02412
2104.31714,0.02431
2102.38835,0.02461
2100.45955,0.02447
2098.53075,0.02384
2096.60196,0.02314
2094.67316,0.02242
2092.74436,0.02165
2090.81557,0.02123
2088.88677,0.02173
2086.95797,0.02289
2085.02918,0.02370
2083.10038,0.02392
2081.17158,0.02403
2079.24279,0.02404
2077.31399,0.02368
2075.38519,0.02336
2073.45640,0.02392
2071.52760,0.02530
2069.59880,0.02625
2067.67001,0.02628
2065.74121,0.02609
2063.81241,0.02617
2061.88362,0.02617
2059.95482,0.02598
2058.02602,0.02648
2056.09723,0.02766
2054.16843,0.02859
2052.23963,0.02919
2050.31084,0.02982
2048.38204,0.03043
2046.45324,0.03111
2044.52445,0.03167
2042.59565,0.03121
2040.66685,0.03028
2038.73806,0.03052
2036.80926,0.03253
2034.88046,0.03528
2032.95167,0.03645
2031.02287,0.03546
2029.09407,0.03443
2027.16528,0.03405
2025.23648,0.03363
2023.30768,0.03355
2021.37889,0.03299
2019.45009,0.03178
2017.52129,0.03238
2015.59250,0.03419
2013.66370,0.03489
2011.73490,0.03493
2009.80611,0.03527
2007.87731,0.03449
2005.94851,0.03134
2004.01972,0.02860
2002.09092,0.02890
2000.16212,0.03048
1998.23333,0.03095
1996.30453,0.03029
1994.37574,0.02890
1992.44694,0.02732
1990.51814,0.02677
1988.58935,0.02729
1986.66055,0.02806
1984.73175,0.02833
1982.80296,0.02851
1980.87416,0.02928
1978.94536,0.02987
1977.01657,0.02981
1975.08777,0.02940
1973.15897,0.02830
1971.23018,0.02675
1969.30138,0.02615
1967.37258,0.02680
1965.44379,0.02683
1963.51499,0.02538
1961.58619,0.02367
1959.65740,0.02289
1957.72860,0.02298
1955.79980,0.02296
1953.87101,0.02222
1951.94221,0.02146
1950.01341,0.02143
1948.08462,0.02140
1946.15582,0.02093
1944.22702,0.02062
1942.29823,0.02039
1940.36943,0.01976
1938.44063,0.01881
1936.51184,0.01836
1934.58304,0.01855
1932.65424,0.01835
1930.72545,0.01764
1928.79665,0.01741
1926.86785,0.01762
1924.93906,0.01759
1923.01026,0.01739
1921.08146,0.01738
1919.15267,0.01745
1917.22387,0.01732
1915.29507,0.01727
1913.36628,0.01749
1911.43748,0.01749
1909.50868,0.01717
1907.57989,0.01694
1905.65109,0.01686
1903.72229,0.01688
1901.79350,0.01695
1899.86470,0.01699
1897.93590,0.01696
1896.00711,0.01684
1894.07831,0.01656
1892.14951,0.01624
1890.22072,0.01611
1888.29192,0.01622
1886.36312,0.01633
1884.43433,0.01639
1882.50553,0.01652
1880.57673,0.01657
1878.64794,0.01633
1876.71914,0.01595
1874.79034,0.01573
1872.86155,0.01573
1870.93275,0.01565
1869.00395,0.01549
1867.07516,0.01558
1865.14636,0.01589
1863.21756,0.01605
1861.28877,0.01596
1859.35997,0.01583
1857.43117,0.01578
1855.50238,0.01576
1853.57358,0.01572
1851.64478,0.01572
1849.71599,0.01573
1847.78719,0.01553
1845.85839,0.01509
1843.92960,0.01490
1842.00080,0.01522
1840.07200,0.01556
1838.14321,0.01565
1836.21441,0.01558
1834.28561,0.01540
1832.35682,0.01508
1830.42802,0.01472
1828.49922,0.01467
1826.57043,0.01490
1824.64163,0.01508
1822.71283,0.01519
1820.78404,0.01523
1818.85524,0.01529
1816.92644,0.01536
1814.99765,0.01536
1813.06885,0.01528
1811.14005,0.01516
1809.21126,0.01517
1807.28246,0.01525
1805.35366,0.01532
1803.42487,0.01524
1801.49607,0.01498
1799.56727,0.01483
1797.63848,0.01495
1795.70968,0.01500
1793.78088,0.01469
1791.85209,0.01447
1789.92329,0.01469
1787.99449,0.01496
1786.06570,0.01501
1784.13690,0.01493
1782.20810,0.01486
1780.27931,0.01480
1778.35051,0.01480
1776.42171,0.01467
1774.49292,0.01409
1772.56412,0.01342
1770.63532,0.01358
1768.70653,0.01426
1766.77773,0.01462
1764.84893,0.01462
1762.92014,0.01444
1760.99134,0.01435
1759.06254,0.01446
1757.13375,0.01452
1755.20495,0.01456
1753.27615,0.01449
1751.34736,0.01412
1749.41856,0.01372
1747.48976,0.01373
1745.56097,0.01392
1743.63217,0.01386
1741.70337,0.01353
1739.77458,0.01329
1737.84578,0.01333
1735.91698,0.01310
1733.98819,0.01275
1732.05939,0.01309
1730.13059,0.01366
1728.20180,0.01410
1726.27300,0.01437
1724.34420,0.01456
1722.41541,0.01463
1720.48661,0.01447
1718.55781,0.01426
1716.62902,0.01480
1714.70022,0.01636
1712.77142,0.01813
1710.84263,0.01985
1708.91383,0.02152
1706.98503,0.02351
1705.05624,0.02628
1703.12744,0.02933
1701.19864,0.03306
1699.26985,0.03862
1697.34105,0.04560
1695.41225,0.05446
1693.48346,0.06423
1691.55466,0.07377
1689.62586,0.08437
1687.69707,0.09531
1685.76827,0.10730
1683.83947,0.12377
1681.91068,0.14072
1679.98188,0.15491
1678.05308,0.16809
1676.12429,0.18186
1674.19549,0.19625
1672.26669,0.20859
1670.33790,0.21962
1668.40910,0.23070
1666.48030,0.23944
1664.55151,0.24556
1662.62271,0.25044
1660.69391,0.25424
1658.76512,0.25645
1656.83632,0.25695
1654.90752,0.25609
1652.97873,0.25567
1651.04993,0.25757
1649.12113,0.26005
1647.19234,0.26402
1645.26354,0.27148
1643.33474,0.28087
1641.40595,0.29147
1639.47715,0.30341
1637.54835,0.31765
1635.61956,0.33756
1633.69076,0.35950
1631.76197,0.37768
1629.83317,0.39416
1627.90437,0.40993
1625.97558,0.42286
1624.04678,0.43212
1622.11798,0.43783
1620.18919,0.43961
1618.26039,0.43807
1616.33159,0.43503
1614.40280,0.43311
1612.47400,0.43277
1610.54520,0.43386
1608.61641,0.43732
1606.68761,0.44347
1604.75881,0.45190
1602.83002,0.46186
1600.90122,0.47224
1598.97242,0.48164
1597.04363,0.48876
1595.11483,0.49283
1593.18603,0.49304
1591.25724,0.48878
1589.32844,0.47991
1587.39964,0.46693
1585.47085,0.45052
1583.54205,0.43128
1581.61325,0.41047
1579.68446,0.38955
1577.75566,0.36686
1575.82686,0.34117
1573.89807,0.31943
1571.96927,0.30157
1570.04047,0.28204
1568.11168,0.26313
1566.18288,0.24747
1564.25408,0.23350
1562.32529,0.22110
1560.39649,0.20723
1558.46769,0.19062
1556.53890,0.17966
1554.61010,0.17232
1552.68130,0.16482
1550.75251,0.15750
1548.82371,0.15062
1546.89491,0.14436
1544.96612,0.13818
1543.03732,0.13171
1541.10852,0.12521
1539.17973,0.12025
1537.25093,0.11779
1535.32213,0.11547
1533.39334,0.11231
1531.46454,0.10948
1529.53574,0.10717
1527.60695,0.10455
1525.67815,0.10171
1523.74935,0.09900
1521.82056,0.09650
1519.89176,0.09465
1517.96296,0.09335
1516.03417,0.09241
1514.10537,0.09181
1512.17657,0.09118
1510.24778,0.09019
1508.31898,0.08886
1506.39018,0.08858
1504.46139,0.09042
1502.53259,0.09258
1500.60379,0.09439
1498.67500,0.09660
1496.74620,0.10025
1494.81740,0.10508
1492.88861,0.11012
1490.95981,0.11617
1489.03101,0.12432
1487.10222,0.13400
1485.17342,0.14437
1483.24462,0.15547
1481.31583,0.16768
1479.38703,0.18050
1477.45823,0.19346
1475.52944,0.20670
1473.60064,0.22075
1471.67184,0.23527
1469.74305,0.24729
1467.81425,0.25617
1465.88545,0.26335
1463.95666,0.26878
1462.02786,0.27135
1460.09906,0.27066
1458.17027,0.26625
1456.24147,0.25845
1454.31267,0.24998
1452.38388,0.24062
1450.45508,0.22920
1448.52628,0.21595
1446.59749,0.20208
1444.66869,0.18898
1442.73989,0.17653
1440.81110,0.16482
1438.88230,0.15386
1436.95350,0.14243
1435.02471,0.13208
1433.09591,0.12421
1431.16711,0.11710
1429.23832,0.11027
1427.30952,0.10449
1425.38072,0.09941
1423.45193,0.09475
1421.52313,0.09066
1419.59433,0.08671
1417.66554,0.08319
1415.73674,0.08056
1413.80794,0.07820
1411.87915,0.07584
1409.95035,0.07362
1408.02155,0.07157
1406.09276,0.06958
1404.16396,0.06771
1402.23516,0.06609
1400.30637,0.06457
1398.37757,0.06313
1396.44877,0.06184
1394.51998,0.06067
1392.59118,0.05969
1390.66238,0.05883
1388.73359,0.05788
1386.80479,0.05685
1384.87599,0.05598
1382.94720,0.05527
1381.01840,0.05459
1379.08960,0.05389
1377.16081,0.05319
1375.23201,0.05250
1373.30321,0.05194
1371.37442,0.05153
1369.44562,0.05112
1367.51682,0.05069
1365.58803,0.05031
1363.65923,0.04996
1361.73043,0.04963
1359.80164,0.04934
1357.87284,0.04907
1355.94404,0.04880
1354.01525,0.04854
1352.08645,0.04829
1350.15765,0.04806
1348.22886,0.04785
1346.30006,0.04764
1344.37126,0.04744
1342.44247,0.04726
1340.51367,0.04713
1338.58487,0.04707
1336.65608,0.04704
1334.72728,0.04703
1332.79848,0.04698
1330.86969,0.04689
1328.94089,0.04674
1327.01209,0.04652
1325.08330,0.04625
1323.15450,0.04597
1321.22570,0.04571
1319.29691,0.04549
1317.36811,0.04529
1315.43931,0.04511
1313.51052,0.04498
1311.58172,0.04489
1309.65292,0.04482
1307.72413,0.04472
1305.79533,0.04462
1303.86653,0.04457
1301.93774,0.04453
1300.00894,0.04448
1298.08014,0.04444
1296.15135,0.04441
1294.22255,0.04438
1292.29375,0.04433
1290.36496,0.04426
1288.43616,0.04422
1286.50736,0.04422
1284.57857,0.04424
1282.64977,0.04423
1280.72097,0.04420
1278.79218,0.04417
1276.86338,0.04416
1274.93458,0.04417
1273.00579,0.04420
1271.07699,0.04424
1269.14820,0.04427
1267.21940,0.04429
1265.29060,0.04432
1263.36181,0.04435
1261.43301,0.04440
1259.50421,0.04449
1257.57542,0.04459
1255.64662,0.04469
1253.71782,0.04482
1251.78903,0.04497
1249.86023,0.04509
1247.93143,0.04519
1246.00264,0.04531
1244.07384,0.04542
1242.14504,0.04551
1240.21625,0.04559
1238.28745,0.04568
1236.35865,0.04579
1234.42986,0.04593
1232.50106,0.04610
1230.57226,0.04631
1228.64347,0.04652
1226.71467,0.04672
1224.78587,0.04696
1222.85708,0.04725
1220.92828,0.04757
1218.99948,0.04795
1217.07069,0.04839
1215.14189,0.04887
1213.21309,0.04938
1211.28430,0.04994
1209.35550,0.05055
1207.42670,0.05123
1205.49791,0.05200
1203.56911,0.05287
1201.64031,0.05385
1199.71152,0.05495
1197.78272,0.05618
1195.85392,0.05756
1193.92513,0.05913
1191.99633,0.06092
1190.06753,0.06291
1188.13874,0.06513
1186.20994,0.06766
1184.28114,0.07049
1182.35235,0.07363
1180.42355,0.07723
1178.49475,0.08131
1176.56596,0.08573
1174.63716,0.09040
1172.70836,0.09532
1170.77957,0.10041
1168.85077,0.10554
1166.92197,0.11052
1164.99318,0.11513
1163.06438,0.11915
1161.13558,0.12232
1159.20679,0.12438
1157.27799,0.12517
1155.34919,0.12465
1153.42040,0.12287
1151.49160,0.11996
1149.56280,0.11610
1147.63401,0.11153
1145.70521,0.10654
1143.77641,0.10139
1141.84762,0.09631
1139.91882,0.09144
1137.99002,0.08687
1136.06123,0.08268
1134.13243,0.07890
1132.20363,0.07552
1130.27484,0.07252
1128.34604,0.06987
1126.41724,0.06752
1124.48845,0.06546
1122.55965,0.06369
1120.63085,0.06214
1118.70206,0.06077
1116.77326,0.05955
1114.84446,0.05849
1112.91567,0.05760
1110.98687,0.05683
1109.05807,0.05615
1107.12928,0.05556
1105.20048,0.05508
1103.27168,0.05466
1101.34289,0.05431
1099.41409,0.05406
1097.48529,0.05391
1095.55650,0.05385
1093.62770,0.05390
1091.69890,0.05404
1089.77011,0.05425
1087.84131,0.05454
1085.91251,0.05491
1083.98372,0.05534
1082.05492,0.05583
1080.12612,0.05637
1078.19733,0.05696
1076.26853,0.05754
1074.33973,0.05809
1072.41094,0.05862
1070.48214,0.05910
1068.55334,0.05945
1066.62455,0.05965
1064.69575,0.05974
1062.76695,0.05969
1060.83816,0.05948
1058.90936,0.05913
1056.98056,0.05865
1055.05177,0.05806
1053.12297,0.05739
1051.19417,0.05671
1049.26538,0.05602
1047.33658,0.05535
1045.40778,0.05468
1043.47899,0.05401
1041.55019,0.05334
1039.62139,0.05266
1037.69260,0.05202
1035.76380,0.05140
1033.83500,0.05082
1031.90621,0.05028
1029.97741,0.04978
1028.04861,0.04929
1026.11982,0.04880
1024.19102,0.04833
1022.26222,0.04795
1020.33343,0.04765
1018.40463,0.04743
1016.47583,0.04731
1014.54704,0.04724
1012.61824,0.04717
1010.68944,0.04698
1008.76065,0.04664
1006.83185,0.04614
1004.90305,0.04552
1002.97426,0.04483
1001.04546,0.04415
999.11666,0.04356
997.18787,0.04308
995.25907,0.04270
993.33027,0.04238
991.40148,0.04204
989.47268,0.04167
987.54388,0.04133
985.61509,0.04099
983.68629,0.04062
981.75749,0.04022
979.82870,0.03983
977.89990,0.03944
975.97110,0.03906
974.04231,0.03868
972.11351,0.03828
970.18471,0.03788
968.25592,0.03748
966.32712,0.03710
964.39832,0.03675
962.46953,0.03638
960.54073,0.03598
958.61193,0.03559
956.68314,0.03520
954.75434,0.03480
952.82554,0.03441
950.89675,0.03403
948.96795,0.03365
947.03915,0.03325
945.11036,0.03282
943.18156,0.03239
941.25276,0.03196
939.32397,0.03153
937.39517,0.03111
935.46637,0.03070
933.53758,0.03028
931.60878,0.02987
929.67998,0.02943
927.75119,0.02899
925.82239,0.02854
923.89359,0.02807
921.96480,0.02756
920.03600,0.02708
918.10720,0.02665
916.17841,0.02620
914.24961,0.02574
912.32081,0.02528
910.39202,0.02484
908.46322,0.02443
906.53443,0.02405
904.60563,0.02366
902.67683,0.02328
900.74804,0.02290
898.81924,0.02249
896.89044,0.02205
894.96165,0.02159
893.03285,0.02109
891.10405,0.02057
889.17526,0.02008
887.24646,0.01960
885.31766,0.01910
883.38887,0.01859
881.46007,0.01813
879.53127,0.01771
877.60248,0.01729
875.67368,0.01689
873.74488,0.01650
871.81609,0.01612
869.88729,0.01577
867.95849,0.01542
866.02970,0.01505
864.10090,0.01469
862.17210,0.01437
860.24331,0.01407
858.31451,0.01373
856.38571,0.01339
854.45692,0.01312
852.52812,0.01293
850.59932,0.01270
848.67053,0.01242
846.74173,0.01218
844.81293,0.01199
842.88414,0.01182
840.95534,0.01160
839.02654,0.01137
837.09775,0.01118
835.16895,0.01102
833.24015,0.01088
831.31136,0.01077
829.38256,0.01070
827.45376,0.01066
825.52497,0.01062
823.59617,0.01064
821.66737,0.01071
819.73858,0.01080
817.80978,0.01093
815.88098,0.01111
813.95219,0.01130
812.02339,0.01147
810.09459,0.01170
808.16580,0.01205
806.23700,0.01248
804.30820,0.01301
802.37941,0.01366
800.45061,0.01432
798.52181,0.01508
796.59302,0.01614
794.66422,0.01738
792.73542,0.01853
790.80663,0.01955
788.87783,0.02051
786.94903,0.02129
785.02024,0.02180
783.09144,0.02175
781.16264,0.02103
779.23385,0.01994
777.30505,0.01878
775.37625,0.01754
773.44746,0.01629
771.51866,0.01525
769.58986,0.01449
767.66107,0.01391
765.73227,0.01356
763.80347,0.01340
761.87468,0.01319
759.94588,0.01297
758.01708,0.01299
756.08829,0.01310
754.15949,0.01304
752.23069,0.01289
750.30190,0.01283
748.37310,0.01280
