3496.90832,0.04256
3494.97953,0.03766
3493.05073,0.03341
3491.12193,0.03485
3489.19314,0.04385
3487.26434,0.05690
3485.33554,0.06034
3483.40675,0.05391
3481.47795,0.05131
3479.54915,0.05406
3477.62036,0.05661
3475.69156,0.05794
3473.76276,0.05909
3471.83397,0.05807
3469.90517,0.05310
3467.97637,0.04931
3466.04758,0.04974
3464.11878,0.05177
3462.18998,0.05202
3460.26119,0.05020
3458.33239,0.04854
3456.40359,0.04694
3454.47480,0.04526
3452.54600,0.04397
3450.61721,0.04153
3448.68841,0.03995
3446.75961,0.04540
3444.83082,0.05434
3442.90202,0.05691
3440.97322,0.05144
3439.04443,0.04052
3437.11563,0.03084
3435.18683,0.03051
3433.25804,0.03685
3431.32924,0.03863
3429.40044,0.03504
3427.47165,0.03647
3425.54285,0.04369
3423.61405,0.04946
3421.68526,0.04766
3419.75646,0.03686
3417.82766,0.02894
3415.89887,0.02941
3413.97007,0.02870
3412.04127,0.02814
3410.11248,0.03474
3408.18368,0.03965
3406.25488,0.03570
3404.32609,0.03065
3402.39729,0.03111
3400.46849,0.03602
3398.53970,0.03676
3396.61090,0.02733
3394.68210,0.01840
3392.75331,0.02190
3390.82451,0.03345
3388.89571,0.04380
3386.96692,0.04869
3385.03812,0.04707
3383.10932,0.04299
3381.18053,0.04260
3379.25173,0.04470
3377.32293,0.04459
3375.39414,0.04148
3373.46534,0.03758
3371.53654,0.03470
3369.60775,0.03402
3367.67895,0.03758
3365.75015,0.04435
3363.82136,0.05014
3361.89256,0.05191
3359.96376,0.04728
3358.03497,0.03741
3356.10617,0.03341
3354.17737,0.04152
3352.24858,0.04833
3350.31978,0.04378
3348.39098,0.03557
3346.46219,0.03160
3344.53339,0.03372
3342.60459,0.04038
3340.67580,0.04786
3338.74700,0.04970
3336.81820,0.04213
3334.88941,0.03352
3332.96061,0.03308
3331.03181,0.03896
3329.10302,0.04441
3327.17422,0.04260
3325.24542,0.03428
3323.31663,0.02722
3321.38783,0.02641
3319.45903,0.03075
3317.53024,0.03289
3315.60144,0.02656
3313.67264,0.01635
3311.74385,0.01204
3309.81505,0.01584
3307.88625,0.02204
3305.95746,0.02507
3304.02866,0.02522
3302.09986,0.02336
3300.17107,0.01842
3298.24227,0.01542
3296.31347,0.01808
3294.38468,0.01954
3292.45588,0.01700
3290.52708,0.01557
3288.59829,0.01366
3286.66949,0.00691
3284.74069,0.00037
3282.81190,0.00202
3280.88310,0.00973
3278.95430,0.01812
3277.02551,0.02529
3275.09671,0.02898
3273.16791,0.02932
3271.23912,0.02717
3269.31032,0.02193
3267.38152,0.01652
3265.45273,0.01423
3263.52393,0.01386
3261.59513,0.01476
3259.66634,0.01726
3257.73754,0.01912
3255.80874,0.02002
3253.87995,0.02133
3251.95115,0.02178
3250.02235,0.02117
3248.09356,0.02016
3246.16476,0.01959
3244.23596,0.02154
3242.30717,0.02266
3240.37837,0.01970
3238.44957,0.01903
3236.52078,0.02442
3234.59198,0.03067
3232.66318,0.03046
3230.73439,0.02400
3228.80559,0.01924
3226.87679,0.01677
3224.94800,0.01463
3223.01920,0.01845
3221.09040,0.02835
3219.16161,0.03776
3217.23281,0.04292
3215.30401,0.04194
3213.37522,0.03622
3211.44642,0.03333
3209.51762,0.03555
3207.58883,0.03617
3205.66003,0.03545
3203.73123,0.03667
3201.80244,0.03653
3199.87364,0.03413
3197.94484,0.03365
3196.01605,0.03643
3194.08725,0.03722
3192.15845,0.03406
3190.22966,0.03141
3188.30086,0.02949
3186.37206,0.02749
3184.44327,0.02746
3182.51447,0.02743
3180.58567,0.02560
3178.65688,0.02610
3176.72808,0.02873
3174.79928,0.02953
3172.87049,0.02966
3170.94169,0.02837
3169.01289,0.02211
3167.08410,0.01551
3165.15530,0.01672
3163.22650,0.02332
3161.29771,0.02528
3159.36891,0.02067
3157.44011,0.01749
3155.51132,0.02100
3153.58252,0.02643
3151.65372,0.02711
3149.72493,0.02339
3147.79613,0.01942
3145.86733,0.01831
3143.93854,0.01999
3142.00974,0.02227
3140.08094,0.02325
3138.15215,0.02168
3136.22335,0.01893
3134.29455,0.01785
3132.36576,0.01900
3130.43696,0.02067
3128.50816,0.02060
3126.57937,0.01927
3124.65057,0.01949
3122.72177,0.02153
3120.79298,0.02257
3118.86418,0.02133
3116.93538,0.01976
3115.00659,0.01867
3113.07779,0.01775
3111.14899,0.01848
3109.22020,0.02050
3107.29140,0.02188
3105.36260,0.02192
3103.43381,0.02078
3101.50501,0.02004
3099.57621,0.02020
3097.64742,0.01948
3095.71862,0.01841
3093.78982,0.01866
3091.86103,0.01897
3089.93223,0.01881
3088.00344,0.01905
3086.07464,0.01907
3084.14584,0.01900
3082.21705,0.01929
3080.28825,0.01909
3078.35945,0.01885
3076.43066,0.01945
3074.50186,0.02005
3072.57306,0.01961
3070.64427,0.01888
3068.71547,0.01856
3066.78667,0.01844
3064.85788,0.01865
3062.92908,0.01911
3061.00028,0.01939
3059.07149,0.01922
3057.14269,0.01912
3055.21389,0.01989
3053.28510,0.02039
3051.35630,0.01993
3049.42750,0.01957
3047.49871,0.01939
3045.56991,0.01898
3043.64111,0.01900
3041.71232,0.02013
3039.78352,0.02134
3037.85472,0.02146
3035.92593,0.02123
3033.99713,0.02144
3032.06833,0.02216
3030.13954,0.02321
3028.21074,0.02405
3026.28194,0.02447
3024.35315,0.02423
3022.42435,0.02358
3020.49555,0.02314
3018.56676,0.02267
3016.63796,0.02220
3014.70916,0.02244
3012.78037,0.02322
3010.85157,0.02383
3008.92277,0.02412
3006.99398,0.02407
3005.06518,0.02365
3003.13638,0.02297
3001.20759,0.02236
2999.27879,0.02224
2997.34999,0.02241
2995.42120,0.02275
2993.49240,0.02311
2991.56360,0.02296
2989.63481,0.02291
2987.70601,0.02344
2985.77721,0.02380
2983.84842,0.02403
2981.91962,0.02484
2979.99082,0.02564
2978.06203,0.02569
2976.13323,0.02539
2974.20443,0.02511
2972.27564,0.02502
2970.34684,0.02533
2968.41804,0.02555
2966.48925,0.02557
2964.56045,0.02580
2962.63165,0.02615
2960.70286,0.02633
2958.77406,0.02635
2956.84526,0.02648
2954.91647,0.02677
2952.98767,0.02684
2951.05887,0.02651
2949.13008,0.02625
2947.20128,0.02650
2945.27248,0.02704
2943.34369,0.02730
2941.41489,0.02701
2939.48609,0.02663
2937.55730,0.02659
2935.62850,0.02675
2933.69970,0.02700
2931.77091,0.02729
2929.84211,0.02732
2927.91331,0.02703
2925.98452,0.02671
2924.05572,0.02659
2922.12692,0.02695
2920.19813,0.02777
2918.26933,0.02844
2916.34053,0.02860
2914.41174,0.02846
2912.48294,0.02816
2910.55414,0.02786
2908.62535,0.02769
2906.69655,0.02745
2904.76775,0.02718
2902.83896,0.02720
2900.91016,0.02739
2898.98136,0.02775
2897.05257,0.02816
2895.12377,0.02812
2893.19497,0.02788
2891.26618,0.02807
2889.33738,0.02842
2887.40858,0.02836
2885.47979,0.02802
2883.55099,0.02810
2881.62219,0.02877
2879.69340,0.02925
2877.76460,0.02910
2875.83580,0.02892
2873.90701,0.02910
2871.97821,0.02940
2870.04941,0.02963
2868.12062,0.02977
2866.19182,0.02980
2864.26302,0.02982
2862.33423,0.02987
2860.40543,0.02999
2858.47663,0.03036
2856.54784,0.03079
2854.61904,0.03087
2852.69024,0.03077
2850.76145,0.03083
2848.83265,0.03106
2846.90385,0.03122
2844.97506,0.03138
2843.04626,0.03168
2841.11746,0.03191
2839.18867,0.03191
2837.25987,0.03187
2835.33107,0.03189
2833.40228,0.03199
2831.47348,0.03220
2829.54468,0.03242
2827.61589,0.03251
2825.68709,0.03252
2823.75829,0.03261
2821.82950,0.03275
2819.90070,0.03291
2817.97190,0.03304
2816.04311,0.03305
2814.11431,0.03297
2812.18551,0.03296
2810.25672,0.03297
2808.32792,0.03282
2806.39912,0.03261
2804.47033,0.03257
2802.54153,0.03257
2800.61273,0.03248
2798.68394,0.03241
2796.75514,0.03227
2794.82634,0.03189
2792.89755,0.03154
2790.96875,0.03152
2789.03995,0.03168
2787.11116,0.03161
2785.18236,0.03127
2783.25356,0.03100
2781.32477,0.03093
2779.39597,0.03091
2777.46717,0.03080
2775.53838,0.03060
2773.60958,0.03050
2771.68078,0.03061
2769.75199,0.03085
2767.82319,0.03104
2765.89439,0.03101
2763.96560,0.03073
2762.03680,0.03035
2760.10800,0.03009
2758.17921,0.02996
2756.25041,0.02992
2754.32161,0.02988
2752.39282,0.02984
2750.46402,0.02990
2748.53522,0.03001
2746.60643,0.02996
2744.67763,0.02977
2742.74883,0.02965
2740.82004,0.02973
2738.89124,0.02988
2736.96244,0.03002
2735.03365,0.03019
2733.10485,0.03024
2731.17605,0.03008
2729.24726,0.02988
2727.31846,0.02994
2725.38967,0.03010
2723.46087,0.03000
2721.53207,0.02988
2719.60328,0.03004
2717.67448,0.03029
2715.74568,0.03041
2713.81689,0.03042
2711.88809,0.03038
2709.95929,0.03024
2708.03050,0.03007
2706.10170,0.03001
2704.17290,0.02992
2702.24411,0.02973
2700.31531,0.02964
2698.38651,0.02974
2696.45772,0.02993
2694.52892,0.03012
2692.60012,0.03021
2690.67133,0.03011
2688.74253,0.02993
2686.81373,0.02981
2684.88494,0.02982
2682.95614,0.02997
2681.02734,0.03013
2679.09855,0.03030
2677.16975,0.03051
2675.24095,0.03058
2673.31216,0.03045
2671.38336,0.03026
2669.45456,0.03017
2667.52577,0.03015
2665.59697,0.03011
2663.66817,0.03008
2661.73938,0.03009
2659.81058,0.03005
2657.88178,0.03003
2655.95299,0.03000
2654.02419,0.02986
2652.09539,0.02972
2650.16660,0.02961
2648.23780,0.02958
2646.30900,0.02979
2644.38021,0.03009
2642.45141,0.03030
2640.52261,0.03036
2638.59382,0.03028
2636.66502,0.03027
2634.73622,0.03055
2632.80743,0.03093
2630.87863,0.03117
2628.94983,0.03137
2627.02104,0.03153
2625.09224,0.03152
2623.16344,0.03142
2621.23465,0.03149
2619.30585,0.03179
2617.37705,0.03190
2615.44826,0.03162
2613.51946,0.03150
2611.59066,0.03178
2609.66187,0.03201
2607.73307,0.03194
2605.80427,0.03173
2603.87548,0.03161
2601.94668,0.03169
2600.01788,0.03181
2598.08909,0.03187
2596.16029,0.03187
2594.23149,0.03177
2592.30270,0.03181
2590.37390,0.03222
2588.44510,0.03243
2586.51631,0.03204
2584.58751,0.03174
2582.65871,0.03179
2580.72992,0.03165
2578.80112,0.03155
2576.87232,0.03203
2574.94353,0.03254
2573.01473,0.03239
2571.08593,0.03202
2569.15714,0.03199
2567.22834,0.03205
2565.29954,0.03201
2563.37075,0.03186
2561.44195,0.03157
2559.51315,0.03138
2557.58436,0.03147
2555.65556,0.03168
2553.72676,0.03176
2551.79797,0.03162
2549.86917,0.03151
2547.94037,0.03159
2546.01158,0.03172
2544.08278,0.03201
2542.15398,0.03235
2540.22519,0.03218
2538.29639,0.03163
2536.36759,0.03128
2534.43880,0.03134
2532.51000,0.03150
2530.58120,0.03144
2528.65241,0.03126
2526.72361,0.03106
2524.79481,0.03065
2522.86602,0.03016
2520.93722,0.03016
2519.00842,0.03054
2517.07963,0.03075
2515.15083,0.03104
2513.22203,0.03144
2511.29324,0.03123
2509.36444,0.03056
2507.43564,0.03040
2505.50685,0.03085
2503.57805,0.03101
2501.64925,0.03067
2499.72046,0.03045
2497.79166,0.03043
2495.86286,0.03044
2493.93407,0.03057
2492.00527,0.03054
2490.07647,0.03024
2488.14768,0.03021
2486.21888,0.03056
2484.29008,0.03091
2482.36129,0.03092
2480.43249,0.03078
2478.50369,0.03089
2476.57490,0.03117
2474.64610,0.03121
2472.71730,0.03085
2470.78851,0.03049
2468.85971,0.03044
2466.93091,0.03055
2465.00212,0.03067
2463.07332,0.03077
2461.14452,0.03053
2459.21573,0.03016
2457.28693,0.03018
2455.35813,0.03029
2453.42934,0.03010
2451.50054,0.02994
2449.57174,0.02984
2447.64295,0.02971
2445.71415,0.02978
2443.78535,0.02996
2441.85656,0.02982
2439.92776,0.02948
2437.99896,0.02931
2436.07017,0.02924
2434.14137,0.02926
2432.21257,0.02942
2430.28378,0.02945
2428.35498,0.02941
2426.42618,0.02958
2424.49739,0.02981
2422.56859,0.02969
2420.63979,0.02913
2418.71100,0.02836
2416.78220,0.02781
2414.85340,0.02776
2412.92461,0.02787
2410.99581,0.02783
2409.06701,0.02789
2407.13822,0.02801
2405.20942,0.02785
2403.28062,0.02748
2401.35183,0.02705
2399.42303,0.02655
2397.49423,0.02619
2395.56544,0.02618
2393.63664,0.02637
2391.70784,0.02666
2389.77905,0.02746
2387.85025,0.02964
2385.92145,0.03415
2383.99266,0.04181
2382.06386,0.05280
2380.13506,0.06636
2378.20627,0.08122
2376.27747,0.09658
2374.34867,0.11262
2372.41988,0.12932
2370.49108,0.14573
2368.56228,0.16087
2366.63349,0.17456
2364.70469,0.18616
2362.77589,0.19413
2360.84710,0.19777
2358.91830,0.19626
2356.98951,0.18775
2355.06071,0.17237
2353.13191,0.15225
2351.20312,0.13220
2349.27432,0.12162
2347.34552,0.12632
2345.41673,0.14074
2343.48793,0.15072
2341.55913,0.15180
2339.63034,0.14939
2337.70154,0.14633
2335.77274,0.14368
2333.84395,0.14273
2331.91515,0.14273
2329.98635,0.14033
2328.05756,0.13503
2326.12876,0.13008
2324.19996,0.12678
2322.27117,0.12278
2320.34237,0.11544
2318.41357,0.10560
2316.48478,0.09685
2314.55598,0.09132
2312.62718,0.08753
2310.69839,0.08283
2308.76959,0.07659
2306.84079,0.06966
2304.91200,0.06320
2302.98320,0.05811
2301.05440,0.05412
2299.12561,0.05045
2297.19681,0.04722
2295.26801,0.04465
2293.33922,0.04214
2291.41042,0.03942
2289.48162,0.03698
2287.55283,0.03506
2285.62403,0.03357
2283.69523,0.03276
2281.76644,0.03272
2279.83764,0.03311
2277.90884,0.03361
2275.98005,0.03422
2274.05125,0.03496
2272.12245,0.03552
2270.19366,0.03555
2268.26486,0.03545
2266.33606,0.03585
2264.40727,0.03653
2262.47847,0.03676
2260.54967,0.03662
2258.62088,0.03710
2256.69208,0.03814
2254.76328,0.03812
2252.83449,0.03676
2250.90569,0.03563
2248.97689,0.03517
2247.04810,0.03506
2245.11930,0.03560
2243.19050,0.03668
2241.26171,0.03764
2239.33291,0.03798
2237.40411,0.03779
2235.47532,0.03780
2233.54652,0.03813
2231.61772,0.03843
2229.68893,0.03876
2227.76013,0.03899
2225.83133,0.03904
2223.90254,0.03949
2221.97374,0.04065
2220.04494,0.04215
2218.11615,0.04334
2216.18735,0.04360
2214.25855,0.04301
2212.32976,0.04248
2210.40096,0.04304
2208.47216,0.04445
2206.54337,0.04483
2204.61457,0.04387
2202.68577,0.04290
2200.75698,0.04254
2198.82818,0.04311
2196.89938,0.04397
2194.97059,0.04474
2193.04179,0.04697
2191.11299,0.04981
2189.18420,0.04997
2187.25540,0.04795
2185.32660,0.04667
2183.39781,0.04691
2181.46901,0.04826
2179.54021,0.04949
2177.61142,0.04998
2175.68262,0.05113
2173.75382,0.05237
2171.82503,0.05222
2169.89623,0.05175
2167.96743,0.05169
2166.03864,0.05198
2164.10984,0.05390
2162.18104,0.05802
2160.25225,0.06130
2158.32345,0.06009
2156.39465,0.05574
2154.46586,0.05185
2152.53706,0.04967
2150.60826,0.04817
2148.67947,0.04599
2146.75067,0.04342
2144.82187,0.04135
2142.89308,0.03948
2140.96428,0.03764
2139.03548,0.03675
2137.10669,0.03621
2135.17789,0.03431
2133.24909,0.03163
2131.32030,0.03015
2129.39150,0.02970
2127.46270,0.02869
2125.53391,0.02713
2123.60511,0.02603
2121.67631,0.02551
2119.74752,0.02514
2117.81872,0.02490
2115.88992,0.02506
2113.96113,0.02558
2112.03233,0.02602
2110.10353,0.02615
2108.17474,0.02611
2106.24594,0.02625
2104.31714,0.02676
2102.38835,0.02718
2100.45955,0.02708
2098.53075,0.02675
2096.60196,0.02611
2094.67316,0.02498
2092.74436,0.02393
2090.81557,0.02339
2088.88677,0.02349
2086.95797,0.02428
2085.02918,0.02522
2083.10038,0.02566
2081.17158,0.02571
2079.24279,0.02565
2077.31399,0.02576
2075.38519,0.02619
2073.45640,0.02660
2071.52760,0.02722
2069.59880,0.02863
2067.67001,0.03029
2065.74121,0.03084
2063.81241,0.03028
2061.88362,0.02995
2059.95482,0.02989
2058.02602,0.02923
2056.09723,0.02841
2054.16843,0.02865
2052.23963,0.02995
2050.31084,0.03152
2048.38204,0.03322
2046.45324,0.03447
2044.52445,0.03477
2042.59565,0.03516
2040.66685,0.03569
2038.73806,0.03460
2036.80926,0.03265
2034.88046,0.03312
2032.95167,0.03598
2031.02287,0.03851
2029.09407,0.03941
2027.16528,0.03848
2025.23648,0.03665
2023.30768,0.03576
2021.37889,0.03603
2019.45009,0.03678
2017.52129,0.03823
2015.59250,0.03932
2013.66370,0.03871
2011.73490,0.03740
2009.80611,0.03697
2007.87731,0.03634
2005.94851,0.03378
2004.01972,0.03116
2002.09092,0.03070
2000.16212,0.03127
1998.23333,0.03104
1996.30453,0.03002
1994.37574,0.02935
1992.44694,0.02977
1990.51814,0.03052
1988.58935,0.03046
1986.66055,0.03020
1984.73175,0.03055
1982.80296,0.03119
1980.87416,0.03217
1978.94536,0.03373
1977.01657,0.03511
1975.08777,0.03569
1973.15897,0.03467
1971.23018,0.03192
1969.30138,0.03025
1967.37258,0.03060
1965.44379,0.03043
1963.51499,0.02898
1961.58619,0.02732
1959.65740,0.02607
1957.72860,0.02540
1955.79980,0.02500
1953.87101,0.02429
1951.94221,0.02341
1950.01341,0.02309
1948.08462,0.02311
1946.15582,0.02310
1944.22702,0.02334
1942.29823,0.02316
1940.36943,0.02195
1938.44063,0.02066
1936.51184,0.02044
1934.58304,0.02098
1932.65424,0.02093
1930.72545,0.02038
1928.79665,0.02038
1926.86785,0.02083
1924.93906,0.02113
1923.01026,0.02114
1921.08146,0.02128
1919.15267,0.02156
1917.22387,0.02133
1915.29507,0.02066
1913.36628,0.02037
1911.43748,0.02057
1909.50868,0.02061
1907.57989,0.02010
1905.65109,0.01949
1903.72229,0.01919
1901.79350,0.01898
1899.86470,0.01873
1897.93590,0.01869
1896.00711,0.01886
1894.07831,0.01890
1892.14951,0.01895
1890.22072,0.01929
1888.29192,0.01935
1886.36312,0.01886
1884.43433,0.01848
1882.50553,0.01862
1880.57673,0.01894
1878.64794,0.01905
1876.71914,0.01895
1874.79034,0.01880
1872.86155,0.01903
1870.93275,0.01984
1869.00395,0.02043
1867.07516,0.01996
1865.14636,0.01915
1863.21756,0.01872
1861.28877,0.01844
1859.35997,0.01812
1857.43117,0.01785
1855.50238,0.01763
1853.57358,0.01751
1851.64478,0.01761
1849.71599,0.01801
1847.78719,0.01860
1845.85839,0.01917
1843.92960,0.01913
1842.00080,0.01849
1840.07200,0.01818
1838.14321,0.01828
1836.21441,0.01827
1834.28561,0.01829
1832.35682,0.01879
1830.42802,0.01939
1828.49922,0.01952
1826.57043,0.01951
1824.64163,0.01928
1822.71283,0.01864
1820.78404,0.01809
1818.85524,0.01799
1816.92644,0.01806
1814.99765,0.01815
1813.06885,0.01837
1811.14005,0.01850
1809.21126,0.01826
1807.28246,0.01782
1805.35366,0.01772
1803.42487,0.01816
1801.49607,0.01860
1799.56727,0.01847
1797.63848,0.01821
1795.70968,0.01850
1793.78088,0.01928
1791.85209,0.01958
1789.92329,0.01882
1787.99449,0.01823
1786.06570,0.01840
1784.13690,0.01869
1782.20810,0.01885
1780.27931,0.01883
1778.35051,0.01864
1776.42171,0.01874
1774.49292,0.01931
1772.56412,0.01979
1770.63532,0.01974
1768.70653,0.01933
1766.77773,0.01860
1764.84893,0.01824
1762.92014,0.01852
1760.99134,0.01864
1759.06254,0.01849
1757.13375,0.01834
1755.20495,0.01816
1753.27615,0.01860
1751.34736,0.01968
1749.41856,0.01999
1747.48976,0.01936
1745.56097,0.01886
1743.63217,0.01867
1741.70337,0.01846
1739.77458,0.01813
1737.84578,0.01821
1735.91698,0.01919
1733.98819,0.02020
1732.05939,0.01978
1730.13059,0.01874
1728.20180,0.01790
1726.27300,0.01757
1724.34420,0.01787
1722.41541,0.01848
1720.48661,0.01977
1718.55781,0.02182
1716.62902,0.02311
1714.70022,0.02302
1712.77142,0.02277
1710.84263,0.02343
1708.91383,0.02530
1706.98503,0.02829
1705.05624,0.03183
1703.12744,0.03570
1701.19864,0.04106
1699.26985,0.04732
1697.34105,0.05334
1695.41225,0.06041
1693.48346,0.06804
1691.55466,0.07664
1689.62586,0.08761
1687.69707,0.09968
1685.76827,0.11387
1683.83947,0.13174
1681.91068,0.14691
1679.98188,0.15891
1678.05308,0.17150
1676.12429,0.18589
1674.19549,0.20064
1672.26669,0.21308
1670.33790,0.22452
1668.40910,0.23479
1666.48030,0.24183
1664.55151,0.24747
1662.62271,0.25247
1660.69391,0.25552
1658.76512,0.25717
1656.83632,0.25902
1654.90752,0.26155
1652.97873,0.26287
1651.04993,0.26262
1649.12113,0.26436
1647.19234,0.26889
1645.26354,0.27487
1643.33474,0.28194
1641.40595,0.29175
1639.47715,0.30453
1637.54835,0.32080
1635.61956,0.34166
1633.69076,0.36153
1631.76197,0.37771
1629.83317,0.39395
1627.90437,0.41011
1625.97558,0.42328
1624.04678,0.43258
1622.11798,0.43761
1620.18919,0.43899
1618.26039,0.43841
1616.33159,0.43584
1614.40280,0.43256
1612.47400,0.43098
1610.54520,0.43188
1608.61641,0.43551
1606.68761,0.44156
1604.75881,0.44968
1602.83002,0.45928
1600.90122,0.46915
1598.97242,0.47805
1597.04363,0.48504
1595.11483,0.48913
1593.18603,0.48913
1591.25724,0.48470
1589.32844,0.47587
1587.39964,0.46293
1585.47085,0.44657
1583.54205,0.42762
1581.61325,0.40736
1579.68446,0.38756
1577.75566,0.36659
1575.82686,0.34150
1573.89807,0.31902
1571.96927,0.30140
1570.04047,0.28284
1568.11168,0.26383
1566.18288,0.24765
1564.25408,0.23394
1562.32529,0.22348
1560.39649,0.21378
1558.46769,0.19921
1556.53890,0.18549
1554.61010,0.17566
1552.68130,0.16716
1550.75251,0.15954
1548.82371,0.15254
1546.89491,0.14701
1544.96612,0.14301
1543.03732,0.13928
1541.10852,0.13457
1539.17973,0.12819
1537.25093,0.12307
1535.32213,0.12018
1533.39334,0.11740
1531.46454,0.11397
1529.53574,0.11140
1527.60695,0.10975
1525.67815,0.10806
1523.74935,0.10649
1521.82056,0.10497
1519.89176,0.10294
1517.96296,0.10094
1516.03417,0.09892
1514.10537,0.09705
1512.17657,0.09644
1510.24778,0.09750
1508.31898,0.09908
1506.39018,0.09828
1504.46139,0.09592
1502.53259,0.09561
1500.60379,0.09742
1498.67500,0.10056
1496.74620,0.10422
1494.81740,0.10803
1492.88861,0.11309
1490.95981,0.12068
1489.03101,0.12961
1487.10222,0.13789
1485.17342,0.14648
1483.24462,0.15678
1481.31583,0.16887
1479.38703,0.18193
1477.45823,0.19583
1475.52944,0.21063
1473.60064,0.22564
1471.67184,0.23898
1469.74305,0.24869
1467.81425,0.25661
1465.88545,0.26415
1463.95666,0.26944
1462.02786,0.27171
1460.09906,0.27255
1458.17027,0.27078
1456.24147,0.26275
1454.31267,0.25158
1452.38388,0.24056
1450.45508,0.22898
1448.52628,0.21608
1446.59749,0.20201
1444.66869,0.18843
1442.73989,0.17593
1440.81110,0.16490
1438.88230,0.15560
1436.95350,0.14578
1435.02471,0.13521
1433.09591,0.12659
1431.16711,0.11950
1429.23832,0.11264
1427.30952,0.10662
1425.38072,0.10179
1423.45193,0.09766
1421.52313,0.09442
1419.59433,0.09164
1417.66554,0.08782
1415.73674,0.08350
1413.80794,0.08001
1411.87915,0.07735
1409.95035,0.07506
1408.02155,0.07316
1406.09276,0.07160
1404.16396,0.06982
1402.23516,0.06816
1400.30637,0.06732
1398.37757,0.06681
1396.44877,0.06592
1394.51998,0.06432
1392.59118,0.06232
1390.66238,0.06109
1388.73359,0.06073
1386.80479,0.05999
1384.87599,0.05854
1382.94720,0.05735
1381.01840,0.05675
1379.08960,0.05637
1377.16081,0.05619
1375.23201,0.05613
1373.30321,0.05552
1371.37442,0.05442
1369.44562,0.05356
1367.51682,0.05303
1365.58803,0.05301
1363.65923,0.05343
1361.73043,0.05314
1359.80164,0.05196
1357.87284,0.05096
1355.94404,0.05044
1354.01525,0.05006
1352.08645,0.04970
1350.15765,0.04942
1348.22886,0.04918
1346.30006,0.04896
1344.37126,0.04898
1342.44247,0.04958
1340.51367,0.05056
1338.58487,0.05086
1336.65608,0.05020
1334.72728,0.04944
1332.79848,0.04907
1330.86969,0.04894
1328.94089,0.04879
1327.01209,0.04855
1325.08330,0.04829
1323.15450,0.04809
1321.22570,0.04805
1319.29691,0.04805
1317.36811,0.04786
1315.43931,0.04751
1313.51052,0.04717
1311.58172,0.04679
1309.65292,0.04646
1307.72413,0.04623
1305.79533,0.04605
1303.86653,0.04591
1301.93774,0.04583
1300.00894,0.04581
1298.08014,0.04584
1296.15135,0.04589
1294.22255,0.04591
1292.29375,0.04597
1290.36496,0.04611
1288.43616,0.04623
1286.50736,0.04627
1284.57857,0.04626
1282.64977,0.04625
1280.72097,0.04626
1278.79218,0.04624
1276.86338,0.04624
1274.93458,0.04629
1273.00579,0.04638
1271.07699,0.04643
1269.14820,0.04639
1267.21940,0.04632
1265.29060,0.04625
1263.36181,0.04619
1261.43301,0.04616
1259.50421,0.04613
1257.57542,0.04608
1255.64662,0.04607
1253.71782,0.04615
1251.78903,0.04628
1249.86023,0.04641
1247.93143,0.04657
1246.00264,0.04678
1244.07384,0.04700
1242.14504,0.04718
1240.21625,0.04735
1238.28745,0.04755
1236.35865,0.04775
1234.42986,0.04793
1232.50106,0.04814
1230.57226,0.04838
1228.64347,0.04860
1226.71467,0.04880
1224.78587,0.04900
1222.85708,0.04922
1220.92828,0.04949
1218.99948,0.04982
1217.07069,0.05018
1215.14189,0.05056
1213.21309,0.05102
1211.28430,0.05151
1209.35550,0.05202
1207.42670,0.05261
1205.49791,0.05332
1203.56911,0.05415
1201.64031,0.05512
1199.71152,0.05622
1197.78272,0.05747
1195.85392,0.05889
1193.92513,0.06051
1191.99633,0.06236
1190.06753,0.06443
1188.13874,0.06674
1186.20994,0.06931
1184.28114,0.07214
1182.35235,0.07530
1180.42355,0.07892
1178.49475,0.08297
1176.56596,0.08730
1174.63716,0.09185
1172.70836,0.09662
1170.77957,0.10158
1168.85077,0.10659
1166.92197,0.11144
1164.99318,0.11590
1163.06438,0.11975
1161.13558,0.12276
1159.20679,0.12472
1157.27799,0.12544
1155.34919,0.12487
1153.42040,0.12307
1151.49160,0.12017
1149.56280,0.11636
1147.63401,0.11192
1145.70521,0.10710
1143.77641,0.10213
1141.84762,0.09724
1139.91882,0.09259
1137.99002,0.08821
1136.06123,0.08415
1134.13243,0.08047
1132.20363,0.07719
1130.27484,0.07428
1128.34604,0.07168
1126.41724,0.06936
1124.48845,0.06732
1122.55965,0.06552
1120.63085,0.06391
1118.70206,0.06247
1116.77326,0.06118
1114.84446,0.06004
1112.91567,0.05907
1110.98687,0.05824
1109.05807,0.05751
1107.12928,0.05691
1105.20048,0.05641
1103.27168,0.05598
1101.34289,0.05565
1099.41409,0.05543
1097.48529,0.05533
1095.55650,0.05535
1093.62770,0.05549
1091.69890,0.05573
1089.77011,0.05606
1087.84131,0.05647
1085.91251,0.05693
1083.98372,0.05742
1082.05492,0.05795
1080.12612,0.05850
1078.19733,0.05906
1076.26853,0.05961
1074.33973,0.06014
1072.41094,0.06062
1070.48214,0.06099
1068.55334,0.06125
1066.62455,0.06137
1064.69575,0.06138
1062.76695,0.06124
1060.83816,0.06095
1058.90936,0.06054
1056.98056,0.06004
1055.05177,0.05941
1053.12297,0.05870
1051.19417,0.05799
1049.26538,0.05733
1047.33658,0.05673
1045.40778,0.05617
1043.47899,0.05562
1041.55019,0.05506
1039.62139,0.05451
1037.69260,0.05398
1035.76380,0.05348
1033.83500,0.05299
1031.90621,0.05247
1029.97741,0.05195
1028.04861,0.05145
1026.11982,0.05097
1024.19102,0.05052
1022.26222,0.05009
1020.33343,0.04971
1018.40463,0.04942
1016.47583,0.04922
1014.54704,0.04906
1012.61824,0.04889
1010.68944,0.04865
1008.76065,0.04827
1006.83185,0.04771
1004.90305,0.04703
1002.97426,0.04635
1001.04546,0.04573
999.11666,0.04520
997.18787,0.04479
995.25907,0.04450
993.33027,0.04426
991.40148,0.04402
989.47268,0.04377
987.54388,0.04353
985.61509,0.04327
983.68629,0.04295
981.75749,0.04258
979.82870,0.04219
977.89990,0.04178
975.97110,0.04133
974.04231,0.04089
972.11351,0.04043
970.18471,0.03995
968.25592,0.03947
966.32712,0.03902
964.39832,0.03859
962.46953,0.03816
960.54073,0.03772
958.61193,0.03727
956.68314,0.03683
954.75434,0.03640
952.82554,0.03600
950.89675,0.03563
948.96795,0.03527
947.03915,0.03493
945.11036,0.03461
943.18156,0.03430
941.25276,0.03398
939.32397,0.03365
937.39517,0.03333
935.46637,0.03300
933.53758,0.03263
931.60878,0.03222
929.67998,0.03177
927.75119,0.03131
925.82239,0.03085
923.89359,0.03035
921.96480,0.02981
920.03600,0.02926
918.10720,0.02873
916.17841,0.02821
914.24961,0.02769
912.32081,0.02716
910.39202,0.02664
908.46322,0.02616
906.53443,0.02576
904.60563,0.02537
902.67683,0.02500
900.74804,0.02466
898.81924,0.02433
896.89044,0.02400
894.96165,0.02365
893.03285,0.02326
891.10405,0.02286
889.17526,0.02249
887.24646,0.02210
885.31766,0.02165
883.38887,0.02120
881.46007,0.02078
879.53127,0.02037
877.60248,0.01995
875.67368,0.01951
873.74488,0.01905
871.81609,0.01860
869.88729,0.01818
867.95849,0.01776
866.02970,0.01733
864.10090,0.01688
862.17210,0.01642
860.24331,0.01600
858.31451,0.01566
856.38571,0.01533
854.45692,0.01506
852.52812,0.01488
850.59932,0.01471
848.67053,0.01451
846.74173,0.01434
844.81293,0.01427
842.88414,0.01420
840.95534,0.01404
839.02654,0.01391
837.09775,0.01385
835.16895,0.01381
833.24015,0.01373
831.31136,0.01358
829.38256,0.01343
827.45376,0.01338
825.52497,0.01330
823.59617,0.01320
821.66737,0.01320
819.73858,0.01328
817.80978,0.01336
815.88098,0.01341
813.95219,0.01351
812.02339,0.01372
810.09459,0.01399
808.16580,0.01429
806.23700,0.01465
804.30820,0.01512
802.37941,0.01575
800.45061,0.01649
798.52181,0.01738
796.59302,0.01851
794.66422,0.01977
792.73542,0.02102
790.80663,0.02222
788.87783,0.02327
786.94903,0.02409
785.02024,0.02457
783.09144,0.02451
781.16264,0.02388
779.23385,0.02288
777.30505,0.02161
775.37625,0.02017
773.44746,0.01882
771.51866,0.01776
769.58986,0.01694
767.66107,0.01627
765.73227,0.01590
763.80347,0.01576
761.87468,0.01551
759.94588,0.01516
758.01708,0.01488
756.08829,0.01467
754.15949,0.01455
752.23069,0.01454
750.30190,0.01461
748.37310,0.01456
