3496.90832,0.04327
3494.97953,0.04169
3493.05073,0.03859
3491.12193,0.03696
3489.19314,0.04155
3487.26434,0.04875
3485.33554,0.04808
3483.40675,0.04232
3481.47795,0.04131
3479.54915,0.04495
3477.62036,0.05093
3475.69156,0.05776
3473.76276,0.05934
3471.83397,0.05406
3469.90517,0.04917
3467.97637,0.04970
3466.04758,0.05230
3464.11878,0.05207
3462.18998,0.04797
3460.26119,0.04329
3458.33239,0.04153
3456.40359,0.04116
3454.47480,0.04111
3452.54600,0.04013
3450.61721,0.03748
3448.68841,0.03886
3446.75961,0.04381
3444.83082,0.04435
3442.90202,0.04033
3440.97322,0.03454
3439.04443,0.02821
3437.11563,0.02363
3435.18683,0.02153
3433.25804,0.02356
3431.32924,0.02981
3429.40044,0.03557
3427.47165,0.04003
3425.54285,0.04477
3423.61405,0.04617
3421.68526,0.04218
3419.75646,0.03845
3417.82766,0.03994
3415.89887,0.03996
3413.97007,0.03244
3412.04127,0.02474
3410.11248,0.02363
3408.18368,0.02334
3406.25488,0.01896
3404.32609,0.01469
3402.39729,0.01448
3400.46849,0.02002
3398.53970,0.02757
3396.61090,0.02674
3394.68210,0.02012
3392.75331,0.02021
3390.82451,0.02574
3388.89571,0.03117
3386.96692,0.03594
3385.03812,0.03548
3383.10932,0.03073
3381.18053,0.03364
3379.25173,0.04521
3377.32293,0.04909
3375.39414,0.03840
3373.46534,0.02931
3371.53654,0.03289
3369.60775,0.04070
3367.67895,0.04727
3365.75015,0.05036
3363.82136,0.04620
3361.89256,0.04099
3359.96376,0.04140
3358.03497,0.04677
3356.10617,0.05502
3354.17737,0.05881
3352.24858,0.05567
3350.31978,0.05436
3348.39098,0.05673
3346.46219,0.05565
3344.53339,0.05273
3342.60459,0.05238
3340.67580,0.05088
3338.74700,0.04564
3336.81820,0.04143
3334.88941,0.04144
3332.96061,0.04027
3331.03181,0.03796
3329.10302,0.04189
3327.17422,0.04401
3325.24542,0.03459
3323.31663,0.02511
3321.38783,0.02625
3319.45903,0.03114
3317.53024,0.03145
3315.60144,0.02738
3313.67264,0.02342
3311.74385,0.02151
3309.81505,0.01806
3307.88625,0.01650
3305.95746,0.02151
3304.02866,0.02516
3302.09986,0.02333
3300.17107,0.01980
3298.24227,0.01449
3296.31347,0.00999
3294.38468,0.01130
3292.45588,0.01806
3290.52708,0.02454
3288.59829,0.02344
3286.66949,0.01779
3284.74069,0.01774
3282.81190,0.02263
3280.88310,0.02404
3278.95430,0.02234
3277.02551,0.02292
3275.09671,0.02498
3273.16791,0.02596
3271.23912,0.02543
3269.31032,0.02071
3267.38152,0.01327
3265.45273,0.01092
3263.52393,0.01277
3261.59513,0.01399
3259.66634,0.01434
3257.73754,0.01225
3255.80874,0.01197
3253.87995,0.01692
3251.95115,0.01892
3250.02235,0.01564
3248.09356,0.01302
3246.16476,0.01294
3244.23596,0.01645
3242.30717,0.02270
3240.37837,0.02652
3238.44957,0.02566
3236.52078,0.02533
3234.59198,0.02931
3232.66318,0.03272
3230.73439,0.03111
3228.80559,0.02539
3226.87679,0.01797
3224.94800,0.01337
3223.01920,0.01741
3221.09040,0.02806
3219.16161,0.03547
3217.23281,0.03782
3215.30401,0.04065
3213.37522,0.04306
3211.44642,0.04226
3209.51762,0.03915
3207.58883,0.03427
3205.66003,0.03172
3203.73123,0.03321
3201.80244,0.03338
3199.87364,0.03155
3197.94484,0.03157
3196.01605,0.03313
3194.08725,0.03397
3192.15845,0.03330
3190.22966,0.03375
3188.30086,0.03651
3186.37206,0.03590
3184.44327,0.03088
3182.51447,0.02791
3180.58567,0.02773
3178.65688,0.02799
3176.72808,0.02847
3174.79928,0.02666
3172.87049,0.02124
3170.94169,0.01590
3169.01289,0.01441
3167.08410,0.01647
3165.15530,0.01990
3163.22650,0.02358
3161.29771,0.02611
3159.36891,0.02507
3157.44011,0.02213
3155.51132,0.02265
3153.58252,0.02549
3151.65372,0.02550
3149.72493,0.02391
3147.79613,0.02350
3145.86733,0.02331
3143.93854,0.02283
3142.00974,0.02324
3140.08094,0.02424
3138.15215,0.02387
3136.22335,0.02230
3134.29455,0.02111
3132.36576,0.02079
3130.43696,0.02110
3128.50816,0.02057
3126.57937,0.01901
3124.65057,0.01905
3122.72177,0.02213
3120.79298,0.02565
3118.86418,0.02572
3116.93538,0.02247
3115.00659,0.01878
3113.07779,0.01682
3111.14899,0.01748
3109.22020,0.01900
3107.29140,0.01974
3105.36260,0.02043
3103.43381,0.02124
3101.50501,0.02129
3099.57621,0.02028
3097.64742,0.01856
3095.71862,0.01681
3093.78982,0.01614
3091.86103,0.01682
3089.93223,0.01791
3088.00344,0.01854
3086.07464,0.01882
3084.14584,0.01966
3082.21705,0.02053
3080.28825,0.02013
3078.35945,0.01903
3076.43066,0.01847
3074.50186,0.01879
3072.57306,0.01905
3070.64427,0.01873
3068.71547,0.01876
3066.78667,0.01970
3064.85788,0.02097
3062.92908,0.02151
3061.00028,0.02074
3059.07149,0.01915
3057.14269,0.01795
3055.21389,0.01847
3053.28510,0.01998
3051.35630,0.02063
3049.42750,0.02019
3047.49871,0.01914
3045.56991,0.01826
3043.64111,0.01843
3041.71232,0.01936
3039.78352,0.02004
3037.85472,0.02050
3035.92593,0.02164
3033.99713,0.02285
3032.06833,0.02293
3030.13954,0.02258
3028.21074,0.02248
3026.28194,0.02230
3024.35315,0.02213
3022.42435,0.02236
3020.49555,0.02274
3018.56676,0.02287
3016.63796,0.02286
3014.70916,0.02300
3012.78037,0.02330
3010.85157,0.02342
3008.92277,0.02308
3006.99398,0.02261
3005.06518,0.02271
3003.13638,0.02311
3001.20759,0.02298
2999.27879,0.02266
2997.34999,0.02261
2995.42120,0.02266
2993.49240,0.02289
2991.56360,0.02335
2989.63481,0.02373
2987.70601,0.02374
2985.77721,0.02336
2983.84842,0.02302
2981.91962,0.02326
2979.99082,0.02402
2978.06203,0.02476
2976.13323,0.02517
2974.20443,0.02493
2972.27564,0.02417
2970.34684,0.02373
2968.41804,0.02391
2966.48925,0.02413
2964.56045,0.02421
2962.63165,0.02445
2960.70286,0.02462
2958.77406,0.02455
2956.84526,0.02482
2954.91647,0.02549
2952.98767,0.02590
2951.05887,0.02590
2949.13008,0.02597
2947.20128,0.02621
2945.27248,0.02627
2943.34369,0.02593
2941.41489,0.02545
2939.48609,0.02541
2937.55730,0.02565
2935.62850,0.02564
2933.69970,0.02544
2931.77091,0.02546
2929.84211,0.02541
2927.91331,0.02489
2925.98452,0.02459
2924.05572,0.02511
2922.12692,0.02588
2920.19813,0.02650
2918.26933,0.02701
2916.34053,0.02740
2914.41174,0.02767
2912.48294,0.02785
2910.55414,0.02774
2908.62535,0.02715
2906.69655,0.02649
2904.76775,0.02636
2902.83896,0.02658
2900.91016,0.02668
2898.98136,0.02675
2897.05257,0.02690
2895.12377,0.02699
2893.19497,0.02708
2891.26618,0.02741
2889.33738,0.02781
2887.40858,0.02758
2885.47979,0.02676
2883.55099,0.02646
2881.62219,0.02716
2879.69340,0.02804
2877.76460,0.02848
2875.83580,0.02855
2873.90701,0.02842
2871.97821,0.02829
2870.04941,0.02833
2868.12062,0.02863
2866.19182,0.02900
2864.26302,0.02916
2862.33423,0.02919
2860.40543,0.02925
2858.47663,0.02935
2856.54784,0.02932
2854.61904,0.02909
2852.69024,0.02896
2850.76145,0.02930
2848.83265,0.02985
2846.90385,0.03003
2844.97506,0.03001
2843.04626,0.03025
2841.11746,0.03056
2839.18867,0.03065
2837.25987,0.03053
2835.33107,0.03047
2833.40228,0.03060
2831.47348,0.03072
2829.54468,0.03085
2827.61589,0.03118
2825.68709,0.03165
2823.75829,0.03199
2821.82950,0.03207
2819.90070,0.03197
2817.97190,0.03178
2816.04311,0.03172
2814.11431,0.03184
2812.18551,0.03194
2810.25672,0.03192
2808.32792,0.03188
2806.39912,0.03183
2804.47033,0.03169
2802.54153,0.03149
2800.61273,0.03138
2798.68394,0.03143
2796.75514,0.03147
2794.82634,0.03127
2792.89755,0.03081
2790.96875,0.03036
2789.03995,0.03025
2787.11116,0.03033
2785.18236,0.03017
2783.25356,0.02987
2781.32477,0.02976
2779.39597,0.02983
2777.46717,0.02981
2775.53838,0.02953
2773.60958,0.02917
2771.68078,0.02904
2769.75199,0.02918
2767.82319,0.02939
2765.89439,0.02953
2763.96560,0.02951
2762.03680,0.02937
2760.10800,0.02922
2758.17921,0.02906
2756.25041,0.02895
2754.32161,0.02891
2752.39282,0.02883
2750.46402,0.02876
2748.53522,0.02889
2746.60643,0.02907
2744.67763,0.02900
2742.74883,0.02874
2740.82004,0.02849
2738.89124,0.02833
2736.96244,0.02845
2735.03365,0.02884
2733.10485,0.02902
2731.17605,0.02886
2729.24726,0.02877
2727.31846,0.02902
2725.38967,0.02927
2723.46087,0.02915
2721.53207,0.02890
2719.60328,0.02884
2717.67448,0.02889
2715.74568,0.02902
2713.81689,0.02914
2711.88809,0.02911
2709.95929,0.02897
2708.03050,0.02874
2706.10170,0.02858
2704.17290,0.02863
2702.24411,0.02869
2700.31531,0.02867
2698.38651,0.02871
2696.45772,0.02879
2694.52892,0.02891
2692.60012,0.02905
2690.67133,0.02905
2688.74253,0.02897
2686.81373,0.02899
2684.88494,0.02905
2682.95614,0.02908
2681.02734,0.02907
2679.09855,0.02911
2677.16975,0.02925
2675.24095,0.02929
2673.31216,0.02911
2671.38336,0.02888
2669.45456,0.02884
2667.52577,0.02895
2665.59697,0.02901
2663.66817,0.02903
2661.73938,0.02903
2659.81058,0.02899
2657.88178,0.02904
2655.95299,0.02916
2654.02419,0.02919
2652.09539,0.02908
2650.16660,0.02888
2648.23780,0.02885
2646.30900,0.02900
2644.38021,0.02910
2642.45141,0.02921
2640.52261,0.02937
2638.59382,0.02941
2636.66502,0.02940
2634.73622,0.02956
2632.80743,0.02997
2630.87863,0.03037
2628.94983,0.03040
2627.02104,0.03015
2625.09224,0.03003
2623.16344,0.03008
2621.23465,0.03020
2619.30585,0.03042
2617.37705,0.03051
2615.44826,0.03023
2613.51946,0.02981
2611.59066,0.02969
2609.66187,0.02988
2607.73307,0.03015
2605.80427,0.03027
2603.87548,0.03031
2601.94668,0.03049
2600.01788,0.03067
2598.08909,0.03077
2596.16029,0.03091
2594.23149,0.03087
2592.30270,0.03070
2590.37390,0.03087
2588.44510,0.03103
2586.51631,0.03058
2584.58751,0.03017
2582.65871,0.03033
2580.72992,0.03048
2578.80112,0.03041
2576.87232,0.03052
2574.94353,0.03078
2573.01473,0.03106
2571.08593,0.03135
2569.15714,0.03135
2567.22834,0.03102
2565.29954,0.03068
2563.37075,0.03049
2561.44195,0.03044
2559.51315,0.03049
2557.58436,0.03050
2555.65556,0.03049
2553.72676,0.03053
2551.79797,0.03048
2549.86917,0.03038
2547.94037,0.03041
2546.01158,0.03048
2544.08278,0.03050
2542.15398,0.03041
2540.22519,0.03011
2538.29639,0.02976
2536.36759,0.02951
2534.43880,0.02957
2532.51000,0.03000
2530.58120,0.03034
2528.65241,0.03021
2526.72361,0.02986
2524.79481,0.02973
2522.86602,0.02975
2520.93722,0.02972
2519.00842,0.02979
2517.07963,0.03000
2515.15083,0.03021
2513.22203,0.03024
2511.29324,0.02984
2509.36444,0.02913
2507.43564,0.02889
2505.50685,0.02923
2503.57805,0.02936
2501.64925,0.02926
2499.72046,0.02949
2497.79166,0.02983
2495.86286,0.02976
2493.93407,0.02942
2492.00527,0.02912
2490.07647,0.02902
2488.14768,0.02922
2486.21888,0.02959
2484.29008,0.02975
2482.36129,0.02972
2480.43249,0.02962
2478.50369,0.02952
2476.57490,0.02951
2474.64610,0.02931
2472.71730,0.02890
2470.78851,0.02873
2468.85971,0.02878
2466.93091,0.02887
2465.00212,0.02921
2463.07332,0.02949
2461.14452,0.02934
2459.21573,0.02915
2457.28693,0.02911
2455.35813,0.02901
2453.42934,0.02890
2451.50054,0.02896
2449.57174,0.02898
2447.64295,0.02873
2445.71415,0.02847
2443.78535,0.02840
2441.85656,0.02830
2439.92776,0.02806
2437.99896,0.02779
2436.07017,0.02760
2434.14137,0.02758
2432.21257,0.02772
2430.28378,0.02786
2428.35498,0.02797
2426.42618,0.02807
2424.49739,0.02813
2422.56859,0.02805
2420.63979,0.02778
2418.71100,0.02736
2416.78220,0.02696
2414.85340,0.02672
2412.92461,0.02659
2410.99581,0.02645
2409.06701,0.02645
2407.13822,0.02671
2405.20942,0.02689
2403.28062,0.02672
2401.35183,0.02624
2399.42303,0.02551
2397.49423,0.02489
2395.56544,0.02481
2393.63664,0.02511
2391.70784,0.02544
2389.77905,0.02616
2387.85025,0.02841
2385.92145,0.03337
2383.99266,0.04168
2382.06386,0.05340
2380.13506,0.06792
2378.20627,0.08399
2376.27747,0.10055
2374.34867,0.11768
2372.41988,0.13568
2370.49108,0.15384
2368.56228,0.17102
2366.63349,0.18666
2364.70469,0.19971
2362.77589,0.20838
2360.84710,0.21187
2358.91830,0.20957
2356.98951,0.20025
2355.06071,0.18398
2353.13191,0.16237
2351.20312,0.14058
2349.27432,0.12897
2347.34552,0.13390
2345.41673,0.14970
2343.48793,0.16116
2341.55913,0.16284
2339.63034,0.16003
2337.70154,0.15599
2335.77274,0.15249
2333.84395,0.15126
2331.91515,0.15136
2329.98635,0.14881
2328.05756,0.14292
2326.12876,0.13747
2324.19996,0.13395
2322.27117,0.12948
2320.34237,0.12112
2318.41357,0.11013
2316.48478,0.10068
2314.55598,0.09498
2312.62718,0.09106
2310.69839,0.08598
2308.76959,0.07925
2306.84079,0.07193
2304.91200,0.06496
2302.98320,0.05916
2301.05440,0.05483
2299.12561,0.05128
2297.19681,0.04795
2295.26801,0.04493
2293.33922,0.04221
2291.41042,0.03954
2289.48162,0.03701
2287.55283,0.03478
2285.62403,0.03296
2283.69523,0.03190
2281.76644,0.03160
2279.83764,0.03170
2277.90884,0.03231
2275.98005,0.03337
2274.05125,0.03409
2272.12245,0.03410
2270.19366,0.03420
2268.26486,0.03496
2266.33606,0.03602
2264.40727,0.03679
2262.47847,0.03696
2260.54967,0.03655
2258.62088,0.03610
2256.69208,0.03620
2254.76328,0.03645
2252.83449,0.03612
2250.90569,0.03567
2248.97689,0.03569
2247.04810,0.03576
2245.11930,0.03557
2243.19050,0.03544
2241.26171,0.03556
2239.33291,0.03596
2237.40411,0.03665
2235.47532,0.03720
2233.54652,0.03703
2231.61772,0.03644
2229.68893,0.03649
2227.76013,0.03708
2225.83133,0.03722
2223.90254,0.03728
2221.97374,0.03793
2220.04494,0.03891
2218.11615,0.03983
2216.18735,0.04031
2214.25855,0.04018
2212.32976,0.03976
2210.40096,0.04013
2208.47216,0.04170
2206.54337,0.04260
2204.61457,0.04211
2202.68577,0.04176
2200.75698,0.04224
2198.82818,0.04279
2196.89938,0.04221
2194.97059,0.04152
2193.04179,0.04292
2191.11299,0.04511
2189.18420,0.04627
2187.25540,0.04666
2185.32660,0.04572
2183.39781,0.04413
2181.46901,0.04457
2179.54021,0.04668
2177.61142,0.04772
2175.68262,0.04739
2173.75382,0.04743
2171.82503,0.04895
2169.89623,0.05099
2167.96743,0.05168
2166.03864,0.05127
2164.10984,0.05206
2162.18104,0.05430
2160.25225,0.05621
2158.32345,0.05747
2156.39465,0.05689
2154.46586,0.05307
2152.53706,0.04872
2150.60826,0.04610
2148.67947,0.04423
2146.75067,0.04205
2144.82187,0.03965
2142.89308,0.03696
2140.96428,0.03464
2139.03548,0.03350
2137.10669,0.03233
2135.17789,0.03032
2133.24909,0.02860
2131.32030,0.02773
2129.39150,0.02711
2127.46270,0.02625
2125.53391,0.02532
2123.60511,0.02442
2121.67631,0.02357
2119.74752,0.02298
2117.81872,0.02293
2115.88992,0.02350
2113.96113,0.02422
2112.03233,0.02463
2110.10353,0.02473
2108.17474,0.02464
2106.24594,0.02441
2104.31714,0.02440
2102.38835,0.02486
2100.45955,0.02521
2098.53075,0.02492
2096.60196,0.02417
2094.67316,0.02338
2092.74436,0.02299
2090.81557,0.02294
2088.88677,0.02293
2086.95797,0.02308
2085.02918,0.02354
2083.10038,0.02396
2081.17158,0.02413
2079.24279,0.02414
2077.31399,0.02420
2075.38519,0.02443
2073.45640,0.02492
2071.52760,0.02586
2069.59880,0.02681
2067.67001,0.02735
2065.74121,0.02761
2063.81241,0.02753
2061.88362,0.02716
2059.95482,0.02676
2058.02602,0.02670
2056.09723,0.02723
2054.16843,0.02822
2052.23963,0.02900
2050.31084,0.02937
2048.38204,0.03015
2046.45324,0.03189
2044.52445,0.03373
2042.59565,0.03440
2040.66685,0.03441
2038.73806,0.03431
2036.80926,0.03341
2034.88046,0.03332
2032.95167,0.03546
2031.02287,0.03716
2029.09407,0.03683
2027.16528,0.03607
2025.23648,0.03511
2023.30768,0.03365
2021.37889,0.03203
2019.45009,0.03052
2017.52129,0.03072
2015.59250,0.03263
2013.66370,0.03379
2011.73490,0.03374
2009.80611,0.03396
2007.87731,0.03379
2005.94851,0.03115
2004.01972,0.02814
2002.09092,0.02789
2000.16212,0.02903
1998.23333,0.02938
1996.30453,0.02901
1994.37574,0.02860
1992.44694,0.02907
1990.51814,0.03038
1988.58935,0.03093
1986.66055,0.03059
1984.73175,0.03013
1982.80296,0.02990
1980.87416,0.03028
1978.94536,0.03075
1977.01657,0.03042
1975.08777,0.03011
1973.15897,0.02983
1971.23018,0.02779
1969.30138,0.02548
1967.37258,0.02609
1965.44379,0.02818
1963.51499,0.02860
1961.58619,0.02742
1959.65740,0.02618
1957.72860,0.02523
1955.79980,0.02422
1953.87101,0.02343
1951.94221,0.02310
1950.01341,0.02267
1948.08462,0.02168
1946.15582,0.02085
1944.22702,0.02097
1942.29823,0.02126
1940.36943,0.02078
1938.44063,0.01972
1936.51184,0.01876
1934.58304,0.01834
1932.65424,0.01816
1930.72545,0.01785
1928.79665,0.01776
1926.86785,0.01808
1924.93906,0.01851
1923.01026,0.01871
1921.08146,0.01866
1919.15267,0.01860
1917.22387,0.01848
1915.29507,0.01824
1913.36628,0.01807
1911.43748,0.01810
1909.50868,0.01825
1907.57989,0.01818
1905.65109,0.01784
1903.72229,0.01763
1901.79350,0.01771
1899.86470,0.01775
1897.93590,0.01756
1896.00711,0.01734
1894.07831,0.01717
1892.14951,0.01707
1890.22072,0.01719
1888.29192,0.01734
1886.36312,0.01723
1884.43433,0.01707
1882.50553,0.01714
1880.57673,0.01724
1878.64794,0.01714
1876.71914,0.01700
1874.79034,0.01704
1872.86155,0.01718
1870.93275,0.01718
1869.00395,0.01698
1867.07516,0.01682
1865.14636,0.01679
1863.21756,0.01675
1861.28877,0.01661
1859.35997,0.01648
1857.43117,0.01646
1855.50238,0.01649
1853.57358,0.01653
1851.64478,0.01660
1849.71599,0.01664
1847.78719,0.01659
1845.85839,0.01638
1843.92960,0.01619
1842.00080,0.01625
1840.07200,0.01639
1838.14321,0.01635
1836.21441,0.01620
1834.28561,0.01611
1832.35682,0.01606
1830.42802,0.01595
1828.49922,0.01596
1826.57043,0.01614
1824.64163,0.01619
1822.71283,0.01609
1820.78404,0.01601
1818.85524,0.01604
1816.92644,0.01616
1814.99765,0.01621
1813.06885,0.01615
1811.14005,0.01608
1809.21126,0.01605
1807.28246,0.01601
1805.35366,0.01606
1803.42487,0.01618
1801.49607,0.01612
1799.56727,0.01592
1797.63848,0.01587
1795.70968,0.01591
1793.78088,0.01584
1791.85209,0.01577
1789.92329,0.01579
1787.99449,0.01588
1786.06570,0.01600
1784.13690,0.01601
1782.20810,0.01597
1780.27931,0.01592
1778.35051,0.01588
1776.42171,0.01575
1774.49292,0.01533
1772.56412,0.01489
1770.63532,0.01513
1768.70653,0.01574
1766.77773,0.01594
1764.84893,0.01583
1762.92014,0.01568
1760.99134,0.01561
1759.06254,0.01569
1757.13375,0.01570
1755.20495,0.01566
1753.27615,0.01566
1751.34736,0.01555
1749.41856,0.01524
1747.48976,0.01508
1745.56097,0.01516
1743.63217,0.01514
1741.70337,0.01483
1739.77458,0.01450
1737.84578,0.01451
1735.91698,0.01452
1733.98819,0.01439
1732.05939,0.01457
1730.13059,0.01491
1728.20180,0.01519
1726.27300,0.01541
1724.34420,0.01563
1722.41541,0.01584
1720.48661,0.01602
1718.55781,0.01625
1716.62902,0.01689
1714.70022,0.01812
1712.77142,0.01948
1710.84263,0.02092
1708.91383,0.02250
1706.98503,0.02462
1705.05624,0.02758
1703.12744,0.03084
1701.19864,0.03484
1699.26985,0.04040
1697.34105,0.04708
1695.41225,0.05556
1693.48346,0.06495
1691.55466,0.07438
1689.62586,0.08510
1687.69707,0.09627
1685.76827,0.10865
1683.83947,0.12537
1681.91068,0.14203
1679.98188,0.15581
1678.05308,0.16885
1676.12429,0.18269
1674.19549,0.19705
1672.26669,0.20932
1670.33790,0.22045
1668.40910,0.23145
1666.48030,0.23984
1664.55151,0.24581
1662.62271,0.25069
1660.69391,0.25425
1658.76512,0.25627
1656.83632,0.25706
1654.90752,0.25684
1652.97873,0.25663
1651.04993,0.25811
1649.12113,0.26057
1647.19234,0.26473
1645.26354,0.27179
1643.33474,0.28051
1641.40595,0.29088
1639.47715,0.30310
1637.54835,0.31782
1635.61956,0.33780
1633.69076,0.35933
1631.76197,0.37734
1629.83317,0.39390
1627.90437,0.40968
1625.97558,0.42254
1624.04678,0.43166
1622.11798,0.43716
1620.18919,0.43887
1618.26039,0.43748
1616.33159,0.43437
1614.40280,0.43206
1612.47400,0.43149
1610.54520,0.43266
1608.61641,0.43630
1606.68761,0.44246
1604.75881,0.45068
1602.83002,0.46039
1600.90122,0.47059
1598.97242,0.47992
1597.04363,0.48705
1595.11483,0.49102
1593.18603,0.49095
1591.25724,0.48649
1589.32844,0.47759
1587.39964,0.46473
1585.47085,0.44854
1583.54205,0.42958
1581.61325,0.40897
1579.68446,0.38822
1577.75566,0.36579
1575.82686,0.34027
1573.89807,0.31855
1571.96927,0.30084
1570.04047,0.28153
1568.11168,0.26264
1566.18288,0.24696
1564.25408,0.23310
1562.32529,0.22108
1560.39649,0.20794
1558.46769,0.19165
1556.53890,0.18030
1554.61010,0.17262
1552.68130,0.16497
1550.75251,0.15760
1548.82371,0.15071
1546.89491,0.14461
1544.96612,0.13883
1543.03732,0.13283
1541.10852,0.12665
1539.17973,0.12148
1537.25093,0.11862
1535.32213,0.11626
1533.39334,0.11320
1531.46454,0.11029
1529.53574,0.10800
1527.60695,0.10562
1525.67815,0.10299
1523.74935,0.10044
1521.82056,0.09807
1519.89176,0.09620
1517.96296,0.09483
1516.03417,0.09374
1514.10537,0.09294
1512.17657,0.09234
1510.24778,0.09173
1508.31898,0.09090
1506.39018,0.09044
1504.46139,0.09144
1502.53259,0.09314
1500.60379,0.09498
1498.67500,0.09736
1496.74620,0.10101
1494.81740,0.10563
1492.88861,0.11066
1490.95981,0.11697
1489.03101,0.12521
1487.10222,0.13459
1485.17342,0.14463
1483.24462,0.15564
1481.31583,0.16785
1479.38703,0.18070
1477.45823,0.19380
1475.52944,0.20730
1473.60064,0.22147
1471.67184,0.23571
1469.74305,0.24727
1467.81425,0.25593
1465.88545,0.26309
1463.95666,0.26838
1462.02786,0.27082
1460.09906,0.27043
1458.17027,0.26650
1456.24147,0.25860
1454.31267,0.24958
1452.38388,0.23994
1450.45508,0.22855
1448.52628,0.21545
1446.59749,0.20158
1444.66869,0.18846
1442.73989,0.17609
1440.81110,0.16460
1438.88230,0.15400
1436.95350,0.14291
1435.02471,0.13257
1433.09591,0.12464
1431.16711,0.11758
1429.23832,0.11074
1427.30952,0.10490
1425.38072,0.09992
1423.45193,0.09541
1421.52313,0.09149
1419.59433,0.08774
1417.66554,0.08415
1415.73674,0.08121
1413.80794,0.07866
1411.87915,0.07624
1409.95035,0.07401
1408.02155,0.07200
1406.09276,0.07010
1404.16396,0.06825
1402.23516,0.06663
1400.30637,0.06526
1398.37757,0.06400
1396.44877,0.06278
1394.51998,0.06151
1392.59118,0.06032
1390.66238,0.05939
1388.73359,0.05857
1386.80479,0.05762
1384.87599,0.05666
1382.94720,0.05589
1381.01840,0.05525
1379.08960,0.05462
1377.16081,0.05403
1375.23201,0.05348
1373.30321,0.05291
1371.37442,0.05235
1369.44562,0.05184
1367.51682,0.05141
1365.58803,0.05112
1363.65923,0.05090
1361.73043,0.05055
1359.80164,0.05007
1357.87284,0.04967
1355.94404,0.04935
1354.01525,0.04905
1352.08645,0.04874
1350.15765,0.04847
1348.22886,0.04825
1346.30006,0.04808
1344.37126,0.04795
1342.44247,0.04795
1340.51367,0.04806
1338.58487,0.04807
1336.65608,0.04793
1334.72728,0.04777
1332.79848,0.04768
1330.86969,0.04759
1328.94089,0.04744
1327.01209,0.04724
1325.08330,0.04698
1323.15450,0.04671
1321.22570,0.04648
1319.29691,0.04628
1317.36811,0.04608
1315.43931,0.04587
1313.51052,0.04569
1311.58172,0.04552
1309.65292,0.04537
1307.72413,0.04524
1305.79533,0.04511
1303.86653,0.04504
1301.93774,0.04501
1300.00894,0.04497
1298.08014,0.04493
1296.15135,0.04490
1294.22255,0.04489
1292.29375,0.04490
1290.36496,0.04491
1288.43616,0.04492
1286.50736,0.04493
1284.57857,0.04493
1282.64977,0.04492
1280.72097,0.04489
1278.79218,0.04487
1276.86338,0.04489
1274.93458,0.04493
1273.00579,0.04496
1271.07699,0.04497
1269.14820,0.04500
1267.21940,0.04504
1265.29060,0.04506
1263.36181,0.04504
1261.43301,0.04505
1259.50421,0.04510
1257.57542,0.04516
1255.64662,0.04521
1253.71782,0.04528
1251.78903,0.04541
1249.86023,0.04556
1247.93143,0.04569
1246.00264,0.04583
1244.07384,0.04595
1242.14504,0.04605
1240.21625,0.04616
1238.28745,0.04630
1236.35865,0.04645
1234.42986,0.04661
1232.50106,0.04679
1230.57226,0.04700
1228.64347,0.04721
1226.71467,0.04743
1224.78587,0.04767
1222.85708,0.04796
1220.92828,0.04829
1218.99948,0.04867
1217.07069,0.04906
1215.14189,0.04948
1213.21309,0.04996
1211.28430,0.05049
1209.35550,0.05108
1207.42670,0.05174
1205.49791,0.05249
1203.56911,0.05332
1201.64031,0.05428
1199.71152,0.05537
1197.78272,0.05660
1195.85392,0.05800
1193.92513,0.05958
1191.99633,0.06136
1190.06753,0.06336
1188.13874,0.06561
1186.20994,0.06816
1184.28114,0.07098
1182.35235,0.07413
1180.42355,0.07775
1178.49475,0.08181
1176.56596,0.08620
1174.63716,0.09085
1172.70836,0.09575
1170.77957,0.10082
1168.85077,0.10591
1166.92197,0.11084
1164.99318,0.11538
1163.06438,0.11931
1161.13558,0.12241
1159.20679,0.12442
1157.27799,0.12518
1155.34919,0.12464
1153.42040,0.12286
1151.49160,0.11995
1149.56280,0.11612
1147.63401,0.11159
1145.70521,0.10664
1143.77641,0.10153
1141.84762,0.09651
1139.91882,0.09172
1137.99002,0.08723
1136.06123,0.08309
1134.13243,0.07934
1132.20363,0.07603
1130.27484,0.07309
1128.34604,0.07047
1126.41724,0.06814
1124.48845,0.06611
1122.55965,0.06432
1120.63085,0.06274
1118.70206,0.06134
1116.77326,0.06010
1114.84446,0.05902
1112.91567,0.05811
1110.98687,0.05733
1109.05807,0.05664
1107.12928,0.05603
1105.20048,0.05552
1103.27168,0.05511
1101.34289,0.05477
1099.41409,0.05452
1097.48529,0.05438
1095.55650,0.05436
1093.62770,0.05444
1091.69890,0.05458
1089.77011,0.05480
1087.84131,0.05513
1085.91251,0.05556
1083.98372,0.05604
1082.05492,0.05655
1080.12612,0.05709
1078.19733,0.05767
1076.26853,0.05826
1074.33973,0.05880
1072.41094,0.05930
1070.48214,0.05974
1068.55334,0.06007
1066.62455,0.06026
1064.69575,0.06031
1062.76695,0.06023
1060.83816,0.06000
1058.90936,0.05964
1056.98056,0.05916
1055.05177,0.05855
1053.12297,0.05786
1051.19417,0.05715
1049.26538,0.05644
1047.33658,0.05579
1045.40778,0.05515
1043.47899,0.05452
1041.55019,0.05391
1039.62139,0.05329
1037.69260,0.05266
1035.76380,0.05207
1033.83500,0.05154
1031.90621,0.05104
1029.97741,0.05053
1028.04861,0.05001
1026.11982,0.04951
1024.19102,0.04906
1022.26222,0.04868
1020.33343,0.04836
1018.40463,0.04812
1016.47583,0.04796
1014.54704,0.04786
1012.61824,0.04775
1010.68944,0.04756
1008.76065,0.04722
1006.83185,0.04672
1004.90305,0.04606
1002.97426,0.04534
1001.04546,0.04468
999.11666,0.04413
997.18787,0.04367
995.25907,0.04332
993.33027,0.04303
991.40148,0.04272
989.47268,0.04239
987.54388,0.04207
985.61509,0.04174
983.68629,0.04139
981.75749,0.04102
979.82870,0.04065
977.89990,0.04027
975.97110,0.03986
974.04231,0.03945
972.11351,0.03905
970.18471,0.03863
968.25592,0.03820
966.32712,0.03779
964.39832,0.03742
962.46953,0.03703
960.54073,0.03662
958.61193,0.03621
956.68314,0.03580
954.75434,0.03540
952.82554,0.03500
950.89675,0.03462
948.96795,0.03422
947.03915,0.03381
945.11036,0.03341
943.18156,0.03304
941.25276,0.03266
939.32397,0.03226
937.39517,0.03186
935.46637,0.03148
933.53758,0.03110
931.60878,0.03070
929.67998,0.03027
927.75119,0.02982
925.82239,0.02937
923.89359,0.02891
921.96480,0.02840
920.03600,0.02790
918.10720,0.02741
916.17841,0.02692
914.24961,0.02645
912.32081,0.02598
910.39202,0.02553
908.46322,0.02511
906.53443,0.02470
904.60563,0.02429
902.67683,0.02388
900.74804,0.02350
898.81924,0.02316
896.89044,0.02279
894.96165,0.02236
893.03285,0.02187
891.10405,0.02137
889.17526,0.02090
887.24646,0.02047
885.31766,0.02005
883.38887,0.01962
881.46007,0.01918
879.53127,0.01873
877.60248,0.01827
875.67368,0.01783
873.74488,0.01741
871.81609,0.01701
869.88729,0.01665
867.95849,0.01630
866.02970,0.01591
864.10090,0.01552
862.17210,0.01516
860.24331,0.01482
858.31451,0.01448
856.38571,0.01415
854.45692,0.01387
852.52812,0.01365
850.59932,0.01343
848.67053,0.01318
846.74173,0.01296
844.81293,0.01281
842.88414,0.01266
840.95534,0.01246
839.02654,0.01229
837.09775,0.01216
835.16895,0.01203
833.24015,0.01189
831.31136,0.01177
829.38256,0.01173
827.45376,0.01175
825.52497,0.01175
823.59617,0.01176
821.66737,0.01183
819.73858,0.01186
817.80978,0.01182
815.88098,0.01190
813.95219,0.01214
812.02339,0.01241
810.09459,0.01269
808.16580,0.01306
806.23700,0.01340
804.30820,0.01372
802.37941,0.01429
800.45061,0.01509
798.52181,0.01598
796.59302,0.01705
794.66422,0.01828
792.73542,0.01954
790.80663,0.02068
788.87783,0.02167
786.94903,0.02249
785.02024,0.02304
783.09144,0.02302
781.16264,0.02223
779.23385,0.02103
777.30505,0.01980
775.37625,0.01845
773.44746,0.01705
771.51866,0.01605
769.58986,0.01549
767.66107,0.01513
765.73227,0.01493
763.80347,0.01472
761.87468,0.01430
759.94588,0.01387
758.01708,0.01361
756.08829,0.01341
754.15949,0.01327
752.23069,0.01328
750.30190,0.01340
748.37310,0.01343
