3496.90832,0.04278
3494.97953,0.04232
3493.05073,0.04147
3491.12193,0.04425
3489.19314,0.05099
3487.26434,0.05561
3485.33554,0.05320
3483.40675,0.04975
3481.47795,0.05255
3479.54915,0.05639
3477.62036,0.05428
3475.69156,0.05057
3473.76276,0.05164
3471.83397,0.05255
3469.90517,0.04807
3467.97637,0.04525
3466.04758,0.04963
3464.11878,0.05597
3462.18998,0.05697
3460.26119,0.05168
3458.33239,0.04533
3456.40359,0.04261
3454.47480,0.04211
3452.54600,0.03989
3450.61721,0.03818
3448.68841,0.04040
3446.75961,0.04332
3444.83082,0.04449
3442.90202,0.04640
3440.97322,0.04722
3439.04443,0.04283
3437.11563,0.03753
3435.18683,0.03714
3433.25804,0.03838
3431.32924,0.03625
3429.40044,0.03461
3427.47165,0.03603
3425.54285,0.03746
3423.61405,0.04072
3421.68526,0.04275
3419.75646,0.03844
3417.82766,0.03616
3415.89887,0.03632
3413.97007,0.02927
3412.04127,0.02050
3410.11248,0.02059
3408.18368,0.02566
3406.25488,0.02649
3404.32609,0.02478
3402.39729,0.02732
3400.46849,0.03128
3398.53970,0.02915
3396.61090,0.02153
3394.68210,0.01804
3392.75331,0.02341
3390.82451,0.03054
3388.89571,0.03459
3386.96692,0.03530
3385.03812,0.03049
3383.10932,0.02591
3381.18053,0.02857
3379.25173,0.03418
3377.32293,0.03579
3375.39414,0.03299
3373.46534,0.03404
3371.53654,0.03944
3369.60775,0.04111
3367.67895,0.04468
3365.75015,0.05255
3363.82136,0.05435
3361.89256,0.04919
3359.96376,0.03973
3358.03497,0.02838
3356.10617,0.02786
3354.17737,0.04083
3352.24858,0.05095
3350.31978,0.05110
3348.39098,0.04950
3346.46219,0.04949
3344.53339,0.04962
3342.60459,0.04907
3340.67580,0.04481
3338.74700,0.03855
3336.81820,0.03779
3334.88941,0.04169
3332.96061,0.04257
3331.03181,0.04143
3329.10302,0.04280
3327.17422,0.04013
3325.24542,0.03017
3323.31663,0.02335
3321.38783,0.02605
3319.45903,0.03265
3317.53024,0.03756
3315.60144,0.03810
3313.67264,0.03200
3311.74385,0.02454
3309.81505,0.02289
3307.88625,0.02542
3305.95746,0.02376
3304.02866,0.01485
3302.09986,0.00991
3300.17107,0.01185
3298.24227,0.00949
3296.31347,0.00548
3294.38468,0.00640
3292.45588,0.00779
3290.52708,0.00717
3288.59829,0.00898
3286.66949,0.01244
3284.74069,0.01065
3282.81190,0.00764
3280.88310,0.01015
3278.95430,0.01592
3277.02551,0.02194
3275.09671,0.02473
3273.16791,0.02353
3271.23912,0.02151
3269.31032,0.01745
3267.38152,0.01049
3265.45273,0.00470
3263.52393,0.00280
3261.59513,0.00554
3259.66634,0.01063
3257.73754,0.01361
3255.80874,0.01437
3253.87995,0.01357
3251.95115,0.01153
3250.02235,0.01070
3248.09356,0.01116
3246.16476,0.01365
3244.23596,0.01995
3242.30717,0.02256
3240.37837,0.01770
3238.44957,0.01793
3236.52078,0.02606
3234.59198,0.03072
3232.66318,0.02977
3230.73439,0.02777
3228.80559,0.02520
3226.87679,0.02175
3224.94800,0.01826
3223.01920,0.01703
3221.09040,0.02021
3219.16161,0.02481
3217.23281,0.03002
3215.30401,0.03915
3213.37522,0.04743
3211.44642,0.04877
3209.51762,0.04472
3207.58883,0.03927
3205.66003,0.03660
3203.73123,0.03490
3201.80244,0.03068
3199.87364,0.02769
3197.94484,0.02762
3196.01605,0.02649
3194.08725,0.02401
3192.15845,0.02519
3190.22966,0.03078
3188.30086,0.03411
3186.37206,0.03168
3184.44327,0.02871
3182.51447,0.02999
3180.58567,0.03374
3178.65688,0.03547
3176.72808,0.03267
3174.79928,0.02848
3172.87049,0.02658
3170.94169,0.02436
3169.01289,0.01988
3167.08410,0.01731
3165.15530,0.02035
3163.22650,0.02530
3161.29771,0.02512
3159.36891,0.01981
3157.44011,0.01682
3155.51132,0.01969
3153.58252,0.02355
3151.65372,0.02427
3149.72493,0.02258
3147.79613,0.01977
3145.86733,0.01762
3143.93854,0.01794
3142.00974,0.01974
3140.08094,0.02054
3138.15215,0.01960
3136.22335,0.01803
3134.29455,0.01706
3132.36576,0.01705
3130.43696,0.01764
3128.50816,0.01794
3126.57937,0.01812
3124.65057,0.01933
3122.72177,0.02115
3120.79298,0.02185
3118.86418,0.02127
3116.93538,0.02063
3115.00659,0.01922
3113.07779,0.01647
3111.14899,0.01507
3109.22020,0.01572
3107.29140,0.01690
3105.36260,0.01872
3103.43381,0.02019
3101.50501,0.01987
3099.57621,0.01829
3097.64742,0.01665
3095.71862,0.01608
3093.78982,0.01667
3091.86103,0.01695
3089.93223,0.01687
3088.00344,0.01794
3086.07464,0.01926
3084.14584,0.01913
3082.21705,0.01859
3080.28825,0.01790
3078.35945,0.01627
3076.43066,0.01517
3074.50186,0.01556
3072.57306,0.01599
3070.64427,0.01603
3068.71547,0.01610
3066.78667,0.01614
3064.85788,0.01643
3062.92908,0.01692
3061.00028,0.01695
3059.07149,0.01632
3057.14269,0.01584
3055.21389,0.01641
3053.28510,0.01735
3051.35630,0.01747
3049.42750,0.01687
3047.49871,0.01631
3045.56991,0.01630
3043.64111,0.01668
3041.71232,0.01705
3039.78352,0.01743
3037.85472,0.01811
3035.92593,0.01913
3033.99713,0.01986
3032.06833,0.01996
3030.13954,0.01973
3028.21074,0.01946
3026.28194,0.01927
3024.35315,0.01927
3022.42435,0.01957
3020.49555,0.01993
3018.56676,0.02001
3016.63796,0.02020
3014.70916,0.02081
3012.78037,0.02170
3010.85157,0.02268
3008.92277,0.02310
3006.99398,0.02256
3005.06518,0.02170
3003.13638,0.02111
3001.20759,0.02065
2999.27879,0.02017
2997.34999,0.01994
2995.42120,0.02056
2993.49240,0.02155
2991.56360,0.02177
2989.63481,0.02181
2987.70601,0.02207
2985.77721,0.02153
2983.84842,0.02081
2981.91962,0.02132
2979.99082,0.02239
2978.06203,0.02294
2976.13323,0.02300
2974.20443,0.02274
2972.27564,0.02254
2970.34684,0.02274
2968.41804,0.02285
2966.48925,0.02263
2964.56045,0.02251
2962.63165,0.02265
2960.70286,0.02298
2958.77406,0.02355
2956.84526,0.02400
2954.91647,0.02377
2952.98767,0.02319
2951.05887,0.02302
2949.13008,0.02332
2947.20128,0.02364
2945.27248,0.02360
2943.34369,0.02345
2941.41489,0.02349
2939.48609,0.02350
2937.55730,0.02352
2935.62850,0.02380
2933.69970,0.02406
2931.77091,0.02400
2929.84211,0.02381
2927.91331,0.02357
2925.98452,0.02330
2924.05572,0.02336
2922.12692,0.02401
2920.19813,0.02481
2918.26933,0.02539
2916.34053,0.02585
2914.41174,0.02596
2912.48294,0.02549
2910.55414,0.02497
2908.62535,0.02484
2906.69655,0.02481
2904.76775,0.02480
2902.83896,0.02480
2900.91016,0.02484
2898.98136,0.02523
2897.05257,0.02567
2895.12377,0.02564
2893.19497,0.02546
2891.26618,0.02562
2889.33738,0.02591
2887.40858,0.02585
2885.47979,0.02558
2883.55099,0.02561
2881.62219,0.02591
2879.69340,0.02601
2877.76460,0.02597
2875.83580,0.02612
2873.90701,0.02632
2871.97821,0.02639
2870.04941,0.02647
2868.12062,0.02672
2866.19182,0.02709
2864.26302,0.02741
2862.33423,0.02767
2860.40543,0.02796
2858.47663,0.02816
2856.54784,0.02808
2854.61904,0.02792
2852.69024,0.02795
2850.76145,0.02803
2848.83265,0.02808
2846.90385,0.02820
2844.97506,0.02851
2843.04626,0.02900
2841.11746,0.02945
2839.18867,0.02967
2837.25987,0.02972
2835.33107,0.02972
2833.40228,0.02968
2831.47348,0.02986
2829.54468,0.03040
2827.61589,0.03075
2825.68709,0.03059
2823.75829,0.03046
2821.82950,0.03073
2819.90070,0.03108
2817.97190,0.03115
2816.04311,0.03106
2814.11431,0.03105
2812.18551,0.03100
2810.25672,0.03070
2808.32792,0.03038
2806.39912,0.03050
2804.47033,0.03087
2802.54153,0.03089
2800.61273,0.03062
2798.68394,0.03039
2796.75514,0.03013
2794.82634,0.02974
2792.89755,0.02933
2790.96875,0.02917
2789.03995,0.02934
2787.11116,0.02957
2785.18236,0.02963
2783.25356,0.02955
2781.32477,0.02931
2779.39597,0.02897
2777.46717,0.02865
2775.53838,0.02833
2773.60958,0.02814
2771.68078,0.02824
2769.75199,0.02845
2767.82319,0.02852
2765.89439,0.02845
2763.96560,0.02831
2762.03680,0.02809
2760.10800,0.02789
2758.17921,0.02769
2756.25041,0.02743
2754.32161,0.02722
2752.39282,0.02705
2750.46402,0.02691
2748.53522,0.02703
2746.60643,0.02733
2744.67763,0.02760
2742.74883,0.02776
2740.82004,0.02780
2738.89124,0.02763
2736.96244,0.02751
2735.03365,0.02763
2733.10485,0.02777
2731.17605,0.02785
2729.24726,0.02787
2727.31846,0.02782
2725.38967,0.02778
2723.46087,0.02774
2721.53207,0.02774
2719.60328,0.02779
2717.67448,0.02780
2715.74568,0.02788
2713.81689,0.02811
2711.88809,0.02822
2709.95929,0.02809
2708.03050,0.02786
2706.10170,0.02768
2704.17290,0.02759
2702.24411,0.02771
2700.31531,0.02792
2698.38651,0.02793
2696.45772,0.02778
2694.52892,0.02776
2692.60012,0.02783
2690.67133,0.02773
2688.74253,0.02755
2686.81373,0.02754
2684.88494,0.02771
2682.95614,0.02794
2681.02734,0.02804
2679.09855,0.02804
2677.16975,0.02801
2675.24095,0.02798
2673.31216,0.02801
2671.38336,0.02803
2669.45456,0.02803
2667.52577,0.02801
2665.59697,0.02794
2663.66817,0.02786
2661.73938,0.02776
2659.81058,0.02760
2657.88178,0.02753
2655.95299,0.02757
2654.02419,0.02768
2652.09539,0.02785
2650.16660,0.02793
2648.23780,0.02787
2646.30900,0.02784
2644.38021,0.02791
2642.45141,0.02818
2640.52261,0.02846
2638.59382,0.02842
2636.66502,0.02833
2634.73622,0.02842
2632.80743,0.02854
2630.87863,0.02867
2628.94983,0.02880
2627.02104,0.02882
2625.09224,0.02886
2623.16344,0.02911
2621.23465,0.02956
2619.30585,0.02998
2617.37705,0.03003
2615.44826,0.02970
2613.51946,0.02950
2611.59066,0.02959
2609.66187,0.02959
2607.73307,0.02935
2605.80427,0.02903
2603.87548,0.02886
2601.94668,0.02901
2600.01788,0.02923
2598.08909,0.02928
2596.16029,0.02935
2594.23149,0.02948
2592.30270,0.02966
2590.37390,0.02997
2588.44510,0.03002
2586.51631,0.02947
2584.58751,0.02900
2582.65871,0.02907
2580.72992,0.02927
2578.80112,0.02946
2576.87232,0.02992
2574.94353,0.03045
2573.01473,0.03068
2571.08593,0.03073
2569.15714,0.03075
2567.22834,0.03064
2565.29954,0.03035
2563.37075,0.02985
2561.44195,0.02945
2559.51315,0.02953
2557.58436,0.02987
2555.65556,0.02988
2553.72676,0.02940
2551.79797,0.02897
2549.86917,0.02902
2547.94037,0.02935
2546.01158,0.02971
2544.08278,0.03006
2542.15398,0.03019
2540.22519,0.03007
2538.29639,0.02998
2536.36759,0.02996
2534.43880,0.02992
2532.51000,0.02984
2530.58120,0.02963
2528.65241,0.02956
2526.72361,0.02962
2524.79481,0.02918
2522.86602,0.02836
2520.93722,0.02820
2519.00842,0.02867
2517.07963,0.02885
2515.15083,0.02888
2513.22203,0.02915
2511.29324,0.02928
2509.36444,0.02919
2507.43564,0.02922
2505.50685,0.02920
2503.57805,0.02875
2501.64925,0.02822
2499.72046,0.02804
2497.79166,0.02790
2495.86286,0.02778
2493.93407,0.02799
2492.00527,0.02815
2490.07647,0.02794
2488.14768,0.02795
2486.21888,0.02848
2484.29008,0.02893
2482.36129,0.02884
2480.43249,0.02857
2478.50369,0.02864
2476.57490,0.02896
2474.64610,0.02904
2472.71730,0.02870
2470.78851,0.02833
2468.85971,0.02807
2466.93091,0.02802
2465.00212,0.02841
2463.07332,0.02879
2461.14452,0.02855
2459.21573,0.02799
2457.28693,0.02756
2455.35813,0.02723
2453.42934,0.02710
2451.50054,0.02731
2449.57174,0.02743
2447.64295,0.02718
2445.71415,0.02699
2443.78535,0.02708
2441.85656,0.02732
2439.92776,0.02755
2437.99896,0.02757
2436.07017,0.02731
2434.14137,0.02699
2432.21257,0.02679
2430.28378,0.02664
2428.35498,0.02654
2426.42618,0.02658
2424.49739,0.02682
2422.56859,0.02699
2420.63979,0.02678
2418.71100,0.02630
2416.78220,0.02599
2414.85340,0.02595
2412.92461,0.02594
2410.99581,0.02584
2409.06701,0.02579
2407.13822,0.02587
2405.20942,0.02573
2403.28062,0.02517
2401.35183,0.02451
2399.42303,0.02390
2397.49423,0.02353
2395.56544,0.02356
2393.63664,0.02362
2391.70784,0.02364
2389.77905,0.02420
2387.85025,0.02602
2385.92145,0.02960
2383.99266,0.03537
2382.06386,0.04365
2380.13506,0.05409
2378.20627,0.06549
2376.27747,0.07698
2374.34867,0.08876
2372.41988,0.10113
2370.49108,0.11361
2368.56228,0.12533
2366.63349,0.13578
2364.70469,0.14439
2362.77589,0.15032
2360.84710,0.15329
2358.91830,0.15234
2356.98951,0.14578
2355.06071,0.13377
2353.13191,0.11810
2351.20312,0.10260
2349.27432,0.09447
2347.34552,0.09823
2345.41673,0.10945
2343.48793,0.11688
2341.55913,0.11741
2339.63034,0.11558
2337.70154,0.11317
2335.77274,0.11087
2333.84395,0.11024
2331.91515,0.11072
2329.98635,0.10912
2328.05756,0.10503
2326.12876,0.10132
2324.19996,0.09893
2322.27117,0.09586
2320.34237,0.09025
2318.41357,0.08297
2316.48478,0.07660
2314.55598,0.07265
2312.62718,0.06987
2310.69839,0.06630
2308.76959,0.06167
2306.84079,0.05657
2304.91200,0.05156
2302.98320,0.04758
2301.05440,0.04484
2299.12561,0.04235
2297.19681,0.03983
2295.26801,0.03782
2293.33922,0.03599
2291.41042,0.03387
2289.48162,0.03188
2287.55283,0.03036
2285.62403,0.02925
2283.69523,0.02857
2281.76644,0.02856
2279.83764,0.02942
2277.90884,0.03100
2275.98005,0.03226
2274.05125,0.03225
2272.12245,0.03165
2270.19366,0.03178
2268.26486,0.03254
2266.33606,0.03305
2264.40727,0.03309
2262.47847,0.03302
2260.54967,0.03314
2258.62088,0.03376
2256.69208,0.03484
2254.76328,0.03531
2252.83449,0.03430
2250.90569,0.03293
2248.97689,0.03273
2247.04810,0.03316
2245.11930,0.03335
2243.19050,0.03398
2241.26171,0.03538
2239.33291,0.03690
2237.40411,0.03762
2235.47532,0.03726
2233.54652,0.03667
2231.61772,0.03635
2229.68893,0.03653
2227.76013,0.03728
2225.83133,0.03782
2223.90254,0.03800
2221.97374,0.03836
2220.04494,0.03905
2218.11615,0.04007
2216.18735,0.04120
2214.25855,0.04170
2212.32976,0.04118
2210.40096,0.04126
2208.47216,0.04306
2206.54337,0.04402
2204.61457,0.04297
2202.68577,0.04297
2200.75698,0.04511
2198.82818,0.04702
2196.89938,0.04695
2194.97059,0.04581
2193.04179,0.04526
2191.11299,0.04522
2189.18420,0.04563
2187.25540,0.04645
2185.32660,0.04645
2183.39781,0.04623
2181.46901,0.04806
2179.54021,0.05102
2177.61142,0.05160
2175.68262,0.04970
2173.75382,0.04803
2171.82503,0.04808
2169.89623,0.05031
2167.96743,0.05334
2166.03864,0.05569
2164.10984,0.05787
2162.18104,0.05906
2160.25225,0.05919
2158.32345,0.06011
2156.39465,0.05893
2154.46586,0.05360
2152.53706,0.04818
2150.60826,0.04515
2148.67947,0.04259
2146.75067,0.03951
2144.82187,0.03781
2142.89308,0.03725
2140.96428,0.03570
2139.03548,0.03369
2137.10669,0.03202
2135.17789,0.03026
2133.24909,0.02877
2131.32030,0.02820
2129.39150,0.02789
2127.46270,0.02682
2125.53391,0.02542
2123.60511,0.02424
2121.67631,0.02287
2119.74752,0.02163
2117.81872,0.02167
2115.88992,0.02271
2113.96113,0.02319
2112.03233,0.02297
2110.10353,0.02299
2108.17474,0.02302
2106.24594,0.02274
2104.31714,0.02269
2102.38835,0.02302
2100.45955,0.02321
2098.53075,0.02312
2096.60196,0.02285
2094.67316,0.02245
2092.74436,0.02203
2090.81557,0.02157
2088.88677,0.02133
2086.95797,0.02190
2085.02918,0.02304
2083.10038,0.02404
2081.17158,0.02449
2079.24279,0.02437
2077.31399,0.02415
2075.38519,0.02424
2073.45640,0.02464
2071.52760,0.02548
2069.59880,0.02647
2067.67001,0.02687
2065.74121,0.02672
2063.81241,0.02680
2061.88362,0.02698
2059.95482,0.02666
2058.02602,0.02631
2056.09723,0.02662
2054.16843,0.02765
2052.23963,0.02873
2050.31084,0.02976
2048.38204,0.03112
2046.45324,0.03250
2044.52445,0.03393
2042.59565,0.03516
2040.66685,0.03554
2038.73806,0.03455
2036.80926,0.03326
2034.88046,0.03443
2032.95167,0.03753
2031.02287,0.03935
2029.09407,0.03891
2027.16528,0.03707
2025.23648,0.03598
2023.30768,0.03656
2021.37889,0.03600
2019.45009,0.03364
2017.52129,0.03302
2015.59250,0.03436
2013.66370,0.03514
2011.73490,0.03523
2009.80611,0.03521
2007.87731,0.03346
2005.94851,0.02900
2004.01972,0.02578
2002.09092,0.02714
2000.16212,0.02999
1998.23333,0.03025
1996.30453,0.02867
1994.37574,0.02775
1992.44694,0.02781
1990.51814,0.02816
1988.58935,0.02827
1986.66055,0.02799
1984.73175,0.02781
1982.80296,0.02836
1980.87416,0.02961
1978.94536,0.03035
1977.01657,0.03026
1975.08777,0.03030
1973.15897,0.03001
1971.23018,0.02917
1969.30138,0.02867
1967.37258,0.02827
1965.44379,0.02769
1963.51499,0.02686
1961.58619,0.02602
1959.65740,0.02600
1957.72860,0.02556
1955.79980,0.02323
1953.87101,0.02089
1951.94221,0.02064
1950.01341,0.02143
1948.08462,0.02157
1946.15582,0.02149
1944.22702,0.02184
1942.29823,0.02143
1940.36943,0.01985
1938.44063,0.01826
1936.51184,0.01740
1934.58304,0.01754
1932.65424,0.01794
1930.72545,0.01773
1928.79665,0.01743
1926.86785,0.01773
1924.93906,0.01853
1923.01026,0.01901
1921.08146,0.01906
1919.15267,0.01914
1917.22387,0.01867
1915.29507,0.01763
1913.36628,0.01718
1911.43748,0.01751
1909.50868,0.01770
1907.57989,0.01710
1905.65109,0.01619
1903.72229,0.01579
1901.79350,0.01588
1899.86470,0.01605
1897.93590,0.01634
1896.00711,0.01661
1894.07831,0.01651
1892.14951,0.01660
1890.22072,0.01704
1888.29192,0.01685
1886.36312,0.01612
1884.43433,0.01571
1882.50553,0.01560
1880.57673,0.01561
1878.64794,0.01564
1876.71914,0.01562
1874.79034,0.01565
1872.86155,0.01631
1870.93275,0.01791
1869.00395,0.01916
1867.07516,0.01851
1865.14636,0.01700
1863.21756,0.01605
1861.28877,0.01553
1859.35997,0.01519
1857.43117,0.01500
1855.50238,0.01494
1853.57358,0.01503
1851.64478,0.01527
1849.71599,0.01582
1847.78719,0.01678
1845.85839,0.01794
1843.92960,0.01802
1842.00080,0.01669
1840.07200,0.01569
1838.14321,0.01557
1836.21441,0.01554
1834.28561,0.01568
1832.35682,0.01675
1830.42802,0.01796
1828.49922,0.01801
1826.57043,0.01766
1824.64163,0.01723
1822.71283,0.01621
1820.78404,0.01539
1818.85524,0.01530
1816.92644,0.01535
1814.99765,0.01541
1813.06885,0.01589
1811.14005,0.01633
1809.21126,0.01605
1807.28246,0.01538
1805.35366,0.01532
1803.42487,0.01625
1801.49607,0.01723
1799.56727,0.01717
1797.63848,0.01669
1795.70968,0.01711
1793.78088,0.01842
1791.85209,0.01879
1789.92329,0.01725
1787.99449,0.01599
1786.06570,0.01606
1784.13690,0.01646
1782.20810,0.01674
1780.27931,0.01677
1778.35051,0.01652
1776.42171,0.01689
1774.49292,0.01835
1772.56412,0.01966
1770.63532,0.01944
1768.70653,0.01824
1766.77773,0.01676
1764.84893,0.01611
1762.92014,0.01664
1760.99134,0.01694
1759.06254,0.01677
1757.13375,0.01663
1755.20495,0.01648
1753.27615,0.01739
1751.34736,0.01945
1749.41856,0.02022
1747.48976,0.01912
1745.56097,0.01803
1743.63217,0.01763
1741.70337,0.01751
1739.77458,0.01721
1737.84578,0.01737
1735.91698,0.01910
1733.98819,0.02081
1732.05939,0.01968
1730.13059,0.01750
1728.20180,0.01582
1726.27300,0.01509
1724.34420,0.01545
1722.41541,0.01649
1720.48661,0.01896
1718.55781,0.02281
1716.62902,0.02482
1714.70022,0.02371
1712.77142,0.02229
1710.84263,0.02254
1708.91383,0.02488
1706.98503,0.02896
1705.05624,0.03344
1703.12744,0.03832
1701.19864,0.04550
1699.26985,0.05313
1697.34105,0.05922
1695.41225,0.06584
1693.48346,0.07301
1691.55466,0.08203
1689.62586,0.09437
1687.69707,0.10823
1685.76827,0.12496
1683.83947,0.14510
1681.91068,0.16028
1679.98188,0.17179
1678.05308,0.18487
1676.12429,0.20054
1674.19549,0.21646
1672.26669,0.22986
1670.33790,0.24238
1668.40910,0.25290
1666.48030,0.25956
1664.55151,0.26556
1662.62271,0.27126
1660.69391,0.27429
1658.76512,0.27577
1656.83632,0.27844
1654.90752,0.28334
1652.97873,0.28631
1651.04993,0.28476
1649.12113,0.28580
1647.19234,0.29060
1645.26354,0.29578
1643.33474,0.30167
1641.40595,0.31144
1639.47715,0.32552
1637.54835,0.34419
1635.61956,0.36717
1633.69076,0.38731
1631.76197,0.40358
1629.83317,0.42120
1627.90437,0.43964
1625.97558,0.45514
1624.04678,0.46656
1622.11798,0.47292
1620.18919,0.47512
1618.26039,0.47582
1616.33159,0.47404
1614.40280,0.47023
1612.47400,0.46813
1610.54520,0.46905
1608.61641,0.47285
1606.68761,0.47911
1604.75881,0.48771
1602.83002,0.49808
1600.90122,0.50894
1598.97242,0.51904
1597.04363,0.52730
1595.11483,0.53243
1593.18603,0.53316
1591.25724,0.52935
1589.32844,0.52104
1587.39964,0.50836
1585.47085,0.49192
1583.54205,0.47244
1581.61325,0.45131
1579.68446,0.43082
1577.75566,0.40935
1575.82686,0.38253
1573.89807,0.35733
1571.96927,0.33783
1570.04047,0.31761
1568.11168,0.29617
1566.18288,0.27752
1564.25408,0.26202
1562.32529,0.25116
1560.39649,0.24256
1558.46769,0.22728
1556.53890,0.20993
1554.61010,0.19693
1552.68130,0.18632
1550.75251,0.17727
1548.82371,0.16914
1546.89491,0.16311
1544.96612,0.15959
1543.03732,0.15687
1541.10852,0.15261
1539.17973,0.14425
1537.25093,0.13647
1535.32213,0.13249
1533.39334,0.12915
1531.46454,0.12463
1529.53574,0.12146
1527.60695,0.12008
1525.67815,0.11878
1523.74935,0.11770
1521.82056,0.11656
1519.89176,0.11412
1517.96296,0.11140
1516.03417,0.10847
1514.10537,0.10560
1512.17657,0.10486
1510.24778,0.10719
1508.31898,0.11085
1506.39018,0.11000
1504.46139,0.10493
1502.53259,0.10293
1500.60379,0.10484
1498.67500,0.10884
1496.74620,0.11279
1494.81740,0.11613
1492.88861,0.12141
1490.95981,0.13041
1489.03101,0.14048
1487.10222,0.14854
1485.17342,0.15668
1483.24462,0.16728
1481.31583,0.18036
1479.38703,0.19478
1477.45823,0.21055
1475.52944,0.22778
1473.60064,0.24517
1471.67184,0.25971
1469.74305,0.26964
1467.81425,0.27843
1465.88545,0.28782
1463.95666,0.29467
1462.02786,0.29804
1460.09906,0.30075
1458.17027,0.30140
1456.24147,0.29365
1454.31267,0.28068
1452.38388,0.26813
1450.45508,0.25562
1448.52628,0.24179
1446.59749,0.22612
1444.66869,0.21059
1442.73989,0.19634
1440.81110,0.18402
1438.88230,0.17404
1436.95350,0.16334
1435.02471,0.15089
1433.09591,0.14048
1431.16711,0.13223
1429.23832,0.12427
1427.30952,0.11716
1425.38072,0.11166
1423.45193,0.10713
1421.52313,0.10384
1419.59433,0.10122
1417.66554,0.09663
1415.73674,0.09083
1413.80794,0.08629
1411.87915,0.08312
1409.95035,0.08048
1408.02155,0.07839
1406.09276,0.07682
1404.16396,0.07483
1402.23516,0.07290
1400.30637,0.07223
1398.37757,0.07204
1396.44877,0.07116
1394.51998,0.06904
1392.59118,0.06615
1390.66238,0.06442
1388.73359,0.06418
1386.80479,0.06339
1384.87599,0.06137
1382.94720,0.05972
1381.01840,0.05901
1379.08960,0.05873
1377.16081,0.05885
1375.23201,0.05910
1373.30321,0.05834
1371.37442,0.05677
1369.44562,0.05563
1367.51682,0.05501
1365.58803,0.05517
1363.65923,0.05603
1361.73043,0.05577
1359.80164,0.05406
1357.87284,0.05265
1355.94404,0.05202
1354.01525,0.05158
1352.08645,0.05113
1350.15765,0.05078
1348.22886,0.05048
1346.30006,0.05021
1344.37126,0.05029
1342.44247,0.05127
1340.51367,0.05279
1338.58487,0.05319
1336.65608,0.05210
1334.72728,0.05089
1332.79848,0.05034
1330.86969,0.05018
1328.94089,0.05000
1327.01209,0.04971
1325.08330,0.04941
1323.15450,0.04922
1321.22570,0.04928
1319.29691,0.04938
1317.36811,0.04917
1315.43931,0.04878
1313.51052,0.04841
1311.58172,0.04794
1309.65292,0.04748
1307.72413,0.04718
1305.79533,0.04694
1303.86653,0.04676
1301.93774,0.04666
1300.00894,0.04665
1298.08014,0.04670
1296.15135,0.04671
1294.22255,0.04667
1292.29375,0.04669
1290.36496,0.04685
1288.43616,0.04699
1286.50736,0.04695
1284.57857,0.04686
1282.64977,0.04685
1280.72097,0.04688
1278.79218,0.04687
1276.86338,0.04683
1274.93458,0.04689
1273.00579,0.04706
1271.07699,0.04718
1269.14820,0.04715
1267.21940,0.04705
1265.29060,0.04697
1263.36181,0.04693
1261.43301,0.04694
1259.50421,0.04694
1257.57542,0.04688
1255.64662,0.04687
1253.71782,0.04695
1251.78903,0.04708
1249.86023,0.04723
1247.93143,0.04741
1246.00264,0.04763
1244.07384,0.04785
1242.14504,0.04801
1240.21625,0.04814
1238.28745,0.04828
1236.35865,0.04845
1234.42986,0.04866
1232.50106,0.04889
1230.57226,0.04913
1228.64347,0.04937
1226.71467,0.04963
1224.78587,0.04987
1222.85708,0.05013
1220.92828,0.05042
1218.99948,0.05078
1217.07069,0.05119
1215.14189,0.05166
1213.21309,0.05218
1211.28430,0.05275
1209.35550,0.05335
1207.42670,0.05403
1205.49791,0.05483
1203.56911,0.05575
1201.64031,0.05681
1199.71152,0.05803
1197.78272,0.05940
1195.85392,0.06093
1193.92513,0.06266
1191.99633,0.06467
1190.06753,0.06697
1188.13874,0.06955
1186.20994,0.07240
1184.28114,0.07555
1182.35235,0.07906
1180.42355,0.08303
1178.49475,0.08750
1176.56596,0.09232
1174.63716,0.09741
1172.70836,0.10274
1170.77957,0.10826
1168.85077,0.11381
1166.92197,0.11920
1164.99318,0.12419
1163.06438,0.12853
1161.13558,0.13192
1159.20679,0.13411
1157.27799,0.13495
1155.34919,0.13436
1153.42040,0.13242
1151.49160,0.12927
1149.56280,0.12511
1147.63401,0.12020
1145.70521,0.11485
1143.77641,0.10933
1141.84762,0.10391
1139.91882,0.09872
1137.99002,0.09382
1136.06123,0.08930
1134.13243,0.08521
1132.20363,0.08156
1130.27484,0.07832
1128.34604,0.07541
1126.41724,0.07282
1124.48845,0.07055
1122.55965,0.06856
1120.63085,0.06678
1118.70206,0.06521
1116.77326,0.06381
1114.84446,0.06257
1112.91567,0.06149
1110.98687,0.06055
1109.05807,0.05974
1107.12928,0.05906
1105.20048,0.05851
1103.27168,0.05802
1101.34289,0.05762
1099.41409,0.05735
1097.48529,0.05720
1095.55650,0.05718
1093.62770,0.05727
1091.69890,0.05747
1089.77011,0.05774
1087.84131,0.05810
1085.91251,0.05853
1083.98372,0.05901
1082.05492,0.05952
1080.12612,0.06007
1078.19733,0.06065
1076.26853,0.06122
1074.33973,0.06177
1072.41094,0.06226
1070.48214,0.06267
1068.55334,0.06296
1066.62455,0.06311
1064.69575,0.06313
1062.76695,0.06301
1060.83816,0.06274
1058.90936,0.06235
1056.98056,0.06184
1055.05177,0.06120
1053.12297,0.06048
1051.19417,0.05975
1049.26538,0.05903
1047.33658,0.05833
1045.40778,0.05766
1043.47899,0.05701
1041.55019,0.05637
1039.62139,0.05575
1037.69260,0.05515
1035.76380,0.05457
1033.83500,0.05401
1031.90621,0.05344
1029.97741,0.05285
1028.04861,0.05229
1026.11982,0.05176
1024.19102,0.05128
1022.26222,0.05087
1020.33343,0.05050
1018.40463,0.05021
1016.47583,0.05002
1014.54704,0.04987
1012.61824,0.04971
1010.68944,0.04945
1008.76065,0.04904
1006.83185,0.04847
1004.90305,0.04778
1002.97426,0.04704
1001.04546,0.04633
999.11666,0.04574
997.18787,0.04527
995.25907,0.04491
993.33027,0.04462
991.40148,0.04434
989.47268,0.04404
987.54388,0.04373
985.61509,0.04340
983.68629,0.04303
981.75749,0.04263
979.82870,0.04222
977.89990,0.04176
975.97110,0.04126
974.04231,0.04077
972.11351,0.04030
970.18471,0.03981
968.25592,0.03930
966.32712,0.03881
964.39832,0.03835
962.46953,0.03787
960.54073,0.03738
958.61193,0.03689
956.68314,0.03642
954.75434,0.03595
952.82554,0.03551
950.89675,0.03509
948.96795,0.03467
947.03915,0.03425
945.11036,0.03384
943.18156,0.03346
941.25276,0.03310
939.32397,0.03275
937.39517,0.03239
935.46637,0.03199
933.53758,0.03154
931.60878,0.03107
929.67998,0.03059
927.75119,0.03011
925.82239,0.02961
923.89359,0.02906
921.96480,0.02846
920.03600,0.02786
918.10720,0.02729
916.17841,0.02673
914.24961,0.02617
912.32081,0.02559
910.39202,0.02504
908.46322,0.02454
906.53443,0.02405
904.60563,0.02358
902.67683,0.02313
900.74804,0.02274
898.81924,0.02238
896.89044,0.02199
894.96165,0.02157
893.03285,0.02112
891.10405,0.02066
889.17526,0.02018
887.24646,0.01969
885.31766,0.01920
883.38887,0.01869
881.46007,0.01820
879.53127,0.01770
877.60248,0.01718
875.67368,0.01667
873.74488,0.01618
871.81609,0.01571
869.88729,0.01526
867.95849,0.01481
866.02970,0.01433
864.10090,0.01382
862.17210,0.01334
860.24331,0.01290
858.31451,0.01252
856.38571,0.01217
854.45692,0.01190
852.52812,0.01172
850.59932,0.01151
848.67053,0.01122
846.74173,0.01098
844.81293,0.01086
842.88414,0.01079
840.95534,0.01064
839.02654,0.01041
837.09775,0.01020
835.16895,0.01004
833.24015,0.00989
831.31136,0.00975
829.38256,0.00970
827.45376,0.00971
825.52497,0.00972
823.59617,0.00968
821.66737,0.00963
819.73858,0.00965
817.80978,0.00970
815.88098,0.00977
813.95219,0.00990
812.02339,0.01010
810.09459,0.01035
808.16580,0.01070
806.23700,0.01117
804.30820,0.01171
802.37941,0.01232
800.45061,0.01302
798.52181,0.01390
796.59302,0.01505
794.66422,0.01647
792.73542,0.01800
790.80663,0.01937
788.87783,0.02040
786.94903,0.02115
785.02024,0.02167
783.09144,0.02168
781.16264,0.02092
779.23385,0.01966
777.30505,0.01829
775.37625,0.01674
773.44746,0.01517
771.51866,0.01394
769.58986,0.01303
767.66107,0.01248
765.73227,0.01227
763.80347,0.01198
761.87468,0.01132
759.94588,0.01062
758.01708,0.01027
756.08829,0.01016
754.15949,0.01004
752.23069,0.00996
750.30190,0.00985
748.37310,0.00974
