3496.90832,0.04689
3494.97953,0.04259
3493.05073,0.03789
3491.12193,0.03920
3489.19314,0.04514
3487.26434,0.04841
3485.33554,0.04434
3483.40675,0.04209
3481.47795,0.04850
3479.54915,0.05512
3477.62036,0.05576
3475.69156,0.05514
3473.76276,0.05691
3471.83397,0.05733
3469.90517,0.05488
3467.97637,0.05341
3466.04758,0.05289
3464.11878,0.05201
3462.18998,0.05137
3460.26119,0.04832
3458.33239,0.04077
3456.40359,0.03370
3454.47480,0.03392
3452.54600,0.03850
3450.61721,0.03962
3448.68841,0.03836
3446.75961,0.04156
3444.83082,0.04520
3442.90202,0.03949
3440.97322,0.03034
3439.04443,0.02862
3437.11563,0.03096
3435.18683,0.03093
3433.25804,0.02984
3431.32924,0.02776
3429.40044,0.02544
3427.47165,0.02883
3425.54285,0.03879
3423.61405,0.04858
3421.68526,0.04877
3419.75646,0.03984
3417.82766,0.03633
3415.89887,0.04021
3413.97007,0.03824
3412.04127,0.02815
3410.11248,0.02087
3408.18368,0.02217
3406.25488,0.02577
3404.32609,0.02356
3402.39729,0.02069
3400.46849,0.02671
3398.53970,0.03386
3396.61090,0.02941
3394.68210,0.02148
3392.75331,0.02307
3390.82451,0.02835
3388.89571,0.02880
3386.96692,0.02610
3385.03812,0.02203
3383.10932,0.02002
3381.18053,0.02509
3379.25173,0.03393
3377.32293,0.03907
3375.39414,0.03619
3373.46534,0.03505
3371.53654,0.04594
3369.60775,0.05629
3367.67895,0.05700
3365.75015,0.05469
3363.82136,0.05190
3361.89256,0.04603
3359.96376,0.03748
3358.03497,0.03343
3356.10617,0.03881
3354.17737,0.04674
3352.24858,0.04825
3350.31978,0.04423
3348.39098,0.03970
3346.46219,0.03717
3344.53339,0.03966
3342.60459,0.04582
3340.67580,0.04763
3338.74700,0.04489
3336.81820,0.04462
3334.88941,0.04453
3332.96061,0.03815
3331.03181,0.03206
3329.10302,0.03480
3327.17422,0.03850
3325.24542,0.03374
3323.31663,0.02464
3321.38783,0.01886
3319.45903,0.02163
3317.53024,0.03071
3315.60144,0.03318
3313.67264,0.02652
3311.74385,0.02241
3309.81505,0.02497
3307.88625,0.03190
3305.95746,0.03755
3304.02866,0.03522
3302.09986,0.02768
3300.17107,0.02160
3298.24227,0.01857
3296.31347,0.01788
3294.38468,0.01770
3292.45588,0.01576
3290.52708,0.01319
3288.59829,0.01392
3286.66949,0.01633
3284.74069,0.01669
3282.81190,0.01643
3280.88310,0.01632
3278.95430,0.02059
3277.02551,0.02994
3275.09671,0.03312
3273.16791,0.02960
3271.23912,0.02855
3269.31032,0.02699
3267.38152,0.02001
3265.45273,0.01329
3263.52393,0.01128
3261.59513,0.01129
3259.66634,0.01140
3257.73754,0.01381
3255.80874,0.01903
3253.87995,0.02200
3251.95115,0.02046
3250.02235,0.01928
3248.09356,0.01971
3246.16476,0.01926
3244.23596,0.01949
3242.30717,0.02160
3240.37837,0.02420
3238.44957,0.02824
3236.52078,0.03303
3234.59198,0.03434
3232.66318,0.03168
3230.73439,0.02753
3228.80559,0.02240
3226.87679,0.01800
3224.94800,0.01783
3223.01920,0.02479
3221.09040,0.03643
3219.16161,0.04126
3217.23281,0.03787
3215.30401,0.03851
3213.37522,0.04165
3211.44642,0.04077
3209.51762,0.04018
3207.58883,0.03936
3205.66003,0.03650
3203.73123,0.03536
3201.80244,0.03627
3199.87364,0.03774
3197.94484,0.04046
3196.01605,0.04386
3194.08725,0.04373
3192.15845,0.03896
3190.22966,0.03711
3188.30086,0.04027
3186.37206,0.03877
3184.44327,0.03255
3182.51447,0.03096
3180.58567,0.03277
3178.65688,0.03315
3176.72808,0.03285
3174.79928,0.03134
3172.87049,0.02753
3170.94169,0.02348
3169.01289,0.02157
3167.08410,0.02212
3165.15530,0.02480
3163.22650,0.02860
3161.29771,0.03077
3159.36891,0.02852
3157.44011,0.02506
3155.51132,0.02559
3153.58252,0.02764
3151.65372,0.02707
3149.72493,0.02434
3147.79613,0.02227
3145.86733,0.02247
3143.93854,0.02309
3142.00974,0.02331
3140.08094,0.02359
3138.15215,0.02357
3136.22335,0.02332
3134.29455,0.02169
3132.36576,0.01897
3130.43696,0.01762
3128.50816,0.01681
3126.57937,0.01597
3124.65057,0.01752
3122.72177,0.02113
3120.79298,0.02420
3118.86418,0.02573
3116.93538,0.02562
3115.00659,0.02491
3113.07779,0.02457
3111.14899,0.02371
3109.22020,0.02195
3107.29140,0.02081
3105.36260,0.02086
3103.43381,0.02100
3101.50501,0.02108
3099.57621,0.02077
3097.64742,0.01910
3095.71862,0.01756
3093.78982,0.01772
3091.86103,0.01807
3089.93223,0.01767
3088.00344,0.01773
3086.07464,0.01859
3084.14584,0.01930
3082.21705,0.01956
3080.28825,0.01995
3078.35945,0.02025
3076.43066,0.01995
3074.50186,0.01978
3072.57306,0.02014
3070.64427,0.02005
3068.71547,0.01865
3066.78667,0.01713
3064.85788,0.01772
3062.92908,0.01960
3061.00028,0.02025
3059.07149,0.01999
3057.14269,0.02009
3055.21389,0.02052
3053.28510,0.02086
3051.35630,0.02093
3049.42750,0.02073
3047.49871,0.02014
3045.56991,0.01960
3043.64111,0.01997
3041.71232,0.02091
3039.78352,0.02137
3037.85472,0.02129
3035.92593,0.02118
3033.99713,0.02106
3032.06833,0.02100
3030.13954,0.02141
3028.21074,0.02213
3026.28194,0.02249
3024.35315,0.02242
3022.42435,0.02237
3020.49555,0.02224
3018.56676,0.02188
3016.63796,0.02185
3014.70916,0.02244
3012.78037,0.02309
3010.85157,0.02329
3008.92277,0.02299
3006.99398,0.02260
3005.06518,0.02245
3003.13638,0.02230
3001.20759,0.02232
2999.27879,0.02286
2997.34999,0.02327
2995.42120,0.02330
2993.49240,0.02344
2991.56360,0.02337
2989.63481,0.02304
2987.70601,0.02300
2985.77721,0.02305
2983.84842,0.02305
2981.91962,0.02346
2979.99082,0.02395
2978.06203,0.02416
2976.13323,0.02438
2974.20443,0.02418
2972.27564,0.02337
2970.34684,0.02301
2968.41804,0.02344
2966.48925,0.02396
2964.56045,0.02424
2962.63165,0.02440
2960.70286,0.02452
2958.77406,0.02482
2956.84526,0.02550
2954.91647,0.02600
2952.98767,0.02563
2951.05887,0.02508
2949.13008,0.02534
2947.20128,0.02588
2945.27248,0.02585
2943.34369,0.02561
2941.41489,0.02564
2939.48609,0.02595
2937.55730,0.02616
2935.62850,0.02592
2933.69970,0.02558
2931.77091,0.02554
2929.84211,0.02560
2927.91331,0.02551
2925.98452,0.02535
2924.05572,0.02538
2922.12692,0.02565
2920.19813,0.02610
2918.26933,0.02671
2916.34053,0.02739
2914.41174,0.02771
2912.48294,0.02729
2910.55414,0.02654
2908.62535,0.02611
2906.69655,0.02609
2904.76775,0.02621
2902.83896,0.02616
2900.91016,0.02591
2898.98136,0.02597
2897.05257,0.02646
2895.12377,0.02680
2893.19497,0.02704
2891.26618,0.02743
2889.33738,0.02756
2887.40858,0.02716
2885.47979,0.02669
2883.55099,0.02680
2881.62219,0.02746
2879.69340,0.02798
2877.76460,0.02800
2875.83580,0.02773
2873.90701,0.02729
2871.97821,0.02702
2870.04941,0.02728
2868.12062,0.02785
2866.19182,0.02831
2864.26302,0.02857
2862.33423,0.02867
2860.40543,0.02874
2858.47663,0.02884
2856.54784,0.02888
2854.61904,0.02886
2852.69024,0.02896
2850.76145,0.02927
2848.83265,0.02972
2846.90385,0.02996
2844.97506,0.02991
2843.04626,0.03001
2841.11746,0.03029
2839.18867,0.03041
2837.25987,0.03044
2835.33107,0.03066
2833.40228,0.03093
2831.47348,0.03097
2829.54468,0.03081
2827.61589,0.03068
2825.68709,0.03081
2823.75829,0.03121
2821.82950,0.03165
2819.90070,0.03192
2817.97190,0.03189
2816.04311,0.03162
2814.11431,0.03136
2812.18551,0.03125
2810.25672,0.03120
2808.32792,0.03108
2806.39912,0.03102
2804.47033,0.03116
2802.54153,0.03139
2800.61273,0.03148
2798.68394,0.03124
2796.75514,0.03081
2794.82634,0.03053
2792.89755,0.03042
2790.96875,0.03033
2789.03995,0.03023
2787.11116,0.03001
2785.18236,0.02980
2783.25356,0.02983
2781.32477,0.02993
2779.39597,0.02984
2777.46717,0.02958
2775.53838,0.02919
2773.60958,0.02886
2771.68078,0.02890
2769.75199,0.02916
2767.82319,0.02935
2765.89439,0.02938
2763.96560,0.02915
2762.03680,0.02871
2760.10800,0.02845
2758.17921,0.02848
2756.25041,0.02853
2754.32161,0.02840
2752.39282,0.02810
2750.46402,0.02793
2748.53522,0.02807
2746.60643,0.02839
2744.67763,0.02861
2742.74883,0.02858
2740.82004,0.02856
2738.89124,0.02865
2736.96244,0.02870
2735.03365,0.02871
2733.10485,0.02865
2731.17605,0.02850
2729.24726,0.02844
2727.31846,0.02856
2725.38967,0.02861
2723.46087,0.02850
2721.53207,0.02842
2719.60328,0.02849
2717.67448,0.02854
2715.74568,0.02851
2713.81689,0.02861
2711.88809,0.02877
2709.95929,0.02871
2708.03050,0.02851
2706.10170,0.02849
2704.17290,0.02860
2702.24411,0.02862
2700.31531,0.02859
2698.38651,0.02863
2696.45772,0.02861
2694.52892,0.02857
2692.60012,0.02862
2690.67133,0.02861
2688.74253,0.02857
2686.81373,0.02868
2684.88494,0.02886
2682.95614,0.02890
2681.02734,0.02875
2679.09855,0.02864
2677.16975,0.02873
2675.24095,0.02877
2673.31216,0.02860
2671.38336,0.02841
2669.45456,0.02835
2667.52577,0.02835
2665.59697,0.02834
2663.66817,0.02836
2661.73938,0.02843
2659.81058,0.02845
2657.88178,0.02841
2655.95299,0.02838
2654.02419,0.02840
2652.09539,0.02847
2650.16660,0.02852
2648.23780,0.02860
2646.30900,0.02879
2644.38021,0.02906
2642.45141,0.02933
2640.52261,0.02940
2638.59382,0.02918
2636.66502,0.02895
2634.73622,0.02891
2632.80743,0.02908
2630.87863,0.02933
2628.94983,0.02947
2627.02104,0.02952
2625.09224,0.02961
2623.16344,0.02978
2621.23465,0.02996
2619.30585,0.02998
2617.37705,0.02971
2615.44826,0.02943
2613.51946,0.02948
2611.59066,0.02974
2609.66187,0.02995
2607.73307,0.03002
2605.80427,0.02998
2603.87548,0.03010
2601.94668,0.03049
2600.01788,0.03078
2598.08909,0.03085
2596.16029,0.03093
2594.23149,0.03100
2592.30270,0.03108
2590.37390,0.03135
2588.44510,0.03151
2586.51631,0.03109
2584.58751,0.03038
2582.65871,0.02992
2580.72992,0.02975
2578.80112,0.02977
2576.87232,0.03013
2574.94353,0.03058
2573.01473,0.03066
2571.08593,0.03065
2569.15714,0.03074
2567.22834,0.03077
2565.29954,0.03084
2563.37075,0.03080
2561.44195,0.03057
2559.51315,0.03045
2557.58436,0.03043
2555.65556,0.03035
2553.72676,0.03022
2551.79797,0.02994
2549.86917,0.02980
2547.94037,0.03022
2546.01158,0.03072
2544.08278,0.03072
2542.15398,0.03041
2540.22519,0.03007
2538.29639,0.02998
2536.36759,0.03019
2534.43880,0.03033
2532.51000,0.03008
2530.58120,0.02979
2528.65241,0.02987
2526.72361,0.02989
2524.79481,0.02940
2522.86602,0.02885
2520.93722,0.02872
2519.00842,0.02882
2517.07963,0.02901
2515.15083,0.02941
2513.22203,0.02978
2511.29324,0.02961
2509.36444,0.02903
2507.43564,0.02888
2505.50685,0.02927
2503.57805,0.02953
2501.64925,0.02945
2499.72046,0.02940
2497.79166,0.02950
2495.86286,0.02945
2493.93407,0.02910
2492.00527,0.02853
2490.07647,0.02812
2488.14768,0.02820
2486.21888,0.02851
2484.29008,0.02874
2482.36129,0.02883
2480.43249,0.02875
2478.50369,0.02876
2476.57490,0.02883
2474.64610,0.02867
2472.71730,0.02848
2470.78851,0.02851
2468.85971,0.02842
2466.93091,0.02821
2465.00212,0.02842
2463.07332,0.02890
2461.14452,0.02890
2459.21573,0.02848
2457.28693,0.02842
2455.35813,0.02852
2453.42934,0.02812
2451.50054,0.02773
2449.57174,0.02787
2447.64295,0.02802
2445.71415,0.02789
2443.78535,0.02779
2441.85656,0.02779
2439.92776,0.02791
2437.99896,0.02807
2436.07017,0.02796
2434.14137,0.02769
2432.21257,0.02755
2430.28378,0.02738
2428.35498,0.02717
2426.42618,0.02716
2424.49739,0.02738
2422.56859,0.02746
2420.63979,0.02712
2418.71100,0.02656
2416.78220,0.02623
2414.85340,0.02626
2412.92461,0.02637
2410.99581,0.02631
2409.06701,0.02635
2407.13822,0.02655
2405.20942,0.02650
2403.28062,0.02612
2401.35183,0.02562
2399.42303,0.02503
2397.49423,0.02455
2395.56544,0.02442
2393.63664,0.02454
2391.70784,0.02489
2389.77905,0.02588
2387.85025,0.02829
2385.92145,0.03316
2383.99266,0.04128
2382.06386,0.05280
2380.13506,0.06718
2378.20627,0.08319
2376.27747,0.09987
2374.34867,0.11730
2372.41988,0.13547
2370.49108,0.15346
2368.56228,0.17031
2366.63349,0.18574
2364.70469,0.19894
2362.77589,0.20836
2360.84710,0.21268
2358.91830,0.21058
2356.98951,0.20104
2355.06071,0.18466
2353.13191,0.16296
2351.20312,0.14097
2349.27432,0.12915
2347.34552,0.13393
2345.41673,0.14951
2343.48793,0.16053
2341.55913,0.16204
2339.63034,0.15979
2337.70154,0.15650
2335.77274,0.15326
2333.84395,0.15166
2331.91515,0.15116
2329.98635,0.14835
2328.05756,0.14254
2326.12876,0.13706
2324.19996,0.13332
2322.27117,0.12865
2320.34237,0.12030
2318.41357,0.10958
2316.48478,0.10019
2314.55598,0.09414
2312.62718,0.08980
2310.69839,0.08460
2308.76959,0.07815
2306.84079,0.07118
2304.91200,0.06437
2302.98320,0.05868
2301.05440,0.05427
2299.12561,0.05028
2297.19681,0.04674
2295.26801,0.04393
2293.33922,0.04126
2291.41042,0.03845
2289.48162,0.03589
2287.55283,0.03359
2285.62403,0.03156
2283.69523,0.03046
2281.76644,0.03055
2279.83764,0.03128
2277.90884,0.03201
2275.98005,0.03240
2274.05125,0.03241
2272.12245,0.03254
2270.19366,0.03349
2268.26486,0.03492
2266.33606,0.03584
2264.40727,0.03602
2262.47847,0.03567
2260.54967,0.03488
2258.62088,0.03453
2256.69208,0.03536
2254.76328,0.03603
2252.83449,0.03524
2250.90569,0.03412
2248.97689,0.03398
2247.04810,0.03425
2245.11930,0.03440
2243.19050,0.03482
2241.26171,0.03560
2239.33291,0.03631
2237.40411,0.03654
2235.47532,0.03652
2233.54652,0.03658
2231.61772,0.03657
2229.68893,0.03694
2227.76013,0.03755
2225.83133,0.03727
2223.90254,0.03699
2221.97374,0.03842
2220.04494,0.04016
2218.11615,0.04032
2216.18735,0.03972
2214.25855,0.03946
2212.32976,0.03942
2210.40096,0.03986
2208.47216,0.04116
2206.54337,0.04206
2204.61457,0.04162
2202.68577,0.04156
2200.75698,0.04289
2198.82818,0.04414
2196.89938,0.04348
2194.97059,0.04138
2193.04179,0.04077
2191.11299,0.04258
2189.18420,0.04488
2187.25540,0.04575
2185.32660,0.04489
2183.39781,0.04414
2181.46901,0.04571
2179.54021,0.04898
2177.61142,0.05097
2175.68262,0.05044
2173.75382,0.04822
2171.82503,0.04648
2169.89623,0.04764
2167.96743,0.05017
2166.03864,0.05113
2164.10984,0.05179
2162.18104,0.05436
2160.25225,0.05691
2158.32345,0.05725
2156.39465,0.05636
2154.46586,0.05468
2152.53706,0.05225
2150.60826,0.04928
2148.67947,0.04557
2146.75067,0.04155
2144.82187,0.03849
2142.89308,0.03639
2140.96428,0.03424
2139.03548,0.03272
2137.10669,0.03212
2135.17789,0.03115
2133.24909,0.02944
2131.32030,0.02776
2129.39150,0.02640
2127.46270,0.02535
2125.53391,0.02473
2123.60511,0.02423
2121.67631,0.02367
2119.74752,0.02340
2117.81872,0.02334
2115.88992,0.02325
2113.96113,0.02306
2112.03233,0.02315
2110.10353,0.02378
2108.17474,0.02424
2106.24594,0.02413
2104.31714,0.02426
2102.38835,0.02501
2100.45955,0.02527
2098.53075,0.02436
2096.60196,0.02317
2094.67316,0.02251
2092.74436,0.02230
2090.81557,0.02235
2088.88677,0.02276
2086.95797,0.02340
2085.02918,0.02403
2083.10038,0.02465
2081.17158,0.02497
2079.24279,0.02456
2077.31399,0.02417
2075.38519,0.02453
2073.45640,0.02514
2071.52760,0.02547
2069.59880,0.02568
2067.67001,0.02609
2065.74121,0.02652
2063.81241,0.02651
2061.88362,0.02603
2059.95482,0.02550
2058.02602,0.02532
2056.09723,0.02551
2054.16843,0.02610
2052.23963,0.02714
2050.31084,0.02861
2048.38204,0.03065
2046.45324,0.03250
2044.52445,0.03367
2042.59565,0.03492
2040.66685,0.03618
2038.73806,0.03687
2036.80926,0.03688
2034.88046,0.03609
2032.95167,0.03471
2031.02287,0.03328
2029.09407,0.03252
2027.16528,0.03353
2025.23648,0.03527
2023.30768,0.03516
2021.37889,0.03335
2019.45009,0.03213
2017.52129,0.03275
2015.59250,0.03430
2013.66370,0.03525
2011.73490,0.03511
2009.80611,0.03425
2007.87731,0.03244
2005.94851,0.02981
2004.01972,0.02832
2002.09092,0.02869
2000.16212,0.02907
1998.23333,0.02882
1996.30453,0.02878
1994.37574,0.02849
1992.44694,0.02774
1990.51814,0.02729
1988.58935,0.02743
1986.66055,0.02852
1984.73175,0.02957
1982.80296,0.02930
1980.87416,0.02890
1978.94536,0.02876
1977.01657,0.02779
1975.08777,0.02658
1973.15897,0.02611
1971.23018,0.02614
1969.30138,0.02601
1967.37258,0.02590
1965.44379,0.02674
1963.51499,0.02748
1961.58619,0.02669
1959.65740,0.02526
1957.72860,0.02417
1955.79980,0.02347
1953.87101,0.02289
1951.94221,0.02219
1950.01341,0.02144
1948.08462,0.02069
1946.15582,0.02007
1944.22702,0.01973
1942.29823,0.01962
1940.36943,0.01953
1938.44063,0.01913
1936.51184,0.01865
1934.58304,0.01873
1932.65424,0.01875
1930.72545,0.01807
1928.79665,0.01745
1926.86785,0.01740
1924.93906,0.01740
1923.01026,0.01731
1921.08146,0.01734
1919.15267,0.01736
1917.22387,0.01725
1915.29507,0.01732
1913.36628,0.01760
1911.43748,0.01774
1909.50868,0.01754
1907.57989,0.01712
1905.65109,0.01677
1903.72229,0.01672
1901.79350,0.01679
1899.86470,0.01678
1897.93590,0.01670
1896.00711,0.01665
1894.07831,0.01666
1892.14951,0.01670
1890.22072,0.01667
1888.29192,0.01656
1886.36312,0.01642
1884.43433,0.01635
1882.50553,0.01645
1880.57673,0.01651
1878.64794,0.01629
1876.71914,0.01600
1874.79034,0.01584
1872.86155,0.01570
1870.93275,0.01545
1869.00395,0.01525
1867.07516,0.01538
1865.14636,0.01567
1863.21756,0.01580
1861.28877,0.01570
1859.35997,0.01563
1857.43117,0.01569
1855.50238,0.01575
1853.57358,0.01579
1851.64478,0.01581
1849.71599,0.01584
1847.78719,0.01579
1845.85839,0.01551
1843.92960,0.01522
1842.00080,0.01534
1840.07200,0.01564
1838.14321,0.01570
1836.21441,0.01553
1834.28561,0.01533
1832.35682,0.01510
1830.42802,0.01482
1828.49922,0.01481
1826.57043,0.01502
1824.64163,0.01509
1822.71283,0.01515
1820.78404,0.01524
1818.85524,0.01527
1816.92644,0.01530
1814.99765,0.01532
1813.06885,0.01523
1811.14005,0.01513
1809.21126,0.01514
1807.28246,0.01515
1805.35366,0.01511
1803.42487,0.01506
1801.49607,0.01494
1799.56727,0.01491
1797.63848,0.01503
1795.70968,0.01504
1793.78088,0.01475
1791.85209,0.01456
1789.92329,0.01476
1787.99449,0.01501
1786.06570,0.01506
1784.13690,0.01498
1782.20810,0.01492
1780.27931,0.01493
1778.35051,0.01497
1776.42171,0.01477
1774.49292,0.01408
1772.56412,0.01337
1770.63532,0.01357
1768.70653,0.01429
1766.77773,0.01466
1764.84893,0.01463
1762.92014,0.01445
1760.99134,0.01443
1759.06254,0.01458
1757.13375,0.01463
1755.20495,0.01466
1753.27615,0.01462
1751.34736,0.01432
1749.41856,0.01393
1747.48976,0.01393
1745.56097,0.01414
1743.63217,0.01408
1741.70337,0.01369
1739.77458,0.01339
1737.84578,0.01345
1735.91698,0.01323
1733.98819,0.01285
1732.05939,0.01313
1730.13059,0.01366
1728.20180,0.01404
1726.27300,0.01428
1724.34420,0.01448
1722.41541,0.01462
1720.48661,0.01456
1718.55781,0.01439
1716.62902,0.01494
1714.70022,0.01652
1712.77142,0.01828
1710.84263,0.01993
1708.91383,0.02150
1706.98503,0.02342
1705.05624,0.02618
1703.12744,0.02929
1701.19864,0.03318
1699.26985,0.03886
1697.34105,0.04585
1695.41225,0.05468
1693.48346,0.06442
1691.55466,0.07394
1689.62586,0.08451
1687.69707,0.09543
1685.76827,0.10743
1683.83947,0.12389
1681.91068,0.14082
1679.98188,0.15505
1678.05308,0.16831
1676.12429,0.18215
1674.19549,0.19652
1672.26669,0.20887
1670.33790,0.22006
1668.40910,0.23130
1666.48030,0.24000
1664.55151,0.24600
1662.62271,0.25079
1660.69391,0.25452
1658.76512,0.25675
1656.83632,0.25742
1654.90752,0.25682
1652.97873,0.25650
1651.04993,0.25819
1649.12113,0.26052
1647.19234,0.26450
1645.26354,0.27199
1643.33474,0.28131
1641.40595,0.29193
1639.47715,0.30402
1637.54835,0.31841
1635.61956,0.33821
1633.69076,0.35989
1631.76197,0.37806
1629.83317,0.39471
1627.90437,0.41051
1625.97558,0.42324
1624.04678,0.43230
1622.11798,0.43797
1620.18919,0.43995
1618.26039,0.43881
1616.33159,0.43603
1614.40280,0.43405
1612.47400,0.43354
1610.54520,0.43457
1608.61641,0.43814
1606.68761,0.44441
1604.75881,0.45281
1602.83002,0.46262
1600.90122,0.47280
1598.97242,0.48206
1597.04363,0.48916
1595.11483,0.49327
1593.18603,0.49348
1591.25724,0.48927
1589.32844,0.48048
1587.39964,0.46758
1585.47085,0.45131
1583.54205,0.43226
1581.61325,0.41152
1579.68446,0.39055
1577.75566,0.36777
1575.82686,0.34201
1573.89807,0.32020
1571.96927,0.30228
1570.04047,0.28268
1568.11168,0.26369
1566.18288,0.24800
1564.25408,0.23404
1562.32529,0.22164
1560.39649,0.20775
1558.46769,0.19113
1556.53890,0.18020
1554.61010,0.17290
1552.68130,0.16539
1550.75251,0.15797
1548.82371,0.15095
1546.89491,0.14462
1544.96612,0.13845
1543.03732,0.13201
1541.10852,0.12553
1539.17973,0.12053
1537.25093,0.11800
1535.32213,0.11566
1533.39334,0.11249
1531.46454,0.10964
1529.53574,0.10732
1527.60695,0.10472
1525.67815,0.10189
1523.74935,0.09917
1521.82056,0.09667
1519.89176,0.09484
1517.96296,0.09354
1516.03417,0.09258
1514.10537,0.09196
1512.17657,0.09133
1510.24778,0.09036
1508.31898,0.08910
1506.39018,0.08890
1504.46139,0.09074
1502.53259,0.09284
1500.60379,0.09461
1498.67500,0.09681
1496.74620,0.10051
1494.81740,0.10536
1492.88861,0.11039
1490.95981,0.11641
1489.03101,0.12454
1487.10222,0.13423
1485.17342,0.14462
1483.24462,0.15575
1481.31583,0.16798
1479.38703,0.18082
1477.45823,0.19380
1475.52944,0.20706
1473.60064,0.22115
1471.67184,0.23571
1469.74305,0.24774
1467.81425,0.25661
1465.88545,0.26380
1463.95666,0.26923
1462.02786,0.27177
1460.09906,0.27111
1458.17027,0.26676
1456.24147,0.25899
1454.31267,0.25045
1452.38388,0.24103
1450.45508,0.22963
1448.52628,0.21642
1446.59749,0.20251
1444.66869,0.18933
1442.73989,0.17684
1440.81110,0.16512
1438.88230,0.15417
1436.95350,0.14276
1435.02471,0.13242
1433.09591,0.12457
1431.16711,0.11744
1429.23832,0.11053
1427.30952,0.10469
1425.38072,0.09960
1423.45193,0.09494
1421.52313,0.09082
1419.59433,0.08685
1417.66554,0.08333
1415.73674,0.08070
1413.80794,0.07836
1411.87915,0.07601
1409.95035,0.07379
1408.02155,0.07176
1406.09276,0.06980
1404.16396,0.06794
1402.23516,0.06631
1400.30637,0.06477
1398.37757,0.06329
1396.44877,0.06198
1394.51998,0.06080
1392.59118,0.05983
1390.66238,0.05898
1388.73359,0.05804
1386.80479,0.05699
1384.87599,0.05609
1382.94720,0.05534
1381.01840,0.05467
1379.08960,0.05399
1377.16081,0.05328
1375.23201,0.05260
1373.30321,0.05203
1371.37442,0.05159
1369.44562,0.05117
1367.51682,0.05077
1365.58803,0.05040
1363.65923,0.05004
1361.73043,0.04971
1359.80164,0.04943
1357.87284,0.04917
1355.94404,0.04890
1354.01525,0.04864
1352.08645,0.04839
1350.15765,0.04815
1348.22886,0.04793
1346.30006,0.04771
1344.37126,0.04752
1342.44247,0.04736
1340.51367,0.04723
1338.58487,0.04715
1336.65608,0.04714
1334.72728,0.04715
1332.79848,0.04711
1330.86969,0.04701
1328.94089,0.04682
1327.01209,0.04657
1325.08330,0.04628
1323.15450,0.04600
1321.22570,0.04574
1319.29691,0.04551
1317.36811,0.04534
1315.43931,0.04519
1313.51052,0.04505
1311.58172,0.04495
1309.65292,0.04487
1307.72413,0.04478
1305.79533,0.04471
1303.86653,0.04468
1301.93774,0.04466
1300.00894,0.04461
1298.08014,0.04454
1296.15135,0.04449
1294.22255,0.04445
1292.29375,0.04440
1290.36496,0.04435
1288.43616,0.04431
1286.50736,0.04430
1284.57857,0.04430
1282.64977,0.04429
1280.72097,0.04427
1278.79218,0.04424
1276.86338,0.04421
1274.93458,0.04420
1273.00579,0.04421
1271.07699,0.04426
1269.14820,0.04432
1267.21940,0.04440
1265.29060,0.04446
1263.36181,0.04448
1261.43301,0.04450
1259.50421,0.04456
1257.57542,0.04466
1255.64662,0.04475
1253.71782,0.04487
1251.78903,0.04502
1249.86023,0.04515
1247.93143,0.04528
1246.00264,0.04541
1244.07384,0.04552
1242.14504,0.04561
1240.21625,0.04568
1238.28745,0.04576
1236.35865,0.04585
1234.42986,0.04597
1232.50106,0.04613
1230.57226,0.04634
1228.64347,0.04657
1226.71467,0.04678
1224.78587,0.04700
1222.85708,0.04728
1220.92828,0.04762
1218.99948,0.04801
1217.07069,0.04843
1215.14189,0.04891
1213.21309,0.04945
1211.28430,0.05005
1209.35550,0.05067
1207.42670,0.05136
1205.49791,0.05214
1203.56911,0.05301
1201.64031,0.05398
1199.71152,0.05509
1197.78272,0.05633
1195.85392,0.05770
1193.92513,0.05925
1191.99633,0.06103
1190.06753,0.06303
1188.13874,0.06525
1186.20994,0.06776
1184.28114,0.07056
1182.35235,0.07371
1180.42355,0.07732
1178.49475,0.08141
1176.56596,0.08583
1174.63716,0.09051
1172.70836,0.09543
1170.77957,0.10054
1168.85077,0.10569
1166.92197,0.11070
1164.99318,0.11535
1163.06438,0.11941
1161.13558,0.12260
1159.20679,0.12466
1157.27799,0.12543
1155.34919,0.12490
1153.42040,0.12310
1151.49160,0.12016
1149.56280,0.11628
1147.63401,0.11171
1145.70521,0.10674
1143.77641,0.10159
1141.84762,0.09649
1139.91882,0.09162
1137.99002,0.08703
1136.06123,0.08280
1134.13243,0.07897
1132.20363,0.07557
1130.27484,0.07258
1128.34604,0.06993
1126.41724,0.06758
1124.48845,0.06554
1122.55965,0.06378
1120.63085,0.06223
1118.70206,0.06086
1116.77326,0.05965
1114.84446,0.05859
1112.91567,0.05768
1110.98687,0.05690
1109.05807,0.05623
1107.12928,0.05566
1105.20048,0.05518
1103.27168,0.05476
1101.34289,0.05442
1099.41409,0.05419
1097.48529,0.05404
1095.55650,0.05398
1093.62770,0.05399
1091.69890,0.05409
1089.77011,0.05429
1087.84131,0.05461
1085.91251,0.05500
1083.98372,0.05544
1082.05492,0.05592
1080.12612,0.05646
1078.19733,0.05705
1076.26853,0.05765
1074.33973,0.05821
1072.41094,0.05872
1070.48214,0.05917
1068.55334,0.05951
1066.62455,0.05974
1064.69575,0.05985
1062.76695,0.05979
1060.83816,0.05958
1058.90936,0.05923
1056.98056,0.05877
1055.05177,0.05819
1053.12297,0.05751
1051.19417,0.05680
1049.26538,0.05610
1047.33658,0.05543
1045.40778,0.05478
1043.47899,0.05412
1041.55019,0.05344
1039.62139,0.05275
1037.69260,0.05209
1035.76380,0.05146
1033.83500,0.05088
1031.90621,0.05034
1029.97741,0.04983
1028.04861,0.04933
1026.11982,0.04885
1024.19102,0.04840
1022.26222,0.04801
1020.33343,0.04769
1018.40463,0.04748
1016.47583,0.04736
1014.54704,0.04728
1012.61824,0.04720
1010.68944,0.04705
1008.76065,0.04674
1006.83185,0.04625
1004.90305,0.04562
1002.97426,0.04493
1001.04546,0.04427
999.11666,0.04369
997.18787,0.04319
995.25907,0.04280
993.33027,0.04247
991.40148,0.04213
989.47268,0.04176
987.54388,0.04138
985.61509,0.04101
983.68629,0.04063
981.75749,0.04025
979.82870,0.03987
977.89990,0.03948
975.97110,0.03908
974.04231,0.03867
972.11351,0.03827
970.18471,0.03788
968.25592,0.03750
966.32712,0.03714
964.39832,0.03682
962.46953,0.03647
960.54073,0.03606
958.61193,0.03565
956.68314,0.03525
954.75434,0.03488
952.82554,0.03451
950.89675,0.03412
948.96795,0.03373
947.03915,0.03331
945.11036,0.03288
943.18156,0.03244
941.25276,0.03201
939.32397,0.03158
937.39517,0.03115
935.46637,0.03073
933.53758,0.03032
931.60878,0.02991
929.67998,0.02948
927.75119,0.02903
925.82239,0.02858
923.89359,0.02812
921.96480,0.02762
920.03600,0.02713
918.10720,0.02667
916.17841,0.02623
914.24961,0.02577
912.32081,0.02531
910.39202,0.02488
908.46322,0.02450
906.53443,0.02413
904.60563,0.02374
902.67683,0.02335
900.74804,0.02294
898.81924,0.02251
896.89044,0.02209
894.96165,0.02165
893.03285,0.02114
891.10405,0.02059
889.17526,0.02008
887.24646,0.01961
885.31766,0.01912
883.38887,0.01862
881.46007,0.01816
879.53127,0.01774
877.60248,0.01733
875.67368,0.01693
873.74488,0.01652
871.81609,0.01609
869.88729,0.01569
867.95849,0.01535
866.02970,0.01502
864.10090,0.01472
862.17210,0.01442
860.24331,0.01413
858.31451,0.01384
856.38571,0.01354
854.45692,0.01324
852.52812,0.01300
850.59932,0.01271
848.67053,0.01236
846.74173,0.01209
844.81293,0.01198
842.88414,0.01188
840.95534,0.01169
839.02654,0.01146
837.09775,0.01123
835.16895,0.01102
833.24015,0.01083
831.31136,0.01067
829.38256,0.01059
827.45376,0.01058
825.52497,0.01059
823.59617,0.01061
821.66737,0.01072
819.73858,0.01087
817.80978,0.01098
815.88098,0.01110
813.95219,0.01133
812.02339,0.01161
810.09459,0.01185
808.16580,0.01211
806.23700,0.01248
804.30820,0.01306
802.37941,0.01380
800.45061,0.01453
798.52181,0.01528
796.59302,0.01630
794.66422,0.01754
792.73542,0.01873
790.80663,0.01980
788.87783,0.02074
786.94903,0.02143
785.02024,0.02180
783.09144,0.02171
781.16264,0.02104
779.23385,0.02004
777.30505,0.01890
775.37625,0.01762
773.44746,0.01636
771.51866,0.01537
769.58986,0.01465
767.66107,0.01413
765.73227,0.01382
763.80347,0.01359
761.87468,0.01332
759.94588,0.01304
758.01708,0.01288
756.08829,0.01290
754.15949,0.01297
752.23069,0.01299
750.30190,0.01293
748.37310,0.01272
