3496.90832,0.05152
3494.97953,0.05239
3493.05073,0.05234
3491.12193,0.05277
3489.19314,0.05785
3487.26434,0.06373
3485.33554,0.05749
3483.40675,0.04380
3481.47795,0.03657
3479.54915,0.03704
3477.62036,0.04317
3475.69156,0.05025
3473.76276,0.05081
3471.83397,0.04673
3469.90517,0.04441
3467.97637,0.04548
3466.04758,0.04681
3464.11878,0.04618
3462.18998,0.04398
3460.26119,0.04199
3458.33239,0.04111
3456.40359,0.03901
3454.47480,0.03509
3452.54600,0.03247
3450.61721,0.03305
3448.68841,0.03570
3446.75961,0.03932
3444.83082,0.04217
3442.90202,0.04104
3440.97322,0.03693
3439.04443,0.03419
3437.11563,0.03271
3435.18683,0.03032
3433.25804,0.02904
3431.32924,0.02838
3429.40044,0.02884
3427.47165,0.03544
3425.54285,0.04057
3423.61405,0.03795
3421.68526,0.03667
3419.75646,0.04142
3417.82766,0.04745
3415.89887,0.04562
3413.97007,0.03508
3412.04127,0.02761
3410.11248,0.02790
3408.18368,0.02954
3406.25488,0.02722
3404.32609,0.02323
3402.39729,0.02468
3400.46849,0.03161
3398.53970,0.03161
3396.61090,0.02151
3394.68210,0.01773
3392.75331,0.02496
3390.82451,0.03086
3388.89571,0.03370
3386.96692,0.03706
3385.03812,0.03585
3383.10932,0.03088
3381.18053,0.03323
3379.25173,0.04347
3377.32293,0.04868
3375.39414,0.04393
3373.46534,0.04008
3371.53654,0.04388
3369.60775,0.04947
3367.67895,0.05405
3365.75015,0.05554
3363.82136,0.04988
3361.89256,0.04323
3359.96376,0.04135
3358.03497,0.03988
3356.10617,0.03892
3354.17737,0.04387
3352.24858,0.05029
3350.31978,0.04993
3348.39098,0.04447
3346.46219,0.03981
3344.53339,0.04028
3342.60459,0.04741
3340.67580,0.05476
3338.74700,0.05137
3336.81820,0.03739
3334.88941,0.02711
3332.96061,0.02767
3331.03181,0.03383
3329.10302,0.04214
3327.17422,0.04593
3325.24542,0.03772
3323.31663,0.02484
3321.38783,0.02081
3319.45903,0.02743
3317.53024,0.03454
3315.60144,0.03307
3313.67264,0.02653
3311.74385,0.02490
3309.81505,0.02980
3307.88625,0.03622
3305.95746,0.03738
3304.02866,0.03122
3302.09986,0.02471
3300.17107,0.02170
3298.24227,0.01717
3296.31347,0.01019
3294.38468,0.00491
3292.45588,0.00339
3290.52708,0.00665
3288.59829,0.01215
3286.66949,0.01465
3284.74069,0.01443
3282.81190,0.01529
3280.88310,0.01686
3278.95430,0.01899
3277.02551,0.02338
3275.09671,0.02732
3273.16791,0.02852
3271.23912,0.02799
3269.31032,0.02391
3267.38152,0.01748
3265.45273,0.01462
3263.52393,0.01469
3261.59513,0.01421
3259.66634,0.01483
3257.73754,0.01813
3255.80874,0.02122
3253.87995,0.02106
3251.95115,0.01935
3250.02235,0.01796
3248.09356,0.01502
3246.16476,0.01252
3244.23596,0.01674
3242.30717,0.02303
3240.37837,0.02189
3238.44957,0.01655
3236.52078,0.01576
3234.59198,0.02088
3232.66318,0.02621
3230.73439,0.02901
3228.80559,0.02948
3226.87679,0.02456
3224.94800,0.01858
3223.01920,0.01889
3221.09040,0.02235
3219.16161,0.02681
3217.23281,0.03518
3215.30401,0.04278
3213.37522,0.04223
3211.44642,0.03862
3209.51762,0.03956
3207.58883,0.04231
3205.66003,0.04200
3203.73123,0.03926
3201.80244,0.03641
3199.87364,0.03303
3197.94484,0.03063
3196.01605,0.03220
3194.08725,0.03529
3192.15845,0.03579
3190.22966,0.03552
3188.30086,0.03669
3186.37206,0.03610
3184.44327,0.03369
3182.51447,0.03235
3180.58567,0.03097
3178.65688,0.02934
3176.72808,0.02775
3174.79928,0.02514
3172.87049,0.02296
3170.94169,0.02205
3169.01289,0.02111
3167.08410,0.02105
3165.15530,0.02343
3163.22650,0.02632
3161.29771,0.02652
3159.36891,0.02344
3157.44011,0.02132
3155.51132,0.02356
3153.58252,0.02628
3151.65372,0.02536
3149.72493,0.02214
3147.79613,0.01980
3145.86733,0.01963
3143.93854,0.02097
3142.00974,0.02290
3140.08094,0.02417
3138.15215,0.02441
3136.22335,0.02351
3134.29455,0.02083
3132.36576,0.01864
3130.43696,0.01918
3128.50816,0.02035
3126.57937,0.02057
3124.65057,0.02037
3122.72177,0.02030
3120.79298,0.02181
3118.86418,0.02432
3116.93538,0.02499
3115.00659,0.02306
3113.07779,0.02007
3111.14899,0.01848
3109.22020,0.01889
3107.29140,0.01894
3105.36260,0.01814
3103.43381,0.01828
3101.50501,0.01908
3099.57621,0.01863
3097.64742,0.01676
3095.71862,0.01546
3093.78982,0.01607
3091.86103,0.01690
3089.93223,0.01679
3088.00344,0.01740
3086.07464,0.01888
3084.14584,0.01972
3082.21705,0.01982
3080.28825,0.01969
3078.35945,0.01956
3076.43066,0.01971
3074.50186,0.02019
3072.57306,0.02082
3070.64427,0.02114
3068.71547,0.02048
3066.78667,0.01908
3064.85788,0.01808
3062.92908,0.01845
3061.00028,0.01989
3059.07149,0.02067
3057.14269,0.02023
3055.21389,0.02024
3053.28510,0.02101
3051.35630,0.02078
3049.42750,0.01926
3047.49871,0.01803
3045.56991,0.01813
3043.64111,0.01920
3041.71232,0.02067
3039.78352,0.02183
3037.85472,0.02202
3035.92593,0.02199
3033.99713,0.02270
3032.06833,0.02378
3030.13954,0.02444
3028.21074,0.02435
3026.28194,0.02384
3024.35315,0.02352
3022.42435,0.02358
3020.49555,0.02361
3018.56676,0.02355
3016.63796,0.02384
3014.70916,0.02408
3012.78037,0.02391
3010.85157,0.02375
3008.92277,0.02383
3006.99398,0.02413
3005.06518,0.02455
3003.13638,0.02465
3001.20759,0.02426
2999.27879,0.02378
2997.34999,0.02357
2995.42120,0.02388
2993.49240,0.02457
2991.56360,0.02486
2989.63481,0.02475
2987.70601,0.02470
2985.77721,0.02475
2983.84842,0.02517
2981.91962,0.02563
2979.99082,0.02506
2978.06203,0.02424
2976.13323,0.02465
2974.20443,0.02562
2972.27564,0.02605
2970.34684,0.02601
2968.41804,0.02582
2966.48925,0.02579
2964.56045,0.02578
2962.63165,0.02548
2960.70286,0.02538
2958.77406,0.02579
2956.84526,0.02637
2954.91647,0.02665
2952.98767,0.02644
2951.05887,0.02610
2949.13008,0.02626
2947.20128,0.02686
2945.27248,0.02715
2943.34369,0.02670
2941.41489,0.02616
2939.48609,0.02618
2937.55730,0.02632
2935.62850,0.02631
2933.69970,0.02644
2931.77091,0.02664
2929.84211,0.02674
2927.91331,0.02667
2925.98452,0.02665
2924.05572,0.02686
2922.12692,0.02713
2920.19813,0.02757
2918.26933,0.02825
2916.34053,0.02869
2914.41174,0.02859
2912.48294,0.02828
2910.55414,0.02815
2908.62535,0.02806
2906.69655,0.02787
2904.76775,0.02779
2902.83896,0.02779
2900.91016,0.02772
2898.98136,0.02778
2897.05257,0.02795
2895.12377,0.02799
2893.19497,0.02801
2891.26618,0.02821
2889.33738,0.02844
2887.40858,0.02851
2885.47979,0.02855
2883.55099,0.02882
2881.62219,0.02935
2879.69340,0.02974
2877.76460,0.02966
2875.83580,0.02937
2873.90701,0.02930
2871.97821,0.02953
2870.04941,0.02988
2868.12062,0.03017
2866.19182,0.03031
2864.26302,0.03025
2862.33423,0.03012
2860.40543,0.03023
2858.47663,0.03061
2856.54784,0.03075
2854.61904,0.03049
2852.69024,0.03033
2850.76145,0.03052
2848.83265,0.03078
2846.90385,0.03103
2844.97506,0.03132
2843.04626,0.03146
2841.11746,0.03139
2839.18867,0.03144
2837.25987,0.03177
2835.33107,0.03227
2833.40228,0.03272
2831.47348,0.03297
2829.54468,0.03299
2827.61589,0.03289
2825.68709,0.03285
2823.75829,0.03310
2821.82950,0.03343
2819.90070,0.03344
2817.97190,0.03321
2816.04311,0.03303
2814.11431,0.03304
2812.18551,0.03315
2810.25672,0.03303
2808.32792,0.03261
2806.39912,0.03239
2804.47033,0.03252
2802.54153,0.03262
2800.61273,0.03266
2798.68394,0.03270
2796.75514,0.03252
2794.82634,0.03211
2792.89755,0.03179
2790.96875,0.03185
2789.03995,0.03220
2787.11116,0.03234
2785.18236,0.03207
2783.25356,0.03183
2781.32477,0.03175
2779.39597,0.03158
2777.46717,0.03131
2775.53838,0.03104
2773.60958,0.03088
2771.68078,0.03086
2769.75199,0.03088
2767.82319,0.03091
2765.89439,0.03093
2763.96560,0.03077
2762.03680,0.03046
2760.10800,0.03016
2758.17921,0.02994
2756.25041,0.02979
2754.32161,0.02971
2752.39282,0.02972
2750.46402,0.02994
2748.53522,0.03029
2746.60643,0.03043
2744.67763,0.03025
2742.74883,0.03005
2740.82004,0.03008
2738.89124,0.03016
2736.96244,0.03018
2735.03365,0.03026
2733.10485,0.03034
2731.17605,0.03040
2729.24726,0.03050
2727.31846,0.03063
2725.38967,0.03068
2723.46087,0.03067
2721.53207,0.03071
2719.60328,0.03075
2717.67448,0.03069
2715.74568,0.03064
2713.81689,0.03067
2711.88809,0.03069
2709.95929,0.03050
2708.03050,0.03012
2706.10170,0.02987
2704.17290,0.02991
2702.24411,0.03006
2700.31531,0.03012
2698.38651,0.03006
2696.45772,0.02989
2694.52892,0.02982
2692.60012,0.02999
2690.67133,0.03019
2688.74253,0.03025
2686.81373,0.03023
2684.88494,0.03032
2682.95614,0.03057
2681.02734,0.03086
2679.09855,0.03106
2677.16975,0.03108
2675.24095,0.03085
2673.31216,0.03055
2671.38336,0.03048
2669.45456,0.03069
2667.52577,0.03084
2665.59697,0.03066
2663.66817,0.03034
2661.73938,0.03013
2659.81058,0.03001
2657.88178,0.02992
2655.95299,0.02988
2654.02419,0.02998
2652.09539,0.03020
2650.16660,0.03031
2648.23780,0.03027
2646.30900,0.03025
2644.38021,0.03034
2642.45141,0.03062
2640.52261,0.03086
2638.59382,0.03079
2636.66502,0.03066
2634.73622,0.03077
2632.80743,0.03104
2630.87863,0.03138
2628.94983,0.03168
2627.02104,0.03179
2625.09224,0.03168
2623.16344,0.03158
2621.23465,0.03175
2619.30585,0.03212
2617.37705,0.03236
2615.44826,0.03229
2613.51946,0.03203
2611.59066,0.03186
2609.66187,0.03184
2607.73307,0.03175
2605.80427,0.03156
2603.87548,0.03149
2601.94668,0.03165
2600.01788,0.03181
2598.08909,0.03182
2596.16029,0.03196
2594.23149,0.03226
2592.30270,0.03251
2590.37390,0.03275
2588.44510,0.03292
2586.51631,0.03287
2584.58751,0.03273
2582.65871,0.03258
2580.72992,0.03230
2578.80112,0.03215
2576.87232,0.03249
2574.94353,0.03285
2573.01473,0.03278
2571.08593,0.03257
2569.15714,0.03247
2567.22834,0.03235
2565.29954,0.03225
2563.37075,0.03229
2561.44195,0.03236
2559.51315,0.03236
2557.58436,0.03213
2555.65556,0.03159
2553.72676,0.03104
2551.79797,0.03080
2549.86917,0.03101
2547.94037,0.03146
2546.01158,0.03162
2544.08278,0.03157
2542.15398,0.03161
2540.22519,0.03173
2538.29639,0.03192
2536.36759,0.03211
2534.43880,0.03231
2532.51000,0.03249
2530.58120,0.03244
2528.65241,0.03219
2526.72361,0.03204
2524.79481,0.03193
2522.86602,0.03172
2520.93722,0.03163
2519.00842,0.03155
2517.07963,0.03109
2515.15083,0.03074
2513.22203,0.03105
2511.29324,0.03143
2509.36444,0.03135
2507.43564,0.03110
2505.50685,0.03090
2503.57805,0.03084
2501.64925,0.03101
2499.72046,0.03124
2497.79166,0.03115
2495.86286,0.03084
2493.93407,0.03072
2492.00527,0.03064
2490.07647,0.03046
2488.14768,0.03059
2486.21888,0.03102
2484.29008,0.03136
2482.36129,0.03151
2480.43249,0.03154
2478.50369,0.03153
2476.57490,0.03152
2474.64610,0.03153
2472.71730,0.03142
2470.78851,0.03122
2468.85971,0.03118
2466.93091,0.03111
2465.00212,0.03082
2463.07332,0.03072
2461.14452,0.03094
2459.21573,0.03102
2457.28693,0.03074
2455.35813,0.03039
2453.42934,0.03035
2451.50054,0.03052
2449.57174,0.03034
2447.64295,0.02987
2445.71415,0.02972
2443.78535,0.02975
2441.85656,0.02969
2439.92776,0.02980
2437.99896,0.02999
2436.07017,0.02992
2434.14137,0.02983
2432.21257,0.02990
2430.28378,0.02978
2428.35498,0.02955
2426.42618,0.02966
2424.49739,0.03008
2422.56859,0.03014
2420.63979,0.02964
2418.71100,0.02909
2416.78220,0.02878
2414.85340,0.02860
2412.92461,0.02830
2410.99581,0.02792
2409.06701,0.02782
2407.13822,0.02802
2405.20942,0.02789
2403.28062,0.02738
2401.35183,0.02701
2399.42303,0.02663
2397.49423,0.02609
2395.56544,0.02586
2393.63664,0.02607
2391.70784,0.02653
2389.77905,0.02749
2387.85025,0.02990
2385.92145,0.03473
2383.99266,0.04273
2382.06386,0.05426
2380.13506,0.06875
2378.20627,0.08466
2376.27747,0.10080
2374.34867,0.11750
2372.41988,0.13526
2370.49108,0.15316
2368.56228,0.16971
2366.63349,0.18420
2364.70469,0.19618
2362.77589,0.20469
2360.84710,0.20826
2358.91830,0.20566
2356.98951,0.19651
2355.06071,0.18111
2353.13191,0.16021
2351.20312,0.13877
2349.27432,0.12722
2347.34552,0.13198
2345.41673,0.14752
2343.48793,0.15881
2341.55913,0.16041
2339.63034,0.15767
2337.70154,0.15387
2335.77274,0.15076
2333.84395,0.14984
2331.91515,0.14992
2329.98635,0.14745
2328.05756,0.14198
2326.12876,0.13671
2324.19996,0.13299
2322.27117,0.12843
2320.34237,0.12048
2318.41357,0.11016
2316.48478,0.10091
2314.55598,0.09487
2312.62718,0.09057
2310.69839,0.08536
2308.76959,0.07894
2306.84079,0.07214
2304.91200,0.06547
2302.98320,0.05970
2301.05440,0.05524
2299.12561,0.05144
2297.19681,0.04796
2295.26801,0.04507
2293.33922,0.04263
2291.41042,0.04020
2289.48162,0.03777
2287.55283,0.03567
2285.62403,0.03414
2283.69523,0.03335
2281.76644,0.03328
2279.83764,0.03380
2277.90884,0.03475
2275.98005,0.03558
2274.05125,0.03593
2272.12245,0.03605
2270.19366,0.03636
2268.26486,0.03682
2266.33606,0.03712
2264.40727,0.03713
2262.47847,0.03706
2260.54967,0.03721
2258.62088,0.03761
2256.69208,0.03817
2254.76328,0.03839
2252.83449,0.03774
2250.90569,0.03672
2248.97689,0.03629
2247.04810,0.03666
2245.11930,0.03745
2243.19050,0.03833
2241.26171,0.03897
2239.33291,0.03896
2237.40411,0.03828
2235.47532,0.03783
2233.54652,0.03821
2231.61772,0.03870
2229.68893,0.03892
2227.76013,0.03930
2225.83133,0.04011
2223.90254,0.04128
2221.97374,0.04232
2220.04494,0.04256
2218.11615,0.04191
2216.18735,0.04108
2214.25855,0.04043
2212.32976,0.03998
2210.40096,0.04069
2208.47216,0.04284
2206.54337,0.04444
2204.61457,0.04465
2202.68577,0.04455
2200.75698,0.04446
2198.82818,0.04482
2196.89938,0.04560
2194.97059,0.04573
2193.04179,0.04583
2191.11299,0.04653
2189.18420,0.04707
2187.25540,0.04724
2185.32660,0.04764
2183.39781,0.04861
2181.46901,0.05014
2179.54021,0.05183
2177.61142,0.05269
2175.68262,0.05254
2173.75382,0.05200
2171.82503,0.05149
2169.89623,0.05194
2167.96743,0.05315
2166.03864,0.05382
2164.10984,0.05464
2162.18104,0.05745
2160.25225,0.06151
2158.32345,0.06352
2156.39465,0.06134
2154.46586,0.05634
2152.53706,0.05156
2150.60826,0.04837
2148.67947,0.04560
2146.75067,0.04270
2144.82187,0.04073
2142.89308,0.03932
2140.96428,0.03727
2139.03548,0.03569
2137.10669,0.03541
2135.17789,0.03498
2133.24909,0.03343
2131.32030,0.03145
2129.39150,0.02995
2127.46270,0.02906
2125.53391,0.02835
2123.60511,0.02750
2121.67631,0.02642
2119.74752,0.02561
2117.81872,0.02560
2115.88992,0.02612
2113.96113,0.02618
2112.03233,0.02547
2110.10353,0.02491
2108.17474,0.02512
2106.24594,0.02537
2104.31714,0.02533
2102.38835,0.02568
2100.45955,0.02632
2098.53075,0.02625
2096.60196,0.02544
2094.67316,0.02482
2092.74436,0.02456
2090.81557,0.02433
2088.88677,0.02442
2086.95797,0.02499
2085.02918,0.02557
2083.10038,0.02607
2081.17158,0.02652
2079.24279,0.02678
2077.31399,0.02713
2075.38519,0.02768
2073.45640,0.02810
2071.52760,0.02853
2069.59880,0.02932
2067.67001,0.03010
2065.74121,0.03025
2063.81241,0.02998
2061.88362,0.02944
2059.95482,0.02869
2058.02602,0.02839
2056.09723,0.02894
2054.16843,0.03030
2052.23963,0.03130
2050.31084,0.03120
2048.38204,0.03176
2046.45324,0.03376
2044.52445,0.03570
2042.59565,0.03692
2040.66685,0.03762
2038.73806,0.03769
2036.80926,0.03727
2034.88046,0.03743
2032.95167,0.03820
2031.02287,0.03807
2029.09407,0.03715
2027.16528,0.03689
2025.23648,0.03731
2023.30768,0.03706
2021.37889,0.03524
2019.45009,0.03349
2017.52129,0.03397
2015.59250,0.03544
2013.66370,0.03585
2011.73490,0.03541
2009.80611,0.03548
2007.87731,0.03550
2005.94851,0.03357
2004.01972,0.03108
2002.09092,0.03059
2000.16212,0.03142
1998.23333,0.03179
1996.30453,0.03157
1994.37574,0.03111
1992.44694,0.03086
1990.51814,0.03133
1988.58935,0.03198
1986.66055,0.03204
1984.73175,0.03103
1982.80296,0.03009
1980.87416,0.03103
1978.94536,0.03242
1977.01657,0.03237
1975.08777,0.03211
1973.15897,0.03167
1971.23018,0.02963
1969.30138,0.02789
1967.37258,0.02886
1965.44379,0.03061
1963.51499,0.03070
1961.58619,0.02979
1959.65740,0.02876
1957.72860,0.02729
1955.79980,0.02552
1953.87101,0.02417
1951.94221,0.02335
1950.01341,0.02279
1948.08462,0.02243
1946.15582,0.02236
1944.22702,0.02276
1942.29823,0.02311
1940.36943,0.02251
1938.44063,0.02126
1936.51184,0.02047
1934.58304,0.02070
1932.65424,0.02125
1930.72545,0.02130
1928.79665,0.02108
1926.86785,0.02106
1924.93906,0.02113
1923.01026,0.02092
1921.08146,0.02061
1919.15267,0.02048
1917.22387,0.02025
1915.29507,0.02008
1913.36628,0.02028
1911.43748,0.02041
1909.50868,0.02012
1907.57989,0.01960
1905.65109,0.01912
1903.72229,0.01887
1901.79350,0.01875
1899.86470,0.01854
1897.93590,0.01842
1896.00711,0.01844
1894.07831,0.01862
1892.14951,0.01915
1890.22072,0.01975
1888.29192,0.01979
1886.36312,0.01939
1884.43433,0.01918
1882.50553,0.01935
1880.57673,0.01968
1878.64794,0.01977
1876.71914,0.01955
1874.79034,0.01927
1872.86155,0.01922
1870.93275,0.01957
1869.00395,0.01987
1867.07516,0.01963
1865.14636,0.01918
1863.21756,0.01882
1861.28877,0.01852
1859.35997,0.01833
1857.43117,0.01816
1855.50238,0.01793
1853.57358,0.01781
1851.64478,0.01793
1849.71599,0.01825
1847.78719,0.01861
1845.85839,0.01883
1843.92960,0.01878
1842.00080,0.01853
1840.07200,0.01845
1838.14321,0.01855
1836.21441,0.01860
1834.28561,0.01868
1832.35682,0.01898
1830.42802,0.01923
1828.49922,0.01928
1826.57043,0.01936
1824.64163,0.01923
1822.71283,0.01876
1820.78404,0.01839
1818.85524,0.01833
1816.92644,0.01836
1814.99765,0.01834
1813.06885,0.01834
1811.14005,0.01827
1809.21126,0.01798
1807.28246,0.01762
1805.35366,0.01755
1803.42487,0.01785
1801.49607,0.01812
1799.56727,0.01808
1797.63848,0.01805
1795.70968,0.01828
1793.78088,0.01869
1791.85209,0.01884
1789.92329,0.01849
1787.99449,0.01830
1786.06570,0.01851
1784.13690,0.01870
1782.20810,0.01876
1780.27931,0.01873
1778.35051,0.01864
1776.42171,0.01865
1774.49292,0.01875
1772.56412,0.01875
1770.63532,0.01878
1768.70653,0.01877
1766.77773,0.01837
1764.84893,0.01802
1762.92014,0.01804
1760.99134,0.01806
1759.06254,0.01802
1757.13375,0.01790
1755.20495,0.01772
1753.27615,0.01797
1751.34736,0.01858
1749.41856,0.01867
1747.48976,0.01828
1745.56097,0.01807
1743.63217,0.01798
1741.70337,0.01776
1739.77458,0.01749
1737.84578,0.01760
1735.91698,0.01817
1733.98819,0.01869
1732.05939,0.01860
1730.13059,0.01824
1728.20180,0.01793
1726.27300,0.01780
1724.34420,0.01798
1722.41541,0.01834
1720.48661,0.01911
1718.55781,0.02031
1716.62902,0.02123
1714.70022,0.02165
1712.77142,0.02208
1710.84263,0.02303
1708.91383,0.02468
1706.98503,0.02720
1705.05624,0.03045
1703.12744,0.03407
1701.19864,0.03892
1699.26985,0.04493
1697.34105,0.05119
1695.41225,0.05889
1693.48346,0.06744
1691.55466,0.07656
1689.62586,0.08755
1687.69707,0.09926
1685.76827,0.11255
1683.83947,0.12980
1681.91068,0.14572
1679.98188,0.15870
1678.05308,0.17159
1676.12429,0.18572
1674.19549,0.20020
1672.26669,0.21247
1670.33790,0.22363
1668.40910,0.23410
1666.48030,0.24174
1664.55151,0.24753
1662.62271,0.25240
1660.69391,0.25559
1658.76512,0.25730
1656.83632,0.25856
1654.90752,0.25983
1652.97873,0.26058
1651.04993,0.26126
1649.12113,0.26334
1647.19234,0.26761
1645.26354,0.27396
1643.33474,0.28171
1641.40595,0.29175
1639.47715,0.30442
1637.54835,0.32027
1635.61956,0.34089
1633.69076,0.36150
1631.76197,0.37855
1629.83317,0.39505
1627.90437,0.41108
1625.97558,0.42402
1624.04678,0.43319
1622.11798,0.43848
1620.18919,0.44002
1618.26039,0.43903
1616.33159,0.43618
1614.40280,0.43327
1612.47400,0.43205
1610.54520,0.43302
1608.61641,0.43666
1606.68761,0.44273
1604.75881,0.45086
1602.83002,0.46044
1600.90122,0.47033
1598.97242,0.47931
1597.04363,0.48633
1595.11483,0.49039
1593.18603,0.49041
1591.25724,0.48601
1589.32844,0.47717
1587.39964,0.46435
1585.47085,0.44822
1583.54205,0.42935
1581.61325,0.40891
1579.68446,0.38864
1577.75566,0.36695
1575.82686,0.34163
1573.89807,0.31947
1571.96927,0.30178
1570.04047,0.28287
1568.11168,0.26389
1566.18288,0.24785
1564.25408,0.23400
1562.32529,0.22278
1560.39649,0.21146
1558.46769,0.19610
1556.53890,0.18347
1554.61010,0.17461
1552.68130,0.16651
1550.75251,0.15905
1548.82371,0.15217
1546.89491,0.14644
1544.96612,0.14168
1543.03732,0.13696
1541.10852,0.13164
1539.17973,0.12592
1537.25093,0.12194
1535.32213,0.11937
1533.39334,0.11653
1531.46454,0.11342
1529.53574,0.11101
1527.60695,0.10901
1525.67815,0.10682
1523.74935,0.10473
1521.82056,0.10279
1519.89176,0.10083
1517.96296,0.09912
1516.03417,0.09747
1514.10537,0.09599
1512.17657,0.09530
1510.24778,0.09554
1508.31898,0.09598
1506.39018,0.09528
1504.46139,0.09441
1502.53259,0.09499
1500.60379,0.09681
1498.67500,0.09962
1496.74620,0.10332
1494.81740,0.10754
1492.88861,0.11264
1490.95981,0.11972
1489.03101,0.12839
1487.10222,0.13721
1485.17342,0.14648
1483.24462,0.15710
1481.31583,0.16926
1479.38703,0.18225
1477.45823,0.19578
1475.52944,0.20994
1473.60064,0.22447
1471.67184,0.23818
1469.74305,0.24872
1467.81425,0.25693
1465.88545,0.26423
1463.95666,0.26948
1462.02786,0.27183
1460.09906,0.27213
1458.17027,0.26940
1456.24147,0.26147
1454.31267,0.25128
1452.38388,0.24088
1450.45508,0.22939
1448.52628,0.21644
1446.59749,0.20253
1444.66869,0.18923
1442.73989,0.17690
1440.81110,0.16577
1438.88230,0.15596
1436.95350,0.14563
1435.02471,0.13520
1433.09591,0.12691
1431.16711,0.11984
1429.23832,0.11302
1427.30952,0.10709
1425.38072,0.10214
1423.45193,0.09776
1421.52313,0.09417
1419.59433,0.09091
1417.66554,0.08714
1415.73674,0.08338
1413.80794,0.08024
1411.87915,0.07762
1409.95035,0.07529
1408.02155,0.07328
1406.09276,0.07153
1404.16396,0.06969
1402.23516,0.06803
1400.30637,0.06697
1398.37757,0.06616
1396.44877,0.06518
1394.51998,0.06378
1392.59118,0.06223
1390.66238,0.06124
1388.73359,0.06075
1386.80479,0.05998
1384.87599,0.05879
1382.94720,0.05781
1381.01840,0.05721
1379.08960,0.05673
1377.16081,0.05636
1375.23201,0.05604
1373.30321,0.05540
1371.37442,0.05451
1369.44562,0.05376
1367.51682,0.05322
1365.58803,0.05304
1363.65923,0.05314
1361.73043,0.05276
1359.80164,0.05182
1357.87284,0.05105
1355.94404,0.05060
1354.01525,0.05024
1352.08645,0.04990
1350.15765,0.04964
1348.22886,0.04944
1346.30006,0.04930
1344.37126,0.04933
1342.44247,0.04976
1340.51367,0.05043
1338.58487,0.05067
1336.65608,0.05028
1334.72728,0.04983
1332.79848,0.04961
1330.86969,0.04951
1328.94089,0.04936
1327.01209,0.04911
1325.08330,0.04882
1323.15450,0.04855
1321.22570,0.04836
1319.29691,0.04821
1317.36811,0.04796
1315.43931,0.04764
1313.51052,0.04733
1311.58172,0.04700
1309.65292,0.04667
1307.72413,0.04642
1305.79533,0.04625
1303.86653,0.04616
1301.93774,0.04612
1300.00894,0.04613
1298.08014,0.04616
1296.15135,0.04621
1294.22255,0.04628
1292.29375,0.04640
1290.36496,0.04656
1288.43616,0.04670
1286.50736,0.04676
1284.57857,0.04679
1282.64977,0.04682
1280.72097,0.04683
1278.79218,0.04681
1276.86338,0.04679
1274.93458,0.04679
1273.00579,0.04681
1271.07699,0.04682
1269.14820,0.04676
1267.21940,0.04666
1265.29060,0.04655
1263.36181,0.04645
1261.43301,0.04638
1259.50421,0.04632
1257.57542,0.04626
1255.64662,0.04627
1253.71782,0.04638
1251.78903,0.04653
1249.86023,0.04670
1247.93143,0.04690
1246.00264,0.04712
1244.07384,0.04736
1242.14504,0.04761
1240.21625,0.04785
1238.28745,0.04807
1236.35865,0.04829
1234.42986,0.04851
1232.50106,0.04874
1230.57226,0.04897
1228.64347,0.04917
1226.71467,0.04935
1224.78587,0.04954
1222.85708,0.04975
1220.92828,0.05000
1218.99948,0.05028
1217.07069,0.05061
1215.14189,0.05098
1213.21309,0.05141
1211.28430,0.05186
1209.35550,0.05234
1207.42670,0.05292
1205.49791,0.05361
1203.56911,0.05443
1201.64031,0.05540
1199.71152,0.05654
1197.78272,0.05784
1195.85392,0.05931
1193.92513,0.06097
1191.99633,0.06287
1190.06753,0.06500
1188.13874,0.06735
1186.20994,0.06996
1184.28114,0.07283
1182.35235,0.07601
1180.42355,0.07961
1178.49475,0.08364
1176.56596,0.08797
1174.63716,0.09253
1172.70836,0.09731
1170.77957,0.10225
1168.85077,0.10722
1166.92197,0.11203
1164.99318,0.11648
1163.06438,0.12032
1161.13558,0.12330
1159.20679,0.12521
1157.27799,0.12592
1155.34919,0.12535
1153.42040,0.12355
1151.49160,0.12066
1149.56280,0.11689
1147.63401,0.11247
1145.70521,0.10766
1143.77641,0.10273
1141.84762,0.09787
1139.91882,0.09323
1137.99002,0.08888
1136.06123,0.08486
1134.13243,0.08120
1132.20363,0.07791
1130.27484,0.07496
1128.34604,0.07234
1126.41724,0.06999
1124.48845,0.06791
1122.55965,0.06606
1120.63085,0.06443
1118.70206,0.06297
1116.77326,0.06165
1114.84446,0.06050
1112.91567,0.05950
1110.98687,0.05862
1109.05807,0.05785
1107.12928,0.05721
1105.20048,0.05670
1103.27168,0.05630
1101.34289,0.05602
1099.41409,0.05585
1097.48529,0.05576
1095.55650,0.05580
1093.62770,0.05598
1091.69890,0.05625
1089.77011,0.05660
1087.84131,0.05703
1085.91251,0.05753
1083.98372,0.05806
1082.05492,0.05860
1080.12612,0.05914
1078.19733,0.05968
1076.26853,0.06021
1074.33973,0.06071
1072.41094,0.06114
1070.48214,0.06150
1068.55334,0.06174
1066.62455,0.06184
1064.69575,0.06180
1062.76695,0.06163
1060.83816,0.06132
1058.90936,0.06091
1056.98056,0.06038
1055.05177,0.05974
1053.12297,0.05905
1051.19417,0.05838
1049.26538,0.05775
1047.33658,0.05718
1045.40778,0.05665
1043.47899,0.05616
1041.55019,0.05568
1039.62139,0.05517
1037.69260,0.05465
1035.76380,0.05414
1033.83500,0.05364
1031.90621,0.05312
1029.97741,0.05260
1028.04861,0.05207
1026.11982,0.05155
1024.19102,0.05104
1022.26222,0.05059
1020.33343,0.05020
1018.40463,0.04988
1016.47583,0.04964
1014.54704,0.04946
1012.61824,0.04926
1010.68944,0.04896
1008.76065,0.04853
1006.83185,0.04798
1004.90305,0.04734
1002.97426,0.04668
1001.04546,0.04607
999.11666,0.04556
997.18787,0.04517
995.25907,0.04493
993.33027,0.04476
991.40148,0.04459
989.47268,0.04438
987.54388,0.04416
985.61509,0.04390
983.68629,0.04358
981.75749,0.04322
979.82870,0.04282
977.89990,0.04235
975.97110,0.04186
974.04231,0.04138
972.11351,0.04090
970.18471,0.04041
968.25592,0.03990
966.32712,0.03941
964.39832,0.03897
962.46953,0.03853
960.54073,0.03805
958.61193,0.03757
956.68314,0.03712
954.75434,0.03668
952.82554,0.03628
950.89675,0.03595
948.96795,0.03563
947.03915,0.03530
945.11036,0.03501
943.18156,0.03476
941.25276,0.03453
939.32397,0.03425
937.39517,0.03394
935.46637,0.03360
933.53758,0.03321
931.60878,0.03278
929.67998,0.03230
927.75119,0.03181
925.82239,0.03132
923.89359,0.03081
921.96480,0.03022
920.03600,0.02960
918.10720,0.02902
916.17841,0.02848
914.24961,0.02794
912.32081,0.02739
910.39202,0.02687
908.46322,0.02638
906.53443,0.02594
904.60563,0.02553
902.67683,0.02517
900.74804,0.02486
898.81924,0.02458
896.89044,0.02428
894.96165,0.02397
893.03285,0.02365
891.10405,0.02330
889.17526,0.02296
887.24646,0.02260
885.31766,0.02216
883.38887,0.02167
881.46007,0.02119
879.53127,0.02075
877.60248,0.02031
875.67368,0.01981
873.74488,0.01930
871.81609,0.01881
869.88729,0.01838
867.95849,0.01792
866.02970,0.01741
864.10090,0.01692
862.17210,0.01649
860.24331,0.01609
858.31451,0.01569
856.38571,0.01531
854.45692,0.01502
852.52812,0.01487
850.59932,0.01475
848.67053,0.01458
846.74173,0.01445
844.81293,0.01443
842.88414,0.01445
840.95534,0.01440
839.02654,0.01426
837.09775,0.01410
835.16895,0.01397
833.24015,0.01391
831.31136,0.01384
829.38256,0.01373
827.45376,0.01364
825.52497,0.01354
823.59617,0.01344
821.66737,0.01341
819.73858,0.01344
817.80978,0.01341
815.88098,0.01340
813.95219,0.01348
812.02339,0.01357
810.09459,0.01372
808.16580,0.01410
806.23700,0.01459
804.30820,0.01508
802.37941,0.01566
800.45061,0.01638
798.52181,0.01732
796.59302,0.01856
794.66422,0.01997
792.73542,0.02132
790.80663,0.02253
788.87783,0.02360
786.94903,0.02443
785.02024,0.02491
783.09144,0.02482
781.16264,0.02407
779.23385,0.02298
777.30505,0.02179
775.37625,0.02045
773.44746,0.01912
771.51866,0.01813
769.58986,0.01738
767.66107,0.01669
765.73227,0.01625
763.80347,0.01597
761.87468,0.01554
759.94588,0.01517
758.01708,0.01505
756.08829,0.01490
754.15949,0.01468
752.23069,0.01471
750.30190,0.01488
748.37310,0.01485
