3496.90832,0.04780
3494.97953,0.04656
3493.05073,0.04388
3491.12193,0.04287
3489.19314,0.04668
3487.26434,0.05152
3485.33554,0.04980
3483.40675,0.04539
3481.47795,0.04690
3479.54915,0.05124
3477.62036,0.05352
3475.69156,0.05526
3473.76276,0.05677
3471.83397,0.05619
3469.90517,0.05550
3467.97637,0.06006
3466.04758,0.06791
3464.11878,0.07049
3462.18998,0.06350
3460.26119,0.05029
3458.33239,0.03958
3456.40359,0.03571
3454.47480,0.03502
3452.54600,0.03590
3450.61721,0.03912
3448.68841,0.04200
3446.75961,0.04261
3444.83082,0.04255
3442.90202,0.04411
3440.97322,0.04551
3439.04443,0.04011
3437.11563,0.02933
3435.18683,0.02222
3433.25804,0.02066
3431.32924,0.02161
3429.40044,0.02674
3427.47165,0.03691
3425.54285,0.04566
3423.61405,0.04581
3421.68526,0.03733
3419.75646,0.02743
3417.82766,0.02315
3415.89887,0.02072
3413.97007,0.01280
3412.04127,0.00454
3410.11248,0.00369
3408.18368,0.00925
3406.25488,0.01805
3404.32609,0.02619
3402.39729,0.03080
3400.46849,0.03381
3398.53970,0.03092
3396.61090,0.01685
3394.68210,0.00613
3392.75331,0.01183
3390.82451,0.02226
3388.89571,0.02865
3386.96692,0.03601
3385.03812,0.04029
3383.10932,0.03749
3381.18053,0.03635
3379.25173,0.03780
3377.32293,0.03663
3375.39414,0.03508
3373.46534,0.03420
3371.53654,0.03090
3369.60775,0.02660
3367.67895,0.02838
3365.75015,0.03546
3363.82136,0.03836
3361.89256,0.03758
3359.96376,0.03895
3358.03497,0.04050
3356.10617,0.04328
3354.17737,0.05237
3352.24858,0.06029
3350.31978,0.05842
3348.39098,0.05452
3346.46219,0.05409
3344.53339,0.05362
3342.60459,0.05186
3340.67580,0.04677
3338.74700,0.03901
3336.81820,0.03319
3334.88941,0.02992
3332.96061,0.02858
3331.03181,0.03206
3329.10302,0.03999
3327.17422,0.04631
3325.24542,0.04564
3323.31663,0.03552
3321.38783,0.02396
3319.45903,0.02230
3317.53024,0.02825
3315.60144,0.03073
3313.67264,0.02624
3311.74385,0.02215
3309.81505,0.02059
3307.88625,0.02021
3305.95746,0.02229
3304.02866,0.02313
3302.09986,0.02139
3300.17107,0.01997
3298.24227,0.01761
3296.31347,0.01344
3294.38468,0.01056
3292.45588,0.01082
3290.52708,0.01196
3288.59829,0.01192
3286.66949,0.01024
3284.74069,0.00681
3282.81190,0.00498
3280.88310,0.00818
3278.95430,0.01592
3277.02551,0.02286
3275.09671,0.02365
3273.16791,0.02219
3271.23912,0.02178
3269.31032,0.01806
3267.38152,0.01474
3265.45273,0.01676
3263.52393,0.01454
3261.59513,0.00627
3259.66634,0.00618
3257.73754,0.01680
3255.80874,0.02731
3253.87995,0.03068
3251.95115,0.02533
3250.02235,0.01585
3248.09356,0.00980
3246.16476,0.00915
3244.23596,0.01227
3242.30717,0.01343
3240.37837,0.01083
3238.44957,0.01309
3236.52078,0.02165
3234.59198,0.02778
3232.66318,0.02725
3230.73439,0.02197
3228.80559,0.01534
3226.87679,0.01048
3224.94800,0.00979
3223.01920,0.01490
3221.09040,0.02488
3219.16161,0.03343
3217.23281,0.03487
3215.30401,0.03059
3213.37522,0.02559
3211.44642,0.02628
3209.51762,0.03204
3207.58883,0.03344
3205.66003,0.02983
3203.73123,0.02870
3201.80244,0.03197
3199.87364,0.03576
3197.94484,0.03620
3196.01605,0.03406
3194.08725,0.03260
3192.15845,0.03223
3190.22966,0.03288
3188.30086,0.03454
3186.37206,0.03477
3184.44327,0.03293
3182.51447,0.03137
3180.58567,0.03073
3178.65688,0.03066
3176.72808,0.03028
3174.79928,0.02788
3172.87049,0.02429
3170.94169,0.02125
3169.01289,0.01976
3167.08410,0.02156
3165.15530,0.02531
3163.22650,0.02613
3161.29771,0.02360
3159.36891,0.02049
3157.44011,0.01918
3155.51132,0.02175
3153.58252,0.02448
3151.65372,0.02199
3149.72493,0.01711
3147.79613,0.01659
3145.86733,0.02099
3143.93854,0.02386
3142.00974,0.02271
3140.08094,0.02152
3138.15215,0.02100
3136.22335,0.01910
3134.29455,0.01768
3132.36576,0.01895
3130.43696,0.02028
3128.50816,0.01931
3126.57937,0.01762
3124.65057,0.01721
3122.72177,0.01869
3120.79298,0.02106
3118.86418,0.02235
3116.93538,0.02167
3115.00659,0.01970
3113.07779,0.01805
3111.14899,0.01759
3109.22020,0.01717
3107.29140,0.01654
3105.36260,0.01685
3103.43381,0.01743
3101.50501,0.01722
3099.57621,0.01651
3097.64742,0.01537
3095.71862,0.01426
3093.78982,0.01386
3091.86103,0.01362
3089.93223,0.01363
3088.00344,0.01447
3086.07464,0.01527
3084.14584,0.01518
3082.21705,0.01498
3080.28825,0.01537
3078.35945,0.01599
3076.43066,0.01613
3074.50186,0.01587
3072.57306,0.01610
3070.64427,0.01669
3068.71547,0.01681
3066.78667,0.01674
3064.85788,0.01704
3062.92908,0.01750
3061.00028,0.01757
3059.07149,0.01700
3057.14269,0.01660
3055.21389,0.01740
3053.28510,0.01845
3051.35630,0.01826
3049.42750,0.01725
3047.49871,0.01637
3045.56991,0.01598
3043.64111,0.01620
3041.71232,0.01689
3039.78352,0.01780
3037.85472,0.01866
3035.92593,0.01929
3033.99713,0.01940
3032.06833,0.01883
3030.13954,0.01842
3028.21074,0.01890
3026.28194,0.01952
3024.35315,0.01929
3022.42435,0.01903
3020.49555,0.01964
3018.56676,0.02025
3016.63796,0.02033
3014.70916,0.02034
3012.78037,0.02050
3010.85157,0.02069
3008.92277,0.02068
3006.99398,0.02042
3005.06518,0.02013
3003.13638,0.01979
3001.20759,0.01938
2999.27879,0.01913
2997.34999,0.01923
2995.42120,0.01986
2993.49240,0.02058
2991.56360,0.02078
2989.63481,0.02111
2987.70601,0.02164
2985.77721,0.02147
2983.84842,0.02105
2981.91962,0.02139
2979.99082,0.02208
2978.06203,0.02218
2976.13323,0.02183
2974.20443,0.02155
2972.27564,0.02160
2970.34684,0.02190
2968.41804,0.02196
2966.48925,0.02181
2964.56045,0.02183
2962.63165,0.02199
2960.70286,0.02206
2958.77406,0.02204
2956.84526,0.02224
2954.91647,0.02269
2952.98767,0.02306
2951.05887,0.02315
2949.13008,0.02306
2947.20128,0.02297
2945.27248,0.02304
2943.34369,0.02322
2941.41489,0.02319
2939.48609,0.02309
2937.55730,0.02316
2935.62850,0.02303
2933.69970,0.02280
2931.77091,0.02292
2929.84211,0.02325
2927.91331,0.02345
2925.98452,0.02354
2924.05572,0.02364
2922.12692,0.02395
2920.19813,0.02465
2918.26933,0.02545
2916.34053,0.02587
2914.41174,0.02574
2912.48294,0.02515
2910.55414,0.02436
2908.62535,0.02378
2906.69655,0.02354
2904.76775,0.02361
2902.83896,0.02392
2900.91016,0.02425
2898.98136,0.02467
2897.05257,0.02511
2895.12377,0.02530
2893.19497,0.02535
2891.26618,0.02547
2889.33738,0.02553
2887.40858,0.02534
2885.47979,0.02498
2883.55099,0.02487
2881.62219,0.02525
2879.69340,0.02589
2877.76460,0.02627
2875.83580,0.02626
2873.90701,0.02619
2871.97821,0.02616
2870.04941,0.02617
2868.12062,0.02644
2866.19182,0.02678
2864.26302,0.02691
2862.33423,0.02705
2860.40543,0.02723
2858.47663,0.02732
2856.54784,0.02741
2854.61904,0.02766
2852.69024,0.02787
2850.76145,0.02784
2848.83265,0.02785
2846.90385,0.02808
2844.97506,0.02843
2843.04626,0.02892
2841.11746,0.02937
2839.18867,0.02960
2837.25987,0.02980
2835.33107,0.03005
2833.40228,0.03014
2831.47348,0.02996
2829.54468,0.02984
2827.61589,0.02988
2825.68709,0.02995
2823.75829,0.03016
2821.82950,0.03054
2819.90070,0.03087
2817.97190,0.03097
2816.04311,0.03088
2814.11431,0.03082
2812.18551,0.03083
2810.25672,0.03071
2808.32792,0.03039
2806.39912,0.03020
2804.47033,0.03031
2802.54153,0.03036
2800.61273,0.03024
2798.68394,0.03014
2796.75514,0.02997
2794.82634,0.02959
2792.89755,0.02917
2790.96875,0.02903
2789.03995,0.02926
2787.11116,0.02940
2785.18236,0.02910
2783.25356,0.02877
2781.32477,0.02876
2779.39597,0.02885
2777.46717,0.02871
2775.53838,0.02833
2773.60958,0.02798
2771.68078,0.02790
2769.75199,0.02802
2767.82319,0.02823
2765.89439,0.02834
2763.96560,0.02814
2762.03680,0.02785
2760.10800,0.02776
2758.17921,0.02778
2756.25041,0.02777
2754.32161,0.02763
2752.39282,0.02736
2750.46402,0.02715
2748.53522,0.02719
2746.60643,0.02738
2744.67763,0.02740
2742.74883,0.02717
2740.82004,0.02700
2738.89124,0.02699
2736.96244,0.02710
2735.03365,0.02724
2733.10485,0.02724
2731.17605,0.02717
2729.24726,0.02725
2727.31846,0.02747
2725.38967,0.02761
2723.46087,0.02754
2721.53207,0.02754
2719.60328,0.02780
2717.67448,0.02810
2715.74568,0.02820
2713.81689,0.02810
2711.88809,0.02789
2709.95929,0.02764
2708.03050,0.02743
2706.10170,0.02740
2704.17290,0.02750
2702.24411,0.02745
2700.31531,0.02726
2698.38651,0.02729
2696.45772,0.02751
2694.52892,0.02764
2692.60012,0.02771
2690.67133,0.02776
2688.74253,0.02771
2686.81373,0.02765
2684.88494,0.02769
2682.95614,0.02783
2681.02734,0.02799
2679.09855,0.02809
2677.16975,0.02807
2675.24095,0.02798
2673.31216,0.02786
2671.38336,0.02775
2669.45456,0.02771
2667.52577,0.02776
2665.59697,0.02774
2663.66817,0.02768
2661.73938,0.02764
2659.81058,0.02755
2657.88178,0.02752
2655.95299,0.02759
2654.02419,0.02762
2652.09539,0.02764
2650.16660,0.02760
2648.23780,0.02747
2646.30900,0.02743
2644.38021,0.02752
2642.45141,0.02773
2640.52261,0.02787
2638.59382,0.02777
2636.66502,0.02768
2634.73622,0.02782
2632.80743,0.02809
2630.87863,0.02840
2628.94983,0.02872
2627.02104,0.02894
2625.09224,0.02913
2623.16344,0.02934
2621.23465,0.02955
2619.30585,0.02985
2617.37705,0.03009
2615.44826,0.02993
2613.51946,0.02960
2611.59066,0.02945
2609.66187,0.02941
2607.73307,0.02959
2605.80427,0.03002
2603.87548,0.03028
2601.94668,0.03019
2600.01788,0.02995
2598.08909,0.02978
2596.16029,0.02986
2594.23149,0.02999
2592.30270,0.02995
2590.37390,0.03009
2588.44510,0.03034
2586.51631,0.03019
2584.58751,0.02998
2582.65871,0.02985
2580.72992,0.02932
2578.80112,0.02876
2576.87232,0.02891
2574.94353,0.02933
2573.01473,0.02937
2571.08593,0.02948
2569.15714,0.02989
2567.22834,0.03000
2565.29954,0.02993
2563.37075,0.02999
2561.44195,0.03009
2559.51315,0.03021
2557.58436,0.03013
2555.65556,0.02969
2553.72676,0.02910
2551.79797,0.02858
2549.86917,0.02843
2547.94037,0.02882
2546.01158,0.02932
2544.08278,0.02955
2542.15398,0.02956
2540.22519,0.02928
2538.29639,0.02881
2536.36759,0.02860
2534.43880,0.02885
2532.51000,0.02924
2530.58120,0.02940
2528.65241,0.02939
2526.72361,0.02928
2524.79481,0.02893
2522.86602,0.02862
2520.93722,0.02885
2519.00842,0.02919
2517.07963,0.02923
2515.15083,0.02946
2513.22203,0.02980
2511.29324,0.02947
2509.36444,0.02878
2507.43564,0.02855
2505.50685,0.02854
2503.57805,0.02823
2501.64925,0.02809
2499.72046,0.02871
2497.79166,0.02938
2495.86286,0.02934
2493.93407,0.02891
2492.00527,0.02853
2490.07647,0.02832
2488.14768,0.02843
2486.21888,0.02857
2484.29008,0.02849
2482.36129,0.02845
2480.43249,0.02849
2478.50369,0.02843
2476.57490,0.02838
2474.64610,0.02833
2472.71730,0.02820
2470.78851,0.02825
2468.85971,0.02850
2466.93091,0.02864
2465.00212,0.02877
2463.07332,0.02899
2461.14452,0.02886
2459.21573,0.02831
2457.28693,0.02771
2455.35813,0.02733
2453.42934,0.02731
2451.50054,0.02754
2449.57174,0.02757
2447.64295,0.02723
2445.71415,0.02694
2443.78535,0.02694
2441.85656,0.02709
2439.92776,0.02740
2437.99896,0.02769
2436.07017,0.02756
2434.14137,0.02722
2432.21257,0.02706
2430.28378,0.02702
2428.35498,0.02711
2426.42618,0.02737
2424.49739,0.02741
2422.56859,0.02691
2420.63979,0.02623
2418.71100,0.02585
2416.78220,0.02574
2414.85340,0.02570
2412.92461,0.02551
2410.99581,0.02519
2409.06701,0.02510
2407.13822,0.02518
2405.20942,0.02510
2403.28062,0.02483
2401.35183,0.02443
2399.42303,0.02388
2397.49423,0.02343
2395.56544,0.02328
2393.63664,0.02343
2391.70784,0.02385
2389.77905,0.02460
2387.85025,0.02610
2385.92145,0.02920
2383.99266,0.03451
2382.06386,0.04217
2380.13506,0.05206
2378.20627,0.06336
2376.27747,0.07494
2374.34867,0.08643
2372.41988,0.09824
2370.49108,0.11017
2368.56228,0.12119
2366.63349,0.13072
2364.70469,0.13872
2362.77589,0.14460
2360.84710,0.14733
2358.91830,0.14576
2356.98951,0.13912
2355.06071,0.12799
2353.13191,0.11364
2351.20312,0.09923
2349.27432,0.09151
2347.34552,0.09484
2345.41673,0.10524
2343.48793,0.11233
2341.55913,0.11300
2339.63034,0.11127
2337.70154,0.10915
2335.77274,0.10737
2333.84395,0.10683
2331.91515,0.10693
2329.98635,0.10517
2328.05756,0.10128
2326.12876,0.09783
2324.19996,0.09573
2322.27117,0.09286
2320.34237,0.08732
2318.41357,0.08019
2316.48478,0.07407
2314.55598,0.07024
2312.62718,0.06754
2310.69839,0.06423
2308.76959,0.05988
2306.84079,0.05494
2304.91200,0.05015
2302.98320,0.04629
2301.05440,0.04338
2299.12561,0.04082
2297.19681,0.03852
2295.26801,0.03667
2293.33922,0.03498
2291.41042,0.03327
2289.48162,0.03180
2287.55283,0.03064
2285.62403,0.02988
2283.69523,0.02967
2281.76644,0.02976
2279.83764,0.02985
2277.90884,0.03028
2275.98005,0.03117
2274.05125,0.03187
2272.12245,0.03244
2270.19366,0.03332
2268.26486,0.03409
2266.33606,0.03462
2264.40727,0.03487
2262.47847,0.03457
2260.54967,0.03417
2258.62088,0.03456
2256.69208,0.03559
2254.76328,0.03588
2252.83449,0.03500
2250.90569,0.03429
2248.97689,0.03440
2247.04810,0.03468
2245.11930,0.03495
2243.19050,0.03532
2241.26171,0.03578
2239.33291,0.03624
2237.40411,0.03630
2235.47532,0.03653
2233.54652,0.03748
2231.61772,0.03849
2229.68893,0.03922
2227.76013,0.03945
2225.83133,0.03897
2223.90254,0.03865
2221.97374,0.03940
2220.04494,0.04061
2218.11615,0.04127
2216.18735,0.04179
2214.25855,0.04198
2212.32976,0.04098
2210.40096,0.04091
2208.47216,0.04299
2206.54337,0.04379
2204.61457,0.04193
2202.68577,0.04056
2200.75698,0.04142
2198.82818,0.04335
2196.89938,0.04450
2194.97059,0.04423
2193.04179,0.04400
2191.11299,0.04534
2189.18420,0.04753
2187.25540,0.04867
2185.32660,0.04857
2183.39781,0.04870
2181.46901,0.04950
2179.54021,0.05045
2177.61142,0.05129
2175.68262,0.05147
2173.75382,0.05082
2171.82503,0.05100
2169.89623,0.05330
2167.96743,0.05587
2166.03864,0.05610
2164.10984,0.05502
2162.18104,0.05655
2160.25225,0.06080
2158.32345,0.06220
2156.39465,0.05819
2154.46586,0.05334
2152.53706,0.05082
2150.60826,0.04886
2148.67947,0.04571
2146.75067,0.04189
2144.82187,0.03835
2142.89308,0.03567
2140.96428,0.03381
2139.03548,0.03301
2137.10669,0.03290
2135.17789,0.03222
2133.24909,0.03072
2131.32030,0.02889
2129.39150,0.02692
2127.46270,0.02492
2125.53391,0.02351
2123.60511,0.02297
2121.67631,0.02262
2119.74752,0.02183
2117.81872,0.02127
2115.88992,0.02175
2113.96113,0.02269
2112.03233,0.02303
2110.10353,0.02298
2108.17474,0.02320
2106.24594,0.02339
2104.31714,0.02328
2102.38835,0.02327
2100.45955,0.02326
2098.53075,0.02292
2096.60196,0.02232
2094.67316,0.02181
2092.74436,0.02158
2090.81557,0.02150
2088.88677,0.02178
2086.95797,0.02254
2085.02918,0.02330
2083.10038,0.02364
2081.17158,0.02386
2079.24279,0.02422
2077.31399,0.02441
2075.38519,0.02421
2073.45640,0.02407
2071.52760,0.02429
2069.59880,0.02453
2067.67001,0.02488
2065.74121,0.02580
2063.81241,0.02688
2061.88362,0.02740
2059.95482,0.02740
2058.02602,0.02746
2056.09723,0.02779
2054.16843,0.02816
2052.23963,0.02855
2050.31084,0.02919
2048.38204,0.03035
2046.45324,0.03229
2044.52445,0.03449
2042.59565,0.03564
2040.66685,0.03580
2038.73806,0.03579
2036.80926,0.03557
2034.88046,0.03545
2032.95167,0.03537
2031.02287,0.03499
2029.09407,0.03531
2027.16528,0.03680
2025.23648,0.03803
2023.30768,0.03784
2021.37889,0.03610
2019.45009,0.03380
2017.52129,0.03291
2015.59250,0.03387
2013.66370,0.03522
2011.73490,0.03571
2009.80611,0.03591
2007.87731,0.03551
2005.94851,0.03289
2004.01972,0.02984
2002.09092,0.02874
2000.16212,0.02916
1998.23333,0.02965
1996.30453,0.02900
1994.37574,0.02776
1992.44694,0.02744
1990.51814,0.02765
1988.58935,0.02753
1986.66055,0.02742
1984.73175,0.02761
1982.80296,0.02827
1980.87416,0.02938
1978.94536,0.03028
1977.01657,0.03097
1975.08777,0.03157
1973.15897,0.03099
1971.23018,0.02912
1969.30138,0.02731
1967.37258,0.02666
1965.44379,0.02689
1963.51499,0.02690
1961.58619,0.02661
1959.65740,0.02646
1957.72860,0.02567
1955.79980,0.02375
1953.87101,0.02198
1951.94221,0.02133
1950.01341,0.02112
1948.08462,0.02065
1946.15582,0.02071
1944.22702,0.02178
1942.29823,0.02192
1940.36943,0.02013
1938.44063,0.01841
1936.51184,0.01812
1934.58304,0.01878
1932.65424,0.01899
1930.72545,0.01820
1928.79665,0.01749
1926.86785,0.01760
1924.93906,0.01823
1923.01026,0.01863
1921.08146,0.01877
1919.15267,0.01893
1917.22387,0.01839
1915.29507,0.01721
1913.36628,0.01672
1911.43748,0.01709
1909.50868,0.01727
1907.57989,0.01679
1905.65109,0.01622
1903.72229,0.01596
1901.79350,0.01578
1899.86470,0.01556
1897.93590,0.01545
1896.00711,0.01551
1894.07831,0.01561
1892.14951,0.01606
1890.22072,0.01687
1888.29192,0.01695
1886.36312,0.01623
1884.43433,0.01570
1882.50553,0.01561
1880.57673,0.01561
1878.64794,0.01552
1876.71914,0.01543
1874.79034,0.01542
1872.86155,0.01596
1870.93275,0.01746
1869.00395,0.01865
1867.07516,0.01798
1865.14636,0.01650
1863.21756,0.01567
1861.28877,0.01542
1859.35997,0.01528
1857.43117,0.01496
1855.50238,0.01456
1853.57358,0.01441
1851.64478,0.01463
1849.71599,0.01534
1847.78719,0.01655
1845.85839,0.01793
1843.92960,0.01804
1842.00080,0.01651
1840.07200,0.01541
1838.14321,0.01537
1836.21441,0.01544
1834.28561,0.01556
1832.35682,0.01651
1830.42802,0.01764
1828.49922,0.01782
1826.57043,0.01762
1824.64163,0.01711
1822.71283,0.01595
1820.78404,0.01510
1818.85524,0.01501
1816.92644,0.01503
1814.99765,0.01505
1813.06885,0.01553
1811.14005,0.01599
1809.21126,0.01569
1807.28246,0.01499
1805.35366,0.01491
1803.42487,0.01584
1801.49607,0.01682
1799.56727,0.01675
1797.63848,0.01624
1795.70968,0.01667
1793.78088,0.01804
1791.85209,0.01845
1789.92329,0.01685
1787.99449,0.01554
1786.06570,0.01565
1784.13690,0.01612
1782.20810,0.01643
1780.27931,0.01648
1778.35051,0.01622
1776.42171,0.01659
1774.49292,0.01812
1772.56412,0.01950
1770.63532,0.01926
1768.70653,0.01798
1766.77773,0.01642
1764.84893,0.01575
1762.92014,0.01637
1760.99134,0.01674
1759.06254,0.01654
1757.13375,0.01635
1755.20495,0.01613
1753.27615,0.01696
1751.34736,0.01903
1749.41856,0.01987
1747.48976,0.01880
1745.56097,0.01766
1743.63217,0.01721
1741.70337,0.01715
1739.77458,0.01693
1737.84578,0.01706
1735.91698,0.01872
1733.98819,0.02044
1732.05939,0.01936
1730.13059,0.01721
1728.20180,0.01560
1726.27300,0.01490
1724.34420,0.01524
1722.41541,0.01623
1720.48661,0.01869
1718.55781,0.02262
1716.62902,0.02471
1714.70022,0.02360
1712.77142,0.02218
1710.84263,0.02247
1708.91383,0.02487
1706.98503,0.02899
1705.05624,0.03357
1703.12744,0.03861
1701.19864,0.04588
1699.26985,0.05352
1697.34105,0.05972
1695.41225,0.06660
1693.48346,0.07400
1691.55466,0.08325
1689.62586,0.09592
1687.69707,0.11013
1685.76827,0.12713
1683.83947,0.14750
1681.91068,0.16282
1679.98188,0.17445
1678.05308,0.18774
1676.12429,0.20377
1674.19549,0.21998
1672.26669,0.23351
1670.33790,0.24612
1668.40910,0.25677
1666.48030,0.26351
1664.55151,0.26955
1662.62271,0.27527
1660.69391,0.27828
1658.76512,0.27984
1656.83632,0.28272
1654.90752,0.28766
1652.97873,0.29040
1651.04993,0.28880
1649.12113,0.28993
1647.19234,0.29483
1645.26354,0.30007
1643.33474,0.30596
1641.40595,0.31580
1639.47715,0.33011
1637.54835,0.34910
1635.61956,0.37246
1633.69076,0.39298
1631.76197,0.40962
1629.83317,0.42766
1627.90437,0.44651
1625.97558,0.46237
1624.04678,0.47420
1622.11798,0.48100
1620.18919,0.48343
1618.26039,0.48411
1616.33159,0.48231
1614.40280,0.47861
1612.47400,0.47668
1610.54520,0.47773
1608.61641,0.48167
1606.68761,0.48808
1604.75881,0.49678
1602.83002,0.50721
1600.90122,0.51815
1598.97242,0.52838
1597.04363,0.53689
1595.11483,0.54243
1593.18603,0.54359
1591.25724,0.53998
1589.32844,0.53166
1587.39964,0.51901
1585.47085,0.50271
1583.54205,0.48332
1581.61325,0.46209
1579.68446,0.44134
1577.75566,0.41947
1575.82686,0.39212
1573.89807,0.36647
1571.96927,0.34660
1570.04047,0.32588
1568.11168,0.30385
1566.18288,0.28467
1564.25408,0.26871
1562.32529,0.25750
1560.39649,0.24861
1558.46769,0.23287
1556.53890,0.21500
1554.61010,0.20162
1552.68130,0.19073
1550.75251,0.18145
1548.82371,0.17303
1546.89491,0.16672
1544.96612,0.16301
1543.03732,0.16022
1541.10852,0.15591
1539.17973,0.14732
1537.25093,0.13923
1535.32213,0.13506
1533.39334,0.13163
1531.46454,0.12704
1529.53574,0.12379
1527.60695,0.12237
1525.67815,0.12105
1523.74935,0.11993
1521.82056,0.11871
1519.89176,0.11614
1517.96296,0.11329
1516.03417,0.11025
1514.10537,0.10733
1512.17657,0.10657
1510.24778,0.10890
1508.31898,0.11254
1506.39018,0.11163
1504.46139,0.10651
1502.53259,0.10451
1500.60379,0.10645
1498.67500,0.11052
1496.74620,0.11454
1494.81740,0.11793
1492.88861,0.12328
1490.95981,0.13239
1489.03101,0.14261
1487.10222,0.15083
1485.17342,0.15913
1483.24462,0.16994
1481.31583,0.18327
1479.38703,0.19796
1477.45823,0.21401
1475.52944,0.23155
1473.60064,0.24927
1471.67184,0.26418
1469.74305,0.27445
1467.81425,0.28353
1465.88545,0.29323
1463.95666,0.30044
1462.02786,0.30413
1460.09906,0.30709
1458.17027,0.30800
1456.24147,0.30044
1454.31267,0.28746
1452.38388,0.27480
1450.45508,0.26213
1448.52628,0.24809
1446.59749,0.23214
1444.66869,0.21628
1442.73989,0.20167
1440.81110,0.18899
1438.88230,0.17867
1436.95350,0.16759
1435.02471,0.15474
1433.09591,0.14401
1431.16711,0.13550
1429.23832,0.12729
1427.30952,0.11995
1425.38072,0.11424
1423.45193,0.10955
1421.52313,0.10613
1419.59433,0.10336
1417.66554,0.09861
1415.73674,0.09268
1413.80794,0.08806
1411.87915,0.08480
1409.95035,0.08206
1408.02155,0.07990
1406.09276,0.07829
1404.16396,0.07622
1402.23516,0.07420
1400.30637,0.07346
1398.37757,0.07325
1396.44877,0.07232
1394.51998,0.07014
1392.59118,0.06720
1390.66238,0.06543
1388.73359,0.06514
1386.80479,0.06432
1384.87599,0.06230
1382.94720,0.06063
1381.01840,0.05989
1379.08960,0.05957
1377.16081,0.05965
1375.23201,0.05988
1373.30321,0.05912
1371.37442,0.05753
1369.44562,0.05635
1367.51682,0.05571
1365.58803,0.05588
1363.65923,0.05674
1361.73043,0.05646
1359.80164,0.05471
1357.87284,0.05328
1355.94404,0.05263
1354.01525,0.05215
1352.08645,0.05166
1350.15765,0.05131
1348.22886,0.05103
1346.30006,0.05078
1344.37126,0.05086
1342.44247,0.05182
1340.51367,0.05333
1338.58487,0.05375
1336.65608,0.05270
1334.72728,0.05153
1332.79848,0.05099
1330.86969,0.05081
1328.94089,0.05063
1327.01209,0.05033
1325.08330,0.05002
1323.15450,0.04983
1321.22570,0.04987
1319.29691,0.04995
1317.36811,0.04971
1315.43931,0.04930
1313.51052,0.04890
1311.58172,0.04840
1309.65292,0.04793
1307.72413,0.04765
1305.79533,0.04743
1303.86653,0.04725
1301.93774,0.04713
1300.00894,0.04708
1298.08014,0.04710
1296.15135,0.04712
1294.22255,0.04711
1292.29375,0.04718
1290.36496,0.04736
1288.43616,0.04750
1286.50736,0.04746
1284.57857,0.04736
1282.64977,0.04735
1280.72097,0.04736
1278.79218,0.04733
1276.86338,0.04732
1274.93458,0.04741
1273.00579,0.04757
1271.07699,0.04766
1269.14820,0.04762
1267.21940,0.04752
1265.29060,0.04743
1263.36181,0.04737
1261.43301,0.04739
1259.50421,0.04738
1257.57542,0.04731
1255.64662,0.04730
1253.71782,0.04740
1251.78903,0.04753
1249.86023,0.04767
1247.93143,0.04784
1246.00264,0.04805
1244.07384,0.04827
1242.14504,0.04844
1240.21625,0.04859
1238.28745,0.04874
1236.35865,0.04894
1234.42986,0.04916
1232.50106,0.04940
1230.57226,0.04965
1228.64347,0.04992
1226.71467,0.05019
1224.78587,0.05044
1222.85708,0.05070
1220.92828,0.05101
1218.99948,0.05139
1217.07069,0.05180
1215.14189,0.05224
1213.21309,0.05277
1211.28430,0.05335
1209.35550,0.05398
1207.42670,0.05467
1205.49791,0.05547
1203.56911,0.05639
1201.64031,0.05748
1199.71152,0.05874
1197.78272,0.06015
1195.85392,0.06172
1193.92513,0.06352
1191.99633,0.06559
1190.06753,0.06794
1188.13874,0.07055
1186.20994,0.07347
1184.28114,0.07671
1182.35235,0.08031
1180.42355,0.08439
1178.49475,0.08897
1176.56596,0.09391
1174.63716,0.09909
1172.70836,0.10452
1170.77957,0.11015
1168.85077,0.11584
1166.92197,0.12135
1164.99318,0.12643
1163.06438,0.13084
1161.13558,0.13430
1159.20679,0.13657
1157.27799,0.13746
1155.34919,0.13688
1153.42040,0.13490
1151.49160,0.13169
1149.56280,0.12746
1147.63401,0.12247
1145.70521,0.11702
1143.77641,0.11137
1141.84762,0.10580
1139.91882,0.10047
1137.99002,0.09548
1136.06123,0.09089
1134.13243,0.08671
1132.20363,0.08297
1130.27484,0.07965
1128.34604,0.07668
1126.41724,0.07404
1124.48845,0.07170
1122.55965,0.06963
1120.63085,0.06781
1118.70206,0.06621
1116.77326,0.06476
1114.84446,0.06348
1112.91567,0.06238
1110.98687,0.06143
1109.05807,0.06059
1107.12928,0.05988
1105.20048,0.05928
1103.27168,0.05880
1101.34289,0.05843
1099.41409,0.05816
1097.48529,0.05799
1095.55650,0.05794
1093.62770,0.05805
1091.69890,0.05825
1089.77011,0.05852
1087.84131,0.05888
1085.91251,0.05930
1083.98372,0.05978
1082.05492,0.06028
1080.12612,0.06080
1078.19733,0.06135
1076.26853,0.06191
1074.33973,0.06246
1072.41094,0.06298
1070.48214,0.06342
1068.55334,0.06371
1066.62455,0.06385
1064.69575,0.06385
1062.76695,0.06372
1060.83816,0.06345
1058.90936,0.06306
1056.98056,0.06254
1055.05177,0.06190
1053.12297,0.06118
1051.19417,0.06044
1049.26538,0.05970
1047.33658,0.05899
1045.40778,0.05831
1043.47899,0.05766
1041.55019,0.05701
1039.62139,0.05639
1037.69260,0.05580
1035.76380,0.05521
1033.83500,0.05461
1031.90621,0.05402
1029.97741,0.05343
1028.04861,0.05287
1026.11982,0.05234
1024.19102,0.05185
1022.26222,0.05141
1020.33343,0.05102
1018.40463,0.05074
1016.47583,0.05054
1014.54704,0.05038
1012.61824,0.05020
1010.68944,0.04994
1008.76065,0.04954
1006.83185,0.04899
1004.90305,0.04830
1002.97426,0.04754
1001.04546,0.04679
999.11666,0.04615
997.18787,0.04566
995.25907,0.04530
993.33027,0.04502
991.40148,0.04474
989.47268,0.04446
987.54388,0.04417
985.61509,0.04383
983.68629,0.04346
981.75749,0.04306
979.82870,0.04260
977.89990,0.04210
975.97110,0.04159
974.04231,0.04109
972.11351,0.04060
970.18471,0.04010
968.25592,0.03959
966.32712,0.03909
964.39832,0.03861
962.46953,0.03813
960.54073,0.03763
958.61193,0.03713
956.68314,0.03663
954.75434,0.03613
952.82554,0.03566
950.89675,0.03523
948.96795,0.03480
947.03915,0.03438
945.11036,0.03399
943.18156,0.03362
941.25276,0.03325
939.32397,0.03287
937.39517,0.03249
935.46637,0.03209
933.53758,0.03166
931.60878,0.03119
929.67998,0.03068
927.75119,0.03016
925.82239,0.02962
923.89359,0.02905
921.96480,0.02844
920.03600,0.02785
918.10720,0.02728
916.17841,0.02670
914.24961,0.02611
912.32081,0.02554
910.39202,0.02497
908.46322,0.02445
906.53443,0.02395
904.60563,0.02346
902.67683,0.02299
900.74804,0.02259
898.81924,0.02222
896.89044,0.02183
894.96165,0.02139
893.03285,0.02091
891.10405,0.02043
889.17526,0.01996
887.24646,0.01949
885.31766,0.01899
883.38887,0.01844
881.46007,0.01789
879.53127,0.01737
877.60248,0.01687
875.67368,0.01635
873.74488,0.01585
871.81609,0.01537
869.88729,0.01491
867.95849,0.01445
866.02970,0.01397
864.10090,0.01349
862.17210,0.01300
860.24331,0.01251
858.31451,0.01203
856.38571,0.01161
854.45692,0.01134
852.52812,0.01115
850.59932,0.01094
848.67053,0.01068
846.74173,0.01048
844.81293,0.01038
842.88414,0.01030
840.95534,0.01010
839.02654,0.00984
837.09775,0.00962
835.16895,0.00947
833.24015,0.00941
831.31136,0.00934
829.38256,0.00920
827.45376,0.00908
825.52497,0.00900
823.59617,0.00893
821.66737,0.00894
819.73858,0.00900
817.80978,0.00901
815.88098,0.00903
813.95219,0.00917
812.02339,0.00941
810.09459,0.00969
808.16580,0.01007
806.23700,0.01052
804.30820,0.01103
802.37941,0.01172
800.45061,0.01256
798.52181,0.01353
796.59302,0.01475
794.66422,0.01618
792.73542,0.01755
790.80663,0.01880
788.87783,0.02002
786.94903,0.02104
785.02024,0.02147
783.09144,0.02111
781.16264,0.02012
779.23385,0.01897
777.30505,0.01780
775.37625,0.01631
773.44746,0.01453
771.51866,0.01304
769.58986,0.01214
767.66107,0.01158
765.73227,0.01116
763.80347,0.01081
761.87468,0.01040
759.94588,0.00997
758.01708,0.00978
756.08829,0.00981
754.15949,0.00972
752.23069,0.00945
750.30190,0.00915
748.37310,0.00883
