3496.90832,0.04620
3494.97953,0.04265
3493.05073,0.04178
3491.12193,0.04542
3489.19314,0.05107
3487.26434,0.05308
3485.33554,0.04758
3483.40675,0.04161
3481.47795,0.04262
3479.54915,0.04697
3477.62036,0.05229
3475.69156,0.05744
3473.76276,0.05688
3471.83397,0.05107
3469.90517,0.04665
3467.97637,0.04662
3466.04758,0.04850
3464.11878,0.04828
3462.18998,0.04485
3460.26119,0.04135
3458.33239,0.03838
3456.40359,0.03353
3454.47480,0.03101
3452.54600,0.03399
3450.61721,0.03649
3448.68841,0.03608
3446.75961,0.03826
3444.83082,0.04284
3442.90202,0.04301
3440.97322,0.03895
3439.04443,0.03527
3437.11563,0.03160
3435.18683,0.02764
3433.25804,0.02582
3431.32924,0.02800
3429.40044,0.03547
3427.47165,0.04293
3425.54285,0.04561
3423.61405,0.04692
3421.68526,0.04440
3419.75646,0.03786
3417.82766,0.03653
3415.89887,0.03827
3413.97007,0.03260
3412.04127,0.02031
3410.11248,0.01377
3408.18368,0.01783
3406.25488,0.02239
3404.32609,0.01986
3402.39729,0.01612
3400.46849,0.02030
3398.53970,0.02846
3396.61090,0.02896
3394.68210,0.02578
3392.75331,0.02986
3390.82451,0.03684
3388.89571,0.03960
3386.96692,0.03853
3385.03812,0.03402
3383.10932,0.02674
3381.18053,0.02166
3379.25173,0.02293
3377.32293,0.03049
3375.39414,0.03695
3373.46534,0.03821
3371.53654,0.03898
3369.60775,0.04199
3367.67895,0.04660
3365.75015,0.04963
3363.82136,0.04833
3361.89256,0.04208
3359.96376,0.03334
3358.03497,0.03008
3356.10617,0.03610
3354.17737,0.04194
3352.24858,0.04015
3350.31978,0.03876
3348.39098,0.04461
3346.46219,0.05016
3344.53339,0.04914
3342.60459,0.04642
3340.67580,0.04747
3338.74700,0.04822
3336.81820,0.04185
3334.88941,0.03429
3332.96061,0.03494
3331.03181,0.04059
3329.10302,0.04376
3327.17422,0.04003
3325.24542,0.03047
3323.31663,0.02284
3321.38783,0.02313
3319.45903,0.02997
3317.53024,0.03281
3315.60144,0.02348
3313.67264,0.01334
3311.74385,0.01316
3309.81505,0.01895
3307.88625,0.02661
3305.95746,0.02922
3304.02866,0.02422
3302.09986,0.02253
3300.17107,0.02738
3298.24227,0.02990
3296.31347,0.02733
3294.38468,0.02268
3292.45588,0.01859
3290.52708,0.01721
3288.59829,0.01687
3286.66949,0.01460
3284.74069,0.01324
3282.81190,0.01550
3280.88310,0.01628
3278.95430,0.01524
3277.02551,0.01840
3275.09671,0.02455
3273.16791,0.02914
3271.23912,0.02857
3269.31032,0.02142
3267.38152,0.01453
3265.45273,0.01322
3263.52393,0.01365
3261.59513,0.01139
3259.66634,0.00757
3257.73754,0.00730
3255.80874,0.01305
3253.87995,0.02007
3251.95115,0.02120
3250.02235,0.01548
3248.09356,0.00937
3246.16476,0.00833
3244.23596,0.01185
3242.30717,0.01379
3240.37837,0.01291
3238.44957,0.01961
3236.52078,0.03234
3234.59198,0.03493
3232.66318,0.02809
3230.73439,0.02231
3228.80559,0.01685
3226.87679,0.01179
3224.94800,0.01187
3223.01920,0.01713
3221.09040,0.02521
3219.16161,0.03266
3217.23281,0.03481
3215.30401,0.03136
3213.37522,0.02817
3211.44642,0.03176
3209.51762,0.03900
3207.58883,0.04014
3205.66003,0.03600
3203.73123,0.03459
3201.80244,0.03482
3199.87364,0.03146
3197.94484,0.02750
3196.01605,0.02718
3194.08725,0.02853
3192.15845,0.02923
3190.22966,0.03122
3188.30086,0.03543
3186.37206,0.03600
3184.44327,0.03142
3182.51447,0.02879
3180.58567,0.03015
3178.65688,0.03188
3176.72808,0.03094
3174.79928,0.02736
3172.87049,0.02378
3170.94169,0.02107
3169.01289,0.01914
3167.08410,0.01978
3165.15530,0.02321
3163.22650,0.02402
3161.29771,0.01968
3159.36891,0.01525
3157.44011,0.01479
3155.51132,0.01741
3153.58252,0.02006
3151.65372,0.02088
3149.72493,0.02018
3147.79613,0.01888
3145.86733,0.01776
3143.93854,0.01743
3142.00974,0.01900
3140.08094,0.02119
3138.15215,0.02080
3136.22335,0.01905
3134.29455,0.01920
3132.36576,0.02096
3130.43696,0.02173
3128.50816,0.02005
3126.57937,0.01867
3124.65057,0.02059
3122.72177,0.02338
3120.79298,0.02392
3118.86418,0.02299
3116.93538,0.02189
3115.00659,0.02008
3113.07779,0.01770
3111.14899,0.01723
3109.22020,0.01870
3107.29140,0.01966
3105.36260,0.01981
3103.43381,0.02000
3101.50501,0.02010
3099.57621,0.01949
3097.64742,0.01766
3095.71862,0.01614
3093.78982,0.01686
3091.86103,0.01813
3089.93223,0.01811
3088.00344,0.01799
3086.07464,0.01872
3084.14584,0.01973
3082.21705,0.02018
3080.28825,0.01984
3078.35945,0.01979
3076.43066,0.02031
3074.50186,0.02011
3072.57306,0.01946
3070.64427,0.01987
3068.71547,0.02078
3066.78667,0.02102
3064.85788,0.02078
3062.92908,0.02040
3061.00028,0.01994
3059.07149,0.01914
3057.14269,0.01852
3055.21389,0.01931
3053.28510,0.02087
3051.35630,0.02131
3049.42750,0.02013
3047.49871,0.01849
3045.56991,0.01824
3043.64111,0.01959
3041.71232,0.02094
3039.78352,0.02158
3037.85472,0.02164
3035.92593,0.02126
3033.99713,0.02073
3032.06833,0.02061
3030.13954,0.02120
3028.21074,0.02207
3026.28194,0.02255
3024.35315,0.02233
3022.42435,0.02208
3020.49555,0.02231
3018.56676,0.02245
3016.63796,0.02246
3014.70916,0.02265
3012.78037,0.02299
3010.85157,0.02355
3008.92277,0.02392
3006.99398,0.02388
3005.06518,0.02386
3003.13638,0.02377
3001.20759,0.02337
2999.27879,0.02296
2997.34999,0.02274
2995.42120,0.02307
2993.49240,0.02379
2991.56360,0.02388
2989.63481,0.02355
2987.70601,0.02359
2985.77721,0.02365
2983.84842,0.02377
2981.91962,0.02453
2979.99082,0.02516
2978.06203,0.02494
2976.13323,0.02472
2974.20443,0.02486
2972.27564,0.02491
2970.34684,0.02480
2968.41804,0.02443
2966.48925,0.02416
2964.56045,0.02459
2962.63165,0.02552
2960.70286,0.02630
2958.77406,0.02641
2956.84526,0.02615
2954.91647,0.02618
2952.98767,0.02638
2951.05887,0.02638
2949.13008,0.02645
2947.20128,0.02666
2945.27248,0.02671
2943.34369,0.02660
2941.41489,0.02637
2939.48609,0.02604
2937.55730,0.02583
2935.62850,0.02587
2933.69970,0.02603
2931.77091,0.02620
2929.84211,0.02624
2927.91331,0.02604
2925.98452,0.02593
2924.05572,0.02599
2922.12692,0.02595
2920.19813,0.02617
2918.26933,0.02700
2916.34053,0.02777
2914.41174,0.02784
2912.48294,0.02746
2910.55414,0.02718
2908.62535,0.02712
2906.69655,0.02703
2904.76775,0.02695
2902.83896,0.02703
2900.91016,0.02704
2898.98136,0.02708
2897.05257,0.02734
2895.12377,0.02753
2893.19497,0.02755
2891.26618,0.02775
2889.33738,0.02807
2887.40858,0.02807
2885.47979,0.02781
2883.55099,0.02783
2881.62219,0.02808
2879.69340,0.02808
2877.76460,0.02802
2875.83580,0.02825
2873.90701,0.02846
2871.97821,0.02852
2870.04941,0.02863
2868.12062,0.02884
2866.19182,0.02908
2864.26302,0.02946
2862.33423,0.02983
2860.40543,0.02991
2858.47663,0.02988
2856.54784,0.02977
2854.61904,0.02954
2852.69024,0.02957
2850.76145,0.02997
2848.83265,0.03036
2846.90385,0.03059
2844.97506,0.03076
2843.04626,0.03086
2841.11746,0.03097
2839.18867,0.03125
2837.25987,0.03155
2835.33107,0.03162
2833.40228,0.03150
2831.47348,0.03147
2829.54468,0.03169
2827.61589,0.03189
2825.68709,0.03201
2823.75829,0.03228
2821.82950,0.03265
2819.90070,0.03284
2817.97190,0.03280
2816.04311,0.03272
2814.11431,0.03265
2812.18551,0.03263
2810.25672,0.03271
2808.32792,0.03270
2806.39912,0.03253
2804.47033,0.03232
2802.54153,0.03211
2800.61273,0.03196
2798.68394,0.03182
2796.75514,0.03168
2794.82634,0.03158
2792.89755,0.03136
2790.96875,0.03106
2789.03995,0.03106
2787.11116,0.03125
2785.18236,0.03122
2783.25356,0.03094
2781.32477,0.03062
2779.39597,0.03031
2777.46717,0.03009
2775.53838,0.03010
2773.60958,0.03019
2771.68078,0.03014
2769.75199,0.03006
2767.82319,0.03019
2765.89439,0.03033
2763.96560,0.03019
2762.03680,0.02994
2760.10800,0.02989
2758.17921,0.02990
2756.25041,0.02976
2754.32161,0.02947
2752.39282,0.02908
2750.46402,0.02887
2748.53522,0.02910
2746.60643,0.02946
2744.67763,0.02957
2742.74883,0.02957
2740.82004,0.02961
2738.89124,0.02955
2736.96244,0.02946
2735.03365,0.02960
2733.10485,0.02980
2731.17605,0.02980
2729.24726,0.02968
2727.31846,0.02977
2725.38967,0.02995
2723.46087,0.02988
2721.53207,0.02970
2719.60328,0.02972
2717.67448,0.02989
2715.74568,0.02995
2713.81689,0.02984
2711.88809,0.02977
2709.95929,0.02975
2708.03050,0.02962
2706.10170,0.02951
2704.17290,0.02952
2702.24411,0.02944
2700.31531,0.02925
2698.38651,0.02922
2696.45772,0.02927
2694.52892,0.02925
2692.60012,0.02935
2690.67133,0.02956
2688.74253,0.02973
2686.81373,0.02981
2684.88494,0.02987
2682.95614,0.02995
2681.02734,0.02995
2679.09855,0.02991
2677.16975,0.02996
2675.24095,0.03000
2673.31216,0.02993
2671.38336,0.02984
2669.45456,0.02985
2667.52577,0.02989
2665.59697,0.02982
2663.66817,0.02971
2661.73938,0.02966
2659.81058,0.02954
2657.88178,0.02938
2655.95299,0.02931
2654.02419,0.02938
2652.09539,0.02953
2650.16660,0.02956
2648.23780,0.02958
2646.30900,0.02969
2644.38021,0.02976
2642.45141,0.02984
2640.52261,0.02993
2638.59382,0.02990
2636.66502,0.02986
2634.73622,0.02996
2632.80743,0.03021
2630.87863,0.03058
2628.94983,0.03084
2627.02104,0.03078
2625.09224,0.03063
2623.16344,0.03067
2621.23465,0.03090
2619.30585,0.03120
2617.37705,0.03135
2615.44826,0.03124
2613.51946,0.03103
2611.59066,0.03100
2609.66187,0.03124
2607.73307,0.03144
2605.80427,0.03144
2603.87548,0.03151
2601.94668,0.03161
2600.01788,0.03151
2598.08909,0.03134
2596.16029,0.03130
2594.23149,0.03130
2592.30270,0.03129
2590.37390,0.03146
2588.44510,0.03155
2586.51631,0.03106
2584.58751,0.03058
2582.65871,0.03071
2580.72992,0.03090
2578.80112,0.03092
2576.87232,0.03137
2574.94353,0.03203
2573.01473,0.03219
2571.08593,0.03209
2569.15714,0.03196
2567.22834,0.03165
2565.29954,0.03148
2563.37075,0.03152
2561.44195,0.03147
2559.51315,0.03141
2557.58436,0.03132
2555.65556,0.03098
2553.72676,0.03055
2551.79797,0.03041
2549.86917,0.03068
2547.94037,0.03115
2546.01158,0.03145
2544.08278,0.03132
2542.15398,0.03085
2540.22519,0.03048
2538.29639,0.03045
2536.36759,0.03065
2534.43880,0.03104
2532.51000,0.03134
2530.58120,0.03116
2528.65241,0.03089
2526.72361,0.03096
2524.79481,0.03114
2522.86602,0.03109
2520.93722,0.03084
2519.00842,0.03067
2517.07963,0.03082
2515.15083,0.03132
2513.22203,0.03162
2511.29324,0.03113
2509.36444,0.03036
2507.43564,0.03008
2505.50685,0.03015
2503.57805,0.03010
2501.64925,0.02999
2499.72046,0.03002
2497.79166,0.03008
2495.86286,0.03000
2493.93407,0.02998
2492.00527,0.03002
2490.07647,0.02992
2488.14768,0.02987
2486.21888,0.02996
2484.29008,0.03009
2482.36129,0.03023
2480.43249,0.03023
2478.50369,0.03022
2476.57490,0.03041
2474.64610,0.03057
2472.71730,0.03047
2470.78851,0.03022
2468.85971,0.03010
2466.93091,0.03008
2465.00212,0.03025
2463.07332,0.03059
2461.14452,0.03062
2459.21573,0.03016
2457.28693,0.02964
2455.35813,0.02926
2453.42934,0.02914
2451.50054,0.02935
2449.57174,0.02942
2447.64295,0.02899
2445.71415,0.02856
2443.78535,0.02867
2441.85656,0.02903
2439.92776,0.02917
2437.99896,0.02910
2436.07017,0.02891
2434.14137,0.02867
2432.21257,0.02861
2430.28378,0.02862
2428.35498,0.02851
2426.42618,0.02841
2424.49739,0.02840
2422.56859,0.02824
2420.63979,0.02782
2418.71100,0.02746
2416.78220,0.02741
2414.85340,0.02739
2412.92461,0.02718
2410.99581,0.02703
2409.06701,0.02721
2407.13822,0.02737
2405.20942,0.02707
2403.28062,0.02656
2401.35183,0.02617
2399.42303,0.02579
2397.49423,0.02551
2395.56544,0.02547
2393.63664,0.02563
2391.70784,0.02603
2389.77905,0.02701
2387.85025,0.02925
2385.92145,0.03366
2383.99266,0.04102
2382.06386,0.05147
2380.13506,0.06452
2378.20627,0.07907
2376.27747,0.09402
2374.34867,0.10918
2372.41988,0.12477
2370.49108,0.14046
2368.56228,0.15548
2366.63349,0.16922
2364.70469,0.18068
2362.77589,0.18832
2360.84710,0.19128
2358.91830,0.18932
2356.98951,0.18157
2355.06071,0.16745
2353.13191,0.14822
2351.20312,0.12883
2349.27432,0.11840
2347.34552,0.12262
2345.41673,0.13648
2343.48793,0.14625
2341.55913,0.14719
2339.63034,0.14466
2337.70154,0.14158
2335.77274,0.13875
2333.84395,0.13736
2331.91515,0.13729
2329.98635,0.13544
2328.05756,0.13066
2326.12876,0.12586
2324.19996,0.12279
2322.27117,0.11918
2320.34237,0.11212
2318.41357,0.10247
2316.48478,0.09371
2314.55598,0.08799
2312.62718,0.08423
2310.69839,0.08006
2308.76959,0.07463
2306.84079,0.06826
2304.91200,0.06174
2302.98320,0.05626
2301.05440,0.05211
2299.12561,0.04865
2297.19681,0.04558
2295.26801,0.04290
2293.33922,0.04042
2291.41042,0.03807
2289.48162,0.03597
2287.55283,0.03412
2285.62403,0.03256
2283.69523,0.03165
2281.76644,0.03151
2279.83764,0.03198
2277.90884,0.03316
2275.98005,0.03451
2274.05125,0.03486
2272.12245,0.03452
2270.19366,0.03489
2268.26486,0.03600
2266.33606,0.03661
2264.40727,0.03622
2262.47847,0.03563
2260.54967,0.03542
2258.62088,0.03557
2256.69208,0.03595
2254.76328,0.03612
2252.83449,0.03598
2250.90569,0.03610
2248.97689,0.03631
2247.04810,0.03606
2245.11930,0.03574
2243.19050,0.03591
2241.26171,0.03642
2239.33291,0.03678
2237.40411,0.03673
2235.47532,0.03691
2233.54652,0.03745
2231.61772,0.03735
2229.68893,0.03692
2227.76013,0.03720
2225.83133,0.03807
2223.90254,0.03912
2221.97374,0.04013
2220.04494,0.04059
2218.11615,0.04052
2216.18735,0.04042
2214.25855,0.04031
2212.32976,0.04011
2210.40096,0.04087
2208.47216,0.04284
2206.54337,0.04367
2204.61457,0.04250
2202.68577,0.04161
2200.75698,0.04224
2198.82818,0.04316
2196.89938,0.04313
2194.97059,0.04306
2193.04179,0.04391
2191.11299,0.04506
2189.18420,0.04626
2187.25540,0.04722
2185.32660,0.04714
2183.39781,0.04680
2181.46901,0.04747
2179.54021,0.04827
2177.61142,0.04777
2175.68262,0.04707
2173.75382,0.04737
2171.82503,0.04845
2169.89623,0.04984
2167.96743,0.05095
2166.03864,0.05228
2164.10984,0.05520
2162.18104,0.05909
2160.25225,0.06149
2158.32345,0.06164
2156.39465,0.05945
2154.46586,0.05484
2152.53706,0.05005
2150.60826,0.04642
2148.67947,0.04340
2146.75067,0.04117
2144.82187,0.03983
2142.89308,0.03824
2140.96428,0.03606
2139.03548,0.03409
2137.10669,0.03246
2135.17789,0.03125
2133.24909,0.03069
2131.32030,0.03008
2129.39150,0.02901
2127.46270,0.02788
2125.53391,0.02691
2123.60511,0.02579
2121.67631,0.02475
2119.74752,0.02442
2117.81872,0.02466
2115.88992,0.02482
2113.96113,0.02479
2112.03233,0.02487
2110.10353,0.02515
2108.17474,0.02546
2106.24594,0.02561
2104.31714,0.02556
2102.38835,0.02543
2100.45955,0.02541
2098.53075,0.02547
2096.60196,0.02524
2094.67316,0.02471
2092.74436,0.02392
2090.81557,0.02301
2088.88677,0.02288
2086.95797,0.02375
2085.02918,0.02479
2083.10038,0.02557
2081.17158,0.02614
2079.24279,0.02638
2077.31399,0.02635
2075.38519,0.02643
2073.45640,0.02678
2071.52760,0.02746
2069.59880,0.02837
2067.67001,0.02900
2065.74121,0.02909
2063.81241,0.02898
2061.88362,0.02855
2059.95482,0.02759
2058.02602,0.02704
2056.09723,0.02742
2054.16843,0.02835
2052.23963,0.02934
2050.31084,0.03047
2048.38204,0.03229
2046.45324,0.03413
2044.52445,0.03527
2042.59565,0.03588
2040.66685,0.03599
2038.73806,0.03564
2036.80926,0.03510
2034.88046,0.03525
2032.95167,0.03673
2031.02287,0.03881
2029.09407,0.04005
2027.16528,0.04001
2025.23648,0.03927
2023.30768,0.03773
2021.37889,0.03507
2019.45009,0.03297
2017.52129,0.03382
2015.59250,0.03636
2013.66370,0.03738
2011.73490,0.03698
2009.80611,0.03690
2007.87731,0.03607
2005.94851,0.03285
2004.01972,0.02942
2002.09092,0.02864
2000.16212,0.03001
1998.23333,0.03096
1996.30453,0.03042
1994.37574,0.02938
1992.44694,0.02903
1990.51814,0.02975
1988.58935,0.03069
1986.66055,0.03079
1984.73175,0.03008
1982.80296,0.02955
1980.87416,0.02996
1978.94536,0.03058
1977.01657,0.03054
1975.08777,0.03093
1973.15897,0.03193
1971.23018,0.03171
1969.30138,0.03044
1967.37258,0.03011
1965.44379,0.03065
1963.51499,0.03035
1961.58619,0.02888
1959.65740,0.02704
1957.72860,0.02510
1955.79980,0.02358
1953.87101,0.02296
1951.94221,0.02299
1950.01341,0.02317
1948.08462,0.02304
1946.15582,0.02296
1944.22702,0.02336
1942.29823,0.02307
1940.36943,0.02156
1938.44063,0.01992
1936.51184,0.01924
1934.58304,0.01955
1932.65424,0.01978
1930.72545,0.01953
1928.79665,0.01940
1926.86785,0.01946
1924.93906,0.01956
1923.01026,0.01993
1921.08146,0.02059
1919.15267,0.02103
1917.22387,0.02055
1915.29507,0.01964
1913.36628,0.01945
1911.43748,0.01987
1909.50868,0.01996
1907.57989,0.01938
1905.65109,0.01868
1903.72229,0.01824
1901.79350,0.01793
1899.86470,0.01785
1897.93590,0.01816
1896.00711,0.01861
1894.07831,0.01876
1892.14951,0.01879
1890.22072,0.01890
1888.29192,0.01869
1886.36312,0.01823
1884.43433,0.01809
1882.50553,0.01832
1880.57673,0.01854
1878.64794,0.01852
1876.71914,0.01838
1874.79034,0.01834
1872.86155,0.01876
1870.93275,0.01976
1869.00395,0.02035
1867.07516,0.01966
1865.14636,0.01863
1863.21756,0.01814
1861.28877,0.01799
1859.35997,0.01788
1857.43117,0.01767
1855.50238,0.01742
1853.57358,0.01732
1851.64478,0.01748
1849.71599,0.01793
1847.78719,0.01868
1845.85839,0.01961
1843.92960,0.01977
1842.00080,0.01885
1840.07200,0.01811
1838.14321,0.01801
1836.21441,0.01803
1834.28561,0.01812
1832.35682,0.01873
1830.42802,0.01941
1828.49922,0.01946
1826.57043,0.01932
1824.64163,0.01899
1822.71283,0.01824
1820.78404,0.01772
1818.85524,0.01772
1816.92644,0.01780
1814.99765,0.01781
1813.06885,0.01808
1811.14005,0.01836
1809.21126,0.01811
1807.28246,0.01758
1805.35366,0.01754
1803.42487,0.01824
1801.49607,0.01890
1799.56727,0.01880
1797.63848,0.01847
1795.70968,0.01876
1793.78088,0.01962
1791.85209,0.01986
1789.92329,0.01888
1787.99449,0.01814
1786.06570,0.01828
1784.13690,0.01852
1782.20810,0.01866
1780.27931,0.01870
1778.35051,0.01857
1776.42171,0.01879
1774.49292,0.01964
1772.56412,0.02034
1770.63532,0.02019
1768.70653,0.01951
1766.77773,0.01855
1764.84893,0.01806
1762.92014,0.01839
1760.99134,0.01859
1759.06254,0.01848
1757.13375,0.01834
1755.20495,0.01816
1753.27615,0.01872
1751.34736,0.02009
1749.41856,0.02055
1747.48976,0.01982
1745.56097,0.01916
1743.63217,0.01886
1741.70337,0.01861
1739.77458,0.01828
1737.84578,0.01838
1735.91698,0.01956
1733.98819,0.02082
1732.05939,0.02024
1730.13059,0.01886
1728.20180,0.01780
1726.27300,0.01738
1724.34420,0.01768
1722.41541,0.01841
1720.48661,0.02005
1718.55781,0.02259
1716.62902,0.02406
1714.70022,0.02368
1712.77142,0.02305
1710.84263,0.02350
1708.91383,0.02541
1706.98503,0.02862
1705.05624,0.03234
1703.12744,0.03642
1701.19864,0.04214
1699.26985,0.04853
1697.34105,0.05430
1695.41225,0.06102
1693.48346,0.06830
1691.55466,0.07674
1689.62586,0.08775
1687.69707,0.09996
1685.76827,0.11444
1683.83947,0.13252
1681.91068,0.14747
1679.98188,0.15918
1678.05308,0.17167
1676.12429,0.18615
1674.19549,0.20086
1672.26669,0.21317
1670.33790,0.22462
1668.40910,0.23484
1666.48030,0.24173
1664.55151,0.24742
1662.62271,0.25256
1660.69391,0.25554
1658.76512,0.25706
1656.83632,0.25903
1654.90752,0.26209
1652.97873,0.26379
1651.04993,0.26325
1649.12113,0.26486
1647.19234,0.26950
1645.26354,0.27526
1643.33474,0.28190
1641.40595,0.29148
1639.47715,0.30444
1637.54835,0.32117
1635.61956,0.34223
1633.69076,0.36162
1631.76197,0.37726
1629.83317,0.39331
1627.90437,0.40954
1625.97558,0.42292
1624.04678,0.43244
1622.11798,0.43740
1620.18919,0.43853
1618.26039,0.43792
1616.33159,0.43541
1614.40280,0.43205
1612.47400,0.43047
1610.54520,0.43149
1608.61641,0.43510
1606.68761,0.44096
1604.75881,0.44896
1602.83002,0.45855
1600.90122,0.46845
1598.97242,0.47744
1597.04363,0.48454
1595.11483,0.48864
1593.18603,0.48856
1591.25724,0.48400
1589.32844,0.47502
1587.39964,0.46203
1585.47085,0.44572
1583.54205,0.42680
1581.61325,0.40653
1579.68446,0.38685
1577.75566,0.36622
1575.82686,0.34138
1573.89807,0.31883
1571.96927,0.30122
1570.04047,0.28277
1568.11168,0.26371
1566.18288,0.24743
1564.25408,0.23378
1562.32529,0.22364
1560.39649,0.21473
1558.46769,0.20069
1556.53890,0.18653
1554.61010,0.17616
1552.68130,0.16738
1550.75251,0.15972
1548.82371,0.15273
1546.89491,0.14730
1544.96612,0.14362
1543.03732,0.14039
1541.10852,0.13608
1539.17973,0.12936
1537.25093,0.12361
1535.32213,0.12053
1533.39334,0.11776
1531.46454,0.11418
1529.53574,0.11153
1527.60695,0.11005
1525.67815,0.10855
1523.74935,0.10719
1521.82056,0.10587
1519.89176,0.10384
1517.96296,0.10174
1516.03417,0.09957
1514.10537,0.09751
1512.17657,0.09689
1510.24778,0.09829
1508.31898,0.10042
1506.39018,0.09964
1504.46139,0.09661
1502.53259,0.09584
1500.60379,0.09765
1498.67500,0.10098
1496.74620,0.10467
1494.81740,0.10827
1492.88861,0.11326
1490.95981,0.12107
1489.03101,0.13013
1487.10222,0.13817
1485.17342,0.14644
1483.24462,0.15657
1481.31583,0.16865
1479.38703,0.18179
1477.45823,0.19589
1475.52944,0.21097
1473.60064,0.22615
1471.67184,0.23934
1469.74305,0.24871
1467.81425,0.25646
1465.88545,0.26400
1463.95666,0.26922
1462.02786,0.27142
1460.09906,0.27250
1458.17027,0.27119
1456.24147,0.26320
1454.31267,0.25162
1452.38388,0.24029
1450.45508,0.22863
1448.52628,0.21578
1446.59749,0.20168
1444.66869,0.18800
1442.73989,0.17547
1440.81110,0.16452
1438.88230,0.15543
1436.95350,0.14580
1435.02471,0.13511
1433.09591,0.12634
1431.16711,0.11926
1429.23832,0.11247
1427.30952,0.10642
1425.38072,0.10161
1423.45193,0.09754
1421.52313,0.09446
1419.59433,0.09189
1417.66554,0.08804
1415.73674,0.08348
1413.80794,0.07983
1411.87915,0.07713
1409.95035,0.07484
1408.02155,0.07298
1406.09276,0.07151
1404.16396,0.06975
1402.23516,0.06809
1400.30637,0.06735
1398.37757,0.06698
1396.44877,0.06613
1394.51998,0.06443
1392.59118,0.06223
1390.66238,0.06088
1388.73359,0.06059
1386.80479,0.05989
1384.87599,0.05831
1382.94720,0.05700
1381.01840,0.05639
1379.08960,0.05612
1377.16081,0.05609
1375.23201,0.05612
1373.30321,0.05545
1371.37442,0.05424
1369.44562,0.05334
1367.51682,0.05283
1365.58803,0.05291
1363.65923,0.05348
1361.73043,0.05321
1359.80164,0.05191
1357.87284,0.05082
1355.94404,0.05030
1354.01525,0.04991
1352.08645,0.04952
1350.15765,0.04922
1348.22886,0.04897
1346.30006,0.04876
1344.37126,0.04879
1342.44247,0.04948
1340.51367,0.05057
1338.58487,0.05086
1336.65608,0.05006
1334.72728,0.04919
1332.79848,0.04878
1330.86969,0.04865
1328.94089,0.04850
1327.01209,0.04825
1325.08330,0.04798
1323.15450,0.04781
1321.22570,0.04782
1319.29691,0.04786
1317.36811,0.04768
1315.43931,0.04734
1313.51052,0.04702
1311.58172,0.04664
1309.65292,0.04630
1307.72413,0.04607
1305.79533,0.04588
1303.86653,0.04573
1301.93774,0.04565
1300.00894,0.04563
1298.08014,0.04566
1296.15135,0.04569
1294.22255,0.04570
1292.29375,0.04576
1290.36496,0.04590
1288.43616,0.04601
1286.50736,0.04602
1284.57857,0.04597
1282.64977,0.04596
1280.72097,0.04598
1278.79218,0.04597
1276.86338,0.04594
1274.93458,0.04598
1273.00579,0.04609
1271.07699,0.04616
1269.14820,0.04614
1267.21940,0.04607
1265.29060,0.04599
1263.36181,0.04594
1261.43301,0.04593
1259.50421,0.04591
1257.57542,0.04585
1255.64662,0.04583
1253.71782,0.04591
1251.78903,0.04603
1249.86023,0.04616
1247.93143,0.04632
1246.00264,0.04652
1244.07384,0.04674
1242.14504,0.04692
1240.21625,0.04707
1238.28745,0.04723
1236.35865,0.04741
1234.42986,0.04758
1232.50106,0.04778
1230.57226,0.04801
1228.64347,0.04826
1226.71467,0.04850
1224.78587,0.04872
1222.85708,0.04895
1220.92828,0.04923
1218.99948,0.04957
1217.07069,0.04994
1215.14189,0.05035
1213.21309,0.05081
1211.28430,0.05129
1209.35550,0.05181
1207.42670,0.05240
1205.49791,0.05310
1203.56911,0.05393
1201.64031,0.05490
1199.71152,0.05600
1197.78272,0.05722
1195.85392,0.05859
1193.92513,0.06018
1191.99633,0.06201
1190.06753,0.06408
1188.13874,0.06638
1186.20994,0.06895
1184.28114,0.07178
1182.35235,0.07492
1180.42355,0.07852
1178.49475,0.08256
1176.56596,0.08690
1174.63716,0.09145
1172.70836,0.09622
1170.77957,0.10117
1168.85077,0.10618
1166.92197,0.11104
1164.99318,0.11553
1163.06438,0.11942
1161.13558,0.12247
1159.20679,0.12443
1157.27799,0.12514
1155.34919,0.12456
1153.42040,0.12276
1151.49160,0.11988
1149.56280,0.11611
1147.63401,0.11167
1145.70521,0.10682
1143.77641,0.10180
1141.84762,0.09688
1139.91882,0.09220
1137.99002,0.08782
1136.06123,0.08378
1134.13243,0.08012
1132.20363,0.07683
1130.27484,0.07390
1128.34604,0.07128
1126.41724,0.06896
1124.48845,0.06693
1122.55965,0.06515
1120.63085,0.06356
1118.70206,0.06215
1116.77326,0.06089
1114.84446,0.05978
1112.91567,0.05882
1110.98687,0.05799
1109.05807,0.05725
1107.12928,0.05661
1105.20048,0.05610
1103.27168,0.05570
1101.34289,0.05540
1099.41409,0.05519
1097.48529,0.05506
1095.55650,0.05505
1093.62770,0.05519
1091.69890,0.05544
1089.77011,0.05575
1087.84131,0.05614
1085.91251,0.05658
1083.98372,0.05708
1082.05492,0.05760
1080.12612,0.05815
1078.19733,0.05869
1076.26853,0.05923
1074.33973,0.05973
1072.41094,0.06020
1070.48214,0.06060
1068.55334,0.06089
1066.62455,0.06105
1064.69575,0.06105
1062.76695,0.06091
1060.83816,0.06063
1058.90936,0.06026
1056.98056,0.05978
1055.05177,0.05916
1053.12297,0.05846
1051.19417,0.05775
1049.26538,0.05707
1047.33658,0.05644
1045.40778,0.05585
1043.47899,0.05529
1041.55019,0.05473
1039.62139,0.05418
1037.69260,0.05363
1035.76380,0.05310
1033.83500,0.05261
1031.90621,0.05212
1029.97741,0.05161
1028.04861,0.05110
1026.11982,0.05061
1024.19102,0.05015
1022.26222,0.04972
1020.33343,0.04935
1018.40463,0.04908
1016.47583,0.04890
1014.54704,0.04877
1012.61824,0.04863
1010.68944,0.04839
1008.76065,0.04799
1006.83185,0.04745
1004.90305,0.04681
1002.97426,0.04612
1001.04546,0.04547
999.11666,0.04492
997.18787,0.04450
995.25907,0.04420
993.33027,0.04396
991.40148,0.04371
989.47268,0.04346
987.54388,0.04321
985.61509,0.04292
983.68629,0.04258
981.75749,0.04223
979.82870,0.04186
977.89990,0.04146
975.97110,0.04103
974.04231,0.04058
972.11351,0.04012
970.18471,0.03967
968.25592,0.03923
966.32712,0.03880
964.39832,0.03838
962.46953,0.03793
960.54073,0.03748
958.61193,0.03704
956.68314,0.03661
954.75434,0.03618
952.82554,0.03579
950.89675,0.03542
948.96795,0.03504
947.03915,0.03467
945.11036,0.03434
943.18156,0.03403
941.25276,0.03372
939.32397,0.03338
937.39517,0.03305
935.46637,0.03270
933.53758,0.03232
931.60878,0.03190
929.67998,0.03146
927.75119,0.03101
925.82239,0.03055
923.89359,0.03008
921.96480,0.02955
920.03600,0.02900
918.10720,0.02848
916.17841,0.02799
914.24961,0.02748
912.32081,0.02695
910.39202,0.02645
908.46322,0.02601
906.53443,0.02562
904.60563,0.02524
902.67683,0.02487
900.74804,0.02451
898.81924,0.02415
896.89044,0.02379
894.96165,0.02341
893.03285,0.02302
891.10405,0.02262
889.17526,0.02224
887.24646,0.02186
885.31766,0.02143
883.38887,0.02097
881.46007,0.02055
879.53127,0.02013
877.60248,0.01969
875.67368,0.01924
873.74488,0.01880
871.81609,0.01836
869.88729,0.01795
867.95849,0.01757
866.02970,0.01719
864.10090,0.01676
862.17210,0.01631
860.24331,0.01590
858.31451,0.01555
856.38571,0.01522
854.45692,0.01496
852.52812,0.01476
850.59932,0.01457
848.67053,0.01435
846.74173,0.01417
844.81293,0.01406
842.88414,0.01395
840.95534,0.01379
839.02654,0.01367
837.09775,0.01366
835.16895,0.01362
833.24015,0.01350
831.31136,0.01333
829.38256,0.01322
827.45376,0.01318
825.52497,0.01315
823.59617,0.01308
821.66737,0.01307
819.73858,0.01312
817.80978,0.01318
815.88098,0.01326
813.95219,0.01345
812.02339,0.01371
810.09459,0.01393
808.16580,0.01420
806.23700,0.01458
804.30820,0.01507
802.37941,0.01573
800.45061,0.01650
798.52181,0.01736
796.59302,0.01846
794.66422,0.01974
792.73542,0.02098
790.80663,0.02215
788.87783,0.02316
786.94903,0.02390
785.02024,0.02429
783.09144,0.02418
781.16264,0.02357
779.23385,0.02268
777.30505,0.02152
775.37625,0.02007
773.44746,0.01864
771.51866,0.01759
769.58986,0.01695
767.66107,0.01658
765.73227,0.01633
763.80347,0.01601
761.87468,0.01557
759.94588,0.01520
758.01708,0.01498
756.08829,0.01475
754.15949,0.01450
752.23069,0.01447
750.30190,0.01462
748.37310,0.01473
