3496.90832,0.04945
3494.97953,0.04469
3493.05073,0.04182
3491.12193,0.04460
3489.19314,0.05105
3487.26434,0.05590
3485.33554,0.05194
3483.40675,0.04406
3481.47795,0.04297
3479.54915,0.04553
3477.62036,0.04693
3475.69156,0.04882
3473.76276,0.04995
3471.83397,0.05126
3469.90517,0.05525
3467.97637,0.05810
3466.04758,0.05673
3464.11878,0.05305
3462.18998,0.04913
3460.26119,0.04725
3458.33239,0.04552
3456.40359,0.04098
3454.47480,0.03648
3452.54600,0.03118
3450.61721,0.02596
3448.68841,0.02881
3446.75961,0.03787
3444.83082,0.04194
3442.90202,0.03995
3440.97322,0.03745
3439.04443,0.03480
3437.11563,0.03032
3435.18683,0.02623
3433.25804,0.02645
3431.32924,0.02913
3429.40044,0.03239
3427.47165,0.03877
3425.54285,0.04382
3423.61405,0.04180
3421.68526,0.03395
3419.75646,0.02460
3417.82766,0.02216
3415.89887,0.02533
3413.97007,0.02662
3412.04127,0.02731
3410.11248,0.02845
3408.18368,0.02855
3406.25488,0.02682
3404.32609,0.02139
3402.39729,0.01797
3400.46849,0.02360
3398.53970,0.02996
3396.61090,0.02511
3394.68210,0.01536
3392.75331,0.01641
3390.82451,0.02916
3388.89571,0.04126
3386.96692,0.04477
3385.03812,0.04123
3383.10932,0.03931
3381.18053,0.04402
3379.25173,0.04738
3377.32293,0.04464
3375.39414,0.04062
3373.46534,0.03914
3371.53654,0.03975
3369.60775,0.04022
3367.67895,0.04282
3365.75015,0.04609
3363.82136,0.04342
3361.89256,0.03831
3359.96376,0.03659
3358.03497,0.03611
3356.10617,0.03701
3354.17737,0.04165
3352.24858,0.04733
3350.31978,0.05275
3348.39098,0.05803
3346.46219,0.05777
3344.53339,0.05109
3342.60459,0.04625
3340.67580,0.04731
3338.74700,0.05091
3336.81820,0.04843
3334.88941,0.03593
3332.96061,0.02378
3331.03181,0.02067
3329.10302,0.02476
3327.17422,0.03174
3325.24542,0.03525
3323.31663,0.03079
3321.38783,0.02420
3319.45903,0.02231
3317.53024,0.02565
3315.60144,0.03146
3313.67264,0.03290
3311.74385,0.02841
3309.81505,0.02670
3307.88625,0.03306
3305.95746,0.03942
3304.02866,0.03472
3302.09986,0.02487
3300.17107,0.02078
3298.24227,0.02041
3296.31347,0.02046
3294.38468,0.02031
3292.45588,0.01808
3290.52708,0.01467
3288.59829,0.01368
3286.66949,0.01468
3284.74069,0.01542
3282.81190,0.01931
3280.88310,0.02584
3278.95430,0.02937
3277.02551,0.02855
3275.09671,0.02508
3273.16791,0.02216
3271.23912,0.02101
3269.31032,0.01951
3267.38152,0.01916
3265.45273,0.02059
3263.52393,0.01713
3261.59513,0.00714
3259.66634,0.00121
3257.73754,0.00614
3255.80874,0.01631
3253.87995,0.02320
3251.95115,0.02444
3250.02235,0.02188
3248.09356,0.01748
3246.16476,0.01554
3244.23596,0.01903
3242.30717,0.02304
3240.37837,0.02368
3238.44957,0.02484
3236.52078,0.02752
3234.59198,0.02874
3232.66318,0.02937
3230.73439,0.03014
3228.80559,0.02727
3226.87679,0.02023
3224.94800,0.01665
3223.01920,0.02231
3221.09040,0.03213
3219.16161,0.03950
3217.23281,0.04474
3215.30401,0.04673
3213.37522,0.04526
3211.44642,0.04648
3209.51762,0.04787
3207.58883,0.04193
3205.66003,0.03368
3203.73123,0.02957
3201.80244,0.02951
3199.87364,0.03219
3197.94484,0.03487
3196.01605,0.03478
3194.08725,0.03184
3192.15845,0.02867
3190.22966,0.02877
3188.30086,0.03174
3186.37206,0.03385
3184.44327,0.03378
3182.51447,0.03268
3180.58567,0.03146
3178.65688,0.03014
3176.72808,0.02822
3174.79928,0.02583
3172.87049,0.02321
3170.94169,0.01980
3169.01289,0.01650
3167.08410,0.01581
3165.15530,0.02003
3163.22650,0.02697
3161.29771,0.03053
3159.36891,0.02873
3157.44011,0.02442
3155.51132,0.02206
3153.58252,0.02393
3151.65372,0.02512
3149.72493,0.02143
3147.79613,0.01813
3145.86733,0.02024
3143.93854,0.02363
3142.00974,0.02380
3140.08094,0.02212
3138.15215,0.02021
3136.22335,0.01886
3134.29455,0.01891
3132.36576,0.02017
3130.43696,0.02228
3128.50816,0.02332
3126.57937,0.02252
3124.65057,0.02259
3122.72177,0.02361
3120.79298,0.02374
3118.86418,0.02431
3116.93538,0.02545
3115.00659,0.02423
3113.07779,0.02073
3111.14899,0.01863
3109.22020,0.01937
3107.29140,0.02108
3105.36260,0.02125
3103.43381,0.01970
3101.50501,0.01926
3099.57621,0.02045
3097.64742,0.02047
3095.71862,0.01924
3093.78982,0.01841
3091.86103,0.01768
3089.93223,0.01754
3088.00344,0.01901
3086.07464,0.02071
3084.14584,0.02108
3082.21705,0.02074
3080.28825,0.02059
3078.35945,0.02043
3076.43066,0.01990
3074.50186,0.01920
3072.57306,0.01873
3070.64427,0.01875
3068.71547,0.01884
3066.78667,0.01855
3064.85788,0.01855
3062.92908,0.01916
3061.00028,0.01943
3059.07149,0.01922
3057.14269,0.01935
3055.21389,0.01983
3053.28510,0.01981
3051.35630,0.01879
3049.42750,0.01752
3047.49871,0.01735
3045.56991,0.01864
3043.64111,0.02015
3041.71232,0.02068
3039.78352,0.02060
3037.85472,0.02091
3035.92593,0.02166
3033.99713,0.02210
3032.06833,0.02222
3030.13954,0.02250
3028.21074,0.02273
3026.28194,0.02272
3024.35315,0.02229
3022.42435,0.02152
3020.49555,0.02124
3018.56676,0.02175
3016.63796,0.02231
3014.70916,0.02252
3012.78037,0.02262
3010.85157,0.02281
3008.92277,0.02313
3006.99398,0.02364
3005.06518,0.02407
3003.13638,0.02375
3001.20759,0.02273
2999.27879,0.02205
2997.34999,0.02227
2995.42120,0.02310
2993.49240,0.02376
2991.56360,0.02373
2989.63481,0.02369
2987.70601,0.02394
2985.77721,0.02381
2983.84842,0.02356
2981.91962,0.02393
2979.99082,0.02452
2978.06203,0.02463
2976.13323,0.02443
2974.20443,0.02433
2972.27564,0.02420
2970.34684,0.02401
2968.41804,0.02395
2966.48925,0.02402
2964.56045,0.02415
2962.63165,0.02431
2960.70286,0.02444
2958.77406,0.02468
2956.84526,0.02511
2954.91647,0.02549
2952.98767,0.02564
2951.05887,0.02556
2949.13008,0.02552
2947.20128,0.02567
2945.27248,0.02576
2943.34369,0.02550
2941.41489,0.02510
2939.48609,0.02531
2937.55730,0.02599
2935.62850,0.02607
2933.69970,0.02569
2931.77091,0.02568
2929.84211,0.02579
2927.91331,0.02555
2925.98452,0.02523
2924.05572,0.02510
2922.12692,0.02534
2920.19813,0.02609
2918.26933,0.02683
2916.34053,0.02704
2914.41174,0.02667
2912.48294,0.02604
2910.55414,0.02573
2908.62535,0.02592
2906.69655,0.02614
2904.76775,0.02618
2902.83896,0.02604
2900.91016,0.02585
2898.98136,0.02602
2897.05257,0.02647
2895.12377,0.02665
2893.19497,0.02670
2891.26618,0.02694
2889.33738,0.02704
2887.40858,0.02686
2885.47979,0.02672
2883.55099,0.02684
2881.62219,0.02722
2879.69340,0.02753
2877.76460,0.02750
2875.83580,0.02738
2873.90701,0.02751
2871.97821,0.02775
2870.04941,0.02779
2868.12062,0.02773
2866.19182,0.02788
2864.26302,0.02825
2862.33423,0.02859
2860.40543,0.02880
2858.47663,0.02889
2856.54784,0.02881
2854.61904,0.02874
2852.69024,0.02887
2850.76145,0.02910
2848.83265,0.02945
2846.90385,0.02991
2844.97506,0.03034
2843.04626,0.03066
2841.11746,0.03072
2839.18867,0.03055
2837.25987,0.03043
2835.33107,0.03056
2833.40228,0.03083
2831.47348,0.03096
2829.54468,0.03086
2827.61589,0.03065
2825.68709,0.03059
2823.75829,0.03093
2821.82950,0.03137
2819.90070,0.03151
2817.97190,0.03144
2816.04311,0.03147
2814.11431,0.03160
2812.18551,0.03171
2810.25672,0.03164
2808.32792,0.03133
2806.39912,0.03112
2804.47033,0.03115
2802.54153,0.03112
2800.61273,0.03101
2798.68394,0.03097
2796.75514,0.03082
2794.82634,0.03050
2792.89755,0.03030
2790.96875,0.03035
2789.03995,0.03042
2787.11116,0.03025
2785.18236,0.02993
2783.25356,0.02978
2781.32477,0.02976
2779.39597,0.02959
2777.46717,0.02923
2775.53838,0.02899
2773.60958,0.02897
2771.68078,0.02903
2769.75199,0.02906
2767.82319,0.02911
2765.89439,0.02911
2763.96560,0.02892
2762.03680,0.02864
2760.10800,0.02849
2758.17921,0.02852
2756.25041,0.02864
2754.32161,0.02863
2752.39282,0.02838
2750.46402,0.02815
2748.53522,0.02813
2746.60643,0.02820
2744.67763,0.02838
2742.74883,0.02863
2740.82004,0.02873
2738.89124,0.02854
2736.96244,0.02836
2735.03365,0.02846
2733.10485,0.02866
2731.17605,0.02862
2729.24726,0.02845
2727.31846,0.02835
2725.38967,0.02830
2723.46087,0.02822
2721.53207,0.02832
2719.60328,0.02867
2717.67448,0.02888
2715.74568,0.02872
2713.81689,0.02849
2711.88809,0.02844
2709.95929,0.02839
2708.03050,0.02821
2706.10170,0.02808
2704.17290,0.02815
2702.24411,0.02830
2700.31531,0.02845
2698.38651,0.02859
2696.45772,0.02868
2694.52892,0.02865
2692.60012,0.02859
2690.67133,0.02852
2688.74253,0.02848
2686.81373,0.02855
2684.88494,0.02869
2682.95614,0.02878
2681.02734,0.02878
2679.09855,0.02882
2677.16975,0.02887
2675.24095,0.02881
2673.31216,0.02869
2671.38336,0.02856
2669.45456,0.02845
2667.52577,0.02844
2665.59697,0.02850
2663.66817,0.02857
2661.73938,0.02866
2659.81058,0.02873
2657.88178,0.02864
2655.95299,0.02848
2654.02419,0.02850
2652.09539,0.02873
2650.16660,0.02885
2648.23780,0.02872
2646.30900,0.02861
2644.38021,0.02874
2642.45141,0.02903
2640.52261,0.02916
2638.59382,0.02902
2636.66502,0.02891
2634.73622,0.02904
2632.80743,0.02921
2630.87863,0.02923
2628.94983,0.02923
2627.02104,0.02929
2625.09224,0.02934
2623.16344,0.02938
2621.23465,0.02946
2619.30585,0.02959
2617.37705,0.02964
2615.44826,0.02957
2613.51946,0.02956
2611.59066,0.02962
2609.66187,0.02954
2607.73307,0.02944
2605.80427,0.02967
2603.87548,0.03022
2601.94668,0.03056
2600.01788,0.03042
2598.08909,0.03020
2596.16029,0.03016
2594.23149,0.03007
2592.30270,0.03006
2590.37390,0.03048
2588.44510,0.03059
2586.51631,0.02994
2584.58751,0.02955
2582.65871,0.02974
2580.72992,0.02967
2578.80112,0.02943
2576.87232,0.02982
2574.94353,0.03032
2573.01473,0.03013
2571.08593,0.02996
2569.15714,0.03041
2567.22834,0.03087
2565.29954,0.03083
2563.37075,0.03041
2561.44195,0.03004
2559.51315,0.02999
2557.58436,0.03006
2555.65556,0.03016
2553.72676,0.03033
2551.79797,0.03040
2549.86917,0.03028
2547.94037,0.03013
2546.01158,0.03008
2544.08278,0.03019
2542.15398,0.03012
2540.22519,0.02976
2538.29639,0.02972
2536.36759,0.03019
2534.43880,0.03057
2532.51000,0.03049
2530.58120,0.03026
2528.65241,0.03000
2526.72361,0.02947
2524.79481,0.02865
2522.86602,0.02808
2520.93722,0.02818
2519.00842,0.02848
2517.07963,0.02859
2515.15083,0.02878
2513.22203,0.02919
2511.29324,0.02942
2509.36444,0.02932
2507.43564,0.02927
2505.50685,0.02947
2503.57805,0.02949
2501.64925,0.02925
2499.72046,0.02917
2497.79166,0.02921
2495.86286,0.02913
2493.93407,0.02902
2492.00527,0.02870
2490.07647,0.02836
2488.14768,0.02856
2486.21888,0.02901
2484.29008,0.02921
2482.36129,0.02925
2480.43249,0.02935
2478.50369,0.02952
2476.57490,0.02957
2474.64610,0.02921
2472.71730,0.02863
2470.78851,0.02846
2468.85971,0.02870
2466.93091,0.02885
2465.00212,0.02880
2463.07332,0.02884
2461.14452,0.02891
2459.21573,0.02881
2457.28693,0.02868
2455.35813,0.02847
2453.42934,0.02812
2451.50054,0.02799
2449.57174,0.02812
2447.64295,0.02818
2445.71415,0.02809
2443.78535,0.02798
2441.85656,0.02779
2439.92776,0.02762
2437.99896,0.02760
2436.07017,0.02745
2434.14137,0.02724
2432.21257,0.02726
2430.28378,0.02729
2428.35498,0.02730
2426.42618,0.02747
2424.49739,0.02766
2422.56859,0.02752
2420.63979,0.02698
2418.71100,0.02637
2416.78220,0.02616
2414.85340,0.02623
2412.92461,0.02613
2410.99581,0.02591
2409.06701,0.02599
2407.13822,0.02619
2405.20942,0.02611
2403.28062,0.02596
2401.35183,0.02581
2399.42303,0.02540
2397.49423,0.02494
2395.56544,0.02484
2393.63664,0.02500
2391.70784,0.02530
2389.77905,0.02618
2387.85025,0.02856
2385.92145,0.03330
2383.99266,0.04125
2382.06386,0.05291
2380.13506,0.06766
2378.20627,0.08392
2376.27747,0.10062
2374.34867,0.11781
2372.41988,0.13567
2370.49108,0.15375
2368.56228,0.17120
2366.63349,0.18690
2364.70469,0.19957
2362.77589,0.20823
2360.84710,0.21211
2358.91830,0.21017
2356.98951,0.20098
2355.06071,0.18446
2353.13191,0.16248
2351.20312,0.14050
2349.27432,0.12879
2347.34552,0.13381
2345.41673,0.14988
2343.48793,0.16130
2341.55913,0.16268
2339.63034,0.16001
2337.70154,0.15633
2335.77274,0.15300
2333.84395,0.15167
2331.91515,0.15152
2329.98635,0.14904
2328.05756,0.14356
2326.12876,0.13811
2324.19996,0.13406
2322.27117,0.12894
2320.34237,0.12026
2318.41357,0.10957
2316.48478,0.10042
2314.55598,0.09444
2312.62718,0.09014
2310.69839,0.08515
2308.76959,0.07878
2306.84079,0.07161
2304.91200,0.06470
2302.98320,0.05898
2301.05440,0.05427
2299.12561,0.05004
2297.19681,0.04647
2295.26801,0.04381
2293.33922,0.04144
2291.41042,0.03866
2289.48162,0.03591
2287.55283,0.03380
2285.62403,0.03204
2283.69523,0.03067
2281.76644,0.03041
2279.83764,0.03123
2277.90884,0.03231
2275.98005,0.03321
2274.05125,0.03400
2272.12245,0.03447
2270.19366,0.03443
2268.26486,0.03426
2266.33606,0.03455
2264.40727,0.03510
2262.47847,0.03514
2260.54967,0.03479
2258.62088,0.03503
2256.69208,0.03601
2254.76328,0.03674
2252.83449,0.03648
2250.90569,0.03552
2248.97689,0.03477
2247.04810,0.03473
2245.11930,0.03519
2243.19050,0.03578
2241.26171,0.03616
2239.33291,0.03637
2237.40411,0.03663
2235.47532,0.03683
2233.54652,0.03660
2231.61772,0.03630
2229.68893,0.03688
2227.76013,0.03788
2225.83133,0.03788
2223.90254,0.03702
2221.97374,0.03667
2220.04494,0.03755
2218.11615,0.03896
2216.18735,0.03990
2214.25855,0.04023
2212.32976,0.04005
2210.40096,0.04010
2208.47216,0.04119
2206.54337,0.04194
2204.61457,0.04150
2202.68577,0.04126
2200.75698,0.04192
2198.82818,0.04368
2196.89938,0.04527
2194.97059,0.04460
2193.04179,0.04328
2191.11299,0.04344
2189.18420,0.04423
2187.25540,0.04520
2185.32660,0.04654
2183.39781,0.04739
2181.46901,0.04792
2179.54021,0.04865
2177.61142,0.04840
2175.68262,0.04712
2173.75382,0.04635
2171.82503,0.04688
2169.89623,0.04813
2167.96743,0.04932
2166.03864,0.05147
2164.10984,0.05497
2162.18104,0.05703
2160.25225,0.05707
2158.32345,0.05759
2156.39465,0.05716
2154.46586,0.05421
2152.53706,0.05043
2150.60826,0.04703
2148.67947,0.04463
2146.75067,0.04271
2144.82187,0.04018
2142.89308,0.03721
2140.96428,0.03480
2139.03548,0.03367
2137.10669,0.03350
2135.17789,0.03308
2133.24909,0.03151
2131.32030,0.02940
2129.39150,0.02775
2127.46270,0.02634
2125.53391,0.02492
2123.60511,0.02384
2121.67631,0.02324
2119.74752,0.02293
2117.81872,0.02295
2115.88992,0.02329
2113.96113,0.02352
2112.03233,0.02354
2110.10353,0.02361
2108.17474,0.02373
2106.24594,0.02385
2104.31714,0.02431
2102.38835,0.02509
2100.45955,0.02515
2098.53075,0.02432
2096.60196,0.02363
2094.67316,0.02332
2092.74436,0.02278
2090.81557,0.02204
2088.88677,0.02191
2086.95797,0.02269
2085.02918,0.02353
2083.10038,0.02382
2081.17158,0.02403
2079.24279,0.02455
2077.31399,0.02521
2075.38519,0.02552
2073.45640,0.02528
2071.52760,0.02506
2069.59880,0.02533
2067.67001,0.02607
2065.74121,0.02658
2063.81241,0.02633
2061.88362,0.02593
2059.95482,0.02596
2058.02602,0.02622
2056.09723,0.02661
2054.16843,0.02729
2052.23963,0.02823
2050.31084,0.02968
2048.38204,0.03211
2046.45324,0.03501
2044.52445,0.03697
2042.59565,0.03745
2040.66685,0.03744
2038.73806,0.03721
2036.80926,0.03681
2034.88046,0.03793
2032.95167,0.03977
2031.02287,0.03912
2029.09407,0.03678
2027.16528,0.03566
2025.23648,0.03572
2023.30768,0.03557
2021.37889,0.03486
2019.45009,0.03409
2017.52129,0.03378
2015.59250,0.03353
2013.66370,0.03345
2011.73490,0.03441
2009.80611,0.03554
2007.87731,0.03453
2005.94851,0.03181
2004.01972,0.02986
2002.09092,0.02954
2000.16212,0.03058
1998.23333,0.03122
1996.30453,0.02995
1994.37574,0.02794
1992.44694,0.02667
1990.51814,0.02634
1988.58935,0.02697
1986.66055,0.02808
1984.73175,0.02864
1982.80296,0.02887
1980.87416,0.02973
1978.94536,0.03124
1977.01657,0.03243
1975.08777,0.03187
1973.15897,0.02973
1971.23018,0.02759
1969.30138,0.02669
1967.37258,0.02717
1965.44379,0.02800
1963.51499,0.02808
1961.58619,0.02688
1959.65740,0.02511
1957.72860,0.02382
1955.79980,0.02298
1953.87101,0.02220
1951.94221,0.02158
1950.01341,0.02139
1948.08462,0.02121
1946.15582,0.02086
1944.22702,0.02077
1942.29823,0.02072
1940.36943,0.02001
1938.44063,0.01895
1936.51184,0.01853
1934.58304,0.01898
1932.65424,0.01916
1930.72545,0.01855
1928.79665,0.01800
1926.86785,0.01785
1924.93906,0.01756
1923.01026,0.01719
1921.08146,0.01712
1919.15267,0.01718
1917.22387,0.01715
1915.29507,0.01724
1913.36628,0.01747
1911.43748,0.01768
1909.50868,0.01760
1907.57989,0.01722
1905.65109,0.01691
1903.72229,0.01688
1901.79350,0.01698
1899.86470,0.01702
1897.93590,0.01697
1896.00711,0.01689
1894.07831,0.01675
1892.14951,0.01656
1890.22072,0.01640
1888.29192,0.01628
1886.36312,0.01617
1884.43433,0.01614
1882.50553,0.01630
1880.57673,0.01638
1878.64794,0.01618
1876.71914,0.01597
1874.79034,0.01603
1872.86155,0.01617
1870.93275,0.01606
1869.00395,0.01578
1867.07516,0.01581
1865.14636,0.01615
1863.21756,0.01638
1861.28877,0.01630
1859.35997,0.01617
1857.43117,0.01612
1855.50238,0.01608
1853.57358,0.01608
1851.64478,0.01606
1849.71599,0.01596
1847.78719,0.01575
1845.85839,0.01539
1843.92960,0.01516
1842.00080,0.01531
1840.07200,0.01555
1838.14321,0.01566
1836.21441,0.01567
1834.28561,0.01555
1832.35682,0.01528
1830.42802,0.01494
1828.49922,0.01496
1826.57043,0.01522
1824.64163,0.01531
1822.71283,0.01529
1820.78404,0.01526
1818.85524,0.01531
1816.92644,0.01549
1814.99765,0.01558
1813.06885,0.01547
1811.14005,0.01532
1809.21126,0.01531
1807.28246,0.01533
1805.35366,0.01536
1803.42487,0.01533
1801.49607,0.01517
1799.56727,0.01505
1797.63848,0.01511
1795.70968,0.01510
1793.78088,0.01481
1791.85209,0.01462
1789.92329,0.01483
1787.99449,0.01512
1786.06570,0.01525
1784.13690,0.01519
1782.20810,0.01508
1780.27931,0.01504
1778.35051,0.01502
1776.42171,0.01480
1774.49292,0.01420
1772.56412,0.01361
1770.63532,0.01384
1768.70653,0.01452
1766.77773,0.01485
1764.84893,0.01485
1762.92014,0.01470
1760.99134,0.01466
1759.06254,0.01479
1757.13375,0.01481
1755.20495,0.01476
1753.27615,0.01466
1751.34736,0.01435
1749.41856,0.01400
1747.48976,0.01401
1745.56097,0.01422
1743.63217,0.01418
1741.70337,0.01379
1739.77458,0.01344
1737.84578,0.01343
1735.91698,0.01325
1733.98819,0.01298
1732.05939,0.01338
1730.13059,0.01396
1728.20180,0.01435
1726.27300,0.01459
1724.34420,0.01477
1722.41541,0.01484
1720.48661,0.01472
1718.55781,0.01459
1716.62902,0.01521
1714.70022,0.01674
1712.77142,0.01841
1710.84263,0.02006
1708.91383,0.02169
1706.98503,0.02365
1705.05624,0.02639
1703.12744,0.02944
1701.19864,0.03323
1699.26985,0.03886
1697.34105,0.04582
1695.41225,0.05465
1693.48346,0.06440
1691.55466,0.07391
1689.62586,0.08448
1687.69707,0.09540
1685.76827,0.10736
1683.83947,0.12377
1681.91068,0.14061
1679.98188,0.15470
1678.05308,0.16788
1676.12429,0.18176
1674.19549,0.19618
1672.26669,0.20848
1670.33790,0.21952
1668.40910,0.23067
1666.48030,0.23937
1664.55151,0.24546
1662.62271,0.25041
1660.69391,0.25420
1658.76512,0.25631
1656.83632,0.25684
1654.90752,0.25617
1652.97873,0.25584
1651.04993,0.25756
1649.12113,0.25996
1647.19234,0.26405
1645.26354,0.27148
1643.33474,0.28059
1641.40595,0.29103
1639.47715,0.30301
1637.54835,0.31735
1635.61956,0.33726
1633.69076,0.35918
1631.76197,0.37739
1629.83317,0.39384
1627.90437,0.40945
1625.97558,0.42217
1624.04678,0.43126
1622.11798,0.43690
1620.18919,0.43875
1618.26039,0.43747
1616.33159,0.43465
1614.40280,0.43272
1612.47400,0.43226
1610.54520,0.43333
1608.61641,0.43691
1606.68761,0.44313
1604.75881,0.45140
1602.83002,0.46110
1600.90122,0.47128
1598.97242,0.48059
1597.04363,0.48773
1595.11483,0.49176
1593.18603,0.49181
1591.25724,0.48749
1589.32844,0.47872
1587.39964,0.46592
1585.47085,0.44970
1583.54205,0.43066
1581.61325,0.40996
1579.68446,0.38904
1577.75566,0.36631
1575.82686,0.34057
1573.89807,0.31882
1571.96927,0.30099
1570.04047,0.28155
1568.11168,0.26270
1566.18288,0.24708
1564.25408,0.23313
1562.32529,0.22077
1560.39649,0.20707
1558.46769,0.19061
1556.53890,0.17963
1554.61010,0.17225
1552.68130,0.16474
1550.75251,0.15738
1548.82371,0.15048
1546.89491,0.14427
1544.96612,0.13820
1543.03732,0.13178
1541.10852,0.12531
1539.17973,0.12034
1537.25093,0.11780
1535.32213,0.11542
1533.39334,0.11224
1531.46454,0.10940
1529.53574,0.10712
1527.60695,0.10454
1525.67815,0.10171
1523.74935,0.09902
1521.82056,0.09659
1519.89176,0.09481
1517.96296,0.09353
1516.03417,0.09257
1514.10537,0.09193
1512.17657,0.09132
1510.24778,0.09041
1508.31898,0.08914
1506.39018,0.08884
1504.46139,0.09059
1502.53259,0.09268
1500.60379,0.09448
1498.67500,0.09669
1496.74620,0.10034
1494.81740,0.10512
1492.88861,0.11012
1490.95981,0.11620
1489.03101,0.12438
1487.10222,0.13402
1485.17342,0.14435
1483.24462,0.15546
1481.31583,0.16767
1479.38703,0.18046
1477.45823,0.19340
1475.52944,0.20667
1473.60064,0.22072
1471.67184,0.23519
1469.74305,0.24713
1467.81425,0.25594
1465.88545,0.26306
1463.95666,0.26842
1462.02786,0.27094
1460.09906,0.27030
1458.17027,0.26596
1456.24147,0.25816
1454.31267,0.24961
1452.38388,0.24019
1450.45508,0.22875
1448.52628,0.21555
1446.59749,0.20171
1444.66869,0.18862
1442.73989,0.17619
1440.81110,0.16454
1438.88230,0.15370
1436.95350,0.14238
1435.02471,0.13207
1433.09591,0.12419
1431.16711,0.11706
1429.23832,0.11020
1427.30952,0.10439
1425.38072,0.09935
1423.45193,0.09474
1421.52313,0.09069
1419.59433,0.08678
1417.66554,0.08327
1415.73674,0.08059
1413.80794,0.07820
1411.87915,0.07585
1409.95035,0.07366
1408.02155,0.07164
1406.09276,0.06969
1404.16396,0.06783
1402.23516,0.06621
1400.30637,0.06470
1398.37757,0.06327
1396.44877,0.06200
1394.51998,0.06082
1392.59118,0.05982
1390.66238,0.05896
1388.73359,0.05802
1386.80479,0.05696
1384.87599,0.05603
1382.94720,0.05527
1381.01840,0.05459
1379.08960,0.05391
1377.16081,0.05321
1375.23201,0.05254
1373.30321,0.05200
1371.37442,0.05158
1369.44562,0.05118
1367.51682,0.05077
1365.58803,0.05041
1363.65923,0.05007
1361.73043,0.04975
1359.80164,0.04947
1357.87284,0.04920
1355.94404,0.04891
1354.01525,0.04862
1352.08645,0.04835
1350.15765,0.04811
1348.22886,0.04790
1346.30006,0.04770
1344.37126,0.04753
1342.44247,0.04741
1340.51367,0.04735
1338.58487,0.04730
1336.65608,0.04725
1334.72728,0.04720
1332.79848,0.04713
1330.86969,0.04702
1328.94089,0.04682
1327.01209,0.04657
1325.08330,0.04629
1323.15450,0.04603
1321.22570,0.04580
1319.29691,0.04560
1317.36811,0.04540
1315.43931,0.04522
1313.51052,0.04507
1311.58172,0.04497
1309.65292,0.04490
1307.72413,0.04481
1305.79533,0.04472
1303.86653,0.04466
1301.93774,0.04462
1300.00894,0.04458
1298.08014,0.04455
1296.15135,0.04451
1294.22255,0.04446
1292.29375,0.04440
1290.36496,0.04435
1288.43616,0.04432
1286.50736,0.04432
1284.57857,0.04433
1282.64977,0.04432
1280.72097,0.04429
1278.79218,0.04426
1276.86338,0.04424
1274.93458,0.04426
1273.00579,0.04429
1271.07699,0.04433
1269.14820,0.04437
1267.21940,0.04444
1265.29060,0.04450
1263.36181,0.04453
1261.43301,0.04455
1259.50421,0.04461
1257.57542,0.04468
1255.64662,0.04476
1253.71782,0.04488
1251.78903,0.04502
1249.86023,0.04515
1247.93143,0.04527
1246.00264,0.04539
1244.07384,0.04550
1242.14504,0.04559
1240.21625,0.04566
1238.28745,0.04575
1236.35865,0.04587
1234.42986,0.04599
1232.50106,0.04614
1230.57226,0.04634
1228.64347,0.04656
1226.71467,0.04678
1224.78587,0.04703
1222.85708,0.04733
1220.92828,0.04766
1218.99948,0.04802
1217.07069,0.04845
1215.14189,0.04894
1213.21309,0.04948
1211.28430,0.05003
1209.35550,0.05062
1207.42670,0.05129
1205.49791,0.05206
1203.56911,0.05294
1201.64031,0.05393
1199.71152,0.05504
1197.78272,0.05625
1195.85392,0.05760
1193.92513,0.05915
1191.99633,0.06092
1190.06753,0.06292
1188.13874,0.06515
1186.20994,0.06765
1184.28114,0.07045
1182.35235,0.07361
1180.42355,0.07723
1178.49475,0.08130
1176.56596,0.08570
1174.63716,0.09037
1172.70836,0.09529
1170.77957,0.10038
1168.85077,0.10551
1166.92197,0.11048
1164.99318,0.11508
1163.06438,0.11907
1161.13558,0.12220
1159.20679,0.12423
1157.27799,0.12502
1155.34919,0.12452
1153.42040,0.12276
1151.49160,0.11984
1149.56280,0.11598
1147.63401,0.11145
1145.70521,0.10651
1143.77641,0.10138
1141.84762,0.09628
1139.91882,0.09141
1137.99002,0.08686
1136.06123,0.08268
1134.13243,0.07890
1132.20363,0.07551
1130.27484,0.07251
1128.34604,0.06985
1126.41724,0.06750
1124.48845,0.06547
1122.55965,0.06371
1120.63085,0.06217
1118.70206,0.06081
1116.77326,0.05961
1114.84446,0.05854
1112.91567,0.05763
1110.98687,0.05685
1109.05807,0.05616
1107.12928,0.05560
1105.20048,0.05515
1103.27168,0.05475
1101.34289,0.05440
1099.41409,0.05415
1097.48529,0.05399
1095.55650,0.05394
1093.62770,0.05399
1091.69890,0.05411
1089.77011,0.05432
1087.84131,0.05463
1085.91251,0.05501
1083.98372,0.05545
1082.05492,0.05593
1080.12612,0.05644
1078.19733,0.05700
1076.26853,0.05759
1074.33973,0.05817
1072.41094,0.05869
1070.48214,0.05913
1068.55334,0.05948
1066.62455,0.05971
1064.69575,0.05980
1062.76695,0.05974
1060.83816,0.05953
1058.90936,0.05920
1056.98056,0.05875
1055.05177,0.05815
1053.12297,0.05745
1051.19417,0.05674
1049.26538,0.05603
1047.33658,0.05536
1045.40778,0.05471
1043.47899,0.05406
1041.55019,0.05341
1039.62139,0.05274
1037.69260,0.05208
1035.76380,0.05147
1033.83500,0.05091
1031.90621,0.05037
1029.97741,0.04984
1028.04861,0.04932
1026.11982,0.04884
1024.19102,0.04841
1022.26222,0.04805
1020.33343,0.04774
1018.40463,0.04750
1016.47583,0.04737
1014.54704,0.04730
1012.61824,0.04721
1010.68944,0.04703
1008.76065,0.04669
1006.83185,0.04620
1004.90305,0.04558
1002.97426,0.04490
1001.04546,0.04424
999.11666,0.04365
997.18787,0.04316
995.25907,0.04278
993.33027,0.04246
991.40148,0.04213
989.47268,0.04177
987.54388,0.04142
985.61509,0.04108
983.68629,0.04070
981.75749,0.04030
979.82870,0.03991
977.89990,0.03953
975.97110,0.03916
974.04231,0.03877
972.11351,0.03837
970.18471,0.03795
968.25592,0.03755
966.32712,0.03719
964.39832,0.03686
962.46953,0.03649
960.54073,0.03608
958.61193,0.03567
956.68314,0.03527
954.75434,0.03487
952.82554,0.03449
950.89675,0.03413
948.96795,0.03375
947.03915,0.03332
945.11036,0.03289
943.18156,0.03248
941.25276,0.03205
939.32397,0.03162
937.39517,0.03121
935.46637,0.03082
933.53758,0.03041
931.60878,0.02997
929.67998,0.02953
927.75119,0.02911
925.82239,0.02869
923.89359,0.02824
921.96480,0.02773
920.03600,0.02723
918.10720,0.02678
916.17841,0.02634
914.24961,0.02587
912.32081,0.02539
910.39202,0.02495
908.46322,0.02457
906.53443,0.02420
904.60563,0.02381
902.67683,0.02342
900.74804,0.02307
898.81924,0.02271
896.89044,0.02229
894.96165,0.02179
893.03285,0.02125
891.10405,0.02073
889.17526,0.02024
887.24646,0.01974
885.31766,0.01925
883.38887,0.01880
881.46007,0.01836
879.53127,0.01793
877.60248,0.01751
875.67368,0.01711
873.74488,0.01673
871.81609,0.01636
869.88729,0.01602
867.95849,0.01570
866.02970,0.01537
864.10090,0.01499
862.17210,0.01461
860.24331,0.01429
858.31451,0.01399
856.38571,0.01371
854.45692,0.01349
852.52812,0.01331
850.59932,0.01307
848.67053,0.01278
846.74173,0.01254
844.81293,0.01239
842.88414,0.01224
840.95534,0.01199
839.02654,0.01168
837.09775,0.01141
835.16895,0.01123
833.24015,0.01108
831.31136,0.01097
829.38256,0.01095
827.45376,0.01100
825.52497,0.01101
823.59617,0.01096
821.66737,0.01095
819.73858,0.01099
817.80978,0.01107
815.88098,0.01124
813.95219,0.01149
812.02339,0.01176
810.09459,0.01205
808.16580,0.01240
806.23700,0.01281
804.30820,0.01324
802.37941,0.01377
800.45061,0.01444
798.52181,0.01529
796.59302,0.01645
794.66422,0.01777
792.73542,0.01891
790.80663,0.01987
788.87783,0.02082
786.94903,0.02161
785.02024,0.02200
783.09144,0.02194
781.16264,0.02141
779.23385,0.02051
777.30505,0.01934
775.37625,0.01796
773.44746,0.01660
771.51866,0.01556
769.58986,0.01487
767.66107,0.01446
765.73227,0.01426
763.80347,0.01412
761.87468,0.01384
759.94588,0.01352
758.01708,0.01338
756.08829,0.01330
754.15949,0.01319
752.23069,0.01324
750.30190,0.01333
748.37310,0.01293
