3496.90832,0.05155
3494.97953,0.04580
3493.05073,0.03721
3491.12193,0.03410
3489.19314,0.03962
3487.26434,0.04877
3485.33554,0.05012
3483.40675,0.04435
3481.47795,0.04172
3479.54915,0.04288
3477.62036,0.04602
3475.69156,0.05298
3473.76276,0.05917
3471.83397,0.05754
3469.90517,0.05068
3467.97637,0.04633
3466.04758,0.04825
3464.11878,0.05368
3462.18998,0.05696
3460.26119,0.05771
3458.33239,0.05342
3456.40359,0.04093
3454.47480,0.03087
3452.54600,0.03200
3450.61721,0.03807
3448.68841,0.04038
3446.75961,0.04060
3444.83082,0.04285
3442.90202,0.04468
3440.97322,0.04624
3439.04443,0.04757
3437.11563,0.04444
3435.18683,0.03616
3433.25804,0.02807
3431.32924,0.02736
3429.40044,0.03459
3427.47165,0.04190
3425.54285,0.04260
3423.61405,0.04111
3421.68526,0.04255
3419.75646,0.04372
3417.82766,0.04557
3415.89887,0.04533
3413.97007,0.03708
3412.04127,0.02678
3410.11248,0.01968
3408.18368,0.01783
3406.25488,0.02199
3404.32609,0.02728
3402.39729,0.03113
3400.46849,0.03418
3398.53970,0.03294
3396.61090,0.02401
3394.68210,0.01594
3392.75331,0.01831
3390.82451,0.02660
3388.89571,0.03504
3386.96692,0.03851
3385.03812,0.03105
3383.10932,0.02308
3381.18053,0.02872
3379.25173,0.04028
3377.32293,0.04226
3375.39414,0.03468
3373.46534,0.03020
3371.53654,0.03669
3369.60775,0.04595
3367.67895,0.04923
3365.75015,0.04847
3363.82136,0.04525
3361.89256,0.03905
3359.96376,0.03694
3358.03497,0.04390
3356.10617,0.05210
3354.17737,0.05407
3352.24858,0.05258
3350.31978,0.05223
3348.39098,0.05254
3346.46219,0.05017
3344.53339,0.04771
3342.60459,0.04665
3340.67580,0.04353
3338.74700,0.04041
3336.81820,0.03724
3334.88941,0.03230
3332.96061,0.03218
3331.03181,0.03888
3329.10302,0.04600
3327.17422,0.04828
3325.24542,0.04239
3323.31663,0.03262
3321.38783,0.03163
3319.45903,0.04018
3317.53024,0.04467
3315.60144,0.03921
3313.67264,0.02970
3311.74385,0.02199
3309.81505,0.01916
3307.88625,0.02260
3305.95746,0.02605
3304.02866,0.02195
3302.09986,0.01509
3300.17107,0.01263
3298.24227,0.01427
3296.31347,0.01576
3294.38468,0.01543
3292.45588,0.01551
3290.52708,0.01304
3288.59829,0.00775
3286.66949,0.00690
3284.74069,0.00993
3282.81190,0.01177
3280.88310,0.01298
3278.95430,0.01646
3277.02551,0.02216
3275.09671,0.02613
3273.16791,0.02576
3271.23912,0.02435
3269.31032,0.02380
3267.38152,0.02145
3265.45273,0.01858
3263.52393,0.01585
3261.59513,0.01084
3259.66634,0.00869
3257.73754,0.01440
3255.80874,0.02256
3253.87995,0.02439
3251.95115,0.02023
3250.02235,0.01839
3248.09356,0.01977
3246.16476,0.01915
3244.23596,0.01808
3242.30717,0.01765
3240.37837,0.01665
3238.44957,0.01949
3236.52078,0.02633
3234.59198,0.03149
3232.66318,0.03221
3230.73439,0.02885
3228.80559,0.02403
3226.87679,0.01947
3224.94800,0.01818
3223.01920,0.02339
3221.09040,0.03158
3219.16161,0.03780
3217.23281,0.04179
3215.30401,0.04270
3213.37522,0.03858
3211.44642,0.03567
3209.51762,0.03908
3207.58883,0.04137
3205.66003,0.03901
3203.73123,0.03648
3201.80244,0.03505
3199.87364,0.03533
3197.94484,0.03676
3196.01605,0.03536
3194.08725,0.03206
3192.15845,0.03286
3190.22966,0.03790
3188.30086,0.03997
3186.37206,0.03645
3184.44327,0.03276
3182.51447,0.03111
3180.58567,0.03020
3178.65688,0.03151
3176.72808,0.03323
3174.79928,0.03084
3172.87049,0.02514
3170.94169,0.02066
3169.01289,0.01864
3167.08410,0.01727
3165.15530,0.01797
3163.22650,0.02146
3161.29771,0.02468
3159.36891,0.02535
3157.44011,0.02444
3155.51132,0.02581
3153.58252,0.02872
3151.65372,0.02779
3149.72493,0.02347
3147.79613,0.02115
3145.86733,0.02321
3143.93854,0.02612
3142.00974,0.02611
3140.08094,0.02478
3138.15215,0.02435
3136.22335,0.02461
3134.29455,0.02467
3132.36576,0.02414
3130.43696,0.02323
3128.50816,0.02101
3126.57937,0.01836
3124.65057,0.01838
3122.72177,0.02042
3120.79298,0.02252
3118.86418,0.02411
3116.93538,0.02350
3115.00659,0.02095
3113.07779,0.01988
3111.14899,0.02076
3109.22020,0.02056
3107.29140,0.02002
3105.36260,0.02069
3103.43381,0.02051
3101.50501,0.01956
3099.57621,0.01925
3097.64742,0.01902
3095.71862,0.01873
3093.78982,0.01842
3091.86103,0.01805
3089.93223,0.01831
3088.00344,0.01920
3086.07464,0.02009
3084.14584,0.02060
3082.21705,0.02064
3080.28825,0.02043
3078.35945,0.02020
3076.43066,0.02005
3074.50186,0.02007
3072.57306,0.02019
3070.64427,0.01996
3068.71547,0.01865
3066.78667,0.01705
3064.85788,0.01716
3062.92908,0.01853
3061.00028,0.01939
3059.07149,0.01957
3057.14269,0.01971
3055.21389,0.02032
3053.28510,0.02116
3051.35630,0.02150
3049.42750,0.02104
3047.49871,0.01996
3045.56991,0.01923
3043.64111,0.01974
3041.71232,0.02069
3039.78352,0.02062
3037.85472,0.01995
3035.92593,0.02025
3033.99713,0.02124
3032.06833,0.02178
3030.13954,0.02191
3028.21074,0.02200
3026.28194,0.02201
3024.35315,0.02165
3022.42435,0.02115
3020.49555,0.02121
3018.56676,0.02171
3016.63796,0.02209
3014.70916,0.02237
3012.78037,0.02266
3010.85157,0.02282
3008.92277,0.02288
3006.99398,0.02295
3005.06518,0.02302
3003.13638,0.02287
3001.20759,0.02254
2999.27879,0.02257
2997.34999,0.02287
2995.42120,0.02314
2993.49240,0.02351
2991.56360,0.02351
2989.63481,0.02314
2987.70601,0.02308
2985.77721,0.02311
2983.84842,0.02302
2981.91962,0.02333
2979.99082,0.02379
2978.06203,0.02383
2976.13323,0.02379
2974.20443,0.02379
2972.27564,0.02363
2970.34684,0.02387
2968.41804,0.02448
2966.48925,0.02478
2964.56045,0.02466
2962.63165,0.02431
2960.70286,0.02409
2958.77406,0.02447
2956.84526,0.02533
2954.91647,0.02602
2952.98767,0.02597
2951.05887,0.02546
2949.13008,0.02538
2947.20128,0.02568
2945.27248,0.02568
2943.34369,0.02540
2941.41489,0.02518
2939.48609,0.02541
2937.55730,0.02596
2935.62850,0.02593
2933.69970,0.02535
2931.77091,0.02505
2929.84211,0.02507
2927.91331,0.02495
2925.98452,0.02483
2924.05572,0.02499
2922.12692,0.02534
2920.19813,0.02583
2918.26933,0.02632
2916.34053,0.02667
2914.41174,0.02681
2912.48294,0.02661
2910.55414,0.02618
2908.62535,0.02579
2906.69655,0.02549
2904.76775,0.02544
2902.83896,0.02570
2900.91016,0.02609
2898.98136,0.02651
2897.05257,0.02671
2895.12377,0.02652
2893.19497,0.02656
2891.26618,0.02703
2889.33738,0.02724
2887.40858,0.02705
2885.47979,0.02692
2883.55099,0.02724
2881.62219,0.02800
2879.69340,0.02847
2877.76460,0.02835
2875.83580,0.02813
2873.90701,0.02792
2871.97821,0.02764
2870.04941,0.02755
2868.12062,0.02785
2866.19182,0.02828
2864.26302,0.02858
2862.33423,0.02872
2860.40543,0.02877
2858.47663,0.02900
2856.54784,0.02921
2854.61904,0.02915
2852.69024,0.02920
2850.76145,0.02953
2848.83265,0.02988
2846.90385,0.03006
2844.97506,0.03017
2843.04626,0.03036
2841.11746,0.03064
2839.18867,0.03089
2837.25987,0.03088
2835.33107,0.03072
2833.40228,0.03074
2831.47348,0.03099
2829.54468,0.03112
2827.61589,0.03098
2825.68709,0.03089
2823.75829,0.03107
2821.82950,0.03139
2819.90070,0.03156
2817.97190,0.03142
2816.04311,0.03127
2814.11431,0.03143
2812.18551,0.03180
2810.25672,0.03197
2808.32792,0.03166
2806.39912,0.03123
2804.47033,0.03120
2802.54153,0.03143
2800.61273,0.03155
2798.68394,0.03138
2796.75514,0.03108
2794.82634,0.03080
2792.89755,0.03048
2790.96875,0.03024
2789.03995,0.03022
2787.11116,0.03023
2785.18236,0.03012
2783.25356,0.02996
2781.32477,0.02979
2779.39597,0.02964
2777.46717,0.02954
2775.53838,0.02937
2773.60958,0.02914
2771.68078,0.02907
2769.75199,0.02920
2767.82319,0.02940
2765.89439,0.02951
2763.96560,0.02931
2762.03680,0.02891
2760.10800,0.02866
2758.17921,0.02860
2756.25041,0.02858
2754.32161,0.02845
2752.39282,0.02815
2750.46402,0.02800
2748.53522,0.02818
2746.60643,0.02846
2744.67763,0.02861
2742.74883,0.02857
2740.82004,0.02845
2738.89124,0.02832
2736.96244,0.02830
2735.03365,0.02850
2733.10485,0.02869
2731.17605,0.02866
2729.24726,0.02857
2727.31846,0.02860
2725.38967,0.02869
2723.46087,0.02864
2721.53207,0.02849
2719.60328,0.02846
2717.67448,0.02855
2715.74568,0.02866
2713.81689,0.02873
2711.88809,0.02869
2709.95929,0.02854
2708.03050,0.02835
2706.10170,0.02833
2704.17290,0.02853
2702.24411,0.02863
2700.31531,0.02849
2698.38651,0.02841
2696.45772,0.02851
2694.52892,0.02864
2692.60012,0.02869
2690.67133,0.02866
2688.74253,0.02860
2686.81373,0.02858
2684.88494,0.02857
2682.95614,0.02861
2681.02734,0.02875
2679.09855,0.02892
2677.16975,0.02897
2675.24095,0.02893
2673.31216,0.02881
2671.38336,0.02860
2669.45456,0.02845
2667.52577,0.02848
2665.59697,0.02859
2663.66817,0.02864
2661.73938,0.02851
2659.81058,0.02833
2657.88178,0.02829
2655.95299,0.02837
2654.02419,0.02842
2652.09539,0.02846
2650.16660,0.02855
2648.23780,0.02875
2646.30900,0.02901
2644.38021,0.02912
2642.45141,0.02908
2640.52261,0.02899
2638.59382,0.02886
2636.66502,0.02885
2634.73622,0.02899
2632.80743,0.02916
2630.87863,0.02929
2628.94983,0.02931
2627.02104,0.02926
2625.09224,0.02927
2623.16344,0.02937
2621.23465,0.02950
2619.30585,0.02968
2617.37705,0.02986
2615.44826,0.02984
2613.51946,0.02971
2611.59066,0.02968
2609.66187,0.02977
2607.73307,0.02990
2605.80427,0.03003
2603.87548,0.03017
2601.94668,0.03032
2600.01788,0.03035
2598.08909,0.03038
2596.16029,0.03052
2594.23149,0.03062
2592.30270,0.03080
2590.37390,0.03107
2588.44510,0.03083
2586.51631,0.02998
2584.58751,0.02942
2582.65871,0.02958
2580.72992,0.02983
2578.80112,0.02988
2576.87232,0.03007
2574.94353,0.03034
2573.01473,0.03041
2571.08593,0.03037
2569.15714,0.03048
2567.22834,0.03081
2565.29954,0.03112
2563.37075,0.03096
2561.44195,0.03042
2559.51315,0.03002
2557.58436,0.02994
2555.65556,0.02992
2553.72676,0.02972
2551.79797,0.02965
2549.86917,0.03017
2547.94037,0.03094
2546.01158,0.03105
2544.08278,0.03049
2542.15398,0.03000
2540.22519,0.02976
2538.29639,0.02967
2536.36759,0.02980
2534.43880,0.03011
2532.51000,0.03041
2530.58120,0.03039
2528.65241,0.03003
2526.72361,0.02965
2524.79481,0.02922
2522.86602,0.02875
2520.93722,0.02852
2519.00842,0.02859
2517.07963,0.02890
2515.15083,0.02941
2513.22203,0.02974
2511.29324,0.02961
2509.36444,0.02932
2507.43564,0.02933
2505.50685,0.02958
2503.57805,0.02960
2501.64925,0.02938
2499.72046,0.02934
2497.79166,0.02940
2495.86286,0.02937
2493.93407,0.02943
2492.00527,0.02941
2490.07647,0.02914
2488.14768,0.02899
2486.21888,0.02909
2484.29008,0.02919
2482.36129,0.02918
2480.43249,0.02909
2478.50369,0.02900
2476.57490,0.02893
2474.64610,0.02881
2472.71730,0.02862
2470.78851,0.02852
2468.85971,0.02865
2466.93091,0.02875
2465.00212,0.02861
2463.07332,0.02848
2461.14452,0.02852
2459.21573,0.02870
2457.28693,0.02879
2455.35813,0.02856
2453.42934,0.02831
2451.50054,0.02839
2449.57174,0.02846
2447.64295,0.02833
2445.71415,0.02823
2443.78535,0.02806
2441.85656,0.02778
2439.92776,0.02764
2437.99896,0.02766
2436.07017,0.02758
2434.14137,0.02738
2432.21257,0.02719
2430.28378,0.02710
2428.35498,0.02731
2426.42618,0.02770
2424.49739,0.02781
2422.56859,0.02741
2420.63979,0.02667
2418.71100,0.02615
2416.78220,0.02617
2414.85340,0.02642
2412.92461,0.02641
2410.99581,0.02625
2409.06701,0.02626
2407.13822,0.02633
2405.20942,0.02618
2403.28062,0.02595
2401.35183,0.02580
2399.42303,0.02533
2397.49423,0.02473
2395.56544,0.02458
2393.63664,0.02471
2391.70784,0.02497
2389.77905,0.02584
2387.85025,0.02812
2385.92145,0.03287
2383.99266,0.04099
2382.06386,0.05271
2380.13506,0.06738
2378.20627,0.08371
2376.27747,0.10051
2374.34867,0.11778
2372.41988,0.13579
2370.49108,0.15377
2368.56228,0.17088
2366.63349,0.18689
2364.70469,0.20040
2362.77589,0.20937
2360.84710,0.21315
2358.91830,0.21109
2356.98951,0.20171
2355.06071,0.18482
2353.13191,0.16230
2351.20312,0.14006
2349.27432,0.12848
2347.34552,0.13356
2345.41673,0.14938
2343.48793,0.16053
2341.55913,0.16192
2339.63034,0.15949
2337.70154,0.15626
2335.77274,0.15333
2333.84395,0.15234
2331.91515,0.15251
2329.98635,0.14984
2328.05756,0.14360
2326.12876,0.13763
2324.19996,0.13357
2322.27117,0.12878
2320.34237,0.12047
2318.41357,0.10968
2316.48478,0.10023
2314.55598,0.09438
2312.62718,0.09024
2310.69839,0.08487
2308.76959,0.07820
2306.84079,0.07136
2304.91200,0.06480
2302.98320,0.05919
2301.05440,0.05473
2299.12561,0.05073
2297.19681,0.04711
2295.26801,0.04425
2293.33922,0.04167
2291.41042,0.03883
2289.48162,0.03621
2287.55283,0.03426
2285.62403,0.03264
2283.69523,0.03131
2281.76644,0.03080
2279.83764,0.03113
2277.90884,0.03169
2275.98005,0.03221
2274.05125,0.03276
2272.12245,0.03328
2270.19366,0.03376
2268.26486,0.03424
2266.33606,0.03472
2264.40727,0.03505
2262.47847,0.03537
2260.54967,0.03595
2258.62088,0.03663
2256.69208,0.03678
2254.76328,0.03605
2252.83449,0.03503
2250.90569,0.03440
2248.97689,0.03402
2247.04810,0.03367
2245.11930,0.03380
2243.19050,0.03457
2241.26171,0.03522
2239.33291,0.03553
2237.40411,0.03552
2235.47532,0.03541
2233.54652,0.03550
2231.61772,0.03534
2229.68893,0.03560
2227.76013,0.03707
2225.83133,0.03814
2223.90254,0.03825
2221.97374,0.03853
2220.04494,0.03837
2218.11615,0.03765
2216.18735,0.03777
2214.25855,0.03854
2212.32976,0.03902
2210.40096,0.03986
2208.47216,0.04188
2206.54337,0.04323
2204.61457,0.04224
2202.68577,0.04073
2200.75698,0.04068
2198.82818,0.04138
2196.89938,0.04116
2194.97059,0.04057
2193.04179,0.04116
2191.11299,0.04193
2189.18420,0.04209
2187.25540,0.04333
2185.32660,0.04556
2183.39781,0.04642
2181.46901,0.04654
2179.54021,0.04757
2177.61142,0.04820
2175.68262,0.04818
2173.75382,0.04834
2171.82503,0.04829
2169.89623,0.04847
2167.96743,0.04984
2166.03864,0.05263
2164.10984,0.05633
2162.18104,0.06051
2160.25225,0.06380
2158.32345,0.06260
2156.39465,0.05715
2154.46586,0.05205
2152.53706,0.04893
2150.60826,0.04624
2148.67947,0.04290
2146.75067,0.03993
2144.82187,0.03812
2142.89308,0.03652
2140.96428,0.03482
2139.03548,0.03389
2137.10669,0.03309
2135.17789,0.03137
2133.24909,0.02921
2131.32030,0.02751
2129.39150,0.02644
2127.46270,0.02558
2125.53391,0.02476
2123.60511,0.02440
2121.67631,0.02440
2119.74752,0.02413
2117.81872,0.02356
2115.88992,0.02312
2113.96113,0.02289
2112.03233,0.02278
2110.10353,0.02289
2108.17474,0.02331
2106.24594,0.02382
2104.31714,0.02419
2102.38835,0.02430
2100.45955,0.02422
2098.53075,0.02415
2096.60196,0.02392
2094.67316,0.02344
2092.74436,0.02282
2090.81557,0.02204
2088.88677,0.02153
2086.95797,0.02184
2085.02918,0.02251
2083.10038,0.02301
2081.17158,0.02363
2079.24279,0.02436
2077.31399,0.02469
2075.38519,0.02432
2073.45640,0.02387
2071.52760,0.02449
2069.59880,0.02590
2067.67001,0.02675
2065.74121,0.02654
2063.81241,0.02621
2061.88362,0.02647
2059.95482,0.02683
2058.02602,0.02726
2056.09723,0.02784
2054.16843,0.02810
2052.23963,0.02821
2050.31084,0.02919
2048.38204,0.03167
2046.45324,0.03436
2044.52445,0.03559
2042.59565,0.03582
2040.66685,0.03639
2038.73806,0.03706
2036.80926,0.03711
2034.88046,0.03669
2032.95167,0.03604
2031.02287,0.03545
2029.09407,0.03513
2027.16528,0.03500
2025.23648,0.03511
2023.30768,0.03550
2021.37889,0.03543
2019.45009,0.03489
2017.52129,0.03532
2015.59250,0.03616
2013.66370,0.03555
2011.73490,0.03354
2009.80611,0.03197
2007.87731,0.03129
2005.94851,0.03013
2004.01972,0.02926
2002.09092,0.02973
2000.16212,0.03017
1998.23333,0.02952
1996.30453,0.02773
1994.37574,0.02588
1992.44694,0.02614
1990.51814,0.02810
1988.58935,0.02913
1986.66055,0.02881
1984.73175,0.02821
1982.80296,0.02850
1980.87416,0.02976
1978.94536,0.02990
1977.01657,0.02872
1975.08777,0.02869
1973.15897,0.02860
1971.23018,0.02659
1969.30138,0.02495
1967.37258,0.02542
1965.44379,0.02685
1963.51499,0.02735
1961.58619,0.02652
1959.65740,0.02569
1957.72860,0.02524
1955.79980,0.02459
1953.87101,0.02388
1951.94221,0.02354
1950.01341,0.02339
1948.08462,0.02249
1946.15582,0.02089
1944.22702,0.02007
1942.29823,0.02032
1940.36943,0.02020
1938.44063,0.01930
1936.51184,0.01858
1934.58304,0.01839
1932.65424,0.01822
1930.72545,0.01799
1928.79665,0.01813
1926.86785,0.01833
1924.93906,0.01818
1923.01026,0.01791
1921.08146,0.01765
1919.15267,0.01738
1917.22387,0.01731
1915.29507,0.01741
1913.36628,0.01745
1911.43748,0.01751
1909.50868,0.01755
1907.57989,0.01744
1905.65109,0.01732
1903.72229,0.01723
1901.79350,0.01703
1899.86470,0.01673
1897.93590,0.01650
1896.00711,0.01655
1894.07831,0.01671
1892.14951,0.01670
1890.22072,0.01658
1888.29192,0.01651
1886.36312,0.01650
1884.43433,0.01648
1882.50553,0.01647
1880.57673,0.01637
1878.64794,0.01622
1876.71914,0.01618
1874.79034,0.01617
1872.86155,0.01610
1870.93275,0.01596
1869.00395,0.01577
1867.07516,0.01570
1865.14636,0.01584
1863.21756,0.01590
1861.28877,0.01573
1859.35997,0.01565
1857.43117,0.01573
1855.50238,0.01576
1853.57358,0.01575
1851.64478,0.01576
1849.71599,0.01573
1847.78719,0.01553
1845.85839,0.01515
1843.92960,0.01491
1842.00080,0.01514
1840.07200,0.01554
1838.14321,0.01570
1836.21441,0.01562
1834.28561,0.01545
1832.35682,0.01519
1830.42802,0.01485
1828.49922,0.01477
1826.57043,0.01493
1824.64163,0.01506
1822.71283,0.01518
1820.78404,0.01526
1818.85524,0.01529
1816.92644,0.01535
1814.99765,0.01539
1813.06885,0.01530
1811.14005,0.01520
1809.21126,0.01523
1807.28246,0.01525
1805.35366,0.01522
1803.42487,0.01515
1801.49607,0.01499
1799.56727,0.01490
1797.63848,0.01503
1795.70968,0.01507
1793.78088,0.01480
1791.85209,0.01462
1789.92329,0.01486
1787.99449,0.01520
1786.06570,0.01530
1784.13690,0.01517
1782.20810,0.01502
1780.27931,0.01496
1778.35051,0.01494
1776.42171,0.01468
1774.49292,0.01401
1772.56412,0.01339
1770.63532,0.01363
1768.70653,0.01435
1766.77773,0.01472
1764.84893,0.01472
1762.92014,0.01453
1760.99134,0.01441
1759.06254,0.01450
1757.13375,0.01457
1755.20495,0.01467
1753.27615,0.01465
1751.34736,0.01429
1749.41856,0.01388
1747.48976,0.01386
1745.56097,0.01403
1743.63217,0.01397
1741.70337,0.01365
1739.77458,0.01339
1737.84578,0.01343
1735.91698,0.01322
1733.98819,0.01282
1732.05939,0.01310
1730.13059,0.01370
1728.20180,0.01416
1726.27300,0.01439
1724.34420,0.01453
1722.41541,0.01464
1720.48661,0.01454
1718.55781,0.01436
1716.62902,0.01493
1714.70022,0.01657
1712.77142,0.01837
1710.84263,0.02005
1708.91383,0.02163
1706.98503,0.02353
1705.05624,0.02628
1703.12744,0.02935
1701.19864,0.03309
1699.26985,0.03862
1697.34105,0.04559
1695.41225,0.05450
1693.48346,0.06430
1691.55466,0.07390
1689.62586,0.08456
1687.69707,0.09547
1685.76827,0.10732
1683.83947,0.12370
1681.91068,0.14064
1679.98188,0.15478
1678.05308,0.16788
1676.12429,0.18162
1674.19549,0.19599
1672.26669,0.20831
1670.33790,0.21937
1668.40910,0.23055
1666.48030,0.23939
1664.55151,0.24560
1662.62271,0.25057
1660.69391,0.25435
1658.76512,0.25647
1656.83632,0.25695
1654.90752,0.25617
1652.97873,0.25577
1651.04993,0.25757
1649.12113,0.26007
1647.19234,0.26416
1645.26354,0.27156
1643.33474,0.28074
1641.40595,0.29124
1639.47715,0.30322
1637.54835,0.31755
1635.61956,0.33735
1633.69076,0.35909
1631.76197,0.37735
1629.83317,0.39402
1627.90437,0.40984
1625.97558,0.42274
1624.04678,0.43190
1622.11798,0.43748
1620.18919,0.43930
1618.26039,0.43797
1616.33159,0.43509
1614.40280,0.43322
1612.47400,0.43283
1610.54520,0.43386
1608.61641,0.43735
1606.68761,0.44364
1604.75881,0.45213
1602.83002,0.46198
1600.90122,0.47217
1598.97242,0.48142
1597.04363,0.48848
1595.11483,0.49243
1593.18603,0.49246
1591.25724,0.48824
1589.32844,0.47958
1587.39964,0.46677
1585.47085,0.45051
1583.54205,0.43146
1581.61325,0.41071
1579.68446,0.38969
1577.75566,0.36687
1575.82686,0.34123
1573.89807,0.31957
1571.96927,0.30168
1570.04047,0.28207
1568.11168,0.26312
1566.18288,0.24749
1564.25408,0.23353
1562.32529,0.22113
1560.39649,0.20729
1558.46769,0.19071
1556.53890,0.17978
1554.61010,0.17247
1552.68130,0.16493
1550.75251,0.15749
1548.82371,0.15051
1546.89491,0.14427
1544.96612,0.13816
1543.03732,0.13170
1541.10852,0.12520
1539.17973,0.12026
1537.25093,0.11780
1535.32213,0.11544
1533.39334,0.11226
1531.46454,0.10944
1529.53574,0.10713
1527.60695,0.10454
1525.67815,0.10174
1523.74935,0.09903
1521.82056,0.09654
1519.89176,0.09472
1517.96296,0.09345
1516.03417,0.09249
1514.10537,0.09185
1512.17657,0.09121
1510.24778,0.09026
1508.31898,0.08895
1506.39018,0.08863
1504.46139,0.09044
1502.53259,0.09261
1500.60379,0.09444
1498.67500,0.09666
1496.74620,0.10030
1494.81740,0.10511
1492.88861,0.11014
1490.95981,0.11616
1489.03101,0.12429
1487.10222,0.13400
1485.17342,0.14439
1483.24462,0.15551
1481.31583,0.16776
1479.38703,0.18061
1477.45823,0.19355
1475.52944,0.20674
1473.60064,0.22074
1471.67184,0.23525
1469.74305,0.24729
1467.81425,0.25618
1465.88545,0.26335
1463.95666,0.26873
1462.02786,0.27126
1460.09906,0.27059
1458.17027,0.26617
1456.24147,0.25833
1454.31267,0.24985
1452.38388,0.24051
1450.45508,0.22910
1448.52628,0.21586
1446.59749,0.20199
1444.66869,0.18892
1442.73989,0.17649
1440.81110,0.16480
1438.88230,0.15388
1436.95350,0.14249
1435.02471,0.13215
1433.09591,0.12429
1431.16711,0.11718
1429.23832,0.11033
1427.30952,0.10452
1425.38072,0.09945
1423.45193,0.09478
1421.52313,0.09067
1419.59433,0.08674
1417.66554,0.08325
1415.73674,0.08064
1413.80794,0.07829
1411.87915,0.07592
1409.95035,0.07368
1408.02155,0.07162
1406.09276,0.06962
1404.16396,0.06777
1402.23516,0.06616
1400.30637,0.06462
1398.37757,0.06314
1396.44877,0.06183
1394.51998,0.06067
1392.59118,0.05971
1390.66238,0.05887
1388.73359,0.05794
1386.80479,0.05692
1384.87599,0.05605
1382.94720,0.05532
1381.01840,0.05464
1379.08960,0.05394
1377.16081,0.05323
1375.23201,0.05253
1373.30321,0.05197
1371.37442,0.05158
1369.44562,0.05119
1367.51682,0.05078
1365.58803,0.05039
1363.65923,0.05001
1361.73043,0.04967
1359.80164,0.04940
1357.87284,0.04914
1355.94404,0.04883
1354.01525,0.04853
1352.08645,0.04828
1350.15765,0.04806
1348.22886,0.04787
1346.30006,0.04768
1344.37126,0.04750
1342.44247,0.04734
1340.51367,0.04723
1338.58487,0.04716
1336.65608,0.04714
1334.72728,0.04714
1332.79848,0.04710
1330.86969,0.04699
1328.94089,0.04682
1327.01209,0.04659
1325.08330,0.04633
1323.15450,0.04605
1321.22570,0.04581
1319.29691,0.04561
1317.36811,0.04542
1315.43931,0.04524
1313.51052,0.04506
1311.58172,0.04494
1309.65292,0.04486
1307.72413,0.04478
1305.79533,0.04468
1303.86653,0.04462
1301.93774,0.04459
1300.00894,0.04455
1298.08014,0.04449
1296.15135,0.04445
1294.22255,0.04441
1292.29375,0.04437
1290.36496,0.04432
1288.43616,0.04429
1286.50736,0.04429
1284.57857,0.04429
1282.64977,0.04429
1280.72097,0.04426
1278.79218,0.04422
1276.86338,0.04423
1274.93458,0.04426
1273.00579,0.04430
1271.07699,0.04432
1269.14820,0.04436
1267.21940,0.04442
1265.29060,0.04447
1263.36181,0.04449
1261.43301,0.04449
1259.50421,0.04453
1257.57542,0.04460
1255.64662,0.04469
1253.71782,0.04481
1251.78903,0.04496
1249.86023,0.04512
1247.93143,0.04525
1246.00264,0.04537
1244.07384,0.04547
1242.14504,0.04556
1240.21625,0.04561
1238.28745,0.04570
1236.35865,0.04582
1234.42986,0.04597
1232.50106,0.04612
1230.57226,0.04633
1228.64347,0.04657
1226.71467,0.04678
1224.78587,0.04701
1222.85708,0.04731
1220.92828,0.04767
1218.99948,0.04805
1217.07069,0.04846
1215.14189,0.04892
1213.21309,0.04945
1211.28430,0.05003
1209.35550,0.05064
1207.42670,0.05131
1205.49791,0.05207
1203.56911,0.05292
1201.64031,0.05389
1199.71152,0.05501
1197.78272,0.05627
1195.85392,0.05766
1193.92513,0.05921
1191.99633,0.06097
1190.06753,0.06295
1188.13874,0.06518
1186.20994,0.06769
1184.28114,0.07050
1182.35235,0.07366
1180.42355,0.07727
1178.49475,0.08135
1176.56596,0.08575
1174.63716,0.09040
1172.70836,0.09532
1170.77957,0.10042
1168.85077,0.10556
1166.92197,0.11056
1164.99318,0.11518
1163.06438,0.11921
1161.13558,0.12237
1159.20679,0.12442
1157.27799,0.12520
1155.34919,0.12466
1153.42040,0.12286
1151.49160,0.11993
1149.56280,0.11606
1147.63401,0.11152
1145.70521,0.10657
1143.77641,0.10145
1141.84762,0.09639
1139.91882,0.09151
1137.99002,0.08692
1136.06123,0.08269
1134.13243,0.07890
1132.20363,0.07553
1130.27484,0.07255
1128.34604,0.06992
1126.41724,0.06760
1124.48845,0.06557
1122.55965,0.06379
1120.63085,0.06223
1118.70206,0.06085
1116.77326,0.05963
1114.84446,0.05855
1112.91567,0.05764
1110.98687,0.05688
1109.05807,0.05622
1107.12928,0.05565
1105.20048,0.05515
1103.27168,0.05472
1101.34289,0.05438
1099.41409,0.05413
1097.48529,0.05397
1095.55650,0.05392
1093.62770,0.05397
1091.69890,0.05410
1089.77011,0.05431
1087.84131,0.05461
1085.91251,0.05499
1083.98372,0.05542
1082.05492,0.05590
1080.12612,0.05643
1078.19733,0.05701
1076.26853,0.05761
1074.33973,0.05819
1072.41094,0.05871
1070.48214,0.05916
1068.55334,0.05950
1066.62455,0.05971
1064.69575,0.05978
1062.76695,0.05971
1060.83816,0.05949
1058.90936,0.05917
1056.98056,0.05874
1055.05177,0.05816
1053.12297,0.05747
1051.19417,0.05676
1049.26538,0.05605
1047.33658,0.05538
1045.40778,0.05471
1043.47899,0.05403
1041.55019,0.05336
1039.62139,0.05272
1037.69260,0.05209
1035.76380,0.05149
1033.83500,0.05091
1031.90621,0.05036
1029.97741,0.04985
1028.04861,0.04936
1026.11982,0.04888
1024.19102,0.04843
1022.26222,0.04803
1020.33343,0.04772
1018.40463,0.04750
1016.47583,0.04737
1014.54704,0.04729
1012.61824,0.04722
1010.68944,0.04704
1008.76065,0.04670
1006.83185,0.04620
1004.90305,0.04557
1002.97426,0.04489
1001.04546,0.04422
999.11666,0.04363
997.18787,0.04316
995.25907,0.04279
993.33027,0.04247
991.40148,0.04212
989.47268,0.04176
987.54388,0.04141
985.61509,0.04106
983.68629,0.04069
981.75749,0.04032
979.82870,0.03995
977.89990,0.03955
975.97110,0.03913
974.04231,0.03872
972.11351,0.03833
970.18471,0.03793
968.25592,0.03753
966.32712,0.03716
964.39832,0.03681
962.46953,0.03645
960.54073,0.03606
958.61193,0.03566
956.68314,0.03525
954.75434,0.03485
952.82554,0.03447
950.89675,0.03410
948.96795,0.03370
947.03915,0.03330
945.11036,0.03288
943.18156,0.03246
941.25276,0.03203
939.32397,0.03160
937.39517,0.03118
935.46637,0.03078
933.53758,0.03035
931.60878,0.02991
929.67998,0.02947
927.75119,0.02904
925.82239,0.02862
923.89359,0.02815
921.96480,0.02764
920.03600,0.02715
918.10720,0.02673
916.17841,0.02632
914.24961,0.02587
912.32081,0.02539
910.39202,0.02493
908.46322,0.02452
906.53443,0.02413
904.60563,0.02373
902.67683,0.02333
900.74804,0.02295
898.81924,0.02256
896.89044,0.02216
894.96165,0.02171
893.03285,0.02119
891.10405,0.02066
889.17526,0.02016
887.24646,0.01968
885.31766,0.01921
883.38887,0.01875
881.46007,0.01830
879.53127,0.01786
877.60248,0.01739
875.67368,0.01693
873.74488,0.01655
871.81609,0.01623
869.88729,0.01592
867.95849,0.01558
866.02970,0.01521
864.10090,0.01485
862.17210,0.01451
860.24331,0.01418
858.31451,0.01387
856.38571,0.01355
854.45692,0.01326
852.52812,0.01305
850.59932,0.01282
848.67053,0.01253
846.74173,0.01229
844.81293,0.01214
842.88414,0.01199
840.95534,0.01176
839.02654,0.01152
837.09775,0.01130
835.16895,0.01109
833.24015,0.01093
831.31136,0.01082
829.38256,0.01078
827.45376,0.01081
825.52497,0.01083
823.59617,0.01086
821.66737,0.01095
819.73858,0.01104
817.80978,0.01105
815.88098,0.01107
813.95219,0.01125
812.02339,0.01156
810.09459,0.01190
808.16580,0.01232
806.23700,0.01282
804.30820,0.01331
802.37941,0.01387
800.45061,0.01451
798.52181,0.01524
796.59302,0.01618
794.66422,0.01739
792.73542,0.01869
790.80663,0.01982
788.87783,0.02074
786.94903,0.02146
785.02024,0.02190
783.09144,0.02182
781.16264,0.02108
779.23385,0.01991
777.30505,0.01870
775.37625,0.01752
773.44746,0.01637
771.51866,0.01541
769.58986,0.01470
767.66107,0.01425
765.73227,0.01404
763.80347,0.01372
761.87468,0.01327
759.94588,0.01302
758.01708,0.01301
756.08829,0.01298
754.15949,0.01287
752.23069,0.01282
750.30190,0.01292
748.37310,0.01303
