3496.90832,0.04816
3494.97953,0.04358
3493.05073,0.03819
3491.12193,0.03948
3489.19314,0.04643
3487.26434,0.05380
3485.33554,0.05268
3483.40675,0.04606
3481.47795,0.04732
3479.54915,0.05264
3477.62036,0.05486
3475.69156,0.05740
3473.76276,0.05801
3471.83397,0.05176
3469.90517,0.04313
3467.97637,0.04135
3466.04758,0.04649
3464.11878,0.04969
3462.18998,0.04669
3460.26119,0.04204
3458.33239,0.03955
3456.40359,0.03806
3454.47480,0.03858
3452.54600,0.04009
3450.61721,0.03813
3448.68841,0.03349
3446.75961,0.03069
3444.83082,0.03229
3442.90202,0.03644
3440.97322,0.03803
3439.04443,0.03624
3437.11563,0.03544
3435.18683,0.03229
3433.25804,0.02328
3431.32924,0.01685
3429.40044,0.01816
3427.47165,0.02372
3425.54285,0.02937
3423.61405,0.03325
3421.68526,0.03694
3419.75646,0.04024
3417.82766,0.04022
3415.89887,0.03401
3413.97007,0.02491
3412.04127,0.01983
3410.11248,0.01753
3408.18368,0.01601
3406.25488,0.01635
3404.32609,0.01631
3402.39729,0.01871
3400.46849,0.02709
3398.53970,0.03353
3396.61090,0.02964
3394.68210,0.02265
3392.75331,0.02589
3390.82451,0.03487
3388.89571,0.03752
3386.96692,0.03482
3385.03812,0.03094
3383.10932,0.02901
3381.18053,0.03376
3379.25173,0.03989
3377.32293,0.03955
3375.39414,0.03554
3373.46534,0.03439
3371.53654,0.03535
3369.60775,0.03358
3367.67895,0.03422
3365.75015,0.04183
3363.82136,0.04551
3361.89256,0.03718
3359.96376,0.02628
3358.03497,0.02220
3356.10617,0.02565
3354.17737,0.03310
3352.24858,0.04004
3350.31978,0.04346
3348.39098,0.04315
3346.46219,0.04307
3344.53339,0.04600
3342.60459,0.04635
3340.67580,0.04143
3338.74700,0.03687
3336.81820,0.03573
3334.88941,0.03558
3332.96061,0.03331
3331.03181,0.03231
3329.10302,0.03565
3327.17422,0.03565
3325.24542,0.02889
3323.31663,0.02389
3321.38783,0.02373
3319.45903,0.02358
3317.53024,0.02205
3315.60144,0.01889
3313.67264,0.01683
3311.74385,0.02116
3309.81505,0.02885
3307.88625,0.03288
3305.95746,0.03002
3304.02866,0.02229
3302.09986,0.01835
3300.17107,0.02230
3298.24227,0.02470
3296.31347,0.01922
3294.38468,0.01223
3292.45588,0.00976
3290.52708,0.01096
3288.59829,0.01318
3286.66949,0.01490
3284.74069,0.01640
3282.81190,0.01849
3280.88310,0.01837
3278.95430,0.01858
3277.02551,0.02583
3275.09671,0.03374
3273.16791,0.03405
3271.23912,0.02935
3269.31032,0.02204
3267.38152,0.01314
3265.45273,0.00593
3263.52393,0.00262
3261.59513,0.00429
3259.66634,0.01038
3257.73754,0.01608
3255.80874,0.01746
3253.87995,0.01509
3251.95115,0.01129
3250.02235,0.00927
3248.09356,0.00744
3246.16476,0.00399
3244.23596,0.00559
3242.30717,0.01155
3240.37837,0.01404
3238.44957,0.01657
3236.52078,0.02225
3234.59198,0.02535
3232.66318,0.02340
3230.73439,0.01942
3228.80559,0.01698
3226.87679,0.01708
3224.94800,0.01855
3223.01920,0.02189
3221.09040,0.02737
3219.16161,0.03177
3217.23281,0.03332
3215.30401,0.03300
3213.37522,0.03230
3211.44642,0.03413
3209.51762,0.03801
3207.58883,0.03949
3205.66003,0.03916
3203.73123,0.03893
3201.80244,0.03709
3199.87364,0.03540
3197.94484,0.03665
3196.01605,0.03814
3194.08725,0.03727
3192.15845,0.03469
3190.22966,0.03221
3188.30086,0.03107
3186.37206,0.02970
3184.44327,0.02906
3182.51447,0.03092
3180.58567,0.03194
3178.65688,0.03235
3176.72808,0.03332
3174.79928,0.03105
3172.87049,0.02537
3170.94169,0.01951
3169.01289,0.01477
3167.08410,0.01327
3165.15530,0.01778
3163.22650,0.02476
3161.29771,0.02687
3159.36891,0.02410
3157.44011,0.02207
3155.51132,0.02304
3153.58252,0.02483
3151.65372,0.02524
3149.72493,0.02406
3147.79613,0.02258
3145.86733,0.02269
3143.93854,0.02413
3142.00974,0.02451
3140.08094,0.02314
3138.15215,0.02111
3136.22335,0.01860
3134.29455,0.01641
3132.36576,0.01640
3130.43696,0.01798
3128.50816,0.01847
3126.57937,0.01772
3124.65057,0.01826
3122.72177,0.02025
3120.79298,0.02184
3118.86418,0.02303
3116.93538,0.02405
3115.00659,0.02337
3113.07779,0.02055
3111.14899,0.01869
3109.22020,0.01937
3107.29140,0.02052
3105.36260,0.02085
3103.43381,0.02060
3101.50501,0.02032
3099.57621,0.01961
3097.64742,0.01807
3095.71862,0.01733
3093.78982,0.01766
3091.86103,0.01759
3089.93223,0.01779
3088.00344,0.01911
3086.07464,0.01999
3084.14584,0.01967
3082.21705,0.01969
3080.28825,0.02015
3078.35945,0.01986
3076.43066,0.01962
3074.50186,0.02027
3072.57306,0.02105
3070.64427,0.02115
3068.71547,0.02034
3066.78667,0.01947
3064.85788,0.01961
3062.92908,0.02043
3061.00028,0.02075
3059.07149,0.02019
3057.14269,0.01971
3055.21389,0.02030
3053.28510,0.02120
3051.35630,0.02109
3049.42750,0.02011
3047.49871,0.01920
3045.56991,0.01896
3043.64111,0.01964
3041.71232,0.02080
3039.78352,0.02140
3037.85472,0.02128
3035.92593,0.02117
3033.99713,0.02110
3032.06833,0.02100
3030.13954,0.02145
3028.21074,0.02237
3026.28194,0.02308
3024.35315,0.02328
3022.42435,0.02324
3020.49555,0.02320
3018.56676,0.02297
3016.63796,0.02302
3014.70916,0.02365
3012.78037,0.02430
3010.85157,0.02466
3008.92277,0.02460
3006.99398,0.02413
3005.06518,0.02363
3003.13638,0.02322
3001.20759,0.02295
2999.27879,0.02285
2997.34999,0.02275
2995.42120,0.02320
2993.49240,0.02405
2991.56360,0.02417
2989.63481,0.02413
2987.70601,0.02459
2985.77721,0.02460
2983.84842,0.02440
2981.91962,0.02515
2979.99082,0.02582
2978.06203,0.02533
2976.13323,0.02474
2974.20443,0.02466
2972.27564,0.02501
2970.34684,0.02568
2968.41804,0.02597
2966.48925,0.02583
2964.56045,0.02590
2962.63165,0.02617
2960.70286,0.02637
2958.77406,0.02655
2956.84526,0.02681
2954.91647,0.02699
2952.98767,0.02699
2951.05887,0.02691
2949.13008,0.02701
2947.20128,0.02738
2945.27248,0.02756
2943.34369,0.02726
2941.41489,0.02686
2939.48609,0.02658
2937.55730,0.02641
2935.62850,0.02659
2933.69970,0.02685
2931.77091,0.02661
2929.84211,0.02624
2927.91331,0.02624
2925.98452,0.02637
2924.05572,0.02651
2922.12692,0.02688
2920.19813,0.02745
2918.26933,0.02793
2916.34053,0.02811
2914.41174,0.02786
2912.48294,0.02736
2910.55414,0.02717
2908.62535,0.02725
2906.69655,0.02718
2904.76775,0.02709
2902.83896,0.02708
2900.91016,0.02711
2898.98136,0.02752
2897.05257,0.02804
2895.12377,0.02798
2893.19497,0.02758
2891.26618,0.02771
2889.33738,0.02822
2887.40858,0.02810
2885.47979,0.02749
2883.55099,0.02742
2881.62219,0.02802
2879.69340,0.02866
2877.76460,0.02897
2875.83580,0.02903
2873.90701,0.02914
2871.97821,0.02928
2870.04941,0.02927
2868.12062,0.02923
2866.19182,0.02939
2864.26302,0.02963
2862.33423,0.02978
2860.40543,0.02996
2858.47663,0.03019
2856.54784,0.03020
2854.61904,0.02993
2852.69024,0.02969
2850.76145,0.02964
2848.83265,0.02967
2846.90385,0.02990
2844.97506,0.03051
2843.04626,0.03116
2841.11746,0.03146
2839.18867,0.03157
2837.25987,0.03173
2835.33107,0.03188
2833.40228,0.03190
2831.47348,0.03192
2829.54468,0.03205
2827.61589,0.03208
2825.68709,0.03212
2823.75829,0.03247
2821.82950,0.03290
2819.90070,0.03299
2817.97190,0.03284
2816.04311,0.03269
2814.11431,0.03261
2812.18551,0.03259
2810.25672,0.03252
2808.32792,0.03224
2806.39912,0.03190
2804.47033,0.03178
2802.54153,0.03183
2800.61273,0.03191
2798.68394,0.03201
2796.75514,0.03192
2794.82634,0.03155
2792.89755,0.03115
2790.96875,0.03096
2789.03995,0.03101
2787.11116,0.03114
2785.18236,0.03103
2783.25356,0.03075
2781.32477,0.03068
2779.39597,0.03073
2777.46717,0.03063
2775.53838,0.03037
2773.60958,0.03015
2771.68078,0.03014
2769.75199,0.03025
2767.82319,0.03029
2765.89439,0.03027
2763.96560,0.03024
2762.03680,0.03015
2760.10800,0.03001
2758.17921,0.02985
2756.25041,0.02964
2754.32161,0.02936
2752.39282,0.02906
2750.46402,0.02901
2748.53522,0.02926
2746.60643,0.02955
2744.67763,0.02957
2742.74883,0.02944
2740.82004,0.02936
2738.89124,0.02923
2736.96244,0.02917
2735.03365,0.02939
2733.10485,0.02965
2731.17605,0.02967
2729.24726,0.02962
2727.31846,0.02981
2725.38967,0.03006
2723.46087,0.02998
2721.53207,0.02981
2719.60328,0.02990
2717.67448,0.03008
2715.74568,0.03011
2713.81689,0.03012
2711.88809,0.03020
2709.95929,0.03012
2708.03050,0.02980
2706.10170,0.02962
2704.17290,0.02977
2702.24411,0.02992
2700.31531,0.02991
2698.38651,0.02982
2696.45772,0.02967
2694.52892,0.02948
2692.60012,0.02946
2690.67133,0.02966
2688.74253,0.02985
2686.81373,0.02980
2684.88494,0.02959
2682.95614,0.02954
2681.02734,0.02972
2679.09855,0.02995
2677.16975,0.03003
2675.24095,0.02993
2673.31216,0.02988
2671.38336,0.02994
2669.45456,0.03005
2667.52577,0.03016
2665.59697,0.03012
2663.66817,0.02992
2661.73938,0.02976
2659.81058,0.02966
2657.88178,0.02957
2655.95299,0.02953
2654.02419,0.02957
2652.09539,0.02965
2650.16660,0.02967
2648.23780,0.02964
2646.30900,0.02971
2644.38021,0.02988
2642.45141,0.03002
2640.52261,0.03003
2638.59382,0.02991
2636.66502,0.02994
2634.73622,0.03018
2632.80743,0.03032
2630.87863,0.03037
2628.94983,0.03055
2627.02104,0.03081
2625.09224,0.03094
2623.16344,0.03098
2621.23465,0.03107
2619.30585,0.03118
2617.37705,0.03117
2615.44826,0.03107
2613.51946,0.03115
2611.59066,0.03129
2609.66187,0.03129
2607.73307,0.03139
2605.80427,0.03144
2603.87548,0.03119
2601.94668,0.03094
2600.01788,0.03087
2598.08909,0.03107
2596.16029,0.03142
2594.23149,0.03156
2592.30270,0.03160
2590.37390,0.03187
2588.44510,0.03206
2586.51631,0.03183
2584.58751,0.03157
2582.65871,0.03155
2580.72992,0.03146
2578.80112,0.03143
2576.87232,0.03177
2574.94353,0.03205
2573.01473,0.03188
2571.08593,0.03169
2569.15714,0.03178
2567.22834,0.03199
2565.29954,0.03204
2563.37075,0.03170
2561.44195,0.03112
2559.51315,0.03077
2557.58436,0.03080
2555.65556,0.03091
2553.72676,0.03066
2551.79797,0.03015
2549.86917,0.03011
2547.94037,0.03072
2546.01158,0.03145
2544.08278,0.03182
2542.15398,0.03157
2540.22519,0.03105
2538.29639,0.03079
2536.36759,0.03099
2534.43880,0.03150
2532.51000,0.03163
2530.58120,0.03100
2528.65241,0.03040
2526.72361,0.03048
2524.79481,0.03063
2522.86602,0.03057
2520.93722,0.03072
2519.00842,0.03088
2517.07963,0.03080
2515.15083,0.03091
2513.22203,0.03118
2511.29324,0.03100
2509.36444,0.03056
2507.43564,0.03043
2505.50685,0.03042
2503.57805,0.03032
2501.64925,0.03026
2499.72046,0.03032
2497.79166,0.03035
2495.86286,0.03033
2493.93407,0.03033
2492.00527,0.03010
2490.07647,0.02968
2488.14768,0.02953
2486.21888,0.02977
2484.29008,0.03012
2482.36129,0.03029
2480.43249,0.03028
2478.50369,0.03043
2476.57490,0.03080
2474.64610,0.03100
2472.71730,0.03074
2470.78851,0.03033
2468.85971,0.03018
2466.93091,0.03024
2465.00212,0.03031
2463.07332,0.03038
2461.14452,0.03035
2459.21573,0.03020
2457.28693,0.02998
2455.35813,0.02969
2453.42934,0.02948
2451.50054,0.02956
2449.57174,0.02957
2447.64295,0.02913
2445.71415,0.02857
2443.78535,0.02834
2441.85656,0.02834
2439.92776,0.02857
2437.99896,0.02900
2436.07017,0.02907
2434.14137,0.02874
2432.21257,0.02855
2430.28378,0.02859
2428.35498,0.02868
2426.42618,0.02877
2424.49739,0.02878
2422.56859,0.02865
2420.63979,0.02832
2418.71100,0.02790
2416.78220,0.02767
2414.85340,0.02768
2412.92461,0.02769
2410.99581,0.02757
2409.06701,0.02750
2407.13822,0.02749
2405.20942,0.02737
2403.28062,0.02719
2401.35183,0.02695
2399.42303,0.02645
2397.49423,0.02585
2395.56544,0.02551
2393.63664,0.02555
2391.70784,0.02603
2389.77905,0.02708
2387.85025,0.02915
2385.92145,0.03335
2383.99266,0.04067
2382.06386,0.05137
2380.13506,0.06491
2378.20627,0.07988
2376.27747,0.09493
2374.34867,0.11004
2372.41988,0.12578
2370.49108,0.14180
2368.56228,0.15696
2366.63349,0.17059
2364.70469,0.18204
2362.77589,0.19014
2360.84710,0.19380
2358.91830,0.19203
2356.98951,0.18381
2355.06071,0.16916
2353.13191,0.14955
2351.20312,0.12988
2349.27432,0.11940
2347.34552,0.12375
2345.41673,0.13772
2343.48793,0.14754
2341.55913,0.14861
2339.63034,0.14597
2337.70154,0.14238
2335.77274,0.13954
2333.84395,0.13902
2331.91515,0.13947
2329.98635,0.13716
2328.05756,0.13191
2326.12876,0.12714
2324.19996,0.12412
2322.27117,0.12036
2320.34237,0.11321
2318.41357,0.10352
2316.48478,0.09480
2314.55598,0.08939
2312.62718,0.08582
2310.69839,0.08120
2308.76959,0.07508
2306.84079,0.06847
2304.91200,0.06217
2302.98320,0.05704
2301.05440,0.05298
2299.12561,0.04919
2297.19681,0.04583
2295.26801,0.04320
2293.33922,0.04078
2291.41042,0.03825
2289.48162,0.03598
2287.55283,0.03432
2285.62403,0.03304
2283.69523,0.03204
2281.76644,0.03165
2279.83764,0.03198
2277.90884,0.03280
2275.98005,0.03365
2274.05125,0.03395
2272.12245,0.03399
2270.19366,0.03471
2268.26486,0.03588
2266.33606,0.03638
2264.40727,0.03610
2262.47847,0.03567
2260.54967,0.03525
2258.62088,0.03535
2256.69208,0.03615
2254.76328,0.03648
2252.83449,0.03586
2250.90569,0.03542
2248.97689,0.03557
2247.04810,0.03560
2245.11930,0.03569
2243.19050,0.03633
2241.26171,0.03685
2239.33291,0.03687
2237.40411,0.03662
2235.47532,0.03669
2233.54652,0.03728
2231.61772,0.03758
2229.68893,0.03760
2227.76013,0.03796
2225.83133,0.03845
2223.90254,0.03885
2221.97374,0.03952
2220.04494,0.04048
2218.11615,0.04095
2216.18735,0.04066
2214.25855,0.04056
2212.32976,0.04107
2210.40096,0.04203
2208.47216,0.04340
2206.54337,0.04413
2204.61457,0.04371
2202.68577,0.04338
2200.75698,0.04353
2198.82818,0.04362
2196.89938,0.04319
2194.97059,0.04291
2193.04179,0.04379
2191.11299,0.04501
2189.18420,0.04613
2187.25540,0.04743
2185.32660,0.04785
2183.39781,0.04668
2181.46901,0.04548
2179.54021,0.04615
2177.61142,0.04821
2175.68262,0.04955
2173.75382,0.04885
2171.82503,0.04736
2169.89623,0.04703
2167.96743,0.04836
2166.03864,0.05089
2164.10984,0.05374
2162.18104,0.05702
2160.25225,0.06019
2158.32345,0.06053
2156.39465,0.05768
2154.46586,0.05380
2152.53706,0.05038
2150.60826,0.04718
2148.67947,0.04382
2146.75067,0.04135
2144.82187,0.03983
2142.89308,0.03792
2140.96428,0.03558
2139.03548,0.03386
2137.10669,0.03284
2135.17789,0.03187
2133.24909,0.03073
2131.32030,0.02993
2129.39150,0.02914
2127.46270,0.02767
2125.53391,0.02628
2123.60511,0.02576
2121.67631,0.02573
2119.74752,0.02552
2117.81872,0.02511
2115.88992,0.02499
2113.96113,0.02517
2112.03233,0.02519
2110.10353,0.02508
2108.17474,0.02518
2106.24594,0.02515
2104.31714,0.02486
2102.38835,0.02494
2100.45955,0.02528
2098.53075,0.02517
2096.60196,0.02468
2094.67316,0.02428
2092.74436,0.02394
2090.81557,0.02374
2088.88677,0.02400
2086.95797,0.02434
2085.02918,0.02442
2083.10038,0.02457
2081.17158,0.02494
2079.24279,0.02501
2077.31399,0.02496
2075.38519,0.02536
2073.45640,0.02567
2071.52760,0.02563
2069.59880,0.02612
2067.67001,0.02739
2065.74121,0.02864
2063.81241,0.02916
2061.88362,0.02895
2059.95482,0.02860
2058.02602,0.02858
2056.09723,0.02881
2054.16843,0.02917
2052.23963,0.02965
2050.31084,0.03066
2048.38204,0.03278
2046.45324,0.03489
2044.52445,0.03533
2042.59565,0.03453
2040.66685,0.03402
2038.73806,0.03402
2036.80926,0.03443
2034.88046,0.03567
2032.95167,0.03667
2031.02287,0.03643
2029.09407,0.03555
2027.16528,0.03513
2025.23648,0.03568
2023.30768,0.03643
2021.37889,0.03588
2019.45009,0.03434
2017.52129,0.03442
2015.59250,0.03646
2013.66370,0.03753
2011.73490,0.03681
2009.80611,0.03623
2007.87731,0.03523
2005.94851,0.03230
2004.01972,0.02995
2002.09092,0.03023
2000.16212,0.03109
1998.23333,0.03079
1996.30453,0.03006
1994.37574,0.02937
1992.44694,0.02878
1990.51814,0.02871
1988.58935,0.02874
1986.66055,0.02841
1984.73175,0.02815
1982.80296,0.02889
1980.87416,0.03096
1978.94536,0.03269
1977.01657,0.03237
1975.08777,0.03123
1973.15897,0.03048
1971.23018,0.02927
1969.30138,0.02773
1967.37258,0.02729
1965.44379,0.02805
1963.51499,0.02852
1961.58619,0.02813
1959.65740,0.02760
1957.72860,0.02685
1955.79980,0.02536
1953.87101,0.02399
1951.94221,0.02376
1950.01341,0.02383
1948.08462,0.02318
1946.15582,0.02275
1944.22702,0.02313
1942.29823,0.02300
1940.36943,0.02181
1938.44063,0.02045
1936.51184,0.01977
1934.58304,0.02002
1932.65424,0.02019
1930.72545,0.01971
1928.79665,0.01933
1926.86785,0.01942
1924.93906,0.01993
1923.01026,0.02043
1921.08146,0.02067
1919.15267,0.02094
1917.22387,0.02074
1915.29507,0.01999
1913.36628,0.01966
1911.43748,0.01988
1909.50868,0.01997
1907.57989,0.01960
1905.65109,0.01906
1903.72229,0.01873
1901.79350,0.01864
1899.86470,0.01869
1897.93590,0.01886
1896.00711,0.01887
1894.07831,0.01864
1892.14951,0.01867
1890.22072,0.01905
1888.29192,0.01907
1886.36312,0.01866
1884.43433,0.01841
1882.50553,0.01854
1880.57673,0.01867
1878.64794,0.01855
1876.71914,0.01839
1874.79034,0.01849
1872.86155,0.01906
1870.93275,0.02011
1869.00395,0.02071
1867.07516,0.02003
1865.14636,0.01896
1863.21756,0.01838
1861.28877,0.01803
1859.35997,0.01773
1857.43117,0.01755
1855.50238,0.01748
1853.57358,0.01752
1851.64478,0.01765
1849.71599,0.01797
1847.78719,0.01858
1845.85839,0.01937
1843.92960,0.01952
1842.00080,0.01878
1840.07200,0.01824
1838.14321,0.01820
1836.21441,0.01815
1834.28561,0.01819
1832.35682,0.01877
1830.42802,0.01942
1828.49922,0.01951
1826.57043,0.01944
1824.64163,0.01915
1822.71283,0.01843
1820.78404,0.01785
1818.85524,0.01772
1816.92644,0.01771
1814.99765,0.01773
1813.06885,0.01802
1811.14005,0.01828
1809.21126,0.01809
1807.28246,0.01767
1805.35366,0.01768
1803.42487,0.01836
1801.49607,0.01898
1799.56727,0.01882
1797.63848,0.01843
1795.70968,0.01868
1793.78088,0.01948
1791.85209,0.01972
1789.92329,0.01880
1787.99449,0.01808
1786.06570,0.01821
1784.13690,0.01852
1782.20810,0.01871
1780.27931,0.01872
1778.35051,0.01854
1776.42171,0.01870
1774.49292,0.01943
1772.56412,0.02006
1770.63532,0.02000
1768.70653,0.01950
1766.77773,0.01864
1764.84893,0.01818
1762.92014,0.01847
1760.99134,0.01865
1759.06254,0.01856
1757.13375,0.01845
1755.20495,0.01829
1753.27615,0.01885
1751.34736,0.02012
1749.41856,0.02048
1747.48976,0.01972
1745.56097,0.01906
1743.63217,0.01880
1741.70337,0.01863
1739.77458,0.01832
1737.84578,0.01841
1735.91698,0.01953
1733.98819,0.02069
1732.05939,0.02015
1730.13059,0.01888
1728.20180,0.01789
1726.27300,0.01747
1724.34420,0.01772
1722.41541,0.01835
1720.48661,0.01987
1718.55781,0.02230
1716.62902,0.02376
1714.70022,0.02346
1712.77142,0.02295
1710.84263,0.02348
1708.91383,0.02536
1706.98503,0.02848
1705.05624,0.03212
1703.12744,0.03606
1701.19864,0.04159
1699.26985,0.04795
1697.34105,0.05386
1695.41225,0.06071
1693.48346,0.06810
1691.55466,0.07663
1689.62586,0.08769
1687.69707,0.09985
1685.76827,0.11423
1683.83947,0.13235
1681.91068,0.14744
1679.98188,0.15919
1678.05308,0.17166
1676.12429,0.18605
1674.19549,0.20075
1672.26669,0.21319
1670.33790,0.22471
1668.40910,0.23495
1666.48030,0.24186
1664.55151,0.24746
1662.62271,0.25246
1660.69391,0.25544
1658.76512,0.25700
1656.83632,0.25889
1654.90752,0.26179
1652.97873,0.26356
1651.04993,0.26322
1649.12113,0.26476
1647.19234,0.26930
1645.26354,0.27513
1643.33474,0.28190
1641.40595,0.29159
1639.47715,0.30447
1637.54835,0.32089
1635.61956,0.34182
1633.69076,0.36164
1631.76197,0.37774
1629.83317,0.39392
1627.90437,0.40998
1625.97558,0.42307
1624.04678,0.43249
1622.11798,0.43763
1620.18919,0.43887
1618.26039,0.43813
1616.33159,0.43548
1614.40280,0.43215
1612.47400,0.43053
1610.54520,0.43142
1608.61641,0.43507
1606.68761,0.44112
1604.75881,0.44918
1602.83002,0.45867
1600.90122,0.46850
1598.97242,0.47752
1597.04363,0.48473
1595.11483,0.48892
1593.18603,0.48884
1591.25724,0.48423
1589.32844,0.47524
1587.39964,0.46229
1585.47085,0.44601
1583.54205,0.42708
1581.61325,0.40684
1579.68446,0.38717
1577.75566,0.36644
1575.82686,0.34151
1573.89807,0.31898
1571.96927,0.30139
1570.04047,0.28296
1568.11168,0.26394
1566.18288,0.24766
1564.25408,0.23392
1562.32529,0.22360
1560.39649,0.21438
1558.46769,0.20018
1556.53890,0.18621
1554.61010,0.17601
1552.68130,0.16732
1550.75251,0.15968
1548.82371,0.15272
1546.89491,0.14727
1544.96612,0.14350
1543.03732,0.14012
1541.10852,0.13566
1539.17973,0.12903
1537.25093,0.12348
1535.32213,0.12044
1533.39334,0.11763
1531.46454,0.11408
1529.53574,0.11147
1527.60695,0.10996
1525.67815,0.10843
1523.74935,0.10702
1521.82056,0.10564
1519.89176,0.10362
1517.96296,0.10153
1516.03417,0.09937
1514.10537,0.09735
1512.17657,0.09676
1510.24778,0.09809
1508.31898,0.10006
1506.39018,0.09928
1504.46139,0.09645
1502.53259,0.09580
1500.60379,0.09760
1498.67500,0.10089
1496.74620,0.10459
1494.81740,0.10825
1492.88861,0.11326
1490.95981,0.12102
1489.03101,0.13004
1487.10222,0.13814
1485.17342,0.14650
1483.24462,0.15672
1481.31583,0.16883
1479.38703,0.18195
1477.45823,0.19595
1475.52944,0.21092
1473.60064,0.22605
1471.67184,0.23925
1469.74305,0.24867
1467.81425,0.25644
1465.88545,0.26399
1463.95666,0.26927
1462.02786,0.27152
1460.09906,0.27252
1458.17027,0.27107
1456.24147,0.26306
1454.31267,0.25155
1452.38388,0.24027
1450.45508,0.22864
1448.52628,0.21582
1446.59749,0.20178
1444.66869,0.18814
1442.73989,0.17561
1440.81110,0.16462
1438.88230,0.15545
1436.95350,0.14575
1435.02471,0.13513
1433.09591,0.12640
1431.16711,0.11930
1429.23832,0.11247
1427.30952,0.10645
1425.38072,0.10166
1423.45193,0.09762
1421.52313,0.09452
1419.59433,0.09188
1417.66554,0.08802
1415.73674,0.08353
1413.80794,0.07991
1411.87915,0.07724
1409.95035,0.07495
1408.02155,0.07308
1406.09276,0.07158
1404.16396,0.06980
1402.23516,0.06813
1400.30637,0.06736
1398.37757,0.06695
1396.44877,0.06608
1394.51998,0.06441
1392.59118,0.06227
1390.66238,0.06096
1388.73359,0.06065
1386.80479,0.05995
1384.87599,0.05841
1382.94720,0.05715
1381.01840,0.05654
1379.08960,0.05621
1377.16081,0.05611
1375.23201,0.05612
1373.30321,0.05549
1371.37442,0.05434
1369.44562,0.05346
1367.51682,0.05294
1365.58803,0.05297
1363.65923,0.05347
1361.73043,0.05319
1359.80164,0.05193
1357.87284,0.05087
1355.94404,0.05034
1354.01525,0.04995
1352.08645,0.04956
1350.15765,0.04926
1348.22886,0.04902
1346.30006,0.04882
1344.37126,0.04886
1342.44247,0.04951
1340.51367,0.05056
1338.58487,0.05086
1336.65608,0.05012
1334.72728,0.04928
1332.79848,0.04889
1330.86969,0.04874
1328.94089,0.04858
1327.01209,0.04835
1325.08330,0.04809
1323.15450,0.04791
1321.22570,0.04790
1319.29691,0.04793
1317.36811,0.04774
1315.43931,0.04740
1313.51052,0.04707
1311.58172,0.04668
1309.65292,0.04632
1307.72413,0.04609
1305.79533,0.04590
1303.86653,0.04577
1301.93774,0.04571
1300.00894,0.04571
1298.08014,0.04576
1296.15135,0.04579
1294.22255,0.04579
1292.29375,0.04583
1290.36496,0.04594
1288.43616,0.04605
1286.50736,0.04606
1284.57857,0.04604
1282.64977,0.04606
1280.72097,0.04610
1278.79218,0.04607
1276.86338,0.04604
1274.93458,0.04609
1273.00579,0.04621
1271.07699,0.04627
1269.14820,0.04621
1267.21940,0.04612
1265.29060,0.04604
1263.36181,0.04600
1261.43301,0.04599
1259.50421,0.04597
1257.57542,0.04593
1255.64662,0.04593
1253.71782,0.04600
1251.78903,0.04614
1249.86023,0.04629
1247.93143,0.04644
1246.00264,0.04664
1244.07384,0.04685
1242.14504,0.04702
1240.21625,0.04717
1238.28745,0.04735
1236.35865,0.04753
1234.42986,0.04771
1232.50106,0.04792
1230.57226,0.04815
1228.64347,0.04839
1226.71467,0.04861
1224.78587,0.04882
1222.85708,0.04904
1220.92828,0.04932
1218.99948,0.04966
1217.07069,0.05001
1215.14189,0.05039
1213.21309,0.05085
1211.28430,0.05134
1209.35550,0.05185
1207.42670,0.05246
1205.49791,0.05319
1203.56911,0.05402
1201.64031,0.05496
1199.71152,0.05604
1197.78272,0.05728
1195.85392,0.05868
1193.92513,0.06027
1191.99633,0.06209
1190.06753,0.06417
1188.13874,0.06650
1186.20994,0.06908
1184.28114,0.07190
1182.35235,0.07504
1180.42355,0.07863
1178.49475,0.08269
1176.56596,0.08705
1174.63716,0.09163
1172.70836,0.09641
1170.77957,0.10134
1168.85077,0.10633
1166.92197,0.11117
1164.99318,0.11565
1163.06438,0.11954
1161.13558,0.12257
1159.20679,0.12451
1157.27799,0.12522
1155.34919,0.12464
1153.42040,0.12283
1151.49160,0.11994
1149.56280,0.11616
1147.63401,0.11173
1145.70521,0.10690
1143.77641,0.10190
1141.84762,0.09700
1139.91882,0.09234
1137.99002,0.08796
1136.06123,0.08390
1134.13243,0.08023
1132.20363,0.07695
1130.27484,0.07403
1128.34604,0.07143
1126.41724,0.06911
1124.48845,0.06706
1122.55965,0.06527
1120.63085,0.06368
1118.70206,0.06226
1116.77326,0.06099
1114.84446,0.05987
1112.91567,0.05891
1110.98687,0.05807
1109.05807,0.05735
1107.12928,0.05674
1105.20048,0.05623
1103.27168,0.05579
1101.34289,0.05546
1099.41409,0.05523
1097.48529,0.05513
1095.55650,0.05515
1093.62770,0.05530
1091.69890,0.05553
1089.77011,0.05584
1087.84131,0.05623
1085.91251,0.05668
1083.98372,0.05718
1082.05492,0.05771
1080.12612,0.05825
1078.19733,0.05880
1076.26853,0.05935
1074.33973,0.05987
1072.41094,0.06035
1070.48214,0.06075
1068.55334,0.06104
1066.62455,0.06120
1064.69575,0.06122
1062.76695,0.06107
1060.83816,0.06076
1058.90936,0.06035
1056.98056,0.05984
1055.05177,0.05922
1053.12297,0.05853
1051.19417,0.05784
1049.26538,0.05718
1047.33658,0.05657
1045.40778,0.05599
1043.47899,0.05541
1041.55019,0.05484
1039.62139,0.05429
1037.69260,0.05375
1035.76380,0.05323
1033.83500,0.05272
1031.90621,0.05222
1029.97741,0.05171
1028.04861,0.05120
1026.11982,0.05070
1024.19102,0.05025
1022.26222,0.04985
1020.33343,0.04950
1018.40463,0.04921
1016.47583,0.04901
1014.54704,0.04887
1012.61824,0.04872
1010.68944,0.04848
1008.76065,0.04810
1006.83185,0.04756
1004.90305,0.04690
1002.97426,0.04620
1001.04546,0.04555
999.11666,0.04501
997.18787,0.04458
995.25907,0.04428
993.33027,0.04405
991.40148,0.04381
989.47268,0.04355
987.54388,0.04329
985.61509,0.04301
983.68629,0.04270
981.75749,0.04236
979.82870,0.04199
977.89990,0.04158
975.97110,0.04114
974.04231,0.04068
972.11351,0.04022
970.18471,0.03977
968.25592,0.03933
966.32712,0.03889
964.39832,0.03845
962.46953,0.03801
960.54073,0.03758
958.61193,0.03717
956.68314,0.03674
954.75434,0.03629
952.82554,0.03587
950.89675,0.03550
948.96795,0.03514
947.03915,0.03479
945.11036,0.03446
943.18156,0.03416
941.25276,0.03385
939.32397,0.03352
937.39517,0.03318
935.46637,0.03282
933.53758,0.03242
931.60878,0.03202
929.67998,0.03158
927.75119,0.03111
925.82239,0.03062
923.89359,0.03012
921.96480,0.02960
920.03600,0.02911
918.10720,0.02864
916.17841,0.02812
914.24961,0.02756
912.32081,0.02700
910.39202,0.02649
908.46322,0.02606
906.53443,0.02567
904.60563,0.02528
902.67683,0.02493
900.74804,0.02459
898.81924,0.02424
896.89044,0.02390
894.96165,0.02356
893.03285,0.02319
891.10405,0.02278
889.17526,0.02239
887.24646,0.02200
885.31766,0.02157
883.38887,0.02109
881.46007,0.02063
879.53127,0.02021
877.60248,0.01980
875.67368,0.01936
873.74488,0.01893
871.81609,0.01849
869.88729,0.01806
867.95849,0.01764
866.02970,0.01722
864.10090,0.01681
862.17210,0.01640
860.24331,0.01599
858.31451,0.01561
856.38571,0.01526
854.45692,0.01499
852.52812,0.01481
850.59932,0.01462
848.67053,0.01441
846.74173,0.01429
844.81293,0.01424
842.88414,0.01416
840.95534,0.01398
839.02654,0.01379
837.09775,0.01366
835.16895,0.01355
833.24015,0.01345
831.31136,0.01338
829.38256,0.01336
827.45376,0.01334
825.52497,0.01323
823.59617,0.01312
821.66737,0.01312
819.73858,0.01320
817.80978,0.01326
815.88098,0.01333
813.95219,0.01350
812.02339,0.01373
810.09459,0.01395
808.16580,0.01426
806.23700,0.01465
804.30820,0.01510
802.37941,0.01571
800.45061,0.01647
798.52181,0.01738
796.59302,0.01852
794.66422,0.01977
792.73542,0.02091
790.80663,0.02204
788.87783,0.02318
786.94903,0.02405
785.02024,0.02450
783.09144,0.02447
781.16264,0.02388
779.23385,0.02281
777.30505,0.02151
775.37625,0.02008
773.44746,0.01877
771.51866,0.01776
769.58986,0.01698
767.66107,0.01644
765.73227,0.01626
763.80347,0.01616
761.87468,0.01575
759.94588,0.01517
758.01708,0.01486
756.08829,0.01494
754.15949,0.01517
752.23069,0.01535
750.30190,0.01526
748.37310,0.01489
