3496.90832,0.04140
3494.97953,0.03905
3493.05073,0.03765
3491.12193,0.04214
3489.19314,0.05078
3487.26434,0.05659
3485.33554,0.05344
3483.40675,0.04734
3481.47795,0.04653
3479.54915,0.04937
3477.62036,0.05310
3475.69156,0.05721
3473.76276,0.05879
3471.83397,0.05525
3469.90517,0.04947
3467.97637,0.04578
3466.04758,0.04560
3464.11878,0.04854
3462.18998,0.05034
3460.26119,0.04931
3458.33239,0.04695
3456.40359,0.04255
3454.47480,0.03924
3452.54600,0.03995
3450.61721,0.04068
3448.68841,0.03790
3446.75961,0.03555
3444.83082,0.03676
3442.90202,0.03607
3440.97322,0.03304
3439.04443,0.03108
3437.11563,0.02619
3435.18683,0.02088
3433.25804,0.02286
3431.32924,0.02704
3429.40044,0.02773
3427.47165,0.02863
3425.54285,0.03145
3423.61405,0.03501
3421.68526,0.03451
3419.75646,0.02973
3417.82766,0.02933
3415.89887,0.02978
3413.97007,0.02340
3412.04127,0.01725
3410.11248,0.01775
3408.18368,0.01849
3406.25488,0.01500
3404.32609,0.01343
3402.39729,0.01818
3400.46849,0.02466
3398.53970,0.02359
3396.61090,0.01377
3394.68210,0.00737
3392.75331,0.00949
3390.82451,0.01505
3388.89571,0.02422
3386.96692,0.03594
3385.03812,0.03901
3383.10932,0.03092
3381.18053,0.02473
3379.25173,0.02678
3377.32293,0.03101
3375.39414,0.03028
3373.46534,0.02774
3371.53654,0.03303
3369.60775,0.04162
3367.67895,0.04278
3365.75015,0.03931
3363.82136,0.03847
3361.89256,0.04047
3359.96376,0.04197
3358.03497,0.04093
3356.10617,0.04200
3354.17737,0.04934
3352.24858,0.05453
3350.31978,0.05068
3348.39098,0.04423
3346.46219,0.04143
3344.53339,0.04015
3342.60459,0.03741
3340.67580,0.03611
3338.74700,0.03795
3336.81820,0.03887
3334.88941,0.03797
3332.96061,0.03716
3331.03181,0.03713
3329.10302,0.03920
3327.17422,0.03989
3325.24542,0.03501
3323.31663,0.02972
3321.38783,0.02764
3319.45903,0.02828
3317.53024,0.03230
3315.60144,0.03292
3313.67264,0.02630
3311.74385,0.01860
3309.81505,0.01373
3307.88625,0.01503
3305.95746,0.02071
3304.02866,0.02084
3302.09986,0.01325
3300.17107,0.00681
3298.24227,0.00723
3296.31347,0.01199
3294.38468,0.01419
3292.45588,0.00970
3290.52708,0.00286
3288.59829,0.00070
3286.66949,0.00419
3284.74069,0.01107
3282.81190,0.01735
3280.88310,0.01507
3278.95430,0.00709
3277.02551,0.00493
3275.09671,0.00746
3273.16791,0.00917
3271.23912,0.00963
3269.31032,0.00758
3267.38152,0.00550
3265.45273,0.00591
3263.52393,0.00385
3261.59513,-0.00124
3259.66634,-0.00181
3257.73754,0.00281
3255.80874,0.00843
3253.87995,0.01458
3251.95115,0.01823
3250.02235,0.01709
3248.09356,0.01354
3246.16476,0.00974
3244.23596,0.00902
3242.30717,0.00992
3240.37837,0.00888
3238.44957,0.00947
3236.52078,0.01370
3234.59198,0.01999
3232.66318,0.02552
3230.73439,0.02690
3228.80559,0.02321
3226.87679,0.01416
3224.94800,0.00597
3223.01920,0.00883
3221.09040,0.01984
3219.16161,0.02791
3217.23281,0.03284
3215.30401,0.03867
3213.37522,0.04057
3211.44642,0.03763
3209.51762,0.03552
3207.58883,0.03320
3205.66003,0.03130
3203.73123,0.03283
3201.80244,0.03312
3199.87364,0.03017
3197.94484,0.02868
3196.01605,0.02908
3194.08725,0.02866
3192.15845,0.02907
3190.22966,0.03311
3188.30086,0.03748
3186.37206,0.03524
3184.44327,0.02842
3182.51447,0.02510
3180.58567,0.02670
3178.65688,0.03011
3176.72808,0.03087
3174.79928,0.02595
3172.87049,0.01976
3170.94169,0.01815
3169.01289,0.01853
3167.08410,0.01713
3165.15530,0.01864
3163.22650,0.02330
3161.29771,0.02386
3159.36891,0.02036
3157.44011,0.01801
3155.51132,0.01886
3153.58252,0.02212
3151.65372,0.02448
3149.72493,0.02231
3147.79613,0.01718
3145.86733,0.01382
3143.93854,0.01389
3142.00974,0.01661
3140.08094,0.01933
3138.15215,0.01956
3136.22335,0.01778
3134.29455,0.01566
3132.36576,0.01504
3130.43696,0.01545
3128.50816,0.01446
3126.57937,0.01299
3124.65057,0.01324
3122.72177,0.01389
3120.79298,0.01395
3118.86418,0.01470
3116.93538,0.01574
3115.00659,0.01541
3113.07779,0.01463
3111.14899,0.01533
3109.22020,0.01647
3107.29140,0.01670
3105.36260,0.01646
3103.43381,0.01567
3101.50501,0.01491
3099.57621,0.01498
3097.64742,0.01468
3095.71862,0.01375
3093.78982,0.01354
3091.86103,0.01334
3089.93223,0.01252
3088.00344,0.01261
3086.07464,0.01368
3084.14584,0.01445
3082.21705,0.01493
3080.28825,0.01506
3078.35945,0.01431
3076.43066,0.01308
3074.50186,0.01257
3072.57306,0.01350
3070.64427,0.01494
3068.71547,0.01541
3066.78667,0.01527
3064.85788,0.01553
3062.92908,0.01567
3061.00028,0.01522
3059.07149,0.01431
3057.14269,0.01345
3055.21389,0.01356
3053.28510,0.01439
3051.35630,0.01475
3049.42750,0.01437
3047.49871,0.01371
3045.56991,0.01349
3043.64111,0.01424
3041.71232,0.01549
3039.78352,0.01611
3037.85472,0.01599
3035.92593,0.01621
3033.99713,0.01688
3032.06833,0.01720
3030.13954,0.01722
3028.21074,0.01764
3026.28194,0.01813
3024.35315,0.01771
3022.42435,0.01688
3020.49555,0.01665
3018.56676,0.01686
3016.63796,0.01708
3014.70916,0.01721
3012.78037,0.01743
3010.85157,0.01798
3008.92277,0.01843
3006.99398,0.01836
3005.06518,0.01812
3003.13638,0.01775
3001.20759,0.01706
2999.27879,0.01688
2997.34999,0.01767
2995.42120,0.01862
2993.49240,0.01890
2991.56360,0.01849
2989.63481,0.01830
2987.70601,0.01858
2985.77721,0.01851
2983.84842,0.01804
2981.91962,0.01787
2979.99082,0.01810
2978.06203,0.01846
2976.13323,0.01868
2974.20443,0.01869
2972.27564,0.01892
2970.34684,0.01930
2968.41804,0.01911
2966.48925,0.01856
2964.56045,0.01869
2962.63165,0.01937
2960.70286,0.01949
2958.77406,0.01917
2956.84526,0.01945
2954.91647,0.02021
2952.98767,0.02052
2951.05887,0.02035
2949.13008,0.02040
2947.20128,0.02059
2945.27248,0.02040
2943.34369,0.02004
2941.41489,0.01986
2939.48609,0.02001
2937.55730,0.02046
2935.62850,0.02072
2933.69970,0.02072
2931.77091,0.02092
2929.84211,0.02104
2927.91331,0.02050
2925.98452,0.01994
2924.05572,0.02009
2922.12692,0.02060
2920.19813,0.02105
2918.26933,0.02147
2916.34053,0.02193
2914.41174,0.02221
2912.48294,0.02208
2910.55414,0.02176
2908.62535,0.02163
2906.69655,0.02156
2904.76775,0.02148
2902.83896,0.02152
2900.91016,0.02161
2898.98136,0.02188
2897.05257,0.02224
2895.12377,0.02229
2893.19497,0.02220
2891.26618,0.02239
2889.33738,0.02265
2887.40858,0.02260
2885.47979,0.02239
2883.55099,0.02251
2881.62219,0.02311
2879.69340,0.02366
2877.76460,0.02384
2875.83580,0.02405
2873.90701,0.02429
2871.97821,0.02426
2870.04941,0.02416
2868.12062,0.02429
2866.19182,0.02469
2864.26302,0.02501
2862.33423,0.02498
2860.40543,0.02503
2858.47663,0.02533
2856.54784,0.02538
2854.61904,0.02523
2852.69024,0.02528
2850.76145,0.02542
2848.83265,0.02567
2846.90385,0.02614
2844.97506,0.02662
2843.04626,0.02696
2841.11746,0.02712
2839.18867,0.02723
2837.25987,0.02734
2835.33107,0.02745
2833.40228,0.02763
2831.47348,0.02780
2829.54468,0.02795
2827.61589,0.02807
2825.68709,0.02811
2823.75829,0.02820
2821.82950,0.02845
2819.90070,0.02871
2817.97190,0.02877
2816.04311,0.02866
2814.11431,0.02867
2812.18551,0.02882
2810.25672,0.02885
2808.32792,0.02882
2806.39912,0.02882
2804.47033,0.02880
2802.54153,0.02873
2800.61273,0.02848
2798.68394,0.02812
2796.75514,0.02778
2794.82634,0.02754
2792.89755,0.02738
2790.96875,0.02724
2789.03995,0.02716
2787.11116,0.02713
2785.18236,0.02700
2783.25356,0.02680
2781.32477,0.02667
2779.39597,0.02658
2777.46717,0.02638
2775.53838,0.02606
2773.60958,0.02592
2771.68078,0.02616
2769.75199,0.02652
2767.82319,0.02672
2765.89439,0.02669
2763.96560,0.02644
2762.03680,0.02602
2760.10800,0.02563
2758.17921,0.02542
2756.25041,0.02537
2754.32161,0.02531
2752.39282,0.02509
2750.46402,0.02477
2748.53522,0.02470
2746.60643,0.02492
2744.67763,0.02511
2742.74883,0.02509
2740.82004,0.02506
2738.89124,0.02501
2736.96244,0.02491
2735.03365,0.02497
2733.10485,0.02516
2731.17605,0.02524
2729.24726,0.02527
2727.31846,0.02544
2725.38967,0.02557
2723.46087,0.02549
2721.53207,0.02536
2719.60328,0.02539
2717.67448,0.02552
2715.74568,0.02566
2713.81689,0.02576
2711.88809,0.02579
2709.95929,0.02564
2708.03050,0.02543
2706.10170,0.02540
2704.17290,0.02547
2702.24411,0.02535
2700.31531,0.02521
2698.38651,0.02525
2696.45772,0.02528
2694.52892,0.02526
2692.60012,0.02530
2690.67133,0.02531
2688.74253,0.02523
2686.81373,0.02515
2684.88494,0.02511
2682.95614,0.02522
2681.02734,0.02549
2679.09855,0.02576
2677.16975,0.02590
2675.24095,0.02588
2673.31216,0.02574
2671.38336,0.02558
2669.45456,0.02555
2667.52577,0.02562
2665.59697,0.02564
2663.66817,0.02557
2661.73938,0.02546
2659.81058,0.02535
2657.88178,0.02527
2655.95299,0.02523
2654.02419,0.02526
2652.09539,0.02535
2650.16660,0.02537
2648.23780,0.02537
2646.30900,0.02555
2644.38021,0.02582
2642.45141,0.02604
2640.52261,0.02615
2638.59382,0.02606
2636.66502,0.02595
2634.73622,0.02608
2632.80743,0.02642
2630.87863,0.02683
2628.94983,0.02709
2627.02104,0.02697
2625.09224,0.02667
2623.16344,0.02664
2621.23465,0.02695
2619.30585,0.02730
2617.37705,0.02752
2615.44826,0.02763
2613.51946,0.02774
2611.59066,0.02773
2609.66187,0.02746
2607.73307,0.02711
2605.80427,0.02697
2603.87548,0.02711
2601.94668,0.02732
2600.01788,0.02752
2598.08909,0.02778
2596.16029,0.02809
2594.23149,0.02821
2592.30270,0.02825
2590.37390,0.02854
2588.44510,0.02859
2586.51631,0.02794
2584.58751,0.02736
2582.65871,0.02736
2580.72992,0.02721
2578.80112,0.02681
2576.87232,0.02696
2574.94353,0.02763
2573.01473,0.02804
2571.08593,0.02813
2569.15714,0.02812
2567.22834,0.02805
2565.29954,0.02811
2563.37075,0.02824
2561.44195,0.02826
2559.51315,0.02827
2557.58436,0.02832
2555.65556,0.02830
2553.72676,0.02806
2551.79797,0.02769
2549.86917,0.02749
2547.94037,0.02752
2546.01158,0.02750
2544.08278,0.02731
2542.15398,0.02709
2540.22519,0.02697
2538.29639,0.02698
2536.36759,0.02700
2534.43880,0.02727
2532.51000,0.02785
2530.58120,0.02813
2528.65241,0.02779
2526.72361,0.02716
2524.79481,0.02663
2522.86602,0.02632
2520.93722,0.02629
2519.00842,0.02656
2517.07963,0.02686
2515.15083,0.02705
2513.22203,0.02716
2511.29324,0.02696
2509.36444,0.02648
2507.43564,0.02634
2505.50685,0.02658
2503.57805,0.02658
2501.64925,0.02631
2499.72046,0.02639
2497.79166,0.02673
2495.86286,0.02669
2493.93407,0.02632
2492.00527,0.02600
2490.07647,0.02586
2488.14768,0.02609
2486.21888,0.02647
2484.29008,0.02672
2482.36129,0.02698
2480.43249,0.02719
2478.50369,0.02717
2476.57490,0.02717
2474.64610,0.02722
2472.71730,0.02701
2470.78851,0.02668
2468.85971,0.02652
2466.93091,0.02641
2465.00212,0.02635
2463.07332,0.02652
2461.14452,0.02667
2459.21573,0.02651
2457.28693,0.02621
2455.35813,0.02577
2453.42934,0.02532
2451.50054,0.02530
2449.57174,0.02553
2447.64295,0.02549
2445.71415,0.02531
2443.78535,0.02535
2441.85656,0.02551
2439.92776,0.02570
2437.99896,0.02581
2436.07017,0.02563
2434.14137,0.02530
2432.21257,0.02503
2430.28378,0.02475
2428.35498,0.02464
2426.42618,0.02494
2424.49739,0.02527
2422.56859,0.02509
2420.63979,0.02442
2418.71100,0.02371
2416.78220,0.02334
2414.85340,0.02330
2412.92461,0.02324
2410.99581,0.02296
2409.06701,0.02276
2407.13822,0.02274
2405.20942,0.02273
2403.28062,0.02274
2401.35183,0.02269
2399.42303,0.02224
2397.49423,0.02165
2395.56544,0.02140
2393.63664,0.02134
2391.70784,0.02139
2389.77905,0.02187
2387.85025,0.02307
2385.92145,0.02556
2383.99266,0.03000
2382.06386,0.03653
2380.13506,0.04464
2378.20627,0.05368
2376.27747,0.06311
2374.34867,0.07269
2372.41988,0.08248
2370.49108,0.09248
2368.56228,0.10191
2366.63349,0.10984
2364.70469,0.11590
2362.77589,0.11991
2360.84710,0.12165
2358.91830,0.12045
2356.98951,0.11534
2355.06071,0.10629
2353.13191,0.09426
2351.20312,0.08222
2349.27432,0.07594
2347.34552,0.07885
2345.41673,0.08758
2343.48793,0.09360
2341.55913,0.09420
2339.63034,0.09252
2337.70154,0.09027
2335.77274,0.08850
2333.84395,0.08819
2331.91515,0.08851
2329.98635,0.08720
2328.05756,0.08401
2326.12876,0.08114
2324.19996,0.07955
2322.27117,0.07753
2320.34237,0.07322
2318.41357,0.06737
2316.48478,0.06225
2314.55598,0.05908
2312.62718,0.05690
2310.69839,0.05410
2308.76959,0.05040
2306.84079,0.04638
2304.91200,0.04254
2302.98320,0.03942
2301.05440,0.03701
2299.12561,0.03484
2297.19681,0.03297
2295.26801,0.03160
2293.33922,0.03043
2291.41042,0.02918
2289.48162,0.02809
2287.55283,0.02728
2285.62403,0.02661
2283.69523,0.02624
2281.76644,0.02646
2279.83764,0.02731
2277.90884,0.02839
2275.98005,0.02903
2274.05125,0.02918
2272.12245,0.02941
2270.19366,0.02988
2268.26486,0.03051
2266.33606,0.03133
2264.40727,0.03202
2262.47847,0.03232
2260.54967,0.03237
2258.62088,0.03249
2256.69208,0.03302
2254.76328,0.03366
2252.83449,0.03354
2250.90569,0.03300
2248.97689,0.03326
2247.04810,0.03378
2245.11930,0.03373
2243.19050,0.03410
2241.26171,0.03512
2239.33291,0.03578
2237.40411,0.03612
2235.47532,0.03640
2233.54652,0.03613
2231.61772,0.03582
2229.68893,0.03642
2227.76013,0.03754
2225.83133,0.03833
2223.90254,0.03873
2221.97374,0.03900
2220.04494,0.03937
2218.11615,0.03969
2216.18735,0.03982
2214.25855,0.04034
2212.32976,0.04123
2210.40096,0.04194
2208.47216,0.04304
2206.54337,0.04381
2204.61457,0.04325
2202.68577,0.04287
2200.75698,0.04373
2198.82818,0.04484
2196.89938,0.04513
2194.97059,0.04530
2193.04179,0.04649
2191.11299,0.04777
2189.18420,0.04815
2187.25540,0.04844
2185.32660,0.04922
2183.39781,0.04983
2181.46901,0.04961
2179.54021,0.04880
2177.61142,0.04859
2175.68262,0.04993
2173.75382,0.05148
2171.82503,0.05188
2169.89623,0.05256
2167.96743,0.05397
2166.03864,0.05504
2164.10984,0.05697
2162.18104,0.06079
2160.25225,0.06454
2158.32345,0.06547
2156.39465,0.06212
2154.46586,0.05679
2152.53706,0.05198
2150.60826,0.04774
2148.67947,0.04495
2146.75067,0.04370
2144.82187,0.04196
2142.89308,0.03898
2140.96428,0.03585
2139.03548,0.03355
2137.10669,0.03177
2135.17789,0.03005
2133.24909,0.02856
2131.32030,0.02742
2129.39150,0.02621
2127.46270,0.02476
2125.53391,0.02359
2123.60511,0.02268
2121.67631,0.02172
2119.74752,0.02098
2117.81872,0.02060
2115.88992,0.02035
2113.96113,0.02023
2112.03233,0.02037
2110.10353,0.02051
2108.17474,0.02053
2106.24594,0.02101
2104.31714,0.02185
2102.38835,0.02197
2100.45955,0.02133
2098.53075,0.02068
2096.60196,0.02012
2094.67316,0.01973
2092.74436,0.01983
2090.81557,0.01991
2088.88677,0.01969
2086.95797,0.01984
2085.02918,0.02045
2083.10038,0.02095
2081.17158,0.02138
2079.24279,0.02183
2077.31399,0.02206
2075.38519,0.02207
2073.45640,0.02250
2071.52760,0.02360
2069.59880,0.02455
2067.67001,0.02531
2065.74121,0.02602
2063.81241,0.02591
2061.88362,0.02473
2059.95482,0.02363
2058.02602,0.02403
2056.09723,0.02538
2054.16843,0.02613
2052.23963,0.02650
2050.31084,0.02782
2048.38204,0.03008
2046.45324,0.03230
2044.52445,0.03387
2042.59565,0.03474
2040.66685,0.03574
2038.73806,0.03629
2036.80926,0.03495
2034.88046,0.03340
2032.95167,0.03401
2031.02287,0.03568
2029.09407,0.03631
2027.16528,0.03584
2025.23648,0.03505
2023.30768,0.03486
2021.37889,0.03552
2019.45009,0.03621
2017.52129,0.03691
2015.59250,0.03696
2013.66370,0.03542
2011.73490,0.03357
2009.80611,0.03287
2007.87731,0.03210
2005.94851,0.02969
2004.01972,0.02801
2002.09092,0.02935
2000.16212,0.03146
1998.23333,0.03150
1996.30453,0.02975
1994.37574,0.02836
1992.44694,0.02807
1990.51814,0.02742
1988.58935,0.02620
1986.66055,0.02567
1984.73175,0.02599
1982.80296,0.02693
1980.87416,0.02820
1978.94536,0.02907
1977.01657,0.02940
1975.08777,0.02937
1973.15897,0.02809
1971.23018,0.02557
1969.30138,0.02447
1967.37258,0.02586
1965.44379,0.02726
1963.51499,0.02677
1961.58619,0.02495
1959.65740,0.02296
1957.72860,0.02136
1955.79980,0.02020
1953.87101,0.01905
1951.94221,0.01809
1950.01341,0.01789
1948.08462,0.01803
1946.15582,0.01815
1944.22702,0.01848
1942.29823,0.01830
1940.36943,0.01688
1938.44063,0.01545
1936.51184,0.01529
1934.58304,0.01591
1932.65424,0.01580
1930.72545,0.01489
1928.79665,0.01430
1926.86785,0.01445
1924.93906,0.01507
1923.01026,0.01553
1921.08146,0.01558
1919.15267,0.01558
1917.22387,0.01510
1915.29507,0.01420
1913.36628,0.01398
1911.43748,0.01442
1909.50868,0.01453
1907.57989,0.01393
1905.65109,0.01328
1903.72229,0.01299
1901.79350,0.01296
1899.86470,0.01302
1897.93590,0.01313
1896.00711,0.01323
1894.07831,0.01328
1892.14951,0.01353
1890.22072,0.01379
1888.29192,0.01344
1886.36312,0.01291
1884.43433,0.01271
1882.50553,0.01269
1880.57673,0.01267
1878.64794,0.01256
1876.71914,0.01243
1874.79034,0.01241
1872.86155,0.01297
1870.93275,0.01443
1869.00395,0.01552
1867.07516,0.01477
1865.14636,0.01327
1863.21756,0.01244
1861.28877,0.01212
1859.35997,0.01193
1857.43117,0.01174
1855.50238,0.01155
1853.57358,0.01150
1851.64478,0.01173
1849.71599,0.01232
1847.78719,0.01331
1845.85839,0.01449
1843.92960,0.01465
1842.00080,0.01336
1840.07200,0.01236
1838.14321,0.01226
1836.21441,0.01230
1834.28561,0.01241
1832.35682,0.01330
1830.42802,0.01434
1828.49922,0.01444
1826.57043,0.01418
1824.64163,0.01369
1822.71283,0.01266
1820.78404,0.01190
1818.85524,0.01181
1816.92644,0.01185
1814.99765,0.01193
1813.06885,0.01240
1811.14005,0.01280
1809.21126,0.01245
1807.28246,0.01175
1805.35366,0.01170
1803.42487,0.01260
1801.49607,0.01352
1799.56727,0.01349
1797.63848,0.01308
1795.70968,0.01351
1793.78088,0.01477
1791.85209,0.01508
1789.92329,0.01357
1787.99449,0.01238
1786.06570,0.01249
1784.13690,0.01289
1782.20810,0.01318
1780.27931,0.01326
1778.35051,0.01306
1776.42171,0.01341
1774.49292,0.01480
1772.56412,0.01606
1770.63532,0.01580
1768.70653,0.01457
1766.77773,0.01316
1764.84893,0.01261
1762.92014,0.01316
1760.99134,0.01342
1759.06254,0.01318
1757.13375,0.01297
1755.20495,0.01272
1753.27615,0.01352
1751.34736,0.01553
1749.41856,0.01635
1747.48976,0.01531
1745.56097,0.01421
1743.63217,0.01380
1741.70337,0.01377
1739.77458,0.01358
1737.84578,0.01369
1735.91698,0.01525
1733.98819,0.01688
1732.05939,0.01589
1730.13059,0.01389
1728.20180,0.01238
1726.27300,0.01175
1724.34420,0.01213
1722.41541,0.01317
1720.48661,0.01564
1718.55781,0.01947
1716.62902,0.02158
1714.70022,0.02075
1712.77142,0.01962
1710.84263,0.02011
1708.91383,0.02268
1706.98503,0.02709
1705.05624,0.03210
1703.12744,0.03758
1701.19864,0.04541
1699.26985,0.05385
1697.34105,0.06088
1695.41225,0.06881
1693.48346,0.07735
1691.55466,0.08752
1689.62586,0.10103
1687.69707,0.11612
1685.76827,0.13404
1683.83947,0.15560
1681.91068,0.17223
1679.98188,0.18500
1678.05308,0.19925
1676.12429,0.21613
1674.19549,0.23319
1672.26669,0.24749
1670.33790,0.26085
1668.40910,0.27230
1666.48030,0.27978
1664.55151,0.28638
1662.62271,0.29244
1660.69391,0.29568
1658.76512,0.29743
1656.83632,0.30038
1654.90752,0.30526
1652.97873,0.30795
1651.04993,0.30641
1649.12113,0.30763
1647.19234,0.31263
1645.26354,0.31816
1643.33474,0.32450
1641.40595,0.33479
1639.47715,0.34949
1637.54835,0.36914
1635.61956,0.39396
1633.69076,0.41632
1631.76197,0.43449
1629.83317,0.45415
1627.90437,0.47500
1625.97558,0.49304
1624.04678,0.50692
1622.11798,0.51554
1620.18919,0.51931
1618.26039,0.52098
1616.33159,0.51998
1614.40280,0.51667
1612.47400,0.51487
1610.54520,0.51621
1608.61641,0.52064
1606.68761,0.52750
1604.75881,0.53663
1602.83002,0.54775
1600.90122,0.55962
1598.97242,0.57080
1597.04363,0.58032
1595.11483,0.58713
1593.18603,0.58962
1591.25724,0.58726
1589.32844,0.57994
1587.39964,0.56786
1585.47085,0.55165
1583.54205,0.53191
1581.61325,0.50998
1579.68446,0.48821
1577.75566,0.46486
1575.82686,0.43543
1573.89807,0.40773
1571.96927,0.38590
1570.04047,0.36282
1568.11168,0.33838
1566.18288,0.31714
1564.25408,0.29927
1562.32529,0.28625
1560.39649,0.27515
1558.46769,0.25670
1556.53890,0.23704
1554.61010,0.22238
1552.68130,0.21009
1550.75251,0.19938
1548.82371,0.18975
1546.89491,0.18242
1544.96612,0.17762
1543.03732,0.17370
1541.10852,0.16836
1539.17973,0.15896
1537.25093,0.15036
1535.32213,0.14566
1533.39334,0.14159
1531.46454,0.13644
1529.53574,0.13270
1527.60695,0.13072
1525.67815,0.12891
1523.74935,0.12740
1521.82056,0.12572
1519.89176,0.12282
1517.96296,0.11980
1516.03417,0.11663
1514.10537,0.11357
1512.17657,0.11260
1510.24778,0.11460
1508.31898,0.11789
1506.39018,0.11698
1504.46139,0.11220
1502.53259,0.11042
1500.60379,0.11243
1498.67500,0.11654
1496.74620,0.12073
1494.81740,0.12443
1492.88861,0.13005
1490.95981,0.13943
1489.03101,0.15016
1487.10222,0.15921
1485.17342,0.16845
1483.24462,0.18020
1481.31583,0.19457
1479.38703,0.21039
1477.45823,0.22760
1475.52944,0.24643
1473.60064,0.26574
1471.67184,0.28256
1469.74305,0.29467
1467.81425,0.30540
1465.88545,0.31685
1463.95666,0.32591
1462.02786,0.33107
1460.09906,0.33498
1458.17027,0.33661
1456.24147,0.32985
1454.31267,0.31740
1452.38388,0.30471
1450.45508,0.29149
1448.52628,0.27641
1446.59749,0.25913
1444.66869,0.24183
1442.73989,0.22563
1440.81110,0.21128
1438.88230,0.19917
1436.95350,0.18607
1435.02471,0.17143
1433.09591,0.15939
1431.16711,0.14962
1429.23832,0.14019
1427.30952,0.13179
1425.38072,0.12511
1423.45193,0.11952
1421.52313,0.11530
1419.59433,0.11172
1417.66554,0.10633
1415.73674,0.10004
1413.80794,0.09508
1411.87915,0.09141
1409.95035,0.08827
1408.02155,0.08571
1406.09276,0.08369
1404.16396,0.08128
1402.23516,0.07898
1400.30637,0.07788
1398.37757,0.07725
1396.44877,0.07600
1394.51998,0.07364
1392.59118,0.07061
1390.66238,0.06873
1388.73359,0.06826
1386.80479,0.06729
1384.87599,0.06519
1382.94720,0.06344
1381.01840,0.06257
1379.08960,0.06212
1377.16081,0.06205
1375.23201,0.06211
1373.30321,0.06121
1371.37442,0.05958
1369.44562,0.05837
1367.51682,0.05770
1365.58803,0.05777
1363.65923,0.05844
1361.73043,0.05803
1359.80164,0.05633
1357.87284,0.05492
1355.94404,0.05425
1354.01525,0.05374
1352.08645,0.05324
1350.15765,0.05286
1348.22886,0.05253
1346.30006,0.05225
1344.37126,0.05232
1342.44247,0.05322
1340.51367,0.05462
1338.58487,0.05500
1336.65608,0.05405
1334.72728,0.05299
1332.79848,0.05251
1330.86969,0.05236
1328.94089,0.05216
1327.01209,0.05182
1325.08330,0.05145
1323.15450,0.05118
1321.22570,0.05112
1319.29691,0.05110
1317.36811,0.05082
1315.43931,0.05039
1313.51052,0.04997
1311.58172,0.04947
1309.65292,0.04899
1307.72413,0.04866
1305.79533,0.04840
1303.86653,0.04821
1301.93774,0.04809
1300.00894,0.04804
1298.08014,0.04805
1296.15135,0.04803
1294.22255,0.04799
1292.29375,0.04805
1290.36496,0.04820
1288.43616,0.04829
1286.50736,0.04826
1284.57857,0.04818
1282.64977,0.04816
1280.72097,0.04816
1278.79218,0.04814
1276.86338,0.04814
1274.93458,0.04822
1273.00579,0.04837
1271.07699,0.04846
1269.14820,0.04843
1267.21940,0.04835
1265.29060,0.04828
1263.36181,0.04824
1261.43301,0.04826
1259.50421,0.04826
1257.57542,0.04820
1255.64662,0.04818
1253.71782,0.04827
1251.78903,0.04840
1249.86023,0.04855
1247.93143,0.04873
1246.00264,0.04895
1244.07384,0.04919
1242.14504,0.04941
1240.21625,0.04960
1238.28745,0.04979
1236.35865,0.04998
1234.42986,0.05018
1232.50106,0.05041
1230.57226,0.05066
1228.64347,0.05092
1226.71467,0.05118
1224.78587,0.05147
1222.85708,0.05179
1220.92828,0.05215
1218.99948,0.05256
1217.07069,0.05301
1215.14189,0.05354
1213.21309,0.05414
1211.28430,0.05478
1209.35550,0.05545
1207.42670,0.05620
1205.49791,0.05710
1203.56911,0.05815
1201.64031,0.05935
1199.71152,0.06072
1197.78272,0.06229
1195.85392,0.06404
1193.92513,0.06602
1191.99633,0.06830
1190.06753,0.07089
1188.13874,0.07378
1186.20994,0.07699
1184.28114,0.08055
1182.35235,0.08455
1180.42355,0.08909
1178.49475,0.09416
1176.56596,0.09963
1174.63716,0.10539
1172.70836,0.11141
1170.77957,0.11765
1168.85077,0.12393
1166.92197,0.13002
1164.99318,0.13564
1163.06438,0.14052
1161.13558,0.14439
1159.20679,0.14694
1157.27799,0.14795
1155.34919,0.14736
1153.42040,0.14524
1151.49160,0.14176
1149.56280,0.13716
1147.63401,0.13173
1145.70521,0.12575
1143.77641,0.11953
1141.84762,0.11338
1139.91882,0.10748
1137.99002,0.10194
1136.06123,0.09683
1134.13243,0.09220
1132.20363,0.08803
1130.27484,0.08431
1128.34604,0.08100
1126.41724,0.07808
1124.48845,0.07550
1122.55965,0.07321
1120.63085,0.07119
1118.70206,0.06939
1116.77326,0.06779
1114.84446,0.06639
1112.91567,0.06517
1110.98687,0.06409
1109.05807,0.06313
1107.12928,0.06233
1105.20048,0.06166
1103.27168,0.06112
1101.34289,0.06068
1099.41409,0.06035
1097.48529,0.06013
1095.55650,0.06005
1093.62770,0.06012
1091.69890,0.06029
1089.77011,0.06053
1087.84131,0.06085
1085.91251,0.06125
1083.98372,0.06171
1082.05492,0.06223
1080.12612,0.06279
1078.19733,0.06337
1076.26853,0.06393
1074.33973,0.06446
1072.41094,0.06496
1070.48214,0.06537
1068.55334,0.06569
1066.62455,0.06587
1064.69575,0.06591
1062.76695,0.06581
1060.83816,0.06555
1058.90936,0.06515
1056.98056,0.06463
1055.05177,0.06398
1053.12297,0.06324
1051.19417,0.06247
1049.26538,0.06168
1047.33658,0.06091
1045.40778,0.06017
1043.47899,0.05944
1041.55019,0.05871
1039.62139,0.05798
1037.69260,0.05728
1035.76380,0.05661
1033.83500,0.05595
1031.90621,0.05531
1029.97741,0.05469
1028.04861,0.05408
1026.11982,0.05350
1024.19102,0.05295
1022.26222,0.05247
1020.33343,0.05206
1018.40463,0.05174
1016.47583,0.05150
1014.54704,0.05132
1012.61824,0.05114
1010.68944,0.05090
1008.76065,0.05048
1006.83185,0.04987
1004.90305,0.04910
1002.97426,0.04827
1001.04546,0.04749
999.11666,0.04681
997.18787,0.04629
995.25907,0.04591
993.33027,0.04558
991.40148,0.04524
989.47268,0.04489
987.54388,0.04454
985.61509,0.04417
983.68629,0.04375
981.75749,0.04329
979.82870,0.04281
977.89990,0.04229
975.97110,0.04175
974.04231,0.04118
972.11351,0.04062
970.18471,0.04006
968.25592,0.03949
966.32712,0.03893
964.39832,0.03840
962.46953,0.03786
960.54073,0.03731
958.61193,0.03676
956.68314,0.03622
954.75434,0.03568
952.82554,0.03517
950.89675,0.03469
948.96795,0.03421
947.03915,0.03374
945.11036,0.03331
943.18156,0.03288
941.25276,0.03247
939.32397,0.03205
937.39517,0.03161
935.46637,0.03115
933.53758,0.03067
931.60878,0.03017
929.67998,0.02964
927.75119,0.02907
925.82239,0.02846
923.89359,0.02783
921.96480,0.02718
920.03600,0.02649
918.10720,0.02582
916.17841,0.02517
914.24961,0.02452
912.32081,0.02385
910.39202,0.02322
908.46322,0.02265
906.53443,0.02211
904.60563,0.02156
902.67683,0.02105
900.74804,0.02058
898.81924,0.02014
896.89044,0.01967
894.96165,0.01917
893.03285,0.01861
891.10405,0.01800
889.17526,0.01741
887.24646,0.01688
885.31766,0.01633
883.38887,0.01575
881.46007,0.01517
879.53127,0.01459
877.60248,0.01397
875.67368,0.01334
873.74488,0.01278
871.81609,0.01229
869.88729,0.01178
867.95849,0.01122
866.02970,0.01063
864.10090,0.01006
862.17210,0.00956
860.24331,0.00911
858.31451,0.00864
856.38571,0.00817
854.45692,0.00778
852.52812,0.00748
850.59932,0.00720
848.67053,0.00691
846.74173,0.00669
844.81293,0.00655
842.88414,0.00639
840.95534,0.00616
839.02654,0.00595
837.09775,0.00579
835.16895,0.00560
833.24015,0.00541
831.31136,0.00529
829.38256,0.00522
827.45376,0.00511
825.52497,0.00497
823.59617,0.00491
821.66737,0.00495
819.73858,0.00498
817.80978,0.00494
815.88098,0.00498
813.95219,0.00510
812.02339,0.00525
810.09459,0.00550
808.16580,0.00595
806.23700,0.00649
804.30820,0.00706
802.37941,0.00777
800.45061,0.00860
798.52181,0.00960
796.59302,0.01094
794.66422,0.01257
792.73542,0.01426
790.80663,0.01583
788.87783,0.01714
786.94903,0.01807
785.02024,0.01855
783.09144,0.01836
781.16264,0.01728
779.23385,0.01569
777.30505,0.01399
775.37625,0.01211
773.44746,0.01020
771.51866,0.00869
769.58986,0.00761
767.66107,0.00678
765.73227,0.00626
763.80347,0.00599
761.87468,0.00569
759.94588,0.00532
758.01708,0.00499
756.08829,0.00463
754.15949,0.00432
752.23069,0.00429
750.30190,0.00434
748.37310,0.00416
