3496.90832,0.04774
3494.97953,0.04727
3493.05073,0.04553
3491.12193,0.04615
3489.19314,0.04582
3487.26434,0.04304
3485.33554,0.03848
3483.40675,0.03660
3481.47795,0.04163
3479.54915,0.04789
3477.62036,0.05009
3475.69156,0.05218
3473.76276,0.05577
3471.83397,0.05520
3469.90517,0.04829
3467.97637,0.04227
3466.04758,0.04207
3464.11878,0.04333
3462.18998,0.04235
3460.26119,0.04077
3458.33239,0.03955
3456.40359,0.04081
3454.47480,0.04580
3452.54600,0.04744
3450.61721,0.04215
3448.68841,0.03842
3446.75961,0.04247
3444.83082,0.04752
3442.90202,0.04499
3440.97322,0.03942
3439.04443,0.03760
3437.11563,0.03715
3435.18683,0.03612
3433.25804,0.03623
3431.32924,0.03474
3429.40044,0.03042
3427.47165,0.02827
3425.54285,0.03010
3423.61405,0.03470
3421.68526,0.03764
3419.75646,0.03753
3417.82766,0.03881
3415.89887,0.03629
3413.97007,0.02722
3412.04127,0.02202
3410.11248,0.02563
3408.18368,0.02938
3406.25488,0.02687
3404.32609,0.02387
3402.39729,0.02426
3400.46849,0.02593
3398.53970,0.02578
3396.61090,0.02028
3394.68210,0.01475
3392.75331,0.01598
3390.82451,0.02081
3388.89571,0.02680
3386.96692,0.03392
3385.03812,0.03752
3383.10932,0.03724
3381.18053,0.03830
3379.25173,0.03876
3377.32293,0.03688
3375.39414,0.03533
3373.46534,0.03417
3371.53654,0.03570
3369.60775,0.04233
3367.67895,0.04960
3365.75015,0.04946
3363.82136,0.04098
3361.89256,0.03431
3359.96376,0.03545
3358.03497,0.03998
3356.10617,0.04158
3354.17737,0.03940
3352.24858,0.04118
3350.31978,0.04850
3348.39098,0.04979
3346.46219,0.04227
3344.53339,0.03845
3342.60459,0.04184
3340.67580,0.04604
3338.74700,0.04592
3336.81820,0.03960
3334.88941,0.03360
3332.96061,0.03212
3331.03181,0.03266
3329.10302,0.03747
3327.17422,0.04298
3325.24542,0.03965
3323.31663,0.03058
3321.38783,0.02718
3319.45903,0.03031
3317.53024,0.02775
3315.60144,0.01560
3313.67264,0.00556
3311.74385,0.00508
3309.81505,0.01130
3307.88625,0.02324
3305.95746,0.03516
3304.02866,0.03608
3302.09986,0.02674
3300.17107,0.01798
3298.24227,0.01427
3296.31347,0.01240
3294.38468,0.01082
3292.45588,0.00941
3290.52708,0.00824
3288.59829,0.00842
3286.66949,0.00751
3284.74069,0.00617
3282.81190,0.00892
3280.88310,0.01535
3278.95430,0.02556
3277.02551,0.03649
3275.09671,0.04132
3273.16791,0.04058
3271.23912,0.03485
3269.31032,0.02456
3267.38152,0.01855
3265.45273,0.02024
3263.52393,0.01969
3261.59513,0.01333
3259.66634,0.01061
3257.73754,0.01553
3255.80874,0.02244
3253.87995,0.02608
3251.95115,0.02733
3250.02235,0.02795
3248.09356,0.02242
3246.16476,0.01077
3244.23596,0.00589
3242.30717,0.01027
3240.37837,0.01451
3238.44957,0.01580
3236.52078,0.01753
3234.59198,0.02217
3232.66318,0.02709
3230.73439,0.02812
3228.80559,0.02529
3226.87679,0.01990
3224.94800,0.01454
3223.01920,0.01370
3221.09040,0.01873
3219.16161,0.02611
3217.23281,0.03178
3215.30401,0.03507
3213.37522,0.03709
3211.44642,0.04007
3209.51762,0.04331
3207.58883,0.04144
3205.66003,0.03540
3203.73123,0.03186
3201.80244,0.03116
3199.87364,0.03012
3197.94484,0.02910
3196.01605,0.02909
3194.08725,0.02906
3192.15845,0.02906
3190.22966,0.03141
3188.30086,0.03435
3186.37206,0.03285
3184.44327,0.02878
3182.51447,0.02651
3180.58567,0.02567
3178.65688,0.02653
3176.72808,0.02808
3174.79928,0.02724
3172.87049,0.02435
3170.94169,0.02088
3169.01289,0.01842
3167.08410,0.01964
3165.15530,0.02368
3163.22650,0.02608
3161.29771,0.02488
3159.36891,0.02121
3157.44011,0.01753
3155.51132,0.01690
3153.58252,0.01875
3151.65372,0.01954
3149.72493,0.01789
3147.79613,0.01662
3145.86733,0.01793
3143.93854,0.01943
3142.00974,0.01985
3140.08094,0.02015
3138.15215,0.01934
3136.22335,0.01711
3134.29455,0.01548
3132.36576,0.01642
3130.43696,0.01922
3128.50816,0.02020
3126.57937,0.01866
3124.65057,0.01846
3122.72177,0.02083
3120.79298,0.02252
3118.86418,0.02184
3116.93538,0.02020
3115.00659,0.01929
3113.07779,0.01968
3111.14899,0.02096
3109.22020,0.02207
3107.29140,0.02194
3105.36260,0.02041
3103.43381,0.01917
3101.50501,0.01947
3099.57621,0.01973
3097.64742,0.01835
3095.71862,0.01635
3093.78982,0.01556
3091.86103,0.01573
3089.93223,0.01607
3088.00344,0.01673
3086.07464,0.01716
3084.14584,0.01748
3082.21705,0.01855
3080.28825,0.01978
3078.35945,0.02009
3076.43066,0.01920
3074.50186,0.01794
3072.57306,0.01738
3070.64427,0.01749
3068.71547,0.01759
3066.78667,0.01762
3064.85788,0.01828
3062.92908,0.01924
3061.00028,0.01917
3059.07149,0.01786
3057.14269,0.01700
3055.21389,0.01806
3053.28510,0.02000
3051.35630,0.02066
3049.42750,0.01958
3047.49871,0.01813
3045.56991,0.01774
3043.64111,0.01835
3041.71232,0.01896
3039.78352,0.01907
3037.85472,0.01930
3035.92593,0.02010
3033.99713,0.02073
3032.06833,0.02100
3030.13954,0.02150
3028.21074,0.02220
3026.28194,0.02273
3024.35315,0.02267
3022.42435,0.02206
3020.49555,0.02144
3018.56676,0.02126
3016.63796,0.02202
3014.70916,0.02340
3012.78037,0.02439
3010.85157,0.02453
3008.92277,0.02399
3006.99398,0.02325
3005.06518,0.02265
3003.13638,0.02210
3001.20759,0.02170
2999.27879,0.02185
2997.34999,0.02238
2995.42120,0.02271
2993.49240,0.02257
2991.56360,0.02236
2989.63481,0.02268
2987.70601,0.02310
2985.77721,0.02305
2983.84842,0.02322
2981.91962,0.02417
2979.99082,0.02507
2978.06203,0.02502
2976.13323,0.02444
2974.20443,0.02418
2972.27564,0.02444
2970.34684,0.02491
2968.41804,0.02500
2966.48925,0.02466
2964.56045,0.02422
2962.63165,0.02388
2960.70286,0.02393
2958.77406,0.02436
2956.84526,0.02472
2954.91647,0.02496
2952.98767,0.02528
2951.05887,0.02556
2949.13008,0.02589
2947.20128,0.02614
2945.27248,0.02603
2943.34369,0.02571
2941.41489,0.02540
2939.48609,0.02542
2937.55730,0.02580
2935.62850,0.02603
2933.69970,0.02592
2931.77091,0.02585
2929.84211,0.02591
2927.91331,0.02588
2925.98452,0.02576
2924.05572,0.02571
2922.12692,0.02594
2920.19813,0.02650
2918.26933,0.02714
2916.34053,0.02762
2914.41174,0.02771
2912.48294,0.02724
2910.55414,0.02661
2908.62535,0.02636
2906.69655,0.02634
2904.76775,0.02630
2902.83896,0.02642
2900.91016,0.02671
2898.98136,0.02710
2897.05257,0.02735
2895.12377,0.02724
2893.19497,0.02716
2891.26618,0.02753
2889.33738,0.02788
2887.40858,0.02765
2885.47979,0.02714
2883.55099,0.02700
2881.62219,0.02743
2879.69340,0.02791
2877.76460,0.02800
2875.83580,0.02788
2873.90701,0.02792
2871.97821,0.02815
2870.04941,0.02829
2868.12062,0.02839
2866.19182,0.02873
2864.26302,0.02914
2862.33423,0.02938
2860.40543,0.02949
2858.47663,0.02951
2856.54784,0.02932
2854.61904,0.02902
2852.69024,0.02890
2850.76145,0.02902
2848.83265,0.02945
2846.90385,0.02997
2844.97506,0.03025
2843.04626,0.03043
2841.11746,0.03068
2839.18867,0.03083
2837.25987,0.03076
2835.33107,0.03062
2833.40228,0.03069
2831.47348,0.03102
2829.54468,0.03133
2827.61589,0.03143
2825.68709,0.03153
2823.75829,0.03190
2821.82950,0.03235
2819.90070,0.03250
2817.97190,0.03235
2816.04311,0.03217
2814.11431,0.03208
2812.18551,0.03193
2810.25672,0.03166
2808.32792,0.03147
2806.39912,0.03147
2804.47033,0.03150
2802.54153,0.03154
2800.61273,0.03158
2798.68394,0.03155
2796.75514,0.03140
2794.82634,0.03118
2792.89755,0.03090
2790.96875,0.03069
2789.03995,0.03073
2787.11116,0.03078
2785.18236,0.03048
2783.25356,0.03022
2781.32477,0.03026
2779.39597,0.03027
2777.46717,0.03010
2775.53838,0.02983
2773.60958,0.02959
2771.68078,0.02950
2769.75199,0.02962
2767.82319,0.02989
2765.89439,0.03011
2763.96560,0.02992
2762.03680,0.02956
2760.10800,0.02943
2758.17921,0.02927
2756.25041,0.02890
2754.32161,0.02869
2752.39282,0.02863
2750.46402,0.02853
2748.53522,0.02858
2746.60643,0.02885
2744.67763,0.02904
2742.74883,0.02900
2740.82004,0.02892
2738.89124,0.02893
2736.96244,0.02907
2735.03365,0.02925
2733.10485,0.02918
2731.17605,0.02895
2729.24726,0.02898
2727.31846,0.02924
2725.38967,0.02932
2723.46087,0.02915
2721.53207,0.02912
2719.60328,0.02935
2717.67448,0.02951
2715.74568,0.02945
2713.81689,0.02944
2711.88809,0.02956
2709.95929,0.02954
2708.03050,0.02936
2706.10170,0.02923
2704.17290,0.02920
2702.24411,0.02916
2700.31531,0.02904
2698.38651,0.02888
2696.45772,0.02868
2694.52892,0.02869
2692.60012,0.02904
2690.67133,0.02931
2688.74253,0.02929
2686.81373,0.02924
2684.88494,0.02924
2682.95614,0.02920
2681.02734,0.02924
2679.09855,0.02950
2677.16975,0.02970
2675.24095,0.02958
2673.31216,0.02935
2671.38336,0.02935
2669.45456,0.02947
2667.52577,0.02952
2665.59697,0.02952
2663.66817,0.02954
2661.73938,0.02937
2659.81058,0.02903
2657.88178,0.02884
2655.95299,0.02881
2654.02419,0.02877
2652.09539,0.02880
2650.16660,0.02882
2648.23780,0.02876
2646.30900,0.02885
2644.38021,0.02911
2642.45141,0.02939
2640.52261,0.02959
2638.59382,0.02958
2636.66502,0.02949
2634.73622,0.02969
2632.80743,0.03007
2630.87863,0.03022
2628.94983,0.03016
2627.02104,0.03020
2625.09224,0.03047
2623.16344,0.03071
2621.23465,0.03067
2619.30585,0.03060
2617.37705,0.03057
2615.44826,0.03047
2613.51946,0.03053
2611.59066,0.03085
2609.66187,0.03104
2607.73307,0.03080
2605.80427,0.03030
2603.87548,0.02996
2601.94668,0.03005
2600.01788,0.03046
2598.08909,0.03079
2596.16029,0.03075
2594.23149,0.03045
2592.30270,0.03047
2590.37390,0.03113
2588.44510,0.03171
2586.51631,0.03128
2584.58751,0.03052
2582.65871,0.03040
2580.72992,0.03046
2578.80112,0.03030
2576.87232,0.03051
2574.94353,0.03112
2573.01473,0.03141
2571.08593,0.03147
2569.15714,0.03174
2567.22834,0.03196
2565.29954,0.03178
2563.37075,0.03125
2561.44195,0.03085
2559.51315,0.03069
2557.58436,0.03041
2555.65556,0.03024
2553.72676,0.03016
2551.79797,0.02997
2549.86917,0.03018
2547.94037,0.03076
2546.01158,0.03099
2544.08278,0.03076
2542.15398,0.03042
2540.22519,0.03012
2538.29639,0.03001
2536.36759,0.03011
2534.43880,0.03032
2532.51000,0.03045
2530.58120,0.03028
2528.65241,0.03013
2526.72361,0.03033
2524.79481,0.03031
2522.86602,0.02992
2520.93722,0.02985
2519.00842,0.03014
2517.07963,0.03016
2515.15083,0.02998
2513.22203,0.02990
2511.29324,0.02977
2509.36444,0.02953
2507.43564,0.02956
2505.50685,0.03002
2503.57805,0.03031
2501.64925,0.03011
2499.72046,0.02992
2497.79166,0.02981
2495.86286,0.02944
2493.93407,0.02922
2492.00527,0.02940
2490.07647,0.02960
2488.14768,0.02968
2486.21888,0.02982
2484.29008,0.02998
2482.36129,0.03007
2480.43249,0.03006
2478.50369,0.03002
2476.57490,0.03006
2474.64610,0.03010
2472.71730,0.02990
2470.78851,0.02959
2468.85971,0.02935
2466.93091,0.02927
2465.00212,0.02956
2463.07332,0.02982
2461.14452,0.02951
2459.21573,0.02911
2457.28693,0.02905
2455.35813,0.02910
2453.42934,0.02913
2451.50054,0.02908
2449.57174,0.02878
2447.64295,0.02837
2445.71415,0.02814
2443.78535,0.02801
2441.85656,0.02782
2439.92776,0.02781
2437.99896,0.02809
2436.07017,0.02827
2434.14137,0.02821
2432.21257,0.02821
2430.28378,0.02827
2428.35498,0.02835
2426.42618,0.02849
2424.49739,0.02848
2422.56859,0.02809
2420.63979,0.02761
2418.71100,0.02735
2416.78220,0.02722
2414.85340,0.02712
2412.92461,0.02688
2410.99581,0.02656
2409.06701,0.02663
2407.13822,0.02698
2405.20942,0.02697
2403.28062,0.02657
2401.35183,0.02616
2399.42303,0.02571
2397.49423,0.02525
2395.56544,0.02510
2393.63664,0.02528
2391.70784,0.02549
2389.77905,0.02603
2387.85025,0.02796
2385.92145,0.03218
2383.99266,0.03903
2382.06386,0.04860
2380.13506,0.06059
2378.20627,0.07397
2376.27747,0.08766
2374.34867,0.10156
2372.41988,0.11585
2370.49108,0.13042
2368.56228,0.14472
2366.63349,0.15762
2364.70469,0.16793
2362.77589,0.17477
2360.84710,0.17748
2358.91830,0.17530
2356.98951,0.16754
2355.06071,0.15438
2353.13191,0.13689
2351.20312,0.11924
2349.27432,0.10989
2347.34552,0.11401
2345.41673,0.12675
2343.48793,0.13556
2341.55913,0.13649
2339.63034,0.13428
2337.70154,0.13132
2335.77274,0.12883
2333.84395,0.12822
2331.91515,0.12853
2329.98635,0.12639
2328.05756,0.12148
2326.12876,0.11718
2324.19996,0.11468
2322.27117,0.11128
2320.34237,0.10454
2318.41357,0.09578
2316.48478,0.08804
2314.55598,0.08297
2312.62718,0.07950
2310.69839,0.07538
2308.76959,0.06997
2306.84079,0.06403
2304.91200,0.05823
2302.98320,0.05323
2301.05440,0.04939
2299.12561,0.04635
2297.19681,0.04387
2295.26801,0.04168
2293.33922,0.03924
2291.41042,0.03670
2289.48162,0.03456
2287.55283,0.03277
2285.62403,0.03140
2283.69523,0.03090
2281.76644,0.03109
2279.83764,0.03159
2277.90884,0.03237
2275.98005,0.03287
2274.05125,0.03278
2272.12245,0.03293
2270.19366,0.03387
2268.26486,0.03501
2266.33606,0.03550
2264.40727,0.03530
2262.47847,0.03517
2260.54967,0.03543
2258.62088,0.03589
2256.69208,0.03619
2254.76328,0.03572
2252.83449,0.03466
2250.90569,0.03404
2248.97689,0.03448
2247.04810,0.03533
2245.11930,0.03552
2243.19050,0.03522
2241.26171,0.03533
2239.33291,0.03586
2237.40411,0.03633
2235.47532,0.03665
2233.54652,0.03672
2231.61772,0.03654
2229.68893,0.03691
2227.76013,0.03764
2225.83133,0.03768
2223.90254,0.03729
2221.97374,0.03720
2220.04494,0.03778
2218.11615,0.03907
2216.18735,0.04031
2214.25855,0.04061
2212.32976,0.04017
2210.40096,0.04037
2208.47216,0.04118
2206.54337,0.04073
2204.61457,0.03922
2202.68577,0.03895
2200.75698,0.04038
2198.82818,0.04184
2196.89938,0.04211
2194.97059,0.04176
2193.04179,0.04213
2191.11299,0.04369
2189.18420,0.04608
2187.25540,0.04792
2185.32660,0.04796
2183.39781,0.04759
2181.46901,0.04848
2179.54021,0.04950
2177.61142,0.04949
2175.68262,0.04919
2173.75382,0.04868
2171.82503,0.04756
2169.89623,0.04726
2167.96743,0.04796
2166.03864,0.04889
2164.10984,0.05229
2162.18104,0.05874
2160.25225,0.06347
2158.32345,0.06336
2156.39465,0.05966
2154.46586,0.05378
2152.53706,0.04791
2150.60826,0.04389
2148.67947,0.04120
2146.75067,0.03922
2144.82187,0.03792
2142.89308,0.03640
2140.96428,0.03424
2139.03548,0.03282
2137.10669,0.03276
2135.17789,0.03270
2133.24909,0.03150
2131.32030,0.02969
2129.39150,0.02818
2127.46270,0.02698
2125.53391,0.02596
2123.60511,0.02518
2121.67631,0.02458
2119.74752,0.02390
2117.81872,0.02332
2115.88992,0.02343
2113.96113,0.02404
2112.03233,0.02437
2110.10353,0.02434
2108.17474,0.02430
2106.24594,0.02430
2104.31714,0.02450
2102.38835,0.02507
2100.45955,0.02543
2098.53075,0.02509
2096.60196,0.02452
2094.67316,0.02429
2092.74436,0.02410
2090.81557,0.02374
2088.88677,0.02365
2086.95797,0.02401
2085.02918,0.02440
2083.10038,0.02464
2081.17158,0.02492
2079.24279,0.02525
2077.31399,0.02560
2075.38519,0.02611
2073.45640,0.02662
2071.52760,0.02678
2069.59880,0.02677
2067.67001,0.02690
2065.74121,0.02702
2063.81241,0.02719
2061.88362,0.02756
2059.95482,0.02766
2058.02602,0.02728
2056.09723,0.02697
2054.16843,0.02739
2052.23963,0.02880
2050.31084,0.03093
2048.38204,0.03274
2046.45324,0.03351
2044.52445,0.03429
2042.59565,0.03543
2040.66685,0.03583
2038.73806,0.03530
2036.80926,0.03501
2034.88046,0.03598
2032.95167,0.03756
2031.02287,0.03821
2029.09407,0.03728
2027.16528,0.03614
2025.23648,0.03605
2023.30768,0.03554
2021.37889,0.03389
2019.45009,0.03355
2017.52129,0.03592
2015.59250,0.03828
2013.66370,0.03789
2011.73490,0.03601
2009.80611,0.03505
2007.87731,0.03396
2005.94851,0.03127
2004.01972,0.02946
2002.09092,0.03010
2000.16212,0.03121
1998.23333,0.03097
1996.30453,0.02951
1994.37574,0.02802
1992.44694,0.02762
1990.51814,0.02820
1988.58935,0.02892
1986.66055,0.02903
1984.73175,0.02849
1982.80296,0.02912
1980.87416,0.03158
1978.94536,0.03260
1977.01657,0.03036
1975.08777,0.02833
1973.15897,0.02834
1971.23018,0.02805
1969.30138,0.02711
1967.37258,0.02808
1965.44379,0.03063
1963.51499,0.03147
1961.58619,0.02993
1959.65740,0.02759
1957.72860,0.02542
1955.79980,0.02408
1953.87101,0.02360
1951.94221,0.02372
1950.01341,0.02409
1948.08462,0.02363
1946.15582,0.02245
1944.22702,0.02212
1942.29823,0.02233
1940.36943,0.02184
1938.44063,0.02095
1936.51184,0.02020
1934.58304,0.01988
1932.65424,0.01975
1930.72545,0.01937
1928.79665,0.01918
1926.86785,0.01962
1924.93906,0.02030
1923.01026,0.02055
1921.08146,0.02056
1919.15267,0.02075
1917.22387,0.02048
1915.29507,0.01971
1913.36628,0.01946
1911.43748,0.01978
1909.50868,0.01990
1907.57989,0.01948
1905.65109,0.01883
1903.72229,0.01835
1901.79350,0.01797
1899.86470,0.01764
1897.93590,0.01766
1896.00711,0.01791
1894.07831,0.01812
1892.14951,0.01863
1890.22072,0.01927
1888.29192,0.01914
1886.36312,0.01849
1884.43433,0.01807
1882.50553,0.01794
1880.57673,0.01795
1878.64794,0.01800
1876.71914,0.01800
1874.79034,0.01803
1872.86155,0.01854
1870.93275,0.01986
1869.00395,0.02090
1867.07516,0.02030
1865.14636,0.01891
1863.21756,0.01804
1861.28877,0.01761
1859.35997,0.01736
1857.43117,0.01715
1855.50238,0.01696
1853.57358,0.01694
1851.64478,0.01722
1849.71599,0.01781
1847.78719,0.01870
1845.85839,0.01978
1843.92960,0.02000
1842.00080,0.01887
1840.07200,0.01787
1838.14321,0.01765
1836.21441,0.01762
1834.28561,0.01777
1832.35682,0.01874
1830.42802,0.01990
1828.49922,0.02013
1826.57043,0.01991
1824.64163,0.01938
1822.71283,0.01832
1820.78404,0.01756
1818.85524,0.01751
1816.92644,0.01760
1814.99765,0.01765
1813.06885,0.01800
1811.14005,0.01833
1809.21126,0.01807
1807.28246,0.01747
1805.35366,0.01739
1803.42487,0.01818
1801.49607,0.01898
1799.56727,0.01887
1797.63848,0.01849
1795.70968,0.01892
1793.78088,0.02009
1791.85209,0.02045
1789.92329,0.01920
1787.99449,0.01814
1786.06570,0.01820
1784.13690,0.01852
1782.20810,0.01873
1780.27931,0.01876
1778.35051,0.01853
1776.42171,0.01879
1774.49292,0.01998
1772.56412,0.02109
1770.63532,0.02098
1768.70653,0.02003
1766.77773,0.01873
1764.84893,0.01811
1762.92014,0.01856
1760.99134,0.01884
1759.06254,0.01868
1757.13375,0.01853
1755.20495,0.01835
1753.27615,0.01912
1751.34736,0.02090
1749.41856,0.02153
1747.48976,0.02053
1745.56097,0.01960
1743.63217,0.01928
1741.70337,0.01917
1739.77458,0.01888
1737.84578,0.01900
1735.91698,0.02054
1733.98819,0.02211
1732.05939,0.02120
1730.13059,0.01933
1728.20180,0.01792
1726.27300,0.01732
1724.34420,0.01760
1722.41541,0.01842
1720.48661,0.02047
1718.55781,0.02375
1716.62902,0.02549
1714.70022,0.02459
1712.77142,0.02345
1710.84263,0.02372
1708.91383,0.02573
1706.98503,0.02915
1705.05624,0.03302
1703.12744,0.03735
1701.19864,0.04361
1699.26985,0.05023
1697.34105,0.05573
1695.41225,0.06192
1693.48346,0.06857
1691.55466,0.07679
1689.62586,0.08804
1687.69707,0.10072
1685.76827,0.11595
1683.83947,0.13443
1681.91068,0.14873
1679.98188,0.15969
1678.05308,0.17196
1676.12429,0.18660
1674.19549,0.20154
1672.26669,0.21413
1670.33790,0.22584
1668.40910,0.23575
1666.48030,0.24206
1664.55151,0.24755
1662.62271,0.25268
1660.69391,0.25546
1658.76512,0.25696
1656.83632,0.25951
1654.90752,0.26372
1652.97873,0.26606
1651.04993,0.26492
1649.12113,0.26628
1647.19234,0.27101
1645.26354,0.27623
1643.33474,0.28213
1641.40595,0.29150
1639.47715,0.30463
1637.54835,0.32172
1635.61956,0.34304
1633.69076,0.36235
1631.76197,0.37782
1629.83317,0.39385
1627.90437,0.41006
1625.97558,0.42330
1624.04678,0.43273
1622.11798,0.43765
1620.18919,0.43880
1618.26039,0.43827
1616.33159,0.43557
1614.40280,0.43176
1612.47400,0.42993
1610.54520,0.43095
1608.61641,0.43461
1606.68761,0.44052
1604.75881,0.44858
1602.83002,0.45821
1600.90122,0.46814
1598.97242,0.47713
1597.04363,0.48420
1595.11483,0.48822
1593.18603,0.48805
1591.25724,0.48346
1589.32844,0.47453
1587.39964,0.46158
1585.47085,0.44531
1583.54205,0.42643
1581.61325,0.40622
1579.68446,0.38675
1577.75566,0.36651
1575.82686,0.34176
1573.89807,0.31890
1571.96927,0.30130
1570.04047,0.28314
1568.11168,0.26406
1566.18288,0.24758
1564.25408,0.23392
1562.32529,0.22428
1560.39649,0.21649
1558.46769,0.20302
1556.53890,0.18805
1554.61010,0.17693
1552.68130,0.16785
1550.75251,0.16008
1548.82371,0.15302
1546.89491,0.14775
1544.96612,0.14464
1543.03732,0.14215
1541.10852,0.13831
1539.17973,0.13114
1537.25093,0.12457
1535.32213,0.12125
1533.39334,0.11848
1531.46454,0.11468
1529.53574,0.11198
1527.60695,0.11083
1525.67815,0.10971
1523.74935,0.10869
1521.82056,0.10759
1519.89176,0.10544
1517.96296,0.10310
1516.03417,0.10062
1514.10537,0.09821
1512.17657,0.09762
1510.24778,0.09963
1508.31898,0.10267
1506.39018,0.10184
1504.46139,0.09765
1502.53259,0.09620
1500.60379,0.09805
1498.67500,0.10167
1496.74620,0.10536
1494.81740,0.10861
1492.88861,0.11356
1490.95981,0.12183
1489.03101,0.13115
1487.10222,0.13881
1485.17342,0.14656
1483.24462,0.15647
1481.31583,0.16856
1479.38703,0.18182
1477.45823,0.19621
1475.52944,0.21174
1473.60064,0.22721
1471.67184,0.24004
1469.74305,0.24877
1467.81425,0.25631
1465.88545,0.26406
1463.95666,0.26936
1462.02786,0.27158
1460.09906,0.27312
1458.17027,0.27254
1456.24147,0.26443
1454.31267,0.25203
1452.38388,0.24021
1450.45508,0.22850
1448.52628,0.21576
1446.59749,0.20159
1444.66869,0.18772
1442.73989,0.17508
1440.81110,0.16423
1438.88230,0.15552
1436.95350,0.14626
1435.02471,0.13546
1433.09591,0.12641
1431.16711,0.11928
1429.23832,0.11242
1427.30952,0.10628
1425.38072,0.10153
1423.45193,0.09763
1421.52313,0.09482
1419.59433,0.09257
1417.66554,0.08860
1415.73674,0.08355
1413.80794,0.07958
1411.87915,0.07682
1409.95035,0.07454
1408.02155,0.07277
1406.09276,0.07144
1404.16396,0.06969
1402.23516,0.06800
1400.30637,0.06745
1398.37757,0.06737
1396.44877,0.06663
1394.51998,0.06479
1392.59118,0.06228
1390.66238,0.06083
1388.73359,0.06066
1386.80479,0.05997
1384.87599,0.05819
1382.94720,0.05675
1381.01840,0.05615
1379.08960,0.05591
1377.16081,0.05598
1375.23201,0.05620
1373.30321,0.05556
1371.37442,0.05421
1369.44562,0.05319
1367.51682,0.05264
1365.58803,0.05280
1363.65923,0.05358
1361.73043,0.05335
1359.80164,0.05181
1357.87284,0.05053
1355.94404,0.04996
1354.01525,0.04957
1352.08645,0.04916
1350.15765,0.04886
1348.22886,0.04862
1346.30006,0.04840
1344.37126,0.04848
1342.44247,0.04936
1340.51367,0.05071
1338.58487,0.05104
1336.65608,0.05005
1334.72728,0.04895
1332.79848,0.04843
1330.86969,0.04827
1328.94089,0.04813
1327.01209,0.04789
1325.08330,0.04764
1323.15450,0.04750
1321.22570,0.04758
1319.29691,0.04767
1317.36811,0.04748
1315.43931,0.04712
1313.51052,0.04677
1311.58172,0.04635
1309.65292,0.04597
1307.72413,0.04571
1305.79533,0.04550
1303.86653,0.04533
1301.93774,0.04525
1300.00894,0.04526
1298.08014,0.04532
1296.15135,0.04535
1294.22255,0.04534
1292.29375,0.04540
1290.36496,0.04556
1288.43616,0.04569
1286.50736,0.04570
1284.57857,0.04565
1282.64977,0.04565
1280.72097,0.04565
1278.79218,0.04562
1276.86338,0.04560
1274.93458,0.04566
1273.00579,0.04578
1271.07699,0.04586
1269.14820,0.04583
1267.21940,0.04574
1265.29060,0.04566
1263.36181,0.04561
1261.43301,0.04560
1259.50421,0.04558
1257.57542,0.04550
1255.64662,0.04547
1253.71782,0.04555
1251.78903,0.04569
1249.86023,0.04584
1247.93143,0.04600
1246.00264,0.04620
1244.07384,0.04642
1242.14504,0.04660
1240.21625,0.04674
1238.28745,0.04691
1236.35865,0.04710
1234.42986,0.04728
1232.50106,0.04748
1230.57226,0.04770
1228.64347,0.04793
1226.71467,0.04815
1224.78587,0.04837
1222.85708,0.04861
1220.92828,0.04889
1218.99948,0.04921
1217.07069,0.04956
1215.14189,0.04998
1213.21309,0.05045
1211.28430,0.05094
1209.35550,0.05146
1207.42670,0.05205
1205.49791,0.05275
1203.56911,0.05357
1201.64031,0.05450
1199.71152,0.05558
1197.78272,0.05681
1195.85392,0.05821
1193.92513,0.05981
1191.99633,0.06166
1190.06753,0.06374
1188.13874,0.06605
1186.20994,0.06861
1184.28114,0.07143
1182.35235,0.07457
1180.42355,0.07815
1178.49475,0.08216
1176.56596,0.08648
1174.63716,0.09107
1172.70836,0.09588
1170.77957,0.10084
1168.85077,0.10583
1166.92197,0.11068
1164.99318,0.11516
1163.06438,0.11905
1161.13558,0.12207
1159.20679,0.12401
1157.27799,0.12471
1155.34919,0.12414
1153.42040,0.12235
1151.49160,0.11947
1149.56280,0.11568
1147.63401,0.11122
1145.70521,0.10637
1143.77641,0.10139
1141.84762,0.09649
1139.91882,0.09183
1137.99002,0.08747
1136.06123,0.08345
1134.13243,0.07978
1132.20363,0.07650
1130.27484,0.07358
1128.34604,0.07099
1126.41724,0.06869
1124.48845,0.06665
1122.55965,0.06484
1120.63085,0.06324
1118.70206,0.06181
1116.77326,0.06054
1114.84446,0.05944
1112.91567,0.05849
1110.98687,0.05768
1109.05807,0.05695
1107.12928,0.05632
1105.20048,0.05579
1103.27168,0.05536
1101.34289,0.05503
1099.41409,0.05481
1097.48529,0.05470
1095.55650,0.05470
1093.62770,0.05485
1091.69890,0.05509
1089.77011,0.05539
1087.84131,0.05578
1085.91251,0.05624
1083.98372,0.05675
1082.05492,0.05726
1080.12612,0.05779
1078.19733,0.05834
1076.26853,0.05889
1074.33973,0.05942
1072.41094,0.05989
1070.48214,0.06029
1068.55334,0.06059
1066.62455,0.06075
1064.69575,0.06076
1062.76695,0.06061
1060.83816,0.06032
1058.90936,0.05993
1056.98056,0.05942
1055.05177,0.05879
1053.12297,0.05808
1051.19417,0.05737
1049.26538,0.05669
1047.33658,0.05608
1045.40778,0.05551
1043.47899,0.05495
1041.55019,0.05440
1039.62139,0.05385
1037.69260,0.05331
1035.76380,0.05279
1033.83500,0.05228
1031.90621,0.05177
1029.97741,0.05126
1028.04861,0.05076
1026.11982,0.05026
1024.19102,0.04978
1022.26222,0.04938
1020.33343,0.04903
1018.40463,0.04876
1016.47583,0.04857
1014.54704,0.04843
1012.61824,0.04827
1010.68944,0.04803
1008.76065,0.04764
1006.83185,0.04709
1004.90305,0.04644
1002.97426,0.04575
1001.04546,0.04511
999.11666,0.04458
997.18787,0.04415
995.25907,0.04383
993.33027,0.04357
991.40148,0.04333
989.47268,0.04307
987.54388,0.04283
985.61509,0.04256
983.68629,0.04225
981.75749,0.04190
979.82870,0.04151
977.89990,0.04109
975.97110,0.04066
974.04231,0.04022
972.11351,0.03979
970.18471,0.03935
968.25592,0.03889
966.32712,0.03844
964.39832,0.03801
962.46953,0.03756
960.54073,0.03710
958.61193,0.03667
956.68314,0.03624
954.75434,0.03581
952.82554,0.03542
950.89675,0.03505
948.96795,0.03467
947.03915,0.03430
945.11036,0.03397
943.18156,0.03366
941.25276,0.03335
939.32397,0.03304
937.39517,0.03272
935.46637,0.03236
933.53758,0.03197
931.60878,0.03154
929.67998,0.03108
927.75119,0.03062
925.82239,0.03017
923.89359,0.02970
921.96480,0.02917
920.03600,0.02862
918.10720,0.02812
916.17841,0.02763
914.24961,0.02712
912.32081,0.02661
910.39202,0.02612
908.46322,0.02568
906.53443,0.02528
904.60563,0.02486
902.67683,0.02446
900.74804,0.02410
898.81924,0.02377
896.89044,0.02341
894.96165,0.02305
893.03285,0.02266
891.10405,0.02225
889.17526,0.02186
887.24646,0.02149
885.31766,0.02108
883.38887,0.02063
881.46007,0.02022
879.53127,0.01981
877.60248,0.01934
875.67368,0.01883
873.74488,0.01839
871.81609,0.01799
869.88729,0.01758
867.95849,0.01717
866.02970,0.01674
864.10090,0.01631
862.17210,0.01591
860.24331,0.01553
858.31451,0.01519
856.38571,0.01489
854.45692,0.01463
852.52812,0.01438
850.59932,0.01411
848.67053,0.01385
846.74173,0.01370
844.81293,0.01366
842.88414,0.01363
840.95534,0.01351
839.02654,0.01334
837.09775,0.01322
835.16895,0.01313
833.24015,0.01303
831.31136,0.01290
829.38256,0.01281
827.45376,0.01279
825.52497,0.01271
823.59617,0.01264
821.66737,0.01269
819.73858,0.01277
817.80978,0.01281
815.88098,0.01287
813.95219,0.01297
812.02339,0.01308
810.09459,0.01326
808.16580,0.01365
806.23700,0.01413
804.30820,0.01459
802.37941,0.01514
800.45061,0.01583
798.52181,0.01668
796.59302,0.01780
794.66422,0.01909
792.73542,0.02031
790.80663,0.02146
788.87783,0.02257
786.94903,0.02341
785.02024,0.02378
783.09144,0.02368
781.16264,0.02305
779.23385,0.02201
777.30505,0.02079
775.37625,0.01945
773.44746,0.01813
771.51866,0.01714
769.58986,0.01644
767.66107,0.01591
765.73227,0.01559
763.80347,0.01537
761.87468,0.01510
759.94588,0.01482
758.01708,0.01463
756.08829,0.01448
754.15949,0.01425
752.23069,0.01404
750.30190,0.01386
748.37310,0.01355
