3496.90832,0.04791
3494.97953,0.04599
3493.05073,0.04423
3491.12193,0.04473
3489.19314,0.04905
3487.26434,0.05580
3485.33554,0.05648
3483.40675,0.05149
3481.47795,0.04741
3479.54915,0.04571
3477.62036,0.04794
3475.69156,0.05239
3473.76276,0.05443
3471.83397,0.05387
3469.90517,0.05198
3467.97637,0.04926
3466.04758,0.04718
3464.11878,0.04826
3462.18998,0.05121
3460.26119,0.05061
3458.33239,0.04695
3456.40359,0.04463
3454.47480,0.04325
3452.54600,0.04045
3450.61721,0.03578
3448.68841,0.03114
3446.75961,0.03223
3444.83082,0.03824
3442.90202,0.04022
3440.97322,0.03587
3439.04443,0.03081
3437.11563,0.02952
3435.18683,0.03162
3433.25804,0.03509
3431.32924,0.03668
3429.40044,0.03672
3427.47165,0.04029
3425.54285,0.04563
3423.61405,0.04704
3421.68526,0.04145
3419.75646,0.03444
3417.82766,0.03691
3415.89887,0.04095
3413.97007,0.03272
3412.04127,0.02160
3410.11248,0.01913
3408.18368,0.02111
3406.25488,0.02155
3404.32609,0.01927
3402.39729,0.01689
3400.46849,0.01918
3398.53970,0.02593
3396.61090,0.02944
3394.68210,0.02533
3392.75331,0.02022
3390.82451,0.01881
3388.89571,0.02094
3386.96692,0.02720
3385.03812,0.03111
3383.10932,0.02995
3381.18053,0.03398
3379.25173,0.04374
3377.32293,0.04535
3375.39414,0.03555
3373.46534,0.02751
3371.53654,0.03051
3369.60775,0.03873
3367.67895,0.04608
3365.75015,0.05324
3363.82136,0.05431
3361.89256,0.04616
3359.96376,0.03797
3358.03497,0.03382
3356.10617,0.03492
3354.17737,0.04247
3352.24858,0.04894
3350.31978,0.04933
3348.39098,0.04609
3346.46219,0.04324
3344.53339,0.04527
3342.60459,0.04869
3340.67580,0.04895
3338.74700,0.04669
3336.81820,0.04160
3334.88941,0.03621
3332.96061,0.03228
3331.03181,0.03101
3329.10302,0.03568
3327.17422,0.03843
3325.24542,0.03252
3323.31663,0.02706
3321.38783,0.02950
3319.45903,0.03366
3317.53024,0.03108
3315.60144,0.02376
3313.67264,0.02048
3311.74385,0.02253
3309.81505,0.02327
3307.88625,0.02277
3305.95746,0.02407
3304.02866,0.02507
3302.09986,0.02774
3300.17107,0.03137
3298.24227,0.02961
3296.31347,0.02546
3294.38468,0.02511
3292.45588,0.02508
3290.52708,0.02097
3288.59829,0.01507
3286.66949,0.00973
3284.74069,0.00629
3282.81190,0.00516
3280.88310,0.00558
3278.95430,0.01080
3277.02551,0.02001
3275.09671,0.02626
3273.16791,0.02916
3271.23912,0.03255
3269.31032,0.03404
3267.38152,0.02902
3265.45273,0.02053
3263.52393,0.01461
3261.59513,0.01216
3259.66634,0.01367
3257.73754,0.01999
3255.80874,0.02644
3253.87995,0.02801
3251.95115,0.02507
3250.02235,0.01985
3248.09356,0.01566
3246.16476,0.01467
3244.23596,0.01665
3242.30717,0.01858
3240.37837,0.01780
3238.44957,0.01966
3236.52078,0.02668
3234.59198,0.03069
3232.66318,0.02696
3230.73439,0.02043
3228.80559,0.01714
3226.87679,0.01520
3224.94800,0.01078
3223.01920,0.01053
3221.09040,0.02072
3219.16161,0.03425
3217.23281,0.04120
3215.30401,0.04016
3213.37522,0.03593
3211.44642,0.03373
3209.51762,0.03470
3207.58883,0.03597
3205.66003,0.03543
3203.73123,0.03350
3201.80244,0.03122
3199.87364,0.02962
3197.94484,0.03034
3196.01605,0.03058
3194.08725,0.02688
3192.15845,0.02396
3190.22966,0.02752
3188.30086,0.03299
3186.37206,0.03180
3184.44327,0.02791
3182.51447,0.03023
3180.58567,0.03596
3178.65688,0.03936
3176.72808,0.03942
3174.79928,0.03528
3172.87049,0.02834
3170.94169,0.02201
3169.01289,0.01874
3167.08410,0.02055
3165.15530,0.02671
3163.22650,0.03251
3161.29771,0.03327
3159.36891,0.02862
3157.44011,0.02314
3155.51132,0.02080
3153.58252,0.02170
3151.65372,0.02350
3149.72493,0.02340
3147.79613,0.02300
3145.86733,0.02395
3143.93854,0.02383
3142.00974,0.02320
3140.08094,0.02313
3138.15215,0.02128
3136.22335,0.01810
3134.29455,0.01701
3132.36576,0.01791
3130.43696,0.01847
3128.50816,0.01819
3126.57937,0.01774
3124.65057,0.01811
3122.72177,0.01970
3120.79298,0.02178
3118.86418,0.02385
3116.93538,0.02510
3115.00659,0.02403
3113.07779,0.02133
3111.14899,0.02001
3109.22020,0.02090
3107.29140,0.02220
3105.36260,0.02240
3103.43381,0.02100
3101.50501,0.01915
3099.57621,0.01845
3097.64742,0.01841
3095.71862,0.01830
3093.78982,0.01861
3091.86103,0.01854
3089.93223,0.01777
3088.00344,0.01773
3086.07464,0.01837
3084.14584,0.01897
3082.21705,0.01944
3080.28825,0.01943
3078.35945,0.01911
3076.43066,0.01882
3074.50186,0.01869
3072.57306,0.01890
3070.64427,0.01935
3068.71547,0.01932
3066.78667,0.01865
3064.85788,0.01839
3062.92908,0.01870
3061.00028,0.01869
3059.07149,0.01828
3057.14269,0.01812
3055.21389,0.01863
3053.28510,0.01922
3051.35630,0.01934
3049.42750,0.01946
3047.49871,0.01970
3045.56991,0.01996
3043.64111,0.02036
3041.71232,0.02056
3039.78352,0.02045
3037.85472,0.02064
3035.92593,0.02123
3033.99713,0.02168
3032.06833,0.02180
3030.13954,0.02178
3028.21074,0.02162
3026.28194,0.02136
3024.35315,0.02128
3022.42435,0.02151
3020.49555,0.02183
3018.56676,0.02226
3016.63796,0.02281
3014.70916,0.02297
3012.78037,0.02268
3010.85157,0.02271
3008.92277,0.02297
3006.99398,0.02282
3005.06518,0.02260
3003.13638,0.02255
3001.20759,0.02232
2999.27879,0.02216
2997.34999,0.02236
2995.42120,0.02290
2993.49240,0.02354
2991.56360,0.02374
2989.63481,0.02383
2987.70601,0.02400
2985.77721,0.02371
2983.84842,0.02328
2981.91962,0.02341
2979.99082,0.02381
2978.06203,0.02396
2976.13323,0.02400
2974.20443,0.02413
2972.27564,0.02423
2970.34684,0.02427
2968.41804,0.02411
2966.48925,0.02381
2964.56045,0.02374
2962.63165,0.02412
2960.70286,0.02472
2958.77406,0.02524
2956.84526,0.02557
2954.91647,0.02567
2952.98767,0.02562
2951.05887,0.02550
2949.13008,0.02557
2947.20128,0.02582
2945.27248,0.02588
2943.34369,0.02563
2941.41489,0.02516
2939.48609,0.02496
2937.55730,0.02537
2935.62850,0.02570
2933.69970,0.02543
2931.77091,0.02513
2929.84211,0.02516
2927.91331,0.02506
2925.98452,0.02474
2924.05572,0.02466
2922.12692,0.02492
2920.19813,0.02538
2918.26933,0.02588
2916.34053,0.02625
2914.41174,0.02642
2912.48294,0.02649
2910.55414,0.02649
2908.62535,0.02626
2906.69655,0.02581
2904.76775,0.02555
2902.83896,0.02566
2900.91016,0.02596
2898.98136,0.02658
2897.05257,0.02717
2895.12377,0.02706
2893.19497,0.02672
2891.26618,0.02684
2889.33738,0.02713
2887.40858,0.02704
2885.47979,0.02669
2883.55099,0.02658
2881.62219,0.02688
2879.69340,0.02737
2877.76460,0.02771
2875.83580,0.02771
2873.90701,0.02757
2871.97821,0.02749
2870.04941,0.02748
2868.12062,0.02748
2866.19182,0.02743
2864.26302,0.02753
2862.33423,0.02802
2860.40543,0.02867
2858.47663,0.02915
2856.54784,0.02918
2854.61904,0.02893
2852.69024,0.02878
2850.76145,0.02884
2848.83265,0.02916
2846.90385,0.02964
2844.97506,0.03013
2843.04626,0.03058
2841.11746,0.03086
2839.18867,0.03087
2837.25987,0.03078
2835.33107,0.03075
2833.40228,0.03068
2831.47348,0.03052
2829.54468,0.03052
2827.61589,0.03062
2825.68709,0.03062
2823.75829,0.03075
2821.82950,0.03116
2819.90070,0.03141
2817.97190,0.03122
2816.04311,0.03111
2814.11431,0.03127
2812.18551,0.03131
2810.25672,0.03118
2808.32792,0.03108
2806.39912,0.03108
2804.47033,0.03112
2802.54153,0.03104
2800.61273,0.03090
2798.68394,0.03074
2796.75514,0.03050
2794.82634,0.03038
2792.89755,0.03043
2790.96875,0.03032
2789.03995,0.03014
2787.11116,0.03007
2785.18236,0.02997
2783.25356,0.02988
2781.32477,0.02989
2779.39597,0.02981
2777.46717,0.02951
2775.53838,0.02903
2773.60958,0.02861
2771.68078,0.02848
2769.75199,0.02863
2767.82319,0.02886
2765.89439,0.02898
2763.96560,0.02894
2762.03680,0.02879
2760.10800,0.02865
2758.17921,0.02854
2756.25041,0.02849
2754.32161,0.02849
2752.39282,0.02834
2750.46402,0.02820
2748.53522,0.02833
2746.60643,0.02849
2744.67763,0.02839
2742.74883,0.02823
2740.82004,0.02822
2738.89124,0.02830
2736.96244,0.02842
2735.03365,0.02865
2733.10485,0.02871
2731.17605,0.02844
2729.24726,0.02819
2727.31846,0.02823
2725.38967,0.02839
2723.46087,0.02841
2721.53207,0.02830
2719.60328,0.02826
2717.67448,0.02824
2715.74568,0.02826
2713.81689,0.02845
2711.88809,0.02863
2709.95929,0.02860
2708.03050,0.02848
2706.10170,0.02844
2704.17290,0.02851
2702.24411,0.02854
2700.31531,0.02842
2698.38651,0.02826
2696.45772,0.02821
2694.52892,0.02825
2692.60012,0.02835
2690.67133,0.02842
2688.74253,0.02839
2686.81373,0.02841
2684.88494,0.02847
2682.95614,0.02849
2681.02734,0.02857
2679.09855,0.02871
2677.16975,0.02873
2675.24095,0.02860
2673.31216,0.02850
2671.38336,0.02838
2669.45456,0.02826
2667.52577,0.02825
2665.59697,0.02827
2663.66817,0.02825
2661.73938,0.02822
2659.81058,0.02819
2657.88178,0.02828
2655.95299,0.02844
2654.02419,0.02854
2652.09539,0.02864
2650.16660,0.02861
2648.23780,0.02837
2646.30900,0.02819
2644.38021,0.02837
2642.45141,0.02882
2640.52261,0.02907
2638.59382,0.02887
2636.66502,0.02864
2634.73622,0.02876
2632.80743,0.02911
2630.87863,0.02939
2628.94983,0.02955
2627.02104,0.02958
2625.09224,0.02954
2623.16344,0.02966
2621.23465,0.02990
2619.30585,0.02999
2617.37705,0.02991
2615.44826,0.02976
2613.51946,0.02957
2611.59066,0.02960
2609.66187,0.02985
2607.73307,0.02990
2605.80427,0.02967
2603.87548,0.02961
2601.94668,0.02994
2600.01788,0.03031
2598.08909,0.03057
2596.16029,0.03072
2594.23149,0.03065
2592.30270,0.03060
2590.37390,0.03102
2588.44510,0.03131
2586.51631,0.03065
2584.58751,0.02981
2582.65871,0.02968
2580.72992,0.02988
2578.80112,0.03009
2576.87232,0.03043
2574.94353,0.03075
2573.01473,0.03076
2571.08593,0.03066
2569.15714,0.03075
2567.22834,0.03091
2565.29954,0.03088
2563.37075,0.03055
2561.44195,0.03011
2559.51315,0.02973
2557.58436,0.02948
2555.65556,0.02942
2553.72676,0.02946
2551.79797,0.02951
2549.86917,0.02977
2547.94037,0.03022
2546.01158,0.03045
2544.08278,0.03039
2542.15398,0.03032
2540.22519,0.03023
2538.29639,0.03013
2536.36759,0.03002
2534.43880,0.02983
2532.51000,0.02961
2530.58120,0.02935
2528.65241,0.02902
2526.72361,0.02882
2524.79481,0.02875
2522.86602,0.02863
2520.93722,0.02869
2519.00842,0.02889
2517.07963,0.02904
2515.15083,0.02939
2513.22203,0.02979
2511.29324,0.02959
2509.36444,0.02904
2507.43564,0.02898
2505.50685,0.02929
2503.57805,0.02938
2501.64925,0.02936
2499.72046,0.02946
2497.79166,0.02963
2495.86286,0.02977
2493.93407,0.02967
2492.00527,0.02918
2490.07647,0.02870
2488.14768,0.02873
2486.21888,0.02896
2484.29008,0.02916
2482.36129,0.02940
2480.43249,0.02948
2478.50369,0.02943
2476.57490,0.02933
2474.64610,0.02887
2472.71730,0.02803
2470.78851,0.02741
2468.85971,0.02743
2466.93091,0.02794
2465.00212,0.02869
2463.07332,0.02937
2461.14452,0.02945
2459.21573,0.02909
2457.28693,0.02888
2455.35813,0.02873
2453.42934,0.02853
2451.50054,0.02855
2449.57174,0.02863
2447.64295,0.02839
2445.71415,0.02793
2443.78535,0.02756
2441.85656,0.02742
2439.92776,0.02761
2437.99896,0.02795
2436.07017,0.02798
2434.14137,0.02785
2432.21257,0.02779
2430.28378,0.02750
2428.35498,0.02714
2426.42618,0.02719
2424.49739,0.02747
2422.56859,0.02746
2420.63979,0.02701
2418.71100,0.02647
2416.78220,0.02618
2414.85340,0.02600
2412.92461,0.02580
2410.99581,0.02582
2409.06701,0.02612
2407.13822,0.02636
2405.20942,0.02621
2403.28062,0.02573
2401.35183,0.02524
2399.42303,0.02478
2397.49423,0.02443
2395.56544,0.02441
2393.63664,0.02461
2391.70784,0.02501
2389.77905,0.02593
2387.85025,0.02826
2385.92145,0.03314
2383.99266,0.04122
2382.06386,0.05271
2380.13506,0.06725
2378.20627,0.08352
2376.27747,0.10028
2374.34867,0.11759
2372.41988,0.13575
2370.49108,0.15412
2368.56228,0.17175
2366.63349,0.18772
2364.70469,0.20062
2362.77589,0.20913
2360.84710,0.21285
2358.91830,0.21066
2356.98951,0.20121
2355.06071,0.18480
2353.13191,0.16276
2351.20312,0.14046
2349.27432,0.12872
2347.34552,0.13393
2345.41673,0.15030
2343.48793,0.16214
2341.55913,0.16360
2339.63034,0.16022
2337.70154,0.15569
2335.77274,0.15203
2333.84395,0.15088
2331.91515,0.15118
2329.98635,0.14890
2328.05756,0.14317
2326.12876,0.13766
2324.19996,0.13405
2322.27117,0.12948
2320.34237,0.12106
2318.41357,0.11018
2316.48478,0.10058
2314.55598,0.09434
2312.62718,0.09011
2310.69839,0.08523
2308.76959,0.07888
2306.84079,0.07169
2304.91200,0.06469
2302.98320,0.05895
2301.05440,0.05459
2299.12561,0.05077
2297.19681,0.04713
2295.26801,0.04390
2293.33922,0.04100
2291.41042,0.03821
2289.48162,0.03573
2287.55283,0.03371
2285.62403,0.03206
2283.69523,0.03107
2281.76644,0.03102
2279.83764,0.03169
2277.90884,0.03263
2275.98005,0.03332
2274.05125,0.03347
2272.12245,0.03364
2270.19366,0.03426
2268.26486,0.03497
2266.33606,0.03551
2264.40727,0.03580
2262.47847,0.03574
2260.54967,0.03543
2258.62088,0.03553
2256.69208,0.03595
2254.76328,0.03552
2252.83449,0.03436
2250.90569,0.03350
2248.97689,0.03314
2247.04810,0.03320
2245.11930,0.03365
2243.19050,0.03441
2241.26171,0.03535
2239.33291,0.03593
2237.40411,0.03554
2235.47532,0.03500
2233.54652,0.03535
2231.61772,0.03608
2229.68893,0.03645
2227.76013,0.03654
2225.83133,0.03657
2223.90254,0.03678
2221.97374,0.03762
2220.04494,0.03893
2218.11615,0.04000
2216.18735,0.04062
2214.25855,0.04042
2212.32976,0.03912
2210.40096,0.03832
2208.47216,0.03944
2206.54337,0.04067
2204.61457,0.04010
2202.68577,0.03901
2200.75698,0.03962
2198.82818,0.04173
2196.89938,0.04291
2194.97059,0.04236
2193.04179,0.04194
2191.11299,0.04302
2189.18420,0.04493
2187.25540,0.04588
2185.32660,0.04539
2183.39781,0.04541
2181.46901,0.04709
2179.54021,0.04877
2177.61142,0.04908
2175.68262,0.04873
2173.75382,0.04889
2171.82503,0.04935
2169.89623,0.04958
2167.96743,0.05047
2166.03864,0.05231
2164.10984,0.05409
2162.18104,0.05627
2160.25225,0.05966
2158.32345,0.06186
2156.39465,0.05925
2154.46586,0.05360
2152.53706,0.04914
2150.60826,0.04680
2148.67947,0.04426
2146.75067,0.04079
2144.82187,0.03879
2142.89308,0.03784
2140.96428,0.03589
2139.03548,0.03371
2137.10669,0.03186
2135.17789,0.03046
2133.24909,0.02946
2131.32030,0.02785
2129.39150,0.02601
2127.46270,0.02505
2125.53391,0.02487
2123.60511,0.02474
2121.67631,0.02422
2119.74752,0.02348
2117.81872,0.02302
2115.88992,0.02333
2113.96113,0.02420
2112.03233,0.02453
2110.10353,0.02398
2108.17474,0.02330
2106.24594,0.02323
2104.31714,0.02388
2102.38835,0.02452
2100.45955,0.02445
2098.53075,0.02399
2096.60196,0.02354
2094.67316,0.02298
2092.74436,0.02243
2090.81557,0.02233
2088.88677,0.02262
2086.95797,0.02298
2085.02918,0.02343
2083.10038,0.02378
2081.17158,0.02377
2079.24279,0.02358
2077.31399,0.02382
2075.38519,0.02434
2073.45640,0.02435
2071.52760,0.02415
2069.59880,0.02446
2067.67001,0.02520
2065.74121,0.02592
2063.81241,0.02661
2061.88362,0.02728
2059.95482,0.02751
2058.02602,0.02735
2056.09723,0.02734
2054.16843,0.02760
2052.23963,0.02775
2050.31084,0.02830
2048.38204,0.03023
2046.45324,0.03256
2044.52445,0.03381
2042.59565,0.03448
2040.66685,0.03518
2038.73806,0.03547
2036.80926,0.03547
2034.88046,0.03615
2032.95167,0.03736
2031.02287,0.03780
2029.09407,0.03684
2027.16528,0.03585
2025.23648,0.03594
2023.30768,0.03568
2021.37889,0.03405
2019.45009,0.03346
2017.52129,0.03552
2015.59250,0.03725
2013.66370,0.03628
2011.73490,0.03420
2009.80611,0.03307
2007.87731,0.03203
2005.94851,0.02948
2004.01972,0.02714
2002.09092,0.02729
2000.16212,0.02876
1998.23333,0.02940
1996.30453,0.02894
1994.37574,0.02806
1992.44694,0.02787
1990.51814,0.02852
1988.58935,0.02868
1986.66055,0.02852
1984.73175,0.02840
1982.80296,0.02850
1980.87416,0.02943
1978.94536,0.02986
1977.01657,0.02894
1975.08777,0.02805
1973.15897,0.02733
1971.23018,0.02641
1969.30138,0.02618
1967.37258,0.02692
1965.44379,0.02747
1963.51499,0.02680
1961.58619,0.02545
1959.65740,0.02482
1957.72860,0.02503
1955.79980,0.02506
1953.87101,0.02429
1951.94221,0.02327
1950.01341,0.02271
1948.08462,0.02206
1946.15582,0.02101
1944.22702,0.02042
1942.29823,0.02043
1940.36943,0.02001
1938.44063,0.01897
1936.51184,0.01838
1934.58304,0.01861
1932.65424,0.01872
1930.72545,0.01837
1928.79665,0.01807
1926.86785,0.01778
1924.93906,0.01735
1923.01026,0.01716
1921.08146,0.01733
1919.15267,0.01749
1917.22387,0.01742
1915.29507,0.01725
1913.36628,0.01723
1911.43748,0.01729
1909.50868,0.01717
1907.57989,0.01688
1905.65109,0.01681
1903.72229,0.01696
1901.79350,0.01708
1899.86470,0.01708
1897.93590,0.01700
1896.00711,0.01692
1894.07831,0.01680
1892.14951,0.01657
1890.22072,0.01643
1888.29192,0.01648
1886.36312,0.01640
1884.43433,0.01622
1882.50553,0.01621
1880.57673,0.01628
1878.64794,0.01619
1876.71914,0.01598
1874.79034,0.01583
1872.86155,0.01583
1870.93275,0.01580
1869.00395,0.01566
1867.07516,0.01569
1865.14636,0.01587
1863.21756,0.01592
1861.28877,0.01576
1859.35997,0.01566
1857.43117,0.01568
1855.50238,0.01567
1853.57358,0.01573
1851.64478,0.01590
1849.71599,0.01597
1847.78719,0.01578
1845.85839,0.01534
1843.92960,0.01509
1842.00080,0.01536
1840.07200,0.01574
1838.14321,0.01580
1836.21441,0.01557
1834.28561,0.01535
1832.35682,0.01514
1830.42802,0.01483
1828.49922,0.01474
1826.57043,0.01490
1824.64163,0.01501
1822.71283,0.01510
1820.78404,0.01516
1818.85524,0.01518
1816.92644,0.01526
1814.99765,0.01535
1813.06885,0.01529
1811.14005,0.01513
1809.21126,0.01509
1807.28246,0.01515
1805.35366,0.01520
1803.42487,0.01517
1801.49607,0.01499
1799.56727,0.01487
1797.63848,0.01496
1795.70968,0.01497
1793.78088,0.01470
1791.85209,0.01452
1789.92329,0.01474
1787.99449,0.01506
1786.06570,0.01520
1784.13690,0.01512
1782.20810,0.01498
1780.27931,0.01486
1778.35051,0.01482
1776.42171,0.01466
1774.49292,0.01408
1772.56412,0.01340
1770.63532,0.01355
1768.70653,0.01427
1766.77773,0.01470
1764.84893,0.01473
1762.92014,0.01452
1760.99134,0.01442
1759.06254,0.01454
1757.13375,0.01463
1755.20495,0.01467
1753.27615,0.01457
1751.34736,0.01418
1749.41856,0.01375
1747.48976,0.01377
1745.56097,0.01403
1743.63217,0.01402
1741.70337,0.01363
1739.77458,0.01329
1737.84578,0.01331
1735.91698,0.01312
1733.98819,0.01281
1732.05939,0.01314
1730.13059,0.01370
1728.20180,0.01410
1726.27300,0.01434
1724.34420,0.01454
1722.41541,0.01470
1720.48661,0.01459
1718.55781,0.01434
1716.62902,0.01487
1714.70022,0.01650
1712.77142,0.01833
1710.84263,0.02006
1708.91383,0.02166
1706.98503,0.02356
1705.05624,0.02631
1703.12744,0.02937
1701.19864,0.03311
1699.26985,0.03865
1697.34105,0.04561
1695.41225,0.05446
1693.48346,0.06426
1691.55466,0.07383
1689.62586,0.08444
1687.69707,0.09536
1685.76827,0.10727
1683.83947,0.12366
1681.91068,0.14062
1679.98188,0.15485
1678.05308,0.16808
1676.12429,0.18188
1674.19549,0.19623
1672.26669,0.20853
1670.33790,0.21958
1668.40910,0.23071
1666.48030,0.23952
1664.55151,0.24574
1662.62271,0.25063
1660.69391,0.25429
1658.76512,0.25638
1656.83632,0.25698
1654.90752,0.25636
1652.97873,0.25605
1651.04993,0.25781
1649.12113,0.26017
1647.19234,0.26409
1645.26354,0.27145
1643.33474,0.28073
1641.40595,0.29130
1639.47715,0.30327
1637.54835,0.31764
1635.61956,0.33773
1633.69076,0.35972
1631.76197,0.37782
1629.83317,0.39415
1627.90437,0.40963
1625.97558,0.42232
1624.04678,0.43160
1622.11798,0.43752
1620.18919,0.43957
1618.26039,0.43836
1616.33159,0.43556
1614.40280,0.43357
1612.47400,0.43298
1610.54520,0.43391
1608.61641,0.43750
1606.68761,0.44391
1604.75881,0.45236
1602.83002,0.46205
1600.90122,0.47223
1598.97242,0.48161
1597.04363,0.48875
1595.11483,0.49273
1593.18603,0.49275
1591.25724,0.48842
1589.32844,0.47962
1587.39964,0.46678
1585.47085,0.45053
1583.54205,0.43141
1581.61325,0.41058
1579.68446,0.38958
1577.75566,0.36685
1575.82686,0.34122
1573.89807,0.31950
1571.96927,0.30163
1570.04047,0.28207
1568.11168,0.26314
1566.18288,0.24752
1564.25408,0.23359
1562.32529,0.22116
1560.39649,0.20726
1558.46769,0.19065
1556.53890,0.17972
1554.61010,0.17241
1552.68130,0.16489
1550.75251,0.15748
1548.82371,0.15051
1546.89491,0.14423
1544.96612,0.13809
1543.03732,0.13160
1541.10852,0.12509
1539.17973,0.12019
1537.25093,0.11779
1535.32213,0.11547
1533.39334,0.11227
1531.46454,0.10943
1529.53574,0.10710
1527.60695,0.10449
1525.67815,0.10165
1523.74935,0.09891
1521.82056,0.09645
1519.89176,0.09470
1517.96296,0.09346
1516.03417,0.09250
1514.10537,0.09186
1512.17657,0.09123
1510.24778,0.09022
1508.31898,0.08884
1506.39018,0.08856
1504.46139,0.09043
1502.53259,0.09261
1500.60379,0.09442
1498.67500,0.09660
1496.74620,0.10025
1494.81740,0.10509
1492.88861,0.11014
1490.95981,0.11618
1489.03101,0.12434
1487.10222,0.13402
1485.17342,0.14440
1483.24462,0.15554
1481.31583,0.16776
1479.38703,0.18057
1477.45823,0.19351
1475.52944,0.20675
1473.60064,0.22082
1471.67184,0.23536
1469.74305,0.24737
1467.81425,0.25620
1465.88545,0.26335
1463.95666,0.26875
1462.02786,0.27128
1460.09906,0.27061
1458.17027,0.26625
1456.24147,0.25849
1454.31267,0.24998
1452.38388,0.24059
1450.45508,0.22919
1448.52628,0.21598
1446.59749,0.20212
1444.66869,0.18902
1442.73989,0.17658
1440.81110,0.16488
1438.88230,0.15391
1436.95350,0.14246
1435.02471,0.13213
1433.09591,0.12429
1431.16711,0.11715
1429.23832,0.11027
1427.30952,0.10446
1425.38072,0.09939
1423.45193,0.09473
1421.52313,0.09063
1419.59433,0.08671
1417.66554,0.08321
1415.73674,0.08059
1413.80794,0.07824
1411.87915,0.07589
1409.95035,0.07366
1408.02155,0.07161
1406.09276,0.06963
1404.16396,0.06778
1402.23516,0.06619
1400.30637,0.06466
1398.37757,0.06320
1396.44877,0.06188
1394.51998,0.06070
1392.59118,0.05973
1390.66238,0.05887
1388.73359,0.05791
1386.80479,0.05687
1384.87599,0.05598
1382.94720,0.05525
1381.01840,0.05456
1379.08960,0.05385
1377.16081,0.05315
1375.23201,0.05249
1373.30321,0.05194
1371.37442,0.05152
1369.44562,0.05110
1367.51682,0.05069
1365.58803,0.05032
1363.65923,0.04995
1361.73043,0.04961
1359.80164,0.04936
1357.87284,0.04912
1355.94404,0.04885
1354.01525,0.04856
1352.08645,0.04829
1350.15765,0.04806
1348.22886,0.04785
1346.30006,0.04767
1344.37126,0.04749
1342.44247,0.04731
1340.51367,0.04717
1338.58487,0.04709
1336.65608,0.04708
1334.72728,0.04709
1332.79848,0.04706
1330.86969,0.04695
1328.94089,0.04678
1327.01209,0.04653
1325.08330,0.04624
1323.15450,0.04595
1321.22570,0.04570
1319.29691,0.04550
1317.36811,0.04532
1315.43931,0.04515
1313.51052,0.04500
1311.58172,0.04490
1309.65292,0.04483
1307.72413,0.04474
1305.79533,0.04465
1303.86653,0.04459
1301.93774,0.04456
1300.00894,0.04451
1298.08014,0.04447
1296.15135,0.04444
1294.22255,0.04442
1292.29375,0.04437
1290.36496,0.04430
1288.43616,0.04425
1286.50736,0.04426
1284.57857,0.04427
1282.64977,0.04425
1280.72097,0.04420
1278.79218,0.04416
1276.86338,0.04417
1274.93458,0.04419
1273.00579,0.04420
1271.07699,0.04421
1269.14820,0.04425
1267.21940,0.04431
1265.29060,0.04440
1263.36181,0.04447
1261.43301,0.04452
1259.50421,0.04456
1257.57542,0.04463
1255.64662,0.04472
1253.71782,0.04485
1251.78903,0.04499
1249.86023,0.04511
1247.93143,0.04523
1246.00264,0.04536
1244.07384,0.04546
1242.14504,0.04555
1240.21625,0.04561
1238.28745,0.04568
1236.35865,0.04580
1234.42986,0.04593
1232.50106,0.04608
1230.57226,0.04627
1228.64347,0.04650
1226.71467,0.04672
1224.78587,0.04695
1222.85708,0.04724
1220.92828,0.04759
1218.99948,0.04799
1217.07069,0.04842
1215.14189,0.04890
1213.21309,0.04942
1211.28430,0.05000
1209.35550,0.05061
1207.42670,0.05127
1205.49791,0.05204
1203.56911,0.05291
1201.64031,0.05391
1199.71152,0.05503
1197.78272,0.05627
1195.85392,0.05762
1193.92513,0.05916
1191.99633,0.06094
1190.06753,0.06294
1188.13874,0.06517
1186.20994,0.06769
1184.28114,0.07050
1182.35235,0.07364
1180.42355,0.07723
1178.49475,0.08130
1176.56596,0.08570
1174.63716,0.09037
1172.70836,0.09531
1170.77957,0.10042
1168.85077,0.10555
1166.92197,0.11053
1164.99318,0.11515
1163.06438,0.11919
1161.13558,0.12238
1159.20679,0.12443
1157.27799,0.12519
1155.34919,0.12465
1153.42040,0.12286
1151.49160,0.11994
1149.56280,0.11607
1147.63401,0.11153
1145.70521,0.10657
1143.77641,0.10145
1141.84762,0.09637
1139.91882,0.09149
1137.99002,0.08690
1136.06123,0.08267
1134.13243,0.07888
1132.20363,0.07551
1130.27484,0.07251
1128.34604,0.06985
1126.41724,0.06751
1124.48845,0.06547
1122.55965,0.06370
1120.63085,0.06214
1118.70206,0.06077
1116.77326,0.05956
1114.84446,0.05851
1112.91567,0.05760
1110.98687,0.05683
1109.05807,0.05615
1107.12928,0.05558
1105.20048,0.05511
1103.27168,0.05469
1101.34289,0.05434
1099.41409,0.05408
1097.48529,0.05392
1095.55650,0.05386
1093.62770,0.05391
1091.69890,0.05405
1089.77011,0.05426
1087.84131,0.05455
1085.91251,0.05492
1083.98372,0.05536
1082.05492,0.05584
1080.12612,0.05639
1078.19733,0.05698
1076.26853,0.05756
1074.33973,0.05812
1072.41094,0.05864
1070.48214,0.05910
1068.55334,0.05947
1066.62455,0.05970
1064.69575,0.05979
1062.76695,0.05971
1060.83816,0.05948
1058.90936,0.05914
1056.98056,0.05870
1055.05177,0.05812
1053.12297,0.05743
1051.19417,0.05671
1049.26538,0.05602
1047.33658,0.05537
1045.40778,0.05472
1043.47899,0.05405
1041.55019,0.05337
1039.62139,0.05269
1037.69260,0.05203
1035.76380,0.05141
1033.83500,0.05082
1031.90621,0.05026
1029.97741,0.04974
1028.04861,0.04924
1026.11982,0.04876
1024.19102,0.04833
1022.26222,0.04796
1020.33343,0.04766
1018.40463,0.04743
1016.47583,0.04729
1014.54704,0.04723
1012.61824,0.04717
1010.68944,0.04701
1008.76065,0.04669
1006.83185,0.04620
1004.90305,0.04559
1002.97426,0.04490
1001.04546,0.04423
999.11666,0.04362
997.18787,0.04313
995.25907,0.04275
993.33027,0.04242
991.40148,0.04208
989.47268,0.04171
987.54388,0.04134
985.61509,0.04098
983.68629,0.04062
981.75749,0.04025
979.82870,0.03985
977.89990,0.03945
975.97110,0.03905
974.04231,0.03867
972.11351,0.03829
970.18471,0.03787
968.25592,0.03747
966.32712,0.03712
964.39832,0.03679
962.46953,0.03643
960.54073,0.03604
958.61193,0.03564
956.68314,0.03525
954.75434,0.03485
952.82554,0.03446
950.89675,0.03407
948.96795,0.03368
947.03915,0.03326
945.11036,0.03283
943.18156,0.03242
941.25276,0.03200
939.32397,0.03158
937.39517,0.03116
935.46637,0.03076
933.53758,0.03033
931.60878,0.02987
929.67998,0.02940
927.75119,0.02893
925.82239,0.02850
923.89359,0.02806
921.96480,0.02758
920.03600,0.02711
918.10720,0.02668
916.17841,0.02627
914.24961,0.02582
912.32081,0.02534
910.39202,0.02487
908.46322,0.02445
906.53443,0.02407
904.60563,0.02369
902.67683,0.02330
900.74804,0.02291
898.81924,0.02253
896.89044,0.02212
894.96165,0.02166
893.03285,0.02116
891.10405,0.02063
889.17526,0.02011
887.24646,0.01961
885.31766,0.01913
883.38887,0.01866
881.46007,0.01822
879.53127,0.01777
877.60248,0.01733
875.67368,0.01692
873.74488,0.01654
871.81609,0.01616
869.88729,0.01581
867.95849,0.01547
866.02970,0.01512
864.10090,0.01476
862.17210,0.01443
860.24331,0.01414
858.31451,0.01382
856.38571,0.01351
854.45692,0.01323
852.52812,0.01299
850.59932,0.01273
848.67053,0.01247
846.74173,0.01227
844.81293,0.01213
842.88414,0.01194
840.95534,0.01164
839.02654,0.01136
837.09775,0.01118
835.16895,0.01110
833.24015,0.01104
831.31136,0.01091
829.38256,0.01078
827.45376,0.01075
825.52497,0.01079
823.59617,0.01082
821.66737,0.01084
819.73858,0.01087
817.80978,0.01094
815.88098,0.01108
813.95219,0.01129
812.02339,0.01154
810.09459,0.01182
808.16580,0.01220
806.23700,0.01268
804.30820,0.01319
802.37941,0.01376
800.45061,0.01443
798.52181,0.01522
796.59302,0.01624
794.66422,0.01743
792.73542,0.01855
790.80663,0.01953
788.87783,0.02043
786.94903,0.02123
785.02024,0.02178
783.09144,0.02171
781.16264,0.02084
779.23385,0.01965
777.30505,0.01858
775.37625,0.01738
773.44746,0.01605
771.51866,0.01505
769.58986,0.01452
767.66107,0.01420
765.73227,0.01391
763.80347,0.01356
761.87468,0.01318
759.94588,0.01298
758.01708,0.01296
756.08829,0.01296
754.15949,0.01293
752.23069,0.01309
750.30190,0.01336
748.37310,0.01331
