3496.90832,0.04684
3494.97953,0.04489
3493.05073,0.04449
3491.12193,0.04679
3489.19314,0.04850
3487.26434,0.04671
3485.33554,0.04016
3483.40675,0.03696
3481.47795,0.04247
3479.54915,0.04715
3477.62036,0.04919
3475.69156,0.05381
3473.76276,0.05577
3471.83397,0.05127
3469.90517,0.04651
3467.97637,0.04548
3466.04758,0.04611
3464.11878,0.04600
3462.18998,0.04434
3460.26119,0.04133
3458.33239,0.03733
3456.40359,0.03430
3454.47480,0.03597
3452.54600,0.03998
3450.61721,0.04002
3448.68841,0.03776
3446.75961,0.03899
3444.83082,0.04271
3442.90202,0.04364
3440.97322,0.04104
3439.04443,0.03701
3437.11563,0.03137
3435.18683,0.02469
3433.25804,0.02039
3431.32924,0.02087
3429.40044,0.02521
3427.47165,0.02845
3425.54285,0.02835
3423.61405,0.02853
3421.68526,0.02900
3419.75646,0.02784
3417.82766,0.02577
3415.89887,0.02203
3413.97007,0.01669
3412.04127,0.01342
3410.11248,0.01428
3408.18368,0.01737
3406.25488,0.02194
3404.32609,0.02628
3402.39729,0.02571
3400.46849,0.02356
3398.53970,0.02341
3396.61090,0.02257
3394.68210,0.02337
3392.75331,0.02659
3390.82451,0.02860
3388.89571,0.03345
3386.96692,0.04159
3385.03812,0.04300
3383.10932,0.04067
3381.18053,0.04419
3379.25173,0.04799
3377.32293,0.04519
3375.39414,0.03969
3373.46534,0.03770
3371.53654,0.03914
3369.60775,0.03740
3367.67895,0.03363
3365.75015,0.03601
3363.82136,0.04252
3361.89256,0.04424
3359.96376,0.04155
3358.03497,0.04257
3356.10617,0.04905
3354.17737,0.05564
3352.24858,0.05677
3350.31978,0.05102
3348.39098,0.04702
3346.46219,0.05198
3344.53339,0.05931
3342.60459,0.06196
3340.67580,0.05973
3338.74700,0.05186
3336.81820,0.04097
3334.88941,0.03542
3332.96061,0.03797
3331.03181,0.04227
3329.10302,0.04385
3327.17422,0.04137
3325.24542,0.03442
3323.31663,0.02723
3321.38783,0.02471
3319.45903,0.02747
3317.53024,0.03240
3315.60144,0.03293
3313.67264,0.02749
3311.74385,0.02213
3309.81505,0.01998
3307.88625,0.02177
3305.95746,0.02380
3304.02866,0.02069
3302.09986,0.01701
3300.17107,0.01479
3298.24227,0.01000
3296.31347,0.00727
3294.38468,0.01056
3292.45588,0.01461
3290.52708,0.01730
3288.59829,0.02253
3286.66949,0.02707
3284.74069,0.02433
3282.81190,0.01749
3280.88310,0.01228
3278.95430,0.01170
3277.02551,0.01690
3275.09671,0.02317
3273.16791,0.02533
3271.23912,0.02395
3269.31032,0.02111
3267.38152,0.02033
3265.45273,0.02253
3263.52393,0.02075
3261.59513,0.01424
3259.66634,0.01166
3257.73754,0.01652
3255.80874,0.02451
3253.87995,0.02977
3251.95115,0.03026
3250.02235,0.02821
3248.09356,0.02417
3246.16476,0.01817
3244.23596,0.01267
3242.30717,0.00812
3240.37837,0.00706
3238.44957,0.01376
3236.52078,0.02178
3234.59198,0.02417
3232.66318,0.02512
3230.73439,0.02866
3228.80559,0.03046
3226.87679,0.02591
3224.94800,0.02037
3223.01920,0.02172
3221.09040,0.03019
3219.16161,0.04004
3217.23281,0.04625
3215.30401,0.04700
3213.37522,0.04205
3211.44642,0.03702
3209.51762,0.03943
3207.58883,0.04531
3205.66003,0.04617
3203.73123,0.04208
3201.80244,0.03739
3199.87364,0.03610
3197.94484,0.03863
3196.01605,0.03846
3194.08725,0.03282
3192.15845,0.02765
3190.22966,0.02882
3188.30086,0.03453
3186.37206,0.03551
3184.44327,0.03006
3182.51447,0.02667
3180.58567,0.02809
3178.65688,0.03137
3176.72808,0.03414
3174.79928,0.03403
3172.87049,0.03065
3170.94169,0.02660
3169.01289,0.02380
3167.08410,0.02208
3165.15530,0.02231
3163.22650,0.02455
3161.29771,0.02598
3159.36891,0.02463
3157.44011,0.02209
3155.51132,0.02221
3153.58252,0.02518
3151.65372,0.02702
3149.72493,0.02672
3147.79613,0.02649
3145.86733,0.02594
3143.93854,0.02380
3142.00974,0.02252
3140.08094,0.02344
3138.15215,0.02360
3136.22335,0.02099
3134.29455,0.01746
3132.36576,0.01635
3130.43696,0.01852
3128.50816,0.02046
3126.57937,0.01983
3124.65057,0.01977
3122.72177,0.02263
3120.79298,0.02547
3118.86418,0.02568
3116.93538,0.02403
3115.00659,0.02175
3113.07779,0.02003
3111.14899,0.01977
3109.22020,0.02012
3107.29140,0.02057
3105.36260,0.02088
3103.43381,0.01966
3101.50501,0.01846
3099.57621,0.01921
3097.64742,0.01895
3095.71862,0.01643
3093.78982,0.01536
3091.86103,0.01651
3089.93223,0.01721
3088.00344,0.01760
3086.07464,0.01917
3084.14584,0.02105
3082.21705,0.02169
3080.28825,0.02110
3078.35945,0.02032
3076.43066,0.02015
3074.50186,0.02048
3072.57306,0.02080
3070.64427,0.02091
3068.71547,0.02077
3066.78667,0.02044
3064.85788,0.02021
3062.92908,0.01989
3061.00028,0.01916
3059.07149,0.01839
3057.14269,0.01821
3055.21389,0.01914
3053.28510,0.02053
3051.35630,0.02083
3049.42750,0.01987
3047.49871,0.01879
3045.56991,0.01862
3043.64111,0.01951
3041.71232,0.02068
3039.78352,0.02127
3037.85472,0.02155
3035.92593,0.02186
3033.99713,0.02180
3032.06833,0.02162
3030.13954,0.02183
3028.21074,0.02220
3026.28194,0.02243
3024.35315,0.02231
3022.42435,0.02214
3020.49555,0.02237
3018.56676,0.02276
3016.63796,0.02312
3014.70916,0.02334
3012.78037,0.02323
3010.85157,0.02317
3008.92277,0.02362
3006.99398,0.02420
3005.06518,0.02427
3003.13638,0.02350
3001.20759,0.02223
2999.27879,0.02153
2997.34999,0.02181
2995.42120,0.02276
2993.49240,0.02368
2991.56360,0.02384
2989.63481,0.02364
2987.70601,0.02341
2985.77721,0.02276
2983.84842,0.02225
2981.91962,0.02282
2979.99082,0.02381
2978.06203,0.02432
2976.13323,0.02456
2974.20443,0.02484
2972.27564,0.02501
2970.34684,0.02478
2968.41804,0.02416
2966.48925,0.02362
2964.56045,0.02358
2962.63165,0.02407
2960.70286,0.02464
2958.77406,0.02491
2956.84526,0.02520
2954.91647,0.02567
2952.98767,0.02587
2951.05887,0.02573
2949.13008,0.02571
2947.20128,0.02580
2945.27248,0.02568
2943.34369,0.02554
2941.41489,0.02563
2939.48609,0.02588
2937.55730,0.02620
2935.62850,0.02634
2933.69970,0.02601
2931.77091,0.02551
2929.84211,0.02525
2927.91331,0.02532
2925.98452,0.02573
2924.05572,0.02608
2922.12692,0.02625
2920.19813,0.02674
2918.26933,0.02740
2916.34053,0.02750
2914.41174,0.02699
2912.48294,0.02634
2910.55414,0.02603
2908.62535,0.02594
2906.69655,0.02568
2904.76775,0.02559
2902.83896,0.02608
2900.91016,0.02669
2898.98136,0.02710
2897.05257,0.02738
2895.12377,0.02737
2893.19497,0.02721
2891.26618,0.02728
2889.33738,0.02746
2887.40858,0.02741
2885.47979,0.02711
2883.55099,0.02708
2881.62219,0.02758
2879.69340,0.02807
2877.76460,0.02812
2875.83580,0.02798
2873.90701,0.02800
2871.97821,0.02813
2870.04941,0.02816
2868.12062,0.02813
2866.19182,0.02816
2864.26302,0.02839
2862.33423,0.02881
2860.40543,0.02919
2858.47663,0.02942
2856.54784,0.02950
2854.61904,0.02944
2852.69024,0.02940
2850.76145,0.02962
2848.83265,0.03004
2846.90385,0.03036
2844.97506,0.03056
2843.04626,0.03070
2841.11746,0.03067
2839.18867,0.03060
2837.25987,0.03051
2835.33107,0.03035
2833.40228,0.03029
2831.47348,0.03031
2829.54468,0.03043
2827.61589,0.03084
2825.68709,0.03128
2823.75829,0.03145
2821.82950,0.03147
2819.90070,0.03144
2817.97190,0.03136
2816.04311,0.03124
2814.11431,0.03116
2812.18551,0.03132
2810.25672,0.03160
2808.32792,0.03155
2806.39912,0.03132
2804.47033,0.03127
2802.54153,0.03134
2800.61273,0.03141
2798.68394,0.03142
2796.75514,0.03129
2794.82634,0.03099
2792.89755,0.03059
2790.96875,0.03036
2789.03995,0.03031
2787.11116,0.03018
2785.18236,0.02998
2783.25356,0.02989
2781.32477,0.02981
2779.39597,0.02959
2777.46717,0.02931
2775.53838,0.02902
2773.60958,0.02884
2771.68078,0.02893
2769.75199,0.02916
2767.82319,0.02928
2765.89439,0.02929
2763.96560,0.02922
2762.03680,0.02900
2760.10800,0.02874
2758.17921,0.02865
2756.25041,0.02867
2754.32161,0.02850
2752.39282,0.02819
2750.46402,0.02817
2748.53522,0.02846
2746.60643,0.02859
2744.67763,0.02830
2742.74883,0.02798
2740.82004,0.02803
2738.89124,0.02830
2736.96244,0.02857
2735.03365,0.02873
2733.10485,0.02870
2731.17605,0.02854
2729.24726,0.02847
2727.31846,0.02861
2725.38967,0.02869
2723.46087,0.02842
2721.53207,0.02811
2719.60328,0.02813
2717.67448,0.02832
2715.74568,0.02856
2713.81689,0.02878
2711.88809,0.02874
2709.95929,0.02844
2708.03050,0.02823
2706.10170,0.02827
2704.17290,0.02841
2702.24411,0.02856
2700.31531,0.02872
2698.38651,0.02879
2696.45772,0.02872
2694.52892,0.02869
2692.60012,0.02874
2690.67133,0.02867
2688.74253,0.02853
2686.81373,0.02859
2684.88494,0.02880
2682.95614,0.02895
2681.02734,0.02901
2679.09855,0.02907
2677.16975,0.02907
2675.24095,0.02894
2673.31216,0.02867
2671.38336,0.02844
2669.45456,0.02839
2667.52577,0.02848
2665.59697,0.02857
2663.66817,0.02855
2661.73938,0.02837
2659.81058,0.02821
2657.88178,0.02827
2655.95299,0.02847
2654.02419,0.02867
2652.09539,0.02883
2650.16660,0.02887
2648.23780,0.02881
2646.30900,0.02880
2644.38021,0.02896
2642.45141,0.02927
2640.52261,0.02938
2638.59382,0.02910
2636.66502,0.02892
2634.73622,0.02914
2632.80743,0.02947
2630.87863,0.02966
2628.94983,0.02962
2627.02104,0.02943
2625.09224,0.02933
2623.16344,0.02949
2621.23465,0.02964
2619.30585,0.02972
2617.37705,0.02982
2615.44826,0.02972
2613.51946,0.02954
2611.59066,0.02962
2609.66187,0.02987
2607.73307,0.02993
2605.80427,0.02980
2603.87548,0.02990
2601.94668,0.03040
2600.01788,0.03081
2598.08909,0.03067
2596.16029,0.03032
2594.23149,0.03025
2592.30270,0.03055
2590.37390,0.03108
2588.44510,0.03130
2586.51631,0.03088
2584.58751,0.03047
2582.65871,0.03049
2580.72992,0.03033
2578.80112,0.02995
2576.87232,0.02999
2574.94353,0.03030
2573.01473,0.03047
2571.08593,0.03064
2569.15714,0.03081
2567.22834,0.03073
2565.29954,0.03037
2563.37075,0.02997
2561.44195,0.02988
2559.51315,0.03017
2557.58436,0.03050
2555.65556,0.03054
2553.72676,0.03021
2551.79797,0.02974
2549.86917,0.02973
2547.94037,0.03020
2546.01158,0.03049
2544.08278,0.03042
2542.15398,0.03017
2540.22519,0.02990
2538.29639,0.02981
2536.36759,0.02993
2534.43880,0.02999
2532.51000,0.02996
2530.58120,0.03004
2528.65241,0.03014
2526.72361,0.02995
2524.79481,0.02948
2522.86602,0.02904
2520.93722,0.02891
2519.00842,0.02899
2517.07963,0.02922
2515.15083,0.02965
2513.22203,0.02995
2511.29324,0.02971
2509.36444,0.02939
2507.43564,0.02962
2505.50685,0.02992
2503.57805,0.02950
2501.64925,0.02889
2499.72046,0.02891
2497.79166,0.02920
2495.86286,0.02930
2493.93407,0.02940
2492.00527,0.02938
2490.07647,0.02925
2488.14768,0.02936
2486.21888,0.02955
2484.29008,0.02957
2482.36129,0.02941
2480.43249,0.02922
2478.50369,0.02915
2476.57490,0.02918
2474.64610,0.02913
2472.71730,0.02892
2470.78851,0.02881
2468.85971,0.02900
2466.93091,0.02923
2465.00212,0.02940
2463.07332,0.02959
2461.14452,0.02951
2459.21573,0.02909
2457.28693,0.02862
2455.35813,0.02841
2453.42934,0.02862
2451.50054,0.02890
2449.57174,0.02870
2447.64295,0.02835
2445.71415,0.02835
2443.78535,0.02858
2441.85656,0.02874
2439.92776,0.02874
2437.99896,0.02852
2436.07017,0.02807
2434.14137,0.02762
2432.21257,0.02746
2430.28378,0.02748
2428.35498,0.02743
2426.42618,0.02734
2424.49739,0.02730
2422.56859,0.02716
2420.63979,0.02682
2418.71100,0.02638
2416.78220,0.02614
2414.85340,0.02611
2412.92461,0.02592
2410.99581,0.02575
2409.06701,0.02597
2407.13822,0.02622
2405.20942,0.02615
2403.28062,0.02597
2401.35183,0.02574
2399.42303,0.02533
2397.49423,0.02494
2395.56544,0.02482
2393.63664,0.02495
2391.70784,0.02537
2389.77905,0.02636
2387.85025,0.02863
2385.92145,0.03328
2383.99266,0.04128
2382.06386,0.05291
2380.13506,0.06742
2378.20627,0.08339
2376.27747,0.09997
2374.34867,0.11732
2372.41988,0.13540
2370.49108,0.15347
2368.56228,0.17065
2366.63349,0.18627
2364.70469,0.19920
2362.77589,0.20800
2360.84710,0.21193
2358.91830,0.21010
2356.98951,0.20112
2355.06071,0.18491
2353.13191,0.16303
2351.20312,0.14091
2349.27432,0.12905
2347.34552,0.13387
2345.41673,0.14972
2343.48793,0.16123
2341.55913,0.16285
2339.63034,0.15991
2337.70154,0.15586
2335.77274,0.15263
2333.84395,0.15163
2331.91515,0.15167
2329.98635,0.14899
2328.05756,0.14310
2326.12876,0.13762
2324.19996,0.13395
2322.27117,0.12915
2320.34237,0.12053
2318.41357,0.10960
2316.48478,0.10021
2314.55598,0.09430
2312.62718,0.09022
2310.69839,0.08534
2308.76959,0.07906
2306.84079,0.07195
2304.91200,0.06492
2302.98320,0.05914
2301.05440,0.05460
2299.12561,0.05056
2297.19681,0.04701
2295.26801,0.04401
2293.33922,0.04113
2291.41042,0.03824
2289.48162,0.03569
2287.55283,0.03366
2285.62403,0.03202
2283.69523,0.03089
2281.76644,0.03066
2279.83764,0.03127
2277.90884,0.03213
2275.98005,0.03265
2274.05125,0.03263
2272.12245,0.03254
2270.19366,0.03302
2268.26486,0.03405
2266.33606,0.03511
2264.40727,0.03593
2262.47847,0.03626
2260.54967,0.03597
2258.62088,0.03575
2256.69208,0.03609
2254.76328,0.03603
2252.83449,0.03508
2250.90569,0.03427
2248.97689,0.03392
2247.04810,0.03344
2245.11930,0.03345
2243.19050,0.03458
2241.26171,0.03589
2239.33291,0.03640
2237.40411,0.03621
2235.47532,0.03629
2233.54652,0.03643
2231.61772,0.03551
2229.68893,0.03474
2227.76013,0.03544
2225.83133,0.03636
2223.90254,0.03708
2221.97374,0.03883
2220.04494,0.04101
2218.11615,0.04185
2216.18735,0.04154
2214.25855,0.04104
2212.32976,0.04044
2210.40096,0.04004
2208.47216,0.04026
2206.54337,0.04048
2204.61457,0.04062
2202.68577,0.04142
2200.75698,0.04250
2198.82818,0.04323
2196.89938,0.04315
2194.97059,0.04219
2193.04179,0.04178
2191.11299,0.04266
2189.18420,0.04419
2187.25540,0.04599
2185.32660,0.04663
2183.39781,0.04531
2181.46901,0.04519
2179.54021,0.04756
2177.61142,0.04885
2175.68262,0.04804
2173.75382,0.04782
2171.82503,0.04890
2169.89623,0.04982
2167.96743,0.05021
2166.03864,0.05113
2164.10984,0.05249
2162.18104,0.05371
2160.25225,0.05622
2158.32345,0.05920
2156.39465,0.05768
2154.46586,0.05273
2152.53706,0.04937
2150.60826,0.04783
2148.67947,0.04536
2146.75067,0.04141
2144.82187,0.03798
2142.89308,0.03602
2140.96428,0.03453
2139.03548,0.03324
2137.10669,0.03275
2135.17789,0.03247
2133.24909,0.03106
2131.32030,0.02890
2129.39150,0.02706
2127.46270,0.02560
2125.53391,0.02463
2123.60511,0.02420
2121.67631,0.02367
2119.74752,0.02274
2117.81872,0.02219
2115.88992,0.02254
2113.96113,0.02303
2112.03233,0.02320
2110.10353,0.02348
2108.17474,0.02376
2106.24594,0.02370
2104.31714,0.02370
2102.38835,0.02389
2100.45955,0.02362
2098.53075,0.02299
2096.60196,0.02268
2094.67316,0.02272
2092.74436,0.02279
2090.81557,0.02273
2088.88677,0.02279
2086.95797,0.02306
2085.02918,0.02295
2083.10038,0.02261
2081.17158,0.02286
2079.24279,0.02350
2077.31399,0.02420
2075.38519,0.02468
2073.45640,0.02453
2071.52760,0.02421
2069.59880,0.02440
2067.67001,0.02528
2065.74121,0.02651
2063.81241,0.02726
2061.88362,0.02702
2059.95482,0.02657
2058.02602,0.02686
2056.09723,0.02743
2054.16843,0.02780
2052.23963,0.02814
2050.31084,0.02890
2048.38204,0.03061
2046.45324,0.03273
2044.52445,0.03396
2042.59565,0.03381
2040.66685,0.03357
2038.73806,0.03422
2036.80926,0.03558
2034.88046,0.03708
2032.95167,0.03748
2031.02287,0.03674
2029.09407,0.03563
2027.16528,0.03440
2025.23648,0.03391
2023.30768,0.03450
2021.37889,0.03406
2019.45009,0.03204
2017.52129,0.03155
2015.59250,0.03295
2013.66370,0.03426
2011.73490,0.03516
2009.80611,0.03530
2007.87731,0.03330
2005.94851,0.02951
2004.01972,0.02719
2002.09092,0.02770
2000.16212,0.02915
1998.23333,0.02945
1996.30453,0.02808
1994.37574,0.02655
1992.44694,0.02633
1990.51814,0.02677
1988.58935,0.02704
1986.66055,0.02728
1984.73175,0.02708
1982.80296,0.02699
1980.87416,0.02872
1978.94536,0.03133
1977.01657,0.03214
1975.08777,0.03154
1973.15897,0.03088
1971.23018,0.02948
1969.30138,0.02786
1967.37258,0.02739
1965.44379,0.02728
1963.51499,0.02622
1961.58619,0.02480
1959.65740,0.02390
1957.72860,0.02319
1955.79980,0.02254
1953.87101,0.02203
1951.94221,0.02151
1950.01341,0.02100
1948.08462,0.02043
1946.15582,0.02018
1944.22702,0.02047
1942.29823,0.02071
1940.36943,0.02032
1938.44063,0.01934
1936.51184,0.01843
1934.58304,0.01829
1932.65424,0.01839
1930.72545,0.01819
1928.79665,0.01807
1926.86785,0.01808
1924.93906,0.01796
1923.01026,0.01779
1921.08146,0.01762
1919.15267,0.01750
1917.22387,0.01745
1915.29507,0.01737
1913.36628,0.01732
1911.43748,0.01734
1909.50868,0.01730
1907.57989,0.01719
1905.65109,0.01717
1903.72229,0.01717
1901.79350,0.01700
1899.86470,0.01675
1897.93590,0.01668
1896.00711,0.01674
1894.07831,0.01668
1892.14951,0.01652
1890.22072,0.01640
1888.29192,0.01638
1886.36312,0.01632
1884.43433,0.01617
1882.50553,0.01613
1880.57673,0.01616
1878.64794,0.01613
1876.71914,0.01608
1874.79034,0.01593
1872.86155,0.01569
1870.93275,0.01548
1869.00395,0.01545
1867.07516,0.01563
1865.14636,0.01585
1863.21756,0.01598
1861.28877,0.01601
1859.35997,0.01597
1857.43117,0.01588
1855.50238,0.01575
1853.57358,0.01575
1851.64478,0.01585
1849.71599,0.01585
1847.78719,0.01561
1845.85839,0.01520
1843.92960,0.01506
1842.00080,0.01552
1840.07200,0.01598
1838.14321,0.01599
1836.21441,0.01577
1834.28561,0.01550
1832.35682,0.01513
1830.42802,0.01476
1828.49922,0.01477
1826.57043,0.01496
1824.64163,0.01504
1822.71283,0.01514
1820.78404,0.01525
1818.85524,0.01530
1816.92644,0.01537
1814.99765,0.01539
1813.06885,0.01528
1811.14005,0.01519
1809.21126,0.01528
1807.28246,0.01533
1805.35366,0.01527
1803.42487,0.01519
1801.49607,0.01502
1799.56727,0.01491
1797.63848,0.01495
1795.70968,0.01493
1793.78088,0.01471
1791.85209,0.01462
1789.92329,0.01489
1787.99449,0.01517
1786.06570,0.01522
1784.13690,0.01510
1782.20810,0.01499
1780.27931,0.01493
1778.35051,0.01490
1776.42171,0.01469
1774.49292,0.01407
1772.56412,0.01339
1770.63532,0.01354
1768.70653,0.01424
1766.77773,0.01466
1764.84893,0.01468
1762.92014,0.01448
1760.99134,0.01438
1759.06254,0.01454
1757.13375,0.01467
1755.20495,0.01475
1753.27615,0.01467
1751.34736,0.01428
1749.41856,0.01387
1747.48976,0.01386
1745.56097,0.01405
1743.63217,0.01404
1741.70337,0.01372
1739.77458,0.01343
1737.84578,0.01344
1735.91698,0.01321
1733.98819,0.01285
1732.05939,0.01317
1730.13059,0.01374
1728.20180,0.01416
1726.27300,0.01442
1724.34420,0.01461
1722.41541,0.01466
1720.48661,0.01451
1718.55781,0.01433
1716.62902,0.01492
1714.70022,0.01651
1712.77142,0.01825
1710.84263,0.01991
1708.91383,0.02152
1706.98503,0.02352
1705.05624,0.02637
1703.12744,0.02948
1701.19864,0.03326
1699.26985,0.03885
1697.34105,0.04583
1695.41225,0.05469
1693.48346,0.06444
1691.55466,0.07396
1689.62586,0.08454
1687.69707,0.09548
1685.76827,0.10746
1683.83947,0.12392
1681.91068,0.14091
1679.98188,0.15512
1678.05308,0.16835
1676.12429,0.18222
1674.19549,0.19659
1672.26669,0.20878
1670.33790,0.21979
1668.40910,0.23106
1666.48030,0.23990
1664.55151,0.24597
1662.62271,0.25080
1660.69391,0.25458
1658.76512,0.25674
1656.83632,0.25724
1654.90752,0.25641
1652.97873,0.25597
1651.04993,0.25790
1649.12113,0.26056
1647.19234,0.26468
1645.26354,0.27207
1643.33474,0.28136
1641.40595,0.29190
1639.47715,0.30373
1637.54835,0.31788
1635.61956,0.33770
1633.69076,0.35952
1631.76197,0.37785
1629.83317,0.39463
1627.90437,0.41048
1625.97558,0.42326
1624.04678,0.43242
1622.11798,0.43817
1620.18919,0.44010
1618.26039,0.43887
1616.33159,0.43605
1614.40280,0.43399
1612.47400,0.43338
1610.54520,0.43438
1608.61641,0.43799
1606.68761,0.44435
1604.75881,0.45280
1602.83002,0.46263
1600.90122,0.47286
1598.97242,0.48219
1597.04363,0.48936
1595.11483,0.49343
1593.18603,0.49347
1591.25724,0.48914
1589.32844,0.48038
1587.39964,0.46754
1585.47085,0.45125
1583.54205,0.43221
1581.61325,0.41150
1579.68446,0.39048
1577.75566,0.36766
1575.82686,0.34194
1573.89807,0.32023
1571.96927,0.30232
1570.04047,0.28267
1568.11168,0.26367
1566.18288,0.24799
1564.25408,0.23402
1562.32529,0.22164
1560.39649,0.20785
1558.46769,0.19130
1556.53890,0.18030
1554.61010,0.17288
1552.68130,0.16529
1550.75251,0.15784
1548.82371,0.15083
1546.89491,0.14454
1544.96612,0.13842
1543.03732,0.13202
1541.10852,0.12558
1539.17973,0.12060
1537.25093,0.11810
1535.32213,0.11576
1533.39334,0.11257
1531.46454,0.10968
1529.53574,0.10732
1527.60695,0.10470
1525.67815,0.10189
1523.74935,0.09919
1521.82056,0.09670
1519.89176,0.09490
1517.96296,0.09361
1516.03417,0.09261
1514.10537,0.09196
1512.17657,0.09133
1510.24778,0.09037
1508.31898,0.08907
1506.39018,0.08884
1504.46139,0.09065
1502.53259,0.09277
1500.60379,0.09459
1498.67500,0.09683
1496.74620,0.10050
1494.81740,0.10531
1492.88861,0.11034
1490.95981,0.11640
1489.03101,0.12454
1487.10222,0.13420
1485.17342,0.14458
1483.24462,0.15574
1481.31583,0.16797
1479.38703,0.18080
1477.45823,0.19379
1475.52944,0.20707
1473.60064,0.22115
1471.67184,0.23573
1469.74305,0.24779
1467.81425,0.25667
1465.88545,0.26385
1463.95666,0.26926
1462.02786,0.27184
1460.09906,0.27120
1458.17027,0.26681
1456.24147,0.25898
1454.31267,0.25045
1452.38388,0.24104
1450.45508,0.22958
1448.52628,0.21631
1446.59749,0.20242
1444.66869,0.18932
1442.73989,0.17689
1440.81110,0.16519
1438.88230,0.15422
1436.95350,0.14276
1435.02471,0.13241
1433.09591,0.12455
1431.16711,0.11737
1429.23832,0.11046
1427.30952,0.10464
1425.38072,0.09957
1423.45193,0.09491
1421.52313,0.09082
1419.59433,0.08689
1417.66554,0.08338
1415.73674,0.08074
1413.80794,0.07838
1411.87915,0.07602
1409.95035,0.07381
1408.02155,0.07177
1406.09276,0.06978
1404.16396,0.06791
1402.23516,0.06627
1400.30637,0.06472
1398.37757,0.06326
1396.44877,0.06199
1394.51998,0.06083
1392.59118,0.05983
1390.66238,0.05897
1388.73359,0.05802
1386.80479,0.05698
1384.87599,0.05609
1382.94720,0.05536
1381.01840,0.05467
1379.08960,0.05396
1377.16081,0.05324
1375.23201,0.05257
1373.30321,0.05203
1371.37442,0.05161
1369.44562,0.05119
1367.51682,0.05078
1365.58803,0.05042
1363.65923,0.05005
1361.73043,0.04970
1359.80164,0.04944
1357.87284,0.04921
1355.94404,0.04896
1354.01525,0.04868
1352.08645,0.04840
1350.15765,0.04816
1348.22886,0.04797
1346.30006,0.04778
1344.37126,0.04758
1342.44247,0.04741
1340.51367,0.04727
1338.58487,0.04720
1336.65608,0.04719
1334.72728,0.04719
1332.79848,0.04714
1330.86969,0.04704
1328.94089,0.04685
1327.01209,0.04661
1325.08330,0.04633
1323.15450,0.04606
1321.22570,0.04579
1319.29691,0.04555
1317.36811,0.04536
1315.43931,0.04520
1313.51052,0.04507
1311.58172,0.04496
1309.65292,0.04489
1307.72413,0.04482
1305.79533,0.04474
1303.86653,0.04470
1301.93774,0.04467
1300.00894,0.04463
1298.08014,0.04459
1296.15135,0.04455
1294.22255,0.04450
1292.29375,0.04445
1290.36496,0.04439
1288.43616,0.04434
1286.50736,0.04431
1284.57857,0.04430
1282.64977,0.04427
1280.72097,0.04424
1278.79218,0.04423
1276.86338,0.04424
1274.93458,0.04425
1273.00579,0.04429
1271.07699,0.04432
1269.14820,0.04436
1267.21940,0.04441
1265.29060,0.04447
1263.36181,0.04451
1261.43301,0.04455
1259.50421,0.04462
1257.57542,0.04471
1255.64662,0.04480
1253.71782,0.04492
1251.78903,0.04506
1249.86023,0.04518
1247.93143,0.04529
1246.00264,0.04541
1244.07384,0.04552
1242.14504,0.04560
1240.21625,0.04568
1238.28745,0.04578
1236.35865,0.04589
1234.42986,0.04600
1232.50106,0.04614
1230.57226,0.04634
1228.64347,0.04657
1226.71467,0.04678
1224.78587,0.04701
1222.85708,0.04730
1220.92828,0.04764
1218.99948,0.04802
1217.07069,0.04847
1215.14189,0.04895
1213.21309,0.04949
1211.28430,0.05007
1209.35550,0.05069
1207.42670,0.05138
1205.49791,0.05216
1203.56911,0.05302
1201.64031,0.05400
1199.71152,0.05510
1197.78272,0.05634
1195.85392,0.05772
1193.92513,0.05928
1191.99633,0.06104
1190.06753,0.06304
1188.13874,0.06529
1186.20994,0.06781
1184.28114,0.07060
1182.35235,0.07374
1180.42355,0.07736
1178.49475,0.08148
1176.56596,0.08589
1174.63716,0.09056
1172.70836,0.09549
1170.77957,0.10059
1168.85077,0.10572
1166.92197,0.11070
1164.99318,0.11534
1163.06438,0.11938
1161.13558,0.12257
1159.20679,0.12463
1157.27799,0.12542
1155.34919,0.12489
1153.42040,0.12310
1151.49160,0.12017
1149.56280,0.11630
1147.63401,0.11174
1145.70521,0.10675
1143.77641,0.10158
1141.84762,0.09648
1139.91882,0.09162
1137.99002,0.08707
1136.06123,0.08284
1134.13243,0.07903
1132.20363,0.07564
1130.27484,0.07263
1128.34604,0.06997
1126.41724,0.06764
1124.48845,0.06560
1122.55965,0.06380
1120.63085,0.06223
1118.70206,0.06086
1116.77326,0.05965
1114.84446,0.05860
1112.91567,0.05770
1110.98687,0.05693
1109.05807,0.05627
1107.12928,0.05571
1105.20048,0.05523
1103.27168,0.05480
1101.34289,0.05445
1099.41409,0.05421
1097.48529,0.05405
1095.55650,0.05399
1093.62770,0.05401
1091.69890,0.05412
1089.77011,0.05433
1087.84131,0.05464
1085.91251,0.05502
1083.98372,0.05545
1082.05492,0.05593
1080.12612,0.05647
1078.19733,0.05704
1076.26853,0.05762
1074.33973,0.05818
1072.41094,0.05872
1070.48214,0.05919
1068.55334,0.05957
1066.62455,0.05980
1064.69575,0.05987
1062.76695,0.05979
1060.83816,0.05958
1058.90936,0.05927
1056.98056,0.05883
1055.05177,0.05823
1053.12297,0.05754
1051.19417,0.05682
1049.26538,0.05610
1047.33658,0.05542
1045.40778,0.05476
1043.47899,0.05410
1041.55019,0.05343
1039.62139,0.05276
1037.69260,0.05210
1035.76380,0.05149
1033.83500,0.05092
1031.90621,0.05039
1029.97741,0.04987
1028.04861,0.04936
1026.11982,0.04889
1024.19102,0.04844
1022.26222,0.04806
1020.33343,0.04776
1018.40463,0.04753
1016.47583,0.04739
1014.54704,0.04731
1012.61824,0.04724
1010.68944,0.04707
1008.76065,0.04675
1006.83185,0.04625
1004.90305,0.04563
1002.97426,0.04495
1001.04546,0.04429
999.11666,0.04369
997.18787,0.04319
995.25907,0.04282
993.33027,0.04250
991.40148,0.04215
989.47268,0.04176
987.54388,0.04140
985.61509,0.04105
983.68629,0.04068
981.75749,0.04029
979.82870,0.03991
977.89990,0.03953
975.97110,0.03915
974.04231,0.03875
972.11351,0.03835
970.18471,0.03793
968.25592,0.03753
966.32712,0.03718
964.39832,0.03686
962.46953,0.03652
960.54073,0.03612
958.61193,0.03570
956.68314,0.03530
954.75434,0.03491
952.82554,0.03454
950.89675,0.03418
948.96795,0.03378
947.03915,0.03335
945.11036,0.03289
943.18156,0.03244
941.25276,0.03203
939.32397,0.03161
937.39517,0.03119
935.46637,0.03077
933.53758,0.03035
931.60878,0.02990
929.67998,0.02944
927.75119,0.02898
925.82239,0.02855
923.89359,0.02809
921.96480,0.02761
920.03600,0.02715
918.10720,0.02671
916.17841,0.02627
914.24961,0.02583
912.32081,0.02539
910.39202,0.02497
908.46322,0.02457
906.53443,0.02416
904.60563,0.02373
902.67683,0.02333
900.74804,0.02296
898.81924,0.02257
896.89044,0.02213
894.96165,0.02166
893.03285,0.02116
891.10405,0.02064
889.17526,0.02012
887.24646,0.01963
885.31766,0.01918
883.38887,0.01875
881.46007,0.01832
879.53127,0.01787
877.60248,0.01739
875.67368,0.01694
873.74488,0.01655
871.81609,0.01620
869.88729,0.01587
867.95849,0.01552
866.02970,0.01516
864.10090,0.01481
862.17210,0.01450
860.24331,0.01422
858.31451,0.01393
856.38571,0.01360
854.45692,0.01333
852.52812,0.01313
850.59932,0.01289
848.67053,0.01258
846.74173,0.01231
844.81293,0.01215
842.88414,0.01197
840.95534,0.01171
839.02654,0.01141
837.09775,0.01115
835.16895,0.01097
833.24015,0.01084
831.31136,0.01074
829.38256,0.01072
827.45376,0.01073
825.52497,0.01072
823.59617,0.01070
821.66737,0.01076
819.73858,0.01088
817.80978,0.01097
815.88098,0.01111
813.95219,0.01135
812.02339,0.01160
810.09459,0.01193
808.16580,0.01242
806.23700,0.01284
804.30820,0.01316
802.37941,0.01365
800.45061,0.01433
798.52181,0.01516
796.59302,0.01622
794.66422,0.01742
792.73542,0.01859
790.80663,0.01971
788.87783,0.02076
786.94903,0.02149
785.02024,0.02182
783.09144,0.02172
781.16264,0.02111
779.23385,0.02012
777.30505,0.01901
775.37625,0.01781
773.44746,0.01660
771.51866,0.01560
769.58986,0.01479
767.66107,0.01408
765.73227,0.01369
763.80347,0.01352
761.87468,0.01326
759.94588,0.01302
758.01708,0.01301
756.08829,0.01298
754.15949,0.01284
752.23069,0.01297
750.30190,0.01325
748.37310,0.01311
