3496.90832,0.05391
3494.97953,0.04918
3493.05073,0.03856
3491.12193,0.03169
3489.19314,0.03518
3487.26434,0.04388
3485.33554,0.04532
3483.40675,0.03996
3481.47795,0.03697
3479.54915,0.03834
3477.62036,0.04298
3475.69156,0.05156
3473.76276,0.05889
3471.83397,0.05752
3469.90517,0.05190
3467.97637,0.04881
3466.04758,0.04700
3464.11878,0.04636
3462.18998,0.04668
3460.26119,0.04420
3458.33239,0.03875
3456.40359,0.03535
3454.47480,0.03751
3452.54600,0.04031
3450.61721,0.03682
3448.68841,0.03197
3446.75961,0.03413
3444.83082,0.03740
3442.90202,0.03537
3440.97322,0.03511
3439.04443,0.03850
3437.11563,0.03585
3435.18683,0.02725
3433.25804,0.02257
3431.32924,0.02605
3429.40044,0.03547
3427.47165,0.04371
3425.54285,0.04458
3423.61405,0.04146
3421.68526,0.03789
3419.75646,0.03387
3417.82766,0.03353
3415.89887,0.03539
3413.97007,0.03055
3412.04127,0.02203
3410.11248,0.02109
3408.18368,0.02379
3406.25488,0.01994
3404.32609,0.01467
3402.39729,0.01782
3400.46849,0.02771
3398.53970,0.03485
3396.61090,0.03336
3394.68210,0.03016
3392.75331,0.03378
3390.82451,0.04012
3388.89571,0.04360
3386.96692,0.04342
3385.03812,0.03796
3383.10932,0.03001
3381.18053,0.02942
3379.25173,0.03750
3377.32293,0.04440
3375.39414,0.04547
3373.46534,0.04405
3371.53654,0.04154
3369.60775,0.03672
3367.67895,0.03415
3365.75015,0.03824
3363.82136,0.04360
3361.89256,0.04415
3359.96376,0.04046
3358.03497,0.03739
3356.10617,0.03956
3354.17737,0.04522
3352.24858,0.04779
3350.31978,0.04504
3348.39098,0.04192
3346.46219,0.04374
3344.53339,0.04860
3342.60459,0.05052
3340.67580,0.05000
3338.74700,0.04846
3336.81820,0.04251
3334.88941,0.03457
3332.96061,0.03108
3331.03181,0.03380
3329.10302,0.04118
3327.17422,0.04443
3325.24542,0.03814
3323.31663,0.02804
3321.38783,0.02241
3319.45903,0.02545
3317.53024,0.02890
3315.60144,0.02398
3313.67264,0.01800
3311.74385,0.01843
3309.81505,0.02455
3307.88625,0.03392
3305.95746,0.03845
3304.02866,0.03384
3302.09986,0.02844
3300.17107,0.02679
3298.24227,0.02642
3296.31347,0.02692
3294.38468,0.02538
3292.45588,0.01895
3290.52708,0.01146
3288.59829,0.00855
3286.66949,0.00936
3284.74069,0.01099
3282.81190,0.01430
3280.88310,0.01675
3278.95430,0.01845
3277.02551,0.02326
3275.09671,0.02600
3273.16791,0.02541
3271.23912,0.02594
3269.31032,0.02230
3267.38152,0.01413
3265.45273,0.01019
3263.52393,0.00991
3261.59513,0.01034
3259.66634,0.01420
3257.73754,0.01916
3255.80874,0.02231
3253.87995,0.02382
3251.95115,0.02253
3250.02235,0.01870
3248.09356,0.01346
3246.16476,0.01058
3244.23596,0.01518
3242.30717,0.02078
3240.37837,0.01866
3238.44957,0.01571
3236.52078,0.01892
3234.59198,0.02388
3232.66318,0.02687
3230.73439,0.02693
3228.80559,0.02478
3226.87679,0.02375
3224.94800,0.02281
3223.01920,0.02043
3221.09040,0.02103
3219.16161,0.02658
3217.23281,0.03455
3215.30401,0.04123
3213.37522,0.04410
3211.44642,0.04555
3209.51762,0.04460
3207.58883,0.03972
3205.66003,0.03795
3203.73123,0.03949
3201.80244,0.03603
3199.87364,0.02832
3197.94484,0.02443
3196.01605,0.02679
3194.08725,0.03029
3192.15845,0.03109
3190.22966,0.03128
3188.30086,0.03256
3186.37206,0.03228
3184.44327,0.03102
3182.51447,0.03179
3180.58567,0.03203
3178.65688,0.03171
3176.72808,0.03289
3174.79928,0.03223
3172.87049,0.02862
3170.94169,0.02466
3169.01289,0.02077
3167.08410,0.01758
3165.15530,0.01757
3163.22650,0.02063
3161.29771,0.02359
3159.36891,0.02351
3157.44011,0.02110
3155.51132,0.02057
3153.58252,0.02265
3151.65372,0.02351
3149.72493,0.02113
3147.79613,0.01828
3145.86733,0.01869
3143.93854,0.02095
3142.00974,0.02203
3140.08094,0.02174
3138.15215,0.02071
3136.22335,0.01912
3134.29455,0.01719
3132.36576,0.01705
3130.43696,0.01960
3128.50816,0.02091
3126.57937,0.01923
3124.65057,0.01831
3122.72177,0.02059
3120.79298,0.02376
3118.86418,0.02412
3116.93538,0.02166
3115.00659,0.01964
3113.07779,0.01939
3111.14899,0.01962
3109.22020,0.01907
3107.29140,0.01845
3105.36260,0.01889
3103.43381,0.01993
3101.50501,0.02098
3099.57621,0.02097
3097.64742,0.01913
3095.71862,0.01734
3093.78982,0.01725
3091.86103,0.01743
3089.93223,0.01692
3088.00344,0.01705
3086.07464,0.01806
3084.14584,0.01891
3082.21705,0.01964
3080.28825,0.01997
3078.35945,0.01955
3076.43066,0.01913
3074.50186,0.01928
3072.57306,0.01952
3070.64427,0.01929
3068.71547,0.01867
3066.78667,0.01846
3064.85788,0.01932
3062.92908,0.02025
3061.00028,0.02009
3059.07149,0.01912
3057.14269,0.01819
3055.21389,0.01856
3053.28510,0.02002
3051.35630,0.02052
3049.42750,0.01978
3047.49871,0.01911
3045.56991,0.01893
3043.64111,0.01919
3041.71232,0.01992
3039.78352,0.02064
3037.85472,0.02086
3035.92593,0.02121
3033.99713,0.02204
3032.06833,0.02280
3030.13954,0.02315
3028.21074,0.02305
3026.28194,0.02246
3024.35315,0.02178
3022.42435,0.02198
3020.49555,0.02286
3018.56676,0.02316
3016.63796,0.02306
3014.70916,0.02329
3012.78037,0.02358
3010.85157,0.02375
3008.92277,0.02381
3006.99398,0.02379
3005.06518,0.02387
3003.13638,0.02375
3001.20759,0.02317
2999.27879,0.02272
2997.34999,0.02285
2995.42120,0.02348
2993.49240,0.02407
2991.56360,0.02400
2989.63481,0.02383
2987.70601,0.02407
2985.77721,0.02415
2983.84842,0.02413
2981.91962,0.02467
2979.99082,0.02548
2978.06203,0.02612
2976.13323,0.02661
2974.20443,0.02637
2972.27564,0.02547
2970.34684,0.02508
2968.41804,0.02523
2966.48925,0.02515
2964.56045,0.02504
2962.63165,0.02532
2960.70286,0.02528
2958.77406,0.02489
2956.84526,0.02526
2954.91647,0.02629
2952.98767,0.02686
2951.05887,0.02672
2949.13008,0.02648
2947.20128,0.02657
2945.27248,0.02680
2943.34369,0.02675
2941.41489,0.02644
2939.48609,0.02630
2937.55730,0.02655
2935.62850,0.02680
2933.69970,0.02652
2931.77091,0.02614
2929.84211,0.02636
2927.91331,0.02678
2925.98452,0.02681
2924.05572,0.02677
2922.12692,0.02723
2920.19813,0.02792
2918.26933,0.02829
2916.34053,0.02836
2914.41174,0.02831
2912.48294,0.02815
2910.55414,0.02790
2908.62535,0.02761
2906.69655,0.02734
2904.76775,0.02717
2902.83896,0.02702
2900.91016,0.02699
2898.98136,0.02736
2897.05257,0.02770
2895.12377,0.02760
2893.19497,0.02763
2891.26618,0.02805
2889.33738,0.02830
2887.40858,0.02812
2885.47979,0.02787
2883.55099,0.02809
2881.62219,0.02884
2879.69340,0.02941
2877.76460,0.02945
2875.83580,0.02925
2873.90701,0.02917
2871.97821,0.02930
2870.04941,0.02950
2868.12062,0.02974
2866.19182,0.02999
2864.26302,0.03014
2862.33423,0.03024
2860.40543,0.03043
2858.47663,0.03061
2856.54784,0.03043
2854.61904,0.03005
2852.69024,0.02994
2850.76145,0.03010
2848.83265,0.03056
2846.90385,0.03123
2844.97506,0.03177
2843.04626,0.03202
2841.11746,0.03197
2839.18867,0.03179
2837.25987,0.03177
2835.33107,0.03188
2833.40228,0.03202
2831.47348,0.03222
2829.54468,0.03245
2827.61589,0.03260
2825.68709,0.03269
2823.75829,0.03286
2821.82950,0.03326
2819.90070,0.03351
2817.97190,0.03334
2816.04311,0.03302
2814.11431,0.03294
2812.18551,0.03311
2810.25672,0.03312
2808.32792,0.03289
2806.39912,0.03274
2804.47033,0.03258
2802.54153,0.03226
2800.61273,0.03204
2798.68394,0.03196
2796.75514,0.03168
2794.82634,0.03119
2792.89755,0.03091
2790.96875,0.03105
2789.03995,0.03144
2787.11116,0.03165
2785.18236,0.03147
2783.25356,0.03117
2781.32477,0.03109
2779.39597,0.03109
2777.46717,0.03089
2775.53838,0.03053
2773.60958,0.03028
2771.68078,0.03030
2769.75199,0.03053
2767.82319,0.03077
2765.89439,0.03085
2763.96560,0.03081
2762.03680,0.03065
2760.10800,0.03045
2758.17921,0.03031
2756.25041,0.03007
2754.32161,0.02965
2752.39282,0.02930
2750.46402,0.02935
2748.53522,0.02968
2746.60643,0.02983
2744.67763,0.02964
2742.74883,0.02946
2740.82004,0.02953
2738.89124,0.02959
2736.96244,0.02957
2735.03365,0.02978
2733.10485,0.03008
2731.17605,0.03022
2729.24726,0.03027
2727.31846,0.03039
2725.38967,0.03049
2723.46087,0.03034
2721.53207,0.03006
2719.60328,0.03003
2717.67448,0.03027
2715.74568,0.03053
2713.81689,0.03064
2711.88809,0.03058
2709.95929,0.03039
2708.03050,0.03011
2706.10170,0.02982
2704.17290,0.02960
2702.24411,0.02946
2700.31531,0.02947
2698.38651,0.02956
2696.45772,0.02960
2694.52892,0.02959
2692.60012,0.02967
2690.67133,0.02981
2688.74253,0.02986
2686.81373,0.02985
2684.88494,0.02993
2682.95614,0.03008
2681.02734,0.03015
2679.09855,0.03020
2677.16975,0.03039
2675.24095,0.03049
2673.31216,0.03027
2671.38336,0.02998
2669.45456,0.02995
2667.52577,0.03011
2665.59697,0.03022
2663.66817,0.03022
2661.73938,0.03011
2659.81058,0.02986
2657.88178,0.02965
2655.95299,0.02951
2654.02419,0.02947
2652.09539,0.02962
2650.16660,0.02979
2648.23780,0.02983
2646.30900,0.02987
2644.38021,0.03000
2642.45141,0.03016
2640.52261,0.03024
2638.59382,0.03018
2636.66502,0.03015
2634.73622,0.03023
2632.80743,0.03035
2630.87863,0.03052
2628.94983,0.03077
2627.02104,0.03092
2625.09224,0.03103
2623.16344,0.03127
2621.23465,0.03150
2619.30585,0.03157
2617.37705,0.03154
2615.44826,0.03144
2613.51946,0.03137
2611.59066,0.03140
2609.66187,0.03132
2607.73307,0.03112
2605.80427,0.03090
2603.87548,0.03081
2601.94668,0.03100
2600.01788,0.03125
2598.08909,0.03143
2596.16029,0.03163
2594.23149,0.03175
2592.30270,0.03178
2590.37390,0.03209
2588.44510,0.03250
2586.51631,0.03247
2584.58751,0.03228
2582.65871,0.03214
2580.72992,0.03176
2578.80112,0.03155
2576.87232,0.03195
2574.94353,0.03244
2573.01473,0.03239
2571.08593,0.03206
2569.15714,0.03192
2567.22834,0.03202
2565.29954,0.03211
2563.37075,0.03198
2561.44195,0.03171
2559.51315,0.03155
2557.58436,0.03159
2555.65556,0.03174
2553.72676,0.03154
2551.79797,0.03104
2549.86917,0.03098
2547.94037,0.03145
2546.01158,0.03177
2544.08278,0.03164
2542.15398,0.03132
2540.22519,0.03101
2538.29639,0.03091
2536.36759,0.03116
2534.43880,0.03142
2532.51000,0.03148
2530.58120,0.03161
2528.65241,0.03180
2526.72361,0.03173
2524.79481,0.03144
2522.86602,0.03113
2520.93722,0.03089
2519.00842,0.03062
2517.07963,0.03045
2515.15083,0.03066
2513.22203,0.03095
2511.29324,0.03083
2509.36444,0.03047
2507.43564,0.03035
2505.50685,0.03055
2503.57805,0.03081
2501.64925,0.03096
2499.72046,0.03087
2497.79166,0.03048
2495.86286,0.03005
2493.93407,0.02999
2492.00527,0.03001
2490.07647,0.02969
2488.14768,0.02959
2486.21888,0.03011
2484.29008,0.03071
2482.36129,0.03090
2480.43249,0.03091
2478.50369,0.03122
2476.57490,0.03167
2474.64610,0.03162
2472.71730,0.03103
2470.78851,0.03048
2468.85971,0.03041
2466.93091,0.03074
2465.00212,0.03098
2463.07332,0.03073
2461.14452,0.03022
2459.21573,0.02998
2457.28693,0.02997
2455.35813,0.02981
2453.42934,0.02956
2451.50054,0.02954
2449.57174,0.02954
2447.64295,0.02917
2445.71415,0.02876
2443.78535,0.02876
2441.85656,0.02902
2439.92776,0.02932
2437.99896,0.02947
2436.07017,0.02937
2434.14137,0.02930
2432.21257,0.02934
2430.28378,0.02935
2428.35498,0.02930
2426.42618,0.02922
2424.49739,0.02931
2422.56859,0.02940
2420.63979,0.02905
2418.71100,0.02832
2416.78220,0.02771
2414.85340,0.02740
2412.92461,0.02725
2410.99581,0.02723
2409.06701,0.02731
2407.13822,0.02726
2405.20942,0.02701
2403.28062,0.02679
2401.35183,0.02655
2399.42303,0.02604
2397.49423,0.02561
2395.56544,0.02570
2393.63664,0.02611
2391.70784,0.02661
2389.77905,0.02761
2387.85025,0.02998
2385.92145,0.03464
2383.99266,0.04250
2382.06386,0.05391
2380.13506,0.06820
2378.20627,0.08407
2376.27747,0.10044
2374.34867,0.11710
2372.41988,0.13435
2370.49108,0.15180
2368.56228,0.16834
2366.63349,0.18299
2364.70469,0.19489
2362.77589,0.20327
2360.84710,0.20740
2358.91830,0.20566
2356.98951,0.19660
2355.06071,0.18073
2353.13191,0.15963
2351.20312,0.13825
2349.27432,0.12677
2347.34552,0.13148
2345.41673,0.14661
2343.48793,0.15706
2341.55913,0.15812
2339.63034,0.15569
2337.70154,0.15260
2335.77274,0.14974
2333.84395,0.14868
2331.91515,0.14896
2329.98635,0.14688
2328.05756,0.14149
2326.12876,0.13620
2324.19996,0.13264
2322.27117,0.12812
2320.34237,0.11973
2318.41357,0.10899
2316.48478,0.09992
2314.55598,0.09430
2312.62718,0.09033
2310.69839,0.08552
2308.76959,0.07921
2306.84079,0.07184
2304.91200,0.06460
2302.98320,0.05900
2301.05440,0.05504
2299.12561,0.05145
2297.19681,0.04796
2295.26801,0.04504
2293.33922,0.04247
2291.41042,0.03995
2289.48162,0.03757
2287.55283,0.03536
2285.62403,0.03351
2283.69523,0.03252
2281.76644,0.03248
2279.83764,0.03312
2277.90884,0.03408
2275.98005,0.03493
2274.05125,0.03533
2272.12245,0.03530
2270.19366,0.03539
2268.26486,0.03589
2266.33606,0.03631
2264.40727,0.03660
2262.47847,0.03689
2260.54967,0.03695
2258.62088,0.03709
2256.69208,0.03737
2254.76328,0.03693
2252.83449,0.03575
2250.90569,0.03511
2248.97689,0.03542
2247.04810,0.03563
2245.11930,0.03565
2243.19050,0.03646
2241.26171,0.03773
2239.33291,0.03831
2237.40411,0.03833
2235.47532,0.03828
2233.54652,0.03766
2231.61772,0.03684
2229.68893,0.03729
2227.76013,0.03845
2225.83133,0.03888
2223.90254,0.03879
2221.97374,0.03905
2220.04494,0.03985
2218.11615,0.04067
2216.18735,0.04124
2214.25855,0.04143
2212.32976,0.04111
2210.40096,0.04125
2208.47216,0.04205
2206.54337,0.04182
2204.61457,0.04059
2202.68577,0.04060
2200.75698,0.04187
2198.82818,0.04237
2196.89938,0.04144
2194.97059,0.04045
2193.04179,0.04103
2191.11299,0.04240
2189.18420,0.04335
2187.25540,0.04471
2185.32660,0.04595
2183.39781,0.04606
2181.46901,0.04703
2179.54021,0.04968
2177.61142,0.05131
2175.68262,0.05110
2173.75382,0.05068
2171.82503,0.05084
2169.89623,0.05101
2167.96743,0.05062
2166.03864,0.05083
2164.10984,0.05209
2162.18104,0.05297
2160.25225,0.05456
2158.32345,0.05764
2156.39465,0.05785
2154.46586,0.05462
2152.53706,0.05150
2150.60826,0.04818
2148.67947,0.04411
2146.75067,0.04120
2144.82187,0.03969
2142.89308,0.03833
2140.96428,0.03652
2139.03548,0.03483
2137.10669,0.03392
2135.17789,0.03305
2133.24909,0.03133
2131.32030,0.02931
2129.39150,0.02783
2127.46270,0.02712
2125.53391,0.02699
2123.60511,0.02694
2121.67631,0.02645
2119.74752,0.02555
2117.81872,0.02490
2115.88992,0.02484
2113.96113,0.02495
2112.03233,0.02487
2110.10353,0.02470
2108.17474,0.02471
2106.24594,0.02498
2104.31714,0.02539
2102.38835,0.02571
2100.45955,0.02549
2098.53075,0.02490
2096.60196,0.02462
2094.67316,0.02467
2092.74436,0.02458
2090.81557,0.02437
2088.88677,0.02436
2086.95797,0.02480
2085.02918,0.02559
2083.10038,0.02629
2081.17158,0.02673
2079.24279,0.02676
2077.31399,0.02626
2075.38519,0.02576
2073.45640,0.02581
2071.52760,0.02630
2069.59880,0.02702
2067.67001,0.02769
2065.74121,0.02788
2063.81241,0.02787
2061.88362,0.02803
2059.95482,0.02785
2058.02602,0.02747
2056.09723,0.02789
2054.16843,0.02920
2052.23963,0.03037
2050.31084,0.03121
2048.38204,0.03252
2046.45324,0.03405
2044.52445,0.03516
2042.59565,0.03632
2040.66685,0.03768
2038.73806,0.03832
2036.80926,0.03808
2034.88046,0.03847
2032.95167,0.04037
2031.02287,0.04150
2029.09407,0.04023
2027.16528,0.03845
2025.23648,0.03713
2023.30768,0.03610
2021.37889,0.03589
2019.45009,0.03633
2017.52129,0.03705
2015.59250,0.03732
2013.66370,0.03650
2011.73490,0.03568
2009.80611,0.03597
2007.87731,0.03540
2005.94851,0.03271
2004.01972,0.03079
2002.09092,0.03094
2000.16212,0.03124
1998.23333,0.03049
1996.30453,0.02929
1994.37574,0.02859
1992.44694,0.02860
1990.51814,0.02849
1988.58935,0.02793
1986.66055,0.02783
1984.73175,0.02860
1982.80296,0.03026
1980.87416,0.03204
1978.94536,0.03214
1977.01657,0.03096
1975.08777,0.03038
1973.15897,0.02996
1971.23018,0.02895
1969.30138,0.02821
1967.37258,0.02858
1965.44379,0.02922
1963.51499,0.02879
1961.58619,0.02754
1959.65740,0.02625
1957.72860,0.02493
1955.79980,0.02405
1953.87101,0.02420
1951.94221,0.02443
1950.01341,0.02351
1948.08462,0.02215
1946.15582,0.02191
1944.22702,0.02266
1942.29823,0.02278
1940.36943,0.02167
1938.44063,0.02038
1936.51184,0.01992
1934.58304,0.02042
1932.65424,0.02111
1930.72545,0.02117
1928.79665,0.02072
1926.86785,0.02042
1924.93906,0.02049
1923.01026,0.02054
1921.08146,0.02055
1919.15267,0.02066
1917.22387,0.02055
1915.29507,0.02020
1913.36628,0.02003
1911.43748,0.01992
1909.50868,0.01961
1907.57989,0.01927
1905.65109,0.01907
1903.72229,0.01898
1901.79350,0.01885
1899.86470,0.01847
1897.93590,0.01812
1896.00711,0.01822
1894.07831,0.01851
1892.14951,0.01868
1890.22072,0.01879
1888.29192,0.01876
1886.36312,0.01862
1884.43433,0.01870
1882.50553,0.01901
1880.57673,0.01914
1878.64794,0.01895
1876.71914,0.01878
1874.79034,0.01885
1872.86155,0.01922
1870.93275,0.01975
1869.00395,0.01990
1867.07516,0.01941
1865.14636,0.01883
1863.21756,0.01851
1861.28877,0.01831
1859.35997,0.01808
1857.43117,0.01772
1855.50238,0.01740
1853.57358,0.01740
1851.64478,0.01762
1849.71599,0.01793
1847.78719,0.01830
1845.85839,0.01863
1843.92960,0.01860
1842.00080,0.01827
1840.07200,0.01810
1838.14321,0.01816
1836.21441,0.01825
1834.28561,0.01836
1832.35682,0.01867
1830.42802,0.01898
1828.49922,0.01908
1826.57043,0.01914
1824.64163,0.01895
1822.71283,0.01847
1820.78404,0.01806
1818.85524,0.01795
1816.92644,0.01800
1814.99765,0.01805
1813.06885,0.01811
1811.14005,0.01808
1809.21126,0.01779
1807.28246,0.01740
1805.35366,0.01733
1803.42487,0.01769
1801.49607,0.01795
1799.56727,0.01781
1797.63848,0.01771
1795.70968,0.01796
1793.78088,0.01836
1791.85209,0.01847
1789.92329,0.01811
1787.99449,0.01793
1786.06570,0.01814
1784.13690,0.01834
1782.20810,0.01844
1780.27931,0.01846
1778.35051,0.01839
1776.42171,0.01839
1774.49292,0.01853
1772.56412,0.01860
1770.63532,0.01864
1768.70653,0.01861
1766.77773,0.01822
1764.84893,0.01788
1762.92014,0.01789
1760.99134,0.01787
1759.06254,0.01776
1757.13375,0.01764
1755.20495,0.01753
1753.27615,0.01784
1751.34736,0.01846
1749.41856,0.01850
1747.48976,0.01807
1745.56097,0.01781
1743.63217,0.01767
1741.70337,0.01740
1739.77458,0.01711
1737.84578,0.01728
1735.91698,0.01796
1733.98819,0.01856
1732.05939,0.01845
1730.13059,0.01801
1728.20180,0.01765
1726.27300,0.01753
1724.34420,0.01774
1722.41541,0.01812
1720.48661,0.01892
1718.55781,0.02020
1716.62902,0.02117
1714.70022,0.02151
1712.77142,0.02185
1710.84263,0.02279
1708.91383,0.02447
1706.98503,0.02703
1705.05624,0.03031
1703.12744,0.03393
1701.19864,0.03872
1699.26985,0.04474
1697.34105,0.05114
1695.41225,0.05888
1693.48346,0.06728
1691.55466,0.07630
1689.62586,0.08727
1687.69707,0.09897
1685.76827,0.11233
1683.83947,0.12971
1681.91068,0.14560
1679.98188,0.15843
1678.05308,0.17125
1676.12429,0.18543
1674.19549,0.20003
1672.26669,0.21240
1670.33790,0.22364
1668.40910,0.23416
1666.48030,0.24175
1664.55151,0.24741
1662.62271,0.25218
1660.69391,0.25532
1658.76512,0.25707
1656.83632,0.25844
1654.90752,0.25977
1652.97873,0.26035
1651.04993,0.26083
1649.12113,0.26293
1647.19234,0.26742
1645.26354,0.27404
1643.33474,0.28199
1641.40595,0.29207
1639.47715,0.30447
1637.54835,0.31994
1635.61956,0.34058
1633.69076,0.36143
1631.76197,0.37840
1629.83317,0.39466
1627.90437,0.41056
1625.97558,0.42353
1624.04678,0.43286
1622.11798,0.43829
1620.18919,0.43985
1618.26039,0.43885
1616.33159,0.43599
1614.40280,0.43314
1612.47400,0.43197
1610.54520,0.43283
1608.61641,0.43624
1606.68761,0.44226
1604.75881,0.45049
1602.83002,0.46014
1600.90122,0.47017
1598.97242,0.47934
1597.04363,0.48635
1595.11483,0.49021
1593.18603,0.49014
1591.25724,0.48580
1589.32844,0.47701
1587.39964,0.46407
1585.47085,0.44777
1583.54205,0.42883
1581.61325,0.40840
1579.68446,0.38822
1577.75566,0.36671
1575.82686,0.34150
1573.89807,0.31927
1571.96927,0.30152
1570.04047,0.28257
1568.11168,0.26357
1566.18288,0.24756
1564.25408,0.23375
1562.32529,0.22256
1560.39649,0.21132
1558.46769,0.19604
1556.53890,0.18340
1554.61010,0.17450
1552.68130,0.16637
1550.75251,0.15891
1548.82371,0.15201
1546.89491,0.14627
1544.96612,0.14153
1543.03732,0.13686
1541.10852,0.13154
1539.17973,0.12573
1537.25093,0.12167
1535.32213,0.11909
1533.39334,0.11627
1531.46454,0.11314
1529.53574,0.11074
1527.60695,0.10879
1525.67815,0.10665
1523.74935,0.10461
1521.82056,0.10269
1519.89176,0.10068
1517.96296,0.09885
1516.03417,0.09716
1514.10537,0.09572
1512.17657,0.09509
1510.24778,0.09539
1508.31898,0.09584
1506.39018,0.09511
1504.46139,0.09419
1502.53259,0.09476
1500.60379,0.09663
1498.67500,0.09949
1496.74620,0.10316
1494.81740,0.10732
1492.88861,0.11238
1490.95981,0.11947
1489.03101,0.12818
1487.10222,0.13697
1485.17342,0.14620
1483.24462,0.15683
1481.31583,0.16900
1479.38703,0.18197
1477.45823,0.19548
1475.52944,0.20964
1473.60064,0.22424
1471.67184,0.23797
1469.74305,0.24849
1467.81425,0.25667
1465.88545,0.26399
1463.95666,0.26925
1462.02786,0.27157
1460.09906,0.27184
1458.17027,0.26913
1456.24147,0.26120
1454.31267,0.25097
1452.38388,0.24054
1450.45508,0.22909
1448.52628,0.21619
1446.59749,0.20227
1444.66869,0.18892
1442.73989,0.17656
1440.81110,0.16544
1438.88230,0.15568
1436.95350,0.14538
1435.02471,0.13492
1433.09591,0.12657
1431.16711,0.11946
1429.23832,0.11264
1427.30952,0.10673
1425.38072,0.10182
1423.45193,0.09748
1421.52313,0.09388
1419.59433,0.09063
1417.66554,0.08687
1415.73674,0.08312
1413.80794,0.07999
1411.87915,0.07739
1409.95035,0.07507
1408.02155,0.07307
1406.09276,0.07133
1404.16396,0.06949
1402.23516,0.06783
1400.30637,0.06676
1398.37757,0.06596
1396.44877,0.06498
1394.51998,0.06357
1392.59118,0.06197
1390.66238,0.06092
1388.73359,0.06043
1386.80479,0.05967
1384.87599,0.05847
1382.94720,0.05749
1381.01840,0.05688
1379.08960,0.05639
1377.16081,0.05602
1375.23201,0.05572
1373.30321,0.05511
1371.37442,0.05423
1369.44562,0.05351
1367.51682,0.05299
1365.58803,0.05279
1363.65923,0.05289
1361.73043,0.05254
1359.80164,0.05161
1357.87284,0.05081
1355.94404,0.05037
1354.01525,0.05002
1352.08645,0.04968
1350.15765,0.04941
1348.22886,0.04921
1346.30006,0.04906
1344.37126,0.04908
1342.44247,0.04949
1340.51367,0.05014
1338.58487,0.05037
1336.65608,0.04997
1334.72728,0.04951
1332.79848,0.04929
1330.86969,0.04919
1328.94089,0.04904
1327.01209,0.04879
1325.08330,0.04851
1323.15450,0.04825
1321.22570,0.04809
1319.29691,0.04798
1317.36811,0.04775
1315.43931,0.04744
1313.51052,0.04713
1311.58172,0.04678
1309.65292,0.04645
1307.72413,0.04622
1305.79533,0.04603
1303.86653,0.04592
1301.93774,0.04588
1300.00894,0.04589
1298.08014,0.04595
1296.15135,0.04601
1294.22255,0.04605
1292.29375,0.04613
1290.36496,0.04628
1288.43616,0.04641
1286.50736,0.04647
1284.57857,0.04651
1282.64977,0.04654
1280.72097,0.04654
1278.79218,0.04649
1276.86338,0.04646
1274.93458,0.04648
1273.00579,0.04654
1271.07699,0.04657
1269.14820,0.04652
1267.21940,0.04643
1265.29060,0.04632
1263.36181,0.04623
1261.43301,0.04616
1259.50421,0.04610
1257.57542,0.04606
1255.64662,0.04605
1253.71782,0.04611
1251.78903,0.04625
1249.86023,0.04644
1247.93143,0.04665
1246.00264,0.04689
1244.07384,0.04712
1242.14504,0.04732
1240.21625,0.04753
1238.28745,0.04776
1236.35865,0.04800
1234.42986,0.04823
1232.50106,0.04845
1230.57226,0.04867
1228.64347,0.04888
1226.71467,0.04908
1224.78587,0.04928
1222.85708,0.04949
1220.92828,0.04974
1218.99948,0.05004
1217.07069,0.05039
1215.14189,0.05076
1213.21309,0.05118
1211.28430,0.05162
1209.35550,0.05209
1207.42670,0.05267
1205.49791,0.05338
1203.56911,0.05422
1201.64031,0.05520
1199.71152,0.05632
1197.78272,0.05760
1195.85392,0.05906
1193.92513,0.06071
1191.99633,0.06261
1190.06753,0.06473
1188.13874,0.06707
1186.20994,0.06967
1184.28114,0.07254
1182.35235,0.07572
1180.42355,0.07932
1178.49475,0.08334
1176.56596,0.08764
1174.63716,0.09220
1172.70836,0.09700
1170.77957,0.10197
1168.85077,0.10695
1166.92197,0.11175
1164.99318,0.11619
1163.06438,0.12007
1161.13558,0.12309
1159.20679,0.12502
1157.27799,0.12571
1155.34919,0.12511
1153.42040,0.12329
1151.49160,0.12040
1149.56280,0.11661
1147.63401,0.11219
1145.70521,0.10739
1143.77641,0.10246
1141.84762,0.09760
1139.91882,0.09295
1137.99002,0.08859
1136.06123,0.08457
1134.13243,0.08091
1132.20363,0.07761
1130.27484,0.07466
1128.34604,0.07203
1126.41724,0.06970
1124.48845,0.06763
1122.55965,0.06579
1120.63085,0.06414
1118.70206,0.06266
1116.77326,0.06134
1114.84446,0.06019
1112.91567,0.05922
1110.98687,0.05837
1109.05807,0.05760
1107.12928,0.05696
1105.20048,0.05645
1103.27168,0.05604
1101.34289,0.05573
1099.41409,0.05553
1097.48529,0.05544
1095.55650,0.05549
1093.62770,0.05567
1091.69890,0.05595
1089.77011,0.05631
1087.84131,0.05675
1085.91251,0.05725
1083.98372,0.05777
1082.05492,0.05830
1080.12612,0.05883
1078.19733,0.05937
1076.26853,0.05989
1074.33973,0.06039
1072.41094,0.06084
1070.48214,0.06120
1068.55334,0.06144
1066.62455,0.06156
1064.69575,0.06154
1062.76695,0.06137
1060.83816,0.06106
1058.90936,0.06062
1056.98056,0.06008
1055.05177,0.05945
1053.12297,0.05878
1051.19417,0.05812
1049.26538,0.05748
1047.33658,0.05689
1045.40778,0.05636
1043.47899,0.05585
1041.55019,0.05533
1039.62139,0.05480
1037.69260,0.05429
1035.76380,0.05380
1033.83500,0.05332
1031.90621,0.05282
1029.97741,0.05229
1028.04861,0.05176
1026.11982,0.05124
1024.19102,0.05076
1022.26222,0.05032
1020.33343,0.04994
1018.40463,0.04962
1016.47583,0.04938
1014.54704,0.04920
1012.61824,0.04899
1010.68944,0.04871
1008.76065,0.04828
1006.83185,0.04773
1004.90305,0.04709
1002.97426,0.04643
1001.04546,0.04581
999.11666,0.04528
997.18787,0.04489
995.25907,0.04464
993.33027,0.04446
991.40148,0.04427
989.47268,0.04405
987.54388,0.04383
985.61509,0.04357
983.68629,0.04326
981.75749,0.04289
979.82870,0.04249
977.89990,0.04206
975.97110,0.04157
974.04231,0.04108
972.11351,0.04062
970.18471,0.04014
968.25592,0.03964
966.32712,0.03916
964.39832,0.03869
962.46953,0.03822
960.54073,0.03774
958.61193,0.03727
956.68314,0.03681
954.75434,0.03637
952.82554,0.03600
950.89675,0.03567
948.96795,0.03535
947.03915,0.03502
945.11036,0.03474
943.18156,0.03449
941.25276,0.03422
939.32397,0.03393
937.39517,0.03362
935.46637,0.03329
933.53758,0.03292
931.60878,0.03251
929.67998,0.03204
927.75119,0.03154
925.82239,0.03103
923.89359,0.03048
921.96480,0.02989
920.03600,0.02931
918.10720,0.02878
916.17841,0.02824
914.24961,0.02768
912.32081,0.02712
910.39202,0.02658
908.46322,0.02611
906.53443,0.02568
904.60563,0.02528
902.67683,0.02493
900.74804,0.02462
898.81924,0.02430
896.89044,0.02396
894.96165,0.02362
893.03285,0.02326
891.10405,0.02290
889.17526,0.02257
887.24646,0.02223
885.31766,0.02183
883.38887,0.02139
881.46007,0.02093
879.53127,0.02046
877.60248,0.01996
875.67368,0.01947
873.74488,0.01902
871.81609,0.01858
869.88729,0.01813
867.95849,0.01766
866.02970,0.01716
864.10090,0.01666
862.17210,0.01616
860.24331,0.01567
858.31451,0.01526
856.38571,0.01495
854.45692,0.01473
852.52812,0.01459
850.59932,0.01445
848.67053,0.01428
846.74173,0.01412
844.81293,0.01406
842.88414,0.01405
840.95534,0.01401
839.02654,0.01394
837.09775,0.01385
835.16895,0.01370
833.24015,0.01355
831.31136,0.01344
829.38256,0.01337
827.45376,0.01331
825.52497,0.01324
823.59617,0.01316
821.66737,0.01312
819.73858,0.01310
817.80978,0.01308
815.88098,0.01313
813.95219,0.01331
812.02339,0.01353
810.09459,0.01373
808.16580,0.01399
806.23700,0.01439
804.30820,0.01488
802.37941,0.01543
800.45061,0.01610
798.52181,0.01704
796.59302,0.01832
794.66422,0.01979
792.73542,0.02112
790.80663,0.02221
788.87783,0.02319
786.94903,0.02405
785.02024,0.02461
783.09144,0.02457
781.16264,0.02385
779.23385,0.02275
777.30505,0.02161
775.37625,0.02037
773.44746,0.01903
771.51866,0.01790
769.58986,0.01709
767.66107,0.01646
765.73227,0.01607
763.80347,0.01568
761.87468,0.01512
759.94588,0.01469
758.01708,0.01463
756.08829,0.01465
754.15949,0.01458
752.23069,0.01458
750.30190,0.01459
748.37310,0.01442
