3496.90832,0.04514
3494.97953,0.04646
3493.05073,0.04683
3491.12193,0.04495
3489.19314,0.04393
3487.26434,0.04450
3485.33554,0.04371
3483.40675,0.04627
3481.47795,0.05286
3479.54915,0.05691
3477.62036,0.05923
3475.69156,0.06058
3473.76276,0.05847
3471.83397,0.05490
3469.90517,0.05216
3467.97637,0.05103
3466.04758,0.05104
3464.11878,0.04905
3462.18998,0.04415
3460.26119,0.03970
3458.33239,0.03748
3456.40359,0.03562
3454.47480,0.03570
3452.54600,0.03959
3450.61721,0.04273
3448.68841,0.04389
3446.75961,0.04857
3444.83082,0.05489
3442.90202,0.05394
3440.97322,0.04465
3439.04443,0.03399
3437.11563,0.02719
3435.18683,0.02518
3433.25804,0.02589
3431.32924,0.02639
3429.40044,0.02805
3427.47165,0.03140
3425.54285,0.03330
3423.61405,0.03535
3421.68526,0.03899
3419.75646,0.03997
3417.82766,0.03934
3415.89887,0.03874
3413.97007,0.03396
3412.04127,0.02787
3410.11248,0.02689
3408.18368,0.02759
3406.25488,0.02574
3404.32609,0.02277
3402.39729,0.02267
3400.46849,0.02844
3398.53970,0.03211
3396.61090,0.02207
3394.68210,0.00899
3392.75331,0.01124
3390.82451,0.02203
3388.89571,0.02744
3386.96692,0.02599
3385.03812,0.01938
3383.10932,0.01356
3381.18053,0.01708
3379.25173,0.02764
3377.32293,0.03620
3375.39414,0.03964
3373.46534,0.04189
3371.53654,0.04416
3369.60775,0.04622
3367.67895,0.05085
3365.75015,0.05526
3363.82136,0.05390
3361.89256,0.04940
3359.96376,0.04463
3358.03497,0.03852
3356.10617,0.03703
3354.17737,0.04485
3352.24858,0.05533
3350.31978,0.06350
3348.39098,0.06761
3346.46219,0.06274
3344.53339,0.05370
3342.60459,0.04833
3340.67580,0.04336
3338.74700,0.03813
3336.81820,0.03430
3334.88941,0.02915
3332.96061,0.02578
3331.03181,0.02940
3329.10302,0.03845
3327.17422,0.04578
3325.24542,0.04587
3323.31663,0.03936
3321.38783,0.03314
3319.45903,0.03417
3317.53024,0.03716
3315.60144,0.03493
3313.67264,0.03160
3311.74385,0.02898
3309.81505,0.02814
3307.88625,0.03479
3305.95746,0.04187
3304.02866,0.03874
3302.09986,0.02804
3300.17107,0.01923
3298.24227,0.01750
3296.31347,0.01867
3294.38468,0.01735
3292.45588,0.01483
3290.52708,0.01562
3288.59829,0.01818
3286.66949,0.01721
3284.74069,0.01728
3282.81190,0.02151
3280.88310,0.02304
3278.95430,0.02446
3277.02551,0.03082
3275.09671,0.03553
3273.16791,0.03585
3271.23912,0.03626
3269.31032,0.03536
3267.38152,0.03031
3265.45273,0.02288
3263.52393,0.01677
3261.59513,0.01717
3259.66634,0.02354
3257.73754,0.02944
3255.80874,0.03298
3253.87995,0.03147
3251.95115,0.02208
3250.02235,0.01456
3248.09356,0.01597
3246.16476,0.01997
3244.23596,0.02358
3242.30717,0.02464
3240.37837,0.02086
3238.44957,0.02171
3236.52078,0.02952
3234.59198,0.03340
3232.66318,0.03060
3230.73439,0.02690
3228.80559,0.02380
3226.87679,0.01791
3224.94800,0.01096
3223.01920,0.01133
3221.09040,0.02078
3219.16161,0.03175
3217.23281,0.03778
3215.30401,0.03741
3213.37522,0.03533
3211.44642,0.03961
3209.51762,0.04834
3207.58883,0.05009
3205.66003,0.04549
3203.73123,0.04375
3201.80244,0.04231
3199.87364,0.03831
3197.94484,0.03707
3196.01605,0.03769
3194.08725,0.03584
3192.15845,0.03288
3190.22966,0.03311
3188.30086,0.03642
3186.37206,0.03757
3184.44327,0.03574
3182.51447,0.03460
3180.58567,0.03514
3178.65688,0.03555
3176.72808,0.03405
3174.79928,0.03084
3172.87049,0.02666
3170.94169,0.02203
3169.01289,0.01866
3167.08410,0.01837
3165.15530,0.02066
3163.22650,0.02393
3161.29771,0.02737
3159.36891,0.02871
3157.44011,0.02713
3155.51132,0.02599
3153.58252,0.02691
3151.65372,0.02795
3149.72493,0.02705
3147.79613,0.02462
3145.86733,0.02299
3143.93854,0.02260
3142.00974,0.02264
3140.08094,0.02239
3138.15215,0.02107
3136.22335,0.01978
3134.29455,0.02053
3132.36576,0.02304
3130.43696,0.02484
3128.50816,0.02365
3126.57937,0.02060
3124.65057,0.01899
3122.72177,0.02012
3120.79298,0.02226
3118.86418,0.02295
3116.93538,0.02166
3115.00659,0.01976
3113.07779,0.01847
3111.14899,0.01838
3109.22020,0.01964
3107.29140,0.02171
3105.36260,0.02285
3103.43381,0.02210
3101.50501,0.02106
3099.57621,0.02044
3097.64742,0.01899
3095.71862,0.01726
3093.78982,0.01700
3091.86103,0.01735
3089.93223,0.01717
3088.00344,0.01752
3086.07464,0.01892
3084.14584,0.02052
3082.21705,0.02085
3080.28825,0.01934
3078.35945,0.01794
3076.43066,0.01781
3074.50186,0.01767
3072.57306,0.01740
3070.64427,0.01827
3068.71547,0.01907
3066.78667,0.01838
3064.85788,0.01816
3062.92908,0.01944
3061.00028,0.02028
3059.07149,0.01964
3057.14269,0.01887
3055.21389,0.01959
3053.28510,0.02087
3051.35630,0.02091
3049.42750,0.01973
3047.49871,0.01830
3045.56991,0.01740
3043.64111,0.01762
3041.71232,0.01890
3039.78352,0.01983
3037.85472,0.01988
3035.92593,0.02024
3033.99713,0.02109
3032.06833,0.02209
3030.13954,0.02301
3028.21074,0.02334
3026.28194,0.02297
3024.35315,0.02228
3022.42435,0.02192
3020.49555,0.02188
3018.56676,0.02202
3016.63796,0.02251
3014.70916,0.02266
3012.78037,0.02229
3010.85157,0.02225
3008.92277,0.02253
3006.99398,0.02274
3005.06518,0.02298
3003.13638,0.02315
3001.20759,0.02322
2999.27879,0.02337
2997.34999,0.02329
2995.42120,0.02319
2993.49240,0.02339
2991.56360,0.02323
2989.63481,0.02289
2987.70601,0.02307
2985.77721,0.02335
2983.84842,0.02352
2981.91962,0.02396
2979.99082,0.02445
2978.06203,0.02473
2976.13323,0.02497
2974.20443,0.02514
2972.27564,0.02516
2970.34684,0.02507
2968.41804,0.02469
2966.48925,0.02414
2964.56045,0.02388
2962.63165,0.02410
2960.70286,0.02466
2958.77406,0.02528
2956.84526,0.02576
2954.91647,0.02582
2952.98767,0.02544
2951.05887,0.02517
2949.13008,0.02552
2947.20128,0.02621
2945.27248,0.02654
2943.34369,0.02621
2941.41489,0.02551
2939.48609,0.02500
2937.55730,0.02498
2935.62850,0.02524
2933.69970,0.02540
2931.77091,0.02541
2929.84211,0.02539
2927.91331,0.02538
2925.98452,0.02537
2924.05572,0.02544
2922.12692,0.02571
2920.19813,0.02598
2918.26933,0.02622
2916.34053,0.02661
2914.41174,0.02683
2912.48294,0.02661
2910.55414,0.02641
2908.62535,0.02648
2906.69655,0.02643
2904.76775,0.02635
2902.83896,0.02642
2900.91016,0.02634
2898.98136,0.02637
2897.05257,0.02676
2895.12377,0.02688
2893.19497,0.02674
2891.26618,0.02705
2889.33738,0.02751
2887.40858,0.02742
2885.47979,0.02709
2883.55099,0.02725
2881.62219,0.02784
2879.69340,0.02811
2877.76460,0.02801
2875.83580,0.02799
2873.90701,0.02814
2871.97821,0.02824
2870.04941,0.02822
2868.12062,0.02824
2866.19182,0.02843
2864.26302,0.02880
2862.33423,0.02907
2860.40543,0.02909
2858.47663,0.02915
2856.54784,0.02931
2854.61904,0.02942
2852.69024,0.02947
2850.76145,0.02941
2848.83265,0.02946
2846.90385,0.02976
2844.97506,0.03011
2843.04626,0.03040
2841.11746,0.03054
2839.18867,0.03068
2837.25987,0.03100
2835.33107,0.03127
2833.40228,0.03141
2831.47348,0.03161
2829.54468,0.03174
2827.61589,0.03158
2825.68709,0.03142
2823.75829,0.03150
2821.82950,0.03166
2819.90070,0.03171
2817.97190,0.03168
2816.04311,0.03161
2814.11431,0.03159
2812.18551,0.03171
2810.25672,0.03190
2808.32792,0.03186
2806.39912,0.03169
2804.47033,0.03165
2802.54153,0.03157
2800.61273,0.03139
2798.68394,0.03132
2796.75514,0.03135
2794.82634,0.03122
2792.89755,0.03082
2790.96875,0.03042
2789.03995,0.03030
2787.11116,0.03024
2785.18236,0.03000
2783.25356,0.02983
2781.32477,0.02982
2779.39597,0.02975
2777.46717,0.02958
2775.53838,0.02943
2773.60958,0.02932
2771.68078,0.02920
2769.75199,0.02914
2767.82319,0.02927
2765.89439,0.02951
2763.96560,0.02959
2762.03680,0.02942
2760.10800,0.02925
2758.17921,0.02912
2756.25041,0.02899
2754.32161,0.02874
2752.39282,0.02838
2750.46402,0.02833
2748.53522,0.02866
2746.60643,0.02890
2744.67763,0.02884
2742.74883,0.02871
2740.82004,0.02872
2738.89124,0.02877
2736.96244,0.02882
2735.03365,0.02898
2733.10485,0.02910
2731.17605,0.02907
2729.24726,0.02904
2727.31846,0.02914
2725.38967,0.02922
2723.46087,0.02910
2721.53207,0.02899
2719.60328,0.02912
2717.67448,0.02929
2715.74568,0.02938
2713.81689,0.02943
2711.88809,0.02931
2709.95929,0.02904
2708.03050,0.02884
2706.10170,0.02874
2704.17290,0.02868
2702.24411,0.02864
2700.31531,0.02869
2698.38651,0.02884
2696.45772,0.02879
2694.52892,0.02855
2692.60012,0.02856
2690.67133,0.02879
2688.74253,0.02889
2686.81373,0.02891
2684.88494,0.02898
2682.95614,0.02908
2681.02734,0.02911
2679.09855,0.02909
2677.16975,0.02905
2675.24095,0.02897
2673.31216,0.02888
2671.38336,0.02886
2669.45456,0.02890
2667.52577,0.02902
2665.59697,0.02909
2663.66817,0.02898
2661.73938,0.02878
2659.81058,0.02870
2657.88178,0.02872
2655.95299,0.02869
2654.02419,0.02863
2652.09539,0.02872
2650.16660,0.02881
2648.23780,0.02882
2646.30900,0.02900
2644.38021,0.02930
2642.45141,0.02943
2640.52261,0.02934
2638.59382,0.02922
2636.66502,0.02923
2634.73622,0.02936
2632.80743,0.02956
2630.87863,0.02969
2628.94983,0.02968
2627.02104,0.02971
2625.09224,0.02997
2623.16344,0.03030
2621.23465,0.03045
2619.30585,0.03041
2617.37705,0.03033
2615.44826,0.03038
2613.51946,0.03056
2611.59066,0.03075
2609.66187,0.03089
2607.73307,0.03088
2605.80427,0.03064
2603.87548,0.03031
2601.94668,0.03019
2600.01788,0.03039
2598.08909,0.03078
2596.16029,0.03106
2594.23149,0.03101
2592.30270,0.03102
2590.37390,0.03134
2588.44510,0.03144
2586.51631,0.03104
2584.58751,0.03072
2582.65871,0.03078
2580.72992,0.03083
2578.80112,0.03070
2576.87232,0.03069
2574.94353,0.03078
2573.01473,0.03076
2571.08593,0.03069
2569.15714,0.03062
2567.22834,0.03063
2565.29954,0.03083
2563.37075,0.03078
2561.44195,0.03021
2559.51315,0.02967
2557.58436,0.02971
2555.65556,0.03006
2553.72676,0.03019
2551.79797,0.03006
2549.86917,0.03027
2547.94037,0.03091
2546.01158,0.03131
2544.08278,0.03134
2542.15398,0.03124
2540.22519,0.03090
2538.29639,0.03037
2536.36759,0.03012
2534.43880,0.03024
2532.51000,0.03029
2530.58120,0.02993
2528.65241,0.02944
2526.72361,0.02926
2524.79481,0.02928
2522.86602,0.02922
2520.93722,0.02924
2519.00842,0.02948
2517.07963,0.02989
2515.15083,0.03043
2513.22203,0.03079
2511.29324,0.03057
2509.36444,0.02992
2507.43564,0.02944
2505.50685,0.02958
2503.57805,0.02997
2501.64925,0.03008
2499.72046,0.03010
2497.79166,0.03018
2495.86286,0.03018
2493.93407,0.03016
2492.00527,0.03003
2490.07647,0.02959
2488.14768,0.02905
2486.21888,0.02865
2484.29008,0.02865
2482.36129,0.02903
2480.43249,0.02927
2478.50369,0.02930
2476.57490,0.02941
2474.64610,0.02952
2472.71730,0.02944
2470.78851,0.02932
2468.85971,0.02932
2466.93091,0.02930
2465.00212,0.02927
2463.07332,0.02939
2461.14452,0.02945
2459.21573,0.02927
2457.28693,0.02902
2455.35813,0.02867
2453.42934,0.02840
2451.50054,0.02857
2449.57174,0.02876
2447.64295,0.02863
2445.71415,0.02854
2443.78535,0.02863
2441.85656,0.02859
2439.92776,0.02843
2437.99896,0.02841
2436.07017,0.02834
2434.14137,0.02807
2432.21257,0.02788
2430.28378,0.02780
2428.35498,0.02780
2426.42618,0.02803
2424.49739,0.02824
2422.56859,0.02805
2420.63979,0.02758
2418.71100,0.02704
2416.78220,0.02655
2414.85340,0.02624
2412.92461,0.02605
2410.99581,0.02606
2409.06701,0.02645
2407.13822,0.02684
2405.20942,0.02664
2403.28062,0.02611
2401.35183,0.02588
2399.42303,0.02569
2397.49423,0.02523
2395.56544,0.02488
2393.63664,0.02494
2391.70784,0.02537
2389.77905,0.02626
2387.85025,0.02848
2385.92145,0.03331
2383.99266,0.04147
2382.06386,0.05303
2380.13506,0.06762
2378.20627,0.08401
2376.27747,0.10093
2374.34867,0.11826
2372.41988,0.13613
2370.49108,0.15384
2368.56228,0.17064
2366.63349,0.18628
2364.70469,0.19949
2362.77589,0.20844
2360.84710,0.21234
2358.91830,0.21034
2356.98951,0.20094
2355.06071,0.18424
2353.13191,0.16240
2351.20312,0.14073
2349.27432,0.12923
2347.34552,0.13424
2345.41673,0.15000
2343.48793,0.16122
2341.55913,0.16287
2339.63034,0.16036
2337.70154,0.15656
2335.77274,0.15319
2333.84395,0.15192
2331.91515,0.15168
2329.98635,0.14903
2328.05756,0.14357
2326.12876,0.13851
2324.19996,0.13505
2322.27117,0.13052
2320.34237,0.12218
2318.41357,0.11124
2316.48478,0.10157
2314.55598,0.09539
2312.62718,0.09115
2310.69839,0.08600
2308.76959,0.07924
2306.84079,0.07184
2304.91200,0.06501
2302.98320,0.05959
2301.05440,0.05519
2299.12561,0.05100
2297.19681,0.04726
2295.26801,0.04441
2293.33922,0.04183
2291.41042,0.03895
2289.48162,0.03623
2287.55283,0.03415
2285.62403,0.03262
2283.69523,0.03164
2281.76644,0.03151
2279.83764,0.03225
2277.90884,0.03344
2275.98005,0.03424
2274.05125,0.03407
2272.12245,0.03364
2270.19366,0.03383
2268.26486,0.03450
2266.33606,0.03534
2264.40727,0.03590
2262.47847,0.03614
2260.54967,0.03665
2258.62088,0.03737
2256.69208,0.03790
2254.76328,0.03799
2252.83449,0.03718
2250.90569,0.03579
2248.97689,0.03490
2247.04810,0.03466
2245.11930,0.03502
2243.19050,0.03593
2241.26171,0.03641
2239.33291,0.03593
2237.40411,0.03527
2235.47532,0.03510
2233.54652,0.03504
2231.61772,0.03485
2229.68893,0.03518
2227.76013,0.03599
2225.83133,0.03686
2223.90254,0.03821
2221.97374,0.03992
2220.04494,0.04066
2218.11615,0.04036
2216.18735,0.04047
2214.25855,0.04143
2212.32976,0.04213
2210.40096,0.04222
2208.47216,0.04265
2206.54337,0.04294
2204.61457,0.04208
2202.68577,0.04100
2200.75698,0.04107
2198.82818,0.04255
2196.89938,0.04378
2194.97059,0.04349
2193.04179,0.04310
2191.11299,0.04365
2189.18420,0.04466
2187.25540,0.04559
2185.32660,0.04576
2183.39781,0.04578
2181.46901,0.04731
2179.54021,0.04949
2177.61142,0.05009
2175.68262,0.04904
2173.75382,0.04792
2171.82503,0.04825
2169.89623,0.05000
2167.96743,0.05172
2166.03864,0.05201
2164.10984,0.05179
2162.18104,0.05415
2160.25225,0.05859
2158.32345,0.06037
2156.39465,0.05863
2154.46586,0.05565
2152.53706,0.05167
2150.60826,0.04699
2148.67947,0.04310
2146.75067,0.04093
2144.82187,0.03958
2142.89308,0.03744
2140.96428,0.03457
2139.03548,0.03255
2137.10669,0.03181
2135.17789,0.03141
2133.24909,0.03060
2131.32030,0.02931
2129.39150,0.02759
2127.46270,0.02577
2125.53391,0.02470
2123.60511,0.02429
2121.67631,0.02384
2119.74752,0.02339
2117.81872,0.02335
2115.88992,0.02367
2113.96113,0.02388
2112.03233,0.02384
2110.10353,0.02389
2108.17474,0.02404
2106.24594,0.02403
2104.31714,0.02399
2102.38835,0.02421
2100.45955,0.02444
2098.53075,0.02444
2096.60196,0.02418
2094.67316,0.02350
2092.74436,0.02250
2090.81557,0.02175
2088.88677,0.02188
2086.95797,0.02282
2085.02918,0.02375
2083.10038,0.02434
2081.17158,0.02475
2079.24279,0.02474
2077.31399,0.02445
2075.38519,0.02443
2073.45640,0.02474
2071.52760,0.02526
2069.59880,0.02572
2067.67001,0.02589
2065.74121,0.02597
2063.81241,0.02619
2061.88362,0.02650
2059.95482,0.02668
2058.02602,0.02683
2056.09723,0.02765
2054.16843,0.02945
2052.23963,0.03076
2050.31084,0.03089
2048.38204,0.03157
2046.45324,0.03329
2044.52445,0.03488
2042.59565,0.03680
2040.66685,0.03900
2038.73806,0.03927
2036.80926,0.03750
2034.88046,0.03606
2032.95167,0.03571
2031.02287,0.03587
2029.09407,0.03629
2027.16528,0.03688
2025.23648,0.03690
2023.30768,0.03624
2021.37889,0.03500
2019.45009,0.03344
2017.52129,0.03340
2015.59250,0.03443
2013.66370,0.03431
2011.73490,0.03359
2009.80611,0.03367
2007.87731,0.03337
2005.94851,0.03126
2004.01972,0.02906
2002.09092,0.02860
2000.16212,0.02926
1998.23333,0.02984
1996.30453,0.02963
1994.37574,0.02912
1992.44694,0.02921
1990.51814,0.02932
1988.58935,0.02860
1986.66055,0.02801
1984.73175,0.02884
1982.80296,0.03054
1980.87416,0.03159
1978.94536,0.03150
1977.01657,0.03076
1975.08777,0.03012
1973.15897,0.02944
1971.23018,0.02765
1969.30138,0.02581
1967.37258,0.02603
1965.44379,0.02769
1963.51499,0.02825
1961.58619,0.02682
1959.65740,0.02474
1957.72860,0.02308
1955.79980,0.02201
1953.87101,0.02168
1951.94221,0.02197
1950.01341,0.02235
1948.08462,0.02208
1946.15582,0.02125
1944.22702,0.02054
1942.29823,0.02010
1940.36943,0.01985
1938.44063,0.01967
1936.51184,0.01944
1934.58304,0.01935
1932.65424,0.01932
1930.72545,0.01907
1928.79665,0.01872
1926.86785,0.01848
1924.93906,0.01838
1923.01026,0.01851
1921.08146,0.01888
1919.15267,0.01905
1917.22387,0.01878
1915.29507,0.01847
1913.36628,0.01828
1911.43748,0.01805
1909.50868,0.01794
1907.57989,0.01796
1905.65109,0.01784
1903.72229,0.01761
1901.79350,0.01737
1899.86470,0.01718
1897.93590,0.01718
1896.00711,0.01731
1894.07831,0.01727
1892.14951,0.01706
1890.22072,0.01695
1888.29192,0.01698
1886.36312,0.01701
1884.43433,0.01701
1882.50553,0.01709
1880.57673,0.01717
1878.64794,0.01706
1876.71914,0.01686
1874.79034,0.01680
1872.86155,0.01684
1870.93275,0.01683
1869.00395,0.01670
1867.07516,0.01653
1865.14636,0.01650
1863.21756,0.01662
1861.28877,0.01672
1859.35997,0.01671
1857.43117,0.01662
1855.50238,0.01652
1853.57358,0.01645
1851.64478,0.01640
1849.71599,0.01637
1847.78719,0.01624
1845.85839,0.01595
1843.92960,0.01576
1842.00080,0.01590
1840.07200,0.01615
1838.14321,0.01628
1836.21441,0.01629
1834.28561,0.01621
1832.35682,0.01602
1830.42802,0.01578
1828.49922,0.01581
1826.57043,0.01604
1824.64163,0.01609
1822.71283,0.01606
1820.78404,0.01605
1818.85524,0.01608
1816.92644,0.01617
1814.99765,0.01619
1813.06885,0.01606
1811.14005,0.01591
1809.21126,0.01585
1807.28246,0.01581
1805.35366,0.01582
1803.42487,0.01587
1801.49607,0.01583
1799.56727,0.01570
1797.63848,0.01565
1795.70968,0.01563
1793.78088,0.01550
1791.85209,0.01544
1789.92329,0.01561
1787.99449,0.01582
1786.06570,0.01594
1784.13690,0.01588
1782.20810,0.01576
1780.27931,0.01568
1778.35051,0.01566
1776.42171,0.01555
1774.49292,0.01510
1772.56412,0.01463
1770.63532,0.01483
1768.70653,0.01539
1766.77773,0.01560
1764.84893,0.01554
1762.92014,0.01540
1760.99134,0.01529
1759.06254,0.01533
1757.13375,0.01538
1755.20495,0.01543
1753.27615,0.01545
1751.34736,0.01526
1749.41856,0.01491
1747.48976,0.01479
1745.56097,0.01489
1743.63217,0.01485
1741.70337,0.01453
1739.77458,0.01422
1737.84578,0.01424
1735.91698,0.01421
1733.98819,0.01411
1732.05939,0.01440
1730.13059,0.01477
1728.20180,0.01502
1726.27300,0.01522
1724.34420,0.01545
1722.41541,0.01562
1720.48661,0.01567
1718.55781,0.01574
1716.62902,0.01633
1714.70022,0.01765
1712.77142,0.01915
1710.84263,0.02073
1708.91383,0.02238
1706.98503,0.02446
1705.05624,0.02732
1703.12744,0.03046
1701.19864,0.03436
1699.26985,0.03997
1697.34105,0.04680
1695.41225,0.05534
1693.48346,0.06476
1691.55466,0.07422
1689.62586,0.08494
1687.69707,0.09600
1685.76827,0.10814
1683.83947,0.12474
1681.91068,0.14153
1679.98188,0.15549
1678.05308,0.16862
1676.12429,0.18255
1674.19549,0.19704
1672.26669,0.20933
1670.33790,0.22030
1668.40910,0.23114
1666.48030,0.23955
1664.55151,0.24564
1662.62271,0.25059
1660.69391,0.25418
1658.76512,0.25625
1656.83632,0.25705
1654.90752,0.25679
1652.97873,0.25653
1651.04993,0.25795
1649.12113,0.26026
1647.19234,0.26435
1645.26354,0.27163
1643.33474,0.28060
1641.40595,0.29097
1639.47715,0.30293
1637.54835,0.31739
1635.61956,0.33742
1633.69076,0.35917
1631.76197,0.37721
1629.83317,0.39370
1627.90437,0.40951
1625.97558,0.42248
1624.04678,0.43169
1622.11798,0.43718
1620.18919,0.43893
1618.26039,0.43770
1616.33159,0.43473
1614.40280,0.43241
1612.47400,0.43172
1610.54520,0.43273
1608.61641,0.43624
1606.68761,0.44244
1604.75881,0.45083
1602.83002,0.46068
1600.90122,0.47092
1598.97242,0.48018
1597.04363,0.48725
1595.11483,0.49119
1593.18603,0.49113
1591.25724,0.48670
1589.32844,0.47782
1587.39964,0.46496
1585.47085,0.44873
1583.54205,0.42968
1581.61325,0.40901
1579.68446,0.38830
1577.75566,0.36591
1575.82686,0.34039
1573.89807,0.31866
1571.96927,0.30092
1570.04047,0.28154
1568.11168,0.26261
1566.18288,0.24692
1564.25408,0.23304
1562.32529,0.22089
1560.39649,0.20754
1558.46769,0.19122
1556.53890,0.18004
1554.61010,0.17246
1552.68130,0.16483
1550.75251,0.15743
1548.82371,0.15051
1546.89491,0.14437
1544.96612,0.13852
1543.03732,0.13240
1541.10852,0.12613
1539.17973,0.12102
1537.25093,0.11828
1535.32213,0.11596
1533.39334,0.11289
1531.46454,0.11005
1529.53574,0.10778
1527.60695,0.10533
1525.67815,0.10262
1523.74935,0.10004
1521.82056,0.09770
1519.89176,0.09588
1517.96296,0.09453
1516.03417,0.09344
1514.10537,0.09264
1512.17657,0.09200
1510.24778,0.09128
1508.31898,0.09030
1506.39018,0.08989
1504.46139,0.09114
1502.53259,0.09297
1500.60379,0.09477
1498.67500,0.09706
1496.74620,0.10069
1494.81740,0.10537
1492.88861,0.11043
1490.95981,0.11668
1489.03101,0.12491
1487.10222,0.13439
1485.17342,0.14453
1483.24462,0.15554
1481.31583,0.16775
1479.38703,0.18061
1477.45823,0.19366
1475.52944,0.20706
1473.60064,0.22116
1471.67184,0.23548
1469.74305,0.24718
1467.81425,0.25591
1465.88545,0.26308
1463.95666,0.26841
1462.02786,0.27089
1460.09906,0.27040
1458.17027,0.26629
1456.24147,0.25841
1454.31267,0.24959
1452.38388,0.24004
1450.45508,0.22865
1448.52628,0.21550
1446.59749,0.20161
1444.66869,0.18845
1442.73989,0.17604
1440.81110,0.16451
1438.88230,0.15388
1436.95350,0.14277
1435.02471,0.13247
1433.09591,0.12456
1431.16711,0.11746
1429.23832,0.11062
1427.30952,0.10483
1425.38072,0.09983
1423.45193,0.09526
1421.52313,0.09128
1419.59433,0.08752
1417.66554,0.08398
1415.73674,0.08113
1413.80794,0.07861
1411.87915,0.07620
1409.95035,0.07397
1408.02155,0.07192
1406.09276,0.06996
1404.16396,0.06808
1402.23516,0.06645
1400.30637,0.06503
1398.37757,0.06371
1396.44877,0.06248
1394.51998,0.06127
1392.59118,0.06018
1390.66238,0.05932
1388.73359,0.05847
1386.80479,0.05748
1384.87599,0.05653
1382.94720,0.05575
1381.01840,0.05511
1379.08960,0.05447
1377.16081,0.05386
1375.23201,0.05328
1373.30321,0.05272
1371.37442,0.05221
1369.44562,0.05175
1367.51682,0.05133
1365.58803,0.05101
1363.65923,0.05074
1361.73043,0.05036
1359.80164,0.04991
1357.87284,0.04953
1355.94404,0.04920
1354.01525,0.04888
1352.08645,0.04858
1350.15765,0.04832
1348.22886,0.04812
1346.30006,0.04794
1344.37126,0.04782
1342.44247,0.04778
1340.51367,0.04783
1338.58487,0.04783
1336.65608,0.04774
1334.72728,0.04765
1332.79848,0.04759
1330.86969,0.04751
1328.94089,0.04736
1327.01209,0.04714
1325.08330,0.04687
1323.15450,0.04660
1321.22570,0.04637
1319.29691,0.04616
1317.36811,0.04595
1315.43931,0.04574
1313.51052,0.04555
1311.58172,0.04538
1309.65292,0.04524
1307.72413,0.04511
1305.79533,0.04499
1303.86653,0.04491
1301.93774,0.04487
1300.00894,0.04482
1298.08014,0.04477
1296.15135,0.04476
1294.22255,0.04476
1292.29375,0.04476
1290.36496,0.04477
1288.43616,0.04477
1286.50736,0.04478
1284.57857,0.04479
1282.64977,0.04480
1280.72097,0.04481
1278.79218,0.04480
1276.86338,0.04481
1274.93458,0.04482
1273.00579,0.04485
1271.07699,0.04488
1269.14820,0.04491
1267.21940,0.04493
1265.29060,0.04494
1263.36181,0.04494
1261.43301,0.04494
1259.50421,0.04497
1257.57542,0.04501
1255.64662,0.04505
1253.71782,0.04512
1251.78903,0.04524
1249.86023,0.04537
1247.93143,0.04550
1246.00264,0.04563
1244.07384,0.04576
1242.14504,0.04589
1240.21625,0.04601
1238.28745,0.04616
1236.35865,0.04633
1234.42986,0.04649
1232.50106,0.04666
1230.57226,0.04687
1228.64347,0.04710
1226.71467,0.04732
1224.78587,0.04756
1222.85708,0.04786
1220.92828,0.04819
1218.99948,0.04855
1217.07069,0.04893
1215.14189,0.04936
1213.21309,0.04985
1211.28430,0.05039
1209.35550,0.05098
1207.42670,0.05163
1205.49791,0.05236
1203.56911,0.05320
1201.64031,0.05416
1199.71152,0.05526
1197.78272,0.05650
1195.85392,0.05789
1193.92513,0.05946
1191.99633,0.06125
1190.06753,0.06326
1188.13874,0.06551
1186.20994,0.06805
1184.28114,0.07091
1182.35235,0.07409
1180.42355,0.07770
1178.49475,0.08178
1176.56596,0.08617
1174.63716,0.09081
1172.70836,0.09569
1170.77957,0.10074
1168.85077,0.10581
1166.92197,0.11073
1164.99318,0.11528
1163.06438,0.11926
1161.13558,0.12240
1159.20679,0.12442
1157.27799,0.12517
1155.34919,0.12460
1153.42040,0.12279
1151.49160,0.11985
1149.56280,0.11599
1147.63401,0.11147
1145.70521,0.10656
1143.77641,0.10150
1141.84762,0.09648
1139.91882,0.09167
1137.99002,0.08718
1136.06123,0.08307
1134.13243,0.07934
1132.20363,0.07599
1130.27484,0.07301
1128.34604,0.07037
1126.41724,0.06805
1124.48845,0.06602
1122.55965,0.06422
1120.63085,0.06265
1118.70206,0.06126
1116.77326,0.06004
1114.84446,0.05896
1112.91567,0.05804
1110.98687,0.05723
1109.05807,0.05651
1107.12928,0.05589
1105.20048,0.05538
1103.27168,0.05496
1101.34289,0.05463
1099.41409,0.05441
1097.48529,0.05428
1095.55650,0.05423
1093.62770,0.05429
1091.69890,0.05444
1089.77011,0.05469
1087.84131,0.05504
1085.91251,0.05545
1083.98372,0.05592
1082.05492,0.05645
1080.12612,0.05701
1078.19733,0.05759
1076.26853,0.05817
1074.33973,0.05872
1072.41094,0.05923
1070.48214,0.05968
1068.55334,0.06001
1066.62455,0.06018
1064.69575,0.06021
1062.76695,0.06011
1060.83816,0.05986
1058.90936,0.05950
1056.98056,0.05901
1055.05177,0.05841
1053.12297,0.05773
1051.19417,0.05703
1049.26538,0.05634
1047.33658,0.05566
1045.40778,0.05502
1043.47899,0.05441
1041.55019,0.05379
1039.62139,0.05316
1037.69260,0.05255
1035.76380,0.05198
1033.83500,0.05145
1031.90621,0.05094
1029.97741,0.05043
1028.04861,0.04992
1026.11982,0.04944
1024.19102,0.04902
1022.26222,0.04863
1020.33343,0.04829
1018.40463,0.04803
1016.47583,0.04786
1014.54704,0.04774
1012.61824,0.04762
1010.68944,0.04742
1008.76065,0.04706
1006.83185,0.04654
1004.90305,0.04590
1002.97426,0.04521
1001.04546,0.04455
999.11666,0.04399
997.18787,0.04352
995.25907,0.04316
993.33027,0.04287
991.40148,0.04258
989.47268,0.04228
987.54388,0.04197
985.61509,0.04165
983.68629,0.04130
981.75749,0.04093
979.82870,0.04056
977.89990,0.04018
975.97110,0.03978
974.04231,0.03936
972.11351,0.03895
970.18471,0.03851
968.25592,0.03807
966.32712,0.03766
964.39832,0.03728
962.46953,0.03690
960.54073,0.03649
958.61193,0.03606
956.68314,0.03563
954.75434,0.03522
952.82554,0.03484
950.89675,0.03450
948.96795,0.03412
947.03915,0.03369
945.11036,0.03327
943.18156,0.03289
941.25276,0.03254
939.32397,0.03217
937.39517,0.03179
935.46637,0.03141
933.53758,0.03101
931.60878,0.03058
929.67998,0.03014
927.75119,0.02970
925.82239,0.02926
923.89359,0.02879
921.96480,0.02829
920.03600,0.02779
918.10720,0.02729
916.17841,0.02679
914.24961,0.02629
912.32081,0.02580
910.39202,0.02533
908.46322,0.02492
906.53443,0.02453
904.60563,0.02412
902.67683,0.02371
900.74804,0.02334
898.81924,0.02297
896.89044,0.02257
894.96165,0.02214
893.03285,0.02168
891.10405,0.02120
889.17526,0.02075
887.24646,0.02033
885.31766,0.01991
883.38887,0.01945
881.46007,0.01902
879.53127,0.01858
877.60248,0.01811
875.67368,0.01766
873.74488,0.01725
871.81609,0.01689
869.88729,0.01652
867.95849,0.01616
866.02970,0.01581
864.10090,0.01543
862.17210,0.01502
860.24331,0.01462
858.31451,0.01425
856.38571,0.01394
854.45692,0.01370
852.52812,0.01349
850.59932,0.01324
848.67053,0.01301
846.74173,0.01286
844.81293,0.01273
842.88414,0.01255
840.95534,0.01232
839.02654,0.01213
837.09775,0.01197
835.16895,0.01178
833.24015,0.01162
831.31136,0.01152
829.38256,0.01151
827.45376,0.01152
825.52497,0.01150
823.59617,0.01146
821.66737,0.01144
819.73858,0.01142
817.80978,0.01146
815.88098,0.01165
813.95219,0.01197
812.02339,0.01231
810.09459,0.01258
808.16580,0.01284
806.23700,0.01316
804.30820,0.01355
802.37941,0.01411
800.45061,0.01485
798.52181,0.01574
796.59302,0.01687
794.66422,0.01818
792.73542,0.01940
790.80663,0.02052
788.87783,0.02160
786.94903,0.02241
785.02024,0.02266
783.09144,0.02238
781.16264,0.02169
779.23385,0.02072
777.30505,0.01956
775.37625,0.01823
773.44746,0.01698
771.51866,0.01606
769.58986,0.01542
767.66107,0.01493
765.73227,0.01462
763.80347,0.01441
761.87468,0.01408
759.94588,0.01361
758.01708,0.01328
756.08829,0.01325
754.15949,0.01326
752.23069,0.01315
750.30190,0.01308
748.37310,0.01296
