3496.90832,0.05194
3494.97953,0.04914
3493.05073,0.04300
3491.12193,0.04118
3489.19314,0.04742
3487.26434,0.05452
3485.33554,0.05253
3483.40675,0.04501
3481.47795,0.04127
3479.54915,0.04441
3477.62036,0.05288
3475.69156,0.05866
3473.76276,0.05501
3471.83397,0.04751
3469.90517,0.04357
3467.97637,0.04432
3466.04758,0.04845
3464.11878,0.05193
3462.18998,0.04926
3460.26119,0.04132
3458.33239,0.03372
3456.40359,0.02961
3454.47480,0.02970
3452.54600,0.03215
3450.61721,0.03190
3448.68841,0.02960
3446.75961,0.03323
3444.83082,0.04083
3442.90202,0.04258
3440.97322,0.03974
3439.04443,0.03649
3437.11563,0.03160
3435.18683,0.02674
3433.25804,0.02505
3431.32924,0.02620
3429.40044,0.03001
3427.47165,0.03650
3425.54285,0.04181
3423.61405,0.04159
3421.68526,0.03532
3419.75646,0.02763
3417.82766,0.02580
3415.89887,0.02884
3413.97007,0.02741
3412.04127,0.02001
3410.11248,0.01642
3408.18368,0.02049
3406.25488,0.02555
3404.32609,0.02834
3402.39729,0.03195
3400.46849,0.03833
3398.53970,0.04123
3396.61090,0.03230
3394.68210,0.01704
3392.75331,0.00880
3390.82451,0.01011
3388.89571,0.01790
3386.96692,0.02847
3385.03812,0.03106
3383.10932,0.02279
3381.18053,0.01900
3379.25173,0.02705
3377.32293,0.03513
3375.39414,0.03407
3373.46534,0.02999
3371.53654,0.03090
3369.60775,0.03581
3367.67895,0.04358
3365.75015,0.05091
3363.82136,0.04791
3361.89256,0.03657
3359.96376,0.02938
3358.03497,0.02704
3356.10617,0.02764
3354.17737,0.03481
3352.24858,0.04382
3350.31978,0.04917
3348.39098,0.05104
3346.46219,0.04868
3344.53339,0.04591
3342.60459,0.04681
3340.67580,0.04813
3338.74700,0.04452
3336.81820,0.03646
3334.88941,0.03265
3332.96061,0.03654
3331.03181,0.03916
3329.10302,0.03654
3327.17422,0.03271
3325.24542,0.02765
3323.31663,0.02388
3321.38783,0.02687
3319.45903,0.03249
3317.53024,0.03334
3315.60144,0.02953
3313.67264,0.02651
3311.74385,0.02587
3309.81505,0.02506
3307.88625,0.02833
3305.95746,0.03505
3304.02866,0.03356
3302.09986,0.02356
3300.17107,0.01666
3298.24227,0.01658
3296.31347,0.01796
3294.38468,0.01523
3292.45588,0.00891
3290.52708,0.00448
3288.59829,0.00562
3286.66949,0.01115
3284.74069,0.01723
3282.81190,0.01977
3280.88310,0.01533
3278.95430,0.00998
3277.02551,0.01347
3275.09671,0.02027
3273.16791,0.02205
3271.23912,0.02112
3269.31032,0.01878
3267.38152,0.01424
3265.45273,0.00975
3263.52393,0.00776
3261.59513,0.00737
3259.66634,0.00817
3257.73754,0.01262
3255.80874,0.01805
3253.87995,0.01870
3251.95115,0.01438
3250.02235,0.00844
3248.09356,0.00512
3246.16476,0.00771
3244.23596,0.01497
3242.30717,0.01908
3240.37837,0.01715
3238.44957,0.01823
3236.52078,0.02615
3234.59198,0.03362
3232.66318,0.03502
3230.73439,0.03113
3228.80559,0.02434
3226.87679,0.01641
3224.94800,0.01253
3223.01920,0.01834
3221.09040,0.03079
3219.16161,0.04144
3217.23281,0.04516
3215.30401,0.04250
3213.37522,0.03844
3211.44642,0.03904
3209.51762,0.04378
3207.58883,0.04571
3205.66003,0.04328
3203.73123,0.04023
3201.80244,0.03669
3199.87364,0.03269
3197.94484,0.03195
3196.01605,0.03255
3194.08725,0.03054
3192.15845,0.02944
3190.22966,0.03287
3188.30086,0.03881
3186.37206,0.04004
3184.44327,0.03383
3182.51447,0.02773
3180.58567,0.02669
3178.65688,0.02801
3176.72808,0.02796
3174.79928,0.02573
3172.87049,0.02215
3170.94169,0.01831
3169.01289,0.01678
3167.08410,0.01898
3165.15530,0.02409
3163.22650,0.02858
3161.29771,0.02864
3159.36891,0.02543
3157.44011,0.02325
3155.51132,0.02376
3153.58252,0.02455
3151.65372,0.02363
3149.72493,0.02118
3147.79613,0.01906
3145.86733,0.01956
3143.93854,0.02149
3142.00974,0.02281
3140.08094,0.02327
3138.15215,0.02208
3136.22335,0.01922
3134.29455,0.01660
3132.36576,0.01592
3130.43696,0.01665
3128.50816,0.01658
3126.57937,0.01552
3124.65057,0.01569
3122.72177,0.01734
3120.79298,0.01897
3118.86418,0.02032
3116.93538,0.02117
3115.00659,0.02053
3113.07779,0.01871
3111.14899,0.01716
3109.22020,0.01623
3107.29140,0.01617
3105.36260,0.01757
3103.43381,0.01918
3101.50501,0.01930
3099.57621,0.01786
3097.64742,0.01575
3095.71862,0.01465
3093.78982,0.01490
3091.86103,0.01424
3089.93223,0.01274
3088.00344,0.01335
3086.07464,0.01615
3084.14584,0.01879
3082.21705,0.01995
3080.28825,0.01967
3078.35945,0.01883
3076.43066,0.01831
3074.50186,0.01798
3072.57306,0.01756
3070.64427,0.01754
3068.71547,0.01741
3066.78667,0.01679
3064.85788,0.01704
3062.92908,0.01814
3061.00028,0.01874
3059.07149,0.01869
3057.14269,0.01865
3055.21389,0.01910
3053.28510,0.01940
3051.35630,0.01874
3049.42750,0.01747
3047.49871,0.01655
3045.56991,0.01678
3043.64111,0.01787
3041.71232,0.01874
3039.78352,0.01881
3037.85472,0.01863
3035.92593,0.01936
3033.99713,0.02065
3032.06833,0.02133
3030.13954,0.02145
3028.21074,0.02150
3026.28194,0.02151
3024.35315,0.02136
3022.42435,0.02124
3020.49555,0.02112
3018.56676,0.02076
3016.63796,0.02077
3014.70916,0.02137
3012.78037,0.02205
3010.85157,0.02259
3008.92277,0.02292
3006.99398,0.02302
3005.06518,0.02307
3003.13638,0.02278
3001.20759,0.02203
2999.27879,0.02129
2997.34999,0.02073
2995.42120,0.02063
2993.49240,0.02111
2991.56360,0.02168
2989.63481,0.02247
2987.70601,0.02304
2985.77721,0.02273
2983.84842,0.02235
2981.91962,0.02267
2979.99082,0.02313
2978.06203,0.02312
2976.13323,0.02300
2974.20443,0.02287
2972.27564,0.02257
2970.34684,0.02254
2968.41804,0.02263
2966.48925,0.02243
2964.56045,0.02236
2962.63165,0.02289
2960.70286,0.02366
2958.77406,0.02418
2956.84526,0.02457
2954.91647,0.02494
2952.98767,0.02491
2951.05887,0.02449
2949.13008,0.02428
2947.20128,0.02460
2945.27248,0.02498
2943.34369,0.02486
2941.41489,0.02419
2939.48609,0.02363
2937.55730,0.02369
2935.62850,0.02403
2933.69970,0.02429
2931.77091,0.02450
2929.84211,0.02456
2927.91331,0.02426
2925.98452,0.02391
2924.05572,0.02393
2922.12692,0.02446
2920.19813,0.02523
2918.26933,0.02580
2916.34053,0.02614
2914.41174,0.02631
2912.48294,0.02610
2910.55414,0.02556
2908.62535,0.02508
2906.69655,0.02485
2904.76775,0.02481
2902.83896,0.02503
2900.91016,0.02544
2898.98136,0.02586
2897.05257,0.02622
2895.12377,0.02627
2893.19497,0.02596
2891.26618,0.02578
2889.33738,0.02593
2887.40858,0.02607
2885.47979,0.02610
2883.55099,0.02629
2881.62219,0.02678
2879.69340,0.02726
2877.76460,0.02737
2875.83580,0.02728
2873.90701,0.02723
2871.97821,0.02718
2870.04941,0.02718
2868.12062,0.02736
2866.19182,0.02769
2864.26302,0.02801
2862.33423,0.02823
2860.40543,0.02841
2858.47663,0.02857
2856.54784,0.02867
2854.61904,0.02873
2852.69024,0.02855
2850.76145,0.02830
2848.83265,0.02858
2846.90385,0.02917
2844.97506,0.02958
2843.04626,0.02985
2841.11746,0.03001
2839.18867,0.03006
2837.25987,0.03018
2835.33107,0.03030
2833.40228,0.03042
2831.47348,0.03060
2829.54468,0.03071
2827.61589,0.03055
2825.68709,0.03035
2823.75829,0.03057
2821.82950,0.03104
2819.90070,0.03124
2817.97190,0.03110
2816.04311,0.03089
2814.11431,0.03085
2812.18551,0.03101
2810.25672,0.03123
2808.32792,0.03134
2806.39912,0.03128
2804.47033,0.03119
2802.54153,0.03122
2800.61273,0.03120
2798.68394,0.03098
2796.75514,0.03065
2794.82634,0.03025
2792.89755,0.02975
2790.96875,0.02936
2789.03995,0.02928
2787.11116,0.02928
2785.18236,0.02921
2783.25356,0.02913
2781.32477,0.02907
2779.39597,0.02905
2777.46717,0.02899
2775.53838,0.02879
2773.60958,0.02856
2771.68078,0.02854
2769.75199,0.02876
2767.82319,0.02911
2765.89439,0.02932
2763.96560,0.02914
2762.03680,0.02869
2760.10800,0.02837
2758.17921,0.02829
2756.25041,0.02832
2754.32161,0.02824
2752.39282,0.02792
2750.46402,0.02765
2748.53522,0.02774
2746.60643,0.02797
2744.67763,0.02807
2742.74883,0.02809
2740.82004,0.02805
2738.89124,0.02789
2736.96244,0.02780
2735.03365,0.02792
2733.10485,0.02800
2731.17605,0.02796
2729.24726,0.02802
2727.31846,0.02824
2725.38967,0.02834
2723.46087,0.02825
2721.53207,0.02823
2719.60328,0.02844
2717.67448,0.02868
2715.74568,0.02874
2713.81689,0.02869
2711.88809,0.02860
2709.95929,0.02835
2708.03050,0.02807
2706.10170,0.02800
2704.17290,0.02805
2702.24411,0.02804
2700.31531,0.02803
2698.38651,0.02808
2696.45772,0.02814
2694.52892,0.02821
2692.60012,0.02834
2690.67133,0.02838
2688.74253,0.02828
2686.81373,0.02827
2684.88494,0.02844
2682.95614,0.02853
2681.02734,0.02846
2679.09855,0.02844
2677.16975,0.02855
2675.24095,0.02868
2673.31216,0.02870
2671.38336,0.02861
2669.45456,0.02857
2667.52577,0.02862
2665.59697,0.02864
2663.66817,0.02862
2661.73938,0.02855
2659.81058,0.02843
2657.88178,0.02834
2655.95299,0.02825
2654.02419,0.02810
2652.09539,0.02802
2650.16660,0.02800
2648.23780,0.02809
2646.30900,0.02836
2644.38021,0.02867
2642.45141,0.02887
2640.52261,0.02890
2638.59382,0.02868
2636.66502,0.02841
2634.73622,0.02850
2632.80743,0.02895
2630.87863,0.02934
2628.94983,0.02936
2627.02104,0.02917
2625.09224,0.02919
2623.16344,0.02953
2621.23465,0.02983
2619.30585,0.02990
2617.37705,0.02988
2615.44826,0.02973
2613.51946,0.02943
2611.59066,0.02924
2609.66187,0.02928
2607.73307,0.02941
2605.80427,0.02940
2603.87548,0.02940
2601.94668,0.02969
2600.01788,0.02997
2598.08909,0.03010
2596.16029,0.03023
2594.23149,0.03014
2592.30270,0.02996
2590.37390,0.03012
2588.44510,0.03024
2586.51631,0.02992
2584.58751,0.02966
2582.65871,0.02975
2580.72992,0.02978
2578.80112,0.02982
2576.87232,0.03029
2574.94353,0.03073
2573.01473,0.03066
2571.08593,0.03049
2569.15714,0.03044
2567.22834,0.03038
2565.29954,0.03021
2563.37075,0.02979
2561.44195,0.02928
2559.51315,0.02900
2557.58436,0.02909
2555.65556,0.02960
2553.72676,0.02998
2551.79797,0.02986
2549.86917,0.02965
2547.94037,0.02958
2546.01158,0.02947
2544.08278,0.02936
2542.15398,0.02929
2540.22519,0.02926
2538.29639,0.02954
2536.36759,0.02993
2534.43880,0.03004
2532.51000,0.03009
2530.58120,0.03023
2528.65241,0.03011
2526.72361,0.02954
2524.79481,0.02881
2522.86602,0.02850
2520.93722,0.02876
2519.00842,0.02915
2517.07963,0.02939
2515.15083,0.02957
2513.22203,0.02958
2511.29324,0.02935
2509.36444,0.02909
2507.43564,0.02897
2505.50685,0.02883
2503.57805,0.02852
2501.64925,0.02842
2499.72046,0.02886
2497.79166,0.02916
2495.86286,0.02901
2493.93407,0.02901
2492.00527,0.02908
2490.07647,0.02884
2488.14768,0.02872
2486.21888,0.02901
2484.29008,0.02945
2482.36129,0.02971
2480.43249,0.02980
2478.50369,0.02967
2476.57490,0.02923
2474.64610,0.02869
2472.71730,0.02849
2470.78851,0.02870
2468.85971,0.02898
2466.93091,0.02902
2465.00212,0.02898
2463.07332,0.02900
2461.14452,0.02894
2459.21573,0.02881
2457.28693,0.02865
2455.35813,0.02831
2453.42934,0.02807
2451.50054,0.02812
2449.57174,0.02802
2447.64295,0.02764
2445.71415,0.02739
2443.78535,0.02751
2441.85656,0.02776
2439.92776,0.02800
2437.99896,0.02801
2436.07017,0.02757
2434.14137,0.02724
2432.21257,0.02736
2430.28378,0.02752
2428.35498,0.02749
2426.42618,0.02754
2424.49739,0.02767
2422.56859,0.02738
2420.63979,0.02669
2418.71100,0.02615
2416.78220,0.02607
2414.85340,0.02619
2412.92461,0.02611
2410.99581,0.02595
2409.06701,0.02604
2407.13822,0.02616
2405.20942,0.02586
2403.28062,0.02538
2401.35183,0.02515
2399.42303,0.02485
2397.49423,0.02440
2395.56544,0.02420
2393.63664,0.02431
2391.70784,0.02456
2389.77905,0.02514
2387.85025,0.02683
2385.92145,0.03057
2383.99266,0.03678
2382.06386,0.04551
2380.13506,0.05636
2378.20627,0.06833
2376.27747,0.08060
2374.34867,0.09314
2372.41988,0.10610
2370.49108,0.11919
2368.56228,0.13158
2366.63349,0.14244
2364.70469,0.15116
2362.77589,0.15709
2360.84710,0.15970
2358.91830,0.15813
2356.98951,0.15133
2355.06071,0.13951
2353.13191,0.12397
2351.20312,0.10824
2349.27432,0.09974
2347.34552,0.10331
2345.41673,0.11468
2343.48793,0.12257
2341.55913,0.12356
2339.63034,0.12163
2337.70154,0.11864
2335.77274,0.11594
2333.84395,0.11509
2331.91515,0.11542
2329.98635,0.11390
2328.05756,0.10988
2326.12876,0.10604
2324.19996,0.10357
2322.27117,0.10043
2320.34237,0.09448
2318.41357,0.08679
2316.48478,0.08012
2314.55598,0.07568
2312.62718,0.07240
2310.69839,0.06869
2308.76959,0.06403
2306.84079,0.05873
2304.91200,0.05352
2302.98320,0.04929
2301.05440,0.04609
2299.12561,0.04322
2297.19681,0.04058
2295.26801,0.03843
2293.33922,0.03638
2291.41042,0.03427
2289.48162,0.03248
2287.55283,0.03105
2285.62403,0.02984
2283.69523,0.02911
2281.76644,0.02915
2279.83764,0.02985
2277.90884,0.03080
2275.98005,0.03164
2274.05125,0.03205
2272.12245,0.03216
2270.19366,0.03254
2268.26486,0.03328
2266.33606,0.03395
2264.40727,0.03423
2262.47847,0.03426
2260.54967,0.03435
2258.62088,0.03454
2256.69208,0.03465
2254.76328,0.03420
2252.83449,0.03323
2250.90569,0.03276
2248.97689,0.03302
2247.04810,0.03313
2245.11930,0.03317
2243.19050,0.03397
2241.26171,0.03522
2239.33291,0.03612
2237.40411,0.03661
2235.47532,0.03677
2233.54652,0.03642
2231.61772,0.03626
2229.68893,0.03731
2227.76013,0.03853
2225.83133,0.03838
2223.90254,0.03750
2221.97374,0.03721
2220.04494,0.03753
2218.11615,0.03788
2216.18735,0.03821
2214.25855,0.03868
2212.32976,0.03930
2210.40096,0.04023
2208.47216,0.04130
2206.54337,0.04146
2204.61457,0.04077
2202.68577,0.04078
2200.75698,0.04200
2198.82818,0.04349
2196.89938,0.04361
2194.97059,0.04228
2193.04179,0.04221
2191.11299,0.04438
2189.18420,0.04639
2187.25540,0.04694
2185.32660,0.04665
2183.39781,0.04580
2181.46901,0.04577
2179.54021,0.04748
2177.61142,0.04932
2175.68262,0.05116
2173.75382,0.05289
2171.82503,0.05295
2169.89623,0.05176
2167.96743,0.05060
2166.03864,0.05033
2164.10984,0.05250
2162.18104,0.05753
2160.25225,0.06250
2158.32345,0.06374
2156.39465,0.06068
2154.46586,0.05572
2152.53706,0.05166
2150.60826,0.04853
2148.67947,0.04549
2146.75067,0.04292
2144.82187,0.04035
2142.89308,0.03713
2140.96428,0.03411
2139.03548,0.03270
2137.10669,0.03243
2135.17789,0.03159
2133.24909,0.02993
2131.32030,0.02830
2129.39150,0.02695
2127.46270,0.02549
2125.53391,0.02431
2123.60511,0.02395
2121.67631,0.02387
2119.74752,0.02365
2117.81872,0.02362
2115.88992,0.02373
2113.96113,0.02342
2112.03233,0.02281
2110.10353,0.02289
2108.17474,0.02386
2106.24594,0.02467
2104.31714,0.02496
2102.38835,0.02495
2100.45955,0.02435
2098.53075,0.02343
2096.60196,0.02302
2094.67316,0.02276
2092.74436,0.02195
2090.81557,0.02126
2088.88677,0.02172
2086.95797,0.02290
2085.02918,0.02370
2083.10038,0.02399
2081.17158,0.02425
2079.24279,0.02444
2077.31399,0.02424
2075.38519,0.02372
2073.45640,0.02371
2071.52760,0.02470
2069.59880,0.02576
2067.67001,0.02628
2065.74121,0.02664
2063.81241,0.02682
2061.88362,0.02658
2059.95482,0.02647
2058.02602,0.02694
2056.09723,0.02736
2054.16843,0.02748
2052.23963,0.02793
2050.31084,0.02904
2048.38204,0.03062
2046.45324,0.03235
2044.52445,0.03395
2042.59565,0.03476
2040.66685,0.03506
2038.73806,0.03549
2036.80926,0.03608
2034.88046,0.03746
2032.95167,0.03936
2031.02287,0.03994
2029.09407,0.03871
2027.16528,0.03648
2025.23648,0.03445
2023.30768,0.03369
2021.37889,0.03365
2019.45009,0.03374
2017.52129,0.03474
2015.59250,0.03595
2013.66370,0.03568
2011.73490,0.03404
2009.80611,0.03225
2007.87731,0.03087
2005.94851,0.02964
2004.01972,0.02907
2002.09092,0.03025
2000.16212,0.03213
1998.23333,0.03232
1996.30453,0.03052
1994.37574,0.02881
1992.44694,0.02899
1990.51814,0.02991
1988.58935,0.02951
1986.66055,0.02831
1984.73175,0.02765
1982.80296,0.02848
1980.87416,0.03093
1978.94536,0.03264
1977.01657,0.03138
1975.08777,0.02930
1973.15897,0.02848
1971.23018,0.02739
1969.30138,0.02622
1967.37258,0.02682
1965.44379,0.02800
1963.51499,0.02760
1961.58619,0.02601
1959.65740,0.02432
1957.72860,0.02282
1955.79980,0.02184
1953.87101,0.02131
1951.94221,0.02083
1950.01341,0.02039
1948.08462,0.02012
1946.15582,0.02056
1944.22702,0.02196
1942.29823,0.02248
1940.36943,0.02096
1938.44063,0.01918
1936.51184,0.01873
1934.58304,0.01909
1932.65424,0.01876
1930.72545,0.01788
1928.79665,0.01770
1926.86785,0.01829
1924.93906,0.01904
1923.01026,0.01934
1921.08146,0.01933
1919.15267,0.01949
1917.22387,0.01919
1915.29507,0.01830
1913.36628,0.01784
1911.43748,0.01810
1909.50868,0.01832
1907.57989,0.01786
1905.65109,0.01711
1903.72229,0.01674
1901.79350,0.01667
1899.86470,0.01668
1897.93590,0.01684
1896.00711,0.01701
1894.07831,0.01698
1892.14951,0.01724
1890.22072,0.01771
1888.29192,0.01739
1886.36312,0.01663
1884.43433,0.01633
1882.50553,0.01638
1880.57673,0.01652
1878.64794,0.01657
1876.71914,0.01653
1874.79034,0.01653
1872.86155,0.01698
1870.93275,0.01830
1869.00395,0.01950
1867.07516,0.01897
1865.14636,0.01748
1863.21756,0.01656
1861.28877,0.01628
1859.35997,0.01623
1857.43117,0.01613
1855.50238,0.01583
1853.57358,0.01558
1851.64478,0.01575
1849.71599,0.01654
1847.78719,0.01780
1845.85839,0.01911
1843.92960,0.01911
1842.00080,0.01757
1840.07200,0.01647
1838.14321,0.01633
1836.21441,0.01631
1834.28561,0.01643
1832.35682,0.01735
1830.42802,0.01842
1828.49922,0.01856
1826.57043,0.01839
1824.64163,0.01795
1822.71283,0.01687
1820.78404,0.01610
1818.85524,0.01606
1816.92644,0.01612
1814.99765,0.01617
1813.06885,0.01665
1811.14005,0.01714
1809.21126,0.01689
1807.28246,0.01622
1805.35366,0.01615
1803.42487,0.01703
1801.49607,0.01790
1799.56727,0.01772
1797.63848,0.01719
1795.70968,0.01757
1793.78088,0.01887
1791.85209,0.01930
1789.92329,0.01788
1787.99449,0.01666
1786.06570,0.01670
1784.13690,0.01707
1782.20810,0.01736
1780.27931,0.01748
1778.35051,0.01730
1776.42171,0.01764
1774.49292,0.01905
1772.56412,0.02038
1770.63532,0.02019
1768.70653,0.01897
1766.77773,0.01750
1764.84893,0.01687
1762.92014,0.01742
1760.99134,0.01775
1759.06254,0.01758
1757.13375,0.01742
1755.20495,0.01721
1753.27615,0.01801
1751.34736,0.01998
1749.41856,0.02074
1747.48976,0.01969
1745.56097,0.01860
1743.63217,0.01819
1741.70337,0.01808
1739.77458,0.01779
1737.84578,0.01790
1735.91698,0.01959
1733.98819,0.02134
1732.05939,0.02034
1730.13059,0.01827
1728.20180,0.01667
1726.27300,0.01594
1724.34420,0.01623
1722.41541,0.01719
1720.48661,0.01960
1718.55781,0.02339
1716.62902,0.02540
1714.70022,0.02432
1712.77142,0.02287
1710.84263,0.02301
1708.91383,0.02522
1706.98503,0.02916
1705.05624,0.03353
1703.12744,0.03828
1701.19864,0.04523
1699.26985,0.05261
1697.34105,0.05850
1695.41225,0.06488
1693.48346,0.07175
1691.55466,0.08049
1689.62586,0.09255
1687.69707,0.10615
1685.76827,0.12251
1683.83947,0.14219
1681.91068,0.15701
1679.98188,0.16826
1678.05308,0.18110
1676.12429,0.19655
1674.19549,0.21223
1672.26669,0.22537
1670.33790,0.23763
1668.40910,0.24792
1666.48030,0.25442
1664.55151,0.26028
1662.62271,0.26582
1660.69391,0.26865
1658.76512,0.27005
1656.83632,0.27277
1654.90752,0.27756
1652.97873,0.28032
1651.04993,0.27885
1649.12113,0.27998
1647.19234,0.28481
1645.26354,0.29008
1643.33474,0.29601
1641.40595,0.30555
1639.47715,0.31924
1637.54835,0.33750
1635.61956,0.36003
1633.69076,0.37978
1631.76197,0.39579
1629.83317,0.41305
1627.90437,0.43086
1625.97558,0.44566
1624.04678,0.45647
1622.11798,0.46244
1620.18919,0.46436
1618.26039,0.46470
1616.33159,0.46258
1614.40280,0.45871
1612.47400,0.45679
1610.54520,0.45786
1608.61641,0.46160
1606.68761,0.46764
1604.75881,0.47594
1602.83002,0.48601
1600.90122,0.49656
1598.97242,0.50625
1597.04363,0.51410
1595.11483,0.51897
1593.18603,0.51949
1591.25724,0.51537
1589.32844,0.50677
1587.39964,0.49405
1585.47085,0.47777
1583.54205,0.45846
1581.61325,0.43750
1579.68446,0.41727
1577.75566,0.39624
1575.82686,0.37012
1573.89807,0.34568
1571.96927,0.32677
1570.04047,0.30718
1568.11168,0.28641
1566.18288,0.26835
1564.25408,0.25339
1562.32529,0.24293
1560.39649,0.23474
1558.46769,0.22016
1556.53890,0.20343
1554.61010,0.19088
1552.68130,0.18071
1550.75251,0.17208
1548.82371,0.16426
1546.89491,0.15846
1544.96612,0.15518
1543.03732,0.15272
1541.10852,0.14873
1539.17973,0.14068
1537.25093,0.13310
1535.32213,0.12925
1533.39334,0.12614
1531.46454,0.12186
1529.53574,0.11881
1527.60695,0.11749
1525.67815,0.11626
1523.74935,0.11524
1521.82056,0.11415
1519.89176,0.11179
1517.96296,0.10917
1516.03417,0.10635
1514.10537,0.10355
1512.17657,0.10284
1510.24778,0.10516
1508.31898,0.10875
1506.39018,0.10792
1504.46139,0.10298
1502.53259,0.10104
1500.60379,0.10288
1498.67500,0.10677
1496.74620,0.11065
1494.81740,0.11396
1492.88861,0.11915
1490.95981,0.12799
1489.03101,0.13789
1487.10222,0.14582
1485.17342,0.15377
1483.24462,0.16412
1481.31583,0.17690
1479.38703,0.19100
1477.45823,0.20638
1475.52944,0.22313
1473.60064,0.23999
1471.67184,0.25404
1469.74305,0.26357
1467.81425,0.27188
1465.88545,0.28071
1463.95666,0.28704
1462.02786,0.29004
1460.09906,0.29243
1458.17027,0.29280
1456.24147,0.28494
1454.31267,0.27204
1452.38388,0.25964
1450.45508,0.24738
1448.52628,0.23388
1446.59749,0.21863
1444.66869,0.20354
1442.73989,0.18976
1440.81110,0.17792
1438.88230,0.16838
1436.95350,0.15819
1435.02471,0.14626
1433.09591,0.13624
1431.16711,0.12832
1429.23832,0.12072
1427.30952,0.11392
1425.38072,0.10866
1423.45193,0.10433
1421.52313,0.10119
1419.59433,0.09870
1417.66554,0.09430
1415.73674,0.08870
1413.80794,0.08432
1411.87915,0.08127
1409.95035,0.07873
1408.02155,0.07673
1406.09276,0.07526
1404.16396,0.07335
1402.23516,0.07149
1400.30637,0.07088
1398.37757,0.07077
1396.44877,0.06994
1394.51998,0.06788
1392.59118,0.06506
1390.66238,0.06340
1388.73359,0.06319
1386.80479,0.06245
1384.87599,0.06051
1382.94720,0.05890
1381.01840,0.05821
1379.08960,0.05795
1377.16081,0.05806
1375.23201,0.05832
1373.30321,0.05761
1371.37442,0.05609
1369.44562,0.05498
1367.51682,0.05438
1365.58803,0.05458
1363.65923,0.05546
1361.73043,0.05521
1359.80164,0.05351
1357.87284,0.05210
1355.94404,0.05146
1354.01525,0.05103
1352.08645,0.05060
1350.15765,0.05027
1348.22886,0.04999
1346.30006,0.04972
1344.37126,0.04979
1342.44247,0.05075
1340.51367,0.05225
1338.58487,0.05269
1336.65608,0.05162
1334.72728,0.05041
1332.79848,0.04984
1330.86969,0.04968
1328.94089,0.04952
1327.01209,0.04925
1325.08330,0.04895
1323.15450,0.04877
1321.22570,0.04885
1319.29691,0.04897
1317.36811,0.04880
1315.43931,0.04842
1313.51052,0.04804
1311.58172,0.04755
1309.65292,0.04707
1307.72413,0.04678
1305.79533,0.04655
1303.86653,0.04639
1301.93774,0.04631
1300.00894,0.04629
1298.08014,0.04632
1296.15135,0.04634
1294.22255,0.04632
1292.29375,0.04639
1290.36496,0.04656
1288.43616,0.04668
1286.50736,0.04663
1284.57857,0.04654
1282.64977,0.04654
1280.72097,0.04657
1278.79218,0.04655
1276.86338,0.04653
1274.93458,0.04661
1273.00579,0.04677
1271.07699,0.04688
1269.14820,0.04685
1267.21940,0.04675
1265.29060,0.04666
1263.36181,0.04660
1261.43301,0.04660
1259.50421,0.04658
1257.57542,0.04653
1255.64662,0.04652
1253.71782,0.04659
1251.78903,0.04671
1249.86023,0.04685
1247.93143,0.04702
1246.00264,0.04723
1244.07384,0.04744
1242.14504,0.04760
1240.21625,0.04775
1238.28745,0.04792
1236.35865,0.04812
1234.42986,0.04833
1232.50106,0.04855
1230.57226,0.04878
1228.64347,0.04903
1226.71467,0.04927
1224.78587,0.04949
1222.85708,0.04975
1220.92828,0.05005
1218.99948,0.05040
1217.07069,0.05078
1215.14189,0.05121
1213.21309,0.05173
1211.28430,0.05228
1209.35550,0.05284
1207.42670,0.05348
1205.49791,0.05424
1203.56911,0.05512
1201.64031,0.05615
1199.71152,0.05734
1197.78272,0.05868
1195.85392,0.06019
1193.92513,0.06190
1191.99633,0.06385
1190.06753,0.06606
1188.13874,0.06855
1186.20994,0.07132
1184.28114,0.07438
1182.35235,0.07778
1180.42355,0.08165
1178.49475,0.08599
1176.56596,0.09067
1174.63716,0.09560
1172.70836,0.10075
1170.77957,0.10607
1168.85077,0.11145
1166.92197,0.11668
1164.99318,0.12149
1163.06438,0.12565
1161.13558,0.12894
1159.20679,0.13109
1157.27799,0.13190
1155.34919,0.13131
1153.42040,0.12940
1151.49160,0.12632
1149.56280,0.12228
1147.63401,0.11752
1145.70521,0.11231
1143.77641,0.10696
1141.84762,0.10170
1139.91882,0.09668
1137.99002,0.09196
1136.06123,0.08761
1134.13243,0.08366
1132.20363,0.08012
1130.27484,0.07695
1128.34604,0.07414
1126.41724,0.07165
1124.48845,0.06945
1122.55965,0.06751
1120.63085,0.06580
1118.70206,0.06428
1116.77326,0.06292
1114.84446,0.06171
1112.91567,0.06067
1110.98687,0.05977
1109.05807,0.05898
1107.12928,0.05830
1105.20048,0.05775
1103.27168,0.05729
1101.34289,0.05694
1099.41409,0.05669
1097.48529,0.05655
1095.55650,0.05654
1093.62770,0.05665
1091.69890,0.05686
1089.77011,0.05716
1087.84131,0.05753
1085.91251,0.05797
1083.98372,0.05845
1082.05492,0.05895
1080.12612,0.05948
1078.19733,0.06003
1076.26853,0.06060
1074.33973,0.06113
1072.41094,0.06161
1070.48214,0.06202
1068.55334,0.06231
1066.62455,0.06246
1064.69575,0.06246
1062.76695,0.06233
1060.83816,0.06206
1058.90936,0.06167
1056.98056,0.06117
1055.05177,0.06055
1053.12297,0.05985
1051.19417,0.05913
1049.26538,0.05841
1047.33658,0.05773
1045.40778,0.05710
1043.47899,0.05650
1041.55019,0.05589
1039.62139,0.05528
1037.69260,0.05470
1035.76380,0.05415
1033.83500,0.05362
1031.90621,0.05307
1029.97741,0.05251
1028.04861,0.05195
1026.11982,0.05143
1024.19102,0.05095
1022.26222,0.05052
1020.33343,0.05014
1018.40463,0.04986
1016.47583,0.04967
1014.54704,0.04952
1012.61824,0.04936
1010.68944,0.04911
1008.76065,0.04871
1006.83185,0.04816
1004.90305,0.04748
1002.97426,0.04675
1001.04546,0.04608
999.11666,0.04549
997.18787,0.04503
995.25907,0.04470
993.33027,0.04442
991.40148,0.04415
989.47268,0.04387
987.54388,0.04358
985.61509,0.04326
983.68629,0.04290
981.75749,0.04252
979.82870,0.04212
977.89990,0.04166
975.97110,0.04118
974.04231,0.04070
972.11351,0.04024
970.18471,0.03976
968.25592,0.03927
966.32712,0.03880
964.39832,0.03837
962.46953,0.03792
960.54073,0.03743
958.61193,0.03693
956.68314,0.03645
954.75434,0.03600
952.82554,0.03557
950.89675,0.03518
948.96795,0.03479
947.03915,0.03439
945.11036,0.03400
943.18156,0.03364
941.25276,0.03330
939.32397,0.03295
937.39517,0.03261
935.46637,0.03225
933.53758,0.03184
931.60878,0.03139
929.67998,0.03092
927.75119,0.03041
925.82239,0.02990
923.89359,0.02937
921.96480,0.02879
920.03600,0.02821
918.10720,0.02766
916.17841,0.02713
914.24961,0.02657
912.32081,0.02600
910.39202,0.02546
908.46322,0.02497
906.53443,0.02453
904.60563,0.02409
902.67683,0.02367
900.74804,0.02328
898.81924,0.02290
896.89044,0.02250
894.96165,0.02210
893.03285,0.02167
891.10405,0.02123
889.17526,0.02080
887.24646,0.02036
885.31766,0.01987
883.38887,0.01939
881.46007,0.01894
879.53127,0.01848
877.60248,0.01798
875.67368,0.01747
873.74488,0.01696
871.81609,0.01650
869.88729,0.01609
867.95849,0.01568
866.02970,0.01522
864.10090,0.01472
862.17210,0.01426
860.24331,0.01383
858.31451,0.01344
856.38571,0.01310
854.45692,0.01284
852.52812,0.01264
850.59932,0.01242
848.67053,0.01218
846.74173,0.01199
844.81293,0.01192
842.88414,0.01186
840.95534,0.01170
839.02654,0.01150
837.09775,0.01133
835.16895,0.01118
833.24015,0.01103
831.31136,0.01089
829.38256,0.01081
827.45376,0.01079
825.52497,0.01076
823.59617,0.01070
821.66737,0.01067
819.73858,0.01068
817.80978,0.01070
815.88098,0.01077
813.95219,0.01089
812.02339,0.01104
810.09459,0.01128
808.16580,0.01167
806.23700,0.01216
804.30820,0.01268
802.37941,0.01332
800.45061,0.01409
798.52181,0.01500
796.59302,0.01616
794.66422,0.01755
792.73542,0.01896
790.80663,0.02018
788.87783,0.02115
786.94903,0.02182
785.02024,0.02219
783.09144,0.02216
781.16264,0.02159
779.23385,0.02062
777.30505,0.01934
775.37625,0.01779
773.44746,0.01625
771.51866,0.01505
769.58986,0.01422
767.66107,0.01358
765.73227,0.01305
763.80347,0.01264
761.87468,0.01224
759.94588,0.01177
758.01708,0.01144
756.08829,0.01139
754.15949,0.01158
752.23069,0.01181
750.30190,0.01177
748.37310,0.01140
