3496.90832,0.05650
3494.97953,0.05648
3493.05073,0.05676
3491.12193,0.05804
3489.19314,0.06222
3487.26434,0.06587
3485.33554,0.06177
3483.40675,0.05584
3481.47795,0.05695
3479.54915,0.06073
3477.62036,0.06229
3475.69156,0.06544
3473.76276,0.06925
3471.83397,0.06546
3469.90517,0.05823
3467.97637,0.05693
3466.04758,0.05947
3464.11878,0.06263
3462.18998,0.06475
3460.26119,0.06096
3458.33239,0.05100
3456.40359,0.04330
3454.47480,0.04458
3452.54600,0.04839
3450.61721,0.04728
3448.68841,0.04655
3446.75961,0.05233
3444.83082,0.06087
3442.90202,0.06463
3440.97322,0.06198
3439.04443,0.05725
3437.11563,0.05186
3435.18683,0.04340
3433.25804,0.03505
3431.32924,0.03395
3429.40044,0.04050
3427.47165,0.04854
3425.54285,0.05281
3423.61405,0.05266
3421.68526,0.04893
3419.75646,0.04542
3417.82766,0.04774
3415.89887,0.05097
3413.97007,0.04732
3412.04127,0.04137
3410.11248,0.03770
3408.18368,0.03245
3406.25488,0.02630
3404.32609,0.02669
3402.39729,0.03436
3400.46849,0.04245
3398.53970,0.04367
3396.61090,0.03658
3394.68210,0.03184
3392.75331,0.03673
3390.82451,0.04395
3388.89571,0.04995
3386.96692,0.05513
3385.03812,0.05313
3383.10932,0.04359
3381.18053,0.03751
3379.25173,0.04397
3377.32293,0.05988
3375.39414,0.06932
3373.46534,0.06335
3371.53654,0.05325
3369.60775,0.04794
3367.67895,0.04617
3365.75015,0.04394
3363.82136,0.04136
3361.89256,0.04429
3359.96376,0.04871
3358.03497,0.04681
3356.10617,0.04681
3354.17737,0.05432
3352.24858,0.05826
3350.31978,0.05502
3348.39098,0.05382
3346.46219,0.05627
3344.53339,0.05874
3342.60459,0.05931
3340.67580,0.05633
3338.74700,0.04920
3336.81820,0.03914
3334.88941,0.03364
3332.96061,0.03617
3331.03181,0.03968
3329.10302,0.04284
3327.17422,0.04656
3325.24542,0.04701
3323.31663,0.04434
3321.38783,0.04317
3319.45903,0.04658
3317.53024,0.04973
3315.60144,0.04750
3313.67264,0.04656
3311.74385,0.04803
3309.81505,0.04280
3307.88625,0.03682
3305.95746,0.03793
3304.02866,0.03895
3302.09986,0.03630
3300.17107,0.03431
3298.24227,0.03472
3296.31347,0.03831
3294.38468,0.04254
3292.45588,0.03818
3290.52708,0.02712
3288.59829,0.02176
3286.66949,0.02362
3284.74069,0.02965
3282.81190,0.03605
3280.88310,0.03692
3278.95430,0.03666
3277.02551,0.03875
3275.09671,0.04049
3273.16791,0.04416
3271.23912,0.04585
3269.31032,0.03937
3267.38152,0.03385
3265.45273,0.03565
3263.52393,0.03686
3261.59513,0.03529
3259.66634,0.03572
3257.73754,0.03897
3255.80874,0.04203
3253.87995,0.03975
3251.95115,0.03322
3250.02235,0.03195
3248.09356,0.03630
3246.16476,0.03615
3244.23596,0.02944
3242.30717,0.02306
3240.37837,0.02057
3238.44957,0.02207
3236.52078,0.02696
3234.59198,0.03402
3232.66318,0.04191
3230.73439,0.04806
3228.80559,0.04815
3226.87679,0.04098
3224.94800,0.03352
3223.01920,0.03318
3221.09040,0.03768
3219.16161,0.04154
3217.23281,0.04432
3215.30401,0.04663
3213.37522,0.04838
3211.44642,0.05151
3209.51762,0.05422
3207.58883,0.05278
3205.66003,0.05120
3203.73123,0.05299
3201.80244,0.05337
3199.87364,0.05048
3197.94484,0.04921
3196.01605,0.04940
3194.08725,0.04696
3192.15845,0.04315
3190.22966,0.04207
3188.30086,0.04491
3186.37206,0.04693
3184.44327,0.04467
3182.51447,0.04115
3180.58567,0.03962
3178.65688,0.04044
3176.72808,0.04039
3174.79928,0.03678
3172.87049,0.03208
3170.94169,0.02863
3169.01289,0.02610
3167.08410,0.02628
3165.15530,0.03216
3163.22650,0.03895
3161.29771,0.03937
3159.36891,0.03564
3157.44011,0.03338
3155.51132,0.03338
3153.58252,0.03434
3151.65372,0.03552
3149.72493,0.03557
3147.79613,0.03327
3145.86733,0.03023
3143.93854,0.02892
3142.00974,0.02935
3140.08094,0.03021
3138.15215,0.03084
3136.22335,0.03107
3134.29455,0.03159
3132.36576,0.03299
3130.43696,0.03279
3128.50816,0.02960
3126.57937,0.02779
3124.65057,0.02974
3122.72177,0.03217
3120.79298,0.03305
3118.86418,0.03269
3116.93538,0.03163
3115.00659,0.03039
3113.07779,0.02941
3111.14899,0.02931
3109.22020,0.02911
3107.29140,0.02818
3105.36260,0.02789
3103.43381,0.02854
3101.50501,0.02898
3099.57621,0.02812
3097.64742,0.02615
3095.71862,0.02514
3093.78982,0.02605
3091.86103,0.02716
3089.93223,0.02793
3088.00344,0.02932
3086.07464,0.03081
3084.14584,0.03125
3082.21705,0.03052
3080.28825,0.02957
3078.35945,0.02906
3076.43066,0.02885
3074.50186,0.02874
3072.57306,0.02866
3070.64427,0.02909
3068.71547,0.02999
3066.78667,0.03044
3064.85788,0.03023
3062.92908,0.02989
3061.00028,0.02996
3059.07149,0.02981
3057.14269,0.02898
3055.21389,0.02892
3053.28510,0.02999
3051.35630,0.03051
3049.42750,0.02988
3047.49871,0.02902
3045.56991,0.02906
3043.64111,0.02988
3041.71232,0.03033
3039.78352,0.03032
3037.85472,0.03046
3035.92593,0.03081
3033.99713,0.03143
3032.06833,0.03231
3030.13954,0.03304
3028.21074,0.03352
3026.28194,0.03370
3024.35315,0.03310
3022.42435,0.03231
3020.49555,0.03248
3018.56676,0.03331
3016.63796,0.03383
3014.70916,0.03379
3012.78037,0.03389
3010.85157,0.03456
3008.92277,0.03481
3006.99398,0.03432
3005.06518,0.03399
3003.13638,0.03376
3001.20759,0.03320
2999.27879,0.03261
2997.34999,0.03243
2995.42120,0.03287
2993.49240,0.03379
2991.56360,0.03461
2989.63481,0.03502
2987.70601,0.03487
2985.77721,0.03426
2983.84842,0.03389
2981.91962,0.03406
2979.99082,0.03428
2978.06203,0.03428
2976.13323,0.03446
2974.20443,0.03486
2972.27564,0.03516
2970.34684,0.03520
2968.41804,0.03471
2966.48925,0.03416
2964.56045,0.03433
2962.63165,0.03484
2960.70286,0.03509
2958.77406,0.03528
2956.84526,0.03550
2954.91647,0.03572
2952.98767,0.03587
2951.05887,0.03580
2949.13008,0.03571
2947.20128,0.03594
2945.27248,0.03624
2943.34369,0.03621
2941.41489,0.03600
2939.48609,0.03602
2937.55730,0.03627
2935.62850,0.03626
2933.69970,0.03591
2931.77091,0.03568
2929.84211,0.03562
2927.91331,0.03552
2925.98452,0.03569
2924.05572,0.03636
2922.12692,0.03709
2920.19813,0.03751
2918.26933,0.03776
2916.34053,0.03802
2914.41174,0.03808
2912.48294,0.03780
2910.55414,0.03741
2908.62535,0.03692
2906.69655,0.03642
2904.76775,0.03644
2902.83896,0.03690
2900.91016,0.03712
2898.98136,0.03712
2897.05257,0.03722
2895.12377,0.03733
2893.19497,0.03743
2891.26618,0.03768
2889.33738,0.03795
2887.40858,0.03794
2885.47979,0.03761
2883.55099,0.03750
2881.62219,0.03795
2879.69340,0.03843
2877.76460,0.03846
2875.83580,0.03831
2873.90701,0.03833
2871.97821,0.03846
2870.04941,0.03858
2868.12062,0.03879
2866.19182,0.03913
2864.26302,0.03944
2862.33423,0.03958
2860.40543,0.03967
2858.47663,0.03981
2856.54784,0.03984
2854.61904,0.03975
2852.69024,0.03959
2850.76145,0.03953
2848.83265,0.03976
2846.90385,0.04010
2844.97506,0.04034
2843.04626,0.04063
2841.11746,0.04099
2839.18867,0.04119
2837.25987,0.04126
2835.33107,0.04139
2833.40228,0.04159
2831.47348,0.04178
2829.54468,0.04196
2827.61589,0.04206
2825.68709,0.04210
2823.75829,0.04217
2821.82950,0.04230
2819.90070,0.04243
2817.97190,0.04240
2816.04311,0.04228
2814.11431,0.04225
2812.18551,0.04228
2810.25672,0.04228
2808.32792,0.04221
2806.39912,0.04208
2804.47033,0.04198
2802.54153,0.04201
2800.61273,0.04216
2798.68394,0.04213
2796.75514,0.04175
2794.82634,0.04124
2792.89755,0.04090
2790.96875,0.04086
2789.03995,0.04112
2787.11116,0.04126
2785.18236,0.04092
2783.25356,0.04042
2781.32477,0.04015
2779.39597,0.04008
2777.46717,0.04010
2775.53838,0.04008
2773.60958,0.03999
2771.68078,0.03997
2769.75199,0.04018
2767.82319,0.04047
2765.89439,0.04050
2763.96560,0.04011
2762.03680,0.03962
2760.10800,0.03938
2758.17921,0.03925
2756.25041,0.03909
2754.32161,0.03901
2752.39282,0.03894
2750.46402,0.03891
2748.53522,0.03901
2746.60643,0.03917
2744.67763,0.03923
2742.74883,0.03921
2740.82004,0.03914
2738.89124,0.03899
2736.96244,0.03899
2735.03365,0.03928
2733.10485,0.03950
2731.17605,0.03951
2729.24726,0.03960
2727.31846,0.03977
2725.38967,0.03976
2723.46087,0.03957
2721.53207,0.03945
2719.60328,0.03956
2717.67448,0.03973
2715.74568,0.03984
2713.81689,0.03990
2711.88809,0.03979
2709.95929,0.03956
2708.03050,0.03938
2706.10170,0.03929
2704.17290,0.03914
2702.24411,0.03898
2700.31531,0.03887
2698.38651,0.03881
2696.45772,0.03878
2694.52892,0.03881
2692.60012,0.03897
2690.67133,0.03914
2688.74253,0.03924
2686.81373,0.03933
2684.88494,0.03944
2682.95614,0.03957
2681.02734,0.03976
2679.09855,0.03990
2677.16975,0.03992
2675.24095,0.03986
2673.31216,0.03981
2671.38336,0.03976
2669.45456,0.03972
2667.52577,0.03966
2665.59697,0.03947
2663.66817,0.03931
2661.73938,0.03929
2659.81058,0.03929
2657.88178,0.03926
2655.95299,0.03927
2654.02419,0.03936
2652.09539,0.03954
2650.16660,0.03955
2648.23780,0.03933
2646.30900,0.03922
2644.38021,0.03934
2642.45141,0.03956
2640.52261,0.03973
2638.59382,0.03961
2636.66502,0.03943
2634.73622,0.03957
2632.80743,0.03991
2630.87863,0.04021
2628.94983,0.04044
2627.02104,0.04058
2625.09224,0.04071
2623.16344,0.04080
2621.23465,0.04086
2619.30585,0.04109
2617.37705,0.04125
2615.44826,0.04101
2613.51946,0.04056
2611.59066,0.04028
2609.66187,0.04036
2607.73307,0.04059
2605.80427,0.04081
2603.87548,0.04109
2601.94668,0.04124
2600.01788,0.04117
2598.08909,0.04132
2596.16029,0.04160
2594.23149,0.04147
2592.30270,0.04122
2590.37390,0.04147
2588.44510,0.04169
2586.51631,0.04122
2584.58751,0.04077
2582.65871,0.04098
2580.72992,0.04123
2578.80112,0.04114
2576.87232,0.04112
2574.94353,0.04130
2573.01473,0.04135
2571.08593,0.04132
2569.15714,0.04149
2567.22834,0.04171
2565.29954,0.04163
2563.37075,0.04114
2561.44195,0.04072
2559.51315,0.04070
2557.58436,0.04083
2555.65556,0.04077
2553.72676,0.04043
2551.79797,0.04022
2549.86917,0.04054
2547.94037,0.04108
2546.01158,0.04134
2544.08278,0.04119
2542.15398,0.04086
2540.22519,0.04075
2538.29639,0.04093
2536.36759,0.04105
2534.43880,0.04099
2532.51000,0.04096
2530.58120,0.04082
2528.65241,0.04059
2526.72361,0.04047
2524.79481,0.04015
2522.86602,0.03966
2520.93722,0.03980
2519.00842,0.04028
2517.07963,0.04023
2515.15083,0.04007
2513.22203,0.04029
2511.29324,0.04032
2509.36444,0.04005
2507.43564,0.04006
2505.50685,0.04031
2503.57805,0.04023
2501.64925,0.03976
2499.72046,0.03957
2497.79166,0.03985
2495.86286,0.04014
2493.93407,0.04020
2492.00527,0.04001
2490.07647,0.03961
2488.14768,0.03938
2486.21888,0.03969
2484.29008,0.04027
2482.36129,0.04036
2480.43249,0.03992
2478.50369,0.03955
2476.57490,0.03950
2474.64610,0.03966
2472.71730,0.03985
2470.78851,0.04004
2468.85971,0.04027
2466.93091,0.04038
2465.00212,0.04034
2463.07332,0.04027
2461.14452,0.04010
2459.21573,0.03990
2457.28693,0.03973
2455.35813,0.03929
2453.42934,0.03866
2451.50054,0.03844
2449.57174,0.03852
2447.64295,0.03841
2445.71415,0.03840
2443.78535,0.03858
2441.85656,0.03856
2439.92776,0.03842
2437.99896,0.03831
2436.07017,0.03805
2434.14137,0.03795
2432.21257,0.03822
2430.28378,0.03845
2428.35498,0.03847
2426.42618,0.03854
2424.49739,0.03871
2422.56859,0.03867
2420.63979,0.03825
2418.71100,0.03775
2416.78220,0.03760
2414.85340,0.03759
2412.92461,0.03733
2410.99581,0.03701
2409.06701,0.03707
2407.13822,0.03724
2405.20942,0.03694
2403.28062,0.03643
2401.35183,0.03615
2399.42303,0.03578
2397.49423,0.03533
2395.56544,0.03529
2393.63664,0.03560
2391.70784,0.03606
2389.77905,0.03699
2387.85025,0.03926
2385.92145,0.04387
2383.99266,0.05157
2382.06386,0.06255
2380.13506,0.07625
2378.20627,0.09149
2376.27747,0.10727
2374.34867,0.12359
2372.41988,0.14069
2370.49108,0.15796
2368.56228,0.17428
2366.63349,0.18883
2364.70469,0.20074
2362.77589,0.20890
2360.84710,0.21234
2358.91830,0.20994
2356.98951,0.20094
2355.06071,0.18559
2353.13191,0.16514
2351.20312,0.14459
2349.27432,0.13370
2347.34552,0.13836
2345.41673,0.15320
2343.48793,0.16379
2341.55913,0.16506
2339.63034,0.16245
2337.70154,0.15918
2335.77274,0.15647
2333.84395,0.15558
2331.91515,0.15554
2329.98635,0.15294
2328.05756,0.14752
2326.12876,0.14267
2324.19996,0.13946
2322.27117,0.13503
2320.34237,0.12694
2318.41357,0.11668
2316.48478,0.10768
2314.55598,0.10172
2312.62718,0.09759
2310.69839,0.09297
2308.76959,0.08693
2306.84079,0.07986
2304.91200,0.07297
2302.98320,0.06742
2301.05440,0.06320
2299.12561,0.05956
2297.19681,0.05633
2295.26801,0.05362
2293.33922,0.05098
2291.41042,0.04819
2289.48162,0.04570
2287.55283,0.04365
2285.62403,0.04198
2283.69523,0.04132
2281.76644,0.04181
2279.83764,0.04268
2277.90884,0.04364
2275.98005,0.04434
2274.05125,0.04415
2272.12245,0.04378
2270.19366,0.04408
2268.26486,0.04492
2266.33606,0.04593
2264.40727,0.04647
2262.47847,0.04617
2260.54967,0.04563
2258.62088,0.04578
2256.69208,0.04661
2254.76328,0.04676
2252.83449,0.04568
2250.90569,0.04446
2248.97689,0.04396
2247.04810,0.04407
2245.11930,0.04445
2243.19050,0.04489
2241.26171,0.04526
2239.33291,0.04543
2237.40411,0.04562
2235.47532,0.04644
2233.54652,0.04717
2231.61772,0.04702
2229.68893,0.04728
2227.76013,0.04778
2225.83133,0.04737
2223.90254,0.04714
2221.97374,0.04759
2220.04494,0.04786
2218.11615,0.04818
2216.18735,0.04859
2214.25855,0.04850
2212.32976,0.04807
2210.40096,0.04791
2208.47216,0.04794
2206.54337,0.04761
2204.61457,0.04772
2202.68577,0.04927
2200.75698,0.05121
2198.82818,0.05217
2196.89938,0.05195
2194.97059,0.05153
2193.04179,0.05239
2191.11299,0.05457
2189.18420,0.05639
2187.25540,0.05634
2185.32660,0.05510
2183.39781,0.05456
2181.46901,0.05560
2179.54021,0.05686
2177.61142,0.05635
2175.68262,0.05519
2173.75382,0.05557
2171.82503,0.05686
2169.89623,0.05799
2167.96743,0.05976
2166.03864,0.06184
2164.10984,0.06206
2162.18104,0.06177
2160.25225,0.06367
2158.32345,0.06577
2156.39465,0.06437
2154.46586,0.06038
2152.53706,0.05693
2150.60826,0.05473
2148.67947,0.05314
2146.75067,0.05172
2144.82187,0.04964
2142.89308,0.04697
2140.96428,0.04495
2139.03548,0.04398
2137.10669,0.04299
2135.17789,0.04151
2133.24909,0.04019
2131.32030,0.03921
2129.39150,0.03790
2127.46270,0.03634
2125.53391,0.03553
2123.60511,0.03510
2121.67631,0.03427
2119.74752,0.03363
2117.81872,0.03371
2115.88992,0.03397
2113.96113,0.03393
2112.03233,0.03376
2110.10353,0.03372
2108.17474,0.03371
2106.24594,0.03382
2104.31714,0.03421
2102.38835,0.03459
2100.45955,0.03449
2098.53075,0.03392
2096.60196,0.03330
2094.67316,0.03294
2092.74436,0.03262
2090.81557,0.03251
2088.88677,0.03307
2086.95797,0.03377
2085.02918,0.03402
2083.10038,0.03428
2081.17158,0.03478
2079.24279,0.03493
2077.31399,0.03468
2075.38519,0.03440
2073.45640,0.03427
2071.52760,0.03469
2069.59880,0.03565
2067.67001,0.03664
2065.74121,0.03722
2063.81241,0.03744
2061.88362,0.03720
2059.95482,0.03638
2058.02602,0.03590
2056.09723,0.03631
2054.16843,0.03697
2052.23963,0.03722
2050.31084,0.03749
2048.38204,0.03885
2046.45324,0.04113
2044.52445,0.04331
2042.59565,0.04527
2040.66685,0.04693
2038.73806,0.04691
2036.80926,0.04510
2034.88046,0.04441
2032.95167,0.04575
2031.02287,0.04657
2029.09407,0.04595
2027.16528,0.04560
2025.23648,0.04561
2023.30768,0.04465
2021.37889,0.04335
2019.45009,0.04306
2017.52129,0.04391
2015.59250,0.04478
2013.66370,0.04487
2011.73490,0.04457
2009.80611,0.04422
2007.87731,0.04303
2005.94851,0.04037
2004.01972,0.03828
2002.09092,0.03893
2000.16212,0.04039
1998.23333,0.03956
1996.30453,0.03702
1994.37574,0.03556
1992.44694,0.03618
1990.51814,0.03740
1988.58935,0.03741
1986.66055,0.03657
1984.73175,0.03649
1982.80296,0.03776
1980.87416,0.03958
1978.94536,0.04087
1977.01657,0.04117
1975.08777,0.04079
1973.15897,0.04032
1971.23018,0.03948
1969.30138,0.03811
1967.37258,0.03717
1965.44379,0.03704
1963.51499,0.03664
1961.58619,0.03547
1959.65740,0.03440
1957.72860,0.03400
1955.79980,0.03382
1953.87101,0.03333
1951.94221,0.03280
1950.01341,0.03262
1948.08462,0.03240
1946.15582,0.03210
1944.22702,0.03212
1942.29823,0.03191
1940.36943,0.03091
1938.44063,0.02968
1936.51184,0.02905
1934.58304,0.02925
1932.65424,0.02952
1930.72545,0.02941
1928.79665,0.02929
1926.86785,0.02935
1924.93906,0.02952
1923.01026,0.02972
1921.08146,0.02982
1919.15267,0.02978
1917.22387,0.02946
1915.29507,0.02905
1913.36628,0.02900
1911.43748,0.02926
1909.50868,0.02926
1907.57989,0.02873
1905.65109,0.02808
1903.72229,0.02770
1901.79350,0.02748
1899.86470,0.02730
1897.93590,0.02719
1896.00711,0.02723
1894.07831,0.02748
1892.14951,0.02788
1890.22072,0.02819
1888.29192,0.02806
1886.36312,0.02765
1884.43433,0.02742
1882.50553,0.02748
1880.57673,0.02772
1878.64794,0.02793
1876.71914,0.02792
1874.79034,0.02780
1872.86155,0.02796
1870.93275,0.02847
1869.00395,0.02876
1867.07516,0.02842
1865.14636,0.02788
1863.21756,0.02750
1861.28877,0.02725
1859.35997,0.02714
1857.43117,0.02703
1855.50238,0.02680
1853.57358,0.02666
1851.64478,0.02673
1849.71599,0.02701
1847.78719,0.02742
1845.85839,0.02781
1843.92960,0.02786
1842.00080,0.02746
1840.07200,0.02717
1838.14321,0.02713
1836.21441,0.02712
1834.28561,0.02726
1832.35682,0.02772
1830.42802,0.02813
1828.49922,0.02825
1826.57043,0.02833
1824.64163,0.02808
1822.71283,0.02741
1820.78404,0.02690
1818.85524,0.02680
1816.92644,0.02683
1814.99765,0.02688
1813.06885,0.02705
1811.14005,0.02715
1809.21126,0.02696
1807.28246,0.02665
1805.35366,0.02660
1803.42487,0.02693
1801.49607,0.02721
1799.56727,0.02710
1797.63848,0.02699
1795.70968,0.02723
1793.78088,0.02771
1791.85209,0.02785
1789.92329,0.02737
1787.99449,0.02703
1786.06570,0.02716
1784.13690,0.02735
1782.20810,0.02750
1780.27931,0.02758
1778.35051,0.02746
1776.42171,0.02747
1774.49292,0.02776
1772.56412,0.02802
1770.63532,0.02807
1768.70653,0.02789
1766.77773,0.02736
1764.84893,0.02703
1762.92014,0.02715
1760.99134,0.02716
1759.06254,0.02704
1757.13375,0.02694
1755.20495,0.02681
1753.27615,0.02718
1751.34736,0.02804
1749.41856,0.02828
1747.48976,0.02780
1745.56097,0.02736
1743.63217,0.02710
1741.70337,0.02682
1739.77458,0.02653
1737.84578,0.02665
1735.91698,0.02746
1733.98819,0.02829
1732.05939,0.02808
1730.13059,0.02741
1728.20180,0.02686
1726.27300,0.02663
1724.34420,0.02686
1722.41541,0.02736
1720.48661,0.02839
1718.55781,0.02998
1716.62902,0.03107
1714.70022,0.03126
1712.77142,0.03139
1710.84263,0.03218
1708.91383,0.03392
1706.98503,0.03666
1705.05624,0.04004
1703.12744,0.04377
1701.19864,0.04878
1699.26985,0.05482
1697.34105,0.06096
1695.41225,0.06841
1693.48346,0.07654
1691.55466,0.08539
1689.62586,0.09634
1687.69707,0.10820
1685.76827,0.12188
1683.83947,0.13937
1681.91068,0.15490
1679.98188,0.16739
1678.05308,0.18011
1676.12429,0.19439
1674.19549,0.20906
1672.26669,0.22144
1670.33790,0.23275
1668.40910,0.24316
1666.48030,0.25055
1664.55151,0.25627
1662.62271,0.26126
1660.69391,0.26444
1658.76512,0.26608
1656.83632,0.26747
1654.90752,0.26923
1652.97873,0.27030
1651.04993,0.27053
1649.12113,0.27227
1647.19234,0.27663
1645.26354,0.28306
1643.33474,0.29073
1641.40595,0.30075
1639.47715,0.31346
1637.54835,0.32944
1635.61956,0.35017
1633.69076,0.37044
1631.76197,0.38692
1629.83317,0.40309
1627.90437,0.41914
1625.97558,0.43233
1624.04678,0.44174
1622.11798,0.44699
1620.18919,0.44835
1618.26039,0.44743
1616.33159,0.44472
1614.40280,0.44175
1612.47400,0.44045
1610.54520,0.44142
1608.61641,0.44500
1606.68761,0.45099
1604.75881,0.45906
1602.83002,0.46863
1600.90122,0.47858
1598.97242,0.48767
1597.04363,0.49476
1595.11483,0.49871
1593.18603,0.49854
1591.25724,0.49406
1589.32844,0.48517
1587.39964,0.47216
1585.47085,0.45581
1583.54205,0.43682
1581.61325,0.41646
1579.68446,0.39653
1577.75566,0.37535
1575.82686,0.35025
1573.89807,0.32792
1571.96927,0.31020
1570.04047,0.29145
1568.11168,0.27253
1566.18288,0.25649
1564.25408,0.24269
1562.32529,0.23174
1560.39649,0.22109
1558.46769,0.20606
1556.53890,0.19292
1554.61010,0.18360
1552.68130,0.17530
1550.75251,0.16778
1548.82371,0.16086
1546.89491,0.15524
1544.96612,0.15087
1543.03732,0.14665
1541.10852,0.14159
1539.17973,0.13552
1537.25093,0.13099
1535.32213,0.12823
1533.39334,0.12536
1531.46454,0.12213
1529.53574,0.11970
1527.60695,0.11785
1525.67815,0.11586
1523.74935,0.11398
1521.82056,0.11219
1519.89176,0.11019
1517.96296,0.10835
1516.03417,0.10654
1514.10537,0.10490
1512.17657,0.10426
1510.24778,0.10485
1508.31898,0.10576
1506.39018,0.10506
1504.46139,0.10360
1502.53259,0.10378
1500.60379,0.10558
1498.67500,0.10854
1496.74620,0.11222
1494.81740,0.11621
1492.88861,0.12122
1490.95981,0.12846
1489.03101,0.13725
1487.10222,0.14585
1485.17342,0.15482
1483.24462,0.16530
1481.31583,0.17745
1479.38703,0.19048
1477.45823,0.20413
1475.52944,0.21853
1473.60064,0.23329
1471.67184,0.24687
1469.74305,0.25705
1467.81425,0.26514
1465.88545,0.27256
1463.95666,0.27786
1462.02786,0.28021
1460.09906,0.28072
1458.17027,0.27836
1456.24147,0.27038
1454.31267,0.25974
1452.38388,0.24905
1450.45508,0.23754
1448.52628,0.22464
1446.59749,0.21071
1444.66869,0.19729
1442.73989,0.18482
1440.81110,0.17366
1438.88230,0.16404
1436.95350,0.15392
1435.02471,0.14345
1433.09591,0.13503
1431.16711,0.12794
1429.23832,0.12111
1427.30952,0.11515
1425.38072,0.11028
1423.45193,0.10603
1421.52313,0.10262
1419.59433,0.09962
1417.66554,0.09585
1415.73674,0.09187
1413.80794,0.08860
1411.87915,0.08599
1409.95035,0.08368
1408.02155,0.08171
1406.09276,0.08002
1404.16396,0.07817
1402.23516,0.07651
1400.30637,0.07552
1398.37757,0.07483
1396.44877,0.07387
1394.51998,0.07238
1392.59118,0.07062
1390.66238,0.06949
1388.73359,0.06903
1386.80479,0.06826
1384.87599,0.06694
1382.94720,0.06586
1381.01840,0.06525
1379.08960,0.06481
1377.16081,0.06450
1375.23201,0.06428
1373.30321,0.06365
1371.37442,0.06268
1369.44562,0.06189
1367.51682,0.06136
1365.58803,0.06122
1363.65923,0.06142
1361.73043,0.06107
1359.80164,0.06006
1357.87284,0.05922
1355.94404,0.05875
1354.01525,0.05837
1352.08645,0.05801
1350.15765,0.05774
1348.22886,0.05752
1346.30006,0.05734
1344.37126,0.05734
1342.44247,0.05780
1340.51367,0.05855
1338.58487,0.05876
1336.65608,0.05824
1334.72728,0.05767
1332.79848,0.05740
1330.86969,0.05728
1328.94089,0.05712
1327.01209,0.05690
1325.08330,0.05667
1323.15450,0.05645
1321.22570,0.05633
1319.29691,0.05626
1317.36811,0.05607
1315.43931,0.05578
1313.51052,0.05547
1311.58172,0.05511
1309.65292,0.05477
1307.72413,0.05454
1305.79533,0.05436
1303.86653,0.05424
1301.93774,0.05417
1300.00894,0.05415
1298.08014,0.05418
1296.15135,0.05422
1294.22255,0.05423
1292.29375,0.05429
1290.36496,0.05441
1288.43616,0.05453
1286.50736,0.05456
1284.57857,0.05455
1282.64977,0.05456
1280.72097,0.05458
1278.79218,0.05454
1276.86338,0.05451
1274.93458,0.05451
1273.00579,0.05455
1271.07699,0.05458
1269.14820,0.05454
1267.21940,0.05447
1265.29060,0.05440
1263.36181,0.05431
1261.43301,0.05424
1259.50421,0.05419
1257.57542,0.05415
1255.64662,0.05417
1253.71782,0.05426
1251.78903,0.05437
1249.86023,0.05449
1247.93143,0.05466
1246.00264,0.05489
1244.07384,0.05512
1242.14504,0.05530
1240.21625,0.05549
1238.28745,0.05571
1236.35865,0.05594
1234.42986,0.05612
1232.50106,0.05631
1230.57226,0.05656
1228.64347,0.05682
1226.71467,0.05705
1224.78587,0.05727
1222.85708,0.05751
1220.92828,0.05777
1218.99948,0.05808
1217.07069,0.05844
1215.14189,0.05885
1213.21309,0.05930
1211.28430,0.05973
1209.35550,0.06020
1207.42670,0.06077
1205.49791,0.06149
1203.56911,0.06231
1201.64031,0.06325
1199.71152,0.06435
1197.78272,0.06561
1195.85392,0.06703
1193.92513,0.06863
1191.99633,0.07050
1190.06753,0.07261
1188.13874,0.07495
1186.20994,0.07752
1184.28114,0.08036
1182.35235,0.08354
1180.42355,0.08715
1178.49475,0.09117
1176.56596,0.09547
1174.63716,0.10001
1172.70836,0.10478
1170.77957,0.10971
1168.85077,0.11466
1166.92197,0.11948
1164.99318,0.12396
1163.06438,0.12784
1161.13558,0.13086
1159.20679,0.13278
1157.27799,0.13346
1155.34919,0.13282
1153.42040,0.13095
1151.49160,0.12803
1149.56280,0.12424
1147.63401,0.11980
1145.70521,0.11495
1143.77641,0.10995
1141.84762,0.10506
1139.91882,0.10042
1137.99002,0.09609
1136.06123,0.09206
1134.13243,0.08836
1132.20363,0.08504
1130.27484,0.08211
1128.34604,0.07952
1126.41724,0.07721
1124.48845,0.07517
1122.55965,0.07335
1120.63085,0.07170
1118.70206,0.07024
1116.77326,0.06895
1114.84446,0.06781
1112.91567,0.06685
1110.98687,0.06604
1109.05807,0.06533
1107.12928,0.06473
1105.20048,0.06425
1103.27168,0.06385
1101.34289,0.06353
1099.41409,0.06331
1097.48529,0.06321
1095.55650,0.06323
1093.62770,0.06336
1091.69890,0.06362
1089.77011,0.06397
1087.84131,0.06439
1085.91251,0.06483
1083.98372,0.06529
1082.05492,0.06579
1080.12612,0.06635
1078.19733,0.06689
1076.26853,0.06739
1074.33973,0.06787
1072.41094,0.06834
1070.48214,0.06872
1068.55334,0.06896
1066.62455,0.06905
1064.69575,0.06901
1062.76695,0.06883
1060.83816,0.06850
1058.90936,0.06805
1056.98056,0.06748
1055.05177,0.06680
1053.12297,0.06609
1051.19417,0.06539
1049.26538,0.06473
1047.33658,0.06410
1045.40778,0.06352
1043.47899,0.06295
1041.55019,0.06239
1039.62139,0.06184
1037.69260,0.06129
1035.76380,0.06076
1033.83500,0.06027
1031.90621,0.05979
1029.97741,0.05929
1028.04861,0.05876
1026.11982,0.05824
1024.19102,0.05777
1022.26222,0.05736
1020.33343,0.05701
1018.40463,0.05673
1016.47583,0.05654
1014.54704,0.05639
1012.61824,0.05622
1010.68944,0.05597
1008.76065,0.05557
1006.83185,0.05503
1004.90305,0.05442
1002.97426,0.05378
1001.04546,0.05318
999.11666,0.05265
997.18787,0.05224
995.25907,0.05197
993.33027,0.05177
991.40148,0.05157
989.47268,0.05131
987.54388,0.05103
985.61509,0.05075
983.68629,0.05046
981.75749,0.05015
979.82870,0.04977
977.89990,0.04929
975.97110,0.04878
974.04231,0.04828
972.11351,0.04778
970.18471,0.04723
968.25592,0.04668
966.32712,0.04619
964.39832,0.04574
962.46953,0.04528
960.54073,0.04479
958.61193,0.04426
956.68314,0.04373
954.75434,0.04324
952.82554,0.04281
950.89675,0.04241
948.96795,0.04201
947.03915,0.04164
945.11036,0.04132
943.18156,0.04102
941.25276,0.04067
939.32397,0.04030
937.39517,0.03992
935.46637,0.03954
933.53758,0.03915
931.60878,0.03874
929.67998,0.03831
927.75119,0.03786
925.82239,0.03740
923.89359,0.03688
921.96480,0.03630
920.03600,0.03576
918.10720,0.03528
916.17841,0.03480
914.24961,0.03428
912.32081,0.03375
910.39202,0.03326
908.46322,0.03283
906.53443,0.03244
904.60563,0.03208
902.67683,0.03174
900.74804,0.03145
898.81924,0.03120
896.89044,0.03093
894.96165,0.03061
893.03285,0.03024
891.10405,0.02986
889.17526,0.02951
887.24646,0.02914
885.31766,0.02872
883.38887,0.02827
881.46007,0.02786
879.53127,0.02743
877.60248,0.02694
875.67368,0.02645
873.74488,0.02596
871.81609,0.02549
869.88729,0.02503
867.95849,0.02454
866.02970,0.02403
864.10090,0.02352
862.17210,0.02302
860.24331,0.02258
858.31451,0.02220
856.38571,0.02182
854.45692,0.02145
852.52812,0.02112
850.59932,0.02083
848.67053,0.02058
846.74173,0.02039
844.81293,0.02027
842.88414,0.02013
840.95534,0.01992
839.02654,0.01970
837.09775,0.01948
835.16895,0.01929
833.24015,0.01913
831.31136,0.01900
829.38256,0.01890
827.45376,0.01883
825.52497,0.01874
823.59617,0.01868
821.66737,0.01868
819.73858,0.01870
817.80978,0.01874
815.88098,0.01889
813.95219,0.01910
812.02339,0.01922
810.09459,0.01933
808.16580,0.01964
806.23700,0.02014
804.30820,0.02071
802.37941,0.02139
800.45061,0.02217
798.52181,0.02309
796.59302,0.02434
794.66422,0.02590
792.73542,0.02740
790.80663,0.02859
788.87783,0.02951
786.94903,0.03029
785.02024,0.03088
783.09144,0.03100
781.16264,0.03040
779.23385,0.02928
777.30505,0.02794
775.37625,0.02646
773.44746,0.02503
771.51866,0.02402
769.58986,0.02341
767.66107,0.02288
765.73227,0.02243
763.80347,0.02206
761.87468,0.02166
759.94588,0.02138
758.01708,0.02126
756.08829,0.02099
754.15949,0.02048
752.23069,0.02019
750.30190,0.02024
748.37310,0.02012
