3496.90832,0.03834
3494.97953,0.03369
3493.05073,0.03213
3491.12193,0.03814
3489.19314,0.04585
3487.26434,0.04924
3485.33554,0.04502
3483.40675,0.03918
3481.47795,0.03919
3479.54915,0.04163
3477.62036,0.04336
3475.69156,0.04640
3473.76276,0.04999
3471.83397,0.05106
3469.90517,0.04945
3467.97637,0.04874
3466.04758,0.04915
3464.11878,0.04768
3462.18998,0.04567
3460.26119,0.04434
3458.33239,0.04100
3456.40359,0.03663
3454.47480,0.03620
3452.54600,0.03918
3450.61721,0.04004
3448.68841,0.03831
3446.75961,0.03768
3444.83082,0.03817
3442.90202,0.03915
3440.97322,0.04078
3439.04443,0.03932
3437.11563,0.03143
3435.18683,0.02221
3433.25804,0.01891
3431.32924,0.02013
3429.40044,0.02362
3427.47165,0.02867
3425.54285,0.03120
3423.61405,0.03246
3421.68526,0.03395
3419.75646,0.03249
3417.82766,0.02999
3415.89887,0.02553
3413.97007,0.01475
3412.04127,0.00373
3410.11248,0.00111
3408.18368,0.00536
3406.25488,0.01134
3404.32609,0.01324
3402.39729,0.01136
3400.46849,0.01361
3398.53970,0.01565
3396.61090,0.00830
3394.68210,-0.00051
3392.75331,0.00007
3390.82451,0.00549
3388.89571,0.01005
3386.96692,0.01480
3385.03812,0.01526
3383.10932,0.01289
3381.18053,0.02034
3379.25173,0.03491
3377.32293,0.04103
3375.39414,0.03525
3373.46534,0.02921
3371.53654,0.03057
3369.60775,0.03470
3367.67895,0.03988
3365.75015,0.04452
3363.82136,0.04677
3361.89256,0.05081
3359.96376,0.05264
3358.03497,0.04525
3356.10617,0.03682
3354.17737,0.03860
3352.24858,0.04687
3350.31978,0.05152
3348.39098,0.04877
3346.46219,0.04186
3344.53339,0.03955
3342.60459,0.04284
3340.67580,0.04459
3338.74700,0.04191
3336.81820,0.03466
3334.88941,0.02520
3332.96061,0.01858
3331.03181,0.02087
3329.10302,0.03430
3327.17422,0.04494
3325.24542,0.03952
3323.31663,0.02689
3321.38783,0.01960
3319.45903,0.01813
3317.53024,0.01779
3315.60144,0.01529
3313.67264,0.01325
3311.74385,0.01605
3309.81505,0.02228
3307.88625,0.02832
3305.95746,0.02872
3304.02866,0.02251
3302.09986,0.01590
3300.17107,0.00990
3298.24227,0.00321
3296.31347,-0.00002
3294.38468,0.00197
3292.45588,0.00491
3290.52708,0.00591
3288.59829,0.00733
3286.66949,0.00849
3284.74069,0.00722
3282.81190,0.00379
3280.88310,-0.00133
3278.95430,-0.00117
3277.02551,0.00748
3275.09671,0.01567
3273.16791,0.01743
3271.23912,0.01229
3269.31032,0.00229
3267.38152,-0.00745
3265.45273,-0.01441
3263.52393,-0.01820
3261.59513,-0.01772
3259.66634,-0.01334
3257.73754,-0.00590
3255.80874,0.00348
3253.87995,0.01033
3251.95115,0.01082
3250.02235,0.00743
3248.09356,0.00352
3246.16476,0.00073
3244.23596,0.00228
3242.30717,0.00598
3240.37837,0.00696
3238.44957,0.00918
3236.52078,0.01596
3234.59198,0.02117
3232.66318,0.01988
3230.73439,0.01673
3228.80559,0.01656
3226.87679,0.01613
3224.94800,0.01429
3223.01920,0.01467
3221.09040,0.01900
3219.16161,0.02668
3217.23281,0.03457
3215.30401,0.03825
3213.37522,0.03745
3211.44642,0.03667
3209.51762,0.03679
3207.58883,0.03363
3205.66003,0.03055
3203.73123,0.03399
3201.80244,0.03827
3199.87364,0.03696
3197.94484,0.03487
3196.01605,0.03555
3194.08725,0.03633
3192.15845,0.03496
3190.22966,0.03354
3188.30086,0.03285
3186.37206,0.02941
3184.44327,0.02656
3182.51447,0.02929
3180.58567,0.03330
3178.65688,0.03369
3176.72808,0.02969
3174.79928,0.02376
3172.87049,0.01908
3170.94169,0.01561
3169.01289,0.01382
3167.08410,0.01545
3165.15530,0.01882
3163.22650,0.02044
3161.29771,0.02012
3159.36891,0.01897
3157.44011,0.01764
3155.51132,0.01713
3153.58252,0.01742
3151.65372,0.01832
3149.72493,0.01910
3147.79613,0.01846
3145.86733,0.01721
3143.93854,0.01647
3142.00974,0.01596
3140.08094,0.01547
3138.15215,0.01509
3136.22335,0.01410
3134.29455,0.01249
3132.36576,0.01160
3130.43696,0.01127
3128.50816,0.01072
3126.57937,0.01050
3124.65057,0.01121
3122.72177,0.01333
3120.79298,0.01649
3118.86418,0.01857
3116.93538,0.01804
3115.00659,0.01534
3113.07779,0.01229
3111.14899,0.01047
3109.22020,0.00948
3107.29140,0.00972
3105.36260,0.01188
3103.43381,0.01337
3101.50501,0.01278
3099.57621,0.01167
3097.64742,0.01024
3095.71862,0.00884
3093.78982,0.00914
3091.86103,0.01061
3089.93223,0.01171
3088.00344,0.01212
3086.07464,0.01198
3084.14584,0.01200
3082.21705,0.01220
3080.28825,0.01174
3078.35945,0.01107
3076.43066,0.01049
3074.50186,0.00951
3072.57306,0.00934
3070.64427,0.01068
3068.71547,0.01133
3066.78667,0.01046
3064.85788,0.01002
3062.92908,0.01074
3061.00028,0.01158
3059.07149,0.01125
3057.14269,0.01002
3055.21389,0.01001
3053.28510,0.01152
3051.35630,0.01215
3049.42750,0.01077
3047.49871,0.00919
3045.56991,0.00915
3043.64111,0.01005
3041.71232,0.01075
3039.78352,0.01111
3037.85472,0.01172
3035.92593,0.01257
3033.99713,0.01274
3032.06833,0.01247
3030.13954,0.01275
3028.21074,0.01341
3026.28194,0.01380
3024.35315,0.01363
3022.42435,0.01336
3020.49555,0.01332
3018.56676,0.01325
3016.63796,0.01342
3014.70916,0.01395
3012.78037,0.01428
3010.85157,0.01417
3008.92277,0.01405
3006.99398,0.01428
3005.06518,0.01445
3003.13638,0.01407
3001.20759,0.01349
2999.27879,0.01331
2997.34999,0.01348
2995.42120,0.01393
2993.49240,0.01463
2991.56360,0.01495
2989.63481,0.01492
2987.70601,0.01491
2985.77721,0.01462
2983.84842,0.01428
2981.91962,0.01459
2979.99082,0.01516
2978.06203,0.01538
2976.13323,0.01535
2974.20443,0.01501
2972.27564,0.01482
2970.34684,0.01515
2968.41804,0.01527
2966.48925,0.01516
2964.56045,0.01526
2962.63165,0.01527
2960.70286,0.01523
2958.77406,0.01553
2956.84526,0.01616
2954.91647,0.01661
2952.98767,0.01650
2951.05887,0.01624
2949.13008,0.01648
2947.20128,0.01701
2945.27248,0.01713
2943.34369,0.01681
2941.41489,0.01647
2939.48609,0.01642
2937.55730,0.01653
2935.62850,0.01666
2933.69970,0.01691
2931.77091,0.01722
2929.84211,0.01708
2927.91331,0.01641
2925.98452,0.01600
2924.05572,0.01630
2922.12692,0.01699
2920.19813,0.01766
2918.26933,0.01817
2916.34053,0.01862
2914.41174,0.01884
2912.48294,0.01861
2910.55414,0.01818
2908.62535,0.01795
2906.69655,0.01787
2904.76775,0.01789
2902.83896,0.01800
2900.91016,0.01798
2898.98136,0.01793
2897.05257,0.01814
2895.12377,0.01842
2893.19497,0.01852
2891.26618,0.01864
2889.33738,0.01903
2887.40858,0.01938
2885.47979,0.01933
2883.55099,0.01937
2881.62219,0.01981
2879.69340,0.02012
2877.76460,0.02013
2875.83580,0.02025
2873.90701,0.02046
2871.97821,0.02054
2870.04941,0.02057
2868.12062,0.02073
2866.19182,0.02109
2864.26302,0.02157
2862.33423,0.02198
2860.40543,0.02217
2858.47663,0.02223
2856.54784,0.02226
2854.61904,0.02244
2852.69024,0.02271
2850.76145,0.02289
2848.83265,0.02320
2846.90385,0.02364
2844.97506,0.02391
2843.04626,0.02405
2841.11746,0.02405
2839.18867,0.02399
2837.25987,0.02414
2835.33107,0.02462
2833.40228,0.02519
2831.47348,0.02559
2829.54468,0.02573
2827.61589,0.02562
2825.68709,0.02550
2823.75829,0.02560
2821.82950,0.02586
2819.90070,0.02611
2817.97190,0.02621
2816.04311,0.02616
2814.11431,0.02614
2812.18551,0.02621
2810.25672,0.02614
2808.32792,0.02582
2806.39912,0.02553
2804.47033,0.02543
2802.54153,0.02548
2800.61273,0.02561
2798.68394,0.02570
2796.75514,0.02552
2794.82634,0.02507
2792.89755,0.02465
2790.96875,0.02446
2789.03995,0.02444
2787.11116,0.02437
2785.18236,0.02427
2783.25356,0.02435
2781.32477,0.02443
2779.39597,0.02415
2777.46717,0.02366
2775.53838,0.02335
2773.60958,0.02329
2771.68078,0.02321
2769.75199,0.02316
2767.82319,0.02339
2765.89439,0.02363
2763.96560,0.02353
2762.03680,0.02327
2760.10800,0.02304
2758.17921,0.02275
2756.25041,0.02246
2754.32161,0.02224
2752.39282,0.02200
2750.46402,0.02188
2748.53522,0.02200
2746.60643,0.02212
2744.67763,0.02221
2742.74883,0.02248
2740.82004,0.02271
2738.89124,0.02259
2736.96244,0.02240
2735.03365,0.02253
2733.10485,0.02271
2731.17605,0.02267
2729.24726,0.02260
2727.31846,0.02269
2725.38967,0.02278
2723.46087,0.02274
2721.53207,0.02274
2719.60328,0.02290
2717.67448,0.02310
2715.74568,0.02329
2713.81689,0.02340
2711.88809,0.02328
2709.95929,0.02298
2708.03050,0.02275
2706.10170,0.02265
2704.17290,0.02262
2702.24411,0.02268
2700.31531,0.02281
2698.38651,0.02291
2696.45772,0.02291
2694.52892,0.02286
2692.60012,0.02287
2690.67133,0.02291
2688.74253,0.02293
2686.81373,0.02300
2684.88494,0.02308
2682.95614,0.02312
2681.02734,0.02310
2679.09855,0.02307
2677.16975,0.02303
2675.24095,0.02293
2673.31216,0.02279
2671.38336,0.02266
2669.45456,0.02263
2667.52577,0.02271
2665.59697,0.02282
2663.66817,0.02289
2661.73938,0.02287
2659.81058,0.02278
2657.88178,0.02267
2655.95299,0.02252
2654.02419,0.02245
2652.09539,0.02254
2650.16660,0.02253
2648.23780,0.02249
2646.30900,0.02264
2644.38021,0.02281
2642.45141,0.02295
2640.52261,0.02316
2638.59382,0.02324
2636.66502,0.02313
2634.73622,0.02311
2632.80743,0.02340
2630.87863,0.02385
2628.94983,0.02414
2627.02104,0.02416
2625.09224,0.02414
2623.16344,0.02439
2621.23465,0.02477
2619.30585,0.02484
2617.37705,0.02464
2615.44826,0.02456
2613.51946,0.02455
2611.59066,0.02451
2609.66187,0.02458
2607.73307,0.02474
2605.80427,0.02480
2603.87548,0.02485
2601.94668,0.02510
2600.01788,0.02531
2598.08909,0.02532
2596.16029,0.02552
2594.23149,0.02590
2592.30270,0.02598
2590.37390,0.02569
2588.44510,0.02522
2586.51631,0.02467
2584.58751,0.02442
2582.65871,0.02473
2580.72992,0.02503
2578.80112,0.02503
2576.87232,0.02526
2574.94353,0.02569
2573.01473,0.02574
2571.08593,0.02549
2569.15714,0.02532
2567.22834,0.02536
2565.29954,0.02552
2563.37075,0.02564
2561.44195,0.02563
2559.51315,0.02542
2557.58436,0.02502
2555.65556,0.02477
2553.72676,0.02472
2551.79797,0.02455
2549.86917,0.02443
2547.94037,0.02462
2546.01158,0.02491
2544.08278,0.02497
2542.15398,0.02468
2540.22519,0.02421
2538.29639,0.02406
2536.36759,0.02446
2534.43880,0.02494
2532.51000,0.02507
2530.58120,0.02498
2528.65241,0.02488
2526.72361,0.02489
2524.79481,0.02478
2522.86602,0.02430
2520.93722,0.02382
2519.00842,0.02376
2517.07963,0.02403
2515.15083,0.02440
2513.22203,0.02474
2511.29324,0.02469
2509.36444,0.02415
2507.43564,0.02374
2505.50685,0.02393
2503.57805,0.02410
2501.64925,0.02387
2499.72046,0.02375
2497.79166,0.02391
2495.86286,0.02391
2493.93407,0.02374
2492.00527,0.02347
2490.07647,0.02302
2488.14768,0.02289
2486.21888,0.02335
2484.29008,0.02385
2482.36129,0.02403
2480.43249,0.02397
2478.50369,0.02380
2476.57490,0.02364
2474.64610,0.02354
2472.71730,0.02341
2470.78851,0.02339
2468.85971,0.02362
2466.93091,0.02377
2465.00212,0.02365
2463.07332,0.02356
2461.14452,0.02349
2459.21573,0.02327
2457.28693,0.02305
2455.35813,0.02285
2453.42934,0.02264
2451.50054,0.02261
2449.57174,0.02258
2447.64295,0.02230
2445.71415,0.02214
2443.78535,0.02236
2441.85656,0.02267
2439.92776,0.02301
2437.99896,0.02326
2436.07017,0.02310
2434.14137,0.02274
2432.21257,0.02257
2430.28378,0.02241
2428.35498,0.02221
2426.42618,0.02219
2424.49739,0.02221
2422.56859,0.02199
2420.63979,0.02153
2418.71100,0.02104
2416.78220,0.02070
2414.85340,0.02046
2412.92461,0.02023
2410.99581,0.02011
2409.06701,0.02027
2407.13822,0.02044
2405.20942,0.02030
2403.28062,0.02002
2401.35183,0.01969
2399.42303,0.01904
2397.49423,0.01835
2395.56544,0.01811
2393.63664,0.01816
2391.70784,0.01814
2389.77905,0.01822
2387.85025,0.01895
2385.92145,0.02079
2383.99266,0.02402
2382.06386,0.02881
2380.13506,0.03504
2378.20627,0.04208
2376.27747,0.04927
2374.34867,0.05672
2372.41988,0.06452
2370.49108,0.07209
2368.56228,0.07893
2366.63349,0.08503
2364.70469,0.09008
2362.77589,0.09335
2360.84710,0.09443
2358.91830,0.09306
2356.98951,0.08892
2355.06071,0.08195
2353.13191,0.07253
2351.20312,0.06304
2349.27432,0.05813
2347.34552,0.06044
2345.41673,0.06715
2343.48793,0.07168
2341.55913,0.07230
2339.63034,0.07138
2337.70154,0.06980
2335.77274,0.06820
2333.84395,0.06755
2331.91515,0.06764
2329.98635,0.06679
2328.05756,0.06451
2326.12876,0.06242
2324.19996,0.06138
2322.27117,0.06012
2320.34237,0.05722
2318.41357,0.05301
2316.48478,0.04888
2314.55598,0.04588
2312.62718,0.04383
2310.69839,0.04185
2308.76959,0.03955
2306.84079,0.03692
2304.91200,0.03417
2302.98320,0.03182
2301.05440,0.03012
2299.12561,0.02864
2297.19681,0.02727
2295.26801,0.02623
2293.33922,0.02539
2291.41042,0.02453
2289.48162,0.02375
2287.55283,0.02319
2285.62403,0.02286
2283.69523,0.02281
2281.76644,0.02325
2279.83764,0.02419
2277.90884,0.02518
2275.98005,0.02571
2274.05125,0.02580
2272.12245,0.02597
2270.19366,0.02691
2268.26486,0.02846
2266.33606,0.02963
2264.40727,0.03011
2262.47847,0.03034
2260.54967,0.03050
2258.62088,0.03087
2256.69208,0.03141
2254.76328,0.03126
2252.83449,0.03044
2250.90569,0.03024
2248.97689,0.03103
2247.04810,0.03148
2245.11930,0.03100
2243.19050,0.03080
2241.26171,0.03162
2239.33291,0.03295
2237.40411,0.03410
2235.47532,0.03487
2233.54652,0.03539
2231.61772,0.03574
2229.68893,0.03637
2227.76013,0.03741
2225.83133,0.03797
2223.90254,0.03790
2221.97374,0.03816
2220.04494,0.03887
2218.11615,0.03943
2216.18735,0.03980
2214.25855,0.04035
2212.32976,0.04069
2210.40096,0.04071
2208.47216,0.04119
2206.54337,0.04204
2204.61457,0.04281
2202.68577,0.04319
2200.75698,0.04309
2198.82818,0.04360
2196.89938,0.04472
2194.97059,0.04498
2193.04179,0.04508
2191.11299,0.04658
2189.18420,0.04896
2187.25540,0.05108
2185.32660,0.05247
2183.39781,0.05298
2181.46901,0.05351
2179.54021,0.05461
2177.61142,0.05539
2175.68262,0.05507
2173.75382,0.05375
2171.82503,0.05307
2169.89623,0.05383
2167.96743,0.05432
2166.03864,0.05445
2164.10984,0.05716
2162.18104,0.06451
2160.25225,0.07249
2158.32345,0.07315
2156.39465,0.06657
2154.46586,0.05897
2152.53706,0.05320
2150.60826,0.04957
2148.67947,0.04677
2146.75067,0.04327
2144.82187,0.04006
2142.89308,0.03756
2140.96428,0.03443
2139.03548,0.03167
2137.10669,0.03054
2135.17789,0.02972
2133.24909,0.02779
2131.32030,0.02527
2129.39150,0.02328
2127.46270,0.02185
2125.53391,0.02071
2123.60511,0.01987
2121.67631,0.01917
2119.74752,0.01844
2117.81872,0.01789
2115.88992,0.01767
2113.96113,0.01749
2112.03233,0.01734
2110.10353,0.01764
2108.17474,0.01820
2106.24594,0.01849
2104.31714,0.01857
2102.38835,0.01871
2100.45955,0.01872
2098.53075,0.01832
2096.60196,0.01778
2094.67316,0.01752
2092.74436,0.01713
2090.81557,0.01640
2088.88677,0.01618
2086.95797,0.01691
2085.02918,0.01780
2083.10038,0.01824
2081.17158,0.01829
2079.24279,0.01837
2077.31399,0.01892
2075.38519,0.01969
2073.45640,0.02027
2071.52760,0.02072
2069.59880,0.02116
2067.67001,0.02165
2065.74121,0.02186
2063.81241,0.02183
2061.88362,0.02225
2059.95482,0.02281
2058.02602,0.02258
2056.09723,0.02217
2054.16843,0.02271
2052.23963,0.02390
2050.31084,0.02549
2048.38204,0.02776
2046.45324,0.02999
2044.52445,0.03163
2042.59565,0.03297
2040.66685,0.03444
2038.73806,0.03540
2036.80926,0.03539
2034.88046,0.03592
2032.95167,0.03732
2031.02287,0.03756
2029.09407,0.03644
2027.16528,0.03616
2025.23648,0.03696
2023.30768,0.03690
2021.37889,0.03527
2019.45009,0.03388
2017.52129,0.03465
2015.59250,0.03606
2013.66370,0.03563
2011.73490,0.03364
2009.80611,0.03243
2007.87731,0.03209
2005.94851,0.02977
2004.01972,0.02663
2002.09092,0.02611
2000.16212,0.02703
1998.23333,0.02691
1996.30453,0.02554
1994.37574,0.02389
1992.44694,0.02341
1990.51814,0.02400
1988.58935,0.02446
1986.66055,0.02474
1984.73175,0.02463
1982.80296,0.02477
1980.87416,0.02642
1978.94536,0.02824
1977.01657,0.02839
1975.08777,0.02793
1973.15897,0.02728
1971.23018,0.02548
1969.30138,0.02367
1967.37258,0.02314
1965.44379,0.02324
1963.51499,0.02265
1961.58619,0.02093
1959.65740,0.01912
1957.72860,0.01792
1955.79980,0.01706
1953.87101,0.01653
1951.94221,0.01645
1950.01341,0.01642
1948.08462,0.01603
1946.15582,0.01586
1944.22702,0.01640
1942.29823,0.01648
1940.36943,0.01512
1938.44063,0.01314
1936.51184,0.01164
1934.58304,0.01100
1932.65424,0.01072
1930.72545,0.01047
1928.79665,0.01064
1926.86785,0.01115
1924.93906,0.01170
1923.01026,0.01201
1921.08146,0.01195
1919.15267,0.01179
1917.22387,0.01124
1915.29507,0.01035
1913.36628,0.01007
1911.43748,0.01047
1909.50868,0.01068
1907.57989,0.01016
1905.65109,0.00933
1903.72229,0.00891
1901.79350,0.00886
1899.86470,0.00880
1897.93590,0.00886
1896.00711,0.00904
1894.07831,0.00904
1892.14951,0.00916
1890.22072,0.00942
1888.29192,0.00917
1886.36312,0.00863
1884.43433,0.00839
1882.50553,0.00843
1880.57673,0.00850
1878.64794,0.00846
1876.71914,0.00836
1874.79034,0.00837
1872.86155,0.00887
1870.93275,0.00999
1869.00395,0.01076
1867.07516,0.01018
1865.14636,0.00905
1863.21756,0.00843
1861.28877,0.00824
1859.35997,0.00808
1857.43117,0.00781
1855.50238,0.00753
1853.57358,0.00745
1851.64478,0.00766
1849.71599,0.00820
1847.78719,0.00901
1845.85839,0.00998
1843.92960,0.01021
1842.00080,0.00929
1840.07200,0.00849
1838.14321,0.00829
1836.21441,0.00819
1834.28561,0.00820
1832.35682,0.00896
1830.42802,0.00993
1828.49922,0.01011
1826.57043,0.00990
1824.64163,0.00943
1822.71283,0.00849
1820.78404,0.00781
1818.85524,0.00775
1816.92644,0.00779
1814.99765,0.00781
1813.06885,0.00818
1811.14005,0.00855
1809.21126,0.00833
1807.28246,0.00777
1805.35366,0.00770
1803.42487,0.00841
1801.49607,0.00918
1799.56727,0.00917
1797.63848,0.00879
1795.70968,0.00908
1793.78088,0.01012
1791.85209,0.01045
1789.92329,0.00925
1787.99449,0.00826
1786.06570,0.00833
1784.13690,0.00863
1782.20810,0.00882
1780.27931,0.00887
1778.35051,0.00869
1776.42171,0.00894
1774.49292,0.01011
1772.56412,0.01126
1770.63532,0.01110
1768.70653,0.01004
1766.77773,0.00880
1764.84893,0.00831
1762.92014,0.00881
1760.99134,0.00908
1759.06254,0.00885
1757.13375,0.00860
1755.20495,0.00836
1753.27615,0.00903
1751.34736,0.01068
1749.41856,0.01133
1747.48976,0.01045
1745.56097,0.00953
1743.63217,0.00917
1741.70337,0.00914
1739.77458,0.00893
1737.84578,0.00900
1735.91698,0.01036
1733.98819,0.01180
1732.05939,0.01095
1730.13059,0.00924
1728.20180,0.00803
1726.27300,0.00763
1724.34420,0.00809
1722.41541,0.00907
1720.48661,0.01125
1718.55781,0.01475
1716.62902,0.01695
1714.70022,0.01665
1712.77142,0.01610
1710.84263,0.01705
1708.91383,0.01991
1706.98503,0.02453
1705.05624,0.02992
1703.12744,0.03579
1701.19864,0.04412
1699.26985,0.05356
1697.34105,0.06187
1695.41225,0.07136
1693.48346,0.08153
1691.55466,0.09299
1689.62586,0.10771
1687.69707,0.12384
1685.76827,0.14270
1683.83947,0.16578
1681.91068,0.18427
1679.98188,0.19841
1678.05308,0.21368
1676.12429,0.23152
1674.19549,0.24961
1672.26669,0.26475
1670.33790,0.27887
1668.40910,0.29149
1666.48030,0.30003
1664.55151,0.30727
1662.62271,0.31401
1660.69391,0.31800
1658.76512,0.32006
1656.83632,0.32268
1654.90752,0.32682
1652.97873,0.32914
1651.04993,0.32793
1649.12113,0.32918
1647.19234,0.33405
1645.26354,0.33988
1643.33474,0.34681
1641.40595,0.35774
1639.47715,0.37308
1637.54835,0.39334
1635.61956,0.41955
1633.69076,0.44439
1631.76197,0.46505
1629.83317,0.48722
1627.90437,0.51092
1625.97558,0.53173
1624.04678,0.54828
1622.11798,0.55954
1620.18919,0.56540
1618.26039,0.56867
1616.33159,0.56909
1614.40280,0.56684
1612.47400,0.56569
1610.54520,0.56717
1608.61641,0.57142
1606.68761,0.57839
1604.75881,0.58830
1602.83002,0.60050
1600.90122,0.61354
1598.97242,0.62626
1597.04363,0.63753
1595.11483,0.64601
1593.18603,0.65018
1591.25724,0.64959
1589.32844,0.64383
1587.39964,0.63292
1585.47085,0.61747
1583.54205,0.59785
1581.61325,0.57541
1579.68446,0.55260
1577.75566,0.52750
1575.82686,0.49565
1573.89807,0.46552
1571.96927,0.44112
1570.04047,0.41491
1568.11168,0.38741
1566.18288,0.36339
1564.25408,0.34279
1562.32529,0.32705
1560.39649,0.31261
1558.46769,0.29046
1556.53890,0.26860
1554.61010,0.25232
1552.68130,0.23825
1550.75251,0.22573
1548.82371,0.21432
1546.89491,0.20521
1544.96612,0.19854
1543.03732,0.19282
1541.10852,0.18590
1539.17973,0.17541
1537.25093,0.16623
1535.32213,0.16082
1533.39334,0.15585
1531.46454,0.15003
1529.53574,0.14567
1527.60695,0.14283
1525.67815,0.14018
1523.74935,0.13792
1521.82056,0.13553
1519.89176,0.13209
1517.96296,0.12872
1516.03417,0.12537
1514.10537,0.12222
1512.17657,0.12092
1510.24778,0.12218
1508.31898,0.12469
1506.39018,0.12392
1504.46139,0.11998
1502.53259,0.11856
1500.60379,0.12050
1498.67500,0.12452
1496.74620,0.12898
1494.81740,0.13326
1492.88861,0.13922
1490.95981,0.14873
1489.03101,0.16005
1487.10222,0.17034
1485.17342,0.18091
1483.24462,0.19386
1481.31583,0.20947
1479.38703,0.22658
1477.45823,0.24506
1475.52944,0.26529
1473.60064,0.28659
1471.67184,0.30628
1469.74305,0.32120
1467.81425,0.33415
1465.88545,0.34784
1463.95666,0.35948
1462.02786,0.36688
1460.09906,0.37228
1458.17027,0.37522
1456.24147,0.37012
1454.31267,0.35893
1452.38388,0.34666
1450.45508,0.33311
1448.52628,0.31702
1446.59749,0.29833
1444.66869,0.27932
1442.73989,0.26102
1440.81110,0.24426
1438.88230,0.22949
1436.95350,0.21349
1435.02471,0.19643
1433.09591,0.18251
1431.16711,0.17088
1429.23832,0.15963
1427.30952,0.14970
1425.38072,0.14158
1423.45193,0.13461
1421.52313,0.12909
1419.59433,0.12420
1417.66554,0.11791
1415.73674,0.11125
1413.80794,0.10590
1411.87915,0.10167
1409.95035,0.09791
1408.02155,0.09471
1406.09276,0.09200
1404.16396,0.08903
1402.23516,0.08627
1400.30637,0.08463
1398.37757,0.08341
1396.44877,0.08171
1394.51998,0.07911
1392.59118,0.07601
1390.66238,0.07394
1388.73359,0.07307
1386.80479,0.07178
1384.87599,0.06961
1382.94720,0.06778
1381.01840,0.06671
1379.08960,0.06601
1377.16081,0.06566
1375.23201,0.06548
1373.30321,0.06453
1371.37442,0.06295
1369.44562,0.06170
1367.51682,0.06089
1365.58803,0.06074
1363.65923,0.06112
1361.73043,0.06061
1359.80164,0.05901
1357.87284,0.05768
1355.94404,0.05697
1354.01525,0.05641
1352.08645,0.05586
1350.15765,0.05544
1348.22886,0.05505
1346.30006,0.05473
1344.37126,0.05472
1342.44247,0.05544
1340.51367,0.05660
1338.58487,0.05696
1336.65608,0.05622
1334.72728,0.05539
1332.79848,0.05502
1330.86969,0.05488
1328.94089,0.05463
1327.01209,0.05422
1325.08330,0.05374
1323.15450,0.05336
1321.22570,0.05316
1319.29691,0.05302
1317.36811,0.05266
1315.43931,0.05219
1313.51052,0.05174
1311.58172,0.05123
1309.65292,0.05075
1307.72413,0.05041
1305.79533,0.05016
1303.86653,0.04995
1301.93774,0.04979
1300.00894,0.04969
1298.08014,0.04967
1296.15135,0.04964
1294.22255,0.04957
1292.29375,0.04957
1290.36496,0.04967
1288.43616,0.04974
1286.50736,0.04969
1284.57857,0.04960
1282.64977,0.04961
1280.72097,0.04963
1278.79218,0.04960
1276.86338,0.04957
1274.93458,0.04962
1273.00579,0.04976
1271.07699,0.04985
1269.14820,0.04983
1267.21940,0.04978
1265.29060,0.04972
1263.36181,0.04970
1261.43301,0.04974
1259.50421,0.04977
1257.57542,0.04974
1255.64662,0.04974
1253.71782,0.04984
1251.78903,0.05000
1249.86023,0.05016
1247.93143,0.05033
1246.00264,0.05052
1244.07384,0.05073
1242.14504,0.05091
1240.21625,0.05111
1238.28745,0.05134
1236.35865,0.05156
1234.42986,0.05177
1232.50106,0.05201
1230.57226,0.05228
1228.64347,0.05256
1226.71467,0.05286
1224.78587,0.05318
1222.85708,0.05354
1220.92828,0.05397
1218.99948,0.05446
1217.07069,0.05500
1215.14189,0.05560
1213.21309,0.05628
1211.28430,0.05702
1209.35550,0.05781
1207.42670,0.05870
1205.49791,0.05973
1203.56911,0.06091
1201.64031,0.06226
1199.71152,0.06381
1197.78272,0.06556
1195.85392,0.06753
1193.92513,0.06976
1191.99633,0.07231
1190.06753,0.07522
1188.13874,0.07852
1186.20994,0.08219
1184.28114,0.08625
1182.35235,0.09077
1180.42355,0.09588
1178.49475,0.10158
1176.56596,0.10774
1174.63716,0.11425
1172.70836,0.12107
1170.77957,0.12812
1168.85077,0.13523
1166.92197,0.14212
1164.99318,0.14849
1163.06438,0.15402
1161.13558,0.15840
1159.20679,0.16133
1157.27799,0.16260
1155.34919,0.16209
1153.42040,0.15983
1151.49160,0.15600
1149.56280,0.15086
1147.63401,0.14476
1145.70521,0.13805
1143.77641,0.13106
1141.84762,0.12411
1139.91882,0.11742
1137.99002,0.11114
1136.06123,0.10533
1134.13243,0.10005
1132.20363,0.09531
1130.27484,0.09110
1128.34604,0.08733
1126.41724,0.08398
1124.48845,0.08104
1122.55965,0.07844
1120.63085,0.07614
1118.70206,0.07410
1116.77326,0.07230
1114.84446,0.07071
1112.91567,0.06931
1110.98687,0.06807
1109.05807,0.06699
1107.12928,0.06608
1105.20048,0.06531
1103.27168,0.06464
1101.34289,0.06411
1099.41409,0.06371
1097.48529,0.06345
1095.55650,0.06330
1093.62770,0.06329
1091.69890,0.06341
1089.77011,0.06361
1087.84131,0.06390
1085.91251,0.06426
1083.98372,0.06470
1082.05492,0.06521
1080.12612,0.06575
1078.19733,0.06633
1076.26853,0.06690
1074.33973,0.06746
1072.41094,0.06799
1070.48214,0.06846
1068.55334,0.06882
1066.62455,0.06905
1064.69575,0.06913
1062.76695,0.06905
1060.83816,0.06883
1058.90936,0.06847
1056.98056,0.06795
1055.05177,0.06727
1053.12297,0.06647
1051.19417,0.06561
1049.26538,0.06473
1047.33658,0.06384
1045.40778,0.06298
1043.47899,0.06214
1041.55019,0.06130
1039.62139,0.06046
1037.69260,0.05964
1035.76380,0.05886
1033.83500,0.05812
1031.90621,0.05737
1029.97741,0.05665
1028.04861,0.05596
1026.11982,0.05532
1024.19102,0.05471
1022.26222,0.05417
1020.33343,0.05371
1018.40463,0.05338
1016.47583,0.05317
1014.54704,0.05301
1012.61824,0.05281
1010.68944,0.05251
1008.76065,0.05206
1006.83185,0.05140
1004.90305,0.05058
1002.97426,0.04969
1001.04546,0.04882
999.11666,0.04806
997.18787,0.04745
995.25907,0.04702
993.33027,0.04665
991.40148,0.04626
989.47268,0.04585
987.54388,0.04542
985.61509,0.04495
983.68629,0.04445
981.75749,0.04391
979.82870,0.04335
977.89990,0.04275
975.97110,0.04215
974.04231,0.04154
972.11351,0.04092
970.18471,0.04028
968.25592,0.03965
966.32712,0.03905
964.39832,0.03847
962.46953,0.03786
960.54073,0.03724
958.61193,0.03663
956.68314,0.03603
954.75434,0.03542
952.82554,0.03484
950.89675,0.03429
948.96795,0.03373
947.03915,0.03317
945.11036,0.03264
943.18156,0.03215
941.25276,0.03167
939.32397,0.03118
937.39517,0.03069
935.46637,0.03017
933.53758,0.02962
931.60878,0.02902
929.67998,0.02839
927.75119,0.02773
925.82239,0.02706
923.89359,0.02634
921.96480,0.02558
920.03600,0.02482
918.10720,0.02410
916.17841,0.02337
914.24961,0.02262
912.32081,0.02188
910.39202,0.02116
908.46322,0.02050
906.53443,0.01988
904.60563,0.01925
902.67683,0.01865
900.74804,0.01811
898.81924,0.01759
896.89044,0.01704
894.96165,0.01642
893.03285,0.01574
891.10405,0.01503
889.17526,0.01435
887.24646,0.01369
885.31766,0.01302
883.38887,0.01233
881.46007,0.01169
879.53127,0.01105
877.60248,0.01035
875.67368,0.00964
873.74488,0.00897
871.81609,0.00835
869.88729,0.00778
867.95849,0.00721
866.02970,0.00660
864.10090,0.00596
862.17210,0.00535
860.24331,0.00479
858.31451,0.00427
856.38571,0.00379
854.45692,0.00337
852.52812,0.00300
850.59932,0.00259
848.67053,0.00215
846.74173,0.00181
844.81293,0.00163
842.88414,0.00146
840.95534,0.00117
839.02654,0.00086
837.09775,0.00065
835.16895,0.00044
833.24015,0.00021
831.31136,0.00004
829.38256,-0.00010
827.45376,-0.00024
825.52497,-0.00036
823.59617,-0.00042
821.66737,-0.00036
819.73858,-0.00028
817.80978,-0.00027
815.88098,-0.00026
813.95219,-0.00013
812.02339,0.00010
810.09459,0.00041
808.16580,0.00080
806.23700,0.00125
804.30820,0.00185
802.37941,0.00272
800.45061,0.00381
798.52181,0.00506
796.59302,0.00659
794.66422,0.00831
792.73542,0.00995
790.80663,0.01145
788.87783,0.01293
786.94903,0.01416
785.02024,0.01477
783.09144,0.01448
781.16264,0.01321
779.23385,0.01136
777.30505,0.00929
775.37625,0.00707
773.44746,0.00499
771.51866,0.00338
769.58986,0.00208
767.66107,0.00094
765.73227,0.00014
763.80347,-0.00039
761.87468,-0.00090
759.94588,-0.00140
758.01708,-0.00172
756.08829,-0.00193
754.15949,-0.00215
752.23069,-0.00223
750.30190,-0.00227
748.37310,-0.00266
