3496.90832,0.05293
3494.97953,0.04716
3493.05073,0.04169
3491.12193,0.04469
3489.19314,0.05389
3487.26434,0.06114
3485.33554,0.05750
3483.40675,0.04796
3481.47795,0.04391
3479.54915,0.04380
3477.62036,0.04382
3475.69156,0.04591
3473.76276,0.04862
3471.83397,0.04788
3469.90517,0.04713
3467.97637,0.05155
3466.04758,0.05728
3464.11878,0.05834
3462.18998,0.05477
3460.26119,0.05032
3458.33239,0.04614
3456.40359,0.04058
3454.47480,0.03601
3452.54600,0.03510
3450.61721,0.03497
3448.68841,0.03418
3446.75961,0.03672
3444.83082,0.04183
3442.90202,0.04277
3440.97322,0.03810
3439.04443,0.03085
3437.11563,0.02637
3435.18683,0.02891
3433.25804,0.03452
3431.32924,0.03774
3429.40044,0.04002
3427.47165,0.04136
3425.54285,0.03824
3423.61405,0.03438
3421.68526,0.03375
3419.75646,0.03299
3417.82766,0.03229
3415.89887,0.03124
3413.97007,0.02603
3412.04127,0.02028
3410.11248,0.01943
3408.18368,0.02176
3406.25488,0.02119
3404.32609,0.01584
3402.39729,0.01548
3400.46849,0.02589
3398.53970,0.03363
3396.61090,0.02769
3394.68210,0.01930
3392.75331,0.02062
3390.82451,0.02697
3388.89571,0.03086
3386.96692,0.03264
3385.03812,0.03338
3383.10932,0.03441
3381.18053,0.03881
3379.25173,0.04423
3377.32293,0.04519
3375.39414,0.03994
3373.46534,0.03383
3371.53654,0.03373
3369.60775,0.03730
3367.67895,0.04445
3365.75015,0.05607
3363.82136,0.05994
3361.89256,0.05037
3359.96376,0.03877
3358.03497,0.03356
3356.10617,0.03556
3354.17737,0.04213
3352.24858,0.04707
3350.31978,0.04782
3348.39098,0.04759
3346.46219,0.04697
3344.53339,0.04843
3342.60459,0.05202
3340.67580,0.04953
3338.74700,0.04009
3336.81820,0.03097
3334.88941,0.02695
3332.96061,0.02870
3331.03181,0.03635
3329.10302,0.04584
3327.17422,0.04659
3325.24542,0.03871
3323.31663,0.03056
3321.38783,0.02249
3319.45903,0.01542
3317.53024,0.01424
3315.60144,0.01657
3313.67264,0.01800
3311.74385,0.01773
3309.81505,0.01893
3307.88625,0.02685
3305.95746,0.03359
3304.02866,0.02984
3302.09986,0.02478
3300.17107,0.02557
3298.24227,0.02516
3296.31347,0.01959
3294.38468,0.01250
3292.45588,0.00663
3290.52708,0.00601
3288.59829,0.01052
3286.66949,0.01285
3284.74069,0.01323
3282.81190,0.01483
3280.88310,0.01669
3278.95430,0.02160
3277.02551,0.02840
3275.09671,0.02994
3273.16791,0.02846
3271.23912,0.02937
3269.31032,0.02628
3267.38152,0.01678
3265.45273,0.01020
3263.52393,0.00934
3261.59513,0.01240
3259.66634,0.01769
3257.73754,0.02141
3255.80874,0.02409
3253.87995,0.02505
3251.95115,0.02168
3250.02235,0.01879
3248.09356,0.01847
3246.16476,0.01753
3244.23596,0.01814
3242.30717,0.02070
3240.37837,0.02335
3238.44957,0.02820
3236.52078,0.03285
3234.59198,0.03243
3232.66318,0.02940
3230.73439,0.02903
3228.80559,0.02837
3226.87679,0.02198
3224.94800,0.01471
3223.01920,0.01383
3221.09040,0.01811
3219.16161,0.02340
3217.23281,0.03008
3215.30401,0.03670
3213.37522,0.03861
3211.44642,0.03842
3209.51762,0.04118
3207.58883,0.04296
3205.66003,0.03789
3203.73123,0.03020
3201.80244,0.02817
3199.87364,0.02990
3197.94484,0.02948
3196.01605,0.02796
3194.08725,0.02856
3192.15845,0.03023
3190.22966,0.03262
3188.30086,0.03739
3186.37206,0.03910
3184.44327,0.03335
3182.51447,0.02797
3180.58567,0.02942
3178.65688,0.03416
3176.72808,0.03524
3174.79928,0.03098
3172.87049,0.02545
3170.94169,0.02106
3169.01289,0.01850
3167.08410,0.01871
3165.15530,0.02145
3163.22650,0.02413
3161.29771,0.02442
3159.36891,0.02421
3157.44011,0.02606
3155.51132,0.02861
3153.58252,0.02867
3151.65372,0.02552
3149.72493,0.02143
3147.79613,0.01887
3145.86733,0.01815
3143.93854,0.01867
3142.00974,0.02007
3140.08094,0.02105
3138.15215,0.02116
3136.22335,0.02067
3134.29455,0.01910
3132.36576,0.01843
3130.43696,0.01990
3128.50816,0.02039
3126.57937,0.01897
3124.65057,0.01866
3122.72177,0.02075
3120.79298,0.02341
3118.86418,0.02460
3116.93538,0.02404
3115.00659,0.02281
3113.07779,0.02171
3111.14899,0.02086
3109.22020,0.02048
3107.29140,0.02118
3105.36260,0.02270
3103.43381,0.02328
3101.50501,0.02242
3099.57621,0.02099
3097.64742,0.01863
3095.71862,0.01659
3093.78982,0.01688
3091.86103,0.01765
3089.93223,0.01756
3088.00344,0.01813
3086.07464,0.01934
3084.14584,0.01998
3082.21705,0.02009
3080.28825,0.02017
3078.35945,0.01968
3076.43066,0.01845
3074.50186,0.01773
3072.57306,0.01809
3070.64427,0.01885
3068.71547,0.01918
3066.78667,0.01896
3064.85788,0.01906
3062.92908,0.01942
3061.00028,0.01872
3059.07149,0.01711
3057.14269,0.01654
3055.21389,0.01772
3053.28510,0.01953
3051.35630,0.02086
3049.42750,0.02102
3047.49871,0.02008
3045.56991,0.01936
3043.64111,0.01971
3041.71232,0.02040
3039.78352,0.02046
3037.85472,0.02005
3035.92593,0.02015
3033.99713,0.02077
3032.06833,0.02111
3030.13954,0.02105
3028.21074,0.02116
3026.28194,0.02144
3024.35315,0.02143
3022.42435,0.02161
3020.49555,0.02223
3018.56676,0.02253
3016.63796,0.02258
3014.70916,0.02279
3012.78037,0.02299
3010.85157,0.02312
3008.92277,0.02297
3006.99398,0.02250
3005.06518,0.02217
3003.13638,0.02193
3001.20759,0.02163
2999.27879,0.02173
2997.34999,0.02208
2995.42120,0.02235
2993.49240,0.02255
2991.56360,0.02271
2989.63481,0.02329
2987.70601,0.02397
2985.77721,0.02363
2983.84842,0.02287
2981.91962,0.02296
2979.99082,0.02351
2978.06203,0.02380
2976.13323,0.02401
2974.20443,0.02409
2972.27564,0.02386
2970.34684,0.02375
2968.41804,0.02368
2966.48925,0.02335
2964.56045,0.02345
2962.63165,0.02421
2960.70286,0.02472
2958.77406,0.02476
2956.84526,0.02489
2954.91647,0.02526
2952.98767,0.02563
2951.05887,0.02584
2949.13008,0.02590
2947.20128,0.02588
2945.27248,0.02571
2943.34369,0.02539
2941.41489,0.02505
2939.48609,0.02498
2937.55730,0.02522
2935.62850,0.02532
2933.69970,0.02508
2931.77091,0.02482
2929.84211,0.02459
2927.91331,0.02428
2925.98452,0.02426
2924.05572,0.02476
2922.12692,0.02544
2920.19813,0.02593
2918.26933,0.02612
2916.34053,0.02628
2914.41174,0.02641
2912.48294,0.02634
2910.55414,0.02629
2908.62535,0.02627
2906.69655,0.02606
2904.76775,0.02574
2902.83896,0.02556
2900.91016,0.02573
2898.98136,0.02626
2897.05257,0.02675
2895.12377,0.02682
2893.19497,0.02673
2891.26618,0.02688
2889.33738,0.02702
2887.40858,0.02689
2885.47979,0.02678
2883.55099,0.02698
2881.62219,0.02739
2879.69340,0.02772
2877.76460,0.02781
2875.83580,0.02778
2873.90701,0.02770
2871.97821,0.02752
2870.04941,0.02736
2868.12062,0.02751
2866.19182,0.02797
2864.26302,0.02839
2862.33423,0.02862
2860.40543,0.02881
2858.47663,0.02904
2856.54784,0.02903
2854.61904,0.02883
2852.69024,0.02872
2850.76145,0.02884
2848.83265,0.02926
2846.90385,0.02975
2844.97506,0.03001
2843.04626,0.03004
2841.11746,0.02999
2839.18867,0.03012
2837.25987,0.03039
2835.33107,0.03060
2833.40228,0.03073
2831.47348,0.03079
2829.54468,0.03082
2827.61589,0.03083
2825.68709,0.03091
2823.75829,0.03116
2821.82950,0.03146
2819.90070,0.03160
2817.97190,0.03151
2816.04311,0.03140
2814.11431,0.03147
2812.18551,0.03167
2810.25672,0.03172
2808.32792,0.03158
2806.39912,0.03150
2804.47033,0.03149
2802.54153,0.03140
2800.61273,0.03127
2798.68394,0.03121
2796.75514,0.03111
2794.82634,0.03085
2792.89755,0.03047
2790.96875,0.03022
2789.03995,0.03020
2787.11116,0.03006
2785.18236,0.02976
2783.25356,0.02962
2781.32477,0.02966
2779.39597,0.02963
2777.46717,0.02943
2775.53838,0.02911
2773.60958,0.02883
2771.68078,0.02882
2769.75199,0.02906
2767.82319,0.02935
2765.89439,0.02949
2763.96560,0.02926
2762.03680,0.02878
2760.10800,0.02852
2758.17921,0.02849
2756.25041,0.02844
2754.32161,0.02831
2752.39282,0.02822
2750.46402,0.02832
2748.53522,0.02855
2746.60643,0.02864
2744.67763,0.02843
2742.74883,0.02823
2740.82004,0.02828
2738.89124,0.02839
2736.96244,0.02854
2735.03365,0.02873
2733.10485,0.02871
2731.17605,0.02852
2729.24726,0.02847
2727.31846,0.02862
2725.38967,0.02865
2723.46087,0.02838
2721.53207,0.02813
2719.60328,0.02815
2717.67448,0.02835
2715.74568,0.02859
2713.81689,0.02884
2711.88809,0.02899
2709.95929,0.02890
2708.03050,0.02867
2706.10170,0.02851
2704.17290,0.02844
2702.24411,0.02845
2700.31531,0.02853
2698.38651,0.02851
2696.45772,0.02830
2694.52892,0.02821
2692.60012,0.02837
2690.67133,0.02854
2688.74253,0.02861
2686.81373,0.02863
2684.88494,0.02856
2682.95614,0.02856
2681.02734,0.02873
2679.09855,0.02890
2677.16975,0.02890
2675.24095,0.02881
2673.31216,0.02871
2671.38336,0.02856
2669.45456,0.02847
2667.52577,0.02849
2665.59697,0.02843
2663.66817,0.02833
2661.73938,0.02831
2659.81058,0.02827
2657.88178,0.02820
2655.95299,0.02826
2654.02419,0.02854
2652.09539,0.02890
2650.16660,0.02909
2648.23780,0.02908
2646.30900,0.02904
2644.38021,0.02906
2642.45141,0.02920
2640.52261,0.02925
2638.59382,0.02909
2636.66502,0.02904
2634.73622,0.02927
2632.80743,0.02949
2630.87863,0.02957
2628.94983,0.02964
2627.02104,0.02974
2625.09224,0.02984
2623.16344,0.02993
2621.23465,0.02996
2619.30585,0.02987
2617.37705,0.02969
2615.44826,0.02963
2613.51946,0.02981
2611.59066,0.03002
2609.66187,0.03001
2607.73307,0.02989
2605.80427,0.02987
2603.87548,0.03009
2601.94668,0.03056
2600.01788,0.03104
2598.08909,0.03123
2596.16029,0.03111
2594.23149,0.03089
2592.30270,0.03081
2590.37390,0.03091
2588.44510,0.03084
2586.51631,0.03048
2584.58751,0.03021
2582.65871,0.03012
2580.72992,0.02987
2578.80112,0.02961
2576.87232,0.02983
2574.94353,0.03041
2573.01473,0.03082
2571.08593,0.03100
2569.15714,0.03103
2567.22834,0.03101
2565.29954,0.03105
2563.37075,0.03090
2561.44195,0.03039
2559.51315,0.02980
2557.58436,0.02951
2555.65556,0.02962
2553.72676,0.02986
2551.79797,0.03000
2549.86917,0.03017
2547.94037,0.03041
2546.01158,0.03048
2544.08278,0.03038
2542.15398,0.03018
2540.22519,0.02997
2538.29639,0.03007
2536.36759,0.03037
2534.43880,0.03035
2532.51000,0.03001
2530.58120,0.02960
2528.65241,0.02928
2526.72361,0.02901
2524.79481,0.02854
2522.86602,0.02821
2520.93722,0.02860
2519.00842,0.02925
2517.07963,0.02949
2515.15083,0.02967
2513.22203,0.02989
2511.29324,0.02955
2509.36444,0.02891
2507.43564,0.02861
2505.50685,0.02869
2503.57805,0.02891
2501.64925,0.02910
2499.72046,0.02930
2497.79166,0.02956
2495.86286,0.02964
2493.93407,0.02937
2492.00527,0.02897
2490.07647,0.02863
2488.14768,0.02847
2486.21888,0.02858
2484.29008,0.02887
2482.36129,0.02899
2480.43249,0.02888
2478.50369,0.02882
2476.57490,0.02893
2474.64610,0.02893
2472.71730,0.02862
2470.78851,0.02831
2468.85971,0.02825
2466.93091,0.02826
2465.00212,0.02838
2463.07332,0.02866
2461.14452,0.02882
2459.21573,0.02881
2457.28693,0.02864
2455.35813,0.02828
2453.42934,0.02793
2451.50054,0.02781
2449.57174,0.02773
2447.64295,0.02755
2445.71415,0.02751
2443.78535,0.02759
2441.85656,0.02756
2439.92776,0.02758
2437.99896,0.02766
2436.07017,0.02758
2434.14137,0.02735
2432.21257,0.02707
2430.28378,0.02692
2428.35498,0.02702
2426.42618,0.02728
2424.49739,0.02755
2422.56859,0.02740
2420.63979,0.02667
2418.71100,0.02609
2416.78220,0.02598
2414.85340,0.02585
2412.92461,0.02562
2410.99581,0.02550
2409.06701,0.02559
2407.13822,0.02585
2405.20942,0.02603
2403.28062,0.02603
2401.35183,0.02584
2399.42303,0.02527
2397.49423,0.02465
2395.56544,0.02446
2393.63664,0.02458
2391.70784,0.02477
2389.77905,0.02549
2387.85025,0.02775
2385.92145,0.03260
2383.99266,0.04079
2382.06386,0.05250
2380.13506,0.06705
2378.20627,0.08314
2376.27747,0.09982
2374.34867,0.11713
2372.41988,0.13524
2370.49108,0.15352
2368.56228,0.17084
2366.63349,0.18639
2364.70469,0.19926
2362.77589,0.20820
2360.84710,0.21217
2358.91830,0.20999
2356.98951,0.20057
2355.06071,0.18428
2353.13191,0.16251
2351.20312,0.14046
2349.27432,0.12882
2347.34552,0.13403
2345.41673,0.15009
2343.48793,0.16125
2341.55913,0.16253
2339.63034,0.15998
2337.70154,0.15653
2335.77274,0.15331
2333.84395,0.15181
2331.91515,0.15131
2329.98635,0.14833
2328.05756,0.14255
2326.12876,0.13738
2324.19996,0.13379
2322.27117,0.12895
2320.34237,0.12040
2318.41357,0.10942
2316.48478,0.09975
2314.55598,0.09365
2312.62718,0.08961
2310.69839,0.08486
2308.76959,0.07852
2306.84079,0.07120
2304.91200,0.06421
2302.98320,0.05876
2301.05440,0.05449
2299.12561,0.05045
2297.19681,0.04687
2295.26801,0.04398
2293.33922,0.04120
2291.41042,0.03831
2289.48162,0.03579
2287.55283,0.03388
2285.62403,0.03232
2283.69523,0.03121
2281.76644,0.03091
2279.83764,0.03115
2277.90884,0.03144
2275.98005,0.03173
2274.05125,0.03220
2272.12245,0.03278
2270.19366,0.03358
2268.26486,0.03470
2266.33606,0.03576
2264.40727,0.03625
2262.47847,0.03627
2260.54967,0.03629
2258.62088,0.03641
2256.69208,0.03650
2254.76328,0.03622
2252.83449,0.03514
2250.90569,0.03401
2248.97689,0.03364
2247.04810,0.03335
2245.11930,0.03335
2243.19050,0.03454
2241.26171,0.03592
2239.33291,0.03636
2237.40411,0.03609
2235.47532,0.03566
2233.54652,0.03509
2231.61772,0.03431
2229.68893,0.03433
2227.76013,0.03566
2225.83133,0.03709
2223.90254,0.03783
2221.97374,0.03812
2220.04494,0.03849
2218.11615,0.03902
2216.18735,0.03921
2214.25855,0.03945
2212.32976,0.04029
2210.40096,0.04144
2208.47216,0.04223
2206.54337,0.04156
2204.61457,0.03989
2202.68577,0.03969
2200.75698,0.04165
2198.82818,0.04401
2196.89938,0.04475
2194.97059,0.04359
2193.04179,0.04229
2191.11299,0.04225
2189.18420,0.04317
2187.25540,0.04410
2185.32660,0.04464
2183.39781,0.04462
2181.46901,0.04432
2179.54021,0.04466
2177.61142,0.04559
2175.68262,0.04686
2173.75382,0.04812
2171.82503,0.04839
2169.89623,0.04822
2167.96743,0.04885
2166.03864,0.05025
2164.10984,0.05273
2162.18104,0.05665
2160.25225,0.05979
2158.32345,0.05984
2156.39465,0.05650
2154.46586,0.05147
2152.53706,0.04749
2150.60826,0.04472
2148.67947,0.04247
2146.75067,0.04135
2144.82187,0.04018
2142.89308,0.03746
2140.96428,0.03475
2139.03548,0.03379
2137.10669,0.03310
2135.17789,0.03097
2133.24909,0.02887
2131.32030,0.02820
2129.39150,0.02780
2127.46270,0.02669
2125.53391,0.02566
2123.60511,0.02486
2121.67631,0.02371
2119.74752,0.02272
2117.81872,0.02249
2115.88992,0.02261
2113.96113,0.02277
2112.03233,0.02306
2110.10353,0.02325
2108.17474,0.02348
2106.24594,0.02416
2104.31714,0.02496
2102.38835,0.02536
2100.45955,0.02500
2098.53075,0.02403
2096.60196,0.02334
2094.67316,0.02336
2092.74436,0.02328
2090.81557,0.02249
2088.88677,0.02194
2086.95797,0.02247
2085.02918,0.02324
2083.10038,0.02354
2081.17158,0.02386
2079.24279,0.02447
2077.31399,0.02483
2075.38519,0.02495
2073.45640,0.02557
2071.52760,0.02662
2069.59880,0.02734
2067.67001,0.02762
2065.74121,0.02777
2063.81241,0.02825
2061.88362,0.02877
2059.95482,0.02827
2058.02602,0.02721
2056.09723,0.02670
2054.16843,0.02643
2052.23963,0.02613
2050.31084,0.02668
2048.38204,0.02860
2046.45324,0.03123
2044.52445,0.03365
2042.59565,0.03519
2040.66685,0.03601
2038.73806,0.03614
2036.80926,0.03522
2034.88046,0.03471
2032.95167,0.03620
2031.02287,0.03749
2029.09407,0.03625
2027.16528,0.03466
2025.23648,0.03470
2023.30768,0.03483
2021.37889,0.03359
2019.45009,0.03190
2017.52129,0.03183
2015.59250,0.03286
2013.66370,0.03333
2011.73490,0.03333
2009.80611,0.03298
2007.87731,0.03164
2005.94851,0.02956
2004.01972,0.02889
2002.09092,0.03038
2000.16212,0.03151
1998.23333,0.03069
1996.30453,0.02915
1994.37574,0.02788
1992.44694,0.02713
1990.51814,0.02743
1988.58935,0.02825
1986.66055,0.02840
1984.73175,0.02781
1982.80296,0.02772
1980.87416,0.02854
1978.94536,0.02936
1977.01657,0.03006
1975.08777,0.03022
1973.15897,0.02841
1971.23018,0.02593
1969.30138,0.02558
1967.37258,0.02702
1965.44379,0.02789
1963.51499,0.02771
1961.58619,0.02699
1959.65740,0.02559
1957.72860,0.02370
1955.79980,0.02224
1953.87101,0.02193
1951.94221,0.02218
1950.01341,0.02186
1948.08462,0.02102
1946.15582,0.02045
1944.22702,0.02035
1942.29823,0.02022
1940.36943,0.01949
1938.44063,0.01824
1936.51184,0.01732
1934.58304,0.01731
1932.65424,0.01766
1930.72545,0.01780
1928.79665,0.01777
1926.86785,0.01761
1924.93906,0.01748
1923.01026,0.01753
1921.08146,0.01767
1919.15267,0.01765
1917.22387,0.01730
1915.29507,0.01702
1913.36628,0.01716
1911.43748,0.01745
1909.50868,0.01746
1907.57989,0.01723
1905.65109,0.01707
1903.72229,0.01710
1901.79350,0.01699
1899.86470,0.01664
1897.93590,0.01649
1896.00711,0.01656
1894.07831,0.01643
1892.14951,0.01616
1890.22072,0.01610
1888.29192,0.01627
1886.36312,0.01633
1884.43433,0.01632
1882.50553,0.01644
1880.57673,0.01647
1878.64794,0.01623
1876.71914,0.01594
1874.79034,0.01577
1872.86155,0.01571
1870.93275,0.01571
1869.00395,0.01580
1867.07516,0.01601
1865.14636,0.01622
1863.21756,0.01620
1861.28877,0.01593
1859.35997,0.01577
1857.43117,0.01583
1855.50238,0.01585
1853.57358,0.01583
1851.64478,0.01586
1849.71599,0.01579
1847.78719,0.01557
1845.85839,0.01527
1843.92960,0.01507
1842.00080,0.01523
1840.07200,0.01556
1838.14321,0.01572
1836.21441,0.01561
1834.28561,0.01541
1832.35682,0.01517
1830.42802,0.01484
1828.49922,0.01476
1826.57043,0.01496
1824.64163,0.01512
1822.71283,0.01522
1820.78404,0.01529
1818.85524,0.01543
1816.92644,0.01557
1814.99765,0.01550
1813.06885,0.01527
1811.14005,0.01512
1809.21126,0.01515
1807.28246,0.01519
1805.35366,0.01519
1803.42487,0.01513
1801.49607,0.01497
1799.56727,0.01490
1797.63848,0.01499
1795.70968,0.01496
1793.78088,0.01468
1791.85209,0.01455
1789.92329,0.01477
1787.99449,0.01502
1786.06570,0.01510
1784.13690,0.01507
1782.20810,0.01501
1780.27931,0.01493
1778.35051,0.01487
1776.42171,0.01464
1774.49292,0.01402
1772.56412,0.01345
1770.63532,0.01370
1768.70653,0.01439
1766.77773,0.01472
1764.84893,0.01469
1762.92014,0.01450
1760.99134,0.01443
1759.06254,0.01461
1757.13375,0.01473
1755.20495,0.01477
1753.27615,0.01468
1751.34736,0.01432
1749.41856,0.01392
1747.48976,0.01390
1745.56097,0.01408
1743.63217,0.01403
1741.70337,0.01365
1739.77458,0.01330
1737.84578,0.01328
1735.91698,0.01311
1733.98819,0.01282
1732.05939,0.01311
1730.13059,0.01362
1728.20180,0.01405
1726.27300,0.01435
1724.34420,0.01454
1722.41541,0.01462
1720.48661,0.01455
1718.55781,0.01444
1716.62902,0.01505
1714.70022,0.01661
1712.77142,0.01831
1710.84263,0.01996
1708.91383,0.02155
1706.98503,0.02347
1705.05624,0.02626
1703.12744,0.02939
1701.19864,0.03324
1699.26985,0.03890
1697.34105,0.04585
1695.41225,0.05464
1693.48346,0.06435
1691.55466,0.07387
1689.62586,0.08449
1687.69707,0.09547
1685.76827,0.10750
1683.83947,0.12399
1681.91068,0.14094
1679.98188,0.15512
1678.05308,0.16834
1676.12429,0.18219
1674.19549,0.19660
1672.26669,0.20894
1670.33790,0.22008
1668.40910,0.23135
1666.48030,0.24012
1664.55151,0.24617
1662.62271,0.25097
1660.69391,0.25464
1658.76512,0.25671
1656.83632,0.25722
1654.90752,0.25655
1652.97873,0.25636
1651.04993,0.25816
1649.12113,0.26048
1647.19234,0.26449
1645.26354,0.27199
1643.33474,0.28128
1641.40595,0.29183
1639.47715,0.30377
1637.54835,0.31809
1635.61956,0.33809
1633.69076,0.36002
1631.76197,0.37819
1629.83317,0.39471
1627.90437,0.41051
1625.97558,0.42342
1624.04678,0.43262
1622.11798,0.43840
1620.18919,0.44046
1618.26039,0.43923
1616.33159,0.43621
1614.40280,0.43403
1612.47400,0.43340
1610.54520,0.43442
1608.61641,0.43805
1606.68761,0.44440
1604.75881,0.45285
1602.83002,0.46268
1600.90122,0.47291
1598.97242,0.48225
1597.04363,0.48943
1595.11483,0.49346
1593.18603,0.49351
1591.25724,0.48926
1589.32844,0.48055
1587.39964,0.46771
1585.47085,0.45136
1583.54205,0.43219
1581.61325,0.41143
1579.68446,0.39053
1577.75566,0.36785
1575.82686,0.34209
1573.89807,0.32025
1571.96927,0.30233
1570.04047,0.28276
1568.11168,0.26373
1566.18288,0.24800
1564.25408,0.23408
1562.32529,0.22180
1560.39649,0.20798
1558.46769,0.19131
1556.53890,0.18032
1554.61010,0.17295
1552.68130,0.16536
1550.75251,0.15791
1548.82371,0.15092
1546.89491,0.14463
1544.96612,0.13848
1543.03732,0.13206
1541.10852,0.12562
1539.17973,0.12065
1537.25093,0.11812
1535.32213,0.11574
1533.39334,0.11254
1531.46454,0.10968
1529.53574,0.10736
1527.60695,0.10478
1525.67815,0.10199
1523.74935,0.09932
1521.82056,0.09689
1519.89176,0.09505
1517.96296,0.09373
1516.03417,0.09276
1514.10537,0.09210
1512.17657,0.09144
1510.24778,0.09046
1508.31898,0.08914
1506.39018,0.08885
1504.46139,0.09065
1502.53259,0.09276
1500.60379,0.09456
1498.67500,0.09680
1496.74620,0.10046
1494.81740,0.10526
1492.88861,0.11030
1490.95981,0.11637
1489.03101,0.12456
1487.10222,0.13427
1485.17342,0.14465
1483.24462,0.15578
1481.31583,0.16801
1479.38703,0.18087
1477.45823,0.19385
1475.52944,0.20713
1473.60064,0.22121
1471.67184,0.23575
1469.74305,0.24776
1467.81425,0.25664
1465.88545,0.26384
1463.95666,0.26927
1462.02786,0.27182
1460.09906,0.27119
1458.17027,0.26689
1456.24147,0.25908
1454.31267,0.25048
1452.38388,0.24107
1450.45508,0.22969
1448.52628,0.21648
1446.59749,0.20258
1444.66869,0.18943
1442.73989,0.17696
1440.81110,0.16525
1438.88230,0.15430
1436.95350,0.14285
1435.02471,0.13246
1433.09591,0.12456
1431.16711,0.11741
1429.23832,0.11056
1427.30952,0.10474
1425.38072,0.09964
1423.45193,0.09499
1421.52313,0.09089
1419.59433,0.08694
1417.66554,0.08339
1415.73674,0.08074
1413.80794,0.07839
1411.87915,0.07604
1409.95035,0.07381
1408.02155,0.07176
1406.09276,0.06979
1404.16396,0.06791
1402.23516,0.06627
1400.30637,0.06473
1398.37757,0.06327
1396.44877,0.06197
1394.51998,0.06081
1392.59118,0.05983
1390.66238,0.05898
1388.73359,0.05802
1386.80479,0.05697
1384.87599,0.05608
1382.94720,0.05536
1381.01840,0.05468
1379.08960,0.05399
1377.16081,0.05330
1375.23201,0.05261
1373.30321,0.05205
1371.37442,0.05163
1369.44562,0.05121
1367.51682,0.05079
1365.58803,0.05041
1363.65923,0.05004
1361.73043,0.04970
1359.80164,0.04944
1357.87284,0.04920
1355.94404,0.04891
1354.01525,0.04861
1352.08645,0.04834
1350.15765,0.04810
1348.22886,0.04789
1346.30006,0.04770
1344.37126,0.04753
1342.44247,0.04737
1340.51367,0.04724
1338.58487,0.04716
1336.65608,0.04715
1334.72728,0.04717
1332.79848,0.04713
1330.86969,0.04704
1328.94089,0.04687
1327.01209,0.04664
1325.08330,0.04636
1323.15450,0.04607
1321.22570,0.04579
1319.29691,0.04556
1317.36811,0.04536
1315.43931,0.04520
1313.51052,0.04507
1311.58172,0.04496
1309.65292,0.04489
1307.72413,0.04480
1305.79533,0.04470
1303.86653,0.04465
1301.93774,0.04462
1300.00894,0.04459
1298.08014,0.04454
1296.15135,0.04448
1294.22255,0.04444
1292.29375,0.04439
1290.36496,0.04434
1288.43616,0.04433
1286.50736,0.04434
1284.57857,0.04435
1282.64977,0.04434
1280.72097,0.04432
1278.79218,0.04430
1276.86338,0.04430
1274.93458,0.04429
1273.00579,0.04429
1271.07699,0.04432
1269.14820,0.04438
1267.21940,0.04445
1265.29060,0.04451
1263.36181,0.04452
1261.43301,0.04453
1259.50421,0.04459
1257.57542,0.04467
1255.64662,0.04475
1253.71782,0.04484
1251.78903,0.04498
1249.86023,0.04513
1247.93143,0.04525
1246.00264,0.04534
1244.07384,0.04544
1242.14504,0.04554
1240.21625,0.04565
1238.28745,0.04578
1236.35865,0.04591
1234.42986,0.04604
1232.50106,0.04620
1230.57226,0.04641
1228.64347,0.04663
1226.71467,0.04683
1224.78587,0.04705
1222.85708,0.04734
1220.92828,0.04766
1218.99948,0.04804
1217.07069,0.04848
1215.14189,0.04897
1213.21309,0.04949
1211.28430,0.05005
1209.35550,0.05066
1207.42670,0.05134
1205.49791,0.05210
1203.56911,0.05296
1201.64031,0.05394
1199.71152,0.05505
1197.78272,0.05629
1195.85392,0.05767
1193.92513,0.05923
1191.99633,0.06102
1190.06753,0.06303
1188.13874,0.06527
1186.20994,0.06779
1184.28114,0.07062
1182.35235,0.07378
1180.42355,0.07739
1178.49475,0.08147
1176.56596,0.08589
1174.63716,0.09057
1172.70836,0.09551
1170.77957,0.10064
1168.85077,0.10581
1166.92197,0.11081
1164.99318,0.11540
1163.06438,0.11940
1161.13558,0.12257
1159.20679,0.12465
1157.27799,0.12542
1155.34919,0.12485
1153.42040,0.12302
1151.49160,0.12009
1149.56280,0.11624
1147.63401,0.11172
1145.70521,0.10677
1143.77641,0.10162
1141.84762,0.09651
1139.91882,0.09163
1137.99002,0.08705
1136.06123,0.08284
1134.13243,0.07905
1132.20363,0.07569
1130.27484,0.07270
1128.34604,0.07003
1126.41724,0.06767
1124.48845,0.06562
1122.55965,0.06384
1120.63085,0.06227
1118.70206,0.06089
1116.77326,0.05967
1114.84446,0.05860
1112.91567,0.05769
1110.98687,0.05692
1109.05807,0.05624
1107.12928,0.05566
1105.20048,0.05516
1103.27168,0.05473
1101.34289,0.05439
1099.41409,0.05415
1097.48529,0.05400
1095.55650,0.05395
1093.62770,0.05401
1091.69890,0.05414
1089.77011,0.05435
1087.84131,0.05465
1085.91251,0.05503
1083.98372,0.05548
1082.05492,0.05597
1080.12612,0.05651
1078.19733,0.05709
1076.26853,0.05767
1074.33973,0.05823
1072.41094,0.05876
1070.48214,0.05923
1068.55334,0.05959
1066.62455,0.05981
1064.69575,0.05988
1062.76695,0.05981
1060.83816,0.05961
1058.90936,0.05928
1056.98056,0.05882
1055.05177,0.05820
1053.12297,0.05750
1051.19417,0.05678
1049.26538,0.05609
1047.33658,0.05542
1045.40778,0.05476
1043.47899,0.05410
1041.55019,0.05345
1039.62139,0.05279
1037.69260,0.05215
1035.76380,0.05153
1033.83500,0.05094
1031.90621,0.05039
1029.97741,0.04987
1028.04861,0.04938
1026.11982,0.04890
1024.19102,0.04845
1022.26222,0.04806
1020.33343,0.04775
1018.40463,0.04754
1016.47583,0.04742
1014.54704,0.04734
1012.61824,0.04724
1010.68944,0.04705
1008.76065,0.04671
1006.83185,0.04622
1004.90305,0.04558
1002.97426,0.04488
1001.04546,0.04422
999.11666,0.04366
997.18787,0.04318
995.25907,0.04280
993.33027,0.04246
991.40148,0.04212
989.47268,0.04178
987.54388,0.04145
985.61509,0.04111
983.68629,0.04074
981.75749,0.04035
979.82870,0.03997
977.89990,0.03958
975.97110,0.03916
974.04231,0.03875
972.11351,0.03834
970.18471,0.03793
968.25592,0.03751
966.32712,0.03714
964.39832,0.03681
962.46953,0.03647
960.54073,0.03608
958.61193,0.03569
956.68314,0.03530
954.75434,0.03489
952.82554,0.03449
950.89675,0.03410
948.96795,0.03371
947.03915,0.03329
945.11036,0.03286
943.18156,0.03244
941.25276,0.03201
939.32397,0.03159
937.39517,0.03116
935.46637,0.03075
933.53758,0.03034
931.60878,0.02992
929.67998,0.02949
927.75119,0.02905
925.82239,0.02862
923.89359,0.02816
921.96480,0.02764
920.03600,0.02713
918.10720,0.02668
916.17841,0.02624
914.24961,0.02578
912.32081,0.02532
910.39202,0.02490
908.46322,0.02451
906.53443,0.02412
904.60563,0.02371
902.67683,0.02331
900.74804,0.02292
898.81924,0.02252
896.89044,0.02209
894.96165,0.02161
893.03285,0.02111
891.10405,0.02060
889.17526,0.02009
887.24646,0.01959
885.31766,0.01911
883.38887,0.01863
881.46007,0.01819
879.53127,0.01778
877.60248,0.01736
875.67368,0.01692
873.74488,0.01652
871.81609,0.01615
869.88729,0.01582
867.95849,0.01549
866.02970,0.01512
864.10090,0.01475
862.17210,0.01438
860.24331,0.01403
858.31451,0.01370
856.38571,0.01341
854.45692,0.01316
852.52812,0.01295
850.59932,0.01275
848.67053,0.01251
846.74173,0.01227
844.81293,0.01207
842.88414,0.01189
840.95534,0.01166
839.02654,0.01143
837.09775,0.01128
835.16895,0.01113
833.24015,0.01098
831.31136,0.01084
829.38256,0.01076
827.45376,0.01071
825.52497,0.01063
823.59617,0.01060
821.66737,0.01069
819.73858,0.01080
817.80978,0.01087
815.88098,0.01097
813.95219,0.01116
812.02339,0.01138
810.09459,0.01164
808.16580,0.01201
806.23700,0.01250
804.30820,0.01307
802.37941,0.01369
800.45061,0.01432
798.52181,0.01504
796.59302,0.01607
794.66422,0.01735
792.73542,0.01861
790.80663,0.01974
788.87783,0.02072
786.94903,0.02141
785.02024,0.02173
783.09144,0.02157
781.16264,0.02087
779.23385,0.01981
777.30505,0.01865
775.37625,0.01745
773.44746,0.01622
771.51866,0.01520
769.58986,0.01443
767.66107,0.01378
765.73227,0.01347
763.80347,0.01348
761.87468,0.01333
759.94588,0.01304
758.01708,0.01296
756.08829,0.01295
754.15949,0.01276
752.23069,0.01264
750.30190,0.01280
748.37310,0.01276
