3496.90832,0.04411
3494.97953,0.04191
3493.05073,0.04175
3491.12193,0.04389
3489.19314,0.04703
3487.26434,0.05114
3485.33554,0.05151
3483.40675,0.04822
3481.47795,0.04698
3479.54915,0.04578
3477.62036,0.04308
3475.69156,0.04462
3473.76276,0.05017
3471.83397,0.05194
3469.90517,0.04942
3467.97637,0.04889
3466.04758,0.05033
3464.11878,0.05048
3462.18998,0.04924
3460.26119,0.04535
3458.33239,0.03917
3456.40359,0.03702
3454.47480,0.04212
3452.54600,0.04699
3450.61721,0.04445
3448.68841,0.03911
3446.75961,0.03850
3444.83082,0.03939
3442.90202,0.03773
3440.97322,0.03677
3439.04443,0.03478
3437.11563,0.02960
3435.18683,0.02572
3433.25804,0.02525
3431.32924,0.02543
3429.40044,0.02652
3427.47165,0.03133
3425.54285,0.03785
3423.61405,0.04359
3421.68526,0.04520
3419.75646,0.03973
3417.82766,0.03422
3415.89887,0.03269
3413.97007,0.03138
3412.04127,0.02744
3410.11248,0.01885
3408.18368,0.01096
3406.25488,0.01104
3404.32609,0.01433
3402.39729,0.01618
3400.46849,0.02026
3398.53970,0.02289
3396.61090,0.01869
3394.68210,0.01506
3392.75331,0.01910
3390.82451,0.02917
3388.89571,0.04108
3386.96692,0.04702
3385.03812,0.04218
3383.10932,0.03604
3381.18053,0.04070
3379.25173,0.05013
3377.32293,0.05083
3375.39414,0.04433
3373.46534,0.04287
3371.53654,0.05025
3369.60775,0.05505
3367.67895,0.05177
3365.75015,0.04551
3363.82136,0.03870
3361.89256,0.03240
3359.96376,0.02567
3358.03497,0.02041
3356.10617,0.02430
3354.17737,0.03610
3352.24858,0.04464
3350.31978,0.04650
3348.39098,0.04579
3346.46219,0.04302
3344.53339,0.04036
3342.60459,0.03984
3340.67580,0.03937
3338.74700,0.03873
3336.81820,0.04061
3334.88941,0.04613
3332.96061,0.04689
3331.03181,0.04045
3329.10302,0.03876
3327.17422,0.04310
3325.24542,0.04552
3323.31663,0.04402
3321.38783,0.04027
3319.45903,0.03732
3317.53024,0.03593
3315.60144,0.03136
3313.67264,0.02182
3311.74385,0.01327
3309.81505,0.01072
3307.88625,0.01552
3305.95746,0.02266
3304.02866,0.02439
3302.09986,0.02396
3300.17107,0.02585
3298.24227,0.02601
3296.31347,0.02282
3294.38468,0.01847
3292.45588,0.01330
3290.52708,0.00901
3288.59829,0.00907
3286.66949,0.01075
3284.74069,0.01135
3282.81190,0.01597
3280.88310,0.02393
3278.95430,0.02846
3277.02551,0.02844
3275.09671,0.02547
3273.16791,0.02293
3271.23912,0.02362
3269.31032,0.02227
3267.38152,0.01437
3265.45273,0.00794
3263.52393,0.01180
3261.59513,0.01921
3259.66634,0.01634
3257.73754,0.00754
3255.80874,0.00801
3253.87995,0.01544
3251.95115,0.01951
3250.02235,0.02239
3248.09356,0.02405
3246.16476,0.01884
3244.23596,0.01353
3242.30717,0.01332
3240.37837,0.01503
3238.44957,0.02182
3236.52078,0.03061
3234.59198,0.03043
3232.66318,0.02339
3230.73439,0.01852
3228.80559,0.01629
3226.87679,0.01267
3224.94800,0.01000
3223.01920,0.01512
3221.09040,0.02532
3219.16161,0.03068
3217.23281,0.03014
3215.30401,0.02902
3213.37522,0.02765
3211.44642,0.02729
3209.51762,0.03148
3207.58883,0.03463
3205.66003,0.03210
3203.73123,0.02893
3201.80244,0.02790
3199.87364,0.02870
3197.94484,0.03135
3196.01605,0.03169
3194.08725,0.02823
3192.15845,0.02633
3190.22966,0.02872
3188.30086,0.03189
3186.37206,0.03086
3184.44327,0.02663
3182.51447,0.02425
3180.58567,0.02441
3178.65688,0.02635
3176.72808,0.02819
3174.79928,0.02662
3172.87049,0.02303
3170.94169,0.02039
3169.01289,0.01952
3167.08410,0.01978
3165.15530,0.02018
3163.22650,0.02086
3161.29771,0.02101
3159.36891,0.01928
3157.44011,0.01808
3155.51132,0.02031
3153.58252,0.02320
3151.65372,0.02297
3149.72493,0.01988
3147.79613,0.01677
3145.86733,0.01663
3143.93854,0.01878
3142.00974,0.02109
3140.08094,0.02291
3138.15215,0.02300
3136.22335,0.02143
3134.29455,0.01965
3132.36576,0.01832
3130.43696,0.01831
3128.50816,0.01892
3126.57937,0.01904
3124.65057,0.01960
3122.72177,0.02095
3120.79298,0.02237
3118.86418,0.02346
3116.93538,0.02325
3115.00659,0.02147
3113.07779,0.01975
3111.14899,0.01934
3109.22020,0.01910
3107.29140,0.01853
3105.36260,0.01873
3103.43381,0.01918
3101.50501,0.01890
3099.57621,0.01814
3097.64742,0.01735
3095.71862,0.01663
3093.78982,0.01562
3091.86103,0.01480
3089.93223,0.01541
3088.00344,0.01708
3086.07464,0.01804
3084.14584,0.01783
3082.21705,0.01766
3080.28825,0.01802
3078.35945,0.01808
3076.43066,0.01744
3074.50186,0.01656
3072.57306,0.01641
3070.64427,0.01752
3068.71547,0.01849
3066.78667,0.01822
3064.85788,0.01799
3062.92908,0.01801
3061.00028,0.01717
3059.07149,0.01603
3057.14269,0.01604
3055.21389,0.01738
3053.28510,0.01847
3051.35630,0.01826
3049.42750,0.01773
3047.49871,0.01773
3045.56991,0.01788
3043.64111,0.01813
3041.71232,0.01902
3039.78352,0.01983
3037.85472,0.01971
3035.92593,0.01958
3033.99713,0.02014
3032.06833,0.02103
3030.13954,0.02191
3028.21074,0.02251
3026.28194,0.02265
3024.35315,0.02221
3022.42435,0.02154
3020.49555,0.02130
3018.56676,0.02136
3016.63796,0.02162
3014.70916,0.02220
3012.78037,0.02266
3010.85157,0.02283
3008.92277,0.02280
3006.99398,0.02264
3005.06518,0.02262
3003.13638,0.02250
3001.20759,0.02214
2999.27879,0.02186
2997.34999,0.02172
2995.42120,0.02212
2993.49240,0.02298
2991.56360,0.02338
2989.63481,0.02344
2987.70601,0.02360
2985.77721,0.02361
2983.84842,0.02355
2981.91962,0.02382
2979.99082,0.02432
2978.06203,0.02468
2976.13323,0.02486
2974.20443,0.02476
2972.27564,0.02446
2970.34684,0.02433
2968.41804,0.02428
2966.48925,0.02403
2964.56045,0.02377
2962.63165,0.02372
2960.70286,0.02389
2958.77406,0.02410
2956.84526,0.02444
2954.91647,0.02519
2952.98767,0.02596
2951.05887,0.02624
2949.13008,0.02627
2947.20128,0.02641
2945.27248,0.02630
2943.34369,0.02563
2941.41489,0.02497
2939.48609,0.02494
2937.55730,0.02541
2935.62850,0.02583
2933.69970,0.02579
2931.77091,0.02535
2929.84211,0.02489
2927.91331,0.02481
2925.98452,0.02508
2924.05572,0.02526
2922.12692,0.02555
2920.19813,0.02629
2918.26933,0.02703
2916.34053,0.02730
2914.41174,0.02716
2912.48294,0.02692
2910.55414,0.02678
2908.62535,0.02669
2906.69655,0.02652
2904.76775,0.02639
2902.83896,0.02628
2900.91016,0.02611
2898.98136,0.02625
2897.05257,0.02659
2895.12377,0.02653
2893.19497,0.02648
2891.26618,0.02689
2889.33738,0.02732
2887.40858,0.02739
2885.47979,0.02721
2883.55099,0.02713
2881.62219,0.02749
2879.69340,0.02797
2877.76460,0.02805
2875.83580,0.02789
2873.90701,0.02789
2871.97821,0.02810
2870.04941,0.02831
2868.12062,0.02839
2866.19182,0.02840
2864.26302,0.02848
2862.33423,0.02870
2860.40543,0.02902
2858.47663,0.02924
2856.54784,0.02917
2854.61904,0.02895
2852.69024,0.02888
2850.76145,0.02908
2848.83265,0.02954
2846.90385,0.03000
2844.97506,0.03019
2843.04626,0.03020
2841.11746,0.03013
2839.18867,0.03011
2837.25987,0.03024
2835.33107,0.03049
2833.40228,0.03088
2831.47348,0.03134
2829.54468,0.03161
2827.61589,0.03153
2825.68709,0.03135
2823.75829,0.03147
2821.82950,0.03189
2819.90070,0.03210
2817.97190,0.03193
2816.04311,0.03176
2814.11431,0.03188
2812.18551,0.03214
2810.25672,0.03222
2808.32792,0.03207
2806.39912,0.03195
2804.47033,0.03187
2802.54153,0.03162
2800.61273,0.03123
2798.68394,0.03099
2796.75514,0.03089
2794.82634,0.03067
2792.89755,0.03035
2790.96875,0.03017
2789.03995,0.03027
2787.11116,0.03041
2785.18236,0.03033
2783.25356,0.03015
2781.32477,0.03012
2779.39597,0.03021
2777.46717,0.03015
2775.53838,0.02984
2773.60958,0.02956
2771.68078,0.02947
2769.75199,0.02946
2767.82319,0.02950
2765.89439,0.02963
2763.96560,0.02970
2762.03680,0.02949
2760.10800,0.02913
2758.17921,0.02897
2756.25041,0.02900
2754.32161,0.02889
2752.39282,0.02857
2750.46402,0.02841
2748.53522,0.02864
2746.60643,0.02890
2744.67763,0.02886
2742.74883,0.02873
2740.82004,0.02878
2738.89124,0.02878
2736.96244,0.02860
2735.03365,0.02856
2733.10485,0.02878
2731.17605,0.02891
2729.24726,0.02883
2727.31846,0.02896
2725.38967,0.02920
2723.46087,0.02915
2721.53207,0.02905
2719.60328,0.02920
2717.67448,0.02933
2715.74568,0.02929
2713.81689,0.02931
2711.88809,0.02942
2709.95929,0.02940
2708.03050,0.02924
2706.10170,0.02915
2704.17290,0.02910
2702.24411,0.02886
2700.31531,0.02862
2698.38651,0.02871
2696.45772,0.02889
2694.52892,0.02890
2692.60012,0.02885
2690.67133,0.02881
2688.74253,0.02877
2686.81373,0.02882
2684.88494,0.02899
2682.95614,0.02913
2681.02734,0.02921
2679.09855,0.02931
2677.16975,0.02943
2675.24095,0.02943
2673.31216,0.02929
2671.38336,0.02911
2669.45456,0.02904
2667.52577,0.02912
2665.59697,0.02917
2663.66817,0.02906
2661.73938,0.02886
2659.81058,0.02878
2657.88178,0.02886
2655.95299,0.02888
2654.02419,0.02880
2652.09539,0.02883
2650.16660,0.02883
2648.23780,0.02881
2646.30900,0.02885
2644.38021,0.02890
2642.45141,0.02909
2640.52261,0.02939
2638.59382,0.02954
2636.66502,0.02963
2634.73622,0.02984
2632.80743,0.03000
2630.87863,0.03001
2628.94983,0.03001
2627.02104,0.03007
2625.09224,0.03019
2623.16344,0.03031
2621.23465,0.03043
2619.30585,0.03060
2617.37705,0.03074
2615.44826,0.03070
2613.51946,0.03057
2611.59066,0.03056
2609.66187,0.03062
2607.73307,0.03058
2605.80427,0.03052
2603.87548,0.03052
2601.94668,0.03049
2600.01788,0.03045
2598.08909,0.03050
2596.16029,0.03059
2594.23149,0.03072
2592.30270,0.03110
2590.37390,0.03169
2588.44510,0.03175
2586.51631,0.03110
2584.58751,0.03075
2582.65871,0.03110
2580.72992,0.03142
2578.80112,0.03160
2576.87232,0.03188
2574.94353,0.03181
2573.01473,0.03128
2571.08593,0.03091
2569.15714,0.03111
2567.22834,0.03157
2565.29954,0.03164
2563.37075,0.03121
2561.44195,0.03088
2559.51315,0.03092
2557.58436,0.03102
2555.65556,0.03089
2553.72676,0.03047
2551.79797,0.03005
2549.86917,0.03017
2547.94037,0.03076
2546.01158,0.03115
2544.08278,0.03114
2542.15398,0.03096
2540.22519,0.03070
2538.29639,0.03046
2536.36759,0.03039
2534.43880,0.03054
2532.51000,0.03076
2530.58120,0.03078
2528.65241,0.03066
2526.72361,0.03063
2524.79481,0.03037
2522.86602,0.02986
2520.93722,0.02965
2519.00842,0.02977
2517.07963,0.02992
2515.15083,0.03023
2513.22203,0.03061
2511.29324,0.03044
2509.36444,0.02982
2507.43564,0.02960
2505.50685,0.02983
2503.57805,0.02989
2501.64925,0.02966
2499.72046,0.02943
2497.79166,0.02939
2495.86286,0.02950
2493.93407,0.02958
2492.00527,0.02953
2490.07647,0.02953
2488.14768,0.02986
2486.21888,0.03025
2484.29008,0.03009
2482.36129,0.02943
2480.43249,0.02923
2478.50369,0.02971
2476.57490,0.03003
2474.64610,0.02991
2472.71730,0.02970
2470.78851,0.02958
2468.85971,0.02970
2466.93091,0.03004
2465.00212,0.03024
2463.07332,0.03008
2461.14452,0.02969
2459.21573,0.02934
2457.28693,0.02917
2455.35813,0.02892
2453.42934,0.02862
2451.50054,0.02850
2449.57174,0.02830
2447.64295,0.02789
2445.71415,0.02755
2443.78535,0.02737
2441.85656,0.02731
2439.92776,0.02755
2437.99896,0.02802
2436.07017,0.02829
2434.14137,0.02842
2432.21257,0.02864
2430.28378,0.02864
2428.35498,0.02837
2426.42618,0.02818
2424.49739,0.02813
2422.56859,0.02786
2420.63979,0.02729
2418.71100,0.02675
2416.78220,0.02666
2414.85340,0.02686
2412.92461,0.02682
2410.99581,0.02653
2409.06701,0.02657
2407.13822,0.02689
2405.20942,0.02676
2403.28062,0.02626
2401.35183,0.02579
2399.42303,0.02528
2397.49423,0.02494
2395.56544,0.02507
2393.63664,0.02538
2391.70784,0.02571
2389.77905,0.02644
2387.85025,0.02814
2385.92145,0.03165
2383.99266,0.03799
2382.06386,0.04753
2380.13506,0.05942
2378.20627,0.07227
2376.27747,0.08551
2374.34867,0.09925
2372.41988,0.11337
2370.49108,0.12718
2368.56228,0.14006
2366.63349,0.15172
2364.70469,0.16134
2362.77589,0.16770
2360.84710,0.17024
2358.91830,0.16859
2356.98951,0.16161
2355.06071,0.14895
2353.13191,0.13207
2351.20312,0.11514
2349.27432,0.10600
2347.34552,0.10970
2345.41673,0.12184
2343.48793,0.13046
2341.55913,0.13149
2339.63034,0.12930
2337.70154,0.12641
2335.77274,0.12400
2333.84395,0.12328
2331.91515,0.12354
2329.98635,0.12179
2328.05756,0.11751
2326.12876,0.11355
2324.19996,0.11105
2322.27117,0.10766
2320.34237,0.10108
2318.41357,0.09251
2316.48478,0.08510
2314.55598,0.08044
2312.62718,0.07710
2310.69839,0.07300
2308.76959,0.06781
2306.84079,0.06217
2304.91200,0.05661
2302.98320,0.05191
2301.05440,0.04839
2299.12561,0.04551
2297.19681,0.04299
2295.26801,0.04076
2293.33922,0.03848
2291.41042,0.03618
2289.48162,0.03438
2287.55283,0.03310
2285.62403,0.03180
2283.69523,0.03065
2281.76644,0.03040
2279.83764,0.03103
2277.90884,0.03197
2275.98005,0.03264
2274.05125,0.03287
2272.12245,0.03331
2270.19366,0.03424
2268.26486,0.03487
2266.33606,0.03482
2264.40727,0.03484
2262.47847,0.03527
2260.54967,0.03557
2258.62088,0.03555
2256.69208,0.03576
2254.76328,0.03594
2252.83449,0.03548
2250.90569,0.03514
2248.97689,0.03530
2247.04810,0.03520
2245.11930,0.03513
2243.19050,0.03589
2241.26171,0.03688
2239.33291,0.03716
2237.40411,0.03685
2235.47532,0.03691
2233.54652,0.03733
2231.61772,0.03719
2229.68893,0.03707
2227.76013,0.03775
2225.83133,0.03835
2223.90254,0.03843
2221.97374,0.03856
2220.04494,0.03907
2218.11615,0.03987
2216.18735,0.04031
2214.25855,0.03994
2212.32976,0.03926
2210.40096,0.03979
2208.47216,0.04225
2206.54337,0.04423
2204.61457,0.04404
2202.68577,0.04363
2200.75698,0.04413
2198.82818,0.04455
2196.89938,0.04456
2194.97059,0.04456
2193.04179,0.04503
2191.11299,0.04582
2189.18420,0.04622
2187.25540,0.04610
2185.32660,0.04548
2183.39781,0.04472
2181.46901,0.04555
2179.54021,0.04792
2177.61142,0.04959
2175.68262,0.05011
2173.75382,0.04965
2171.82503,0.04820
2169.89623,0.04723
2167.96743,0.04795
2166.03864,0.05004
2164.10984,0.05299
2162.18104,0.05717
2160.25225,0.06182
2158.32345,0.06369
2156.39465,0.06101
2154.46586,0.05567
2152.53706,0.05053
2150.60826,0.04702
2148.67947,0.04456
2146.75067,0.04170
2144.82187,0.03849
2142.89308,0.03581
2140.96428,0.03356
2139.03548,0.03238
2137.10669,0.03206
2135.17789,0.03090
2133.24909,0.02948
2131.32030,0.02921
2129.39150,0.02917
2127.46270,0.02825
2125.53391,0.02705
2123.60511,0.02627
2121.67631,0.02562
2119.74752,0.02470
2117.81872,0.02365
2115.88992,0.02310
2113.96113,0.02333
2112.03233,0.02389
2110.10353,0.02438
2108.17474,0.02475
2106.24594,0.02499
2104.31714,0.02517
2102.38835,0.02537
2100.45955,0.02530
2098.53075,0.02457
2096.60196,0.02362
2094.67316,0.02313
2092.74436,0.02295
2090.81557,0.02272
2088.88677,0.02283
2086.95797,0.02367
2085.02918,0.02455
2083.10038,0.02460
2081.17158,0.02419
2079.24279,0.02407
2077.31399,0.02446
2075.38519,0.02502
2073.45640,0.02537
2071.52760,0.02591
2069.59880,0.02677
2067.67001,0.02730
2065.74121,0.02733
2063.81241,0.02756
2061.88362,0.02802
2059.95482,0.02791
2058.02602,0.02746
2056.09723,0.02737
2054.16843,0.02749
2052.23963,0.02766
2050.31084,0.02847
2048.38204,0.03010
2046.45324,0.03232
2044.52445,0.03490
2042.59565,0.03688
2040.66685,0.03775
2038.73806,0.03758
2036.80926,0.03673
2034.88046,0.03680
2032.95167,0.03792
2031.02287,0.03781
2029.09407,0.03650
2027.16528,0.03605
2025.23648,0.03679
2023.30768,0.03805
2021.37889,0.03860
2019.45009,0.03818
2017.52129,0.03832
2015.59250,0.03869
2013.66370,0.03785
2011.73490,0.03620
2009.80611,0.03480
2007.87731,0.03272
2005.94851,0.02908
2004.01972,0.02695
2002.09092,0.02850
2000.16212,0.03102
1998.23333,0.03110
1996.30453,0.02913
1994.37574,0.02839
1992.44694,0.02973
1990.51814,0.03047
1988.58935,0.02983
1986.66055,0.02937
1984.73175,0.02913
1982.80296,0.02933
1980.87416,0.03056
1978.94536,0.03131
1977.01657,0.03095
1975.08777,0.03088
1973.15897,0.02998
1971.23018,0.02731
1969.30138,0.02574
1967.37258,0.02667
1965.44379,0.02804
1963.51499,0.02865
1961.58619,0.02831
1959.65740,0.02714
1957.72860,0.02618
1955.79980,0.02555
1953.87101,0.02468
1951.94221,0.02391
1950.01341,0.02345
1948.08462,0.02272
1946.15582,0.02191
1944.22702,0.02183
1942.29823,0.02191
1940.36943,0.02113
1938.44063,0.01981
1936.51184,0.01890
1934.58304,0.01894
1932.65424,0.01920
1930.72545,0.01912
1928.79665,0.01920
1926.86785,0.01973
1924.93906,0.02039
1923.01026,0.02062
1921.08146,0.02052
1919.15267,0.02047
1917.22387,0.01997
1915.29507,0.01905
1913.36628,0.01866
1911.43748,0.01885
1909.50868,0.01882
1907.57989,0.01820
1905.65109,0.01761
1903.72229,0.01749
1901.79350,0.01745
1899.86470,0.01745
1897.93590,0.01778
1896.00711,0.01809
1894.07831,0.01795
1892.14951,0.01798
1890.22072,0.01841
1888.29192,0.01826
1886.36312,0.01764
1884.43433,0.01734
1882.50553,0.01741
1880.57673,0.01761
1878.64794,0.01768
1876.71914,0.01759
1874.79034,0.01760
1872.86155,0.01827
1870.93275,0.01976
1869.00395,0.02077
1867.07516,0.01996
1865.14636,0.01848
1863.21756,0.01771
1861.28877,0.01742
1859.35997,0.01713
1857.43117,0.01676
1855.50238,0.01643
1853.57358,0.01633
1851.64478,0.01657
1849.71599,0.01724
1847.78719,0.01827
1845.85839,0.01940
1843.92960,0.01960
1842.00080,0.01855
1840.07200,0.01769
1838.14321,0.01750
1836.21441,0.01744
1834.28561,0.01759
1832.35682,0.01855
1830.42802,0.01966
1828.49922,0.01982
1826.57043,0.01964
1824.64163,0.01921
1822.71283,0.01811
1820.78404,0.01720
1818.85524,0.01704
1816.92644,0.01708
1814.99765,0.01716
1813.06885,0.01760
1811.14005,0.01798
1809.21126,0.01768
1807.28246,0.01703
1805.35366,0.01697
1803.42487,0.01786
1801.49607,0.01875
1799.56727,0.01867
1797.63848,0.01826
1795.70968,0.01870
1793.78088,0.01995
1791.85209,0.02027
1789.92329,0.01881
1787.99449,0.01764
1786.06570,0.01776
1784.13690,0.01817
1782.20810,0.01848
1780.27931,0.01858
1778.35051,0.01836
1776.42171,0.01864
1774.49292,0.01992
1772.56412,0.02111
1770.63532,0.02092
1768.70653,0.01980
1766.77773,0.01839
1764.84893,0.01772
1762.92014,0.01820
1760.99134,0.01851
1759.06254,0.01834
1757.13375,0.01813
1755.20495,0.01790
1753.27615,0.01868
1751.34736,0.02061
1749.41856,0.02140
1747.48976,0.02046
1745.56097,0.01951
1743.63217,0.01916
1741.70337,0.01904
1739.77458,0.01874
1737.84578,0.01882
1735.91698,0.02036
1733.98819,0.02195
1732.05939,0.02104
1730.13059,0.01914
1728.20180,0.01764
1726.27300,0.01694
1724.34420,0.01722
1722.41541,0.01814
1720.48661,0.02039
1718.55781,0.02392
1716.62902,0.02573
1714.70022,0.02468
1712.77142,0.02333
1710.84263,0.02351
1708.91383,0.02562
1706.98503,0.02931
1705.05624,0.03339
1703.12744,0.03790
1701.19864,0.04444
1699.26985,0.05138
1697.34105,0.05704
1695.41225,0.06331
1693.48346,0.07005
1691.55466,0.07852
1689.62586,0.09011
1687.69707,0.10315
1685.76827,0.11882
1683.83947,0.13774
1681.91068,0.15219
1679.98188,0.16321
1678.05308,0.17571
1676.12429,0.19074
1674.19549,0.20603
1672.26669,0.21885
1670.33790,0.23078
1668.40910,0.24086
1666.48030,0.24724
1664.55151,0.25287
1662.62271,0.25813
1660.69391,0.26091
1658.76512,0.26230
1656.83632,0.26482
1654.90752,0.26928
1652.97873,0.27187
1651.04993,0.27058
1649.12113,0.27184
1647.19234,0.27671
1645.26354,0.28203
1643.33474,0.28796
1641.40595,0.29748
1639.47715,0.31101
1637.54835,0.32868
1635.61956,0.35041
1633.69076,0.36969
1631.76197,0.38521
1629.83317,0.40166
1627.90437,0.41851
1625.97558,0.43244
1624.04678,0.44255
1622.11798,0.44800
1620.18919,0.44940
1618.26039,0.44918
1616.33159,0.44677
1614.40280,0.44289
1612.47400,0.44079
1610.54520,0.44162
1608.61641,0.44526
1606.68761,0.45125
1604.75881,0.45944
1602.83002,0.46924
1600.90122,0.47941
1598.97242,0.48881
1597.04363,0.49631
1595.11483,0.50065
1593.18603,0.50065
1591.25724,0.49623
1589.32844,0.48744
1587.39964,0.47455
1585.47085,0.45829
1583.54205,0.43931
1581.61325,0.41885
1579.68446,0.39908
1577.75566,0.37842
1575.82686,0.35292
1573.89807,0.32937
1571.96927,0.31137
1570.04047,0.29277
1568.11168,0.27308
1566.18288,0.25595
1564.25408,0.24172
1562.32529,0.23177
1560.39649,0.22387
1558.46769,0.20994
1556.53890,0.19427
1554.61010,0.18255
1552.68130,0.17296
1550.75251,0.16481
1548.82371,0.15747
1546.89491,0.15208
1544.96612,0.14904
1543.03732,0.14670
1541.10852,0.14283
1539.17973,0.13516
1537.25093,0.12811
1535.32213,0.12463
1533.39334,0.12176
1531.46454,0.11773
1529.53574,0.11491
1527.60695,0.11373
1525.67815,0.11258
1523.74935,0.11155
1521.82056,0.11046
1519.89176,0.10824
1517.96296,0.10580
1516.03417,0.10315
1514.10537,0.10053
1512.17657,0.09989
1510.24778,0.10209
1508.31898,0.10540
1506.39018,0.10444
1504.46139,0.09978
1502.53259,0.09808
1500.60379,0.09997
1498.67500,0.10377
1496.74620,0.10757
1494.81740,0.11084
1492.88861,0.11590
1490.95981,0.12444
1489.03101,0.13401
1487.10222,0.14174
1485.17342,0.14954
1483.24462,0.15963
1481.31583,0.17200
1479.38703,0.18558
1477.45823,0.20038
1475.52944,0.21644
1473.60064,0.23249
1471.67184,0.24577
1469.74305,0.25474
1467.81425,0.26261
1465.88545,0.27084
1463.95666,0.27655
1462.02786,0.27902
1460.09906,0.28090
1458.17027,0.28071
1456.24147,0.27260
1454.31267,0.25990
1452.38388,0.24782
1450.45508,0.23591
1448.52628,0.22290
1446.59749,0.20835
1444.66869,0.19402
1442.73989,0.18095
1440.81110,0.16971
1438.88230,0.16069
1436.95350,0.15108
1435.02471,0.13984
1433.09591,0.13043
1431.16711,0.12301
1429.23832,0.11587
1427.30952,0.10947
1425.38072,0.10453
1423.45193,0.10049
1421.52313,0.09758
1419.59433,0.09524
1417.66554,0.09104
1415.73674,0.08570
1413.80794,0.08153
1411.87915,0.07863
1409.95035,0.07623
1408.02155,0.07435
1406.09276,0.07296
1404.16396,0.07115
1402.23516,0.06940
1400.30637,0.06884
1398.37757,0.06876
1396.44877,0.06805
1394.51998,0.06613
1392.59118,0.06346
1390.66238,0.06189
1388.73359,0.06175
1386.80479,0.06109
1384.87599,0.05926
1382.94720,0.05775
1381.01840,0.05712
1379.08960,0.05687
1377.16081,0.05697
1375.23201,0.05723
1373.30321,0.05654
1371.37442,0.05508
1369.44562,0.05399
1367.51682,0.05342
1365.58803,0.05362
1363.65923,0.05445
1361.73043,0.05418
1359.80164,0.05252
1357.87284,0.05116
1355.94404,0.05054
1354.01525,0.05011
1352.08645,0.04969
1350.15765,0.04940
1348.22886,0.04916
1346.30006,0.04894
1344.37126,0.04904
1342.44247,0.04999
1340.51367,0.05143
1338.58487,0.05182
1336.65608,0.05081
1334.72728,0.04969
1332.79848,0.04915
1330.86969,0.04899
1328.94089,0.04884
1327.01209,0.04860
1325.08330,0.04835
1323.15450,0.04819
1321.22570,0.04824
1319.29691,0.04832
1317.36811,0.04811
1315.43931,0.04771
1313.51052,0.04732
1311.58172,0.04685
1309.65292,0.04639
1307.72413,0.04610
1305.79533,0.04589
1303.86653,0.04575
1301.93774,0.04570
1300.00894,0.04570
1298.08014,0.04575
1296.15135,0.04577
1294.22255,0.04576
1292.29375,0.04585
1290.36496,0.04606
1288.43616,0.04622
1286.50736,0.04622
1284.57857,0.04615
1282.64977,0.04615
1280.72097,0.04617
1278.79218,0.04615
1276.86338,0.04611
1274.93458,0.04615
1273.00579,0.04630
1271.07699,0.04641
1269.14820,0.04635
1267.21940,0.04623
1265.29060,0.04611
1263.36181,0.04604
1261.43301,0.04604
1259.50421,0.04603
1257.57542,0.04596
1255.64662,0.04591
1253.71782,0.04598
1251.78903,0.04612
1249.86023,0.04627
1247.93143,0.04644
1246.00264,0.04664
1244.07384,0.04687
1242.14504,0.04707
1240.21625,0.04725
1238.28745,0.04745
1236.35865,0.04767
1234.42986,0.04787
1232.50106,0.04807
1230.57226,0.04831
1228.64347,0.04857
1226.71467,0.04879
1224.78587,0.04897
1222.85708,0.04915
1220.92828,0.04943
1218.99948,0.04978
1217.07069,0.05015
1215.14189,0.05056
1213.21309,0.05103
1211.28430,0.05152
1209.35550,0.05202
1207.42670,0.05261
1205.49791,0.05334
1203.56911,0.05419
1201.64031,0.05516
1199.71152,0.05629
1197.78272,0.05759
1195.85392,0.05906
1193.92513,0.06073
1191.99633,0.06263
1190.06753,0.06478
1188.13874,0.06719
1186.20994,0.06984
1184.28114,0.07275
1182.35235,0.07599
1180.42355,0.07967
1178.49475,0.08382
1176.56596,0.08831
1174.63716,0.09303
1172.70836,0.09795
1170.77957,0.10305
1168.85077,0.10818
1166.92197,0.11314
1164.99318,0.11773
1163.06438,0.12172
1161.13558,0.12483
1159.20679,0.12683
1157.27799,0.12756
1155.34919,0.12698
1153.42040,0.12513
1151.49160,0.12214
1149.56280,0.11824
1147.63401,0.11370
1145.70521,0.10875
1143.77641,0.10366
1141.84762,0.09865
1139.91882,0.09388
1137.99002,0.08940
1136.06123,0.08527
1134.13243,0.08148
1132.20363,0.07808
1130.27484,0.07505
1128.34604,0.07237
1126.41724,0.06998
1124.48845,0.06787
1122.55965,0.06600
1120.63085,0.06435
1118.70206,0.06286
1116.77326,0.06153
1114.84446,0.06037
1112.91567,0.05938
1110.98687,0.05852
1109.05807,0.05776
1107.12928,0.05712
1105.20048,0.05658
1103.27168,0.05614
1101.34289,0.05581
1099.41409,0.05560
1097.48529,0.05550
1095.55650,0.05550
1093.62770,0.05563
1091.69890,0.05588
1089.77011,0.05623
1087.84131,0.05663
1085.91251,0.05708
1083.98372,0.05758
1082.05492,0.05812
1080.12612,0.05867
1078.19733,0.05922
1076.26853,0.05975
1074.33973,0.06024
1072.41094,0.06070
1070.48214,0.06107
1068.55334,0.06133
1066.62455,0.06146
1064.69575,0.06146
1062.76695,0.06131
1060.83816,0.06103
1058.90936,0.06063
1056.98056,0.06011
1055.05177,0.05947
1053.12297,0.05878
1051.19417,0.05808
1049.26538,0.05742
1047.33658,0.05679
1045.40778,0.05621
1043.47899,0.05564
1041.55019,0.05508
1039.62139,0.05452
1037.69260,0.05399
1035.76380,0.05346
1033.83500,0.05294
1031.90621,0.05241
1029.97741,0.05189
1028.04861,0.05138
1026.11982,0.05087
1024.19102,0.05038
1022.26222,0.04994
1020.33343,0.04957
1018.40463,0.04929
1016.47583,0.04910
1014.54704,0.04894
1012.61824,0.04873
1010.68944,0.04845
1008.76065,0.04807
1006.83185,0.04754
1004.90305,0.04687
1002.97426,0.04615
1001.04546,0.04550
999.11666,0.04496
997.18787,0.04454
995.25907,0.04424
993.33027,0.04401
991.40148,0.04379
989.47268,0.04355
987.54388,0.04330
985.61509,0.04302
983.68629,0.04269
981.75749,0.04231
979.82870,0.04190
977.89990,0.04146
975.97110,0.04100
974.04231,0.04054
972.11351,0.04007
970.18471,0.03958
968.25592,0.03908
966.32712,0.03862
964.39832,0.03818
962.46953,0.03771
960.54073,0.03722
958.61193,0.03676
956.68314,0.03631
954.75434,0.03587
952.82554,0.03546
950.89675,0.03510
948.96795,0.03475
947.03915,0.03438
945.11036,0.03404
943.18156,0.03373
941.25276,0.03344
939.32397,0.03312
937.39517,0.03279
935.46637,0.03242
933.53758,0.03203
931.60878,0.03162
929.67998,0.03115
927.75119,0.03066
925.82239,0.03017
923.89359,0.02965
921.96480,0.02909
920.03600,0.02853
918.10720,0.02799
916.17841,0.02745
914.24961,0.02690
912.32081,0.02635
910.39202,0.02582
908.46322,0.02535
906.53443,0.02494
904.60563,0.02453
902.67683,0.02413
900.74804,0.02377
898.81924,0.02344
896.89044,0.02313
894.96165,0.02279
893.03285,0.02238
891.10405,0.02194
889.17526,0.02155
887.24646,0.02117
885.31766,0.02076
883.38887,0.02030
881.46007,0.01983
879.53127,0.01937
877.60248,0.01888
875.67368,0.01839
873.74488,0.01790
871.81609,0.01743
869.88729,0.01700
867.95849,0.01660
866.02970,0.01616
864.10090,0.01567
862.17210,0.01518
860.24331,0.01474
858.31451,0.01435
856.38571,0.01400
854.45692,0.01374
852.52812,0.01358
850.59932,0.01342
848.67053,0.01319
846.74173,0.01298
844.81293,0.01289
842.88414,0.01288
840.95534,0.01283
839.02654,0.01272
837.09775,0.01259
835.16895,0.01247
833.24015,0.01236
831.31136,0.01227
829.38256,0.01222
827.45376,0.01216
825.52497,0.01206
823.59617,0.01197
821.66737,0.01193
819.73858,0.01192
817.80978,0.01191
815.88098,0.01199
813.95219,0.01222
812.02339,0.01244
810.09459,0.01256
808.16580,0.01276
806.23700,0.01317
804.30820,0.01374
802.37941,0.01445
800.45061,0.01525
798.52181,0.01617
796.59302,0.01734
794.66422,0.01871
792.73542,0.01997
790.80663,0.02107
788.87783,0.02216
786.94903,0.02304
785.02024,0.02346
783.09144,0.02330
781.16264,0.02253
779.23385,0.02137
777.30505,0.02013
775.37625,0.01878
773.44746,0.01733
771.51866,0.01619
769.58986,0.01550
767.66107,0.01496
765.73227,0.01442
763.80347,0.01397
761.87468,0.01367
759.94588,0.01342
758.01708,0.01320
756.08829,0.01313
754.15949,0.01321
752.23069,0.01334
750.30190,0.01325
748.37310,0.01287
