3496.90832,0.04107
3494.97953,0.03971
3493.05073,0.03748
3491.12193,0.03853
3489.19314,0.04400
3487.26434,0.04778
3485.33554,0.04359
3483.40675,0.03859
3481.47795,0.04119
3479.54915,0.04615
3477.62036,0.05058
3475.69156,0.05659
3473.76276,0.05830
3471.83397,0.05153
3469.90517,0.04422
3467.97637,0.04358
3466.04758,0.04569
3464.11878,0.04597
3462.18998,0.04491
3460.26119,0.04233
3458.33239,0.03717
3456.40359,0.03094
3454.47480,0.02811
3452.54600,0.03107
3450.61721,0.03673
3448.68841,0.04171
3446.75961,0.04566
3444.83082,0.04707
3442.90202,0.04471
3440.97322,0.04299
3439.04443,0.04292
3437.11563,0.03871
3435.18683,0.03172
3433.25804,0.02930
3431.32924,0.03196
3429.40044,0.03392
3427.47165,0.03352
3425.54285,0.03489
3423.61405,0.03965
3421.68526,0.04184
3419.75646,0.03764
3417.82766,0.03363
3415.89887,0.03329
3413.97007,0.03169
3412.04127,0.02787
3410.11248,0.02527
3408.18368,0.02364
3406.25488,0.02048
3404.32609,0.01787
3402.39729,0.02167
3400.46849,0.03068
3398.53970,0.03308
3396.61090,0.02282
3394.68210,0.01412
3392.75331,0.01788
3390.82451,0.02383
3388.89571,0.02624
3386.96692,0.03039
3385.03812,0.03494
3383.10932,0.03710
3381.18053,0.03949
3379.25173,0.04238
3377.32293,0.04192
3375.39414,0.03585
3373.46534,0.02907
3371.53654,0.02894
3369.60775,0.03459
3367.67895,0.04173
3365.75015,0.04547
3363.82136,0.04029
3361.89256,0.03246
3359.96376,0.03178
3358.03497,0.03430
3356.10617,0.03664
3354.17737,0.04444
3352.24858,0.05122
3350.31978,0.04683
3348.39098,0.03857
3346.46219,0.03451
3344.53339,0.03478
3342.60459,0.03832
3340.67580,0.04005
3338.74700,0.04036
3336.81820,0.04400
3334.88941,0.04346
3332.96061,0.03548
3331.03181,0.03301
3329.10302,0.03990
3327.17422,0.04415
3325.24542,0.03898
3323.31663,0.03151
3321.38783,0.02865
3319.45903,0.02929
3317.53024,0.03101
3315.60144,0.03098
3313.67264,0.02832
3311.74385,0.02654
3309.81505,0.02776
3307.88625,0.03183
3305.95746,0.03388
3304.02866,0.02812
3302.09986,0.01981
3300.17107,0.01684
3298.24227,0.01631
3296.31347,0.01545
3294.38468,0.01617
3292.45588,0.01759
3290.52708,0.01963
3288.59829,0.02224
3286.66949,0.02071
3284.74069,0.01443
3282.81190,0.01083
3280.88310,0.01249
3278.95430,0.01515
3277.02551,0.01732
3275.09671,0.02015
3273.16791,0.02386
3271.23912,0.02548
3269.31032,0.02072
3267.38152,0.01476
3265.45273,0.01474
3263.52393,0.01452
3261.59513,0.01008
3259.66634,0.00856
3257.73754,0.01172
3255.80874,0.01528
3253.87995,0.01594
3251.95115,0.01302
3250.02235,0.00991
3248.09356,0.00781
3246.16476,0.00617
3244.23596,0.00702
3242.30717,0.00786
3240.37837,0.00767
3238.44957,0.01443
3236.52078,0.02683
3234.59198,0.03537
3232.66318,0.03918
3230.73439,0.03965
3228.80559,0.03345
3226.87679,0.01939
3224.94800,0.00718
3223.01920,0.00999
3221.09040,0.02483
3219.16161,0.03694
3217.23281,0.04056
3215.30401,0.03995
3213.37522,0.03845
3211.44642,0.03697
3209.51762,0.03701
3207.58883,0.03829
3205.66003,0.03873
3203.73123,0.03719
3201.80244,0.03443
3199.87364,0.03212
3197.94484,0.03158
3196.01605,0.03240
3194.08725,0.03251
3192.15845,0.03238
3190.22966,0.03578
3188.30086,0.04048
3186.37206,0.03847
3184.44327,0.03144
3182.51447,0.02808
3180.58567,0.02958
3178.65688,0.03218
3176.72808,0.03186
3174.79928,0.02706
3172.87049,0.02190
3170.94169,0.01933
3169.01289,0.01831
3167.08410,0.01917
3165.15530,0.02338
3163.22650,0.02823
3161.29771,0.02996
3159.36891,0.02802
3157.44011,0.02406
3155.51132,0.02216
3153.58252,0.02347
3151.65372,0.02350
3149.72493,0.02032
3147.79613,0.01741
3145.86733,0.01808
3143.93854,0.02069
3142.00974,0.02208
3140.08094,0.02232
3138.15215,0.02223
3136.22335,0.02187
3134.29455,0.02198
3132.36576,0.02257
3130.43696,0.02209
3128.50816,0.02036
3126.57937,0.01899
3124.65057,0.01870
3122.72177,0.01954
3120.79298,0.02159
3118.86418,0.02427
3116.93538,0.02606
3115.00659,0.02484
3113.07779,0.02138
3111.14899,0.01940
3109.22020,0.01961
3107.29140,0.01993
3105.36260,0.01968
3103.43381,0.01911
3101.50501,0.01868
3099.57621,0.01847
3097.64742,0.01817
3095.71862,0.01825
3093.78982,0.01855
3091.86103,0.01737
3089.93223,0.01525
3088.00344,0.01522
3086.07464,0.01749
3084.14584,0.01936
3082.21705,0.01943
3080.28825,0.01840
3078.35945,0.01768
3076.43066,0.01804
3074.50186,0.01915
3072.57306,0.02015
3070.64427,0.02019
3068.71547,0.01889
3066.78667,0.01724
3064.85788,0.01704
3062.92908,0.01831
3061.00028,0.01926
3059.07149,0.01904
3057.14269,0.01867
3055.21389,0.01971
3053.28510,0.02115
3051.35630,0.02083
3049.42750,0.01923
3047.49871,0.01799
3045.56991,0.01785
3043.64111,0.01879
3041.71232,0.02007
3039.78352,0.02095
3037.85472,0.02139
3035.92593,0.02171
3033.99713,0.02175
3032.06833,0.02168
3030.13954,0.02212
3028.21074,0.02274
3026.28194,0.02275
3024.35315,0.02217
3022.42435,0.02185
3020.49555,0.02201
3018.56676,0.02210
3016.63796,0.02220
3014.70916,0.02252
3012.78037,0.02311
3010.85157,0.02392
3008.92277,0.02419
3006.99398,0.02365
3005.06518,0.02329
3003.13638,0.02341
3001.20759,0.02329
2999.27879,0.02283
2997.34999,0.02255
2995.42120,0.02293
2993.49240,0.02343
2991.56360,0.02318
2989.63481,0.02270
2987.70601,0.02249
2985.77721,0.02222
2983.84842,0.02230
2981.91962,0.02337
2979.99082,0.02455
2978.06203,0.02467
2976.13323,0.02427
2974.20443,0.02402
2972.27564,0.02395
2970.34684,0.02418
2968.41804,0.02439
2966.48925,0.02452
2964.56045,0.02489
2962.63165,0.02529
2960.70286,0.02548
2958.77406,0.02563
2956.84526,0.02590
2954.91647,0.02599
2952.98767,0.02581
2951.05887,0.02565
2949.13008,0.02567
2947.20128,0.02583
2945.27248,0.02608
2943.34369,0.02612
2941.41489,0.02594
2939.48609,0.02586
2937.55730,0.02573
2935.62850,0.02525
2933.69970,0.02486
2931.77091,0.02515
2929.84211,0.02575
2927.91331,0.02593
2925.98452,0.02580
2924.05572,0.02574
2922.12692,0.02584
2920.19813,0.02628
2918.26933,0.02697
2916.34053,0.02745
2914.41174,0.02744
2912.48294,0.02701
2910.55414,0.02661
2908.62535,0.02638
2906.69655,0.02620
2904.76775,0.02633
2902.83896,0.02670
2900.91016,0.02686
2898.98136,0.02704
2897.05257,0.02745
2895.12377,0.02758
2893.19497,0.02734
2891.26618,0.02735
2889.33738,0.02770
2887.40858,0.02786
2885.47979,0.02760
2883.55099,0.02745
2881.62219,0.02780
2879.69340,0.02824
2877.76460,0.02835
2875.83580,0.02817
2873.90701,0.02788
2871.97821,0.02774
2870.04941,0.02791
2868.12062,0.02826
2866.19182,0.02864
2864.26302,0.02898
2862.33423,0.02928
2860.40543,0.02956
2858.47663,0.02975
2856.54784,0.02973
2854.61904,0.02968
2852.69024,0.02978
2850.76145,0.02983
2848.83265,0.02977
2846.90385,0.02988
2844.97506,0.03028
2843.04626,0.03083
2841.11746,0.03113
2839.18867,0.03109
2837.25987,0.03103
2835.33107,0.03113
2833.40228,0.03126
2831.47348,0.03134
2829.54468,0.03150
2827.61589,0.03174
2825.68709,0.03193
2823.75829,0.03201
2821.82950,0.03199
2819.90070,0.03196
2817.97190,0.03194
2816.04311,0.03192
2814.11431,0.03201
2812.18551,0.03221
2810.25672,0.03220
2808.32792,0.03199
2806.39912,0.03201
2804.47033,0.03216
2802.54153,0.03204
2800.61273,0.03172
2798.68394,0.03140
2796.75514,0.03109
2794.82634,0.03086
2792.89755,0.03068
2790.96875,0.03058
2789.03995,0.03066
2787.11116,0.03075
2785.18236,0.03054
2783.25356,0.03019
2781.32477,0.03005
2779.39597,0.03010
2777.46717,0.02993
2775.53838,0.02957
2773.60958,0.02945
2771.68078,0.02968
2769.75199,0.02998
2767.82319,0.03012
2765.89439,0.02999
2763.96560,0.02971
2762.03680,0.02942
2760.10800,0.02923
2758.17921,0.02915
2756.25041,0.02911
2754.32161,0.02895
2752.39282,0.02866
2750.46402,0.02854
2748.53522,0.02873
2746.60643,0.02892
2744.67763,0.02892
2742.74883,0.02886
2740.82004,0.02882
2738.89124,0.02874
2736.96244,0.02873
2735.03365,0.02892
2733.10485,0.02911
2731.17605,0.02910
2729.24726,0.02908
2727.31846,0.02918
2725.38967,0.02921
2723.46087,0.02912
2721.53207,0.02916
2719.60328,0.02929
2717.67448,0.02940
2715.74568,0.02956
2713.81689,0.02980
2711.88809,0.02988
2709.95929,0.02967
2708.03050,0.02929
2706.10170,0.02899
2704.17290,0.02891
2702.24411,0.02896
2700.31531,0.02902
2698.38651,0.02895
2696.45772,0.02872
2694.52892,0.02861
2692.60012,0.02879
2690.67133,0.02894
2688.74253,0.02889
2686.81373,0.02887
2684.88494,0.02902
2682.95614,0.02919
2681.02734,0.02932
2679.09855,0.02951
2677.16975,0.02968
2675.24095,0.02964
2673.31216,0.02943
2671.38336,0.02923
2669.45456,0.02916
2667.52577,0.02921
2665.59697,0.02925
2663.66817,0.02925
2661.73938,0.02920
2659.81058,0.02908
2657.88178,0.02897
2655.95299,0.02892
2654.02419,0.02892
2652.09539,0.02892
2650.16660,0.02880
2648.23780,0.02872
2646.30900,0.02884
2644.38021,0.02908
2642.45141,0.02934
2640.52261,0.02945
2638.59382,0.02938
2636.66502,0.02938
2634.73622,0.02951
2632.80743,0.02972
2630.87863,0.03004
2628.94983,0.03034
2627.02104,0.03040
2625.09224,0.03040
2623.16344,0.03052
2621.23465,0.03060
2619.30585,0.03064
2617.37705,0.03073
2615.44826,0.03079
2613.51946,0.03086
2611.59066,0.03091
2609.66187,0.03080
2607.73307,0.03051
2605.80427,0.03019
2603.87548,0.03009
2601.94668,0.03027
2600.01788,0.03048
2598.08909,0.03067
2596.16029,0.03091
2594.23149,0.03102
2592.30270,0.03104
2590.37390,0.03145
2588.44510,0.03183
2586.51631,0.03142
2584.58751,0.03080
2582.65871,0.03070
2580.72992,0.03067
2578.80112,0.03042
2576.87232,0.03044
2574.94353,0.03094
2573.01473,0.03138
2571.08593,0.03157
2569.15714,0.03170
2567.22834,0.03164
2565.29954,0.03119
2563.37075,0.03067
2561.44195,0.03049
2559.51315,0.03060
2557.58436,0.03063
2555.65556,0.03061
2553.72676,0.03041
2551.79797,0.03006
2549.86917,0.03021
2547.94037,0.03084
2546.01158,0.03122
2544.08278,0.03119
2542.15398,0.03091
2540.22519,0.03066
2538.29639,0.03079
2536.36759,0.03098
2534.43880,0.03078
2532.51000,0.03041
2530.58120,0.03007
2528.65241,0.02976
2526.72361,0.02962
2524.79481,0.02964
2522.86602,0.02967
2520.93722,0.02978
2519.00842,0.02994
2517.07963,0.03002
2515.15083,0.03013
2513.22203,0.03036
2511.29324,0.03042
2509.36444,0.03019
2507.43564,0.02998
2505.50685,0.03003
2503.57805,0.03013
2501.64925,0.03013
2499.72046,0.03009
2497.79166,0.02989
2495.86286,0.02960
2493.93407,0.02956
2492.00527,0.02968
2490.07647,0.02957
2488.14768,0.02950
2486.21888,0.02984
2484.29008,0.03028
2482.36129,0.03043
2480.43249,0.03034
2478.50369,0.03011
2476.57490,0.02990
2474.64610,0.02977
2472.71730,0.02959
2470.78851,0.02940
2468.85971,0.02926
2466.93091,0.02920
2465.00212,0.02937
2463.07332,0.02969
2461.14452,0.02970
2459.21573,0.02948
2457.28693,0.02946
2455.35813,0.02948
2453.42934,0.02918
2451.50054,0.02878
2449.57174,0.02854
2447.64295,0.02833
2445.71415,0.02813
2443.78535,0.02811
2441.85656,0.02824
2439.92776,0.02833
2437.99896,0.02831
2436.07017,0.02826
2434.14137,0.02827
2432.21257,0.02825
2430.28378,0.02813
2428.35498,0.02812
2426.42618,0.02837
2424.49739,0.02864
2422.56859,0.02850
2420.63979,0.02792
2418.71100,0.02743
2416.78220,0.02737
2414.85340,0.02738
2412.92461,0.02715
2410.99581,0.02689
2409.06701,0.02676
2407.13822,0.02655
2405.20942,0.02622
2403.28062,0.02610
2401.35183,0.02615
2399.42303,0.02590
2397.49423,0.02540
2395.56544,0.02514
2393.63664,0.02523
2391.70784,0.02553
2389.77905,0.02642
2387.85025,0.02884
2385.92145,0.03369
2383.99266,0.04172
2382.06386,0.05335
2380.13506,0.06809
2378.20627,0.08440
2376.27747,0.10092
2374.34867,0.11763
2372.41988,0.13514
2370.49108,0.15329
2368.56228,0.17079
2366.63349,0.18628
2364.70469,0.19876
2362.77589,0.20737
2360.84710,0.21132
2358.91830,0.20948
2356.98951,0.20048
2355.06071,0.18420
2353.13191,0.16235
2351.20312,0.14063
2349.27432,0.12925
2347.34552,0.13420
2345.41673,0.14974
2343.48793,0.16074
2341.55913,0.16207
2339.63034,0.15937
2337.70154,0.15556
2335.77274,0.15203
2333.84395,0.15070
2331.91515,0.15081
2329.98635,0.14835
2328.05756,0.14258
2326.12876,0.13715
2324.19996,0.13355
2322.27117,0.12915
2320.34237,0.12109
2318.41357,0.11052
2316.48478,0.10132
2314.55598,0.09555
2312.62718,0.09142
2310.69839,0.08618
2308.76959,0.07945
2306.84079,0.07209
2304.91200,0.06487
2302.98320,0.05885
2301.05440,0.05443
2299.12561,0.05083
2297.19681,0.04760
2295.26801,0.04479
2293.33922,0.04192
2291.41042,0.03888
2289.48162,0.03625
2287.55283,0.03415
2285.62403,0.03243
2283.69523,0.03154
2281.76644,0.03163
2279.83764,0.03212
2277.90884,0.03282
2275.98005,0.03362
2274.05125,0.03389
2272.12245,0.03383
2270.19366,0.03430
2268.26486,0.03535
2266.33606,0.03609
2264.40727,0.03579
2262.47847,0.03510
2260.54967,0.03512
2258.62088,0.03579
2256.69208,0.03631
2254.76328,0.03609
2252.83449,0.03540
2250.90569,0.03487
2248.97689,0.03456
2247.04810,0.03403
2245.11930,0.03347
2243.19050,0.03334
2241.26171,0.03358
2239.33291,0.03409
2237.40411,0.03481
2235.47532,0.03549
2233.54652,0.03565
2231.61772,0.03551
2229.68893,0.03610
2227.76013,0.03675
2225.83133,0.03696
2223.90254,0.03803
2221.97374,0.03942
2220.04494,0.03975
2218.11615,0.03959
2216.18735,0.03975
2214.25855,0.03993
2212.32976,0.03986
2210.40096,0.04044
2208.47216,0.04196
2206.54337,0.04291
2204.61457,0.04269
2202.68577,0.04266
2200.75698,0.04352
2198.82818,0.04410
2196.89938,0.04322
2194.97059,0.04203
2193.04179,0.04257
2191.11299,0.04411
2189.18420,0.04490
2187.25540,0.04493
2185.32660,0.04456
2183.39781,0.04403
2181.46901,0.04448
2179.54021,0.04585
2177.61142,0.04682
2175.68262,0.04802
2173.75382,0.04986
2171.82503,0.05091
2169.89623,0.05088
2167.96743,0.05060
2166.03864,0.05107
2164.10984,0.05275
2162.18104,0.05509
2160.25225,0.05764
2158.32345,0.05905
2156.39465,0.05687
2154.46586,0.05180
2152.53706,0.04735
2150.60826,0.04466
2148.67947,0.04208
2146.75067,0.03913
2144.82187,0.03700
2142.89308,0.03566
2140.96428,0.03425
2139.03548,0.03321
2137.10669,0.03239
2135.17789,0.03110
2133.24909,0.02989
2131.32030,0.02925
2129.39150,0.02885
2127.46270,0.02823
2125.53391,0.02721
2123.60511,0.02589
2121.67631,0.02443
2119.74752,0.02347
2117.81872,0.02353
2115.88992,0.02399
2113.96113,0.02410
2112.03233,0.02417
2110.10353,0.02441
2108.17474,0.02430
2106.24594,0.02382
2104.31714,0.02365
2102.38835,0.02399
2100.45955,0.02440
2098.53075,0.02458
2096.60196,0.02437
2094.67316,0.02355
2092.74436,0.02252
2090.81557,0.02221
2088.88677,0.02281
2086.95797,0.02343
2085.02918,0.02367
2083.10038,0.02433
2081.17158,0.02577
2079.24279,0.02693
2077.31399,0.02721
2075.38519,0.02710
2073.45640,0.02691
2071.52760,0.02683
2069.59880,0.02715
2067.67001,0.02780
2065.74121,0.02820
2063.81241,0.02831
2061.88362,0.02844
2059.95482,0.02822
2058.02602,0.02737
2056.09723,0.02674
2054.16843,0.02734
2052.23963,0.02851
2050.31084,0.02972
2048.38204,0.03216
2046.45324,0.03498
2044.52445,0.03602
2042.59565,0.03577
2040.66685,0.03539
2038.73806,0.03491
2036.80926,0.03474
2034.88046,0.03612
2032.95167,0.03843
2031.02287,0.03911
2029.09407,0.03840
2027.16528,0.03860
2025.23648,0.03853
2023.30768,0.03656
2021.37889,0.03394
2019.45009,0.03284
2017.52129,0.03444
2015.59250,0.03577
2013.66370,0.03463
2011.73490,0.03347
2009.80611,0.03335
2007.87731,0.03260
2005.94851,0.03055
2004.01972,0.02845
2002.09092,0.02788
2000.16212,0.02922
1998.23333,0.03083
1996.30453,0.03100
1994.37574,0.02992
1992.44694,0.02890
1990.51814,0.02845
1988.58935,0.02820
1986.66055,0.02840
1984.73175,0.02878
1982.80296,0.02918
1980.87416,0.03065
1978.94536,0.03181
1977.01657,0.03076
1975.08777,0.02967
1973.15897,0.02973
1971.23018,0.03000
1969.30138,0.03036
1967.37258,0.03022
1965.44379,0.02906
1963.51499,0.02755
1961.58619,0.02637
1959.65740,0.02583
1957.72860,0.02552
1955.79980,0.02456
1953.87101,0.02334
1951.94221,0.02285
1950.01341,0.02271
1948.08462,0.02225
1946.15582,0.02198
1944.22702,0.02215
1942.29823,0.02200
1940.36943,0.02113
1938.44063,0.02017
1936.51184,0.01984
1934.58304,0.02002
1932.65424,0.01993
1930.72545,0.01929
1928.79665,0.01871
1926.86785,0.01857
1924.93906,0.01864
1923.01026,0.01886
1921.08146,0.01933
1919.15267,0.01977
1917.22387,0.01962
1915.29507,0.01901
1913.36628,0.01846
1911.43748,0.01815
1909.50868,0.01805
1907.57989,0.01790
1905.65109,0.01766
1903.72229,0.01759
1901.79350,0.01756
1899.86470,0.01740
1897.93590,0.01732
1896.00711,0.01740
1894.07831,0.01746
1892.14951,0.01759
1890.22072,0.01783
1888.29192,0.01782
1886.36312,0.01755
1884.43433,0.01738
1882.50553,0.01743
1880.57673,0.01756
1878.64794,0.01760
1876.71914,0.01758
1874.79034,0.01754
1872.86155,0.01753
1870.93275,0.01761
1869.00395,0.01772
1867.07516,0.01769
1865.14636,0.01757
1863.21756,0.01743
1861.28877,0.01721
1859.35997,0.01696
1857.43117,0.01672
1855.50238,0.01656
1853.57358,0.01655
1851.64478,0.01665
1849.71599,0.01677
1847.78719,0.01689
1845.85839,0.01697
1843.92960,0.01696
1842.00080,0.01688
1840.07200,0.01688
1838.14321,0.01689
1836.21441,0.01681
1834.28561,0.01681
1832.35682,0.01701
1830.42802,0.01714
1828.49922,0.01718
1826.57043,0.01731
1824.64163,0.01733
1822.71283,0.01716
1820.78404,0.01700
1818.85524,0.01692
1816.92644,0.01688
1814.99765,0.01682
1813.06885,0.01678
1811.14005,0.01675
1809.21126,0.01665
1807.28246,0.01646
1805.35366,0.01639
1803.42487,0.01654
1801.49607,0.01668
1799.56727,0.01660
1797.63848,0.01650
1795.70968,0.01655
1793.78088,0.01667
1791.85209,0.01671
1789.92329,0.01658
1787.99449,0.01657
1786.06570,0.01676
1784.13690,0.01686
1782.20810,0.01684
1780.27931,0.01682
1778.35051,0.01680
1776.42171,0.01675
1774.49292,0.01659
1772.56412,0.01638
1770.63532,0.01652
1768.70653,0.01681
1766.77773,0.01671
1764.84893,0.01649
1762.92014,0.01642
1760.99134,0.01641
1759.06254,0.01642
1757.13375,0.01638
1755.20495,0.01631
1753.27615,0.01644
1751.34736,0.01662
1749.41856,0.01644
1747.48976,0.01615
1745.56097,0.01611
1743.63217,0.01606
1741.70337,0.01577
1739.77458,0.01543
1737.84578,0.01549
1735.91698,0.01581
1733.98819,0.01607
1732.05939,0.01616
1730.13059,0.01613
1728.20180,0.01608
1726.27300,0.01609
1724.34420,0.01630
1722.41541,0.01658
1720.48661,0.01699
1718.55781,0.01763
1716.62902,0.01843
1714.70022,0.01934
1712.77142,0.02030
1710.84263,0.02159
1708.91383,0.02329
1706.98503,0.02560
1705.05624,0.02859
1703.12744,0.03190
1701.19864,0.03627
1699.26985,0.04210
1697.34105,0.04867
1695.41225,0.05681
1693.48346,0.06577
1691.55466,0.07501
1689.62586,0.08583
1687.69707,0.09722
1685.76827,0.10997
1683.83947,0.12696
1681.91068,0.14337
1679.98188,0.15679
1678.05308,0.16969
1676.12429,0.18363
1674.19549,0.19803
1672.26669,0.21028
1670.33790,0.22145
1668.40910,0.23233
1666.48030,0.24043
1664.55151,0.24626
1662.62271,0.25110
1660.69391,0.25458
1658.76512,0.25655
1656.83632,0.25757
1654.90752,0.25804
1652.97873,0.25826
1651.04993,0.25926
1649.12113,0.26153
1647.19234,0.26593
1645.26354,0.27286
1643.33474,0.28119
1641.40595,0.29135
1639.47715,0.30360
1637.54835,0.31854
1635.61956,0.33857
1633.69076,0.35956
1631.76197,0.37711
1629.83317,0.39370
1627.90437,0.40975
1625.97558,0.42284
1624.04678,0.43213
1622.11798,0.43752
1620.18919,0.43905
1618.26039,0.43781
1616.33159,0.43483
1614.40280,0.43229
1612.47400,0.43157
1610.54520,0.43273
1608.61641,0.43628
1606.68761,0.44230
1604.75881,0.45043
1602.83002,0.46005
1600.90122,0.47015
1598.97242,0.47931
1597.04363,0.48633
1595.11483,0.49033
1593.18603,0.49029
1591.25724,0.48581
1589.32844,0.47699
1587.39964,0.46426
1585.47085,0.44815
1583.54205,0.42924
1581.61325,0.40874
1579.68446,0.38826
1577.75566,0.36623
1575.82686,0.34084
1573.89807,0.31889
1571.96927,0.30116
1570.04047,0.28199
1568.11168,0.26303
1566.18288,0.24721
1564.25408,0.23339
1562.32529,0.22173
1560.39649,0.20945
1558.46769,0.19367
1556.53890,0.18173
1554.61010,0.17346
1552.68130,0.16556
1550.75251,0.15809
1548.82371,0.15114
1546.89491,0.14516
1544.96612,0.13985
1543.03732,0.13443
1541.10852,0.12861
1539.17973,0.12316
1537.25093,0.11979
1535.32213,0.11737
1533.39334,0.11443
1531.46454,0.11140
1529.53574,0.10903
1527.60695,0.10683
1525.67815,0.10444
1523.74935,0.10214
1521.82056,0.10001
1519.89176,0.09813
1517.96296,0.09660
1516.03417,0.09522
1514.10537,0.09408
1512.17657,0.09344
1510.24778,0.09327
1508.31898,0.09305
1506.39018,0.09244
1504.46139,0.09256
1502.53259,0.09373
1500.60379,0.09554
1498.67500,0.09808
1496.74620,0.10171
1494.81740,0.10614
1492.88861,0.11121
1490.95981,0.11790
1489.03101,0.12641
1487.10222,0.13559
1485.17342,0.14530
1483.24462,0.15610
1481.31583,0.16824
1479.38703,0.18113
1477.45823,0.19445
1475.52944,0.20831
1473.60064,0.22270
1471.67184,0.23671
1469.74305,0.24777
1467.81425,0.25619
1465.88545,0.26339
1463.95666,0.26866
1462.02786,0.27107
1460.09906,0.27098
1458.17027,0.26760
1456.24147,0.25972
1454.31267,0.25015
1452.38388,0.24009
1450.45508,0.22861
1448.52628,0.21557
1446.59749,0.20168
1444.66869,0.18844
1442.73989,0.17604
1440.81110,0.16466
1438.88230,0.15441
1436.95350,0.14368
1435.02471,0.13334
1433.09591,0.12527
1431.16711,0.11823
1429.23832,0.11144
1427.30952,0.10558
1425.38072,0.10061
1423.45193,0.09617
1421.52313,0.09241
1419.59433,0.08892
1417.66554,0.08529
1415.73674,0.08199
1413.80794,0.07916
1411.87915,0.07667
1409.95035,0.07440
1408.02155,0.07239
1406.09276,0.07053
1404.16396,0.06868
1402.23516,0.06703
1400.30637,0.06578
1398.37757,0.06470
1396.44877,0.06355
1394.51998,0.06221
1392.59118,0.06083
1390.66238,0.05986
1388.73359,0.05920
1386.80479,0.05834
1384.87599,0.05727
1382.94720,0.05639
1381.01840,0.05575
1379.08960,0.05521
1377.16081,0.05473
1375.23201,0.05429
1373.30321,0.05371
1371.37442,0.05303
1369.44562,0.05245
1367.51682,0.05198
1365.58803,0.05172
1363.65923,0.05163
1361.73043,0.05128
1359.80164,0.05059
1357.87284,0.05002
1355.94404,0.04965
1354.01525,0.04933
1352.08645,0.04899
1350.15765,0.04871
1348.22886,0.04849
1346.30006,0.04831
1344.37126,0.04823
1342.44247,0.04840
1340.51367,0.04874
1338.58487,0.04887
1336.65608,0.04864
1334.72728,0.04838
1332.79848,0.04824
1330.86969,0.04815
1328.94089,0.04799
1327.01209,0.04774
1325.08330,0.04745
1323.15450,0.04718
1321.22570,0.04698
1319.29691,0.04683
1317.36811,0.04664
1315.43931,0.04642
1313.51052,0.04620
1311.58172,0.04595
1309.65292,0.04573
1307.72413,0.04555
1305.79533,0.04539
1303.86653,0.04528
1301.93774,0.04523
1300.00894,0.04521
1298.08014,0.04521
1296.15135,0.04521
1294.22255,0.04519
1292.29375,0.04521
1290.36496,0.04528
1288.43616,0.04535
1286.50736,0.04537
1284.57857,0.04538
1282.64977,0.04540
1280.72097,0.04542
1278.79218,0.04543
1276.86338,0.04545
1274.93458,0.04547
1273.00579,0.04551
1271.07699,0.04552
1269.14820,0.04552
1267.21940,0.04550
1265.29060,0.04548
1263.36181,0.04545
1261.43301,0.04542
1259.50421,0.04540
1257.57542,0.04539
1255.64662,0.04542
1253.71782,0.04550
1251.78903,0.04563
1249.86023,0.04577
1247.93143,0.04592
1246.00264,0.04609
1244.07384,0.04626
1242.14504,0.04641
1240.21625,0.04656
1238.28745,0.04675
1236.35865,0.04693
1234.42986,0.04711
1232.50106,0.04731
1230.57226,0.04753
1228.64347,0.04775
1226.71467,0.04795
1224.78587,0.04817
1222.85708,0.04843
1220.92828,0.04873
1218.99948,0.04907
1217.07069,0.04944
1215.14189,0.04986
1213.21309,0.05032
1211.28430,0.05083
1209.35550,0.05138
1207.42670,0.05201
1205.49791,0.05272
1203.56911,0.05354
1201.64031,0.05450
1199.71152,0.05560
1197.78272,0.05685
1195.85392,0.05825
1193.92513,0.05983
1191.99633,0.06165
1190.06753,0.06373
1188.13874,0.06604
1186.20994,0.06861
1184.28114,0.07145
1182.35235,0.07460
1180.42355,0.07821
1178.49475,0.08228
1176.56596,0.08666
1174.63716,0.09128
1172.70836,0.09613
1170.77957,0.10115
1168.85077,0.10620
1166.92197,0.11108
1164.99318,0.11560
1163.06438,0.11951
1161.13558,0.12257
1159.20679,0.12456
1157.27799,0.12531
1155.34919,0.12473
1153.42040,0.12290
1151.49160,0.11997
1149.56280,0.11615
1147.63401,0.11169
1145.70521,0.10681
1143.77641,0.10177
1141.84762,0.09680
1139.91882,0.09206
1137.99002,0.08762
1136.06123,0.08353
1134.13243,0.07983
1132.20363,0.07652
1130.27484,0.07357
1128.34604,0.07093
1126.41724,0.06858
1124.48845,0.06653
1122.55965,0.06475
1120.63085,0.06317
1118.70206,0.06176
1116.77326,0.06049
1114.84446,0.05937
1112.91567,0.05843
1110.98687,0.05761
1109.05807,0.05687
1107.12928,0.05625
1105.20048,0.05575
1103.27168,0.05533
1101.34289,0.05499
1099.41409,0.05476
1097.48529,0.05465
1095.55650,0.05466
1093.62770,0.05476
1091.69890,0.05494
1089.77011,0.05523
1087.84131,0.05562
1085.91251,0.05609
1083.98372,0.05659
1082.05492,0.05711
1080.12612,0.05765
1078.19733,0.05820
1076.26853,0.05877
1074.33973,0.05932
1072.41094,0.05980
1070.48214,0.06020
1068.55334,0.06049
1066.62455,0.06064
1064.69575,0.06065
1062.76695,0.06052
1060.83816,0.06025
1058.90936,0.05985
1056.98056,0.05935
1055.05177,0.05873
1053.12297,0.05803
1051.19417,0.05734
1049.26538,0.05668
1047.33658,0.05606
1045.40778,0.05547
1043.47899,0.05490
1041.55019,0.05433
1039.62139,0.05376
1037.69260,0.05318
1035.76380,0.05263
1033.83500,0.05211
1031.90621,0.05159
1029.97741,0.05106
1028.04861,0.05055
1026.11982,0.05005
1024.19102,0.04960
1022.26222,0.04920
1020.33343,0.04886
1018.40463,0.04858
1016.47583,0.04838
1014.54704,0.04824
1012.61824,0.04810
1010.68944,0.04787
1008.76065,0.04750
1006.83185,0.04698
1004.90305,0.04634
1002.97426,0.04563
1001.04546,0.04496
999.11666,0.04440
997.18787,0.04397
995.25907,0.04366
993.33027,0.04341
991.40148,0.04314
989.47268,0.04287
987.54388,0.04260
985.61509,0.04231
983.68629,0.04198
981.75749,0.04163
979.82870,0.04125
977.89990,0.04085
975.97110,0.04043
974.04231,0.04000
972.11351,0.03955
970.18471,0.03910
968.25592,0.03864
966.32712,0.03819
964.39832,0.03776
962.46953,0.03734
960.54073,0.03690
958.61193,0.03647
956.68314,0.03605
954.75434,0.03564
952.82554,0.03525
950.89675,0.03487
948.96795,0.03450
947.03915,0.03413
945.11036,0.03377
943.18156,0.03342
941.25276,0.03308
939.32397,0.03276
937.39517,0.03244
935.46637,0.03209
933.53758,0.03170
931.60878,0.03127
929.67998,0.03083
927.75119,0.03037
925.82239,0.02991
923.89359,0.02943
921.96480,0.02890
920.03600,0.02836
918.10720,0.02784
916.17841,0.02733
914.24961,0.02680
912.32081,0.02628
910.39202,0.02580
908.46322,0.02537
906.53443,0.02496
904.60563,0.02454
902.67683,0.02415
900.74804,0.02380
898.81924,0.02346
896.89044,0.02311
894.96165,0.02273
893.03285,0.02230
891.10405,0.02187
889.17526,0.02147
887.24646,0.02110
885.31766,0.02068
883.38887,0.02023
881.46007,0.01980
879.53127,0.01937
877.60248,0.01892
875.67368,0.01845
873.74488,0.01800
871.81609,0.01759
869.88729,0.01721
867.95849,0.01682
866.02970,0.01641
864.10090,0.01596
862.17210,0.01551
860.24331,0.01513
858.31451,0.01479
856.38571,0.01446
854.45692,0.01419
852.52812,0.01399
850.59932,0.01380
848.67053,0.01359
846.74173,0.01337
844.81293,0.01321
842.88414,0.01311
840.95534,0.01299
839.02654,0.01286
837.09775,0.01272
835.16895,0.01259
833.24015,0.01250
831.31136,0.01245
829.38256,0.01246
827.45376,0.01248
825.52497,0.01239
823.59617,0.01225
821.66737,0.01223
819.73858,0.01226
817.80978,0.01225
815.88098,0.01232
813.95219,0.01255
812.02339,0.01282
810.09459,0.01305
808.16580,0.01328
806.23700,0.01359
804.30820,0.01410
802.37941,0.01477
800.45061,0.01549
798.52181,0.01639
796.59302,0.01761
794.66422,0.01900
792.73542,0.02025
790.80663,0.02127
788.87783,0.02227
786.94903,0.02315
785.02024,0.02354
783.09144,0.02332
781.16264,0.02267
779.23385,0.02173
777.30505,0.02049
775.37625,0.01905
773.44746,0.01763
771.51866,0.01650
769.58986,0.01572
767.66107,0.01532
765.73227,0.01525
763.80347,0.01508
761.87468,0.01460
759.94588,0.01410
758.01708,0.01383
756.08829,0.01379
754.15949,0.01385
752.23069,0.01393
750.30190,0.01385
748.37310,0.01352
