3496.90832,0.05246
3494.97953,0.04744
3493.05073,0.04149
3491.12193,0.03784
3489.19314,0.03889
3487.26434,0.04264
3485.33554,0.04168
3483.40675,0.04009
3481.47795,0.04519
3479.54915,0.05051
3477.62036,0.05075
3475.69156,0.05176
3473.76276,0.05572
3471.83397,0.05689
3469.90517,0.05426
3467.97637,0.05215
3466.04758,0.05197
3464.11878,0.05243
3462.18998,0.05084
3460.26119,0.04601
3458.33239,0.04016
3456.40359,0.03563
3454.47480,0.03369
3452.54600,0.03377
3450.61721,0.03508
3448.68841,0.03911
3446.75961,0.04522
3444.83082,0.04731
3442.90202,0.04279
3440.97322,0.03694
3439.04443,0.03127
3437.11563,0.02277
3435.18683,0.01677
3433.25804,0.01996
3431.32924,0.02657
3429.40044,0.02974
3427.47165,0.03144
3425.54285,0.03485
3423.61405,0.03950
3421.68526,0.03885
3419.75646,0.03196
3417.82766,0.03063
3415.89887,0.03711
3413.97007,0.03919
3412.04127,0.03059
3410.11248,0.02080
3408.18368,0.01949
3406.25488,0.02297
3404.32609,0.02398
3402.39729,0.02367
3400.46849,0.02694
3398.53970,0.03151
3396.61090,0.02895
3394.68210,0.02155
3392.75331,0.02125
3390.82451,0.02871
3388.89571,0.03682
3386.96692,0.03987
3385.03812,0.03462
3383.10932,0.03103
3381.18053,0.03955
3379.25173,0.04960
3377.32293,0.04784
3375.39414,0.03692
3373.46534,0.02822
3371.53654,0.02843
3369.60775,0.03406
3367.67895,0.04324
3365.75015,0.05347
3363.82136,0.05501
3361.89256,0.04728
3359.96376,0.04110
3358.03497,0.04253
3356.10617,0.04740
3354.17737,0.04852
3352.24858,0.04778
3350.31978,0.04975
3348.39098,0.05186
3346.46219,0.05016
3344.53339,0.04616
3342.60459,0.04316
3340.67580,0.04213
3338.74700,0.03892
3336.81820,0.03295
3334.88941,0.03242
3332.96061,0.03571
3331.03181,0.03535
3329.10302,0.03494
3327.17422,0.03428
3325.24542,0.02723
3323.31663,0.02023
3321.38783,0.02203
3319.45903,0.02924
3317.53024,0.03516
3315.60144,0.03588
3313.67264,0.03116
3311.74385,0.02490
3309.81505,0.02037
3307.88625,0.02066
3305.95746,0.02439
3304.02866,0.02516
3302.09986,0.02394
3300.17107,0.02431
3298.24227,0.02138
3296.31347,0.01355
3294.38468,0.00865
3292.45588,0.00986
3290.52708,0.01230
3288.59829,0.01296
3286.66949,0.01307
3284.74069,0.01479
3282.81190,0.01938
3280.88310,0.02418
3278.95430,0.02650
3277.02551,0.02617
3275.09671,0.02392
3273.16791,0.02419
3271.23912,0.02598
3269.31032,0.02087
3267.38152,0.01235
3265.45273,0.00934
3263.52393,0.00904
3261.59513,0.01033
3259.66634,0.01789
3257.73754,0.02708
3255.80874,0.02880
3253.87995,0.02375
3251.95115,0.02019
3250.02235,0.02101
3248.09356,0.02011
3246.16476,0.01797
3244.23596,0.02062
3242.30717,0.02066
3240.37837,0.01304
3238.44957,0.00855
3236.52078,0.01134
3234.59198,0.01702
3232.66318,0.02205
3230.73439,0.02314
3228.80559,0.02111
3226.87679,0.01851
3224.94800,0.01616
3223.01920,0.01714
3221.09040,0.02454
3219.16161,0.03482
3217.23281,0.03968
3215.30401,0.03589
3213.37522,0.03107
3211.44642,0.03306
3209.51762,0.03831
3207.58883,0.04062
3205.66003,0.04011
3203.73123,0.03838
3201.80244,0.03617
3199.87364,0.03339
3197.94484,0.03020
3196.01605,0.02804
3194.08725,0.02702
3192.15845,0.02672
3190.22966,0.02888
3188.30086,0.03288
3186.37206,0.03357
3184.44327,0.03086
3182.51447,0.02924
3180.58567,0.02906
3178.65688,0.02977
3176.72808,0.02990
3174.79928,0.02649
3172.87049,0.02187
3170.94169,0.02043
3169.01289,0.02022
3167.08410,0.01967
3165.15530,0.02349
3163.22650,0.02945
3161.29771,0.02875
3159.36891,0.02199
3157.44011,0.01753
3155.51132,0.01941
3153.58252,0.02313
3151.65372,0.02305
3149.72493,0.02043
3147.79613,0.01978
3145.86733,0.02116
3143.93854,0.02211
3142.00974,0.02253
3140.08094,0.02153
3138.15215,0.01905
3136.22335,0.01806
3134.29455,0.01902
3132.36576,0.02030
3130.43696,0.02153
3128.50816,0.02147
3126.57937,0.01938
3124.65057,0.01761
3122.72177,0.01886
3120.79298,0.02186
3118.86418,0.02369
3116.93538,0.02425
3115.00659,0.02384
3113.07779,0.02218
3111.14899,0.02076
3109.22020,0.02012
3107.29140,0.02004
3105.36260,0.02072
3103.43381,0.02115
3101.50501,0.02078
3099.57621,0.01963
3097.64742,0.01796
3095.71862,0.01714
3093.78982,0.01719
3091.86103,0.01682
3089.93223,0.01686
3088.00344,0.01843
3086.07464,0.02023
3084.14584,0.02115
3082.21705,0.02134
3080.28825,0.02087
3078.35945,0.02037
3076.43066,0.02016
3074.50186,0.01953
3072.57306,0.01890
3070.64427,0.01894
3068.71547,0.01887
3066.78667,0.01872
3064.85788,0.01937
3062.92908,0.02009
3061.00028,0.02015
3059.07149,0.01981
3057.14269,0.01943
3055.21389,0.01991
3053.28510,0.02121
3051.35630,0.02211
3049.42750,0.02187
3047.49871,0.02052
3045.56991,0.01934
3043.64111,0.01947
3041.71232,0.02023
3039.78352,0.02053
3037.85472,0.02054
3035.92593,0.02115
3033.99713,0.02197
3032.06833,0.02174
3030.13954,0.02114
3028.21074,0.02147
3026.28194,0.02197
3024.35315,0.02166
3022.42435,0.02149
3020.49555,0.02232
3018.56676,0.02339
3016.63796,0.02396
3014.70916,0.02419
3012.78037,0.02448
3010.85157,0.02478
3008.92277,0.02462
3006.99398,0.02418
3005.06518,0.02409
3003.13638,0.02414
3001.20759,0.02385
2999.27879,0.02342
2997.34999,0.02311
2995.42120,0.02335
2993.49240,0.02412
2991.56360,0.02440
2989.63481,0.02427
2987.70601,0.02463
2985.77721,0.02502
2983.84842,0.02491
2981.91962,0.02475
2979.99082,0.02470
2978.06203,0.02472
2976.13323,0.02512
2974.20443,0.02566
2972.27564,0.02582
2970.34684,0.02571
2968.41804,0.02538
2966.48925,0.02506
2964.56045,0.02518
2962.63165,0.02533
2960.70286,0.02521
2958.77406,0.02539
2956.84526,0.02599
2954.91647,0.02657
2952.98767,0.02680
2951.05887,0.02679
2949.13008,0.02678
2947.20128,0.02682
2945.27248,0.02675
2943.34369,0.02624
2941.41489,0.02547
2939.48609,0.02526
2937.55730,0.02570
2935.62850,0.02627
2933.69970,0.02663
2931.77091,0.02671
2929.84211,0.02672
2927.91331,0.02668
2925.98452,0.02640
2924.05572,0.02617
2922.12692,0.02645
2920.19813,0.02704
2918.26933,0.02760
2916.34053,0.02799
2914.41174,0.02809
2912.48294,0.02796
2910.55414,0.02784
2908.62535,0.02767
2906.69655,0.02721
2904.76775,0.02671
2902.83896,0.02661
2900.91016,0.02693
2898.98136,0.02753
2897.05257,0.02794
2895.12377,0.02772
2893.19497,0.02741
2891.26618,0.02762
2889.33738,0.02798
2887.40858,0.02809
2885.47979,0.02811
2883.55099,0.02812
2881.62219,0.02815
2879.69340,0.02824
2877.76460,0.02844
2875.83580,0.02867
2873.90701,0.02877
2871.97821,0.02886
2870.04941,0.02911
2868.12062,0.02947
2866.19182,0.02991
2864.26302,0.03030
2862.33423,0.03044
2860.40543,0.03033
2858.47663,0.03025
2856.54784,0.03022
2854.61904,0.03017
2852.69024,0.03016
2850.76145,0.03026
2848.83265,0.03058
2846.90385,0.03086
2844.97506,0.03092
2843.04626,0.03100
2841.11746,0.03119
2839.18867,0.03143
2837.25987,0.03167
2835.33107,0.03175
2833.40228,0.03159
2831.47348,0.03134
2829.54468,0.03122
2827.61589,0.03130
2825.68709,0.03164
2823.75829,0.03208
2821.82950,0.03227
2819.90070,0.03225
2817.97190,0.03237
2816.04311,0.03267
2814.11431,0.03288
2812.18551,0.03292
2810.25672,0.03291
2808.32792,0.03285
2806.39912,0.03266
2804.47033,0.03241
2802.54153,0.03219
2800.61273,0.03205
2798.68394,0.03196
2796.75514,0.03179
2794.82634,0.03153
2792.89755,0.03133
2790.96875,0.03119
2789.03995,0.03114
2787.11116,0.03108
2785.18236,0.03088
2783.25356,0.03079
2781.32477,0.03089
2779.39597,0.03086
2777.46717,0.03057
2775.53838,0.03024
2773.60958,0.03017
2771.68078,0.03036
2769.75199,0.03054
2767.82319,0.03056
2765.89439,0.03056
2763.96560,0.03053
2762.03680,0.03033
2760.10800,0.03007
2758.17921,0.02987
2756.25041,0.02977
2754.32161,0.02971
2752.39282,0.02946
2750.46402,0.02919
2748.53522,0.02919
2746.60643,0.02941
2744.67763,0.02955
2742.74883,0.02950
2740.82004,0.02941
2738.89124,0.02934
2736.96244,0.02934
2735.03365,0.02950
2733.10485,0.02958
2731.17605,0.02946
2729.24726,0.02949
2727.31846,0.02978
2725.38967,0.02999
2723.46087,0.02983
2721.53207,0.02959
2719.60328,0.02960
2717.67448,0.02979
2715.74568,0.02997
2713.81689,0.03003
2711.88809,0.02991
2709.95929,0.02976
2708.03050,0.02971
2706.10170,0.02966
2704.17290,0.02948
2702.24411,0.02928
2700.31531,0.02919
2698.38651,0.02923
2696.45772,0.02934
2694.52892,0.02944
2692.60012,0.02954
2690.67133,0.02957
2688.74253,0.02955
2686.81373,0.02961
2684.88494,0.02971
2682.95614,0.02983
2681.02734,0.02997
2679.09855,0.03003
2677.16975,0.03001
2675.24095,0.03000
2673.31216,0.02996
2671.38336,0.02986
2669.45456,0.02980
2667.52577,0.02983
2665.59697,0.02987
2663.66817,0.02987
2661.73938,0.02980
2659.81058,0.02968
2657.88178,0.02964
2655.95299,0.02962
2654.02419,0.02962
2652.09539,0.02977
2650.16660,0.02992
2648.23780,0.02985
2646.30900,0.02968
2644.38021,0.02961
2642.45141,0.02976
2640.52261,0.02997
2638.59382,0.03003
2636.66502,0.03011
2634.73622,0.03035
2632.80743,0.03060
2630.87863,0.03076
2628.94983,0.03086
2627.02104,0.03089
2625.09224,0.03089
2623.16344,0.03090
2621.23465,0.03097
2619.30585,0.03116
2617.37705,0.03139
2615.44826,0.03151
2613.51946,0.03151
2611.59066,0.03142
2609.66187,0.03125
2607.73307,0.03114
2605.80427,0.03124
2603.87548,0.03143
2601.94668,0.03152
2600.01788,0.03138
2598.08909,0.03108
2596.16029,0.03101
2594.23149,0.03127
2592.30270,0.03163
2590.37390,0.03193
2588.44510,0.03195
2586.51631,0.03170
2584.58751,0.03151
2582.65871,0.03141
2580.72992,0.03127
2578.80112,0.03147
2576.87232,0.03220
2574.94353,0.03280
2573.01473,0.03285
2571.08593,0.03276
2569.15714,0.03277
2567.22834,0.03260
2565.29954,0.03221
2563.37075,0.03183
2561.44195,0.03147
2559.51315,0.03128
2557.58436,0.03150
2555.65556,0.03182
2553.72676,0.03182
2551.79797,0.03151
2549.86917,0.03144
2547.94037,0.03161
2546.01158,0.03135
2544.08278,0.03102
2542.15398,0.03108
2540.22519,0.03105
2538.29639,0.03105
2536.36759,0.03134
2534.43880,0.03153
2532.51000,0.03159
2530.58120,0.03158
2528.65241,0.03132
2526.72361,0.03094
2524.79481,0.03077
2522.86602,0.03097
2520.93722,0.03121
2519.00842,0.03108
2517.07963,0.03085
2515.15083,0.03104
2513.22203,0.03135
2511.29324,0.03107
2509.36444,0.03037
2507.43564,0.03000
2505.50685,0.03010
2503.57805,0.03024
2501.64925,0.03014
2499.72046,0.02993
2497.79166,0.02974
2495.86286,0.02970
2493.93407,0.02980
2492.00527,0.02965
2490.07647,0.02947
2488.14768,0.02983
2486.21888,0.03042
2484.29008,0.03071
2482.36129,0.03074
2480.43249,0.03074
2478.50369,0.03083
2476.57490,0.03082
2474.64610,0.03055
2472.71730,0.03014
2470.78851,0.03000
2468.85971,0.03029
2466.93091,0.03058
2465.00212,0.03059
2463.07332,0.03063
2461.14452,0.03056
2459.21573,0.03002
2457.28693,0.02941
2455.35813,0.02918
2453.42934,0.02933
2451.50054,0.02959
2449.57174,0.02954
2447.64295,0.02926
2445.71415,0.02919
2443.78535,0.02918
2441.85656,0.02907
2439.92776,0.02925
2437.99896,0.02958
2436.07017,0.02961
2434.14137,0.02950
2432.21257,0.02938
2430.28378,0.02915
2428.35498,0.02898
2426.42618,0.02914
2424.49739,0.02950
2422.56859,0.02947
2420.63979,0.02886
2418.71100,0.02822
2416.78220,0.02791
2414.85340,0.02786
2412.92461,0.02767
2410.99581,0.02725
2409.06701,0.02716
2407.13822,0.02738
2405.20942,0.02726
2403.28062,0.02691
2401.35183,0.02663
2399.42303,0.02625
2397.49423,0.02582
2395.56544,0.02559
2393.63664,0.02568
2391.70784,0.02618
2389.77905,0.02712
2387.85025,0.02912
2385.92145,0.03328
2383.99266,0.04034
2382.06386,0.05048
2380.13506,0.06315
2378.20627,0.07704
2376.27747,0.09123
2374.34867,0.10587
2372.41988,0.12124
2370.49108,0.13670
2368.56228,0.15114
2366.63349,0.16386
2364.70469,0.17445
2362.77589,0.18197
2360.84710,0.18529
2358.91830,0.18342
2356.98951,0.17548
2355.06071,0.16154
2353.13191,0.14310
2351.20312,0.12451
2349.27432,0.11440
2347.34552,0.11852
2345.41673,0.13216
2343.48793,0.14176
2341.55913,0.14266
2339.63034,0.14016
2337.70154,0.13711
2335.77274,0.13456
2333.84395,0.13365
2331.91515,0.13356
2329.98635,0.13122
2328.05756,0.12642
2326.12876,0.12227
2324.19996,0.11969
2322.27117,0.11596
2320.34237,0.10874
2318.41357,0.09944
2316.48478,0.09136
2314.55598,0.08631
2312.62718,0.08281
2310.69839,0.07846
2308.76959,0.07282
2306.84079,0.06651
2304.91200,0.06027
2302.98320,0.05518
2301.05440,0.05149
2299.12561,0.04830
2297.19681,0.04511
2295.26801,0.04224
2293.33922,0.03968
2291.41042,0.03727
2289.48162,0.03531
2287.55283,0.03387
2285.62403,0.03253
2283.69523,0.03156
2281.76644,0.03164
2279.83764,0.03259
2277.90884,0.03364
2275.98005,0.03436
2274.05125,0.03449
2272.12245,0.03426
2270.19366,0.03448
2268.26486,0.03540
2266.33606,0.03612
2264.40727,0.03607
2262.47847,0.03598
2260.54967,0.03618
2258.62088,0.03643
2256.69208,0.03704
2254.76328,0.03751
2252.83449,0.03669
2250.90569,0.03551
2248.97689,0.03550
2247.04810,0.03608
2245.11930,0.03633
2243.19050,0.03678
2241.26171,0.03769
2239.33291,0.03834
2237.40411,0.03819
2235.47532,0.03793
2233.54652,0.03828
2231.61772,0.03856
2229.68893,0.03851
2227.76013,0.03860
2225.83133,0.03865
2223.90254,0.03845
2221.97374,0.03862
2220.04494,0.03942
2218.11615,0.04002
2216.18735,0.03991
2214.25855,0.03963
2212.32976,0.03941
2210.40096,0.03949
2208.47216,0.04015
2206.54337,0.04085
2204.61457,0.04165
2202.68577,0.04278
2200.75698,0.04354
2198.82818,0.04384
2196.89938,0.04373
2194.97059,0.04330
2193.04179,0.04359
2191.11299,0.04452
2189.18420,0.04544
2187.25540,0.04704
2185.32660,0.04854
2183.39781,0.04815
2181.46901,0.04710
2179.54021,0.04756
2177.61142,0.04902
2175.68262,0.04974
2173.75382,0.04938
2171.82503,0.04958
2169.89623,0.05192
2167.96743,0.05463
2166.03864,0.05564
2164.10984,0.05672
2162.18104,0.05943
2160.25225,0.06245
2158.32345,0.06350
2156.39465,0.06096
2154.46586,0.05571
2152.53706,0.05009
2150.60826,0.04651
2148.67947,0.04471
2146.75067,0.04218
2144.82187,0.03922
2142.89308,0.03686
2140.96428,0.03438
2139.03548,0.03318
2137.10669,0.03423
2135.17789,0.03439
2133.24909,0.03195
2131.32030,0.02952
2129.39150,0.02855
2127.46270,0.02791
2125.53391,0.02698
2123.60511,0.02619
2121.67631,0.02572
2119.74752,0.02534
2117.81872,0.02492
2115.88992,0.02457
2113.96113,0.02434
2112.03233,0.02431
2110.10353,0.02462
2108.17474,0.02535
2106.24594,0.02609
2104.31714,0.02610
2102.38835,0.02542
2100.45955,0.02478
2098.53075,0.02452
2096.60196,0.02464
2094.67316,0.02468
2092.74436,0.02432
2090.81557,0.02421
2088.88677,0.02470
2086.95797,0.02532
2085.02918,0.02568
2083.10038,0.02561
2081.17158,0.02552
2079.24279,0.02587
2077.31399,0.02649
2075.38519,0.02703
2073.45640,0.02751
2071.52760,0.02811
2069.59880,0.02850
2067.67001,0.02838
2065.74121,0.02798
2063.81241,0.02775
2061.88362,0.02788
2059.95482,0.02814
2058.02602,0.02826
2056.09723,0.02818
2054.16843,0.02797
2052.23963,0.02799
2050.31084,0.02884
2048.38204,0.03062
2046.45324,0.03260
2044.52445,0.03417
2042.59565,0.03510
2040.66685,0.03542
2038.73806,0.03494
2036.80926,0.03420
2034.88046,0.03533
2032.95167,0.03829
2031.02287,0.03969
2029.09407,0.03837
2027.16528,0.03706
2025.23648,0.03727
2023.30768,0.03793
2021.37889,0.03778
2019.45009,0.03713
2017.52129,0.03749
2015.59250,0.03825
2013.66370,0.03772
2011.73490,0.03648
2009.80611,0.03593
2007.87731,0.03487
2005.94851,0.03175
2004.01972,0.02916
2002.09092,0.02939
2000.16212,0.03060
1998.23333,0.03074
1996.30453,0.02994
1994.37574,0.02897
1992.44694,0.02826
1990.51814,0.02803
1988.58935,0.02827
1986.66055,0.02888
1984.73175,0.02947
1982.80296,0.03024
1980.87416,0.03188
1978.94536,0.03396
1977.01657,0.03461
1975.08777,0.03369
1973.15897,0.03267
1971.23018,0.03118
1969.30138,0.02941
1967.37258,0.02886
1965.44379,0.02903
1963.51499,0.02838
1961.58619,0.02720
1959.65740,0.02645
1957.72860,0.02561
1955.79980,0.02466
1953.87101,0.02439
1951.94221,0.02436
1950.01341,0.02408
1948.08462,0.02356
1946.15582,0.02318
1944.22702,0.02336
1942.29823,0.02330
1940.36943,0.02230
1938.44063,0.02098
1936.51184,0.02019
1934.58304,0.02019
1932.65424,0.02017
1930.72545,0.01976
1928.79665,0.01966
1926.86785,0.02001
1924.93906,0.02047
1923.01026,0.02090
1921.08146,0.02128
1919.15267,0.02146
1917.22387,0.02096
1915.29507,0.02009
1913.36628,0.01982
1911.43748,0.02016
1909.50868,0.02028
1907.57989,0.01976
1905.65109,0.01899
1903.72229,0.01840
1901.79350,0.01807
1899.86470,0.01810
1897.93590,0.01853
1896.00711,0.01886
1894.07831,0.01882
1892.14951,0.01892
1890.22072,0.01924
1888.29192,0.01903
1886.36312,0.01851
1884.43433,0.01839
1882.50553,0.01852
1880.57673,0.01858
1878.64794,0.01852
1876.71914,0.01849
1874.79034,0.01854
1872.86155,0.01898
1870.93275,0.02002
1869.00395,0.02075
1867.07516,0.02009
1865.14636,0.01892
1863.21756,0.01828
1861.28877,0.01801
1859.35997,0.01785
1857.43117,0.01768
1855.50238,0.01744
1853.57358,0.01734
1851.64478,0.01751
1849.71599,0.01802
1847.78719,0.01887
1845.85839,0.01984
1843.92960,0.01995
1842.00080,0.01888
1840.07200,0.01808
1838.14321,0.01803
1836.21441,0.01810
1834.28561,0.01819
1832.35682,0.01886
1830.42802,0.01965
1828.49922,0.01976
1826.57043,0.01969
1824.64163,0.01942
1822.71283,0.01855
1820.78404,0.01786
1818.85524,0.01781
1816.92644,0.01786
1814.99765,0.01788
1813.06885,0.01825
1811.14005,0.01861
1809.21126,0.01835
1807.28246,0.01776
1805.35366,0.01769
1803.42487,0.01845
1801.49607,0.01922
1799.56727,0.01911
1797.63848,0.01872
1795.70968,0.01906
1793.78088,0.02009
1791.85209,0.02039
1789.92329,0.01920
1787.99449,0.01820
1786.06570,0.01827
1784.13690,0.01859
1782.20810,0.01884
1780.27931,0.01897
1778.35051,0.01882
1776.42171,0.01902
1774.49292,0.01998
1772.56412,0.02090
1770.63532,0.02085
1768.70653,0.02007
1766.77773,0.01891
1764.84893,0.01836
1762.92014,0.01879
1760.99134,0.01904
1759.06254,0.01888
1757.13375,0.01870
1755.20495,0.01847
1753.27615,0.01913
1751.34736,0.02077
1749.41856,0.02136
1747.48976,0.02048
1745.56097,0.01964
1743.63217,0.01931
1741.70337,0.01914
1739.77458,0.01883
1737.84578,0.01894
1735.91698,0.02032
1733.98819,0.02177
1732.05939,0.02103
1730.13059,0.01939
1728.20180,0.01810
1726.27300,0.01752
1724.34420,0.01777
1722.41541,0.01855
1720.48661,0.02049
1718.55781,0.02355
1716.62902,0.02519
1714.70022,0.02443
1712.77142,0.02346
1710.84263,0.02380
1708.91383,0.02576
1706.98503,0.02913
1705.05624,0.03299
1703.12744,0.03720
1701.19864,0.04314
1699.26985,0.04961
1697.34105,0.05525
1695.41225,0.06170
1693.48346,0.06861
1691.55466,0.07692
1689.62586,0.08809
1687.69707,0.10055
1685.76827,0.11537
1683.83947,0.13362
1681.91068,0.14823
1679.98188,0.15959
1678.05308,0.17198
1676.12429,0.18650
1674.19549,0.20125
1672.26669,0.21364
1670.33790,0.22527
1668.40910,0.23548
1666.48030,0.24215
1664.55151,0.24775
1662.62271,0.25284
1660.69391,0.25564
1658.76512,0.25708
1656.83632,0.25929
1654.90752,0.26294
1652.97873,0.26512
1651.04993,0.26438
1649.12113,0.26587
1647.19234,0.27057
1645.26354,0.27599
1643.33474,0.28214
1641.40595,0.29153
1639.47715,0.30450
1637.54835,0.32141
1635.61956,0.34267
1633.69076,0.36205
1631.76197,0.37762
1629.83317,0.39367
1627.90437,0.40983
1625.97558,0.42299
1624.04678,0.43235
1622.11798,0.43732
1620.18919,0.43850
1618.26039,0.43798
1616.33159,0.43544
1614.40280,0.43184
1612.47400,0.43001
1610.54520,0.43091
1608.61641,0.43454
1606.68761,0.44047
1604.75881,0.44842
1602.83002,0.45790
1600.90122,0.46785
1598.97242,0.47701
1597.04363,0.48418
1595.11483,0.48822
1593.18603,0.48807
1591.25724,0.48348
1589.32844,0.47450
1587.39964,0.46151
1585.47085,0.44523
1583.54205,0.42633
1581.61325,0.40604
1579.68446,0.38643
1577.75566,0.36603
1575.82686,0.34129
1573.89807,0.31864
1571.96927,0.30114
1570.04047,0.28296
1568.11168,0.26393
1566.18288,0.24753
1564.25408,0.23384
1562.32529,0.22395
1560.39649,0.21567
1558.46769,0.20200
1556.53890,0.18740
1554.61010,0.17657
1552.68130,0.16759
1550.75251,0.15987
1548.82371,0.15287
1546.89491,0.14755
1544.96612,0.14424
1543.03732,0.14150
1541.10852,0.13747
1539.17973,0.13046
1537.25093,0.12424
1535.32213,0.12103
1533.39334,0.11828
1531.46454,0.11459
1529.53574,0.11193
1527.60695,0.11064
1525.67815,0.10937
1523.74935,0.10823
1521.82056,0.10703
1519.89176,0.10487
1517.96296,0.10262
1516.03417,0.10031
1514.10537,0.09807
1512.17657,0.09745
1510.24778,0.09917
1508.31898,0.10181
1506.39018,0.10100
1504.46139,0.09731
1502.53259,0.09613
1500.60379,0.09794
1498.67500,0.10142
1496.74620,0.10511
1494.81740,0.10855
1492.88861,0.11356
1490.95981,0.12165
1489.03101,0.13083
1487.10222,0.13858
1485.17342,0.14651
1483.24462,0.15652
1481.31583,0.16863
1479.38703,0.18182
1477.45823,0.19606
1475.52944,0.21140
1473.60064,0.22678
1471.67184,0.23978
1469.74305,0.24874
1467.81425,0.25629
1465.88545,0.26391
1463.95666,0.26918
1462.02786,0.27138
1460.09906,0.27268
1458.17027,0.27179
1456.24147,0.26378
1454.31267,0.25174
1452.38388,0.24014
1450.45508,0.22850
1448.52628,0.21576
1446.59749,0.20164
1444.66869,0.18784
1442.73989,0.17524
1440.81110,0.16434
1438.88230,0.15546
1436.95350,0.14605
1435.02471,0.13532
1433.09591,0.12640
1431.16711,0.11930
1429.23832,0.11248
1427.30952,0.10641
1425.38072,0.10166
1423.45193,0.09770
1421.52313,0.09476
1419.59433,0.09239
1417.66554,0.08850
1415.73674,0.08365
1413.80794,0.07982
1411.87915,0.07712
1409.95035,0.07484
1408.02155,0.07300
1406.09276,0.07157
1404.16396,0.06982
1402.23516,0.06815
1400.30637,0.06754
1398.37757,0.06736
1396.44877,0.06661
1394.51998,0.06487
1392.59118,0.06249
1390.66238,0.06104
1388.73359,0.06080
1386.80479,0.06010
1384.87599,0.05842
1382.94720,0.05703
1381.01840,0.05641
1379.08960,0.05615
1377.16081,0.05617
1375.23201,0.05630
1373.30321,0.05565
1371.37442,0.05436
1369.44562,0.05340
1367.51682,0.05288
1365.58803,0.05300
1363.65923,0.05368
1361.73043,0.05342
1359.80164,0.05197
1357.87284,0.05078
1355.94404,0.05024
1354.01525,0.04984
1352.08645,0.04944
1350.15765,0.04915
1348.22886,0.04891
1346.30006,0.04870
1344.37126,0.04875
1342.44247,0.04955
1340.51367,0.05080
1338.58487,0.05113
1336.65608,0.05020
1334.72728,0.04918
1332.79848,0.04871
1330.86969,0.04858
1328.94089,0.04844
1327.01209,0.04821
1325.08330,0.04798
1323.15450,0.04782
1321.22570,0.04783
1319.29691,0.04788
1317.36811,0.04772
1315.43931,0.04740
1313.51052,0.04707
1311.58172,0.04664
1309.65292,0.04624
1307.72413,0.04598
1305.79533,0.04579
1303.86653,0.04566
1301.93774,0.04560
1300.00894,0.04558
1298.08014,0.04561
1296.15135,0.04561
1294.22255,0.04559
1292.29375,0.04567
1290.36496,0.04586
1288.43616,0.04600
1286.50736,0.04598
1284.57857,0.04591
1282.64977,0.04592
1280.72097,0.04595
1278.79218,0.04591
1276.86338,0.04587
1274.93458,0.04591
1273.00579,0.04605
1271.07699,0.04615
1269.14820,0.04611
1267.21940,0.04601
1265.29060,0.04593
1263.36181,0.04589
1261.43301,0.04590
1259.50421,0.04588
1257.57542,0.04581
1255.64662,0.04579
1253.71782,0.04586
1251.78903,0.04599
1249.86023,0.04614
1247.93143,0.04631
1246.00264,0.04650
1244.07384,0.04669
1242.14504,0.04685
1240.21625,0.04701
1238.28745,0.04719
1236.35865,0.04737
1234.42986,0.04754
1232.50106,0.04773
1230.57226,0.04797
1228.64347,0.04821
1226.71467,0.04844
1224.78587,0.04865
1222.85708,0.04889
1220.92828,0.04917
1218.99948,0.04950
1217.07069,0.04986
1215.14189,0.05026
1213.21309,0.05073
1211.28430,0.05125
1209.35550,0.05177
1207.42670,0.05235
1205.49791,0.05306
1203.56911,0.05388
1201.64031,0.05483
1199.71152,0.05591
1197.78272,0.05714
1195.85392,0.05851
1193.92513,0.06009
1191.99633,0.06192
1190.06753,0.06398
1188.13874,0.06630
1186.20994,0.06887
1184.28114,0.07170
1182.35235,0.07483
1180.42355,0.07841
1178.49475,0.08245
1176.56596,0.08680
1174.63716,0.09136
1172.70836,0.09614
1170.77957,0.10108
1168.85077,0.10607
1166.92197,0.11092
1164.99318,0.11541
1163.06438,0.11930
1161.13558,0.12231
1159.20679,0.12422
1157.27799,0.12492
1155.34919,0.12436
1153.42040,0.12257
1151.49160,0.11969
1149.56280,0.11590
1147.63401,0.11146
1145.70521,0.10661
1143.77641,0.10163
1141.84762,0.09674
1139.91882,0.09208
1137.99002,0.08770
1136.06123,0.08368
1134.13243,0.08001
1132.20363,0.07673
1130.27484,0.07382
1128.34604,0.07122
1126.41724,0.06892
1124.48845,0.06687
1122.55965,0.06505
1120.63085,0.06345
1118.70206,0.06206
1116.77326,0.06082
1114.84446,0.05971
1112.91567,0.05873
1110.98687,0.05790
1109.05807,0.05718
1107.12928,0.05658
1105.20048,0.05608
1103.27168,0.05565
1101.34289,0.05533
1099.41409,0.05512
1097.48529,0.05502
1095.55650,0.05502
1093.62770,0.05514
1091.69890,0.05536
1089.77011,0.05567
1087.84131,0.05604
1085.91251,0.05649
1083.98372,0.05699
1082.05492,0.05752
1080.12612,0.05807
1078.19733,0.05864
1076.26853,0.05918
1074.33973,0.05971
1072.41094,0.06020
1070.48214,0.06061
1068.55334,0.06087
1066.62455,0.06099
1064.69575,0.06099
1062.76695,0.06086
1060.83816,0.06060
1058.90936,0.06021
1056.98056,0.05970
1055.05177,0.05906
1053.12297,0.05837
1051.19417,0.05768
1049.26538,0.05702
1047.33658,0.05640
1045.40778,0.05581
1043.47899,0.05523
1041.55019,0.05467
1039.62139,0.05412
1037.69260,0.05359
1035.76380,0.05307
1033.83500,0.05255
1031.90621,0.05203
1029.97741,0.05152
1028.04861,0.05102
1026.11982,0.05054
1024.19102,0.05008
1022.26222,0.04967
1020.33343,0.04931
1018.40463,0.04903
1016.47583,0.04884
1014.54704,0.04870
1012.61824,0.04855
1010.68944,0.04830
1008.76065,0.04791
1006.83185,0.04736
1004.90305,0.04672
1002.97426,0.04604
1001.04546,0.04540
999.11666,0.04486
997.18787,0.04444
995.25907,0.04414
993.33027,0.04391
991.40148,0.04366
989.47268,0.04340
987.54388,0.04314
985.61509,0.04286
983.68629,0.04253
981.75749,0.04218
979.82870,0.04181
977.89990,0.04140
975.97110,0.04096
974.04231,0.04053
972.11351,0.04010
970.18471,0.03963
968.25592,0.03916
966.32712,0.03871
964.39832,0.03828
962.46953,0.03785
960.54073,0.03741
958.61193,0.03695
956.68314,0.03650
954.75434,0.03609
952.82554,0.03573
950.89675,0.03538
948.96795,0.03501
947.03915,0.03463
945.11036,0.03428
943.18156,0.03397
941.25276,0.03366
939.32397,0.03333
937.39517,0.03299
935.46637,0.03262
933.53758,0.03223
931.60878,0.03183
929.67998,0.03141
927.75119,0.03097
925.82239,0.03050
923.89359,0.02999
921.96480,0.02944
920.03600,0.02891
918.10720,0.02843
916.17841,0.02793
914.24961,0.02743
912.32081,0.02692
910.39202,0.02642
908.46322,0.02597
906.53443,0.02555
904.60563,0.02513
902.67683,0.02474
900.74804,0.02438
898.81924,0.02405
896.89044,0.02372
894.96165,0.02337
893.03285,0.02299
891.10405,0.02257
889.17526,0.02217
887.24646,0.02177
885.31766,0.02135
883.38887,0.02091
881.46007,0.02050
879.53127,0.02010
877.60248,0.01965
875.67368,0.01918
873.74488,0.01872
871.81609,0.01827
869.88729,0.01785
867.95849,0.01746
866.02970,0.01704
864.10090,0.01659
862.17210,0.01617
860.24331,0.01582
858.31451,0.01547
856.38571,0.01513
854.45692,0.01484
852.52812,0.01464
850.59932,0.01443
848.67053,0.01424
846.74173,0.01410
844.81293,0.01404
842.88414,0.01397
840.95534,0.01386
839.02654,0.01376
837.09775,0.01367
835.16895,0.01354
833.24015,0.01341
831.31136,0.01328
829.38256,0.01315
827.45376,0.01308
825.52497,0.01304
823.59617,0.01304
821.66737,0.01307
819.73858,0.01316
817.80978,0.01327
815.88098,0.01339
813.95219,0.01349
812.02339,0.01358
810.09459,0.01374
808.16580,0.01406
806.23700,0.01451
804.30820,0.01500
802.37941,0.01556
800.45061,0.01625
798.52181,0.01716
796.59302,0.01836
794.66422,0.01972
792.73542,0.02097
790.80663,0.02208
788.87783,0.02312
786.94903,0.02394
785.02024,0.02428
783.09144,0.02403
781.16264,0.02329
779.23385,0.02237
777.30505,0.02130
775.37625,0.01990
773.44746,0.01844
771.51866,0.01743
769.58986,0.01689
767.66107,0.01645
765.73227,0.01598
763.80347,0.01560
761.87468,0.01522
759.94588,0.01482
758.01708,0.01458
756.08829,0.01449
754.15949,0.01431
752.23069,0.01423
750.30190,0.01440
748.37310,0.01429
