3496.90832,0.23441
3494.97953,0.23875
3493.05073,0.24394
3491.12193,0.24859
3489.19314,0.25221
3487.26434,0.25528
3485.33554,0.25962
3483.40675,0.26594
3481.47795,0.27084
3479.54915,0.27193
3477.62036,0.27274
3475.69156,0.27449
3473.76276,0.27469
3471.83397,0.27585
3469.90517,0.28116
3467.97637,0.28700
3466.04758,0.28929
3464.11878,0.29037
3462.18998,0.29203
3460.26119,0.29163
3458.33239,0.29263
3456.40359,0.29922
3454.47480,0.30721
3452.54600,0.31176
3450.61721,0.31321
3448.68841,0.31290
3446.75961,0.31057
3444.83082,0.30832
3442.90202,0.30679
3440.97322,0.30445
3439.04443,0.30546
3437.11563,0.30954
3435.18683,0.30945
3433.25804,0.30839
3431.32924,0.31442
3429.40044,0.32113
3427.47165,0.32110
3425.54285,0.32338
3423.61405,0.32969
3421.68526,0.33058
3419.75646,0.33316
3417.82766,0.34250
3415.89887,0.34489
3413.97007,0.33883
3412.04127,0.33571
3410.11248,0.33893
3408.18368,0.34631
3406.25488,0.35303
3404.32609,0.35451
3402.39729,0.35233
3400.46849,0.35013
3398.53970,0.35244
3396.61090,0.36096
3394.68210,0.36775
3392.75331,0.36702
3390.82451,0.36586
3388.89571,0.37093
3386.96692,0.37911
3385.03812,0.38443
3383.10932,0.38573
3381.18053,0.38733
3379.25173,0.39244
3377.32293,0.39942
3375.39414,0.40337
3373.46534,0.40133
3371.53654,0.39925
3369.60775,0.40309
3367.67895,0.40944
3365.75015,0.41284
3363.82136,0.41092
3361.89256,0.40787
3359.96376,0.40965
3358.03497,0.41532
3356.10617,0.42211
3354.17737,0.42719
3352.24858,0.42766
3350.31978,0.42488
3348.39098,0.42078
3346.46219,0.41736
3344.53339,0.41734
3342.60459,0.41672
3340.67580,0.41298
3338.74700,0.41310
3336.81820,0.42186
3334.88941,0.43119
3332.96061,0.42962
3331.03181,0.42025
3329.10302,0.41398
3327.17422,0.41427
3325.24542,0.41564
3323.31663,0.41301
3321.38783,0.40947
3319.45903,0.40909
3317.53024,0.41019
3315.60144,0.41014
3313.67264,0.40986
3311.74385,0.41040
3309.81505,0.40930
3307.88625,0.40578
3305.95746,0.40360
3304.02866,0.40664
3302.09986,0.41242
3300.17107,0.41587
3298.24227,0.41504
3296.31347,0.40817
3294.38468,0.39920
3292.45588,0.39447
3290.52708,0.39183
3288.59829,0.39077
3286.66949,0.39668
3284.74069,0.40822
3282.81190,0.41253
3280.88310,0.40315
3278.95430,0.39439
3277.02551,0.39928
3275.09671,0.41174
3273.16791,0.41949
3271.23912,0.41872
3269.31032,0.41375
3267.38152,0.41051
3265.45273,0.40983
3263.52393,0.40964
3261.59513,0.40873
3259.66634,0.40743
3257.73754,0.40811
3255.80874,0.40997
3253.87995,0.41134
3251.95115,0.41380
3250.02235,0.41863
3248.09356,0.42454
3246.16476,0.42786
3244.23596,0.42652
3242.30717,0.42334
3240.37837,0.42328
3238.44957,0.42470
3236.52078,0.42289
3234.59198,0.42206
3232.66318,0.42538
3230.73439,0.42994
3228.80559,0.43335
3226.87679,0.43456
3224.94800,0.43563
3223.01920,0.43738
3221.09040,0.43814
3219.16161,0.43674
3217.23281,0.43505
3215.30401,0.43524
3213.37522,0.43425
3211.44642,0.43285
3209.51762,0.43555
3207.58883,0.43961
3205.66003,0.44047
3203.73123,0.43978
3201.80244,0.43889
3199.87364,0.43533
3197.94484,0.43196
3196.01605,0.43344
3194.08725,0.43552
3192.15845,0.43329
3190.22966,0.42783
3188.30086,0.42133
3186.37206,0.41503
3184.44327,0.40952
3182.51447,0.40635
3180.58567,0.40708
3178.65688,0.40767
3176.72808,0.40263
3174.79928,0.39402
3172.87049,0.38807
3170.94169,0.38657
3169.01289,0.38566
3167.08410,0.38299
3165.15530,0.37942
3163.22650,0.37556
3161.29771,0.37073
3159.36891,0.36532
3157.44011,0.36297
3155.51132,0.36232
3153.58252,0.35878
3151.65372,0.35366
3149.72493,0.34811
3147.79613,0.34237
3145.86733,0.33941
3143.93854,0.33878
3142.00974,0.33567
3140.08094,0.32966
3138.15215,0.32494
3136.22335,0.32231
3134.29455,0.32018
3132.36576,0.31779
3130.43696,0.31406
3128.50816,0.30875
3126.57937,0.30317
3124.65057,0.29867
3122.72177,0.29483
3120.79298,0.29140
3118.86418,0.28902
3116.93538,0.28585
3115.00659,0.27990
3113.07779,0.27308
3111.14899,0.26852
3109.22020,0.26635
3107.29140,0.26398
3105.36260,0.26025
3103.43381,0.25627
3101.50501,0.25217
3099.57621,0.24801
3097.64742,0.24524
3095.71862,0.24306
3093.78982,0.23860
3091.86103,0.23268
3089.93223,0.22802
3088.00344,0.22439
3086.07464,0.22084
3084.14584,0.21721
3082.21705,0.21322
3080.28825,0.20909
3078.35945,0.20535
3076.43066,0.20208
3074.50186,0.19916
3072.57306,0.19618
3070.64427,0.19243
3068.71547,0.18830
3066.78667,0.18495
3064.85788,0.18232
3062.92908,0.17995
3061.00028,0.17771
3059.07149,0.17499
3057.14269,0.17135
3055.21389,0.16709
3053.28510,0.16328
3051.35630,0.16060
3049.42750,0.15780
3047.49871,0.15400
3045.56991,0.15027
3043.64111,0.14696
3041.71232,0.14362
3039.78352,0.14120
3037.85472,0.14019
3035.92593,0.13919
3033.99713,0.13715
3032.06833,0.13457
3030.13954,0.13212
3028.21074,0.12977
3026.28194,0.12721
3024.35315,0.12455
3022.42435,0.12213
3020.49555,0.11994
3018.56676,0.11764
3016.63796,0.11538
3014.70916,0.11344
3012.78037,0.11162
3010.85157,0.10968
3008.92277,0.10776
3006.99398,0.10576
3005.06518,0.10316
3003.13638,0.10039
3001.20759,0.09856
2999.27879,0.09738
2997.34999,0.09570
2995.42120,0.09331
2993.49240,0.09111
2991.56360,0.08959
2989.63481,0.08822
2987.70601,0.08673
2985.77721,0.08555
2983.84842,0.08470
2981.91962,0.08343
2979.99082,0.08142
2978.06203,0.07933
2976.13323,0.07773
2974.20443,0.07660
2972.27564,0.07560
2970.34684,0.07444
2968.41804,0.07295
2966.48925,0.07116
2964.56045,0.06959
2962.63165,0.06855
2960.70286,0.06759
2958.77406,0.06637
2956.84526,0.06500
2954.91647,0.06384
2952.98767,0.06314
2951.05887,0.06231
2949.13008,0.06082
2947.20128,0.05930
2945.27248,0.05822
2943.34369,0.05736
2941.41489,0.05656
2939.48609,0.05577
2937.55730,0.05485
2935.62850,0.05391
2933.69970,0.05331
2931.77091,0.05299
2929.84211,0.05256
2927.91331,0.05188
2925.98452,0.05105
2924.05572,0.05012
2922.12692,0.04912
2920.19813,0.04814
2918.26933,0.04725
2916.34053,0.04675
2914.41174,0.04635
2912.48294,0.04519
2910.55414,0.04364
2908.62535,0.04279
2906.69655,0.04245
2904.76775,0.04196
2902.83896,0.04132
2900.91016,0.04054
2898.98136,0.03955
2897.05257,0.03883
2895.12377,0.03879
2893.19497,0.03894
2891.26618,0.03866
2889.33738,0.03799
2887.40858,0.03726
2885.47979,0.03661
2883.55099,0.03615
2881.62219,0.03594
2879.69340,0.03580
2877.76460,0.03567
2875.83580,0.03567
2873.90701,0.03580
2871.97821,0.03571
2870.04941,0.03506
2868.12062,0.03430
2866.19182,0.03389
2864.26302,0.03334
2862.33423,0.03252
2860.40543,0.03193
2858.47663,0.03168
2856.54784,0.03157
2854.61904,0.03149
2852.69024,0.03141
2850.76145,0.03145
2848.83265,0.03140
2846.90385,0.03096
2844.97506,0.03057
2843.04626,0.03055
2841.11746,0.03043
2839.18867,0.03009
2837.25987,0.02988
2835.33107,0.03006
2833.40228,0.03040
2831.47348,0.03047
2829.54468,0.03027
2827.61589,0.03018
2825.68709,0.03024
2823.75829,0.03011
2821.82950,0.02966
2819.90070,0.02929
2817.97190,0.02912
2816.04311,0.02888
2814.11431,0.02846
2812.18551,0.02787
2810.25672,0.02731
2808.32792,0.02701
2806.39912,0.02684
2804.47033,0.02665
2802.54153,0.02646
2800.61273,0.02626
2798.68394,0.02599
2796.75514,0.02569
2794.82634,0.02555
2792.89755,0.02560
2790.96875,0.02554
2789.03995,0.02513
2787.11116,0.02451
2785.18236,0.02410
2783.25356,0.02404
2781.32477,0.02397
2779.39597,0.02367
2777.46717,0.02316
2775.53838,0.02255
2773.60958,0.02209
2771.68078,0.02169
2769.75199,0.02122
2767.82319,0.02092
2765.89439,0.02095
2763.96560,0.02107
2762.03680,0.02085
2760.10800,0.02042
2758.17921,0.02028
2756.25041,0.02048
2754.32161,0.02046
2752.39282,0.02005
2750.46402,0.01971
2748.53522,0.01968
2746.60643,0.01973
2744.67763,0.01965
2742.74883,0.01953
2740.82004,0.01958
2738.89124,0.01968
2736.96244,0.01967
2735.03365,0.01961
2733.10485,0.01952
2731.17605,0.01936
2729.24726,0.01916
2727.31846,0.01901
2725.38967,0.01898
2723.46087,0.01906
2721.53207,0.01905
2719.60328,0.01885
2717.67448,0.01860
2715.74568,0.01841
2713.81689,0.01829
2711.88809,0.01821
2709.95929,0.01815
2708.03050,0.01814
2706.10170,0.01817
2704.17290,0.01817
2702.24411,0.01811
2700.31531,0.01805
2698.38651,0.01807
2696.45772,0.01826
2694.52892,0.01846
2692.60012,0.01845
2690.67133,0.01834
2688.74253,0.01824
2686.81373,0.01818
2684.88494,0.01815
2682.95614,0.01811
2681.02734,0.01800
2679.09855,0.01777
2677.16975,0.01755
2675.24095,0.01735
2673.31216,0.01708
2671.38336,0.01684
2669.45456,0.01671
2667.52577,0.01667
2665.59697,0.01672
2663.66817,0.01701
2661.73938,0.01743
2659.81058,0.01756
2657.88178,0.01739
2655.95299,0.01732
2654.02419,0.01748
2652.09539,0.01761
2650.16660,0.01775
2648.23780,0.01812
2646.30900,0.01855
2644.38021,0.01864
2642.45141,0.01842
2640.52261,0.01837
2638.59382,0.01866
2636.66502,0.01913
2634.73622,0.01974
2632.80743,0.02025
2630.87863,0.02041
2628.94983,0.02048
2627.02104,0.02059
2625.09224,0.02061
2623.16344,0.02065
2621.23465,0.02069
2619.30585,0.02071
2617.37705,0.02099
2615.44826,0.02148
2613.51946,0.02177
2611.59066,0.02161
2609.66187,0.02146
2607.73307,0.02181
2605.80427,0.02235
2603.87548,0.02265
2601.94668,0.02291
2600.01788,0.02340
2598.08909,0.02385
2596.16029,0.02406
2594.23149,0.02395
2592.30270,0.02390
2590.37390,0.02440
2588.44510,0.02502
2586.51631,0.02509
2584.58751,0.02492
2582.65871,0.02494
2580.72992,0.02500
2578.80112,0.02498
2576.87232,0.02517
2574.94353,0.02560
2573.01473,0.02564
2571.08593,0.02509
2569.15714,0.02464
2567.22834,0.02474
2565.29954,0.02510
2563.37075,0.02527
2561.44195,0.02499
2559.51315,0.02467
2557.58436,0.02493
2555.65556,0.02548
2553.72676,0.02571
2551.79797,0.02557
2549.86917,0.02535
2547.94037,0.02530
2546.01158,0.02531
2544.08278,0.02535
2542.15398,0.02551
2540.22519,0.02552
2538.29639,0.02547
2536.36759,0.02568
2534.43880,0.02599
2532.51000,0.02605
2530.58120,0.02602
2528.65241,0.02613
2526.72361,0.02632
2524.79481,0.02654
2522.86602,0.02663
2520.93722,0.02627
2519.00842,0.02576
2517.07963,0.02556
2515.15083,0.02564
2513.22203,0.02579
2511.29324,0.02579
2509.36444,0.02559
2507.43564,0.02553
2505.50685,0.02581
2503.57805,0.02633
2501.64925,0.02674
2499.72046,0.02676
2497.79166,0.02657
2495.86286,0.02661
2493.93407,0.02682
2492.00527,0.02687
2490.07647,0.02664
2488.14768,0.02651
2486.21888,0.02666
2484.29008,0.02663
2482.36129,0.02612
2480.43249,0.02561
2478.50369,0.02546
2476.57490,0.02557
2474.64610,0.02578
2472.71730,0.02586
2470.78851,0.02565
2468.85971,0.02553
2466.93091,0.02578
2465.00212,0.02602
2463.07332,0.02595
2461.14452,0.02597
2459.21573,0.02631
2457.28693,0.02662
2455.35813,0.02671
2453.42934,0.02671
2451.50054,0.02669
2449.57174,0.02663
2447.64295,0.02660
2445.71415,0.02669
2443.78535,0.02687
2441.85656,0.02693
2439.92776,0.02663
2437.99896,0.02630
2436.07017,0.02633
2434.14137,0.02647
2432.21257,0.02638
2430.28378,0.02610
2428.35498,0.02573
2426.42618,0.02519
2424.49739,0.02461
2422.56859,0.02421
2420.63979,0.02392
2418.71100,0.02378
2416.78220,0.02402
2414.85340,0.02438
2412.92461,0.02445
2410.99581,0.02442
2409.06701,0.02443
2407.13822,0.02426
2405.20942,0.02391
2403.28062,0.02359
2401.35183,0.02323
2399.42303,0.02294
2397.49423,0.02299
2395.56544,0.02325
2393.63664,0.02338
2391.70784,0.02314
2389.77905,0.02283
2387.85025,0.02352
2385.92145,0.02579
2383.99266,0.02960
2382.06386,0.03509
2380.13506,0.04201
2378.20627,0.04952
2376.27747,0.05715
2374.34867,0.06508
2372.41988,0.07360
2370.49108,0.08255
2368.56228,0.09129
2366.63349,0.09883
2364.70469,0.10453
2362.77589,0.10843
2360.84710,0.11019
2358.91830,0.10874
2356.98951,0.10356
2355.06071,0.09503
2353.13191,0.08427
2351.20312,0.07399
2349.27432,0.06869
2347.34552,0.07101
2345.41673,0.07829
2343.48793,0.08363
2341.55913,0.08457
2339.63034,0.08346
2337.70154,0.08166
2335.77274,0.07989
2333.84395,0.07923
2331.91515,0.07938
2329.98635,0.07832
2328.05756,0.07582
2326.12876,0.07376
2324.19996,0.07278
2322.27117,0.07138
2320.34237,0.06814
2318.41357,0.06381
2316.48478,0.06034
2314.55598,0.05855
2312.62718,0.05730
2310.69839,0.05505
2308.76959,0.05194
2306.84079,0.04900
2304.91200,0.04637
2302.98320,0.04410
2301.05440,0.04250
2299.12561,0.04121
2297.19681,0.03987
2295.26801,0.03875
2293.33922,0.03773
2291.41042,0.03662
2289.48162,0.03595
2287.55283,0.03618
2285.62403,0.03679
2283.69523,0.03734
2281.76644,0.03823
2279.83764,0.03941
2277.90884,0.04054
2275.98005,0.04177
2274.05125,0.04304
2272.12245,0.04402
2270.19366,0.04490
2268.26486,0.04610
2266.33606,0.04737
2264.40727,0.04804
2262.47847,0.04823
2260.54967,0.04857
2258.62088,0.04949
2256.69208,0.05107
2254.76328,0.05251
2252.83449,0.05289
2250.90569,0.05257
2248.97689,0.05261
2247.04810,0.05349
2245.11930,0.05496
2243.19050,0.05624
2241.26171,0.05655
2239.33291,0.05639
2237.40411,0.05681
2235.47532,0.05790
2233.54652,0.05960
2231.61772,0.06219
2229.68893,0.06464
2227.76013,0.06534
2225.83133,0.06460
2223.90254,0.06419
2221.97374,0.06482
2220.04494,0.06665
2218.11615,0.06928
2216.18735,0.07109
2214.25855,0.07155
2212.32976,0.07158
2210.40096,0.07210
2208.47216,0.07349
2206.54337,0.07521
2204.61457,0.07698
2202.68577,0.07859
2200.75698,0.07932
2198.82818,0.07928
2196.89938,0.07947
2194.97059,0.08080
2193.04179,0.08258
2191.11299,0.08389
2189.18420,0.08538
2187.25540,0.08757
2185.32660,0.08967
2183.39781,0.09094
2181.46901,0.09176
2179.54021,0.09229
2177.61142,0.09292
2175.68262,0.09479
2173.75382,0.09652
2171.82503,0.09715
2169.89623,0.09841
2167.96743,0.10085
2166.03864,0.10483
2164.10984,0.11033
2162.18104,0.11567
2160.25225,0.11988
2158.32345,0.12086
2156.39465,0.11651
2154.46586,0.10859
2152.53706,0.09983
2150.60826,0.09190
2148.67947,0.08539
2146.75067,0.07971
2144.82187,0.07447
2142.89308,0.07020
2140.96428,0.06751
2139.03548,0.06568
2137.10669,0.06301
2135.17789,0.05959
2133.24909,0.05619
2131.32030,0.05298
2129.39150,0.05069
2127.46270,0.04933
2125.53391,0.04819
2123.60511,0.04729
2121.67631,0.04669
2119.74752,0.04587
2117.81872,0.04512
2115.88992,0.04512
2113.96113,0.04543
2112.03233,0.04531
2110.10353,0.04487
2108.17474,0.04469
2106.24594,0.04472
2104.31714,0.04457
2102.38835,0.04451
2100.45955,0.04473
2098.53075,0.04503
2096.60196,0.04500
2094.67316,0.04437
2092.74436,0.04366
2090.81557,0.04351
2088.88677,0.04329
2086.95797,0.04217
2085.02918,0.04110
2083.10038,0.04166
2081.17158,0.04361
2079.24279,0.04483
2077.31399,0.04460
2075.38519,0.04456
2073.45640,0.04534
2071.52760,0.04609
2069.59880,0.04663
2067.67001,0.04737
2065.74121,0.04790
2063.81241,0.04781
2061.88362,0.04784
2059.95482,0.04864
2058.02602,0.04990
2056.09723,0.05089
2054.16843,0.05139
2052.23963,0.05191
2050.31084,0.05360
2048.38204,0.05659
2046.45324,0.05966
2044.52445,0.06241
2042.59565,0.06433
2040.66685,0.06497
2038.73806,0.06526
2036.80926,0.06680
2034.88046,0.07004
2032.95167,0.07288
2031.02287,0.07368
2029.09407,0.07277
2027.16528,0.07079
2025.23648,0.06966
2023.30768,0.07061
2021.37889,0.07098
2019.45009,0.06968
2017.52129,0.06834
2015.59250,0.06630
2013.66370,0.06392
2011.73490,0.06364
2009.80611,0.06462
2007.87731,0.06342
2005.94851,0.05966
2004.01972,0.05567
2002.09092,0.05287
2000.16212,0.05182
1998.23333,0.05152
1996.30453,0.05089
1994.37574,0.05094
1992.44694,0.05177
1990.51814,0.05150
1988.58935,0.04972
1986.66055,0.04825
1984.73175,0.04894
1982.80296,0.05109
1980.87416,0.05276
1978.94536,0.05454
1977.01657,0.05645
1975.08777,0.05663
1973.15897,0.05503
1971.23018,0.05253
1969.30138,0.05002
1967.37258,0.04735
1965.44379,0.04442
1963.51499,0.04272
1961.58619,0.04178
1959.65740,0.03950
1957.72860,0.03696
1955.79980,0.03549
1953.87101,0.03370
1951.94221,0.03161
1950.01341,0.03057
1948.08462,0.03027
1946.15582,0.03031
1944.22702,0.03062
1942.29823,0.02933
1940.36943,0.02615
1938.44063,0.02403
1936.51184,0.02370
1934.58304,0.02369
1932.65424,0.02346
1930.72545,0.02318
1928.79665,0.02272
1926.86785,0.02259
1924.93906,0.02344
1923.01026,0.02395
1921.08146,0.02363
1919.15267,0.02350
1917.22387,0.02236
1915.29507,0.02012
1913.36628,0.01926
1911.43748,0.02002
1909.50868,0.02045
1907.57989,0.01970
1905.65109,0.01860
1903.72229,0.01774
1901.79350,0.01702
1899.86470,0.01656
1897.93590,0.01685
1896.00711,0.01763
1894.07831,0.01796
1892.14951,0.01848
1890.22072,0.01945
1888.29192,0.01880
1886.36312,0.01704
1884.43433,0.01601
1882.50553,0.01552
1880.57673,0.01526
1878.64794,0.01518
1876.71914,0.01518
1874.79034,0.01543
1872.86155,0.01726
1870.93275,0.02178
1869.00395,0.02542
1867.07516,0.02329
1865.14636,0.01861
1863.21756,0.01614
1861.28877,0.01569
1859.35997,0.01550
1857.43117,0.01489
1855.50238,0.01422
1853.57358,0.01398
1851.64478,0.01450
1849.71599,0.01630
1847.78719,0.01951
1845.85839,0.02329
1843.92960,0.02393
1842.00080,0.02000
1840.07200,0.01662
1838.14321,0.01599
1836.21441,0.01619
1834.28561,0.01678
1832.35682,0.01979
1830.42802,0.02367
1828.49922,0.02434
1826.57043,0.02332
1824.64163,0.02181
1822.71283,0.01889
1820.78404,0.01670
1818.85524,0.01641
1816.92644,0.01646
1814.99765,0.01679
1813.06885,0.01857
1811.14005,0.02031
1809.21126,0.01983
1807.28246,0.01823
1805.35366,0.01820
1803.42487,0.02076
1801.49607,0.02375
1799.56727,0.02408
1797.63848,0.02309
1795.70968,0.02438
1793.78088,0.02829
1791.85209,0.02971
1789.92329,0.02555
1787.99449,0.02189
1786.06570,0.02200
1784.13690,0.02350
1782.20810,0.02490
1780.27931,0.02555
1778.35051,0.02531
1776.42171,0.02691
1774.49292,0.03211
1772.56412,0.03707
1770.63532,0.03636
1768.70653,0.03218
1766.77773,0.02821
1764.84893,0.02717
1762.92014,0.02948
1760.99134,0.03105
1759.06254,0.03096
1757.13375,0.03102
1755.20495,0.03113
1753.27615,0.03414
1751.34736,0.04110
1749.41856,0.04535
1747.48976,0.04371
1745.56097,0.04127
1743.63217,0.04086
1741.70337,0.04187
1739.77458,0.04255
1737.84578,0.04366
1735.91698,0.04889
1733.98819,0.05515
1732.05939,0.05354
1730.13059,0.04832
1728.20180,0.04456
1726.27300,0.04378
1724.34420,0.04605
1722.41541,0.04998
1720.48661,0.05769
1718.55781,0.07000
1716.62902,0.07734
1714.70022,0.07425
1712.77142,0.06978
1710.84263,0.06991
1708.91383,0.07557
1706.98503,0.08542
1705.05624,0.09521
1703.12744,0.10462
1701.19864,0.11904
1699.26985,0.13387
1697.34105,0.14246
1695.41225,0.14865
1693.48346,0.15447
1691.55466,0.16520
1689.62586,0.18309
1687.69707,0.20405
1685.76827,0.23054
1683.83947,0.26046
1681.91068,0.27654
1679.98188,0.28661
1678.05308,0.30193
1676.12429,0.32372
1674.19549,0.34642
1672.26669,0.36562
1670.33790,0.38460
1668.40910,0.39871
1666.48030,0.40604
1664.55151,0.41576
1662.62271,0.42750
1660.69391,0.43423
1658.76512,0.43904
1656.83632,0.44883
1654.90752,0.46636
1652.97873,0.48098
1651.04993,0.48038
1649.12113,0.48352
1647.19234,0.49378
1645.26354,0.49947
1643.33474,0.50295
1641.40595,0.51360
1639.47715,0.53240
1637.54835,0.55846
1635.61956,0.58607
1633.69076,0.60200
1631.76197,0.61314
1629.83317,0.62940
1627.90437,0.64765
1625.97558,0.66192
1624.04678,0.67068
1622.11798,0.67164
1620.18919,0.66850
1618.26039,0.66625
1616.33159,0.65889
1614.40280,0.64569
1612.47400,0.63619
1610.54520,0.63217
1608.61641,0.63119
1606.68761,0.63191
1604.75881,0.63527
1602.83002,0.64098
1600.90122,0.64708
1598.97242,0.65273
1597.04363,0.65762
1595.11483,0.65987
1593.18603,0.65727
1591.25724,0.64986
1589.32844,0.63789
1587.39964,0.62170
1585.47085,0.60217
1583.54205,0.57981
1581.61325,0.55628
1579.68446,0.53549
1577.75566,0.51533
1575.82686,0.48565
1573.89807,0.45478
1571.96927,0.43327
1570.04047,0.41233
1568.11168,0.38729
1566.18288,0.36481
1564.25408,0.34770
1562.32529,0.33947
1560.39649,0.33938
1558.46769,0.32674
1556.53890,0.29992
1554.61010,0.27915
1552.68130,0.26450
1550.75251,0.25341
1548.82371,0.24365
1546.89491,0.23809
1544.96612,0.23897
1543.03732,0.24270
1541.10852,0.24219
1539.17973,0.22732
1537.25093,0.21047
1535.32213,0.20365
1533.39334,0.19967
1531.46454,0.19209
1529.53574,0.18727
1527.60695,0.18755
1525.67815,0.18862
1523.74935,0.19009
1521.82056,0.19068
1519.89176,0.18672
1517.96296,0.18156
1516.03417,0.17532
1514.10537,0.16865
1512.17657,0.16761
1510.24778,0.17507
1508.31898,0.18675
1506.39018,0.18464
1504.46139,0.16853
1502.53259,0.16047
1500.60379,0.16239
1498.67500,0.16887
1496.74620,0.17297
1494.81740,0.17352
1492.88861,0.17849
1490.95981,0.19137
1489.03101,0.20376
1487.10222,0.20815
1485.17342,0.21149
1483.24462,0.21994
1481.31583,0.23292
1479.38703,0.24818
1477.45823,0.26652
1475.52944,0.28828
1473.60064,0.30926
1471.67184,0.32167
1469.74305,0.32618
1467.81425,0.33289
1465.88545,0.34377
1463.95666,0.35114
1462.02786,0.35444
1460.09906,0.36117
1458.17027,0.36859
1456.24147,0.35998
1454.31267,0.34013
1452.38388,0.32338
1450.45508,0.30998
1448.52628,0.29624
1446.59749,0.27907
1444.66869,0.26121
1442.73989,0.24565
1440.81110,0.23366
1438.88230,0.22601
1436.95350,0.21734
1435.02471,0.20313
1433.09591,0.19041
1431.16711,0.18156
1429.23832,0.17274
1427.30952,0.16443
1425.38072,0.15912
1423.45193,0.15550
1421.52313,0.15380
1419.59433,0.15352
1417.66554,0.14796
1415.73674,0.13813
1413.80794,0.13101
1411.87915,0.12723
1409.95035,0.12447
1408.02155,0.12280
1406.09276,0.12242
1404.16396,0.12073
1402.23516,0.11874
1400.30637,0.11971
1398.37757,0.12183
1396.44877,0.12173
1394.51998,0.11803
1392.59118,0.11211
1390.66238,0.10903
1388.73359,0.10976
1386.80479,0.10916
1384.87599,0.10522
1382.94720,0.10198
1381.01840,0.10111
1379.08960,0.10143
1377.16081,0.10286
1375.23201,0.10469
1373.30321,0.10368
1371.37442,0.10046
1369.44562,0.09846
1367.51682,0.09781
1365.58803,0.09904
1363.65923,0.10205
1361.73043,0.10212
1359.80164,0.09837
1357.87284,0.09546
1355.94404,0.09463
1354.01525,0.09414
1352.08645,0.09350
1350.15765,0.09315
1348.22886,0.09287
1346.30006,0.09247
1344.37126,0.09280
1342.44247,0.09532
1340.51367,0.09915
1338.58487,0.09994
1336.65608,0.09672
1334.72728,0.09330
1332.79848,0.09166
1330.86969,0.09118
1328.94089,0.09090
1327.01209,0.09053
1325.08330,0.09022
1323.15450,0.09032
1321.22570,0.09113
1319.29691,0.09201
1317.36811,0.09193
1315.43931,0.09133
1313.51052,0.09081
1311.58172,0.09002
1309.65292,0.08922
1307.72413,0.08882
1305.79533,0.08856
1303.86653,0.08832
1301.93774,0.08824
1300.00894,0.08831
1298.08014,0.08844
1296.15135,0.08842
1294.22255,0.08824
1292.29375,0.08820
1290.36496,0.08841
1288.43616,0.08851
1286.50736,0.08818
1284.57857,0.08768
1282.64977,0.08744
1280.72097,0.08736
1278.79218,0.08722
1276.86338,0.08712
1274.93458,0.08727
1273.00579,0.08770
1271.07699,0.08799
1269.14820,0.08785
1267.21940,0.08752
1265.29060,0.08730
1263.36181,0.08735
1261.43301,0.08766
1259.50421,0.08787
1257.57542,0.08787
1255.64662,0.08791
1253.71782,0.08810
1251.78903,0.08834
1249.86023,0.08854
1247.93143,0.08868
1246.00264,0.08880
1244.07384,0.08887
1242.14504,0.08882
1240.21625,0.08869
1238.28745,0.08859
1236.35865,0.08858
1234.42986,0.08865
1232.50106,0.08877
1230.57226,0.08894
1228.64347,0.08921
1226.71467,0.08957
1224.78587,0.08992
1222.85708,0.09023
1220.92828,0.09061
1218.99948,0.09107
1217.07069,0.09156
1215.14189,0.09213
1213.21309,0.09282
1211.28430,0.09351
1209.35550,0.09422
1207.42670,0.09501
1205.49791,0.09591
1203.56911,0.09687
1201.64031,0.09794
1199.71152,0.09914
1197.78272,0.10042
1195.85392,0.10179
1193.92513,0.10334
1191.99633,0.10517
1190.06753,0.10729
1188.13874,0.10973
1186.20994,0.11248
1184.28114,0.11555
1182.35235,0.11906
1180.42355,0.12311
1178.49475,0.12769
1176.56596,0.13276
1174.63716,0.13818
1172.70836,0.14379
1170.77957,0.14951
1168.85077,0.15532
1166.92197,0.16104
1164.99318,0.16635
1163.06438,0.17095
1161.13558,0.17458
1159.20679,0.17701
1157.27799,0.17805
1155.34919,0.17759
1153.42040,0.17569
1151.49160,0.17248
1149.56280,0.16816
1147.63401,0.16302
1145.70521,0.15737
1143.77641,0.15151
1141.84762,0.14570
1139.91882,0.14018
1137.99002,0.13502
1136.06123,0.13027
1134.13243,0.12597
1132.20363,0.12215
1130.27484,0.11878
1128.34604,0.11581
1126.41724,0.11324
1124.48845,0.11104
1122.55965,0.10913
1120.63085,0.10742
1118.70206,0.10589
1116.77326,0.10458
1114.84446,0.10346
1112.91567,0.10250
1110.98687,0.10162
1109.05807,0.10086
1107.12928,0.10022
1105.20048,0.09966
1103.27168,0.09912
1101.34289,0.09865
1099.41409,0.09828
1097.48529,0.09799
1095.55650,0.09779
1093.62770,0.09770
1091.69890,0.09774
1089.77011,0.09792
1087.84131,0.09820
1085.91251,0.09861
1083.98372,0.09914
1082.05492,0.09974
1080.12612,0.10041
1078.19733,0.10112
1076.26853,0.10187
1074.33973,0.10263
1072.41094,0.10335
1070.48214,0.10397
1068.55334,0.10451
1066.62455,0.10498
1064.69575,0.10530
1062.76695,0.10540
1060.83816,0.10531
1058.90936,0.10513
1056.98056,0.10483
1055.05177,0.10438
1053.12297,0.10380
1051.19417,0.10314
1049.26538,0.10243
1047.33658,0.10171
1045.40778,0.10103
1043.47899,0.10038
1041.55019,0.09975
1039.62139,0.09912
1037.69260,0.09854
1035.76380,0.09806
1033.83500,0.09765
1031.90621,0.09727
1029.97741,0.09691
1028.04861,0.09656
1026.11982,0.09624
1024.19102,0.09600
1022.26222,0.09584
1020.33343,0.09580
1018.40463,0.09588
1016.47583,0.09610
1014.54704,0.09638
1012.61824,0.09667
1010.68944,0.09688
1008.76065,0.09690
1006.83185,0.09668
1004.90305,0.09628
1002.97426,0.09579
1001.04546,0.09533
999.11666,0.09497
997.18787,0.09476
995.25907,0.09469
993.33027,0.09474
991.40148,0.09483
989.47268,0.09492
987.54388,0.09504
985.61509,0.09523
983.68629,0.09544
981.75749,0.09563
979.82870,0.09582
977.89990,0.09602
975.97110,0.09627
974.04231,0.09655
972.11351,0.09684
970.18471,0.09710
968.25592,0.09731
966.32712,0.09751
964.39832,0.09774
962.46953,0.09798
960.54073,0.09819
958.61193,0.09839
956.68314,0.09861
954.75434,0.09887
952.82554,0.09919
950.89675,0.09957
948.96795,0.09997
947.03915,0.10038
945.11036,0.10083
943.18156,0.10135
941.25276,0.10190
939.32397,0.10249
937.39517,0.10316
935.46637,0.10386
933.53758,0.10457
931.60878,0.10532
929.67998,0.10610
927.75119,0.10687
925.82239,0.10766
923.89359,0.10848
921.96480,0.10932
920.03600,0.11015
918.10720,0.11098
916.17841,0.11183
914.24961,0.11264
912.32081,0.11344
910.39202,0.11425
908.46322,0.11510
906.53443,0.11599
904.60563,0.11693
902.67683,0.11791
900.74804,0.11897
898.81924,0.12011
896.89044,0.12131
894.96165,0.12252
893.03285,0.12378
891.10405,0.12508
889.17526,0.12639
887.24646,0.12775
885.31766,0.12917
883.38887,0.13069
881.46007,0.13229
879.53127,0.13391
877.60248,0.13551
875.67368,0.13715
873.74488,0.13883
871.81609,0.14052
869.88729,0.14217
867.95849,0.14387
866.02970,0.14564
864.10090,0.14739
862.17210,0.14910
860.24331,0.15090
858.31451,0.15282
856.38571,0.15477
854.45692,0.15667
852.52812,0.15858
850.59932,0.16061
848.67053,0.16279
846.74173,0.16508
844.81293,0.16736
842.88414,0.16968
840.95534,0.17209
839.02654,0.17454
837.09775,0.17694
835.16895,0.17936
833.24015,0.18176
831.31136,0.18413
829.38256,0.18661
827.45376,0.18920
825.52497,0.19174
823.59617,0.19419
821.66737,0.19672
819.73858,0.19935
817.80978,0.20198
815.88098,0.20460
813.95219,0.20722
812.02339,0.20981
810.09459,0.21234
808.16580,0.21488
806.23700,0.21755
804.30820,0.22039
802.37941,0.22338
800.45061,0.22659
798.52181,0.23023
796.59302,0.23419
794.66422,0.23821
792.73542,0.24229
790.80663,0.24642
788.87783,0.25043
786.94903,0.25427
785.02024,0.25770
783.09144,0.26042
781.16264,0.26241
779.23385,0.26391
777.30505,0.26518
775.37625,0.26640
773.44746,0.26774
771.51866,0.26937
769.58986,0.27124
767.66107,0.27321
765.73227,0.27530
763.80347,0.27750
761.87468,0.27958
759.94588,0.28153
758.01708,0.28370
756.08829,0.28622
754.15949,0.28899
752.23069,0.29196
750.30190,0.29495
748.37310,0.29777
