3496.90832,0.22585
3494.97953,0.23073
3493.05073,0.23787
3491.12193,0.24585
3489.19314,0.25265
3487.26434,0.25766
3485.33554,0.26260
3483.40675,0.26583
3481.47795,0.26440
3479.54915,0.26298
3477.62036,0.26775
3475.69156,0.27576
3473.76276,0.27980
3471.83397,0.28020
3469.90517,0.28137
3467.97637,0.28187
3466.04758,0.28213
3464.11878,0.28616
3462.18998,0.29217
3460.26119,0.29805
3458.33239,0.30153
3456.40359,0.29908
3454.47480,0.29605
3452.54600,0.29742
3450.61721,0.29995
3448.68841,0.30164
3446.75961,0.30538
3444.83082,0.31179
3442.90202,0.31475
3440.97322,0.31226
3439.04443,0.30964
3437.11563,0.30837
3435.18683,0.30757
3433.25804,0.30940
3431.32924,0.31582
3429.40044,0.32220
3427.47165,0.32325
3425.54285,0.32510
3423.61405,0.32917
3421.68526,0.32766
3419.75646,0.32571
3417.82766,0.32731
3415.89887,0.32392
3413.97007,0.31896
3412.04127,0.32344
3410.11248,0.33254
3408.18368,0.33992
3406.25488,0.34875
3404.32609,0.35437
3402.39729,0.35247
3400.46849,0.35205
3398.53970,0.36140
3396.61090,0.37383
3394.68210,0.37391
3392.75331,0.36406
3390.82451,0.36036
3388.89571,0.36636
3386.96692,0.37172
3385.03812,0.37087
3383.10932,0.37051
3381.18053,0.37427
3379.25173,0.38026
3377.32293,0.38947
3375.39414,0.39769
3373.46534,0.39625
3371.53654,0.39124
3369.60775,0.39178
3367.67895,0.39388
3365.75015,0.39771
3363.82136,0.40651
3361.89256,0.41635
3359.96376,0.42431
3358.03497,0.42589
3356.10617,0.42088
3354.17737,0.41740
3352.24858,0.41785
3350.31978,0.42101
3348.39098,0.42667
3346.46219,0.43043
3344.53339,0.42854
3342.60459,0.42249
3340.67580,0.41874
3338.74700,0.42348
3336.81820,0.43453
3334.88941,0.44207
3332.96061,0.43745
3331.03181,0.42322
3329.10302,0.41365
3327.17422,0.41487
3325.24542,0.41796
3323.31663,0.41712
3321.38783,0.41534
3319.45903,0.41452
3317.53024,0.41204
3315.60144,0.40871
3313.67264,0.41088
3311.74385,0.41696
3309.81505,0.41802
3307.88625,0.41218
3305.95746,0.40471
3304.02866,0.40058
3302.09986,0.40146
3300.17107,0.40506
3298.24227,0.40718
3296.31347,0.40537
3294.38468,0.40256
3292.45588,0.40352
3290.52708,0.40719
3288.59829,0.40940
3286.66949,0.40800
3284.74069,0.40358
3282.81190,0.39864
3280.88310,0.39559
3278.95430,0.39681
3277.02551,0.40139
3275.09671,0.40523
3273.16791,0.40791
3271.23912,0.40807
3269.31032,0.40440
3267.38152,0.40136
3265.45273,0.39974
3263.52393,0.39767
3261.59513,0.39798
3259.66634,0.40013
3257.73754,0.40080
3255.80874,0.40117
3253.87995,0.40263
3251.95115,0.40335
3250.02235,0.40586
3248.09356,0.41417
3246.16476,0.42264
3244.23596,0.42357
3242.30717,0.41949
3240.37837,0.41761
3238.44957,0.41974
3236.52078,0.42329
3234.59198,0.42794
3232.66318,0.43295
3230.73439,0.43473
3228.80559,0.43297
3226.87679,0.43117
3224.94800,0.43171
3223.01920,0.43352
3221.09040,0.43362
3219.16161,0.43234
3217.23281,0.43433
3215.30401,0.43898
3213.37522,0.44038
3211.44642,0.44008
3209.51762,0.44192
3207.58883,0.44241
3205.66003,0.43996
3203.73123,0.43870
3201.80244,0.43940
3199.87364,0.43924
3197.94484,0.43859
3196.01605,0.43762
3194.08725,0.43449
3192.15845,0.43018
3190.22966,0.42596
3188.30086,0.42187
3186.37206,0.41885
3184.44327,0.41532
3182.51447,0.40951
3180.58567,0.40505
3178.65688,0.40392
3176.72808,0.40320
3174.79928,0.40124
3172.87049,0.39755
3170.94169,0.39141
3169.01289,0.38448
3167.08410,0.38005
3165.15530,0.37790
3163.22650,0.37485
3161.29771,0.37068
3159.36891,0.36596
3157.44011,0.36131
3155.51132,0.35826
3153.58252,0.35650
3151.65372,0.35467
3149.72493,0.35114
3147.79613,0.34532
3145.86733,0.33983
3143.93854,0.33687
3142.00974,0.33512
3140.08094,0.33264
3138.15215,0.32850
3136.22335,0.32291
3134.29455,0.31802
3132.36576,0.31449
3130.43696,0.31059
3128.50816,0.30548
3126.57937,0.30013
3124.65057,0.29657
3122.72177,0.29483
3120.79298,0.29244
3118.86418,0.28829
3116.93538,0.28268
3115.00659,0.27628
3113.07779,0.27104
3111.14899,0.26733
3109.22020,0.26361
3107.29140,0.25992
3105.36260,0.25684
3103.43381,0.25375
3101.50501,0.24954
3099.57621,0.24472
3097.64742,0.24117
3095.71862,0.23794
3093.78982,0.23330
3091.86103,0.22875
3089.93223,0.22496
3088.00344,0.22065
3086.07464,0.21681
3084.14584,0.21420
3082.21705,0.21115
3080.28825,0.20745
3078.35945,0.20359
3076.43066,0.19920
3074.50186,0.19523
3072.57306,0.19203
3070.64427,0.18832
3068.71547,0.18415
3066.78667,0.18065
3064.85788,0.17804
3062.92908,0.17577
3061.00028,0.17321
3059.07149,0.17040
3057.14269,0.16753
3055.21389,0.16396
3053.28510,0.15980
3051.35630,0.15634
3049.42750,0.15362
3047.49871,0.15079
3045.56991,0.14796
3043.64111,0.14529
3041.71232,0.14208
3039.78352,0.13832
3037.85472,0.13528
3035.92593,0.13349
3033.99713,0.13211
3032.06833,0.13056
3030.13954,0.12861
3028.21074,0.12590
3026.28194,0.12282
3024.35315,0.12037
3022.42435,0.11856
3020.49555,0.11635
3018.56676,0.11344
3016.63796,0.11096
3014.70916,0.10949
3012.78037,0.10806
3010.85157,0.10610
3008.92277,0.10392
3006.99398,0.10188
3005.06518,0.09995
3003.13638,0.09784
3001.20759,0.09566
2999.27879,0.09366
2997.34999,0.09194
2995.42120,0.09053
2993.49240,0.08913
2991.56360,0.08740
2989.63481,0.08525
2987.70601,0.08290
2985.77721,0.08106
2983.84842,0.07982
2981.91962,0.07850
2979.99082,0.07718
2978.06203,0.07628
2976.13323,0.07537
2974.20443,0.07398
2972.27564,0.07233
2970.34684,0.07077
2968.41804,0.06910
2966.48925,0.06718
2964.56045,0.06563
2962.63165,0.06476
2960.70286,0.06396
2958.77406,0.06285
2956.84526,0.06164
2954.91647,0.06067
2952.98767,0.05974
2951.05887,0.05858
2949.13008,0.05741
2947.20128,0.05636
2945.27248,0.05519
2943.34369,0.05400
2941.41489,0.05311
2939.48609,0.05264
2937.55730,0.05215
2935.62850,0.05107
2933.69970,0.04980
2931.77091,0.04920
2929.84211,0.04885
2927.91331,0.04807
2925.98452,0.04739
2924.05572,0.04701
2922.12692,0.04655
2920.19813,0.04606
2918.26933,0.04551
2916.34053,0.04503
2914.41174,0.04457
2912.48294,0.04351
2910.55414,0.04206
2908.62535,0.04105
2906.69655,0.04049
2904.76775,0.03982
2902.83896,0.03885
2900.91016,0.03782
2898.98136,0.03692
2897.05257,0.03649
2895.12377,0.03655
2893.19497,0.03650
2891.26618,0.03597
2889.33738,0.03517
2887.40858,0.03440
2885.47979,0.03385
2883.55099,0.03364
2881.62219,0.03356
2879.69340,0.03344
2877.76460,0.03332
2875.83580,0.03327
2873.90701,0.03325
2871.97821,0.03302
2870.04941,0.03252
2868.12062,0.03218
2866.19182,0.03188
2864.26302,0.03132
2862.33423,0.03085
2860.40543,0.03074
2858.47663,0.03062
2856.54784,0.03043
2854.61904,0.03032
2852.69024,0.03026
2850.76145,0.03018
2848.83265,0.02988
2846.90385,0.02943
2844.97506,0.02917
2843.04626,0.02900
2841.11746,0.02867
2839.18867,0.02841
2837.25987,0.02852
2835.33107,0.02890
2833.40228,0.02911
2831.47348,0.02898
2829.54468,0.02882
2827.61589,0.02890
2825.68709,0.02899
2823.75829,0.02881
2821.82950,0.02853
2819.90070,0.02847
2817.97190,0.02846
2816.04311,0.02808
2814.11431,0.02741
2812.18551,0.02685
2810.25672,0.02653
2808.32792,0.02639
2806.39912,0.02620
2804.47033,0.02584
2802.54153,0.02550
2800.61273,0.02538
2798.68394,0.02528
2796.75514,0.02478
2794.82634,0.02422
2792.89755,0.02416
2790.96875,0.02420
2789.03995,0.02393
2787.11116,0.02351
2785.18236,0.02303
2783.25356,0.02254
2781.32477,0.02226
2779.39597,0.02227
2777.46717,0.02222
2775.53838,0.02190
2773.60958,0.02158
2771.68078,0.02137
2769.75199,0.02098
2767.82319,0.02038
2765.89439,0.02007
2763.96560,0.02021
2762.03680,0.02016
2760.10800,0.01962
2758.17921,0.01908
2756.25041,0.01886
2754.32161,0.01867
2752.39282,0.01837
2750.46402,0.01821
2748.53522,0.01821
2746.60643,0.01813
2744.67763,0.01796
2742.74883,0.01783
2740.82004,0.01781
2738.89124,0.01783
2736.96244,0.01784
2735.03365,0.01792
2733.10485,0.01795
2731.17605,0.01781
2729.24726,0.01768
2727.31846,0.01776
2725.38967,0.01797
2723.46087,0.01810
2721.53207,0.01795
2719.60328,0.01763
2717.67448,0.01746
2715.74568,0.01741
2713.81689,0.01735
2711.88809,0.01728
2709.95929,0.01725
2708.03050,0.01722
2706.10170,0.01707
2704.17290,0.01676
2702.24411,0.01647
2700.31531,0.01641
2698.38651,0.01657
2696.45772,0.01680
2694.52892,0.01693
2692.60012,0.01686
2690.67133,0.01675
2688.74253,0.01676
2686.81373,0.01682
2684.88494,0.01680
2682.95614,0.01673
2681.02734,0.01680
2679.09855,0.01692
2677.16975,0.01692
2675.24095,0.01680
2673.31216,0.01654
2671.38336,0.01617
2669.45456,0.01585
2667.52577,0.01568
2665.59697,0.01561
2663.66817,0.01565
2661.73938,0.01588
2659.81058,0.01610
2657.88178,0.01608
2655.95299,0.01595
2654.02419,0.01594
2652.09539,0.01596
2650.16660,0.01599
2648.23780,0.01613
2646.30900,0.01627
2644.38021,0.01644
2642.45141,0.01675
2640.52261,0.01713
2638.59382,0.01747
2636.66502,0.01787
2634.73622,0.01847
2632.80743,0.01906
2630.87863,0.01927
2628.94983,0.01919
2627.02104,0.01932
2625.09224,0.01977
2623.16344,0.02025
2621.23465,0.02040
2619.30585,0.02045
2617.37705,0.02072
2615.44826,0.02109
2613.51946,0.02128
2611.59066,0.02119
2609.66187,0.02109
2607.73307,0.02121
2605.80427,0.02133
2603.87548,0.02131
2601.94668,0.02140
2600.01788,0.02166
2598.08909,0.02191
2596.16029,0.02220
2594.23149,0.02256
2592.30270,0.02280
2590.37390,0.02289
2588.44510,0.02301
2586.51631,0.02324
2584.58751,0.02333
2582.65871,0.02315
2580.72992,0.02306
2578.80112,0.02342
2576.87232,0.02423
2574.94353,0.02509
2573.01473,0.02510
2571.08593,0.02421
2569.15714,0.02360
2567.22834,0.02382
2565.29954,0.02414
2563.37075,0.02403
2561.44195,0.02390
2559.51315,0.02414
2557.58436,0.02450
2555.65556,0.02474
2553.72676,0.02482
2551.79797,0.02479
2549.86917,0.02492
2547.94037,0.02526
2546.01158,0.02530
2544.08278,0.02502
2542.15398,0.02500
2540.22519,0.02517
2538.29639,0.02527
2536.36759,0.02532
2534.43880,0.02525
2532.51000,0.02510
2530.58120,0.02512
2528.65241,0.02538
2526.72361,0.02562
2524.79481,0.02570
2522.86602,0.02567
2520.93722,0.02558
2519.00842,0.02557
2517.07963,0.02561
2515.15083,0.02548
2513.22203,0.02525
2511.29324,0.02513
2509.36444,0.02513
2507.43564,0.02509
2505.50685,0.02506
2503.57805,0.02510
2501.64925,0.02519
2499.72046,0.02542
2497.79166,0.02575
2495.86286,0.02572
2493.93407,0.02524
2492.00527,0.02476
2490.07647,0.02468
2488.14768,0.02504
2486.21888,0.02539
2484.29008,0.02549
2482.36129,0.02547
2480.43249,0.02531
2478.50369,0.02505
2476.57490,0.02494
2474.64610,0.02510
2472.71730,0.02531
2470.78851,0.02532
2468.85971,0.02526
2466.93091,0.02522
2465.00212,0.02511
2463.07332,0.02503
2461.14452,0.02503
2459.21573,0.02489
2457.28693,0.02462
2455.35813,0.02450
2453.42934,0.02443
2451.50054,0.02436
2449.57174,0.02464
2447.64295,0.02516
2445.71415,0.02547
2443.78535,0.02572
2441.85656,0.02603
2439.92776,0.02591
2437.99896,0.02555
2436.07017,0.02542
2434.14137,0.02533
2432.21257,0.02508
2430.28378,0.02477
2428.35498,0.02451
2426.42618,0.02420
2424.49739,0.02375
2422.56859,0.02321
2420.63979,0.02276
2418.71100,0.02264
2416.78220,0.02276
2414.85340,0.02273
2412.92461,0.02238
2410.99581,0.02209
2409.06701,0.02225
2407.13822,0.02246
2405.20942,0.02227
2403.28062,0.02185
2401.35183,0.02138
2399.42303,0.02099
2397.49423,0.02100
2395.56544,0.02130
2393.63664,0.02140
2391.70784,0.02120
2389.77905,0.02108
2387.85025,0.02161
2385.92145,0.02318
2383.99266,0.02613
2382.06386,0.03066
2380.13506,0.03652
2378.20627,0.04299
2376.27747,0.04940
2374.34867,0.05573
2372.41988,0.06250
2370.49108,0.06982
2368.56228,0.07716
2366.63349,0.08378
2364.70469,0.08866
2362.77589,0.09161
2360.84710,0.09284
2358.91830,0.09134
2356.98951,0.08631
2355.06071,0.07864
2353.13191,0.06954
2351.20312,0.06089
2349.27432,0.05640
2347.34552,0.05833
2345.41673,0.06454
2343.48793,0.06927
2341.55913,0.07025
2339.63034,0.06942
2337.70154,0.06814
2335.77274,0.06693
2333.84395,0.06636
2331.91515,0.06610
2329.98635,0.06493
2328.05756,0.06284
2326.12876,0.06115
2324.19996,0.06036
2322.27117,0.05937
2320.34237,0.05683
2318.41357,0.05318
2316.48478,0.05015
2314.55598,0.04864
2312.62718,0.04780
2310.69839,0.04643
2308.76959,0.04436
2306.84079,0.04203
2304.91200,0.03974
2302.98320,0.03788
2301.05440,0.03682
2299.12561,0.03618
2297.19681,0.03544
2295.26801,0.03477
2293.33922,0.03441
2291.41042,0.03419
2289.48162,0.03424
2287.55283,0.03486
2285.62403,0.03564
2283.69523,0.03619
2281.76644,0.03707
2279.83764,0.03849
2277.90884,0.03970
2275.98005,0.04081
2274.05125,0.04231
2272.12245,0.04367
2270.19366,0.04474
2268.26486,0.04583
2266.33606,0.04666
2264.40727,0.04723
2262.47847,0.04770
2260.54967,0.04819
2258.62088,0.04902
2256.69208,0.05002
2254.76328,0.05080
2252.83449,0.05132
2250.90569,0.05177
2248.97689,0.05251
2247.04810,0.05379
2245.11930,0.05561
2243.19050,0.05739
2241.26171,0.05848
2239.33291,0.05953
2237.40411,0.06100
2235.47532,0.06213
2233.54652,0.06299
2231.61772,0.06422
2229.68893,0.06524
2227.76013,0.06572
2225.83133,0.06659
2223.90254,0.06791
2221.97374,0.06848
2220.04494,0.06885
2218.11615,0.07028
2216.18735,0.07175
2214.25855,0.07235
2212.32976,0.07290
2210.40096,0.07387
2208.47216,0.07514
2206.54337,0.07680
2204.61457,0.07908
2202.68577,0.08156
2200.75698,0.08297
2198.82818,0.08265
2196.89938,0.08220
2194.97059,0.08414
2193.04179,0.08781
2191.11299,0.09065
2189.18420,0.09306
2187.25540,0.09674
2185.32660,0.09999
2183.39781,0.10071
2181.46901,0.10061
2179.54021,0.10048
2177.61142,0.09947
2175.68262,0.09832
2173.75382,0.09733
2171.82503,0.09807
2169.89623,0.10234
2167.96743,0.10804
2166.03864,0.11346
2164.10984,0.11961
2162.18104,0.12676
2160.25225,0.13193
2158.32345,0.12957
2156.39465,0.12041
2154.46586,0.11047
2152.53706,0.10211
2150.60826,0.09565
2148.67947,0.09089
2146.75067,0.08629
2144.82187,0.08122
2142.89308,0.07660
2140.96428,0.07286
2139.03548,0.06950
2137.10669,0.06560
2135.17789,0.06107
2133.24909,0.05637
2131.32030,0.05237
2129.39150,0.05005
2127.46270,0.04877
2125.53391,0.04704
2123.60511,0.04487
2121.67631,0.04349
2119.74752,0.04305
2117.81872,0.04291
2115.88992,0.04301
2113.96113,0.04317
2112.03233,0.04291
2110.10353,0.04222
2108.17474,0.04187
2106.24594,0.04221
2104.31714,0.04269
2102.38835,0.04319
2100.45955,0.04371
2098.53075,0.04411
2096.60196,0.04420
2094.67316,0.04364
2092.74436,0.04254
2090.81557,0.04169
2088.88677,0.04141
2086.95797,0.04139
2085.02918,0.04125
2083.10038,0.04113
2081.17158,0.04165
2079.24279,0.04246
2077.31399,0.04276
2075.38519,0.04290
2073.45640,0.04349
2071.52760,0.04438
2069.59880,0.04514
2067.67001,0.04609
2065.74121,0.04722
2063.81241,0.04774
2061.88362,0.04772
2059.95482,0.04793
2058.02602,0.04888
2056.09723,0.05026
2054.16843,0.05114
2052.23963,0.05163
2050.31084,0.05386
2048.38204,0.05789
2046.45324,0.06134
2044.52445,0.06477
2042.59565,0.06770
2040.66685,0.06844
2038.73806,0.06882
2036.80926,0.07032
2034.88046,0.07237
2032.95167,0.07468
2031.02287,0.07632
2029.09407,0.07579
2027.16528,0.07311
2025.23648,0.07046
2023.30768,0.06963
2021.37889,0.06986
2019.45009,0.06992
2017.52129,0.06902
2015.59250,0.06679
2013.66370,0.06511
2011.73490,0.06547
2009.80611,0.06627
2007.87731,0.06542
2005.94851,0.06305
2004.01972,0.05968
2002.09092,0.05597
2000.16212,0.05371
1998.23333,0.05263
1996.30453,0.05121
1994.37574,0.04997
1992.44694,0.04955
1990.51814,0.04944
1988.58935,0.04930
1986.66055,0.04911
1984.73175,0.04939
1982.80296,0.05054
1980.87416,0.05260
1978.94536,0.05581
1977.01657,0.05802
1975.08777,0.05702
1973.15897,0.05422
1971.23018,0.05108
1969.30138,0.04863
1967.37258,0.04653
1965.44379,0.04394
1963.51499,0.04189
1961.58619,0.04070
1959.65740,0.03902
1957.72860,0.03632
1955.79980,0.03338
1953.87101,0.03094
1951.94221,0.02961
1950.01341,0.02928
1948.08462,0.02900
1946.15582,0.02883
1944.22702,0.02902
1942.29823,0.02776
1940.36943,0.02457
1938.44063,0.02222
1936.51184,0.02173
1934.58304,0.02132
1932.65424,0.02013
1930.72545,0.01921
1928.79665,0.01897
1926.86785,0.01898
1924.93906,0.01929
1923.01026,0.01941
1921.08146,0.01919
1919.15267,0.01922
1917.22387,0.01841
1915.29507,0.01646
1913.36628,0.01544
1911.43748,0.01597
1909.50868,0.01660
1907.57989,0.01618
1905.65109,0.01514
1903.72229,0.01444
1901.79350,0.01416
1899.86470,0.01408
1897.93590,0.01435
1896.00711,0.01468
1894.07831,0.01448
1892.14951,0.01451
1890.22072,0.01490
1888.29192,0.01419
1886.36312,0.01289
1884.43433,0.01208
1882.50553,0.01139
1880.57673,0.01095
1878.64794,0.01087
1876.71914,0.01091
1874.79034,0.01104
1872.86155,0.01228
1870.93275,0.01561
1869.00395,0.01842
1867.07516,0.01714
1865.14636,0.01405
1863.21756,0.01250
1861.28877,0.01227
1859.35997,0.01220
1857.43117,0.01176
1855.50238,0.01120
1853.57358,0.01098
1851.64478,0.01135
1849.71599,0.01267
1847.78719,0.01502
1845.85839,0.01771
1843.92960,0.01789
1842.00080,0.01471
1840.07200,0.01209
1838.14321,0.01149
1836.21441,0.01148
1834.28561,0.01187
1832.35682,0.01404
1830.42802,0.01674
1828.49922,0.01713
1826.57043,0.01647
1824.64163,0.01552
1822.71283,0.01356
1820.78404,0.01215
1818.85524,0.01215
1816.92644,0.01240
1814.99765,0.01281
1813.06885,0.01424
1811.14005,0.01563
1809.21126,0.01541
1807.28246,0.01438
1805.35366,0.01446
1803.42487,0.01634
1801.49607,0.01842
1799.56727,0.01860
1797.63848,0.01786
1795.70968,0.01879
1793.78088,0.02158
1791.85209,0.02249
1789.92329,0.01930
1787.99449,0.01651
1786.06570,0.01657
1784.13690,0.01770
1782.20810,0.01879
1780.27931,0.01938
1778.35051,0.01938
1776.42171,0.02073
1774.49292,0.02469
1772.56412,0.02850
1770.63532,0.02824
1768.70653,0.02550
1766.77773,0.02290
1764.84893,0.02247
1762.92014,0.02451
1760.99134,0.02592
1759.06254,0.02600
1757.13375,0.02614
1755.20495,0.02632
1753.27615,0.02865
1751.34736,0.03383
1749.41856,0.03688
1747.48976,0.03560
1745.56097,0.03384
1743.63217,0.03366
1741.70337,0.03455
1739.77458,0.03515
1737.84578,0.03608
1735.91698,0.04005
1733.98819,0.04486
1732.05939,0.04402
1730.13059,0.04072
1728.20180,0.03865
1726.27300,0.03877
1724.34420,0.04119
1722.41541,0.04488
1720.48661,0.05141
1718.55781,0.06149
1716.62902,0.06817
1714.70022,0.06735
1712.77142,0.06555
1710.84263,0.06724
1708.91383,0.07318
1706.98503,0.08256
1705.05624,0.09229
1703.12744,0.10183
1701.19864,0.11587
1699.26985,0.13132
1697.34105,0.14245
1695.41225,0.15279
1693.48346,0.16301
1691.55466,0.17646
1689.62586,0.19595
1687.69707,0.21796
1685.76827,0.24469
1683.83947,0.27625
1681.91068,0.29690
1679.98188,0.31129
1678.05308,0.32937
1676.12429,0.35272
1674.19549,0.37695
1672.26669,0.39757
1670.33790,0.41788
1668.40910,0.43484
1666.48030,0.44536
1664.55151,0.45659
1662.62271,0.46903
1660.69391,0.47700
1658.76512,0.48269
1656.83632,0.49147
1654.90752,0.50566
1652.97873,0.51779
1651.04993,0.51859
1649.12113,0.52211
1647.19234,0.53188
1645.26354,0.53943
1643.33474,0.54548
1641.40595,0.55742
1639.47715,0.57650
1637.54835,0.60264
1635.61956,0.63297
1633.69076,0.65508
1631.76197,0.67157
1629.83317,0.69185
1627.90437,0.71435
1625.97558,0.73328
1624.04678,0.74704
1622.11798,0.75360
1620.18919,0.75466
1618.26039,0.75437
1616.33159,0.74890
1614.40280,0.73823
1612.47400,0.73001
1610.54520,0.72599
1608.61641,0.72511
1606.68761,0.72659
1604.75881,0.73097
1602.83002,0.73801
1600.90122,0.74618
1598.97242,0.75431
1597.04363,0.76145
1595.11483,0.76612
1593.18603,0.76644
1591.25724,0.76210
1589.32844,0.75281
1587.39964,0.73849
1585.47085,0.71987
1583.54205,0.69748
1581.61325,0.67289
1579.68446,0.64948
1577.75566,0.62490
1575.82686,0.59051
1573.89807,0.55633
1571.96927,0.53072
1570.04047,0.50378
1568.11168,0.47341
1566.18288,0.44659
1564.25408,0.42470
1562.32529,0.41069
1560.39649,0.40186
1558.46769,0.38033
1556.53890,0.35144
1554.61010,0.32978
1552.68130,0.31277
1550.75251,0.29860
1548.82371,0.28584
1546.89491,0.27688
1544.96612,0.27301
1543.03732,0.27141
1541.10852,0.26670
1539.17973,0.25140
1537.25093,0.23606
1535.32213,0.22884
1533.39334,0.22339
1531.46454,0.21542
1529.53574,0.21002
1527.60695,0.20841
1525.67815,0.20739
1523.74935,0.20686
1521.82056,0.20564
1519.89176,0.20115
1517.96296,0.19602
1516.03417,0.19021
1514.10537,0.18424
1512.17657,0.18258
1510.24778,0.18727
1508.31898,0.19513
1506.39018,0.19303
1504.46139,0.18106
1502.53259,0.17532
1500.60379,0.17714
1498.67500,0.18265
1496.74620,0.18697
1494.81740,0.18916
1492.88861,0.19484
1490.95981,0.20702
1489.03101,0.21994
1487.10222,0.22767
1485.17342,0.23489
1483.24462,0.24632
1481.31583,0.26186
1479.38703,0.27956
1477.45823,0.29978
1475.52944,0.32303
1473.60064,0.34669
1471.67184,0.36483
1469.74305,0.37578
1467.81425,0.38700
1465.88545,0.40144
1463.95666,0.41311
1462.02786,0.42004
1460.09906,0.42776
1458.17027,0.43485
1456.24147,0.42869
1454.31267,0.41255
1452.38388,0.39730
1450.45508,0.38301
1448.52628,0.36684
1446.59749,0.34704
1444.66869,0.32660
1442.73989,0.30769
1440.81110,0.29147
1438.88230,0.27876
1436.95350,0.26457
1435.02471,0.24663
1433.09591,0.23149
1431.16711,0.21975
1429.23832,0.20813
1427.30952,0.19761
1425.38072,0.18983
1423.45193,0.18359
1421.52313,0.17925
1419.59433,0.17600
1417.66554,0.16890
1415.73674,0.15933
1413.80794,0.15211
1411.87915,0.14738
1409.95035,0.14346
1408.02155,0.14049
1406.09276,0.13850
1404.16396,0.13563
1402.23516,0.13276
1400.30637,0.13220
1398.37757,0.13252
1396.44877,0.13137
1394.51998,0.12773
1392.59118,0.12263
1390.66238,0.11978
1388.73359,0.11974
1386.80479,0.11876
1384.87599,0.11543
1382.94720,0.11266
1381.01840,0.11162
1379.08960,0.11145
1377.16081,0.11210
1375.23201,0.11301
1373.30321,0.11182
1371.37442,0.10904
1369.44562,0.10715
1367.51682,0.10625
1365.58803,0.10673
1363.65923,0.10848
1361.73043,0.10807
1359.80164,0.10495
1357.87284,0.10248
1355.94404,0.10152
1354.01525,0.10084
1352.08645,0.10012
1350.15765,0.09966
1348.22886,0.09928
1346.30006,0.09892
1344.37126,0.09917
1342.44247,0.10110
1340.51367,0.10404
1338.58487,0.10485
1336.65608,0.10277
1334.72728,0.10054
1332.79848,0.09957
1330.86969,0.09932
1328.94089,0.09906
1327.01209,0.09860
1325.08330,0.09809
1323.15450,0.09781
1321.22570,0.09803
1319.29691,0.09830
1317.36811,0.09790
1315.43931,0.09714
1313.51052,0.09648
1311.58172,0.09564
1309.65292,0.09480
1307.72413,0.09425
1305.79533,0.09383
1303.86653,0.09351
1301.93774,0.09336
1300.00894,0.09337
1298.08014,0.09348
1296.15135,0.09355
1294.22255,0.09353
1292.29375,0.09363
1290.36496,0.09392
1288.43616,0.09414
1286.50736,0.09403
1284.57857,0.09378
1282.64977,0.09369
1280.72097,0.09367
1278.79218,0.09355
1276.86338,0.09342
1274.93458,0.09346
1273.00579,0.09367
1271.07699,0.09375
1269.14820,0.09350
1267.21940,0.09309
1265.29060,0.09277
1263.36181,0.09267
1261.43301,0.09274
1259.50421,0.09274
1257.57542,0.09265
1255.64662,0.09268
1253.71782,0.09288
1251.78903,0.09317
1249.86023,0.09348
1247.93143,0.09377
1246.00264,0.09406
1244.07384,0.09435
1242.14504,0.09455
1240.21625,0.09469
1238.28745,0.09485
1236.35865,0.09505
1234.42986,0.09527
1232.50106,0.09548
1230.57226,0.09570
1228.64347,0.09597
1226.71467,0.09627
1224.78587,0.09656
1222.85708,0.09683
1220.92828,0.09714
1218.99948,0.09752
1217.07069,0.09791
1215.14189,0.09840
1213.21309,0.09905
1211.28430,0.09981
1209.35550,0.10061
1207.42670,0.10152
1205.49791,0.10258
1203.56911,0.10383
1201.64031,0.10528
1199.71152,0.10692
1197.78272,0.10875
1195.85392,0.11076
1193.92513,0.11301
1191.99633,0.11556
1190.06753,0.11844
1188.13874,0.12170
1186.20994,0.12532
1184.28114,0.12933
1182.35235,0.13382
1180.42355,0.13887
1178.49475,0.14447
1176.56596,0.15059
1174.63716,0.15714
1172.70836,0.16395
1170.77957,0.17091
1168.85077,0.17792
1166.92197,0.18479
1164.99318,0.19121
1163.06438,0.19682
1161.13558,0.20128
1159.20679,0.20432
1157.27799,0.20572
1155.34919,0.20536
1153.42040,0.20328
1151.49160,0.19962
1149.56280,0.19462
1147.63401,0.18860
1145.70521,0.18192
1143.77641,0.17493
1141.84762,0.16796
1139.91882,0.16125
1137.99002,0.15492
1136.06123,0.14902
1134.13243,0.14363
1132.20363,0.13876
1130.27484,0.13441
1128.34604,0.13051
1126.41724,0.12706
1124.48845,0.12402
1122.55965,0.12134
1120.63085,0.11893
1118.70206,0.11678
1116.77326,0.11490
1114.84446,0.11327
1112.91567,0.11189
1110.98687,0.11072
1109.05807,0.10975
1107.12928,0.10897
1105.20048,0.10833
1103.27168,0.10781
1101.34289,0.10741
1099.41409,0.10712
1097.48529,0.10694
1095.55650,0.10687
1093.62770,0.10690
1091.69890,0.10699
1089.77011,0.10716
1087.84131,0.10742
1085.91251,0.10778
1083.98372,0.10824
1082.05492,0.10874
1080.12612,0.10927
1078.19733,0.10984
1076.26853,0.11044
1074.33973,0.11101
1072.41094,0.11155
1070.48214,0.11203
1068.55334,0.11245
1066.62455,0.11281
1064.69575,0.11307
1062.76695,0.11315
1060.83816,0.11311
1058.90936,0.11299
1056.98056,0.11280
1055.05177,0.11251
1053.12297,0.11210
1051.19417,0.11158
1049.26538,0.11099
1047.33658,0.11035
1045.40778,0.10969
1043.47899,0.10897
1041.55019,0.10819
1039.62139,0.10739
1037.69260,0.10663
1035.76380,0.10594
1033.83500,0.10527
1031.90621,0.10457
1029.97741,0.10387
1028.04861,0.10320
1026.11982,0.10259
1024.19102,0.10206
1022.26222,0.10164
1020.33343,0.10136
1018.40463,0.10125
1016.47583,0.10133
1014.54704,0.10153
1012.61824,0.10180
1010.68944,0.10205
1008.76065,0.10215
1006.83185,0.10203
1004.90305,0.10175
1002.97426,0.10140
1001.04546,0.10105
999.11666,0.10078
997.18787,0.10063
995.25907,0.10060
993.33027,0.10063
991.40148,0.10062
989.47268,0.10055
987.54388,0.10045
985.61509,0.10038
983.68629,0.10032
981.75749,0.10021
979.82870,0.10006
977.89990,0.09989
975.97110,0.09976
974.04231,0.09972
972.11351,0.09975
970.18471,0.09980
968.25592,0.09984
966.32712,0.09989
964.39832,0.10005
962.46953,0.10029
960.54073,0.10054
958.61193,0.10082
956.68314,0.10114
954.75434,0.10153
952.82554,0.10196
950.89675,0.10241
948.96795,0.10283
947.03915,0.10322
945.11036,0.10361
943.18156,0.10402
941.25276,0.10443
939.32397,0.10482
937.39517,0.10521
935.46637,0.10560
933.53758,0.10599
931.60878,0.10639
929.67998,0.10681
927.75119,0.10726
925.82239,0.10774
923.89359,0.10829
921.96480,0.10886
920.03600,0.10946
918.10720,0.11015
916.17841,0.11091
914.24961,0.11171
912.32081,0.11252
910.39202,0.11338
908.46322,0.11431
906.53443,0.11531
904.60563,0.11634
902.67683,0.11739
900.74804,0.11849
898.81924,0.11963
896.89044,0.12071
894.96165,0.12170
893.03285,0.12264
891.10405,0.12357
889.17526,0.12451
887.24646,0.12554
885.31766,0.12667
883.38887,0.12786
881.46007,0.12909
879.53127,0.13035
877.60248,0.13161
875.67368,0.13295
873.74488,0.13439
871.81609,0.13589
869.88729,0.13741
867.95849,0.13904
866.02970,0.14079
864.10090,0.14260
862.17210,0.14443
860.24331,0.14635
858.31451,0.14836
856.38571,0.15041
854.45692,0.15244
852.52812,0.15443
850.59932,0.15641
848.67053,0.15847
846.74173,0.16055
844.81293,0.16260
842.88414,0.16469
840.95534,0.16684
839.02654,0.16905
837.09775,0.17127
835.16895,0.17349
833.24015,0.17566
831.31136,0.17784
829.38256,0.18008
827.45376,0.18241
825.52497,0.18477
823.59617,0.18711
821.66737,0.18958
819.73858,0.19225
817.80978,0.19500
815.88098,0.19783
813.95219,0.20072
812.02339,0.20364
810.09459,0.20661
808.16580,0.20958
806.23700,0.21255
804.30820,0.21565
802.37941,0.21890
800.45061,0.22238
798.52181,0.22625
796.59302,0.23041
794.66422,0.23461
792.73542,0.23883
790.80663,0.24315
788.87783,0.24738
786.94903,0.25115
785.02024,0.25418
783.09144,0.25632
781.16264,0.25764
779.23385,0.25858
777.30505,0.25945
775.37625,0.26015
773.44746,0.26086
771.51866,0.26212
769.58986,0.26395
767.66107,0.26589
765.73227,0.26787
763.80347,0.27012
761.87468,0.27253
759.94588,0.27476
758.01708,0.27689
756.08829,0.27924
754.15949,0.28202
752.23069,0.28513
750.30190,0.28812
748.37310,0.29083
