3496.90832,0.23140
3494.97953,0.22987
3493.05073,0.22964
3491.12193,0.23784
3489.19314,0.24932
3487.26434,0.25320
3485.33554,0.25443
3483.40675,0.25962
3481.47795,0.26371
3479.54915,0.26570
3477.62036,0.27015
3475.69156,0.27529
3473.76276,0.27664
3471.83397,0.27718
3469.90517,0.28285
3467.97637,0.29156
3466.04758,0.29783
3464.11878,0.30054
3462.18998,0.30058
3460.26119,0.29922
3458.33239,0.29713
3456.40359,0.29478
3454.47480,0.29343
3452.54600,0.29293
3450.61721,0.29620
3448.68841,0.30435
3446.75961,0.30926
3444.83082,0.30787
3442.90202,0.30522
3440.97322,0.30413
3439.04443,0.30330
3437.11563,0.30068
3435.18683,0.30096
3433.25804,0.30831
3431.32924,0.31720
3429.40044,0.32226
3427.47165,0.32256
3425.54285,0.32048
3423.61405,0.32294
3421.68526,0.33004
3419.75646,0.33563
3417.82766,0.33898
3415.89887,0.33995
3413.97007,0.33738
3412.04127,0.33460
3410.11248,0.33312
3408.18368,0.33461
3406.25488,0.34271
3404.32609,0.35069
3402.39729,0.35117
3400.46849,0.34982
3398.53970,0.35382
3396.61090,0.36086
3394.68210,0.36333
3392.75331,0.36169
3390.82451,0.36463
3388.89571,0.37476
3386.96692,0.38501
3385.03812,0.38978
3383.10932,0.39108
3381.18053,0.39304
3379.25173,0.39736
3377.32293,0.40357
3375.39414,0.41001
3373.46534,0.41240
3371.53654,0.40820
3369.60775,0.40285
3367.67895,0.40163
3365.75015,0.40587
3363.82136,0.41334
3361.89256,0.41914
3359.96376,0.42102
3358.03497,0.41969
3356.10617,0.42049
3354.17737,0.42719
3352.24858,0.43145
3350.31978,0.42776
3348.39098,0.42540
3346.46219,0.42781
3344.53339,0.42884
3342.60459,0.42747
3340.67580,0.42486
3338.74700,0.42271
3336.81820,0.42023
3334.88941,0.41332
3332.96061,0.40609
3331.03181,0.40362
3329.10302,0.40267
3327.17422,0.40190
3325.24542,0.40523
3323.31663,0.41317
3321.38783,0.42250
3319.45903,0.42678
3317.53024,0.42076
3315.60144,0.41170
3313.67264,0.40781
3311.74385,0.40640
3309.81505,0.40384
3307.88625,0.40223
3305.95746,0.40605
3304.02866,0.41280
3302.09986,0.41285
3300.17107,0.40535
3298.24227,0.39846
3296.31347,0.39604
3294.38468,0.39739
3292.45588,0.39998
3290.52708,0.40103
3288.59829,0.40202
3286.66949,0.40444
3284.74069,0.40545
3282.81190,0.40584
3280.88310,0.40889
3278.95430,0.41330
3277.02551,0.41793
3275.09671,0.42058
3273.16791,0.41775
3271.23912,0.41336
3269.31032,0.41165
3267.38152,0.41010
3265.45273,0.40907
3263.52393,0.41095
3261.59513,0.41162
3259.66634,0.41026
3257.73754,0.41044
3255.80874,0.41020
3253.87995,0.41002
3251.95115,0.41296
3250.02235,0.41671
3248.09356,0.41905
3246.16476,0.42034
3244.23596,0.42285
3242.30717,0.42737
3240.37837,0.42970
3238.44957,0.42863
3236.52078,0.42888
3234.59198,0.43150
3232.66318,0.43393
3230.73439,0.43739
3228.80559,0.43861
3226.87679,0.43304
3224.94800,0.42836
3223.01920,0.43005
3221.09040,0.43423
3219.16161,0.43643
3217.23281,0.43485
3215.30401,0.43306
3213.37522,0.43374
3211.44642,0.43634
3209.51762,0.43995
3207.58883,0.44175
3205.66003,0.44173
3203.73123,0.44126
3201.80244,0.43836
3199.87364,0.43319
3197.94484,0.42916
3196.01605,0.42561
3194.08725,0.42159
3192.15845,0.42135
3190.22966,0.42311
3188.30086,0.41987
3186.37206,0.41436
3184.44327,0.41127
3182.51447,0.40927
3180.58567,0.40817
3178.65688,0.40807
3176.72808,0.40694
3174.79928,0.40348
3172.87049,0.39891
3170.94169,0.39478
3169.01289,0.38914
3167.08410,0.38182
3165.15530,0.37610
3163.22650,0.37350
3161.29771,0.37158
3159.36891,0.36640
3157.44011,0.35959
3155.51132,0.35584
3153.58252,0.35447
3151.65372,0.35240
3149.72493,0.34921
3147.79613,0.34550
3145.86733,0.34127
3143.93854,0.33731
3142.00974,0.33450
3140.08094,0.33151
3138.15215,0.32694
3136.22335,0.32157
3134.29455,0.31704
3132.36576,0.31416
3130.43696,0.31222
3128.50816,0.30955
3126.57937,0.30599
3124.65057,0.30244
3122.72177,0.29837
3120.79298,0.29372
3118.86418,0.28934
3116.93538,0.28438
3115.00659,0.27821
3113.07779,0.27282
3111.14899,0.26933
3109.22020,0.26625
3107.29140,0.26284
3105.36260,0.25928
3103.43381,0.25556
3101.50501,0.25144
3099.57621,0.24714
3097.64742,0.24407
3095.71862,0.24135
3093.78982,0.23670
3091.86103,0.23171
3089.93223,0.22809
3088.00344,0.22433
3086.07464,0.22003
3084.14584,0.21657
3082.21705,0.21407
3080.28825,0.21102
3078.35945,0.20672
3076.43066,0.20240
3074.50186,0.19923
3072.57306,0.19694
3070.64427,0.19416
3068.71547,0.19043
3066.78667,0.18708
3064.85788,0.18444
3062.92908,0.18126
3061.00028,0.17807
3059.07149,0.17606
3057.14269,0.17377
3055.21389,0.16946
3053.28510,0.16456
3051.35630,0.16142
3049.42750,0.15943
3047.49871,0.15661
3045.56991,0.15318
3043.64111,0.14992
3041.71232,0.14675
3039.78352,0.14419
3037.85472,0.14220
3035.92593,0.13984
3033.99713,0.13715
3032.06833,0.13454
3030.13954,0.13192
3028.21074,0.12943
3026.28194,0.12727
3024.35315,0.12546
3022.42435,0.12375
3020.49555,0.12152
3018.56676,0.11891
3016.63796,0.11656
3014.70916,0.11448
3012.78037,0.11266
3010.85157,0.11106
3008.92277,0.10918
3006.99398,0.10675
3005.06518,0.10407
3003.13638,0.10167
3001.20759,0.09967
2999.27879,0.09790
2997.34999,0.09637
2995.42120,0.09486
2993.49240,0.09297
2991.56360,0.09085
2989.63481,0.08911
2987.70601,0.08782
2985.77721,0.08656
2983.84842,0.08523
2981.91962,0.08384
2979.99082,0.08223
2978.06203,0.08062
2976.13323,0.07926
2974.20443,0.07808
2972.27564,0.07682
2970.34684,0.07512
2968.41804,0.07313
2966.48925,0.07157
2964.56045,0.07041
2962.63165,0.06916
2960.70286,0.06782
2958.77406,0.06653
2956.84526,0.06538
2954.91647,0.06449
2952.98767,0.06375
2951.05887,0.06275
2949.13008,0.06138
2947.20128,0.06004
2945.27248,0.05898
2943.34369,0.05812
2941.41489,0.05749
2939.48609,0.05705
2937.55730,0.05634
2935.62850,0.05521
2933.69970,0.05438
2931.77091,0.05413
2929.84211,0.05372
2927.91331,0.05256
2925.98452,0.05108
2924.05572,0.05001
2922.12692,0.04962
2920.19813,0.04943
2918.26933,0.04903
2916.34053,0.04862
2914.41174,0.04789
2912.48294,0.04643
2910.55414,0.04494
2908.62535,0.04416
2906.69655,0.04370
2904.76775,0.04307
2902.83896,0.04236
2900.91016,0.04160
2898.98136,0.04082
2897.05257,0.04025
2895.12377,0.03990
2893.19497,0.03958
2891.26618,0.03921
2889.33738,0.03875
2887.40858,0.03827
2885.47979,0.03789
2883.55099,0.03762
2881.62219,0.03734
2879.69340,0.03703
2877.76460,0.03678
2875.83580,0.03654
2873.90701,0.03618
2871.97821,0.03582
2870.04941,0.03557
2868.12062,0.03529
2866.19182,0.03478
2864.26302,0.03406
2862.33423,0.03348
2860.40543,0.03329
2858.47663,0.03326
2856.54784,0.03318
2854.61904,0.03304
2852.69024,0.03270
2850.76145,0.03223
2848.83265,0.03182
2846.90385,0.03146
2844.97506,0.03128
2843.04626,0.03125
2841.11746,0.03119
2839.18867,0.03116
2837.25987,0.03110
2835.33107,0.03104
2833.40228,0.03102
2831.47348,0.03090
2829.54468,0.03077
2827.61589,0.03073
2825.68709,0.03070
2823.75829,0.03062
2821.82950,0.03047
2819.90070,0.03038
2817.97190,0.03028
2816.04311,0.02980
2814.11431,0.02892
2812.18551,0.02812
2810.25672,0.02760
2808.32792,0.02719
2806.39912,0.02689
2804.47033,0.02682
2802.54153,0.02677
2800.61273,0.02653
2798.68394,0.02614
2796.75514,0.02558
2794.82634,0.02518
2792.89755,0.02521
2790.96875,0.02530
2789.03995,0.02510
2787.11116,0.02474
2785.18236,0.02454
2783.25356,0.02454
2781.32477,0.02443
2779.39597,0.02421
2777.46717,0.02409
2775.53838,0.02396
2773.60958,0.02363
2771.68078,0.02315
2769.75199,0.02254
2767.82319,0.02185
2765.89439,0.02147
2763.96560,0.02156
2762.03680,0.02162
2760.10800,0.02129
2758.17921,0.02094
2756.25041,0.02084
2754.32161,0.02071
2752.39282,0.02045
2750.46402,0.02031
2748.53522,0.02036
2746.60643,0.02053
2744.67763,0.02057
2742.74883,0.02034
2740.82004,0.02019
2738.89124,0.02024
2736.96244,0.02023
2735.03365,0.02011
2733.10485,0.01999
2731.17605,0.01992
2729.24726,0.01993
2727.31846,0.01990
2725.38967,0.01988
2723.46087,0.01997
2721.53207,0.01992
2719.60328,0.01957
2717.67448,0.01920
2715.74568,0.01902
2713.81689,0.01899
2711.88809,0.01897
2709.95929,0.01887
2708.03050,0.01875
2706.10170,0.01873
2704.17290,0.01873
2702.24411,0.01864
2700.31531,0.01852
2698.38651,0.01849
2696.45772,0.01872
2694.52892,0.01915
2692.60012,0.01938
2690.67133,0.01925
2688.74253,0.01898
2686.81373,0.01886
2684.88494,0.01895
2682.95614,0.01900
2681.02734,0.01884
2679.09855,0.01854
2677.16975,0.01827
2675.24095,0.01809
2673.31216,0.01790
2671.38336,0.01767
2669.45456,0.01751
2667.52577,0.01749
2665.59697,0.01750
2663.66817,0.01749
2661.73938,0.01755
2659.81058,0.01761
2657.88178,0.01760
2655.95299,0.01774
2654.02419,0.01802
2652.09539,0.01816
2650.16660,0.01822
2648.23780,0.01851
2646.30900,0.01884
2644.38021,0.01896
2642.45141,0.01908
2640.52261,0.01933
2638.59382,0.01958
2636.66502,0.01989
2634.73622,0.02046
2632.80743,0.02101
2630.87863,0.02127
2628.94983,0.02148
2627.02104,0.02159
2625.09224,0.02138
2623.16344,0.02115
2621.23465,0.02125
2619.30585,0.02162
2617.37705,0.02195
2615.44826,0.02210
2613.51946,0.02216
2611.59066,0.02221
2609.66187,0.02246
2607.73307,0.02290
2605.80427,0.02311
2603.87548,0.02312
2601.94668,0.02342
2600.01788,0.02390
2598.08909,0.02410
2596.16029,0.02416
2594.23149,0.02437
2592.30270,0.02464
2590.37390,0.02496
2588.44510,0.02523
2586.51631,0.02532
2584.58751,0.02542
2582.65871,0.02551
2580.72992,0.02543
2578.80112,0.02530
2576.87232,0.02533
2574.94353,0.02559
2573.01473,0.02570
2571.08593,0.02527
2569.15714,0.02482
2567.22834,0.02491
2565.29954,0.02522
2563.37075,0.02524
2561.44195,0.02501
2559.51315,0.02499
2557.58436,0.02556
2555.65556,0.02633
2553.72676,0.02664
2551.79797,0.02643
2549.86917,0.02624
2547.94037,0.02648
2546.01158,0.02682
2544.08278,0.02692
2542.15398,0.02714
2540.22519,0.02744
2538.29639,0.02758
2536.36759,0.02765
2534.43880,0.02761
2532.51000,0.02735
2530.58120,0.02714
2528.65241,0.02713
2526.72361,0.02714
2524.79481,0.02709
2522.86602,0.02690
2520.93722,0.02646
2519.00842,0.02599
2517.07963,0.02588
2515.15083,0.02614
2513.22203,0.02656
2511.29324,0.02691
2509.36444,0.02698
2507.43564,0.02694
2505.50685,0.02713
2503.57805,0.02752
2501.64925,0.02791
2499.72046,0.02815
2497.79166,0.02809
2495.86286,0.02774
2493.93407,0.02715
2492.00527,0.02653
2490.07647,0.02637
2488.14768,0.02678
2486.21888,0.02727
2484.29008,0.02744
2482.36129,0.02715
2480.43249,0.02681
2478.50369,0.02681
2476.57490,0.02687
2474.64610,0.02680
2472.71730,0.02671
2470.78851,0.02661
2468.85971,0.02668
2466.93091,0.02697
2465.00212,0.02710
2463.07332,0.02695
2461.14452,0.02681
2459.21573,0.02680
2457.28693,0.02678
2455.35813,0.02683
2453.42934,0.02709
2451.50054,0.02743
2449.57174,0.02772
2447.64295,0.02788
2445.71415,0.02780
2443.78535,0.02778
2441.85656,0.02797
2439.92776,0.02780
2437.99896,0.02732
2436.07017,0.02708
2434.14137,0.02700
2432.21257,0.02689
2430.28378,0.02686
2428.35498,0.02671
2426.42618,0.02625
2424.49739,0.02579
2422.56859,0.02539
2420.63979,0.02484
2418.71100,0.02431
2416.78220,0.02422
2414.85340,0.02463
2412.92461,0.02512
2410.99581,0.02531
2409.06701,0.02526
2407.13822,0.02526
2405.20942,0.02532
2403.28062,0.02514
2401.35183,0.02475
2399.42303,0.02434
2397.49423,0.02399
2395.56544,0.02378
2393.63664,0.02373
2391.70784,0.02363
2389.77905,0.02377
2387.85025,0.02477
2385.92145,0.02703
2383.99266,0.03094
2382.06386,0.03681
2380.13506,0.04407
2378.20627,0.05177
2376.27747,0.05960
2374.34867,0.06781
2372.41988,0.07650
2370.49108,0.08539
2368.56228,0.09407
2366.63349,0.10200
2364.70469,0.10809
2362.77589,0.11175
2360.84710,0.11352
2358.91830,0.11284
2356.98951,0.10832
2355.06071,0.09984
2353.13191,0.08867
2351.20312,0.07786
2349.27432,0.07216
2347.34552,0.07427
2345.41673,0.08159
2343.48793,0.08708
2341.55913,0.08791
2339.63034,0.08641
2337.70154,0.08427
2335.77274,0.08253
2333.84395,0.08199
2331.91515,0.08203
2329.98635,0.08078
2328.05756,0.07825
2326.12876,0.07633
2324.19996,0.07570
2322.27117,0.07464
2320.34237,0.07124
2318.41357,0.06640
2316.48478,0.06237
2314.55598,0.06016
2312.62718,0.05878
2310.69839,0.05679
2308.76959,0.05397
2306.84079,0.05086
2304.91200,0.04786
2302.98320,0.04542
2301.05440,0.04374
2299.12561,0.04248
2297.19681,0.04127
2295.26801,0.04011
2293.33922,0.03895
2291.41042,0.03773
2289.48162,0.03694
2287.55283,0.03711
2285.62403,0.03787
2283.69523,0.03858
2281.76644,0.03934
2279.83764,0.04031
2277.90884,0.04132
2275.98005,0.04238
2274.05125,0.04356
2272.12245,0.04468
2270.19366,0.04575
2268.26486,0.04691
2266.33606,0.04777
2264.40727,0.04800
2262.47847,0.04832
2260.54967,0.04928
2258.62088,0.05020
2256.69208,0.05046
2254.76328,0.05045
2252.83449,0.05086
2250.90569,0.05167
2248.97689,0.05269
2247.04810,0.05414
2245.11930,0.05569
2243.19050,0.05659
2241.26171,0.05697
2239.33291,0.05745
2237.40411,0.05813
2235.47532,0.05858
2233.54652,0.05869
2231.61772,0.05926
2229.68893,0.06059
2227.76013,0.06200
2225.83133,0.06337
2223.90254,0.06508
2221.97374,0.06669
2220.04494,0.06790
2218.11615,0.06908
2216.18735,0.07026
2214.25855,0.07140
2212.32976,0.07230
2210.40096,0.07231
2208.47216,0.07159
2206.54337,0.07165
2204.61457,0.07365
2202.68577,0.07678
2200.75698,0.07891
2198.82818,0.07901
2196.89938,0.07825
2194.97059,0.07834
2193.04179,0.07987
2191.11299,0.08254
2189.18420,0.08565
2187.25540,0.08861
2185.32660,0.09111
2183.39781,0.09251
2181.46901,0.09270
2179.54021,0.09252
2177.61142,0.09300
2175.68262,0.09433
2173.75382,0.09471
2171.82503,0.09430
2169.89623,0.09552
2167.96743,0.09836
2166.03864,0.10331
2164.10984,0.11100
2162.18104,0.11777
2160.25225,0.12017
2158.32345,0.11767
2156.39465,0.11161
2154.46586,0.10484
2152.53706,0.09863
2150.60826,0.09251
2148.67947,0.08690
2146.75067,0.08217
2144.82187,0.07734
2142.89308,0.07261
2140.96428,0.06922
2139.03548,0.06705
2137.10669,0.06451
2135.17789,0.06096
2133.24909,0.05718
2131.32030,0.05378
2129.39150,0.05118
2127.46270,0.04963
2125.53391,0.04851
2123.60511,0.04740
2121.67631,0.04663
2119.74752,0.04613
2117.81872,0.04573
2115.88992,0.04559
2113.96113,0.04569
2112.03233,0.04581
2110.10353,0.04560
2108.17474,0.04531
2106.24594,0.04520
2104.31714,0.04501
2102.38835,0.04483
2100.45955,0.04498
2098.53075,0.04540
2096.60196,0.04538
2094.67316,0.04444
2092.74436,0.04333
2090.81557,0.04287
2088.88677,0.04264
2086.95797,0.04209
2085.02918,0.04170
2083.10038,0.04199
2081.17158,0.04287
2079.24279,0.04358
2077.31399,0.04400
2075.38519,0.04490
2073.45640,0.04604
2071.52760,0.04692
2069.59880,0.04810
2067.67001,0.04987
2065.74121,0.05120
2063.81241,0.05133
2061.88362,0.05088
2059.95482,0.05064
2058.02602,0.05079
2056.09723,0.05114
2054.16843,0.05146
2052.23963,0.05189
2050.31084,0.05379
2048.38204,0.05740
2046.45324,0.06037
2044.52445,0.06208
2042.59565,0.06347
2040.66685,0.06549
2038.73806,0.06863
2036.80926,0.07050
2034.88046,0.07005
2032.95167,0.07056
2031.02287,0.07251
2029.09407,0.07355
2027.16528,0.07347
2025.23648,0.07228
2023.30768,0.07026
2021.37889,0.06887
2019.45009,0.06860
2017.52129,0.06795
2015.59250,0.06589
2013.66370,0.06349
2011.73490,0.06221
2009.80611,0.06221
2007.87731,0.06181
2005.94851,0.06025
2004.01972,0.05829
2002.09092,0.05607
2000.16212,0.05423
1998.23333,0.05286
1996.30453,0.05163
1994.37574,0.05185
1992.44694,0.05354
1990.51814,0.05385
1988.58935,0.05156
1986.66055,0.04900
1984.73175,0.04905
1982.80296,0.05127
1980.87416,0.05336
1978.94536,0.05543
1977.01657,0.05665
1975.08777,0.05554
1973.15897,0.05343
1971.23018,0.05104
1969.30138,0.04919
1967.37258,0.04756
1965.44379,0.04486
1963.51499,0.04232
1961.58619,0.04075
1959.65740,0.03878
1957.72860,0.03644
1955.79980,0.03484
1953.87101,0.03339
1951.94221,0.03178
1950.01341,0.03080
1948.08462,0.03027
1946.15582,0.03038
1944.22702,0.03136
1942.29823,0.03063
1940.36943,0.02746
1938.44063,0.02535
1936.51184,0.02527
1934.58304,0.02523
1932.65424,0.02442
1930.72545,0.02360
1928.79665,0.02334
1926.86785,0.02384
1924.93906,0.02509
1923.01026,0.02567
1921.08146,0.02537
1919.15267,0.02529
1917.22387,0.02402
1915.29507,0.02134
1913.36628,0.01999
1911.43748,0.02062
1909.50868,0.02130
1907.57989,0.02059
1905.65109,0.01920
1903.72229,0.01836
1901.79350,0.01803
1899.86470,0.01784
1897.93590,0.01814
1896.00711,0.01876
1894.07831,0.01877
1892.14951,0.01914
1890.22072,0.02014
1888.29192,0.01952
1886.36312,0.01787
1884.43433,0.01699
1882.50553,0.01665
1880.57673,0.01655
1878.64794,0.01653
1876.71914,0.01645
1874.79034,0.01661
1872.86155,0.01849
1870.93275,0.02324
1869.00395,0.02697
1867.07516,0.02470
1865.14636,0.01981
1863.21756,0.01715
1861.28877,0.01662
1859.35997,0.01648
1857.43117,0.01585
1855.50238,0.01507
1853.57358,0.01483
1851.64478,0.01545
1849.71599,0.01740
1847.78719,0.02081
1845.85839,0.02485
1843.92960,0.02555
1842.00080,0.02137
1840.07200,0.01776
1838.14321,0.01705
1836.21441,0.01722
1834.28561,0.01789
1832.35682,0.02115
1830.42802,0.02529
1828.49922,0.02597
1826.57043,0.02483
1824.64163,0.02319
1822.71283,0.02015
1820.78404,0.01793
1818.85524,0.01769
1816.92644,0.01776
1814.99765,0.01807
1813.06885,0.01986
1811.14005,0.02160
1809.21126,0.02102
1807.28246,0.01935
1805.35366,0.01944
1803.42487,0.02225
1801.49607,0.02536
1799.56727,0.02560
1797.63848,0.02450
1795.70968,0.02584
1793.78088,0.03000
1791.85209,0.03153
1789.92329,0.02707
1787.99449,0.02314
1786.06570,0.02322
1784.13690,0.02482
1782.20810,0.02635
1780.27931,0.02712
1778.35051,0.02689
1776.42171,0.02856
1774.49292,0.03400
1772.56412,0.03920
1770.63532,0.03841
1768.70653,0.03389
1766.77773,0.02962
1764.84893,0.02856
1762.92014,0.03110
1760.99134,0.03279
1759.06254,0.03264
1757.13375,0.03262
1755.20495,0.03268
1753.27615,0.03581
1751.34736,0.04309
1749.41856,0.04750
1747.48976,0.04569
1745.56097,0.04305
1743.63217,0.04259
1741.70337,0.04364
1739.77458,0.04430
1737.84578,0.04539
1735.91698,0.05092
1733.98819,0.05754
1732.05939,0.05571
1730.13059,0.05014
1728.20180,0.04617
1726.27300,0.04527
1724.34420,0.04753
1722.41541,0.05156
1720.48661,0.05960
1718.55781,0.07244
1716.62902,0.07989
1714.70022,0.07630
1712.77142,0.07128
1710.84263,0.07106
1708.91383,0.07666
1706.98503,0.08661
1705.05624,0.09632
1703.12744,0.10557
1701.19864,0.12001
1699.26985,0.13469
1697.34105,0.14275
1695.41225,0.14807
1693.48346,0.15292
1691.55466,0.16302
1689.62586,0.18047
1687.69707,0.20116
1685.76827,0.22767
1683.83947,0.25719
1681.91068,0.27212
1679.98188,0.28127
1678.05308,0.29609
1676.12429,0.31754
1674.19549,0.33985
1672.26669,0.35873
1670.33790,0.37743
1668.40910,0.39095
1666.48030,0.39767
1664.55151,0.40705
1662.62271,0.41849
1660.69391,0.42475
1658.76512,0.42929
1656.83632,0.43943
1654.90752,0.45782
1652.97873,0.47269
1651.04993,0.47164
1649.12113,0.47500
1647.19234,0.48563
1645.26354,0.49075
1643.33474,0.49329
1641.40595,0.50331
1639.47715,0.52187
1637.54835,0.54810
1635.61956,0.57550
1633.69076,0.59016
1631.76197,0.59990
1629.83317,0.61502
1627.90437,0.63221
1625.97558,0.64540
1624.04678,0.65317
1622.11798,0.65334
1620.18919,0.64960
1618.26039,0.64705
1616.33159,0.63951
1614.40280,0.62589
1612.47400,0.61585
1610.54520,0.61157
1608.61641,0.61063
1606.68761,0.61129
1604.75881,0.61427
1602.83002,0.61940
1600.90122,0.62503
1598.97242,0.63030
1597.04363,0.63469
1595.11483,0.63627
1593.18603,0.63300
1591.25724,0.62505
1589.32844,0.61277
1587.39964,0.59651
1585.47085,0.57698
1583.54205,0.55480
1581.61325,0.53185
1579.68446,0.51201
1577.75566,0.49303
1575.82686,0.46449
1573.89807,0.43444
1571.96927,0.41395
1570.04047,0.39444
1568.11168,0.37063
1566.18288,0.34905
1564.25408,0.33289
1562.32529,0.32579
1560.39649,0.32747
1558.46769,0.31670
1556.53890,0.29030
1554.61010,0.26964
1552.68130,0.25537
1550.75251,0.24482
1548.82371,0.23566
1546.89491,0.23078
1544.96612,0.23257
1543.03732,0.23739
1541.10852,0.23782
1539.17973,0.22302
1537.25093,0.20586
1535.32213,0.19920
1533.39334,0.19555
1531.46454,0.18804
1529.53574,0.18337
1527.60695,0.18406
1525.67815,0.18552
1523.74935,0.18739
1521.82056,0.18839
1519.89176,0.18451
1517.96296,0.17929
1516.03417,0.17289
1514.10537,0.16599
1512.17657,0.16503
1510.24778,0.17310
1508.31898,0.18563
1506.39018,0.18336
1504.46139,0.16621
1502.53259,0.15766
1500.60379,0.15961
1498.67500,0.16627
1496.74620,0.17021
1494.81740,0.17034
1492.88861,0.17520
1490.95981,0.18831
1489.03101,0.20063
1487.10222,0.20425
1485.17342,0.20672
1483.24462,0.21452
1481.31583,0.22697
1479.38703,0.24174
1477.45823,0.25969
1475.52944,0.28111
1473.60064,0.30144
1471.67184,0.31259
1469.74305,0.31571
1467.81425,0.32143
1465.88545,0.33151
1463.95666,0.33804
1462.02786,0.34071
1460.09906,0.34732
1458.17027,0.35485
1456.24147,0.34580
1454.31267,0.32538
1452.38388,0.30852
1450.45508,0.29543
1448.52628,0.28228
1446.59749,0.26580
1444.66869,0.24864
1442.73989,0.23385
1440.81110,0.22274
1438.88230,0.21621
1436.95350,0.20879
1435.02471,0.19539
1433.09591,0.18312
1431.16711,0.17481
1429.23832,0.16654
1427.30952,0.15866
1425.38072,0.15381
1423.45193,0.15067
1421.52313,0.14946
1419.59433,0.14977
1417.66554,0.14447
1415.73674,0.13449
1413.80794,0.12731
1411.87915,0.12366
1409.95035,0.12107
1408.02155,0.11964
1406.09276,0.11957
1404.16396,0.11811
1402.23516,0.11626
1400.30637,0.11756
1398.37757,0.12012
1396.44877,0.12026
1394.51998,0.11649
1392.59118,0.11039
1390.66238,0.10732
1388.73359,0.10826
1386.80479,0.10778
1384.87599,0.10373
1382.94720,0.10040
1381.01840,0.09957
1379.08960,0.09998
1377.16081,0.10156
1375.23201,0.10355
1373.30321,0.10255
1371.37442,0.09919
1369.44562,0.09712
1367.51682,0.09648
1365.58803,0.09784
1363.65923,0.10111
1361.73043,0.10125
1359.80164,0.09734
1357.87284,0.09432
1355.94404,0.09350
1354.01525,0.09304
1352.08645,0.09242
1350.15765,0.09211
1348.22886,0.09184
1346.30006,0.09146
1344.37126,0.09185
1342.44247,0.09456
1340.51367,0.09863
1338.58487,0.09946
1336.65608,0.09603
1334.72728,0.09236
1332.79848,0.09059
1330.86969,0.09005
1328.94089,0.08974
1327.01209,0.08937
1325.08330,0.08909
1323.15450,0.08925
1321.22570,0.09016
1319.29691,0.09112
1317.36811,0.09106
1315.43931,0.09048
1313.51052,0.08998
1311.58172,0.08918
1309.65292,0.08836
1307.72413,0.08796
1305.79533,0.08772
1303.86653,0.08750
1301.93774,0.08744
1300.00894,0.08755
1298.08014,0.08771
1296.15135,0.08771
1294.22255,0.08755
1292.29375,0.08753
1290.36496,0.08776
1288.43616,0.08786
1286.50736,0.08748
1284.57857,0.08692
1282.64977,0.08665
1280.72097,0.08655
1278.79218,0.08638
1276.86338,0.08623
1274.93458,0.08639
1273.00579,0.08685
1271.07699,0.08717
1269.14820,0.08703
1267.21940,0.08670
1265.29060,0.08647
1263.36181,0.08652
1261.43301,0.08683
1259.50421,0.08704
1257.57542,0.08704
1255.64662,0.08711
1253.71782,0.08734
1251.78903,0.08761
1249.86023,0.08784
1247.93143,0.08800
1246.00264,0.08814
1244.07384,0.08820
1242.14504,0.08809
1240.21625,0.08789
1238.28745,0.08776
1236.35865,0.08772
1234.42986,0.08775
1232.50106,0.08784
1230.57226,0.08796
1228.64347,0.08819
1226.71467,0.08855
1224.78587,0.08890
1222.85708,0.08918
1220.92828,0.08952
1218.99948,0.08994
1217.07069,0.09042
1215.14189,0.09100
1213.21309,0.09172
1211.28430,0.09244
1209.35550,0.09311
1207.42670,0.09386
1205.49791,0.09474
1203.56911,0.09571
1201.64031,0.09675
1199.71152,0.09788
1197.78272,0.09909
1195.85392,0.10036
1193.92513,0.10179
1191.99633,0.10348
1190.06753,0.10545
1188.13874,0.10771
1186.20994,0.11024
1184.28114,0.11308
1182.35235,0.11637
1180.42355,0.12021
1178.49475,0.12458
1176.56596,0.12940
1174.63716,0.13454
1172.70836,0.13985
1170.77957,0.14529
1168.85077,0.15084
1166.92197,0.15627
1164.99318,0.16133
1163.06438,0.16572
1161.13558,0.16918
1159.20679,0.17150
1157.27799,0.17249
1155.34919,0.17206
1153.42040,0.17027
1151.49160,0.16722
1149.56280,0.16308
1147.63401,0.15814
1145.70521,0.15273
1143.77641,0.14713
1141.84762,0.14161
1139.91882,0.13633
1137.99002,0.13139
1136.06123,0.12687
1134.13243,0.12278
1132.20363,0.11916
1130.27484,0.11598
1128.34604,0.11319
1126.41724,0.11076
1124.48845,0.10870
1122.55965,0.10693
1120.63085,0.10536
1118.70206,0.10396
1116.77326,0.10274
1114.84446,0.10168
1112.91567,0.10077
1110.98687,0.09997
1109.05807,0.09929
1107.12928,0.09871
1105.20048,0.09818
1103.27168,0.09769
1101.34289,0.09726
1099.41409,0.09690
1097.48529,0.09661
1095.55650,0.09639
1093.62770,0.09628
1091.69890,0.09631
1089.77011,0.09648
1087.84131,0.09678
1085.91251,0.09718
1083.98372,0.09769
1082.05492,0.09829
1080.12612,0.09897
1078.19733,0.09970
1076.26853,0.10046
1074.33973,0.10123
1072.41094,0.10196
1070.48214,0.10261
1068.55334,0.10316
1066.62455,0.10361
1064.69575,0.10391
1062.76695,0.10403
1060.83816,0.10398
1058.90936,0.10382
1056.98056,0.10355
1055.05177,0.10310
1053.12297,0.10252
1051.19417,0.10185
1049.26538,0.10115
1047.33658,0.10045
1045.40778,0.09976
1043.47899,0.09909
1041.55019,0.09843
1039.62139,0.09781
1037.69260,0.09726
1035.76380,0.09683
1033.83500,0.09646
1031.90621,0.09612
1029.97741,0.09581
1028.04861,0.09553
1026.11982,0.09528
1024.19102,0.09508
1022.26222,0.09497
1020.33343,0.09495
1018.40463,0.09506
1016.47583,0.09528
1014.54704,0.09558
1012.61824,0.09588
1010.68944,0.09611
1008.76065,0.09615
1006.83185,0.09597
1004.90305,0.09558
1002.97426,0.09511
1001.04546,0.09465
999.11666,0.09429
997.18787,0.09409
995.25907,0.09403
993.33027,0.09405
991.40148,0.09413
989.47268,0.09424
987.54388,0.09438
985.61509,0.09458
983.68629,0.09482
981.75749,0.09507
979.82870,0.09530
977.89990,0.09552
975.97110,0.09577
974.04231,0.09610
972.11351,0.09647
970.18471,0.09683
968.25592,0.09713
966.32712,0.09738
964.39832,0.09763
962.46953,0.09788
960.54073,0.09810
958.61193,0.09833
956.68314,0.09858
954.75434,0.09884
952.82554,0.09914
950.89675,0.09950
948.96795,0.09988
947.03915,0.10028
945.11036,0.10073
943.18156,0.10125
941.25276,0.10184
939.32397,0.10249
937.39517,0.10319
935.46637,0.10392
933.53758,0.10465
931.60878,0.10541
929.67998,0.10620
927.75119,0.10702
925.82239,0.10789
923.89359,0.10879
921.96480,0.10971
920.03600,0.11061
918.10720,0.11151
916.17841,0.11240
914.24961,0.11326
912.32081,0.11406
910.39202,0.11489
908.46322,0.11576
906.53443,0.11666
904.60563,0.11759
902.67683,0.11859
900.74804,0.11966
898.81924,0.12079
896.89044,0.12198
894.96165,0.12321
893.03285,0.12448
891.10405,0.12578
889.17526,0.12712
887.24646,0.12855
885.31766,0.13007
883.38887,0.13167
881.46007,0.13331
879.53127,0.13497
877.60248,0.13664
875.67368,0.13838
873.74488,0.14019
871.81609,0.14194
869.88729,0.14362
867.95849,0.14535
866.02970,0.14716
864.10090,0.14893
862.17210,0.15067
860.24331,0.15246
858.31451,0.15434
856.38571,0.15625
854.45692,0.15815
852.52812,0.16005
850.59932,0.16206
848.67053,0.16423
846.74173,0.16647
844.81293,0.16878
842.88414,0.17117
840.95534,0.17361
839.02654,0.17603
837.09775,0.17841
835.16895,0.18084
833.24015,0.18334
831.31136,0.18586
829.38256,0.18843
827.45376,0.19102
825.52497,0.19354
823.59617,0.19601
821.66737,0.19856
819.73858,0.20119
817.80978,0.20380
815.88098,0.20639
813.95219,0.20897
812.02339,0.21152
810.09459,0.21407
808.16580,0.21668
806.23700,0.21936
804.30820,0.22210
802.37941,0.22498
800.45061,0.22818
798.52181,0.23179
796.59302,0.23567
794.66422,0.23962
792.73542,0.24369
790.80663,0.24783
788.87783,0.25183
786.94903,0.25553
785.02024,0.25885
783.09144,0.26156
781.16264,0.26360
779.23385,0.26523
777.30505,0.26676
775.37625,0.26827
773.44746,0.26979
771.51866,0.27144
769.58986,0.27323
767.66107,0.27507
765.73227,0.27699
763.80347,0.27917
761.87468,0.28146
759.94588,0.28351
758.01708,0.28545
756.08829,0.28783
754.15949,0.29087
752.23069,0.29420
750.30190,0.29738
748.37310,0.30032
