3496.90832,0.22765
3494.97953,0.22859
3493.05073,0.23060
3491.12193,0.23704
3489.19314,0.24423
3487.26434,0.24842
3485.33554,0.25249
3483.40675,0.25887
3481.47795,0.26462
3479.54915,0.26772
3477.62036,0.27092
3475.69156,0.27583
3473.76276,0.27754
3471.83397,0.27407
3469.90517,0.27437
3467.97637,0.28179
3466.04758,0.28773
3464.11878,0.28941
3462.18998,0.29149
3460.26119,0.29343
3458.33239,0.29431
3456.40359,0.29690
3454.47480,0.30057
3452.54600,0.30175
3450.61721,0.30094
3448.68841,0.30169
3446.75961,0.30665
3444.83082,0.31396
3442.90202,0.31589
3440.97322,0.31164
3439.04443,0.30878
3437.11563,0.30712
3435.18683,0.30468
3433.25804,0.30782
3431.32924,0.31857
3429.40044,0.32675
3427.47165,0.32722
3425.54285,0.32777
3423.61405,0.33021
3421.68526,0.32988
3419.75646,0.33032
3417.82766,0.33526
3415.89887,0.34040
3413.97007,0.34182
3412.04127,0.34256
3410.11248,0.34600
3408.18368,0.35044
3406.25488,0.35335
3404.32609,0.35220
3402.39729,0.34571
3400.46849,0.34034
3398.53970,0.34546
3396.61090,0.35911
3394.68210,0.36872
3392.75331,0.37001
3390.82451,0.37078
3388.89571,0.37669
3386.96692,0.38558
3385.03812,0.39123
3383.10932,0.39133
3381.18053,0.39001
3379.25173,0.38885
3377.32293,0.38765
3375.39414,0.39060
3373.46534,0.39738
3371.53654,0.40155
3369.60775,0.40346
3367.67895,0.40679
3365.75015,0.40764
3363.82136,0.40517
3361.89256,0.40666
3359.96376,0.41327
3358.03497,0.42017
3356.10617,0.42577
3354.17737,0.42935
3352.24858,0.42772
3350.31978,0.42121
3348.39098,0.41740
3346.46219,0.41986
3344.53339,0.42236
3342.60459,0.42126
3340.67580,0.41948
3338.74700,0.41994
3336.81820,0.42277
3334.88941,0.42338
3332.96061,0.41971
3331.03181,0.41733
3329.10302,0.41853
3327.17422,0.41966
3325.24542,0.41901
3323.31663,0.41767
3321.38783,0.41412
3319.45903,0.40696
3317.53024,0.40206
3315.60144,0.40399
3313.67264,0.40750
3311.74385,0.40815
3309.81505,0.40748
3307.88625,0.40446
3305.95746,0.39937
3304.02866,0.39939
3302.09986,0.40634
3300.17107,0.41153
3298.24227,0.40888
3296.31347,0.40337
3294.38468,0.40247
3292.45588,0.40563
3290.52708,0.40795
3288.59829,0.40772
3286.66949,0.40411
3284.74069,0.39719
3282.81190,0.39184
3280.88310,0.39213
3278.95430,0.39697
3277.02551,0.40296
3275.09671,0.40644
3273.16791,0.40817
3271.23912,0.41134
3269.31032,0.41529
3267.38152,0.41727
3265.45273,0.41709
3263.52393,0.41630
3261.59513,0.41429
3259.66634,0.41153
3257.73754,0.41046
3255.80874,0.41106
3253.87995,0.41405
3251.95115,0.41861
3250.02235,0.42014
3248.09356,0.41834
3246.16476,0.41545
3244.23596,0.41360
3242.30717,0.41681
3240.37837,0.42351
3238.44957,0.42436
3236.52078,0.41880
3234.59198,0.41763
3232.66318,0.42395
3230.73439,0.43097
3228.80559,0.43431
3226.87679,0.43403
3224.94800,0.43149
3223.01920,0.43003
3221.09040,0.43249
3219.16161,0.43639
3217.23281,0.43863
3215.30401,0.43907
3213.37522,0.43734
3211.44642,0.43733
3209.51762,0.44202
3207.58883,0.44458
3205.66003,0.44059
3203.73123,0.43504
3201.80244,0.43056
3199.87364,0.42698
3197.94484,0.42650
3196.01605,0.42697
3194.08725,0.42325
3192.15845,0.41926
3190.22966,0.42082
3188.30086,0.42183
3186.37206,0.41612
3184.44327,0.40868
3182.51447,0.40364
3180.58567,0.40092
3178.65688,0.39919
3176.72808,0.39565
3174.79928,0.39182
3172.87049,0.39009
3170.94169,0.38879
3169.01289,0.38733
3167.08410,0.38595
3165.15530,0.38242
3163.22650,0.37634
3161.29771,0.37077
3159.36891,0.36623
3157.44011,0.36125
3155.51132,0.35627
3153.58252,0.35315
3151.65372,0.35119
3149.72493,0.34690
3147.79613,0.34168
3145.86733,0.33974
3143.93854,0.33900
3142.00974,0.33575
3140.08094,0.33095
3138.15215,0.32663
3136.22335,0.32373
3134.29455,0.32154
3132.36576,0.31742
3130.43696,0.31141
3128.50816,0.30604
3126.57937,0.30230
3124.65057,0.29915
3122.72177,0.29438
3120.79298,0.28909
3118.86418,0.28604
3116.93538,0.28336
3115.00659,0.27896
3113.07779,0.27450
3111.14899,0.27086
3109.22020,0.26731
3107.29140,0.26362
3105.36260,0.25948
3103.43381,0.25541
3101.50501,0.25195
3099.57621,0.24823
3097.64742,0.24472
3095.71862,0.24141
3093.78982,0.23689
3091.86103,0.23180
3089.93223,0.22750
3088.00344,0.22419
3086.07464,0.22122
3084.14584,0.21743
3082.21705,0.21295
3080.28825,0.20925
3078.35945,0.20661
3076.43066,0.20391
3074.50186,0.20092
3072.57306,0.19757
3070.64427,0.19330
3068.71547,0.18926
3066.78667,0.18665
3064.85788,0.18433
3062.92908,0.18138
3061.00028,0.17842
3059.07149,0.17575
3057.14269,0.17297
3055.21389,0.16915
3053.28510,0.16422
3051.35630,0.15996
3049.42750,0.15691
3047.49871,0.15410
3045.56991,0.15156
3043.64111,0.14917
3041.71232,0.14616
3039.78352,0.14309
3037.85472,0.14103
3035.92593,0.13952
3033.99713,0.13770
3032.06833,0.13527
3030.13954,0.13237
3028.21074,0.12990
3026.28194,0.12809
3024.35315,0.12598
3022.42435,0.12297
3020.49555,0.11943
3018.56676,0.11635
3016.63796,0.11438
3014.70916,0.11307
3012.78037,0.11152
3010.85157,0.10957
3008.92277,0.10748
3006.99398,0.10542
3005.06518,0.10336
3003.13638,0.10090
3001.20759,0.09847
2999.27879,0.09691
2997.34999,0.09578
2995.42120,0.09417
2993.49240,0.09218
2991.56360,0.09037
2989.63481,0.08871
2987.70601,0.08686
2985.77721,0.08509
2983.84842,0.08385
2981.91962,0.08277
2979.99082,0.08151
2978.06203,0.08018
2976.13323,0.07875
2974.20443,0.07738
2972.27564,0.07633
2970.34684,0.07525
2968.41804,0.07365
2966.48925,0.07174
2964.56045,0.07023
2962.63165,0.06911
2960.70286,0.06782
2958.77406,0.06624
2956.84526,0.06476
2954.91647,0.06376
2952.98767,0.06296
2951.05887,0.06170
2949.13008,0.06021
2947.20128,0.05926
2945.27248,0.05860
2943.34369,0.05761
2941.41489,0.05669
2939.48609,0.05620
2937.55730,0.05568
2935.62850,0.05475
2933.69970,0.05384
2931.77091,0.05333
2929.84211,0.05280
2927.91331,0.05186
2925.98452,0.05079
2924.05572,0.04988
2922.12692,0.04917
2920.19813,0.04856
2918.26933,0.04794
2916.34053,0.04741
2914.41174,0.04682
2912.48294,0.04565
2910.55414,0.04409
2908.62535,0.04301
2906.69655,0.04263
2904.76775,0.04256
2902.83896,0.04237
2900.91016,0.04162
2898.98136,0.04038
2897.05257,0.03944
2895.12377,0.03918
2893.19497,0.03907
2891.26618,0.03864
2889.33738,0.03804
2887.40858,0.03752
2885.47979,0.03716
2883.55099,0.03696
2881.62219,0.03669
2879.69340,0.03620
2877.76460,0.03581
2875.83580,0.03576
2873.90701,0.03585
2871.97821,0.03578
2870.04941,0.03539
2868.12062,0.03482
2866.19182,0.03424
2864.26302,0.03363
2862.33423,0.03306
2860.40543,0.03271
2858.47663,0.03253
2856.54784,0.03234
2854.61904,0.03204
2852.69024,0.03166
2850.76145,0.03144
2848.83265,0.03125
2846.90385,0.03094
2844.97506,0.03076
2843.04626,0.03078
2841.11746,0.03072
2839.18867,0.03057
2837.25987,0.03047
2835.33107,0.03054
2833.40228,0.03065
2831.47348,0.03052
2829.54468,0.03026
2827.61589,0.03012
2825.68709,0.03005
2823.75829,0.02983
2821.82950,0.02956
2819.90070,0.02939
2817.97190,0.02922
2816.04311,0.02887
2814.11431,0.02843
2812.18551,0.02803
2810.25672,0.02769
2808.32792,0.02737
2806.39912,0.02699
2804.47033,0.02661
2802.54153,0.02635
2800.61273,0.02618
2798.68394,0.02598
2796.75514,0.02556
2794.82634,0.02518
2792.89755,0.02518
2790.96875,0.02524
2789.03995,0.02506
2787.11116,0.02486
2785.18236,0.02464
2783.25356,0.02428
2781.32477,0.02391
2779.39597,0.02374
2777.46717,0.02364
2775.53838,0.02342
2773.60958,0.02303
2771.68078,0.02257
2769.75199,0.02208
2767.82319,0.02172
2765.89439,0.02165
2763.96560,0.02174
2762.03680,0.02160
2760.10800,0.02105
2758.17921,0.02047
2756.25041,0.02027
2754.32161,0.02022
2752.39282,0.02001
2750.46402,0.01983
2748.53522,0.01997
2746.60643,0.02022
2744.67763,0.02010
2742.74883,0.01967
2740.82004,0.01945
2738.89124,0.01960
2736.96244,0.01989
2735.03365,0.02008
2733.10485,0.01992
2731.17605,0.01950
2729.24726,0.01919
2727.31846,0.01913
2725.38967,0.01920
2723.46087,0.01927
2721.53207,0.01919
2719.60328,0.01894
2717.67448,0.01863
2715.74568,0.01842
2713.81689,0.01842
2711.88809,0.01851
2709.95929,0.01851
2708.03050,0.01842
2706.10170,0.01821
2704.17290,0.01797
2702.24411,0.01786
2700.31531,0.01795
2698.38651,0.01814
2696.45772,0.01835
2694.52892,0.01858
2692.60012,0.01862
2690.67133,0.01845
2688.74253,0.01845
2686.81373,0.01863
2684.88494,0.01864
2682.95614,0.01834
2681.02734,0.01804
2679.09855,0.01787
2677.16975,0.01771
2675.24095,0.01752
2673.31216,0.01730
2671.38336,0.01708
2669.45456,0.01694
2667.52577,0.01685
2665.59697,0.01682
2663.66817,0.01702
2661.73938,0.01739
2659.81058,0.01754
2657.88178,0.01738
2655.95299,0.01733
2654.02419,0.01761
2652.09539,0.01786
2650.16660,0.01787
2648.23780,0.01793
2646.30900,0.01820
2644.38021,0.01850
2642.45141,0.01877
2640.52261,0.01913
2638.59382,0.01951
2636.66502,0.01986
2634.73622,0.02026
2632.80743,0.02054
2630.87863,0.02056
2628.94983,0.02069
2627.02104,0.02104
2625.09224,0.02127
2623.16344,0.02130
2621.23465,0.02125
2619.30585,0.02123
2617.37705,0.02143
2615.44826,0.02182
2613.51946,0.02198
2611.59066,0.02196
2609.66187,0.02218
2607.73307,0.02248
2605.80427,0.02260
2603.87548,0.02266
2601.94668,0.02290
2600.01788,0.02322
2598.08909,0.02333
2596.16029,0.02337
2594.23149,0.02360
2592.30270,0.02394
2590.37390,0.02439
2588.44510,0.02496
2586.51631,0.02529
2584.58751,0.02518
2582.65871,0.02487
2580.72992,0.02465
2578.80112,0.02456
2576.87232,0.02471
2574.94353,0.02521
2573.01473,0.02555
2571.08593,0.02509
2569.15714,0.02458
2567.22834,0.02485
2565.29954,0.02526
2563.37075,0.02512
2561.44195,0.02500
2559.51315,0.02544
2557.58436,0.02601
2555.65556,0.02618
2553.72676,0.02612
2551.79797,0.02597
2549.86917,0.02575
2547.94037,0.02589
2546.01158,0.02625
2544.08278,0.02639
2542.15398,0.02664
2540.22519,0.02700
2538.29639,0.02714
2536.36759,0.02700
2534.43880,0.02662
2532.51000,0.02624
2530.58120,0.02610
2528.65241,0.02614
2526.72361,0.02619
2524.79481,0.02629
2522.86602,0.02627
2520.93722,0.02594
2519.00842,0.02560
2517.07963,0.02564
2515.15083,0.02598
2513.22203,0.02621
2511.29324,0.02619
2509.36444,0.02599
2507.43564,0.02591
2505.50685,0.02614
2503.57805,0.02631
2501.64925,0.02635
2499.72046,0.02661
2497.79166,0.02691
2495.86286,0.02688
2493.93407,0.02673
2492.00527,0.02656
2490.07647,0.02644
2488.14768,0.02663
2486.21888,0.02681
2484.29008,0.02672
2482.36129,0.02663
2480.43249,0.02656
2478.50369,0.02624
2476.57490,0.02574
2474.64610,0.02556
2472.71730,0.02573
2470.78851,0.02585
2468.85971,0.02597
2466.93091,0.02632
2465.00212,0.02656
2463.07332,0.02628
2461.14452,0.02591
2459.21573,0.02589
2457.28693,0.02608
2455.35813,0.02630
2453.42934,0.02641
2451.50054,0.02639
2449.57174,0.02653
2447.64295,0.02680
2445.71415,0.02698
2443.78535,0.02705
2441.85656,0.02685
2439.92776,0.02634
2437.99896,0.02612
2436.07017,0.02639
2434.14137,0.02655
2432.21257,0.02632
2430.28378,0.02594
2428.35498,0.02552
2426.42618,0.02506
2424.49739,0.02474
2422.56859,0.02453
2420.63979,0.02432
2418.71100,0.02419
2416.78220,0.02430
2414.85340,0.02453
2412.92461,0.02466
2410.99581,0.02478
2409.06701,0.02501
2407.13822,0.02511
2405.20942,0.02484
2403.28062,0.02428
2401.35183,0.02367
2399.42303,0.02338
2397.49423,0.02340
2395.56544,0.02320
2393.63664,0.02274
2391.70784,0.02255
2389.77905,0.02294
2387.85025,0.02400
2385.92145,0.02615
2383.99266,0.02997
2382.06386,0.03553
2380.13506,0.04238
2378.20627,0.04990
2376.27747,0.05754
2374.34867,0.06547
2372.41988,0.07424
2370.49108,0.08357
2368.56228,0.09240
2366.63349,0.09990
2364.70469,0.10555
2362.77589,0.10930
2360.84710,0.11118
2358.91830,0.11012
2356.98951,0.10507
2355.06071,0.09649
2353.13191,0.08563
2351.20312,0.07503
2349.27432,0.06939
2347.34552,0.07162
2345.41673,0.07906
2343.48793,0.08433
2341.55913,0.08494
2339.63034,0.08367
2337.70154,0.08190
2335.77274,0.08036
2333.84395,0.08005
2331.91515,0.08016
2329.98635,0.07856
2328.05756,0.07563
2326.12876,0.07365
2324.19996,0.07310
2322.27117,0.07193
2320.34237,0.06845
2318.41357,0.06385
2316.48478,0.06033
2314.55598,0.05853
2312.62718,0.05744
2310.69839,0.05569
2308.76959,0.05294
2306.84079,0.04974
2304.91200,0.04672
2302.98320,0.04441
2301.05440,0.04303
2299.12561,0.04200
2297.19681,0.04075
2295.26801,0.03947
2293.33922,0.03826
2291.41042,0.03697
2289.48162,0.03605
2287.55283,0.03604
2285.62403,0.03675
2283.69523,0.03771
2281.76644,0.03870
2279.83764,0.03960
2277.90884,0.04053
2275.98005,0.04177
2274.05125,0.04310
2272.12245,0.04413
2270.19366,0.04516
2268.26486,0.04653
2266.33606,0.04776
2264.40727,0.04843
2262.47847,0.04900
2260.54967,0.04982
2258.62088,0.05056
2256.69208,0.05090
2254.76328,0.05093
2252.83449,0.05113
2250.90569,0.05210
2248.97689,0.05367
2247.04810,0.05509
2245.11930,0.05611
2243.19050,0.05669
2241.26171,0.05667
2239.33291,0.05655
2237.40411,0.05710
2235.47532,0.05785
2233.54652,0.05814
2231.61772,0.05912
2229.68893,0.06164
2227.76013,0.06431
2225.83133,0.06607
2223.90254,0.06704
2221.97374,0.06751
2220.04494,0.06858
2218.11615,0.07035
2216.18735,0.07122
2214.25855,0.07137
2212.32976,0.07248
2210.40096,0.07463
2208.47216,0.07620
2206.54337,0.07613
2204.61457,0.07578
2202.68577,0.07678
2200.75698,0.07817
2198.82818,0.07840
2196.89938,0.07872
2194.97059,0.08048
2193.04179,0.08241
2191.11299,0.08346
2189.18420,0.08426
2187.25540,0.08625
2185.32660,0.08928
2183.39781,0.09115
2181.46901,0.09216
2179.54021,0.09352
2177.61142,0.09443
2175.68262,0.09547
2173.75382,0.09620
2171.82503,0.09592
2169.89623,0.09751
2167.96743,0.10183
2166.03864,0.10722
2164.10984,0.11350
2162.18104,0.11959
2160.25225,0.12247
2158.32345,0.11952
2156.39465,0.11243
2154.46586,0.10539
2152.53706,0.09927
2150.60826,0.09283
2148.67947,0.08628
2146.75067,0.08046
2144.82187,0.07568
2142.89308,0.07201
2140.96428,0.06894
2139.03548,0.06596
2137.10669,0.06304
2135.17789,0.06003
2133.24909,0.05641
2131.32030,0.05295
2129.39150,0.05089
2127.46270,0.04948
2125.53391,0.04793
2123.60511,0.04689
2121.67631,0.04661
2119.74752,0.04625
2117.81872,0.04561
2115.88992,0.04534
2113.96113,0.04546
2112.03233,0.04531
2110.10353,0.04469
2108.17474,0.04418
2106.24594,0.04393
2104.31714,0.04400
2102.38835,0.04464
2100.45955,0.04532
2098.53075,0.04560
2096.60196,0.04568
2094.67316,0.04545
2092.74436,0.04460
2090.81557,0.04334
2088.88677,0.04231
2086.95797,0.04176
2085.02918,0.04164
2083.10038,0.04197
2081.17158,0.04277
2079.24279,0.04359
2077.31399,0.04431
2075.38519,0.04548
2073.45640,0.04685
2071.52760,0.04773
2069.59880,0.04835
2067.67001,0.04931
2065.74121,0.05010
2063.81241,0.05002
2061.88362,0.04950
2059.95482,0.04917
2058.02602,0.04961
2056.09723,0.05093
2054.16843,0.05211
2052.23963,0.05264
2050.31084,0.05404
2048.38204,0.05721
2046.45324,0.06053
2044.52445,0.06290
2042.59565,0.06419
2040.66685,0.06512
2038.73806,0.06703
2036.80926,0.06911
2034.88046,0.07049
2032.95167,0.07228
2031.02287,0.07413
2029.09407,0.07426
2027.16528,0.07266
2025.23648,0.07022
2023.30768,0.06832
2021.37889,0.06766
2019.45009,0.06744
2017.52129,0.06711
2015.59250,0.06597
2013.66370,0.06404
2011.73490,0.06278
2009.80611,0.06244
2007.87731,0.06139
2005.94851,0.05894
2004.01972,0.05616
2002.09092,0.05438
2000.16212,0.05404
1998.23333,0.05386
1996.30453,0.05271
1994.37574,0.05174
1992.44694,0.05224
1990.51814,0.05288
1988.58935,0.05211
1986.66055,0.05070
1984.73175,0.05066
1982.80296,0.05216
1980.87416,0.05311
1978.94536,0.05358
1977.01657,0.05465
1975.08777,0.05448
1973.15897,0.05207
1971.23018,0.04958
1969.30138,0.04879
1967.37258,0.04794
1965.44379,0.04491
1963.51499,0.04168
1961.58619,0.04020
1959.65740,0.03894
1957.72860,0.03714
1955.79980,0.03555
1953.87101,0.03383
1951.94221,0.03203
1950.01341,0.03072
1948.08462,0.02971
1946.15582,0.02960
1944.22702,0.03104
1942.29823,0.03110
1940.36943,0.02797
1938.44063,0.02505
1936.51184,0.02420
1934.58304,0.02425
1932.65424,0.02404
1930.72545,0.02319
1928.79665,0.02220
1926.86785,0.02235
1924.93906,0.02393
1923.01026,0.02494
1921.08146,0.02484
1919.15267,0.02475
1917.22387,0.02333
1915.29507,0.02059
1913.36628,0.01944
1911.43748,0.02031
1909.50868,0.02095
1907.57989,0.02008
1905.65109,0.01860
1903.72229,0.01767
1901.79350,0.01729
1899.86470,0.01708
1897.93590,0.01724
1896.00711,0.01758
1894.07831,0.01757
1892.14951,0.01824
1890.22072,0.01943
1888.29192,0.01877
1886.36312,0.01705
1884.43433,0.01613
1882.50553,0.01567
1880.57673,0.01551
1878.64794,0.01555
1876.71914,0.01555
1874.79034,0.01571
1872.86155,0.01746
1870.93275,0.02204
1869.00395,0.02581
1867.07516,0.02371
1865.14636,0.01896
1863.21756,0.01638
1861.28877,0.01580
1859.35997,0.01550
1857.43117,0.01479
1855.50238,0.01402
1853.57358,0.01381
1851.64478,0.01441
1849.71599,0.01626
1847.78719,0.01959
1845.85839,0.02359
1843.92960,0.02428
1842.00080,0.02021
1840.07200,0.01685
1838.14321,0.01631
1836.21441,0.01644
1834.28561,0.01698
1832.35682,0.02010
1830.42802,0.02411
1828.49922,0.02476
1826.57043,0.02353
1824.64163,0.02181
1822.71283,0.01889
1820.78404,0.01687
1818.85524,0.01676
1816.92644,0.01689
1814.99765,0.01718
1813.06885,0.01892
1811.14005,0.02064
1809.21126,0.02005
1807.28246,0.01831
1805.35366,0.01827
1803.42487,0.02092
1801.49607,0.02399
1799.56727,0.02437
1797.63848,0.02342
1795.70968,0.02472
1793.78088,0.02860
1791.85209,0.02994
1789.92329,0.02565
1787.99449,0.02193
1786.06570,0.02207
1784.13690,0.02364
1782.20810,0.02513
1780.27931,0.02587
1778.35051,0.02572
1776.42171,0.02739
1774.49292,0.03267
1772.56412,0.03769
1770.63532,0.03691
1768.70653,0.03258
1766.77773,0.02854
1764.84893,0.02751
1762.92014,0.02983
1760.99134,0.03137
1759.06254,0.03126
1757.13375,0.03132
1755.20495,0.03142
1753.27615,0.03442
1751.34736,0.04141
1749.41856,0.04566
1747.48976,0.04398
1745.56097,0.04151
1743.63217,0.04114
1741.70337,0.04220
1739.77458,0.04291
1737.84578,0.04402
1735.91698,0.04931
1733.98819,0.05574
1732.05939,0.05421
1730.13059,0.04896
1728.20180,0.04510
1726.27300,0.04416
1724.34420,0.04632
1722.41541,0.05029
1720.48661,0.05815
1718.55781,0.07064
1716.62902,0.07802
1714.70022,0.07476
1712.77142,0.07008
1710.84263,0.07009
1708.91383,0.07576
1706.98503,0.08569
1705.05624,0.09547
1703.12744,0.10475
1701.19864,0.11909
1699.26985,0.13393
1697.34105,0.14248
1695.41225,0.14851
1693.48346,0.15413
1691.55466,0.16474
1689.62586,0.18254
1687.69707,0.20342
1685.76827,0.22991
1683.83947,0.25982
1681.91068,0.27575
1679.98188,0.28567
1678.05308,0.30082
1676.12429,0.32240
1674.19549,0.34494
1672.26669,0.36409
1670.33790,0.38303
1668.40910,0.39699
1666.48030,0.40415
1664.55151,0.41377
1662.62271,0.42542
1660.69391,0.43202
1658.76512,0.43684
1656.83632,0.44686
1654.90752,0.46474
1652.97873,0.47949
1651.04993,0.47873
1649.12113,0.48178
1647.19234,0.49198
1645.26354,0.49753
1643.33474,0.50081
1641.40595,0.51123
1639.47715,0.52982
1637.54835,0.55584
1635.61956,0.58363
1633.69076,0.59962
1631.76197,0.61048
1629.83317,0.62635
1627.90437,0.64423
1625.97558,0.65826
1624.04678,0.66700
1622.11798,0.66788
1620.18919,0.66445
1618.26039,0.66200
1616.33159,0.65467
1614.40280,0.64149
1612.47400,0.63184
1610.54520,0.62765
1608.61641,0.62665
1606.68761,0.62741
1604.75881,0.63067
1602.83002,0.63616
1600.90122,0.64215
1598.97242,0.64781
1597.04363,0.65263
1595.11483,0.65470
1593.18603,0.65190
1591.25724,0.64431
1589.32844,0.63234
1587.39964,0.61628
1585.47085,0.59675
1583.54205,0.57439
1581.61325,0.55102
1579.68446,0.53053
1577.75566,0.51071
1575.82686,0.48127
1573.89807,0.45048
1571.96927,0.42920
1570.04047,0.40860
1568.11168,0.38374
1566.18288,0.36133
1564.25408,0.34438
1562.32529,0.33640
1560.39649,0.33672
1558.46769,0.32453
1556.53890,0.29777
1554.61010,0.27697
1552.68130,0.26236
1550.75251,0.25140
1548.82371,0.24183
1546.89491,0.23646
1544.96612,0.23753
1543.03732,0.24148
1541.10852,0.24120
1539.17973,0.22643
1537.25093,0.20956
1535.32213,0.20278
1533.39334,0.19887
1531.46454,0.19129
1529.53574,0.18649
1527.60695,0.18684
1525.67815,0.18795
1523.74935,0.18945
1521.82056,0.19011
1519.89176,0.18618
1517.96296,0.18100
1516.03417,0.17468
1514.10537,0.16792
1512.17657,0.16691
1510.24778,0.17456
1508.31898,0.18647
1506.39018,0.18434
1504.46139,0.16800
1502.53259,0.15983
1500.60379,0.16176
1498.67500,0.16829
1496.74620,0.17237
1494.81740,0.17284
1492.88861,0.17779
1490.95981,0.19077
1489.03101,0.20322
1487.10222,0.20746
1485.17342,0.21060
1483.24462,0.21890
1481.31583,0.23175
1479.38703,0.24687
1477.45823,0.26507
1475.52944,0.28669
1473.60064,0.30747
1471.67184,0.31960
1469.74305,0.32379
1467.81425,0.33022
1465.88545,0.34086
1463.95666,0.34808
1462.02786,0.35128
1460.09906,0.35796
1458.17027,0.36537
1456.24147,0.35667
1454.31267,0.33671
1452.38388,0.31994
1450.45508,0.30662
1448.52628,0.29303
1446.59749,0.27606
1444.66869,0.25841
1442.73989,0.24305
1440.81110,0.23125
1438.88230,0.22386
1436.95350,0.21551
1435.02471,0.20150
1433.09591,0.18884
1431.16711,0.18009
1429.23832,0.17137
1427.30952,0.16313
1425.38072,0.15787
1423.45193,0.15433
1421.52313,0.15273
1419.59433,0.15260
1417.66554,0.14710
1415.73674,0.13722
1413.80794,0.13009
1411.87915,0.12633
1409.95035,0.12361
1408.02155,0.12201
1406.09276,0.12172
1404.16396,0.12009
1402.23516,0.11812
1400.30637,0.11918
1398.37757,0.12141
1396.44877,0.12137
1394.51998,0.11767
1392.59118,0.11175
1390.66238,0.10870
1388.73359,0.10949
1386.80479,0.10895
1384.87599,0.10498
1382.94720,0.10168
1381.01840,0.10081
1379.08960,0.10112
1377.16081,0.10255
1375.23201,0.10439
1373.30321,0.10337
1371.37442,0.10008
1369.44562,0.09803
1367.51682,0.09738
1365.58803,0.09864
1363.65923,0.10172
1361.73043,0.10183
1359.80164,0.09809
1357.87284,0.09518
1355.94404,0.09434
1354.01525,0.09386
1352.08645,0.09324
1350.15765,0.09290
1348.22886,0.09262
1346.30006,0.09225
1344.37126,0.09263
1342.44247,0.09520
1340.51367,0.09905
1338.58487,0.09984
1336.65608,0.09659
1334.72728,0.09312
1332.79848,0.09143
1330.86969,0.09091
1328.94089,0.09058
1327.01209,0.09017
1325.08330,0.08986
1323.15450,0.08997
1321.22570,0.09081
1319.29691,0.09170
1317.36811,0.09163
1315.43931,0.09105
1313.51052,0.09057
1311.58172,0.08980
1309.65292,0.08899
1307.72413,0.08859
1305.79533,0.08833
1303.86653,0.08812
1301.93774,0.08806
1300.00894,0.08815
1298.08014,0.08831
1296.15135,0.08830
1294.22255,0.08812
1292.29375,0.08808
1290.36496,0.08829
1288.43616,0.08839
1286.50736,0.08804
1284.57857,0.08751
1282.64977,0.08724
1280.72097,0.08714
1278.79218,0.08698
1276.86338,0.08685
1274.93458,0.08700
1273.00579,0.08744
1271.07699,0.08775
1269.14820,0.08761
1267.21940,0.08727
1265.29060,0.08705
1263.36181,0.08711
1261.43301,0.08743
1259.50421,0.08766
1257.57542,0.08767
1255.64662,0.08773
1253.71782,0.08795
1251.78903,0.08822
1249.86023,0.08844
1247.93143,0.08857
1246.00264,0.08868
1244.07384,0.08872
1242.14504,0.08863
1240.21625,0.08849
1238.28745,0.08838
1236.35865,0.08835
1234.42986,0.08841
1232.50106,0.08852
1230.57226,0.08866
1228.64347,0.08890
1226.71467,0.08925
1224.78587,0.08961
1222.85708,0.08991
1220.92828,0.09027
1218.99948,0.09071
1217.07069,0.09121
1215.14189,0.09182
1213.21309,0.09253
1211.28430,0.09324
1209.35550,0.09394
1207.42670,0.09475
1205.49791,0.09566
1203.56911,0.09666
1201.64031,0.09772
1199.71152,0.09889
1197.78272,0.10018
1195.85392,0.10155
1193.92513,0.10306
1191.99633,0.10481
1190.06753,0.10686
1188.13874,0.10925
1186.20994,0.11195
1184.28114,0.11495
1182.35235,0.11837
1180.42355,0.12234
1178.49475,0.12688
1176.56596,0.13190
1174.63716,0.13727
1172.70836,0.14282
1170.77957,0.14849
1168.85077,0.15426
1166.92197,0.15995
1164.99318,0.16524
1163.06438,0.16983
1161.13558,0.17344
1159.20679,0.17585
1157.27799,0.17688
1155.34919,0.17643
1153.42040,0.17456
1151.49160,0.17140
1149.56280,0.16711
1147.63401,0.16198
1145.70521,0.15635
1143.77641,0.15053
1141.84762,0.14480
1139.91882,0.13932
1137.99002,0.13418
1136.06123,0.12946
1134.13243,0.12523
1132.20363,0.12146
1130.27484,0.11811
1128.34604,0.11515
1126.41724,0.11259
1124.48845,0.11042
1122.55965,0.10856
1120.63085,0.10690
1118.70206,0.10543
1116.77326,0.10418
1114.84446,0.10310
1112.91567,0.10214
1110.98687,0.10129
1109.05807,0.10056
1107.12928,0.09994
1105.20048,0.09937
1103.27168,0.09886
1101.34289,0.09842
1099.41409,0.09803
1097.48529,0.09770
1095.55650,0.09746
1093.62770,0.09732
1091.69890,0.09734
1089.77011,0.09750
1087.84131,0.09781
1085.91251,0.09822
1083.98372,0.09873
1082.05492,0.09932
1080.12612,0.09998
1078.19733,0.10070
1076.26853,0.10145
1074.33973,0.10221
1072.41094,0.10296
1070.48214,0.10364
1068.55334,0.10421
1066.62455,0.10466
1064.69575,0.10495
1062.76695,0.10506
1060.83816,0.10501
1058.90936,0.10485
1056.98056,0.10456
1055.05177,0.10412
1053.12297,0.10354
1051.19417,0.10287
1049.26538,0.10215
1047.33658,0.10143
1045.40778,0.10073
1043.47899,0.10004
1041.55019,0.09936
1039.62139,0.09870
1037.69260,0.09813
1035.76380,0.09767
1033.83500,0.09728
1031.90621,0.09691
1029.97741,0.09656
1028.04861,0.09625
1026.11982,0.09598
1024.19102,0.09577
1022.26222,0.09565
1020.33343,0.09562
1018.40463,0.09572
1016.47583,0.09594
1014.54704,0.09625
1012.61824,0.09655
1010.68944,0.09676
1008.76065,0.09678
1006.83185,0.09657
1004.90305,0.09617
1002.97426,0.09567
1001.04546,0.09517
999.11666,0.09478
997.18787,0.09455
995.25907,0.09450
993.33027,0.09455
991.40148,0.09462
989.47268,0.09468
987.54388,0.09480
985.61509,0.09499
983.68629,0.09522
981.75749,0.09544
979.82870,0.09566
977.89990,0.09589
975.97110,0.09613
974.04231,0.09641
972.11351,0.09673
970.18471,0.09702
968.25592,0.09727
966.32712,0.09751
964.39832,0.09777
962.46953,0.09801
960.54073,0.09823
958.61193,0.09843
956.68314,0.09864
954.75434,0.09889
952.82554,0.09919
950.89675,0.09955
948.96795,0.09992
947.03915,0.10030
945.11036,0.10073
943.18156,0.10123
941.25276,0.10179
939.32397,0.10239
937.39517,0.10307
935.46637,0.10379
933.53758,0.10452
931.60878,0.10529
929.67998,0.10608
927.75119,0.10686
925.82239,0.10767
923.89359,0.10853
921.96480,0.10942
920.03600,0.11028
918.10720,0.11113
916.17841,0.11200
914.24961,0.11284
912.32081,0.11366
910.39202,0.11448
908.46322,0.11531
906.53443,0.11617
904.60563,0.11707
902.67683,0.11803
900.74804,0.11908
898.81924,0.12020
896.89044,0.12139
894.96165,0.12260
893.03285,0.12383
891.10405,0.12510
889.17526,0.12641
887.24646,0.12779
885.31766,0.12927
883.38887,0.13085
881.46007,0.13249
879.53127,0.13414
877.60248,0.13576
875.67368,0.13741
873.74488,0.13916
871.81609,0.14093
869.88729,0.14265
867.95849,0.14436
866.02970,0.14612
864.10090,0.14787
862.17210,0.14959
860.24331,0.15134
858.31451,0.15318
856.38571,0.15507
854.45692,0.15699
852.52812,0.15891
850.59932,0.16088
848.67053,0.16297
846.74173,0.16525
844.81293,0.16764
842.88414,0.17006
840.95534,0.17247
839.02654,0.17482
837.09775,0.17721
835.16895,0.17971
833.24015,0.18223
831.31136,0.18466
829.38256,0.18711
827.45376,0.18962
825.52497,0.19212
823.59617,0.19463
821.66737,0.19727
819.73858,0.19994
817.80978,0.20255
815.88098,0.20516
813.95219,0.20772
812.02339,0.21014
810.09459,0.21253
808.16580,0.21505
806.23700,0.21774
804.30820,0.22063
802.37941,0.22366
800.45061,0.22690
798.52181,0.23048
796.59302,0.23435
794.66422,0.23836
792.73542,0.24252
790.80663,0.24672
788.87783,0.25074
786.94903,0.25445
785.02024,0.25774
783.09144,0.26044
781.16264,0.26250
779.23385,0.26410
777.30505,0.26549
775.37625,0.26679
773.44746,0.26819
771.51866,0.26985
769.58986,0.27174
767.66107,0.27379
765.73227,0.27586
763.80347,0.27781
761.87468,0.27968
759.94588,0.28163
758.01708,0.28387
756.08829,0.28650
754.15949,0.28934
752.23069,0.29225
750.30190,0.29528
748.37310,0.29825
