3496.90832,0.23595
3494.97953,0.23442
3493.05073,0.23658
3491.12193,0.24393
3489.19314,0.25266
3487.26434,0.25619
3485.33554,0.25832
3483.40675,0.26296
3481.47795,0.26377
3479.54915,0.26224
3477.62036,0.26573
3475.69156,0.27101
3473.76276,0.27321
3471.83397,0.27507
3469.90517,0.27717
3467.97637,0.27821
3466.04758,0.28133
3464.11878,0.28799
3462.18998,0.29426
3460.26119,0.29606
3458.33239,0.29538
3456.40359,0.29771
3454.47480,0.30307
3452.54600,0.30637
3450.61721,0.30639
3448.68841,0.30571
3446.75961,0.30536
3444.83082,0.30524
3442.90202,0.30443
3440.97322,0.30232
3439.04443,0.30056
3437.11563,0.30138
3435.18683,0.30593
3433.25804,0.31161
3431.32924,0.31547
3429.40044,0.31935
3427.47165,0.32509
3425.54285,0.33253
3423.61405,0.33852
3421.68526,0.33817
3419.75646,0.33615
3417.82766,0.33935
3415.89887,0.34453
3413.97007,0.34519
3412.04127,0.34065
3410.11248,0.33759
3408.18368,0.34107
3406.25488,0.34654
3404.32609,0.34634
3402.39729,0.34266
3400.46849,0.34339
3398.53970,0.35038
3396.61090,0.35885
3394.68210,0.36065
3392.75331,0.35664
3390.82451,0.35976
3388.89571,0.37465
3386.96692,0.38825
3385.03812,0.39028
3383.10932,0.38733
3381.18053,0.38901
3379.25173,0.39759
3377.32293,0.40476
3375.39414,0.40253
3373.46534,0.39820
3371.53654,0.39933
3369.60775,0.40031
3367.67895,0.39920
3365.75015,0.40247
3363.82136,0.40707
3361.89256,0.40652
3359.96376,0.40810
3358.03497,0.41691
3356.10617,0.42431
3354.17737,0.42562
3352.24858,0.42309
3350.31978,0.41788
3348.39098,0.41671
3346.46219,0.42439
3344.53339,0.43105
3342.60459,0.42695
3340.67580,0.41903
3338.74700,0.41811
3336.81820,0.42342
3334.88941,0.42734
3332.96061,0.42627
3331.03181,0.42191
3329.10302,0.41722
3327.17422,0.41555
3325.24542,0.42011
3323.31663,0.42692
3321.38783,0.42669
3319.45903,0.42022
3317.53024,0.41335
3315.60144,0.40712
3313.67264,0.40491
3311.74385,0.40655
3309.81505,0.40634
3307.88625,0.40380
3305.95746,0.40276
3304.02866,0.40528
3302.09986,0.40803
3300.17107,0.40771
3298.24227,0.40684
3296.31347,0.40731
3294.38468,0.40641
3292.45588,0.40167
3290.52708,0.39708
3288.59829,0.39819
3286.66949,0.40323
3284.74069,0.40693
3282.81190,0.40754
3280.88310,0.40743
3278.95430,0.40884
3277.02551,0.41099
3275.09671,0.41176
3273.16791,0.41098
3271.23912,0.41039
3269.31032,0.40802
3267.38152,0.40370
3265.45273,0.40404
3263.52393,0.40999
3261.59513,0.41496
3259.66634,0.41678
3257.73754,0.41791
3255.80874,0.41879
3253.87995,0.41874
3251.95115,0.41789
3250.02235,0.41668
3248.09356,0.41503
3246.16476,0.41333
3244.23596,0.41483
3242.30717,0.42047
3240.37837,0.42530
3238.44957,0.42506
3236.52078,0.42185
3234.59198,0.42173
3232.66318,0.42575
3230.73439,0.43029
3228.80559,0.43282
3226.87679,0.43380
3224.94800,0.43498
3223.01920,0.43413
3221.09040,0.43025
3219.16161,0.42903
3217.23281,0.43207
3215.30401,0.43412
3213.37522,0.43402
3211.44642,0.43616
3209.51762,0.44037
3207.58883,0.44158
3205.66003,0.43871
3203.73123,0.43481
3201.80244,0.43117
3199.87364,0.42620
3197.94484,0.42149
3196.01605,0.42153
3194.08725,0.42457
3192.15845,0.42665
3190.22966,0.42753
3188.30086,0.42490
3186.37206,0.41931
3184.44327,0.41597
3182.51447,0.41395
3180.58567,0.41017
3178.65688,0.40594
3176.72808,0.40246
3174.79928,0.39909
3172.87049,0.39507
3170.94169,0.39071
3169.01289,0.38676
3167.08410,0.38329
3165.15530,0.37996
3163.22650,0.37689
3161.29771,0.37365
3159.36891,0.36900
3157.44011,0.36407
3155.51132,0.36017
3153.58252,0.35659
3151.65372,0.35297
3149.72493,0.34900
3147.79613,0.34496
3145.86733,0.34178
3143.93854,0.33868
3142.00974,0.33456
3140.08094,0.32989
3138.15215,0.32530
3136.22335,0.32172
3134.29455,0.32022
3132.36576,0.31906
3130.43696,0.31519
3128.50816,0.30899
3126.57937,0.30382
3124.65057,0.30066
3122.72177,0.29692
3120.79298,0.29228
3118.86418,0.28879
3116.93538,0.28587
3115.00659,0.28162
3113.07779,0.27619
3111.14899,0.27126
3109.22020,0.26772
3107.29140,0.26453
3105.36260,0.26060
3103.43381,0.25633
3101.50501,0.25190
3099.57621,0.24742
3097.64742,0.24389
3095.71862,0.24070
3093.78982,0.23655
3091.86103,0.23247
3089.93223,0.22902
3088.00344,0.22477
3086.07464,0.22022
3084.14584,0.21694
3082.21705,0.21420
3080.28825,0.21049
3078.35945,0.20594
3076.43066,0.20202
3074.50186,0.19900
3072.57306,0.19577
3070.64427,0.19228
3068.71547,0.18930
3066.78667,0.18704
3064.85788,0.18472
3062.92908,0.18171
3061.00028,0.17856
3059.07149,0.17576
3057.14269,0.17290
3055.21389,0.16900
3053.28510,0.16445
3051.35630,0.16082
3049.42750,0.15804
3047.49871,0.15525
3045.56991,0.15238
3043.64111,0.14938
3041.71232,0.14638
3039.78352,0.14415
3037.85472,0.14264
3035.92593,0.14079
3033.99713,0.13835
3032.06833,0.13576
3030.13954,0.13315
3028.21074,0.13054
3026.28194,0.12818
3024.35315,0.12630
3022.42435,0.12448
3020.49555,0.12203
3018.56676,0.11893
3016.63796,0.11611
3014.70916,0.11424
3012.78037,0.11271
3010.85157,0.11063
3008.92277,0.10786
3006.99398,0.10505
3005.06518,0.10302
3003.13638,0.10153
3001.20759,0.09997
2999.27879,0.09825
2997.34999,0.09633
2995.42120,0.09436
2993.49240,0.09261
2991.56360,0.09114
2989.63481,0.08979
2987.70601,0.08806
2985.77721,0.08610
2983.84842,0.08466
2981.91962,0.08342
2979.99082,0.08190
2978.06203,0.08045
2976.13323,0.07925
2974.20443,0.07811
2972.27564,0.07674
2970.34684,0.07506
2968.41804,0.07325
2966.48925,0.07161
2964.56045,0.07050
2962.63165,0.06973
2960.70286,0.06863
2958.77406,0.06692
2956.84526,0.06526
2954.91647,0.06436
2952.98767,0.06380
2951.05887,0.06274
2949.13008,0.06150
2947.20128,0.06063
2945.27248,0.05975
2943.34369,0.05874
2941.41489,0.05792
2939.48609,0.05726
2937.55730,0.05654
2935.62850,0.05558
2933.69970,0.05455
2931.77091,0.05397
2929.84211,0.05361
2927.91331,0.05281
2925.98452,0.05166
2924.05572,0.05061
2922.12692,0.05002
2920.19813,0.04969
2918.26933,0.04920
2916.34053,0.04856
2914.41174,0.04771
2912.48294,0.04644
2910.55414,0.04494
2908.62535,0.04392
2906.69655,0.04365
2904.76775,0.04346
2902.83896,0.04290
2900.91016,0.04202
2898.98136,0.04093
2897.05257,0.03996
2895.12377,0.03964
2893.19497,0.03967
2891.26618,0.03939
2889.33738,0.03871
2887.40858,0.03794
2885.47979,0.03748
2883.55099,0.03742
2881.62219,0.03733
2879.69340,0.03710
2877.76460,0.03694
2875.83580,0.03668
2873.90701,0.03617
2871.97821,0.03560
2870.04941,0.03504
2868.12062,0.03461
2866.19182,0.03427
2864.26302,0.03357
2862.33423,0.03279
2860.40543,0.03250
2858.47663,0.03259
2856.54784,0.03263
2854.61904,0.03236
2852.69024,0.03197
2850.76145,0.03181
2848.83265,0.03173
2846.90385,0.03143
2844.97506,0.03129
2843.04626,0.03146
2841.11746,0.03155
2839.18867,0.03151
2837.25987,0.03141
2835.33107,0.03127
2833.40228,0.03117
2831.47348,0.03109
2829.54468,0.03112
2827.61589,0.03123
2825.68709,0.03111
2823.75829,0.03060
2821.82950,0.02995
2819.90070,0.02955
2817.97190,0.02942
2816.04311,0.02923
2814.11431,0.02876
2812.18551,0.02824
2810.25672,0.02795
2808.32792,0.02772
2806.39912,0.02740
2804.47033,0.02714
2802.54153,0.02695
2800.61273,0.02673
2798.68394,0.02641
2796.75514,0.02585
2794.82634,0.02534
2792.89755,0.02536
2790.96875,0.02561
2789.03995,0.02562
2787.11116,0.02534
2785.18236,0.02495
2783.25356,0.02457
2781.32477,0.02427
2779.39597,0.02413
2777.46717,0.02402
2775.53838,0.02373
2773.60958,0.02326
2771.68078,0.02272
2769.75199,0.02213
2767.82319,0.02161
2765.89439,0.02142
2763.96560,0.02154
2762.03680,0.02158
2760.10800,0.02126
2758.17921,0.02081
2756.25041,0.02056
2754.32161,0.02045
2752.39282,0.02027
2750.46402,0.02003
2748.53522,0.01994
2746.60643,0.02007
2744.67763,0.02011
2742.74883,0.01995
2740.82004,0.01983
2738.89124,0.01994
2736.96244,0.02024
2735.03365,0.02044
2733.10485,0.02024
2731.17605,0.01985
2729.24726,0.01964
2727.31846,0.01963
2725.38967,0.01971
2723.46087,0.01978
2721.53207,0.01964
2719.60328,0.01926
2717.67448,0.01886
2715.74568,0.01861
2713.81689,0.01851
2711.88809,0.01845
2709.95929,0.01844
2708.03050,0.01849
2706.10170,0.01853
2704.17290,0.01845
2702.24411,0.01832
2700.31531,0.01836
2698.38651,0.01858
2696.45772,0.01885
2694.52892,0.01912
2692.60012,0.01918
2690.67133,0.01889
2688.74253,0.01861
2686.81373,0.01861
2684.88494,0.01865
2682.95614,0.01858
2681.02734,0.01846
2679.09855,0.01825
2677.16975,0.01803
2675.24095,0.01797
2673.31216,0.01800
2671.38336,0.01790
2669.45456,0.01765
2667.52577,0.01735
2665.59697,0.01715
2663.66817,0.01722
2661.73938,0.01752
2659.81058,0.01771
2657.88178,0.01770
2655.95299,0.01778
2654.02419,0.01799
2652.09539,0.01815
2650.16660,0.01827
2648.23780,0.01849
2646.30900,0.01863
2644.38021,0.01871
2642.45141,0.01899
2640.52261,0.01935
2638.59382,0.01954
2636.66502,0.01970
2634.73622,0.02009
2632.80743,0.02060
2630.87863,0.02101
2628.94983,0.02117
2627.02104,0.02105
2625.09224,0.02087
2623.16344,0.02091
2621.23465,0.02117
2619.30585,0.02147
2617.37705,0.02165
2615.44826,0.02177
2613.51946,0.02190
2611.59066,0.02206
2609.66187,0.02239
2607.73307,0.02278
2605.80427,0.02294
2603.87548,0.02292
2601.94668,0.02310
2600.01788,0.02360
2598.08909,0.02416
2596.16029,0.02446
2594.23149,0.02444
2592.30270,0.02440
2590.37390,0.02471
2588.44510,0.02523
2586.51631,0.02545
2584.58751,0.02523
2582.65871,0.02491
2580.72992,0.02469
2578.80112,0.02462
2576.87232,0.02495
2574.94353,0.02559
2573.01473,0.02584
2571.08593,0.02547
2569.15714,0.02506
2567.22834,0.02485
2565.29954,0.02475
2563.37075,0.02474
2561.44195,0.02469
2559.51315,0.02488
2557.58436,0.02560
2555.65556,0.02622
2553.72676,0.02635
2551.79797,0.02639
2549.86917,0.02657
2547.94037,0.02673
2546.01158,0.02669
2544.08278,0.02661
2542.15398,0.02677
2540.22519,0.02694
2538.29639,0.02706
2536.36759,0.02738
2534.43880,0.02748
2532.51000,0.02722
2530.58120,0.02695
2528.65241,0.02669
2526.72361,0.02632
2524.79481,0.02604
2522.86602,0.02596
2520.93722,0.02595
2519.00842,0.02603
2517.07963,0.02628
2515.15083,0.02648
2513.22203,0.02651
2511.29324,0.02647
2509.36444,0.02643
2507.43564,0.02656
2505.50685,0.02684
2503.57805,0.02708
2501.64925,0.02740
2499.72046,0.02777
2497.79166,0.02782
2495.86286,0.02746
2493.93407,0.02703
2492.00527,0.02692
2490.07647,0.02718
2488.14768,0.02750
2486.21888,0.02753
2484.29008,0.02730
2482.36129,0.02712
2480.43249,0.02699
2478.50369,0.02669
2476.57490,0.02633
2474.64610,0.02618
2472.71730,0.02612
2470.78851,0.02599
2468.85971,0.02597
2466.93091,0.02598
2465.00212,0.02576
2463.07332,0.02572
2461.14452,0.02618
2459.21573,0.02674
2457.28693,0.02692
2455.35813,0.02690
2453.42934,0.02697
2451.50054,0.02697
2449.57174,0.02698
2447.64295,0.02718
2445.71415,0.02721
2443.78535,0.02722
2441.85656,0.02750
2439.92776,0.02748
2437.99896,0.02710
2436.07017,0.02686
2434.14137,0.02671
2432.21257,0.02655
2430.28378,0.02644
2428.35498,0.02622
2426.42618,0.02584
2424.49739,0.02549
2422.56859,0.02511
2420.63979,0.02452
2418.71100,0.02391
2416.78220,0.02383
2414.85340,0.02422
2412.92461,0.02458
2410.99581,0.02489
2409.06701,0.02518
2407.13822,0.02521
2405.20942,0.02499
2403.28062,0.02473
2401.35183,0.02443
2399.42303,0.02419
2397.49423,0.02413
2395.56544,0.02409
2393.63664,0.02394
2391.70784,0.02385
2389.77905,0.02402
2387.85025,0.02481
2385.92145,0.02676
2383.99266,0.03047
2382.06386,0.03624
2380.13506,0.04358
2378.20627,0.05155
2376.27747,0.05969
2374.34867,0.06818
2372.41988,0.07718
2370.49108,0.08633
2368.56228,0.09488
2366.63349,0.10238
2364.70469,0.10839
2362.77589,0.11246
2360.84710,0.11439
2358.91830,0.11316
2356.98951,0.10785
2355.06071,0.09910
2353.13191,0.08820
2351.20312,0.07766
2349.27432,0.07215
2347.34552,0.07457
2345.41673,0.08223
2343.48793,0.08777
2341.55913,0.08842
2339.63034,0.08678
2337.70154,0.08462
2335.77274,0.08283
2333.84395,0.08217
2331.91515,0.08221
2329.98635,0.08111
2328.05756,0.07872
2326.12876,0.07692
2324.19996,0.07624
2322.27117,0.07485
2320.34237,0.07127
2318.41357,0.06663
2316.48478,0.06281
2314.55598,0.06048
2312.62718,0.05905
2310.69839,0.05724
2308.76959,0.05450
2306.84079,0.05132
2304.91200,0.04834
2302.98320,0.04599
2301.05440,0.04425
2299.12561,0.04270
2297.19681,0.04126
2295.26801,0.04020
2293.33922,0.03937
2291.41042,0.03827
2289.48162,0.03718
2287.55283,0.03699
2285.62403,0.03749
2283.69523,0.03797
2281.76644,0.03869
2279.83764,0.03993
2277.90884,0.04128
2275.98005,0.04235
2274.05125,0.04315
2272.12245,0.04395
2270.19366,0.04510
2268.26486,0.04666
2266.33606,0.04802
2264.40727,0.04870
2262.47847,0.04924
2260.54967,0.04990
2258.62088,0.05047
2256.69208,0.05097
2254.76328,0.05129
2252.83449,0.05140
2250.90569,0.05178
2248.97689,0.05233
2247.04810,0.05250
2245.11930,0.05281
2243.19050,0.05384
2241.26171,0.05457
2239.33291,0.05475
2237.40411,0.05586
2235.47532,0.05765
2233.54652,0.05861
2231.61772,0.05918
2229.68893,0.06049
2227.76013,0.06244
2225.83133,0.06423
2223.90254,0.06516
2221.97374,0.06538
2220.04494,0.06601
2218.11615,0.06777
2216.18735,0.07008
2214.25855,0.07164
2212.32976,0.07195
2210.40096,0.07239
2208.47216,0.07399
2206.54337,0.07581
2204.61457,0.07716
2202.68577,0.07802
2200.75698,0.07797
2198.82818,0.07691
2196.89938,0.07619
2194.97059,0.07754
2193.04179,0.08027
2191.11299,0.08311
2189.18420,0.08631
2187.25540,0.08908
2185.32660,0.09027
2183.39781,0.09055
2181.46901,0.09156
2179.54021,0.09303
2177.61142,0.09358
2175.68262,0.09384
2173.75382,0.09422
2171.82503,0.09453
2169.89623,0.09584
2167.96743,0.09888
2166.03864,0.10377
2164.10984,0.11005
2162.18104,0.11708
2160.25225,0.12254
2158.32345,0.12071
2156.39465,0.11223
2154.46586,0.10398
2152.53706,0.09719
2150.60826,0.09038
2148.67947,0.08489
2146.75067,0.08101
2144.82187,0.07645
2142.89308,0.07102
2140.96428,0.06704
2139.03548,0.06550
2137.10669,0.06433
2135.17789,0.06195
2133.24909,0.05862
2131.32030,0.05497
2129.39150,0.05183
2127.46270,0.04962
2125.53391,0.04795
2123.60511,0.04649
2121.67631,0.04567
2119.74752,0.04562
2117.81872,0.04563
2115.88992,0.04557
2113.96113,0.04578
2112.03233,0.04595
2110.10353,0.04556
2108.17474,0.04522
2106.24594,0.04564
2104.31714,0.04628
2102.38835,0.04644
2100.45955,0.04620
2098.53075,0.04586
2096.60196,0.04539
2094.67316,0.04467
2092.74436,0.04391
2090.81557,0.04341
2088.88677,0.04297
2086.95797,0.04211
2085.02918,0.04132
2083.10038,0.04144
2081.17158,0.04244
2079.24279,0.04342
2077.31399,0.04398
2075.38519,0.04472
2073.45640,0.04572
2071.52760,0.04638
2069.59880,0.04694
2067.67001,0.04829
2065.74121,0.04987
2063.81241,0.05024
2061.88362,0.04962
2059.95482,0.04936
2058.02602,0.04981
2056.09723,0.05059
2054.16843,0.05159
2052.23963,0.05283
2050.31084,0.05486
2048.38204,0.05765
2046.45324,0.05971
2044.52445,0.06154
2042.59565,0.06407
2040.66685,0.06588
2038.73806,0.06658
2036.80926,0.06782
2034.88046,0.07040
2032.95167,0.07302
2031.02287,0.07337
2029.09407,0.07087
2027.16528,0.06802
2025.23648,0.06722
2023.30768,0.06821
2021.37889,0.06885
2019.45009,0.06792
2017.52129,0.06607
2015.59250,0.06407
2013.66370,0.06253
2011.73490,0.06232
2009.80611,0.06292
2007.87731,0.06155
2005.94851,0.05813
2004.01972,0.05537
2002.09092,0.05401
2000.16212,0.05354
1998.23333,0.05244
1996.30453,0.05014
1994.37574,0.04902
1992.44694,0.05056
1990.51814,0.05274
1988.58935,0.05293
1986.66055,0.05099
1984.73175,0.04946
1982.80296,0.04985
1980.87416,0.05142
1978.94536,0.05373
1977.01657,0.05468
1975.08777,0.05370
1973.15897,0.05270
1971.23018,0.05111
1969.30138,0.04957
1967.37258,0.04854
1965.44379,0.04660
1963.51499,0.04444
1961.58619,0.04278
1959.65740,0.04030
1957.72860,0.03695
1955.79980,0.03430
1953.87101,0.03256
1951.94221,0.03131
1950.01341,0.03054
1948.08462,0.03020
1946.15582,0.03072
1944.22702,0.03196
1942.29823,0.03108
1940.36943,0.02747
1938.44063,0.02505
1936.51184,0.02492
1934.58304,0.02501
1932.65424,0.02450
1930.72545,0.02393
1928.79665,0.02344
1926.86785,0.02348
1924.93906,0.02467
1923.01026,0.02543
1921.08146,0.02520
1919.15267,0.02519
1917.22387,0.02404
1915.29507,0.02149
1913.36628,0.02034
1911.43748,0.02113
1909.50868,0.02166
1907.57989,0.02064
1905.65109,0.01896
1903.72229,0.01780
1901.79350,0.01736
1899.86470,0.01742
1897.93590,0.01807
1896.00711,0.01881
1894.07831,0.01882
1892.14951,0.01934
1890.22072,0.02062
1888.29192,0.02011
1886.36312,0.01829
1884.43433,0.01724
1882.50553,0.01678
1880.57673,0.01659
1878.64794,0.01639
1876.71914,0.01607
1874.79034,0.01618
1872.86155,0.01830
1870.93275,0.02333
1869.00395,0.02720
1867.07516,0.02492
1865.14636,0.02002
1863.21756,0.01735
1861.28877,0.01671
1859.35997,0.01642
1857.43117,0.01586
1855.50238,0.01528
1853.57358,0.01505
1851.64478,0.01548
1849.71599,0.01725
1847.78719,0.02065
1845.85839,0.02487
1843.92960,0.02568
1842.00080,0.02143
1840.07200,0.01788
1838.14321,0.01731
1836.21441,0.01748
1834.28561,0.01803
1832.35682,0.02124
1830.42802,0.02538
1828.49922,0.02606
1826.57043,0.02487
1824.64163,0.02318
1822.71283,0.02020
1820.78404,0.01810
1818.85524,0.01790
1816.92644,0.01797
1814.99765,0.01832
1813.06885,0.02017
1811.14005,0.02191
1809.21126,0.02124
1807.28246,0.01944
1805.35366,0.01939
1803.42487,0.02218
1801.49607,0.02537
1799.56727,0.02574
1797.63848,0.02473
1795.70968,0.02614
1793.78088,0.03032
1791.85209,0.03177
1789.92329,0.02721
1787.99449,0.02323
1786.06570,0.02333
1784.13690,0.02497
1782.20810,0.02649
1780.27931,0.02724
1778.35051,0.02701
1776.42171,0.02873
1774.49292,0.03430
1772.56412,0.03957
1770.63532,0.03872
1768.70653,0.03413
1766.77773,0.02984
1764.84893,0.02877
1762.92014,0.03129
1760.99134,0.03295
1759.06254,0.03278
1757.13375,0.03274
1755.20495,0.03276
1753.27615,0.03595
1751.34736,0.04337
1749.41856,0.04780
1747.48976,0.04591
1745.56097,0.04322
1743.63217,0.04278
1741.70337,0.04383
1739.77458,0.04446
1737.84578,0.04557
1735.91698,0.05115
1733.98819,0.05781
1732.05939,0.05601
1730.13059,0.05042
1728.20180,0.04634
1726.27300,0.04531
1724.34420,0.04752
1722.41541,0.05161
1720.48661,0.05979
1718.55781,0.07281
1716.62902,0.08030
1714.70022,0.07655
1712.77142,0.07134
1710.84263,0.07101
1708.91383,0.07660
1706.98503,0.08660
1705.05624,0.09640
1703.12744,0.10571
1701.19864,0.12012
1699.26985,0.13469
1697.34105,0.14265
1695.41225,0.14778
1693.48346,0.15243
1691.55466,0.16241
1689.62586,0.17980
1687.69707,0.20043
1685.76827,0.22690
1683.83947,0.25642
1681.91068,0.27131
1679.98188,0.28029
1678.05308,0.29489
1676.12429,0.31622
1674.19549,0.33848
1672.26669,0.35731
1670.33790,0.37594
1668.40910,0.38932
1666.48030,0.39593
1664.55151,0.40536
1662.62271,0.41684
1660.69391,0.42307
1658.76512,0.42767
1656.83632,0.43784
1654.90752,0.45613
1652.97873,0.47104
1651.04993,0.47009
1649.12113,0.47339
1647.19234,0.48387
1645.26354,0.48888
1643.33474,0.49138
1641.40595,0.50136
1639.47715,0.51983
1637.54835,0.54593
1635.61956,0.57324
1633.69076,0.58778
1631.76197,0.59731
1629.83317,0.61227
1627.90437,0.62933
1625.97558,0.64246
1624.04678,0.65028
1622.11798,0.65029
1620.18919,0.64610
1618.26039,0.64310
1616.33159,0.63535
1614.40280,0.62185
1612.47400,0.61209
1610.54520,0.60802
1608.61641,0.60707
1606.68761,0.60766
1604.75881,0.61069
1602.83002,0.61598
1600.90122,0.62162
1598.97242,0.62669
1597.04363,0.63081
1595.11483,0.63218
1593.18603,0.62879
1591.25724,0.62076
1589.32844,0.60837
1587.39964,0.59201
1585.47085,0.57252
1583.54205,0.55047
1581.61325,0.52762
1579.68446,0.50793
1577.75566,0.48924
1575.82686,0.46094
1573.89807,0.43100
1571.96927,0.41067
1570.04047,0.39138
1568.11168,0.36772
1566.18288,0.34624
1564.25408,0.33024
1562.32529,0.32341
1560.39649,0.32546
1558.46769,0.31495
1556.53890,0.28853
1554.61010,0.26785
1552.68130,0.25363
1550.75251,0.24317
1548.82371,0.23409
1546.89491,0.22933
1544.96612,0.23131
1543.03732,0.23634
1541.10852,0.23694
1539.17973,0.22220
1537.25093,0.20496
1535.32213,0.19824
1533.39334,0.19460
1531.46454,0.18710
1529.53574,0.18245
1527.60695,0.18322
1525.67815,0.18479
1523.74935,0.18675
1521.82056,0.18785
1519.89176,0.18404
1517.96296,0.17881
1516.03417,0.17237
1514.10537,0.16542
1512.17657,0.16446
1510.24778,0.17261
1508.31898,0.18526
1506.39018,0.18299
1504.46139,0.16569
1502.53259,0.15706
1500.60379,0.15900
1498.67500,0.16567
1496.74620,0.16958
1494.81740,0.16964
1492.88861,0.17450
1490.95981,0.18770
1489.03101,0.20000
1487.10222,0.20349
1485.17342,0.20581
1483.24462,0.21348
1481.31583,0.22576
1479.38703,0.24036
1477.45823,0.25823
1475.52944,0.27964
1473.60064,0.29991
1471.67184,0.31081
1469.74305,0.31369
1467.81425,0.31930
1465.88545,0.32932
1463.95666,0.33566
1462.02786,0.33811
1460.09906,0.34469
1458.17027,0.35237
1456.24147,0.34337
1454.31267,0.32282
1452.38388,0.30585
1450.45508,0.29278
1448.52628,0.27977
1446.59749,0.26346
1444.66869,0.24646
1442.73989,0.23181
1440.81110,0.22084
1438.88230,0.21445
1436.95350,0.20721
1435.02471,0.19393
1433.09591,0.18172
1431.16711,0.17352
1429.23832,0.16535
1427.30952,0.15757
1425.38072,0.15281
1423.45193,0.14976
1421.52313,0.14865
1419.59433,0.14905
1417.66554,0.14374
1415.73674,0.13370
1413.80794,0.12651
1411.87915,0.12290
1409.95035,0.12037
1408.02155,0.11900
1406.09276,0.11898
1404.16396,0.11755
1402.23516,0.11572
1400.30637,0.11706
1398.37757,0.11965
1396.44877,0.11983
1394.51998,0.11611
1392.59118,0.11002
1390.66238,0.10693
1388.73359,0.10788
1386.80479,0.10742
1384.87599,0.10337
1382.94720,0.10003
1381.01840,0.09919
1379.08960,0.09962
1377.16081,0.10123
1375.23201,0.10326
1373.30321,0.10225
1371.37442,0.09887
1369.44562,0.09678
1367.51682,0.09612
1365.58803,0.09751
1363.65923,0.10083
1361.73043,0.10098
1359.80164,0.09704
1357.87284,0.09402
1355.94404,0.09320
1354.01525,0.09276
1352.08645,0.09215
1350.15765,0.09183
1348.22886,0.09156
1346.30006,0.09118
1344.37126,0.09158
1342.44247,0.09431
1340.51367,0.09842
1338.58487,0.09926
1336.65608,0.09577
1334.72728,0.09205
1332.79848,0.09027
1330.86969,0.08973
1328.94089,0.08942
1327.01209,0.08902
1325.08330,0.08874
1323.15450,0.08892
1321.22570,0.08985
1319.29691,0.09082
1317.36811,0.09078
1315.43931,0.09021
1313.51052,0.08970
1311.58172,0.08890
1309.65292,0.08808
1307.72413,0.08768
1305.79533,0.08742
1303.86653,0.08721
1301.93774,0.08717
1300.00894,0.08728
1298.08014,0.08746
1296.15135,0.08746
1294.22255,0.08727
1292.29375,0.08724
1290.36496,0.08748
1288.43616,0.08760
1286.50736,0.08722
1284.57857,0.08666
1282.64977,0.08637
1280.72097,0.08627
1278.79218,0.08612
1276.86338,0.08598
1274.93458,0.08613
1273.00579,0.08660
1271.07699,0.08692
1269.14820,0.08678
1267.21940,0.08643
1265.29060,0.08620
1263.36181,0.08627
1261.43301,0.08660
1259.50421,0.08682
1257.57542,0.08681
1255.64662,0.08687
1253.71782,0.08709
1251.78903,0.08734
1249.86023,0.08755
1247.93143,0.08769
1246.00264,0.08781
1244.07384,0.08787
1242.14504,0.08778
1240.21625,0.08761
1238.28745,0.08749
1236.35865,0.08745
1234.42986,0.08748
1232.50106,0.08756
1230.57226,0.08769
1228.64347,0.08792
1226.71467,0.08826
1224.78587,0.08859
1222.85708,0.08886
1220.92828,0.08919
1218.99948,0.08963
1217.07069,0.09013
1215.14189,0.09072
1213.21309,0.09141
1211.28430,0.09210
1209.35550,0.09276
1207.42670,0.09352
1205.49791,0.09440
1203.56911,0.09536
1201.64031,0.09640
1199.71152,0.09754
1197.78272,0.09873
1195.85392,0.09999
1193.92513,0.10141
1191.99633,0.10305
1190.06753,0.10498
1188.13874,0.10722
1186.20994,0.10974
1184.28114,0.11255
1182.35235,0.11581
1180.42355,0.11960
1178.49475,0.12392
1176.56596,0.12871
1174.63716,0.13381
1172.70836,0.13907
1170.77957,0.14445
1168.85077,0.14992
1166.92197,0.15531
1164.99318,0.16033
1163.06438,0.16468
1161.13558,0.16812
1159.20679,0.17042
1157.27799,0.17139
1155.34919,0.17096
1153.42040,0.16917
1151.49160,0.16612
1149.56280,0.16204
1147.63401,0.15718
1145.70521,0.15180
1143.77641,0.14622
1141.84762,0.14076
1139.91882,0.13555
1137.99002,0.13067
1136.06123,0.12618
1134.13243,0.12215
1132.20363,0.11855
1130.27484,0.11538
1128.34604,0.11259
1126.41724,0.11019
1124.48845,0.10817
1122.55965,0.10644
1120.63085,0.10489
1118.70206,0.10348
1116.77326,0.10226
1114.84446,0.10124
1112.91567,0.10037
1110.98687,0.09961
1109.05807,0.09893
1107.12928,0.09835
1105.20048,0.09781
1103.27168,0.09733
1101.34289,0.09691
1099.41409,0.09654
1097.48529,0.09624
1095.55650,0.09604
1093.62770,0.09595
1091.69890,0.09597
1089.77011,0.09614
1087.84131,0.09643
1085.91251,0.09683
1083.98372,0.09733
1082.05492,0.09792
1080.12612,0.09858
1078.19733,0.09929
1076.26853,0.10006
1074.33973,0.10085
1072.41094,0.10157
1070.48214,0.10221
1068.55334,0.10277
1066.62455,0.10323
1064.69575,0.10354
1062.76695,0.10364
1060.83816,0.10359
1058.90936,0.10345
1056.98056,0.10317
1055.05177,0.10274
1053.12297,0.10217
1051.19417,0.10151
1049.26538,0.10081
1047.33658,0.10011
1045.40778,0.09943
1043.47899,0.09877
1041.55019,0.09812
1039.62139,0.09749
1037.69260,0.09693
1035.76380,0.09649
1033.83500,0.09614
1031.90621,0.09580
1029.97741,0.09549
1028.04861,0.09521
1026.11982,0.09496
1024.19102,0.09477
1022.26222,0.09465
1020.33343,0.09464
1018.40463,0.09477
1016.47583,0.09502
1014.54704,0.09532
1012.61824,0.09562
1010.68944,0.09584
1008.76065,0.09586
1006.83185,0.09567
1004.90305,0.09530
1002.97426,0.09485
1001.04546,0.09441
999.11666,0.09405
997.18787,0.09382
995.25907,0.09375
993.33027,0.09380
991.40148,0.09389
989.47268,0.09398
987.54388,0.09412
985.61509,0.09433
983.68629,0.09456
981.75749,0.09480
979.82870,0.09507
977.89990,0.09534
975.97110,0.09563
974.04231,0.09594
972.11351,0.09628
970.18471,0.09663
968.25592,0.09694
966.32712,0.09721
964.39832,0.09748
962.46953,0.09774
960.54073,0.09797
958.61193,0.09819
956.68314,0.09844
954.75434,0.09872
952.82554,0.09904
950.89675,0.09939
948.96795,0.09976
947.03915,0.10014
945.11036,0.10059
943.18156,0.10114
941.25276,0.10174
939.32397,0.10235
937.39517,0.10303
935.46637,0.10376
933.53758,0.10450
931.60878,0.10528
929.67998,0.10610
927.75119,0.10693
925.82239,0.10780
923.89359,0.10872
921.96480,0.10965
920.03600,0.11056
918.10720,0.11147
916.17841,0.11236
914.24961,0.11319
912.32081,0.11401
910.39202,0.11487
908.46322,0.11576
906.53443,0.11667
904.60563,0.11760
902.67683,0.11858
900.74804,0.11963
898.81924,0.12077
896.89044,0.12196
894.96165,0.12319
893.03285,0.12445
891.10405,0.12574
889.17526,0.12710
887.24646,0.12856
885.31766,0.13010
883.38887,0.13169
881.46007,0.13334
879.53127,0.13501
877.60248,0.13670
875.67368,0.13843
873.74488,0.14020
871.81609,0.14196
869.88729,0.14367
867.95849,0.14542
866.02970,0.14723
864.10090,0.14903
862.17210,0.15076
860.24331,0.15248
858.31451,0.15429
856.38571,0.15620
854.45692,0.15814
852.52812,0.16011
850.59932,0.16215
848.67053,0.16428
846.74173,0.16648
844.81293,0.16878
842.88414,0.17122
840.95534,0.17375
839.02654,0.17627
837.09775,0.17871
835.16895,0.18117
833.24015,0.18367
831.31136,0.18615
829.38256,0.18864
827.45376,0.19115
825.52497,0.19361
823.59617,0.19606
821.66737,0.19863
819.73858,0.20128
817.80978,0.20390
815.88098,0.20649
813.95219,0.20908
812.02339,0.21169
810.09459,0.21429
808.16580,0.21690
806.23700,0.21949
804.30820,0.22215
802.37941,0.22500
800.45061,0.22816
798.52181,0.23167
796.59302,0.23546
794.66422,0.23938
792.73542,0.24345
790.80663,0.24765
788.87783,0.25170
786.94903,0.25544
785.02024,0.25890
783.09144,0.26181
781.16264,0.26391
779.23385,0.26544
777.30505,0.26679
775.37625,0.26821
773.44746,0.26981
771.51866,0.27156
769.58986,0.27340
767.66107,0.27537
765.73227,0.27740
763.80347,0.27943
761.87468,0.28150
759.94588,0.28373
758.01708,0.28619
756.08829,0.28880
754.15949,0.29150
752.23069,0.29437
750.30190,0.29740
748.37310,0.30038
