3496.90832,0.01798
3494.97953,0.02557
3493.05073,0.03351
3491.12193,0.03571
3489.19314,0.03244
3487.26434,0.02938
3485.33554,0.03051
3483.40675,0.03485
3481.47795,0.03905
3479.54915,0.03772
3477.62036,0.03429
3475.69156,0.03472
3473.76276,0.03460
3471.83397,0.03132
3469.90517,0.02956
3467.97637,0.03233
3466.04758,0.03549
3464.11878,0.03341
3462.18998,0.02777
3460.26119,0.02520
3458.33239,0.02848
3456.40359,0.03237
3454.47480,0.03093
3452.54600,0.02587
3450.61721,0.02439
3448.68841,0.03232
3446.75961,0.04172
3444.83082,0.03738
3442.90202,0.02560
3440.97322,0.02010
3439.04443,0.02017
3437.11563,0.02263
3435.18683,0.02461
3433.25804,0.02126
3431.32924,0.01429
3429.40044,0.00967
3427.47165,0.00747
3425.54285,0.00560
3423.61405,0.00610
3421.68526,0.00675
3419.75646,0.00514
3417.82766,0.00866
3415.89887,0.01673
3413.97007,0.01683
3412.04127,0.00763
3410.11248,-0.00194
3408.18368,-0.01060
3406.25488,-0.01525
3404.32609,-0.00555
3402.39729,0.01203
3400.46849,0.02032
3398.53970,0.01765
3396.61090,0.01398
3394.68210,0.01355
3392.75331,0.00974
3390.82451,-0.00174
3388.89571,-0.01044
3386.96692,-0.00532
3385.03812,0.00332
3383.10932,0.00499
3381.18053,0.00533
3379.25173,0.00677
3377.32293,0.00786
3375.39414,0.00877
3373.46534,0.01151
3371.53654,0.01652
3369.60775,0.02166
3367.67895,0.02432
3365.75015,0.02205
3363.82136,0.01766
3361.89256,0.01633
3359.96376,0.01967
3358.03497,0.02454
3356.10617,0.02647
3354.17737,0.02556
3352.24858,0.02808
3350.31978,0.03582
3348.39098,0.03518
3346.46219,0.02299
3344.53339,0.01877
3342.60459,0.02497
3340.67580,0.02969
3338.74700,0.03028
3336.81820,0.02562
3334.88941,0.01904
3332.96061,0.01991
3331.03181,0.02440
3329.10302,0.01928
3327.17422,0.00725
3325.24542,-0.00155
3323.31663,-0.00414
3321.38783,0.00026
3319.45903,0.00544
3317.53024,0.00369
3315.60144,-0.00111
3313.67264,-0.00492
3311.74385,-0.00860
3309.81505,-0.00757
3307.88625,0.00030
3305.95746,0.00564
3304.02866,0.00128
3302.09986,-0.00810
3300.17107,-0.01496
3298.24227,-0.01593
3296.31347,-0.01299
3294.38468,-0.01052
3292.45588,-0.00828
3290.52708,-0.00456
3288.59829,-0.00259
3286.66949,-0.00649
3284.74069,-0.01181
3282.81190,-0.00984
3280.88310,-0.00535
3278.95430,-0.00539
3277.02551,-0.00283
3275.09671,0.00223
3273.16791,-0.00047
3271.23912,-0.00478
3269.31032,-0.00250
3267.38152,-0.00030
3265.45273,-0.00165
3263.52393,-0.00309
3261.59513,-0.00577
3259.66634,-0.01264
3257.73754,-0.01796
3255.80874,-0.01489
3253.87995,-0.00763
3251.95115,-0.00198
3250.02235,-0.00077
3248.09356,-0.00470
3246.16476,-0.00817
3244.23596,-0.00773
3242.30717,-0.00536
3240.37837,-0.00332
3238.44957,-0.00334
3236.52078,-0.00279
3234.59198,-0.00063
3232.66318,-0.00289
3230.73439,-0.00861
3228.80559,-0.00986
3226.87679,-0.00583
3224.94800,0.00064
3223.01920,0.00872
3221.09040,0.01418
3219.16161,0.01320
3217.23281,0.01146
3215.30401,0.01409
3213.37522,0.01592
3211.44642,0.01423
3209.51762,0.01312
3207.58883,0.01373
3205.66003,0.01405
3203.73123,0.01495
3201.80244,0.01786
3199.87364,0.02066
3197.94484,0.02146
3196.01605,0.02229
3194.08725,0.02519
3192.15845,0.02738
3190.22966,0.02707
3188.30086,0.02606
3186.37206,0.02495
3184.44327,0.02333
3182.51447,0.02104
3180.58567,0.01872
3178.65688,0.01520
3176.72808,0.00962
3174.79928,0.00711
3172.87049,0.00813
3170.94169,0.00664
3169.01289,0.00547
3167.08410,0.00994
3165.15530,0.01392
3163.22650,0.01116
3161.29771,0.00557
3159.36891,0.00334
3157.44011,0.00459
3155.51132,0.00588
3153.58252,0.00672
3151.65372,0.00717
3149.72493,0.00476
3147.79613,0.00038
3145.86733,-0.00149
3143.93854,0.00061
3142.00974,0.00404
3140.08094,0.00614
3138.15215,0.00688
3136.22335,0.00755
3134.29455,0.00768
3132.36576,0.00593
3130.43696,0.00337
3128.50816,0.00181
3126.57937,0.00157
3124.65057,0.00291
3122.72177,0.00622
3120.79298,0.00986
3118.86418,0.01088
3116.93538,0.00856
3115.00659,0.00522
3113.07779,0.00380
3111.14899,0.00464
3109.22020,0.00529
3107.29140,0.00485
3105.36260,0.00471
3103.43381,0.00478
3101.50501,0.00417
3099.57621,0.00312
3097.64742,0.00252
3095.71862,0.00288
3093.78982,0.00295
3091.86103,0.00264
3089.93223,0.00336
3088.00344,0.00383
3086.07464,0.00253
3084.14584,0.00166
3082.21705,0.00323
3080.28825,0.00540
3078.35945,0.00571
3076.43066,0.00489
3074.50186,0.00457
3072.57306,0.00463
3070.64427,0.00442
3068.71547,0.00404
3066.78667,0.00413
3064.85788,0.00494
3062.92908,0.00557
3061.00028,0.00525
3059.07149,0.00506
3057.14269,0.00561
3055.21389,0.00564
3053.28510,0.00480
3051.35630,0.00440
3049.42750,0.00483
3047.49871,0.00548
3045.56991,0.00617
3043.64111,0.00656
3041.71232,0.00653
3039.78352,0.00658
3037.85472,0.00646
3035.92593,0.00582
3033.99713,0.00535
3032.06833,0.00575
3030.13954,0.00666
3028.21074,0.00722
3026.28194,0.00720
3024.35315,0.00699
3022.42435,0.00691
3020.49555,0.00706
3018.56676,0.00752
3016.63796,0.00798
3014.70916,0.00815
3012.78037,0.00812
3010.85157,0.00782
3008.92277,0.00736
3006.99398,0.00695
3005.06518,0.00669
3003.13638,0.00688
3001.20759,0.00764
2999.27879,0.00848
2997.34999,0.00889
2995.42120,0.00856
2993.49240,0.00772
2991.56360,0.00722
2989.63481,0.00753
2987.70601,0.00820
2985.77721,0.00869
2983.84842,0.00880
2981.91962,0.00862
2979.99082,0.00855
2978.06203,0.00867
2976.13323,0.00875
2974.20443,0.00890
2972.27564,0.00904
2970.34684,0.00889
2968.41804,0.00897
2966.48925,0.00951
2964.56045,0.00986
2962.63165,0.00998
2960.70286,0.01022
2958.77406,0.01037
2956.84526,0.01059
2954.91647,0.01122
2952.98767,0.01183
2951.05887,0.01188
2949.13008,0.01164
2947.20128,0.01168
2945.27248,0.01201
2943.34369,0.01208
2941.41489,0.01171
2939.48609,0.01100
2937.55730,0.01018
2935.62850,0.00989
2933.69970,0.01043
2931.77091,0.01125
2929.84211,0.01160
2927.91331,0.01154
2925.98452,0.01169
2924.05572,0.01208
2922.12692,0.01237
2920.19813,0.01255
2918.26933,0.01282
2916.34053,0.01325
2914.41174,0.01364
2912.48294,0.01360
2910.55414,0.01320
2908.62535,0.01279
2906.69655,0.01242
2904.76775,0.01211
2902.83896,0.01187
2900.91016,0.01158
2898.98136,0.01149
2897.05257,0.01184
2895.12377,0.01213
2893.19497,0.01203
2891.26618,0.01197
2889.33738,0.01247
2887.40858,0.01336
2885.47979,0.01396
2883.55099,0.01411
2881.62219,0.01411
2879.69340,0.01399
2877.76460,0.01405
2875.83580,0.01453
2873.90701,0.01476
2871.97821,0.01468
2870.04941,0.01482
2868.12062,0.01517
2866.19182,0.01544
2864.26302,0.01555
2862.33423,0.01563
2860.40543,0.01581
2858.47663,0.01594
2856.54784,0.01597
2854.61904,0.01601
2852.69024,0.01612
2850.76145,0.01627
2848.83265,0.01641
2846.90385,0.01660
2844.97506,0.01687
2843.04626,0.01710
2841.11746,0.01740
2839.18867,0.01785
2837.25987,0.01820
2835.33107,0.01838
2833.40228,0.01861
2831.47348,0.01881
2829.54468,0.01871
2827.61589,0.01858
2825.68709,0.01883
2823.75829,0.01904
2821.82950,0.01880
2819.90070,0.01860
2817.97190,0.01887
2816.04311,0.01926
2814.11431,0.01930
2812.18551,0.01909
2810.25672,0.01898
2808.32792,0.01905
2806.39912,0.01911
2804.47033,0.01901
2802.54153,0.01882
2800.61273,0.01872
2798.68394,0.01860
2796.75514,0.01834
2794.82634,0.01806
2792.89755,0.01781
2790.96875,0.01766
2789.03995,0.01769
2787.11116,0.01779
2785.18236,0.01755
2783.25356,0.01703
2781.32477,0.01667
2779.39597,0.01653
2777.46717,0.01645
2775.53838,0.01647
2773.60958,0.01657
2771.68078,0.01658
2769.75199,0.01639
2767.82319,0.01622
2765.89439,0.01625
2763.96560,0.01639
2762.03680,0.01642
2760.10800,0.01609
2758.17921,0.01554
2756.25041,0.01525
2754.32161,0.01536
2752.39282,0.01552
2750.46402,0.01552
2748.53522,0.01535
2746.60643,0.01510
2744.67763,0.01499
2742.74883,0.01501
2740.82004,0.01501
2738.89124,0.01503
2736.96244,0.01511
2735.03365,0.01523
2733.10485,0.01539
2731.17605,0.01547
2729.24726,0.01547
2727.31846,0.01558
2725.38967,0.01581
2723.46087,0.01606
2721.53207,0.01636
2719.60328,0.01645
2717.67448,0.01605
2715.74568,0.01551
2713.81689,0.01532
2711.88809,0.01539
2709.95929,0.01544
2708.03050,0.01540
2706.10170,0.01548
2704.17290,0.01571
2702.24411,0.01581
2700.31531,0.01570
2698.38651,0.01563
2696.45772,0.01567
2694.52892,0.01569
2692.60012,0.01566
2690.67133,0.01553
2688.74253,0.01523
2686.81373,0.01491
2684.88494,0.01478
2682.95614,0.01490
2681.02734,0.01523
2679.09855,0.01565
2677.16975,0.01589
2675.24095,0.01580
2673.31216,0.01556
2671.38336,0.01553
2669.45456,0.01561
2667.52577,0.01553
2665.59697,0.01540
2663.66817,0.01531
2661.73938,0.01517
2659.81058,0.01514
2657.88178,0.01529
2655.95299,0.01544
2654.02419,0.01546
2652.09539,0.01534
2650.16660,0.01523
2648.23780,0.01538
2646.30900,0.01575
2644.38021,0.01605
2642.45141,0.01615
2640.52261,0.01606
2638.59382,0.01600
2636.66502,0.01618
2634.73622,0.01645
2632.80743,0.01666
2630.87863,0.01697
2628.94983,0.01740
2627.02104,0.01764
2625.09224,0.01768
2623.16344,0.01779
2621.23465,0.01795
2619.30585,0.01811
2617.37705,0.01836
2615.44826,0.01859
2613.51946,0.01859
2611.59066,0.01857
2609.66187,0.01874
2607.73307,0.01880
2605.80427,0.01864
2603.87548,0.01867
2601.94668,0.01907
2600.01788,0.01944
2598.08909,0.01925
2596.16029,0.01868
2594.23149,0.01843
2592.30270,0.01864
2590.37390,0.01886
2588.44510,0.01887
2586.51631,0.01884
2584.58751,0.01907
2582.65871,0.01944
2580.72992,0.01957
2578.80112,0.01943
2576.87232,0.01931
2574.94353,0.01938
2573.01473,0.01940
2571.08593,0.01915
2569.15714,0.01889
2567.22834,0.01878
2565.29954,0.01868
2563.37075,0.01870
2561.44195,0.01893
2559.51315,0.01917
2557.58436,0.01936
2555.65556,0.01967
2553.72676,0.01972
2551.79797,0.01937
2549.86917,0.01928
2547.94037,0.01951
2546.01158,0.01946
2544.08278,0.01905
2542.15398,0.01868
2540.22519,0.01854
2538.29639,0.01841
2536.36759,0.01830
2534.43880,0.01839
2532.51000,0.01864
2530.58120,0.01898
2528.65241,0.01927
2526.72361,0.01918
2524.79481,0.01881
2522.86602,0.01883
2520.93722,0.01946
2519.00842,0.01997
2517.07963,0.01967
2515.15083,0.01890
2513.22203,0.01834
2511.29324,0.01821
2509.36444,0.01831
2507.43564,0.01839
2505.50685,0.01849
2503.57805,0.01861
2501.64925,0.01867
2499.72046,0.01864
2497.79166,0.01840
2495.86286,0.01817
2493.93407,0.01813
2492.00527,0.01798
2490.07647,0.01764
2488.14768,0.01754
2486.21888,0.01774
2484.29008,0.01803
2482.36129,0.01825
2480.43249,0.01824
2478.50369,0.01814
2476.57490,0.01805
2474.64610,0.01787
2472.71730,0.01774
2470.78851,0.01793
2468.85971,0.01833
2466.93091,0.01845
2465.00212,0.01804
2463.07332,0.01759
2461.14452,0.01748
2459.21573,0.01733
2457.28693,0.01697
2455.35813,0.01687
2453.42934,0.01698
2451.50054,0.01687
2449.57174,0.01677
2447.64295,0.01688
2445.71415,0.01687
2443.78535,0.01656
2441.85656,0.01645
2439.92776,0.01671
2437.99896,0.01695
2436.07017,0.01702
2434.14137,0.01694
2432.21257,0.01655
2430.28378,0.01603
2428.35498,0.01592
2426.42618,0.01615
2424.49739,0.01604
2422.56859,0.01550
2420.63979,0.01512
2418.71100,0.01518
2416.78220,0.01522
2414.85340,0.01504
2412.92461,0.01483
2410.99581,0.01441
2409.06701,0.01378
2407.13822,0.01333
2405.20942,0.01308
2403.28062,0.01286
2401.35183,0.01269
2399.42303,0.01254
2397.49423,0.01245
2395.56544,0.01240
2393.63664,0.01225
2391.70784,0.01201
2389.77905,0.01206
2387.85025,0.01297
2385.92145,0.01507
2383.99266,0.01833
2382.06386,0.02271
2380.13506,0.02817
2378.20627,0.03421
2376.27747,0.04031
2374.34867,0.04679
2372.41988,0.05404
2370.49108,0.06160
2368.56228,0.06847
2366.63349,0.07408
2364.70469,0.07826
2362.77589,0.08088
2360.84710,0.08174
2358.91830,0.08027
2356.98951,0.07631
2355.06071,0.06992
2353.13191,0.06125
2351.20312,0.05247
2349.27432,0.04787
2347.34552,0.04992
2345.41673,0.05620
2343.48793,0.06043
2341.55913,0.06076
2339.63034,0.05957
2337.70154,0.05800
2335.77274,0.05676
2333.84395,0.05640
2331.91515,0.05624
2329.98635,0.05499
2328.05756,0.05293
2326.12876,0.05146
2324.19996,0.05080
2322.27117,0.04960
2320.34237,0.04664
2318.41357,0.04265
2316.48478,0.03945
2314.55598,0.03769
2312.62718,0.03638
2310.69839,0.03453
2308.76959,0.03224
2306.84079,0.02966
2304.91200,0.02694
2302.98320,0.02494
2301.05440,0.02372
2299.12561,0.02244
2297.19681,0.02113
2295.26801,0.02003
2293.33922,0.01895
2291.41042,0.01804
2289.48162,0.01760
2287.55283,0.01745
2285.62403,0.01740
2283.69523,0.01753
2281.76644,0.01797
2279.83764,0.01880
2277.90884,0.01997
2275.98005,0.02105
2274.05125,0.02162
2272.12245,0.02191
2270.19366,0.02238
2268.26486,0.02299
2266.33606,0.02358
2264.40727,0.02407
2262.47847,0.02453
2260.54967,0.02500
2258.62088,0.02547
2256.69208,0.02609
2254.76328,0.02654
2252.83449,0.02620
2250.90569,0.02565
2248.97689,0.02581
2247.04810,0.02640
2245.11930,0.02692
2243.19050,0.02753
2241.26171,0.02850
2239.33291,0.03013
2237.40411,0.03198
2235.47532,0.03261
2233.54652,0.03230
2231.61772,0.03274
2229.68893,0.03389
2227.76013,0.03503
2225.83133,0.03632
2223.90254,0.03740
2221.97374,0.03748
2220.04494,0.03686
2218.11615,0.03662
2216.18735,0.03707
2214.25855,0.03797
2212.32976,0.03878
2210.40096,0.03859
2208.47216,0.03827
2206.54337,0.03906
2204.61457,0.03987
2202.68577,0.04030
2200.75698,0.04119
2198.82818,0.04193
2196.89938,0.04214
2194.97059,0.04239
2193.04179,0.04306
2191.11299,0.04537
2189.18420,0.04908
2187.25540,0.05131
2185.32660,0.05115
2183.39781,0.05067
2181.46901,0.05079
2179.54021,0.05049
2177.61142,0.04995
2175.68262,0.05030
2173.75382,0.05110
2171.82503,0.05208
2169.89623,0.05338
2167.96743,0.05490
2166.03864,0.05821
2164.10984,0.06409
2162.18104,0.07026
2160.25225,0.07255
2158.32345,0.06774
2156.39465,0.06006
2154.46586,0.05507
2152.53706,0.05231
2150.60826,0.04875
2148.67947,0.04417
2146.75067,0.04129
2144.82187,0.03949
2142.89308,0.03619
2140.96428,0.03212
2139.03548,0.02964
2137.10669,0.02912
2135.17789,0.02794
2133.24909,0.02450
2131.32030,0.02086
2129.39150,0.01819
2127.46270,0.01576
2125.53391,0.01367
2123.60511,0.01242
2121.67631,0.01194
2119.74752,0.01204
2117.81872,0.01252
2115.88992,0.01320
2113.96113,0.01378
2112.03233,0.01382
2110.10353,0.01337
2108.17474,0.01317
2106.24594,0.01351
2104.31714,0.01389
2102.38835,0.01397
2100.45955,0.01394
2098.53075,0.01386
2096.60196,0.01336
2094.67316,0.01258
2092.74436,0.01227
2090.81557,0.01253
2088.88677,0.01261
2086.95797,0.01211
2085.02918,0.01151
2083.10038,0.01174
2081.17158,0.01305
2079.24279,0.01471
2077.31399,0.01590
2075.38519,0.01582
2073.45640,0.01476
2071.52760,0.01434
2069.59880,0.01495
2067.67001,0.01588
2065.74121,0.01671
2063.81241,0.01721
2061.88362,0.01761
2059.95482,0.01817
2058.02602,0.01900
2056.09723,0.01970
2054.16843,0.01955
2052.23963,0.01961
2050.31084,0.02148
2048.38204,0.02401
2046.45324,0.02584
2044.52445,0.02768
2042.59565,0.02883
2040.66685,0.02870
2038.73806,0.02898
2036.80926,0.03015
2034.88046,0.03191
2032.95167,0.03379
2031.02287,0.03389
2029.09407,0.03255
2027.16528,0.03230
2025.23648,0.03367
2023.30768,0.03476
2021.37889,0.03424
2019.45009,0.03330
2017.52129,0.03224
2015.59250,0.03072
2013.66370,0.03022
2011.73490,0.03127
2009.80611,0.03216
2007.87731,0.03088
2005.94851,0.02754
2004.01972,0.02403
2002.09092,0.02200
2000.16212,0.02113
1998.23333,0.01982
1996.30453,0.01914
1994.37574,0.02033
1992.44694,0.02117
1990.51814,0.01991
1988.58935,0.01839
1986.66055,0.01810
1984.73175,0.01870
1982.80296,0.02009
1980.87416,0.02185
1978.94536,0.02344
1977.01657,0.02483
1975.08777,0.02591
1973.15897,0.02612
1971.23018,0.02518
1969.30138,0.02446
1967.37258,0.02396
1965.44379,0.02176
1963.51499,0.01835
1961.58619,0.01569
1959.65740,0.01378
1957.72860,0.01218
1955.79980,0.01123
1953.87101,0.01067
1951.94221,0.01004
1950.01341,0.00967
1948.08462,0.00982
1946.15582,0.01007
1944.22702,0.01049
1942.29823,0.01034
1940.36943,0.00834
1938.44063,0.00601
1936.51184,0.00514
1934.58304,0.00517
1932.65424,0.00500
1930.72545,0.00462
1928.79665,0.00444
1926.86785,0.00476
1924.93906,0.00584
1923.01026,0.00675
1921.08146,0.00693
1919.15267,0.00709
1917.22387,0.00626
1915.29507,0.00427
1913.36628,0.00343
1911.43748,0.00428
1909.50868,0.00491
1907.57989,0.00418
1905.65109,0.00297
1903.72229,0.00233
1901.79350,0.00205
1899.86470,0.00198
1897.93590,0.00251
1896.00711,0.00316
1894.07831,0.00329
1892.14951,0.00387
1890.22072,0.00485
1888.29192,0.00414
1886.36312,0.00235
1884.43433,0.00138
1882.50553,0.00120
1880.57673,0.00125
1878.64794,0.00116
1876.71914,0.00095
1874.79034,0.00101
1872.86155,0.00255
1870.93275,0.00631
1869.00395,0.00918
1867.07516,0.00740
1865.14636,0.00356
1863.21756,0.00145
1861.28877,0.00113
1859.35997,0.00131
1857.43117,0.00125
1855.50238,0.00093
1853.57358,0.00071
1851.64478,0.00099
1849.71599,0.00227
1847.78719,0.00478
1845.85839,0.00795
1843.92960,0.00842
1842.00080,0.00486
1840.07200,0.00187
1838.14321,0.00132
1836.21441,0.00139
1834.28561,0.00181
1832.35682,0.00431
1830.42802,0.00737
1828.49922,0.00764
1826.57043,0.00658
1824.64163,0.00520
1822.71283,0.00269
1820.78404,0.00088
1818.85524,0.00080
1816.92644,0.00102
1814.99765,0.00137
1813.06885,0.00281
1811.14005,0.00414
1809.21126,0.00358
1807.28246,0.00214
1805.35366,0.00207
1803.42487,0.00418
1801.49607,0.00653
1799.56727,0.00653
1797.63848,0.00541
1795.70968,0.00628
1793.78088,0.00938
1791.85209,0.01020
1789.92329,0.00617
1787.99449,0.00267
1786.06570,0.00244
1784.13690,0.00338
1782.20810,0.00427
1780.27931,0.00454
1778.35051,0.00408
1776.42171,0.00524
1774.49292,0.00950
1772.56412,0.01346
1770.63532,0.01252
1768.70653,0.00858
1766.77773,0.00485
1764.84893,0.00374
1762.92014,0.00547
1760.99134,0.00635
1759.06254,0.00568
1757.13375,0.00517
1755.20495,0.00472
1753.27615,0.00673
1751.34736,0.01198
1749.41856,0.01477
1747.48976,0.01259
1745.56097,0.00972
1743.63217,0.00852
1741.70337,0.00844
1739.77458,0.00799
1737.84578,0.00800
1735.91698,0.01170
1733.98819,0.01597
1732.05939,0.01326
1730.13059,0.00765
1728.20180,0.00332
1726.27300,0.00144
1724.34420,0.00210
1722.41541,0.00426
1720.48661,0.00980
1718.55781,0.01896
1716.62902,0.02336
1714.70022,0.01907
1712.77142,0.01391
1710.84263,0.01273
1708.91383,0.01629
1706.98503,0.02337
1705.05624,0.03043
1703.12744,0.03753
1701.19864,0.04900
1699.26985,0.06063
1697.34105,0.06730
1695.41225,0.07229
1693.48346,0.07707
1691.55466,0.08617
1689.62586,0.10156
1687.69707,0.11989
1685.76827,0.14332
1683.83947,0.16953
1681.91068,0.18345
1679.98188,0.19213
1678.05308,0.20544
1676.12429,0.22409
1674.19549,0.24307
1672.26669,0.25882
1670.33790,0.27415
1668.40910,0.28486
1666.48030,0.28939
1664.55151,0.29557
1662.62271,0.30280
1660.69391,0.30541
1658.76512,0.30653
1656.83632,0.31228
1654.90752,0.32442
1652.97873,0.33200
1651.04993,0.32705
1649.12113,0.32723
1647.19234,0.33355
1645.26354,0.33606
1643.33474,0.33784
1641.40595,0.34694
1639.47715,0.36406
1637.54835,0.38868
1635.61956,0.41674
1633.69076,0.43597
1631.76197,0.45077
1629.83317,0.47085
1627.90437,0.49394
1625.97558,0.51368
1624.04678,0.52872
1622.11798,0.53699
1620.18919,0.54012
1618.26039,0.54319
1616.33159,0.54246
1614.40280,0.53623
1612.47400,0.53240
1610.54520,0.53345
1608.61641,0.53765
1606.68761,0.54387
1604.75881,0.55291
1602.83002,0.56447
1600.90122,0.57669
1598.97242,0.58854
1597.04363,0.59936
1595.11483,0.60748
1593.18603,0.61079
1591.25724,0.60912
1589.32844,0.60247
1587.39964,0.59084
1585.47085,0.57494
1583.54205,0.55538
1581.61325,0.53388
1579.68446,0.51404
1577.75566,0.49362
1575.82686,0.46350
1573.89807,0.43247
1571.96927,0.41005
1570.04047,0.38732
1568.11168,0.36082
1566.18288,0.33711
1564.25408,0.31847
1562.32529,0.30819
1560.39649,0.30468
1558.46769,0.28873
1556.53890,0.26159
1554.61010,0.24085
1552.68130,0.22558
1550.75251,0.21351
1548.82371,0.20284
1546.89491,0.19617
1544.96612,0.19525
1543.03732,0.19682
1541.10852,0.19465
1539.17973,0.18003
1537.25093,0.16423
1535.32213,0.15746
1533.39334,0.15304
1531.46454,0.14560
1529.53574,0.14075
1527.60695,0.14031
1525.67815,0.14052
1523.74935,0.14117
1521.82056,0.14110
1519.89176,0.13716
1517.96296,0.13230
1516.03417,0.12650
1514.10537,0.12026
1512.17657,0.11894
1510.24778,0.12511
1508.31898,0.13504
1506.39018,0.13321
1504.46139,0.11931
1502.53259,0.11246
1500.60379,0.11455
1498.67500,0.12089
1496.74620,0.12546
1494.81740,0.12713
1492.88861,0.13277
1490.95981,0.14569
1489.03101,0.15878
1487.10222,0.16531
1485.17342,0.17110
1483.24462,0.18163
1481.31583,0.19653
1479.38703,0.21364
1477.45823,0.23356
1475.52944,0.25677
1473.60064,0.27989
1471.67184,0.29610
1469.74305,0.30465
1467.81425,0.31430
1465.88545,0.32766
1463.95666,0.33788
1462.02786,0.34359
1460.09906,0.35138
1458.17027,0.35926
1456.24147,0.35242
1454.31267,0.33453
1452.38388,0.31837
1450.45508,0.30433
1448.52628,0.28914
1446.59749,0.27029
1444.66869,0.25066
1442.73989,0.23286
1440.81110,0.21822
1438.88230,0.20758
1436.95350,0.19559
1435.02471,0.17882
1433.09591,0.16433
1431.16711,0.15363
1429.23832,0.14305
1427.30952,0.13331
1425.38072,0.12650
1423.45193,0.12141
1421.52313,0.11833
1419.59433,0.11651
1417.66554,0.11007
1415.73674,0.10030
1413.80794,0.09310
1411.87915,0.08878
1409.95035,0.08537
1408.02155,0.08304
1406.09276,0.08185
1404.16396,0.07955
1402.23516,0.07710
1400.30637,0.07734
1398.37757,0.07858
1396.44877,0.07792
1394.51998,0.07416
1392.59118,0.06850
1390.66238,0.06540
1388.73359,0.06563
1386.80479,0.06471
1384.87599,0.06097
1382.94720,0.05788
1381.01840,0.05686
1379.08960,0.05685
1377.16081,0.05778
1375.23201,0.05904
1373.30321,0.05786
1371.37442,0.05478
1369.44562,0.05275
1367.51682,0.05191
1365.58803,0.05276
1363.65923,0.05512
1361.73043,0.05492
1359.80164,0.05148
1357.87284,0.04881
1355.94404,0.04793
1354.01525,0.04736
1352.08645,0.04668
1350.15765,0.04625
1348.22886,0.04589
1346.30006,0.04551
1344.37126,0.04582
1342.44247,0.04804
1340.51367,0.05138
1338.58487,0.05216
1336.65608,0.04958
1334.72728,0.04681
1332.79848,0.04550
1330.86969,0.04511
1328.94089,0.04481
1327.01209,0.04438
1325.08330,0.04397
1323.15450,0.04392
1321.22570,0.04444
1319.29691,0.04500
1317.36811,0.04476
1315.43931,0.04412
1313.51052,0.04354
1311.58172,0.04274
1309.65292,0.04192
1307.72413,0.04145
1305.79533,0.04113
1303.86653,0.04088
1301.93774,0.04077
1300.00894,0.04080
1298.08014,0.04091
1296.15135,0.04091
1294.22255,0.04080
1292.29375,0.04084
1290.36496,0.04112
1288.43616,0.04131
1286.50736,0.04111
1284.57857,0.04075
1282.64977,0.04060
1280.72097,0.04062
1278.79218,0.04061
1276.86338,0.04062
1274.93458,0.04081
1273.00579,0.04124
1271.07699,0.04164
1269.14820,0.04181
1267.21940,0.04188
1265.29060,0.04206
1263.36181,0.04240
1261.43301,0.04276
1259.50421,0.04283
1257.57542,0.04260
1255.64662,0.04240
1253.71782,0.04236
1251.78903,0.04242
1249.86023,0.04252
1247.93143,0.04266
1246.00264,0.04286
1244.07384,0.04301
1242.14504,0.04304
1240.21625,0.04301
1238.28745,0.04300
1236.35865,0.04304
1234.42986,0.04311
1232.50106,0.04319
1230.57226,0.04328
1228.64347,0.04341
1226.71467,0.04362
1224.78587,0.04387
1222.85708,0.04413
1220.92828,0.04445
1218.99948,0.04487
1217.07069,0.04534
1215.14189,0.04591
1213.21309,0.04661
1211.28430,0.04735
1209.35550,0.04811
1207.42670,0.04900
1205.49791,0.05003
1203.56911,0.05119
1201.64031,0.05248
1199.71152,0.05396
1197.78272,0.05560
1195.85392,0.05739
1193.92513,0.05939
1191.99633,0.06168
1190.06753,0.06430
1188.13874,0.06729
1186.20994,0.07061
1184.28114,0.07429
1182.35235,0.07845
1180.42355,0.08322
1178.49475,0.08853
1176.56596,0.09432
1174.63716,0.10051
1172.70836,0.10699
1170.77957,0.11365
1168.85077,0.12037
1166.92197,0.12692
1164.99318,0.13302
1163.06438,0.13834
1161.13558,0.14258
1159.20679,0.14548
1157.27799,0.14679
1155.34919,0.14639
1153.42040,0.14435
1151.49160,0.14080
1149.56280,0.13596
1147.63401,0.13018
1145.70521,0.12382
1143.77641,0.11719
1141.84762,0.11059
1139.91882,0.10423
1137.99002,0.09823
1136.06123,0.09265
1134.13243,0.08760
1132.20363,0.08311
1130.27484,0.07913
1128.34604,0.07561
1126.41724,0.07254
1124.48845,0.06985
1122.55965,0.06750
1120.63085,0.06544
1118.70206,0.06364
1116.77326,0.06207
1114.84446,0.06071
1112.91567,0.05955
1110.98687,0.05861
1109.05807,0.05782
1107.12928,0.05712
1105.20048,0.05651
1103.27168,0.05598
1101.34289,0.05554
1099.41409,0.05517
1097.48529,0.05487
1095.55650,0.05468
1093.62770,0.05459
1091.69890,0.05461
1089.77011,0.05472
1087.84131,0.05490
1085.91251,0.05517
1083.98372,0.05553
1082.05492,0.05595
1080.12612,0.05641
1078.19733,0.05693
1076.26853,0.05751
1074.33973,0.05810
1072.41094,0.05865
1070.48214,0.05910
1068.55334,0.05946
1066.62455,0.05972
1064.69575,0.05988
1062.76695,0.05988
1060.83816,0.05973
1058.90936,0.05944
1056.98056,0.05902
1055.05177,0.05849
1053.12297,0.05787
1051.19417,0.05715
1049.26538,0.05633
1047.33658,0.05549
1045.40778,0.05465
1043.47899,0.05379
1041.55019,0.05291
1039.62139,0.05203
1037.69260,0.05116
1035.76380,0.05034
1033.83500,0.04958
1031.90621,0.04885
1029.97741,0.04816
1028.04861,0.04754
1026.11982,0.04697
1024.19102,0.04644
1022.26222,0.04594
1020.33343,0.04552
1018.40463,0.04522
1016.47583,0.04501
1014.54704,0.04486
1012.61824,0.04469
1010.68944,0.04443
1008.76065,0.04396
1006.83185,0.04327
1004.90305,0.04240
1002.97426,0.04145
1001.04546,0.04053
999.11666,0.03969
997.18787,0.03900
995.25907,0.03842
993.33027,0.03791
991.40148,0.03744
989.47268,0.03697
987.54388,0.03648
985.61509,0.03597
983.68629,0.03545
981.75749,0.03493
979.82870,0.03442
977.89990,0.03389
975.97110,0.03337
974.04231,0.03290
972.11351,0.03245
970.18471,0.03200
968.25592,0.03152
966.32712,0.03104
964.39832,0.03056
962.46953,0.03009
960.54073,0.02962
958.61193,0.02913
956.68314,0.02862
954.75434,0.02809
952.82554,0.02757
950.89675,0.02707
948.96795,0.02656
947.03915,0.02601
945.11036,0.02545
943.18156,0.02491
941.25276,0.02436
939.32397,0.02384
937.39517,0.02334
935.46637,0.02282
933.53758,0.02230
931.60878,0.02180
929.67998,0.02129
927.75119,0.02072
925.82239,0.02011
923.89359,0.01949
921.96480,0.01886
920.03600,0.01824
918.10720,0.01762
916.17841,0.01701
914.24961,0.01640
912.32081,0.01576
910.39202,0.01511
908.46322,0.01445
906.53443,0.01375
904.60563,0.01309
902.67683,0.01246
900.74804,0.01183
898.81924,0.01121
896.89044,0.01061
894.96165,0.00997
893.03285,0.00931
891.10405,0.00860
889.17526,0.00789
887.24646,0.00722
885.31766,0.00659
883.38887,0.00597
881.46007,0.00537
879.53127,0.00484
877.60248,0.00434
875.67368,0.00385
873.74488,0.00343
871.81609,0.00305
869.88729,0.00263
867.95849,0.00215
866.02970,0.00167
864.10090,0.00121
862.17210,0.00075
860.24331,0.00029
858.31451,-0.00014
856.38571,-0.00054
854.45692,-0.00096
852.52812,-0.00140
850.59932,-0.00177
848.67053,-0.00205
846.74173,-0.00232
844.81293,-0.00262
842.88414,-0.00291
840.95534,-0.00316
839.02654,-0.00338
837.09775,-0.00355
835.16895,-0.00358
833.24015,-0.00354
831.31136,-0.00352
829.38256,-0.00352
827.45376,-0.00352
825.52497,-0.00352
823.59617,-0.00345
821.66737,-0.00333
819.73858,-0.00318
817.80978,-0.00300
815.88098,-0.00287
813.95219,-0.00283
812.02339,-0.00264
810.09459,-0.00220
808.16580,-0.00168
806.23700,-0.00123
804.30820,-0.00075
802.37941,-0.00013
800.45061,0.00067
798.52181,0.00167
796.59302,0.00286
794.66422,0.00424
792.73542,0.00571
790.80663,0.00708
788.87783,0.00828
786.94903,0.00922
785.02024,0.00963
783.09144,0.00932
781.16264,0.00828
779.23385,0.00670
777.30505,0.00487
775.37625,0.00311
773.44746,0.00149
771.51866,0.00001
769.58986,-0.00127
767.66107,-0.00231
765.73227,-0.00319
763.80347,-0.00390
761.87468,-0.00439
759.94588,-0.00475
758.01708,-0.00488
756.08829,-0.00467
754.15949,-0.00452
752.23069,-0.00471
750.30190,-0.00502
748.37310,-0.00522
