3496.90832,0.02871
3494.97953,0.02896
3493.05073,0.03024
3491.12193,0.02979
3489.19314,0.02802
3487.26434,0.02947
3485.33554,0.03647
3483.40675,0.04286
3481.47795,0.04154
3479.54915,0.03654
3477.62036,0.03614
3475.69156,0.03820
3473.76276,0.03742
3471.83397,0.03596
3469.90517,0.03743
3467.97637,0.04101
3466.04758,0.04182
3464.11878,0.03627
3462.18998,0.02760
3460.26119,0.02403
3458.33239,0.02852
3456.40359,0.03332
3454.47480,0.03066
3452.54600,0.02330
3450.61721,0.02107
3448.68841,0.02767
3446.75961,0.03179
3444.83082,0.02528
3442.90202,0.02004
3440.97322,0.02382
3439.04443,0.02624
3437.11563,0.02263
3435.18683,0.01892
3433.25804,0.01705
3431.32924,0.01505
3429.40044,0.01087
3427.47165,0.00624
3425.54285,0.00675
3423.61405,0.01191
3421.68526,0.01321
3419.75646,0.00793
3417.82766,0.00443
3415.89887,0.00628
3413.97007,0.00705
3412.04127,0.00597
3410.11248,0.00645
3408.18368,0.00671
3406.25488,0.00566
3404.32609,0.00753
3402.39729,0.01206
3400.46849,0.01220
3398.53970,0.01035
3396.61090,0.01337
3394.68210,0.01754
3392.75331,0.01833
3390.82451,0.01124
3388.89571,-0.00189
3386.96692,-0.00416
3385.03812,0.00752
3383.10932,0.01871
3381.18053,0.02451
3379.25173,0.02867
3377.32293,0.03169
3375.39414,0.03005
3373.46534,0.02310
3371.53654,0.01656
3369.60775,0.01742
3367.67895,0.02352
3365.75015,0.02772
3363.82136,0.02968
3361.89256,0.03022
3359.96376,0.02791
3358.03497,0.02749
3356.10617,0.03185
3354.17737,0.03336
3352.24858,0.02919
3350.31978,0.02504
3348.39098,0.01994
3346.46219,0.01371
3344.53339,0.01395
3342.60459,0.01810
3340.67580,0.01830
3338.74700,0.01727
3336.81820,0.01693
3334.88941,0.01435
3332.96061,0.01341
3331.03181,0.01660
3329.10302,0.01667
3327.17422,0.01064
3325.24542,0.00413
3323.31663,0.00386
3321.38783,0.00982
3319.45903,0.01502
3317.53024,0.01420
3315.60144,0.00776
3313.67264,0.00032
3311.74385,-0.00105
3309.81505,0.00363
3307.88625,0.00831
3305.95746,0.00881
3304.02866,0.00392
3302.09986,-0.00461
3300.17107,-0.01136
3298.24227,-0.01181
3296.31347,-0.00744
3294.38468,-0.00288
3292.45588,0.00080
3290.52708,0.00359
3288.59829,0.00426
3286.66949,0.00185
3284.74069,-0.00215
3282.81190,-0.00393
3280.88310,-0.00435
3278.95430,-0.00432
3277.02551,-0.00034
3275.09671,0.00590
3273.16791,0.00886
3271.23912,0.00883
3269.31032,0.00700
3267.38152,0.00537
3265.45273,0.00638
3263.52393,0.00451
3261.59513,-0.00106
3259.66634,-0.00516
3257.73754,-0.00914
3255.80874,-0.01031
3253.87995,-0.00313
3251.95115,0.00611
3250.02235,0.00939
3248.09356,0.00882
3246.16476,0.00666
3244.23596,0.00090
3242.30717,-0.00456
3240.37837,-0.00549
3238.44957,-0.00493
3236.52078,-0.00231
3234.59198,0.00451
3232.66318,0.00912
3230.73439,0.00725
3228.80559,0.00459
3226.87679,0.00500
3224.94800,0.00747
3223.01920,0.01405
3221.09040,0.02117
3219.16161,0.02079
3217.23281,0.01830
3215.30401,0.02154
3213.37522,0.02537
3211.44642,0.02424
3209.51762,0.02067
3207.58883,0.01921
3205.66003,0.02149
3203.73123,0.02453
3201.80244,0.02496
3199.87364,0.02328
3197.94484,0.02143
3196.01605,0.02034
3194.08725,0.02126
3192.15845,0.02356
3190.22966,0.02479
3188.30086,0.02434
3186.37206,0.02176
3184.44327,0.01811
3182.51447,0.01600
3180.58567,0.01551
3178.65688,0.01547
3176.72808,0.01599
3174.79928,0.01720
3172.87049,0.01645
3170.94169,0.01269
3169.01289,0.01064
3167.08410,0.01312
3165.15530,0.01589
3163.22650,0.01485
3161.29771,0.01156
3159.36891,0.00881
3157.44011,0.00778
3155.51132,0.00884
3153.58252,0.00960
3151.65372,0.00876
3149.72493,0.00828
3147.79613,0.00757
3145.86733,0.00688
3143.93854,0.00828
3142.00974,0.00908
3140.08094,0.00765
3138.15215,0.00763
3136.22335,0.01021
3134.29455,0.01222
3132.36576,0.01213
3130.43696,0.01185
3128.50816,0.01244
3126.57937,0.01314
3124.65057,0.01322
3122.72177,0.01359
3120.79298,0.01549
3118.86418,0.01617
3116.93538,0.01317
3115.00659,0.00931
3113.07779,0.00771
3111.14899,0.00803
3109.22020,0.00836
3107.29140,0.00831
3105.36260,0.00900
3103.43381,0.00980
3101.50501,0.00957
3099.57621,0.00902
3097.64742,0.00943
3095.71862,0.01102
3093.78982,0.01219
3091.86103,0.01204
3089.93223,0.01172
3088.00344,0.01130
3086.07464,0.01052
3084.14584,0.01050
3082.21705,0.01178
3080.28825,0.01322
3078.35945,0.01306
3076.43066,0.01143
3074.50186,0.01060
3072.57306,0.01113
3070.64427,0.01163
3068.71547,0.01188
3066.78667,0.01239
3064.85788,0.01297
3062.92908,0.01320
3061.00028,0.01325
3059.07149,0.01363
3057.14269,0.01429
3055.21389,0.01459
3053.28510,0.01426
3051.35630,0.01395
3049.42750,0.01430
3047.49871,0.01455
3045.56991,0.01393
3043.64111,0.01352
3041.71232,0.01387
3039.78352,0.01401
3037.85472,0.01384
3035.92593,0.01417
3033.99713,0.01477
3032.06833,0.01495
3030.13954,0.01482
3028.21074,0.01475
3026.28194,0.01449
3024.35315,0.01398
3022.42435,0.01389
3020.49555,0.01450
3018.56676,0.01502
3016.63796,0.01492
3014.70916,0.01494
3012.78037,0.01526
3010.85157,0.01482
3008.92277,0.01397
3006.99398,0.01427
3005.06518,0.01540
3003.13638,0.01595
3001.20759,0.01600
2999.27879,0.01628
2997.34999,0.01655
2995.42120,0.01637
2993.49240,0.01601
2991.56360,0.01612
2989.63481,0.01660
2987.70601,0.01687
2985.77721,0.01692
2983.84842,0.01701
2981.91962,0.01697
2979.99082,0.01669
2978.06203,0.01661
2976.13323,0.01701
2974.20443,0.01731
2972.27564,0.01719
2970.34684,0.01715
2968.41804,0.01758
2966.48925,0.01818
2964.56045,0.01843
2962.63165,0.01836
2960.70286,0.01859
2958.77406,0.01925
2956.84526,0.01960
2954.91647,0.01928
2952.98767,0.01899
2951.05887,0.01901
2949.13008,0.01892
2947.20128,0.01883
2945.27248,0.01884
2943.34369,0.01854
2941.41489,0.01816
2939.48609,0.01815
2937.55730,0.01832
2935.62850,0.01841
2933.69970,0.01851
2931.77091,0.01875
2929.84211,0.01891
2927.91331,0.01884
2925.98452,0.01889
2924.05572,0.01923
2922.12692,0.01951
2920.19813,0.01954
2918.26933,0.01946
2916.34053,0.01951
2914.41174,0.01985
2912.48294,0.02021
2910.55414,0.02029
2908.62535,0.02006
2906.69655,0.01974
2904.76775,0.01960
2902.83896,0.01946
2900.91016,0.01920
2898.98136,0.01923
2897.05257,0.01957
2895.12377,0.01966
2893.19497,0.01945
2891.26618,0.01945
2889.33738,0.01978
2887.40858,0.02020
2885.47979,0.02051
2883.55099,0.02075
2881.62219,0.02095
2879.69340,0.02089
2877.76460,0.02076
2875.83580,0.02090
2873.90701,0.02106
2871.97821,0.02133
2870.04941,0.02187
2868.12062,0.02221
2866.19182,0.02224
2864.26302,0.02214
2862.33423,0.02207
2860.40543,0.02232
2858.47663,0.02263
2856.54784,0.02256
2854.61904,0.02254
2852.69024,0.02286
2850.76145,0.02301
2848.83265,0.02273
2846.90385,0.02244
2844.97506,0.02250
2843.04626,0.02277
2841.11746,0.02304
2839.18867,0.02325
2837.25987,0.02328
2835.33107,0.02307
2833.40228,0.02288
2831.47348,0.02294
2829.54468,0.02310
2827.61589,0.02315
2825.68709,0.02324
2823.75829,0.02346
2821.82950,0.02371
2819.90070,0.02390
2817.97190,0.02408
2816.04311,0.02429
2814.11431,0.02431
2812.18551,0.02393
2810.25672,0.02348
2808.32792,0.02341
2806.39912,0.02372
2804.47033,0.02402
2802.54153,0.02405
2800.61273,0.02399
2798.68394,0.02380
2796.75514,0.02332
2794.82634,0.02297
2792.89755,0.02303
2790.96875,0.02305
2789.03995,0.02276
2787.11116,0.02247
2785.18236,0.02224
2783.25356,0.02196
2781.32477,0.02172
2779.39597,0.02154
2777.46717,0.02137
2775.53838,0.02132
2773.60958,0.02151
2771.68078,0.02174
2769.75199,0.02183
2767.82319,0.02173
2765.89439,0.02147
2763.96560,0.02132
2762.03680,0.02145
2760.10800,0.02150
2758.17921,0.02132
2756.25041,0.02116
2754.32161,0.02105
2752.39282,0.02093
2750.46402,0.02087
2748.53522,0.02072
2746.60643,0.02041
2744.67763,0.02034
2742.74883,0.02058
2740.82004,0.02078
2738.89124,0.02066
2736.96244,0.02028
2735.03365,0.02005
2733.10485,0.02027
2731.17605,0.02054
2729.24726,0.02051
2727.31846,0.02052
2725.38967,0.02082
2723.46087,0.02118
2721.53207,0.02150
2719.60328,0.02165
2717.67448,0.02149
2715.74568,0.02120
2713.81689,0.02102
2711.88809,0.02097
2709.95929,0.02095
2708.03050,0.02088
2706.10170,0.02089
2704.17290,0.02103
2702.24411,0.02099
2700.31531,0.02078
2698.38651,0.02075
2696.45772,0.02087
2694.52892,0.02092
2692.60012,0.02089
2690.67133,0.02089
2688.74253,0.02083
2686.81373,0.02058
2684.88494,0.02029
2682.95614,0.02018
2681.02734,0.02034
2679.09855,0.02067
2677.16975,0.02099
2675.24095,0.02114
2673.31216,0.02113
2671.38336,0.02107
2669.45456,0.02103
2667.52577,0.02099
2665.59697,0.02092
2663.66817,0.02079
2661.73938,0.02050
2659.81058,0.02031
2657.88178,0.02046
2655.95299,0.02073
2654.02419,0.02081
2652.09539,0.02062
2650.16660,0.02037
2648.23780,0.02042
2646.30900,0.02081
2644.38021,0.02114
2642.45141,0.02122
2640.52261,0.02126
2638.59382,0.02133
2636.66502,0.02141
2634.73622,0.02157
2632.80743,0.02176
2630.87863,0.02183
2628.94983,0.02178
2627.02104,0.02182
2625.09224,0.02220
2623.16344,0.02272
2621.23465,0.02305
2619.30585,0.02317
2617.37705,0.02325
2615.44826,0.02335
2613.51946,0.02343
2611.59066,0.02352
2609.66187,0.02368
2607.73307,0.02382
2605.80427,0.02371
2603.87548,0.02343
2601.94668,0.02329
2600.01788,0.02338
2598.08909,0.02341
2596.16029,0.02332
2594.23149,0.02336
2592.30270,0.02352
2590.37390,0.02365
2588.44510,0.02380
2586.51631,0.02398
2584.58751,0.02434
2582.65871,0.02477
2580.72992,0.02484
2578.80112,0.02462
2576.87232,0.02443
2574.94353,0.02432
2573.01473,0.02428
2571.08593,0.02435
2569.15714,0.02467
2567.22834,0.02486
2565.29954,0.02450
2563.37075,0.02406
2561.44195,0.02400
2559.51315,0.02405
2557.58436,0.02394
2555.65556,0.02384
2553.72676,0.02384
2551.79797,0.02380
2549.86917,0.02389
2547.94037,0.02416
2546.01158,0.02427
2544.08278,0.02413
2542.15398,0.02401
2540.22519,0.02393
2538.29639,0.02353
2536.36759,0.02295
2534.43880,0.02281
2532.51000,0.02322
2530.58120,0.02371
2528.65241,0.02407
2526.72361,0.02423
2524.79481,0.02417
2522.86602,0.02418
2520.93722,0.02427
2519.00842,0.02422
2517.07963,0.02403
2515.15083,0.02380
2513.22203,0.02348
2511.29324,0.02317
2509.36444,0.02300
2507.43564,0.02297
2505.50685,0.02304
2503.57805,0.02313
2501.64925,0.02327
2499.72046,0.02331
2497.79166,0.02290
2495.86286,0.02249
2493.93407,0.02267
2492.00527,0.02300
2490.07647,0.02305
2488.14768,0.02298
2486.21888,0.02299
2484.29008,0.02324
2482.36129,0.02358
2480.43249,0.02346
2478.50369,0.02302
2476.57490,0.02273
2474.64610,0.02273
2472.71730,0.02308
2470.78851,0.02355
2468.85971,0.02361
2466.93091,0.02325
2465.00212,0.02278
2463.07332,0.02234
2461.14452,0.02210
2459.21573,0.02207
2457.28693,0.02208
2455.35813,0.02212
2453.42934,0.02205
2451.50054,0.02187
2449.57174,0.02190
2447.64295,0.02198
2445.71415,0.02182
2443.78535,0.02157
2441.85656,0.02163
2439.92776,0.02188
2437.99896,0.02200
2436.07017,0.02214
2434.14137,0.02234
2432.21257,0.02222
2430.28378,0.02191
2428.35498,0.02196
2426.42618,0.02198
2424.49739,0.02146
2422.56859,0.02087
2420.63979,0.02065
2418.71100,0.02064
2416.78220,0.02055
2414.85340,0.02033
2412.92461,0.02016
2410.99581,0.01997
2409.06701,0.01948
2407.13822,0.01879
2405.20942,0.01835
2403.28062,0.01826
2401.35183,0.01833
2399.42303,0.01836
2397.49423,0.01830
2395.56544,0.01826
2393.63664,0.01825
2391.70784,0.01829
2389.77905,0.01871
2387.85025,0.02010
2385.92145,0.02297
2383.99266,0.02771
2382.06386,0.03432
2380.13506,0.04214
2378.20627,0.05042
2376.27747,0.05891
2374.34867,0.06793
2372.41988,0.07746
2370.49108,0.08661
2368.56228,0.09485
2366.63349,0.10252
2364.70469,0.10884
2362.77589,0.11249
2360.84710,0.11356
2358.91830,0.11221
2356.98951,0.10782
2355.06071,0.09977
2353.13191,0.08840
2351.20312,0.07689
2349.27432,0.07090
2347.34552,0.07351
2345.41673,0.08167
2343.48793,0.08739
2341.55913,0.08784
2339.63034,0.08591
2337.70154,0.08361
2335.77274,0.08220
2333.84395,0.08226
2331.91515,0.08254
2329.98635,0.08100
2328.05756,0.07792
2326.12876,0.07551
2324.19996,0.07431
2322.27117,0.07241
2320.34237,0.06807
2318.41357,0.06227
2316.48478,0.05743
2314.55598,0.05467
2312.62718,0.05278
2310.69839,0.05020
2308.76959,0.04686
2306.84079,0.04309
2304.91200,0.03925
2302.98320,0.03627
2301.05440,0.03440
2299.12561,0.03288
2297.19681,0.03123
2295.26801,0.02943
2293.33922,0.02755
2291.41042,0.02585
2289.48162,0.02474
2287.55283,0.02443
2285.62403,0.02454
2283.69523,0.02457
2281.76644,0.02456
2279.83764,0.02473
2277.90884,0.02502
2275.98005,0.02532
2274.05125,0.02541
2272.12245,0.02553
2270.19366,0.02624
2268.26486,0.02692
2266.33606,0.02675
2264.40727,0.02625
2262.47847,0.02616
2260.54967,0.02672
2258.62088,0.02784
2256.69208,0.02889
2254.76328,0.02952
2252.83449,0.02985
2250.90569,0.02983
2248.97689,0.02974
2247.04810,0.03003
2245.11930,0.03030
2243.19050,0.03037
2241.26171,0.03080
2239.33291,0.03165
2237.40411,0.03282
2235.47532,0.03392
2233.54652,0.03443
2231.61772,0.03509
2229.68893,0.03607
2227.76013,0.03612
2225.83133,0.03558
2223.90254,0.03583
2221.97374,0.03645
2220.04494,0.03626
2218.11615,0.03568
2216.18735,0.03590
2214.25855,0.03677
2212.32976,0.03731
2210.40096,0.03711
2208.47216,0.03705
2206.54337,0.03820
2204.61457,0.03949
2202.68577,0.04015
2200.75698,0.04196
2198.82818,0.04446
2196.89938,0.04502
2194.97059,0.04423
2193.04179,0.04446
2191.11299,0.04611
2189.18420,0.04813
2187.25540,0.04938
2185.32660,0.04876
2183.39781,0.04656
2181.46901,0.04484
2179.54021,0.04423
2177.61142,0.04442
2175.68262,0.04594
2173.75382,0.04731
2171.82503,0.04740
2169.89623,0.04735
2167.96743,0.04779
2166.03864,0.05010
2164.10984,0.05582
2162.18104,0.06277
2160.25225,0.06535
2158.32345,0.06052
2156.39465,0.05356
2154.46586,0.04905
2152.53706,0.04633
2150.60826,0.04334
2148.67947,0.04011
2146.75067,0.03845
2144.82187,0.03703
2142.89308,0.03435
2140.96428,0.03191
2139.03548,0.03085
2137.10669,0.03069
2135.17789,0.02943
2133.24909,0.02637
2131.32030,0.02345
2129.39150,0.02158
2127.46270,0.02011
2125.53391,0.01866
2123.60511,0.01735
2121.67631,0.01676
2119.74752,0.01710
2117.81872,0.01778
2115.88992,0.01838
2113.96113,0.01893
2112.03233,0.01910
2110.10353,0.01876
2108.17474,0.01857
2106.24594,0.01892
2104.31714,0.01933
2102.38835,0.01922
2100.45955,0.01875
2098.53075,0.01836
2096.60196,0.01784
2094.67316,0.01720
2092.74436,0.01711
2090.81557,0.01760
2088.88677,0.01784
2086.95797,0.01738
2085.02918,0.01678
2083.10038,0.01690
2081.17158,0.01807
2079.24279,0.01966
2077.31399,0.02058
2075.38519,0.02030
2073.45640,0.01945
2071.52760,0.01918
2069.59880,0.01968
2067.67001,0.02060
2065.74121,0.02161
2063.81241,0.02208
2061.88362,0.02198
2059.95482,0.02195
2058.02602,0.02209
2056.09723,0.02227
2054.16843,0.02277
2052.23963,0.02385
2050.31084,0.02577
2048.38204,0.02792
2046.45324,0.02919
2044.52445,0.02994
2042.59565,0.03069
2040.66685,0.03144
2038.73806,0.03202
2036.80926,0.03288
2034.88046,0.03520
2032.95167,0.03727
2031.02287,0.03653
2029.09407,0.03489
2027.16528,0.03507
2025.23648,0.03654
2023.30768,0.03724
2021.37889,0.03662
2019.45009,0.03596
2017.52129,0.03471
2015.59250,0.03164
2013.66370,0.02859
2011.73490,0.02746
2009.80611,0.02795
2007.87731,0.02864
2005.94851,0.02816
2004.01972,0.02671
2002.09092,0.02561
2000.16212,0.02504
1998.23333,0.02442
1996.30453,0.02476
1994.37574,0.02671
1992.44694,0.02803
1990.51814,0.02711
1988.58935,0.02575
1986.66055,0.02520
1984.73175,0.02525
1982.80296,0.02604
1980.87416,0.02686
1978.94536,0.02671
1977.01657,0.02643
1975.08777,0.02763
1973.15897,0.02819
1971.23018,0.02658
1969.30138,0.02621
1967.37258,0.02723
1965.44379,0.02576
1963.51499,0.02266
1961.58619,0.02077
1959.65740,0.01946
1957.72860,0.01827
1955.79980,0.01763
1953.87101,0.01686
1951.94221,0.01608
1950.01341,0.01597
1948.08462,0.01638
1946.15582,0.01727
1944.22702,0.01872
1942.29823,0.01851
1940.36943,0.01545
1938.44063,0.01266
1936.51184,0.01195
1934.58304,0.01218
1932.65424,0.01212
1930.72545,0.01177
1928.79665,0.01159
1926.86785,0.01223
1924.93906,0.01433
1923.01026,0.01623
1921.08146,0.01667
1919.15267,0.01686
1917.22387,0.01574
1915.29507,0.01285
1913.36628,0.01147
1911.43748,0.01266
1909.50868,0.01353
1907.57989,0.01230
1905.65109,0.01081
1903.72229,0.01047
1901.79350,0.01025
1899.86470,0.00989
1897.93590,0.01041
1896.00711,0.01145
1894.07831,0.01179
1892.14951,0.01264
1890.22072,0.01407
1888.29192,0.01296
1886.36312,0.01029
1884.43433,0.00890
1882.50553,0.00854
1880.57673,0.00852
1878.64794,0.00845
1876.71914,0.00830
1874.79034,0.00867
1872.86155,0.01131
1870.93275,0.01746
1869.00395,0.02241
1867.07516,0.01981
1865.14636,0.01373
1863.21756,0.01038
1861.28877,0.00969
1859.35997,0.00962
1857.43117,0.00933
1855.50238,0.00891
1853.57358,0.00873
1851.64478,0.00931
1849.71599,0.01150
1847.78719,0.01557
1845.85839,0.02051
1843.92960,0.02120
1842.00080,0.01559
1840.07200,0.01086
1838.14321,0.01001
1836.21441,0.01009
1834.28561,0.01068
1832.35682,0.01469
1830.42802,0.01984
1828.49922,0.02050
1826.57043,0.01894
1824.64163,0.01685
1822.71283,0.01279
1820.78404,0.00973
1818.85524,0.00938
1816.92644,0.00966
1814.99765,0.01032
1813.06885,0.01276
1811.14005,0.01501
1809.21126,0.01419
1807.28246,0.01189
1805.35366,0.01175
1803.42487,0.01514
1801.49607,0.01899
1799.56727,0.01903
1797.63848,0.01718
1795.70968,0.01841
1793.78088,0.02324
1791.85209,0.02458
1789.92329,0.01825
1787.99449,0.01266
1786.06570,0.01222
1784.13690,0.01372
1782.20810,0.01522
1780.27931,0.01576
1778.35051,0.01506
1776.42171,0.01692
1774.49292,0.02370
1772.56412,0.03006
1770.63532,0.02859
1768.70653,0.02237
1766.77773,0.01654
1764.84893,0.01478
1762.92014,0.01752
1760.99134,0.01902
1759.06254,0.01813
1757.13375,0.01739
1755.20495,0.01660
1753.27615,0.01978
1751.34736,0.02824
1749.41856,0.03287
1747.48976,0.02946
1745.56097,0.02491
1743.63217,0.02299
1741.70337,0.02278
1739.77458,0.02202
1737.84578,0.02208
1735.91698,0.02803
1733.98819,0.03496
1732.05939,0.03065
1730.13059,0.02159
1728.20180,0.01440
1726.27300,0.01115
1724.34420,0.01198
1722.41541,0.01518
1720.48661,0.02362
1718.55781,0.03776
1716.62902,0.04404
1714.70022,0.03585
1712.77142,0.02603
1710.84263,0.02226
1708.91383,0.02574
1706.98503,0.03421
1705.05624,0.04172
1703.12744,0.04882
1701.19864,0.06139
1699.26985,0.07239
1697.34105,0.07506
1695.41225,0.07332
1693.48346,0.07090
1691.55466,0.07589
1689.62586,0.08939
1687.69707,0.10698
1685.76827,0.13131
1683.83947,0.15598
1681.91068,0.16273
1679.98188,0.16470
1678.05308,0.17417
1676.12429,0.19092
1674.19549,0.20796
1672.26669,0.22209
1670.33790,0.23631
1668.40910,0.24320
1666.48030,0.24301
1664.55151,0.24728
1662.62271,0.25378
1660.69391,0.25432
1658.76512,0.25416
1656.83632,0.26217
1654.90752,0.28039
1652.97873,0.29154
1651.04993,0.28300
1649.12113,0.28216
1647.19234,0.28918
1645.26354,0.28771
1643.33474,0.28398
1641.40595,0.29022
1639.47715,0.30719
1637.54835,0.33326
1635.61956,0.35890
1633.69076,0.36889
1631.76197,0.37527
1629.83317,0.38969
1627.90437,0.40759
1625.97558,0.42227
1624.04678,0.43239
1622.11798,0.43458
1620.18919,0.43305
1618.26039,0.43473
1616.33159,0.43230
1614.40280,0.42233
1612.47400,0.41613
1610.54520,0.41693
1608.61641,0.42100
1606.68761,0.42598
1604.75881,0.43312
1602.83002,0.44236
1600.90122,0.45148
1598.97242,0.45970
1597.04363,0.46710
1595.11483,0.47179
1593.18603,0.47142
1591.25724,0.46627
1589.32844,0.45692
1587.39964,0.44372
1585.47085,0.42765
1583.54205,0.40938
1581.61325,0.39067
1579.68446,0.37582
1577.75566,0.36323
1575.82686,0.34073
1573.89807,0.31427
1571.96927,0.29773
1570.04047,0.28364
1568.11168,0.26391
1566.18288,0.24510
1564.25408,0.23230
1562.32529,0.23006
1560.39649,0.23972
1558.46769,0.23590
1556.53890,0.20899
1554.61010,0.18717
1552.68130,0.17357
1550.75251,0.16467
1548.82371,0.15725
1546.89491,0.15489
1544.96612,0.16109
1543.03732,0.17119
1541.10852,0.17551
1539.17973,0.15997
1537.25093,0.14017
1535.32213,0.13354
1533.39334,0.13126
1531.46454,0.12390
1529.53574,0.11974
1527.60695,0.12256
1525.67815,0.12642
1523.74935,0.13056
1521.82056,0.13358
1519.89176,0.13009
1517.96296,0.12448
1516.03417,0.11711
1514.10537,0.10885
1512.17657,0.10811
1510.24778,0.11906
1508.31898,0.13570
1506.39018,0.13272
1504.46139,0.11005
1502.53259,0.09855
1500.60379,0.10061
1498.67500,0.10852
1496.74620,0.11245
1494.81740,0.11112
1492.88861,0.11586
1490.95981,0.13086
1489.03101,0.14390
1487.10222,0.14514
1485.17342,0.14476
1483.24462,0.15101
1481.31583,0.16274
1479.38703,0.17711
1477.45823,0.19550
1475.52944,0.21812
1473.60064,0.23871
1471.67184,0.24689
1469.74305,0.24583
1467.81425,0.24939
1465.88545,0.25878
1463.95666,0.26388
1462.02786,0.26526
1460.09906,0.27316
1458.17027,0.28364
1456.24147,0.27421
1454.31267,0.25062
1452.38388,0.23214
1450.45508,0.21957
1448.52628,0.20799
1446.59749,0.19261
1444.66869,0.17612
1442.73989,0.16256
1440.81110,0.15356
1438.88230,0.15021
1436.95350,0.14617
1435.02471,0.13399
1433.09591,0.12197
1431.16711,0.11476
1429.23832,0.10753
1427.30952,0.10031
1425.38072,0.09661
1423.45193,0.09490
1421.52313,0.09535
1419.59433,0.09768
1417.66554,0.09256
1415.73674,0.08090
1413.80794,0.07270
1411.87915,0.06908
1409.95035,0.06676
1408.02155,0.06586
1406.09276,0.06669
1404.16396,0.06568
1402.23516,0.06404
1400.30637,0.06645
1398.37757,0.07049
1396.44877,0.07143
1394.51998,0.06726
1392.59118,0.05990
1390.66238,0.05637
1388.73359,0.05816
1386.80479,0.05816
1384.87599,0.05343
1382.94720,0.04955
1381.01840,0.04888
1379.08960,0.04981
1377.16081,0.05219
1375.23201,0.05505
1373.30321,0.05392
1371.37442,0.04963
1369.44562,0.04696
1367.51682,0.04615
1365.58803,0.04797
1363.65923,0.05228
1361.73043,0.05252
1359.80164,0.04747
1357.87284,0.04357
1355.94404,0.04250
1354.01525,0.04194
1352.08645,0.04122
1350.15765,0.04091
1348.22886,0.04066
1346.30006,0.04030
1344.37126,0.04100
1342.44247,0.04474
1340.51367,0.05023
1338.58487,0.05144
1336.65608,0.04703
1334.72728,0.04234
1332.79848,0.04018
1330.86969,0.03963
1328.94089,0.03936
1327.01209,0.03899
1325.08330,0.03876
1323.15450,0.03913
1321.22570,0.04045
1319.29691,0.04177
1317.36811,0.04170
1315.43931,0.04092
1313.51052,0.04023
1311.58172,0.03911
1309.65292,0.03795
1307.72413,0.03738
1305.79533,0.03707
1303.86653,0.03685
1301.93774,0.03683
1300.00894,0.03699
1298.08014,0.03728
1296.15135,0.03744
1294.22255,0.03742
1292.29375,0.03759
1290.36496,0.03810
1288.43616,0.03845
1286.50736,0.03815
1284.57857,0.03756
1282.64977,0.03729
1280.72097,0.03725
1278.79218,0.03713
1276.86338,0.03700
1274.93458,0.03721
1273.00579,0.03782
1271.07699,0.03834
1269.14820,0.03840
1267.21940,0.03827
1265.29060,0.03829
1263.36181,0.03859
1261.43301,0.03903
1259.50421,0.03912
1257.57542,0.03878
1255.64662,0.03851
1253.71782,0.03851
1251.78903,0.03863
1249.86023,0.03879
1247.93143,0.03898
1246.00264,0.03923
1244.07384,0.03944
1242.14504,0.03946
1240.21625,0.03938
1238.28745,0.03932
1236.35865,0.03929
1234.42986,0.03928
1232.50106,0.03925
1230.57226,0.03922
1228.64347,0.03926
1226.71467,0.03941
1224.78587,0.03954
1222.85708,0.03961
1220.92828,0.03975
1218.99948,0.04002
1217.07069,0.04035
1215.14189,0.04080
1213.21309,0.04142
1211.28430,0.04201
1209.35550,0.04256
1207.42670,0.04321
1205.49791,0.04399
1203.56911,0.04486
1201.64031,0.04587
1199.71152,0.04705
1197.78272,0.04831
1195.85392,0.04961
1193.92513,0.05103
1191.99633,0.05265
1190.06753,0.05453
1188.13874,0.05669
1186.20994,0.05903
1184.28114,0.06154
1182.35235,0.06438
1180.42355,0.06773
1178.49475,0.07160
1176.56596,0.07588
1174.63716,0.08043
1172.70836,0.08512
1170.77957,0.08994
1168.85077,0.09488
1166.92197,0.09974
1164.99318,0.10425
1163.06438,0.10817
1161.13558,0.11129
1159.20679,0.11341
1157.27799,0.11435
1155.34919,0.11401
1153.42040,0.11244
1151.49160,0.10976
1149.56280,0.10611
1147.63401,0.10177
1145.70521,0.09701
1143.77641,0.09207
1141.84762,0.08718
1139.91882,0.08248
1137.99002,0.07804
1136.06123,0.07391
1134.13243,0.07012
1132.20363,0.06673
1130.27484,0.06376
1128.34604,0.06121
1126.41724,0.05901
1124.48845,0.05713
1122.55965,0.05551
1120.63085,0.05409
1118.70206,0.05284
1116.77326,0.05176
1114.84446,0.05087
1112.91567,0.05016
1110.98687,0.04960
1109.05807,0.04913
1107.12928,0.04873
1105.20048,0.04838
1103.27168,0.04809
1101.34289,0.04786
1099.41409,0.04770
1097.48529,0.04758
1095.55650,0.04750
1093.62770,0.04752
1091.69890,0.04763
1089.77011,0.04780
1087.84131,0.04799
1085.91251,0.04826
1083.98372,0.04859
1082.05492,0.04898
1080.12612,0.04938
1078.19733,0.04984
1076.26853,0.05038
1074.33973,0.05097
1072.41094,0.05150
1070.48214,0.05195
1068.55334,0.05234
1066.62455,0.05264
1064.69575,0.05280
1062.76695,0.05278
1060.83816,0.05265
1058.90936,0.05242
1056.98056,0.05207
1055.05177,0.05162
1053.12297,0.05108
1051.19417,0.05044
1049.26538,0.04974
1047.33658,0.04902
1045.40778,0.04831
1043.47899,0.04759
1041.55019,0.04683
1039.62139,0.04607
1037.69260,0.04534
1035.76380,0.04466
1033.83500,0.04405
1031.90621,0.04349
1029.97741,0.04298
1028.04861,0.04253
1026.11982,0.04213
1024.19102,0.04172
1022.26222,0.04135
1020.33343,0.04107
1018.40463,0.04089
1016.47583,0.04080
1014.54704,0.04075
1012.61824,0.04069
1010.68944,0.04052
1008.76065,0.04017
1006.83185,0.03962
1004.90305,0.03893
1002.97426,0.03817
1001.04546,0.03742
999.11666,0.03672
997.18787,0.03611
995.25907,0.03557
993.33027,0.03509
991.40148,0.03466
989.47268,0.03424
987.54388,0.03383
985.61509,0.03345
983.68629,0.03309
981.75749,0.03273
979.82870,0.03238
977.89990,0.03205
975.97110,0.03176
974.04231,0.03151
972.11351,0.03129
970.18471,0.03107
968.25592,0.03085
966.32712,0.03057
964.39832,0.03026
962.46953,0.02994
960.54073,0.02965
958.61193,0.02935
956.68314,0.02901
954.75434,0.02862
952.82554,0.02820
950.89675,0.02779
948.96795,0.02736
947.03915,0.02688
945.11036,0.02638
943.18156,0.02589
941.25276,0.02542
939.32397,0.02498
937.39517,0.02458
935.46637,0.02420
933.53758,0.02382
931.60878,0.02348
929.67998,0.02316
927.75119,0.02283
925.82239,0.02245
923.89359,0.02207
921.96480,0.02171
920.03600,0.02137
918.10720,0.02105
916.17841,0.02072
914.24961,0.02032
912.32081,0.01987
910.39202,0.01942
908.46322,0.01899
906.53443,0.01852
904.60563,0.01801
902.67683,0.01748
900.74804,0.01697
898.81924,0.01645
896.89044,0.01592
894.96165,0.01538
893.03285,0.01486
891.10405,0.01438
889.17526,0.01389
887.24646,0.01342
885.31766,0.01299
883.38887,0.01261
881.46007,0.01227
879.53127,0.01200
877.60248,0.01175
875.67368,0.01151
873.74488,0.01128
871.81609,0.01106
869.88729,0.01086
867.95849,0.01066
866.02970,0.01046
864.10090,0.01020
862.17210,0.00989
860.24331,0.00958
858.31451,0.00930
856.38571,0.00899
854.45692,0.00860
852.52812,0.00820
850.59932,0.00784
848.67053,0.00755
846.74173,0.00730
844.81293,0.00711
842.88414,0.00697
840.95534,0.00688
839.02654,0.00686
837.09775,0.00684
835.16895,0.00682
833.24015,0.00689
831.31136,0.00703
829.38256,0.00715
827.45376,0.00729
825.52497,0.00754
823.59617,0.00779
821.66737,0.00792
819.73858,0.00803
817.80978,0.00822
815.88098,0.00838
813.95219,0.00843
812.02339,0.00855
810.09459,0.00889
808.16580,0.00934
806.23700,0.00965
804.30820,0.00991
802.37941,0.01036
800.45061,0.01097
798.52181,0.01152
796.59302,0.01212
794.66422,0.01304
792.73542,0.01420
790.80663,0.01528
788.87783,0.01621
786.94903,0.01695
785.02024,0.01733
783.09144,0.01721
781.16264,0.01665
779.23385,0.01583
777.30505,0.01491
775.37625,0.01392
773.44746,0.01285
771.51866,0.01185
769.58986,0.01097
767.66107,0.01014
765.73227,0.00951
763.80347,0.00918
761.87468,0.00904
759.94588,0.00899
758.01708,0.00908
756.08829,0.00929
754.15949,0.00924
752.23069,0.00878
750.30190,0.00840
748.37310,0.00842
