3496.90832,0.01977
3494.97953,0.02558
3493.05073,0.03143
3491.12193,0.03403
3489.19314,0.03211
3487.26434,0.03123
3485.33554,0.03825
3483.40675,0.04650
3481.47795,0.04555
3479.54915,0.03882
3477.62036,0.03651
3475.69156,0.03996
3473.76276,0.04257
3471.83397,0.04202
3469.90517,0.04402
3467.97637,0.05098
3466.04758,0.05551
3464.11878,0.05002
3462.18998,0.03777
3460.26119,0.03200
3458.33239,0.03775
3456.40359,0.04563
3454.47480,0.04778
3452.54600,0.04329
3450.61721,0.03809
3448.68841,0.03841
3446.75961,0.03971
3444.83082,0.03811
3442.90202,0.03578
3440.97322,0.03235
3439.04443,0.02751
3437.11563,0.02184
3435.18683,0.01449
3433.25804,0.00834
3431.32924,0.00636
3429.40044,0.00481
3427.47165,-0.00016
3425.54285,-0.00399
3423.61405,0.00144
3421.68526,0.00768
3419.75646,0.00378
3417.82766,0.00437
3415.89887,0.01441
3413.97007,0.01369
3412.04127,0.00076
3410.11248,-0.00766
3408.18368,-0.01125
3406.25488,-0.01505
3404.32609,-0.00969
3402.39729,0.00343
3400.46849,0.00804
3398.53970,0.00310
3396.61090,0.00033
3394.68210,0.00216
3392.75331,0.00279
3390.82451,-0.00275
3388.89571,-0.01121
3386.96692,-0.01075
3385.03812,-0.00176
3383.10932,0.00526
3381.18053,0.00826
3379.25173,0.01022
3377.32293,0.01276
3375.39414,0.01167
3373.46534,0.00789
3371.53654,0.01086
3369.60775,0.02144
3367.67895,0.02727
3365.75015,0.02548
3363.82136,0.02761
3361.89256,0.03473
3359.96376,0.04159
3358.03497,0.04762
3356.10617,0.05054
3354.17737,0.04983
3352.24858,0.04537
3350.31978,0.03757
3348.39098,0.02620
3346.46219,0.01837
3344.53339,0.02727
3342.60459,0.04059
3340.67580,0.03814
3338.74700,0.02774
3336.81820,0.02456
3334.88941,0.02862
3332.96061,0.03253
3331.03181,0.03140
3329.10302,0.02469
3327.17422,0.01606
3325.24542,0.01000
3323.31663,0.00932
3321.38783,0.01231
3319.45903,0.01373
3317.53024,0.01203
3315.60144,0.00891
3313.67264,0.00436
3311.74385,0.00060
3309.81505,0.00164
3307.88625,0.00384
3305.95746,0.00193
3304.02866,-0.00173
3302.09986,-0.00670
3300.17107,-0.01440
3298.24227,-0.02099
3296.31347,-0.02237
3294.38468,-0.01931
3292.45588,-0.01414
3290.52708,-0.00897
3288.59829,-0.00960
3286.66949,-0.01696
3284.74069,-0.02096
3282.81190,-0.01710
3280.88310,-0.01428
3278.95430,-0.01578
3277.02551,-0.01374
3275.09671,-0.00736
3273.16791,-0.00207
3271.23912,-0.00073
3269.31032,-0.00742
3267.38152,-0.01719
3265.45273,-0.02030
3263.52393,-0.02091
3261.59513,-0.02401
3259.66634,-0.02754
3257.73754,-0.03064
3255.80874,-0.02877
3253.87995,-0.01993
3251.95115,-0.01237
3250.02235,-0.01077
3248.09356,-0.01230
3246.16476,-0.01430
3244.23596,-0.01536
3242.30717,-0.01548
3240.37837,-0.01691
3238.44957,-0.02057
3236.52078,-0.02134
3234.59198,-0.01544
3232.66318,-0.00921
3230.73439,-0.00696
3228.80559,-0.00438
3226.87679,-0.00153
3224.94800,-0.00006
3223.01920,0.00415
3221.09040,0.01012
3219.16161,0.01321
3217.23281,0.01755
3215.30401,0.02647
3213.37522,0.03243
3211.44642,0.03213
3209.51762,0.03075
3207.58883,0.02992
3205.66003,0.02975
3203.73123,0.03207
3201.80244,0.03662
3199.87364,0.03995
3197.94484,0.03946
3196.01605,0.03824
3194.08725,0.04149
3192.15845,0.04669
3190.22966,0.04727
3188.30086,0.04326
3186.37206,0.03849
3184.44327,0.03437
3182.51447,0.03154
3180.58567,0.03054
3178.65688,0.03072
3176.72808,0.02953
3174.79928,0.02458
3172.87049,0.01898
3170.94169,0.01711
3169.01289,0.01795
3167.08410,0.01997
3165.15530,0.02186
3163.22650,0.02110
3161.29771,0.01842
3159.36891,0.01613
3157.44011,0.01462
3155.51132,0.01348
3153.58252,0.01173
3151.65372,0.00867
3149.72493,0.00520
3147.79613,0.00380
3145.86733,0.00608
3143.93854,0.00986
3142.00974,0.01164
3140.08094,0.01160
3138.15215,0.01192
3136.22335,0.01268
3134.29455,0.01261
3132.36576,0.01097
3130.43696,0.00877
3128.50816,0.00717
3126.57937,0.00661
3124.65057,0.00804
3122.72177,0.01140
3120.79298,0.01401
3118.86418,0.01273
3116.93538,0.00850
3115.00659,0.00516
3113.07779,0.00418
3111.14899,0.00453
3109.22020,0.00445
3107.29140,0.00304
3105.36260,0.00166
3103.43381,0.00095
3101.50501,0.00023
3099.57621,-0.00032
3097.64742,-0.00048
3095.71862,-0.00027
3093.78982,-0.00021
3091.86103,-0.00018
3089.93223,0.00100
3088.00344,0.00183
3086.07464,0.00036
3084.14584,-0.00085
3082.21705,0.00049
3080.28825,0.00233
3078.35945,0.00242
3076.43066,0.00150
3074.50186,0.00101
3072.57306,0.00117
3070.64427,0.00167
3068.71547,0.00224
3066.78667,0.00228
3064.85788,0.00154
3062.92908,0.00092
3061.00028,0.00110
3059.07149,0.00185
3057.14269,0.00253
3055.21389,0.00229
3053.28510,0.00127
3051.35630,0.00092
3049.42750,0.00188
3047.49871,0.00267
3045.56991,0.00199
3043.64111,0.00073
3041.71232,0.00018
3039.78352,0.00059
3037.85472,0.00155
3035.92593,0.00242
3033.99713,0.00292
3032.06833,0.00324
3030.13954,0.00347
3028.21074,0.00322
3026.28194,0.00215
3024.35315,0.00129
3022.42435,0.00177
3020.49555,0.00301
3018.56676,0.00369
3016.63796,0.00330
3014.70916,0.00235
3012.78037,0.00164
3010.85157,0.00144
3008.92277,0.00161
3006.99398,0.00197
3005.06518,0.00226
3003.13638,0.00222
3001.20759,0.00213
2999.27879,0.00256
2997.34999,0.00306
2995.42120,0.00292
2993.49240,0.00244
2991.56360,0.00235
2989.63481,0.00288
2987.70601,0.00341
2985.77721,0.00366
2983.84842,0.00385
2981.91962,0.00389
2979.99082,0.00384
2978.06203,0.00402
2976.13323,0.00423
2974.20443,0.00422
2972.27564,0.00439
2970.34684,0.00485
2968.41804,0.00516
2966.48925,0.00524
2964.56045,0.00523
2962.63165,0.00531
2960.70286,0.00560
2958.77406,0.00577
2956.84526,0.00565
2954.91647,0.00572
2952.98767,0.00610
2951.05887,0.00626
2949.13008,0.00624
2947.20128,0.00641
2945.27248,0.00656
2943.34369,0.00637
2941.41489,0.00599
2939.48609,0.00565
2937.55730,0.00550
2935.62850,0.00576
2933.69970,0.00650
2931.77091,0.00721
2929.84211,0.00732
2927.91331,0.00716
2925.98452,0.00729
2924.05572,0.00751
2922.12692,0.00747
2920.19813,0.00743
2918.26933,0.00782
2916.34053,0.00854
2914.41174,0.00913
2912.48294,0.00934
2910.55414,0.00917
2908.62535,0.00866
2906.69655,0.00806
2904.76775,0.00778
2902.83896,0.00762
2900.91016,0.00718
2898.98136,0.00698
2897.05257,0.00742
2895.12377,0.00784
2893.19497,0.00787
2891.26618,0.00795
2889.33738,0.00826
2887.40858,0.00872
2885.47979,0.00920
2883.55099,0.00955
2881.62219,0.00977
2879.69340,0.00988
2877.76460,0.01005
2875.83580,0.01045
2873.90701,0.01084
2871.97821,0.01107
2870.04941,0.01127
2868.12062,0.01158
2866.19182,0.01203
2864.26302,0.01234
2862.33423,0.01255
2860.40543,0.01315
2858.47663,0.01388
2856.54784,0.01410
2854.61904,0.01406
2852.69024,0.01426
2850.76145,0.01453
2848.83265,0.01462
2846.90385,0.01491
2844.97506,0.01544
2843.04626,0.01584
2841.11746,0.01634
2839.18867,0.01701
2837.25987,0.01735
2835.33107,0.01743
2833.40228,0.01754
2831.47348,0.01772
2829.54468,0.01793
2827.61589,0.01806
2825.68709,0.01803
2823.75829,0.01794
2821.82950,0.01790
2819.90070,0.01812
2817.97190,0.01862
2816.04311,0.01910
2814.11431,0.01913
2812.18551,0.01885
2810.25672,0.01871
2808.32792,0.01877
2806.39912,0.01889
2804.47033,0.01894
2802.54153,0.01874
2800.61273,0.01853
2798.68394,0.01847
2796.75514,0.01821
2794.82634,0.01779
2792.89755,0.01757
2790.96875,0.01740
2789.03995,0.01711
2787.11116,0.01684
2785.18236,0.01652
2783.25356,0.01609
2781.32477,0.01575
2779.39597,0.01548
2777.46717,0.01517
2775.53838,0.01490
2773.60958,0.01486
2771.68078,0.01501
2769.75199,0.01504
2767.82319,0.01495
2765.89439,0.01484
2763.96560,0.01475
2762.03680,0.01471
2760.10800,0.01455
2758.17921,0.01424
2756.25041,0.01409
2754.32161,0.01412
2752.39282,0.01407
2750.46402,0.01405
2748.53522,0.01409
2746.60643,0.01396
2744.67763,0.01370
2742.74883,0.01350
2740.82004,0.01345
2738.89124,0.01355
2736.96244,0.01370
2735.03365,0.01384
2733.10485,0.01399
2731.17605,0.01401
2729.24726,0.01389
2727.31846,0.01391
2725.38967,0.01412
2723.46087,0.01431
2721.53207,0.01448
2719.60328,0.01456
2717.67448,0.01440
2715.74568,0.01416
2713.81689,0.01400
2711.88809,0.01398
2709.95929,0.01407
2708.03050,0.01420
2706.10170,0.01431
2704.17290,0.01440
2702.24411,0.01442
2700.31531,0.01437
2698.38651,0.01434
2696.45772,0.01436
2694.52892,0.01439
2692.60012,0.01437
2690.67133,0.01430
2688.74253,0.01415
2686.81373,0.01396
2684.88494,0.01382
2682.95614,0.01379
2681.02734,0.01393
2679.09855,0.01417
2677.16975,0.01424
2675.24095,0.01422
2673.31216,0.01433
2671.38336,0.01443
2669.45456,0.01422
2667.52577,0.01387
2665.59697,0.01377
2663.66817,0.01378
2661.73938,0.01364
2659.81058,0.01356
2657.88178,0.01378
2655.95299,0.01402
2654.02419,0.01402
2652.09539,0.01388
2650.16660,0.01396
2648.23780,0.01443
2646.30900,0.01497
2644.38021,0.01519
2642.45141,0.01509
2640.52261,0.01488
2638.59382,0.01469
2636.66502,0.01474
2634.73622,0.01505
2632.80743,0.01539
2630.87863,0.01576
2628.94983,0.01604
2627.02104,0.01604
2625.09224,0.01609
2623.16344,0.01656
2621.23465,0.01721
2619.30585,0.01767
2617.37705,0.01777
2615.44826,0.01765
2613.51946,0.01760
2611.59066,0.01759
2609.66187,0.01762
2607.73307,0.01781
2605.80427,0.01808
2603.87548,0.01836
2601.94668,0.01866
2600.01788,0.01885
2598.08909,0.01875
2596.16029,0.01869
2594.23149,0.01892
2592.30270,0.01900
2590.37390,0.01885
2588.44510,0.01883
2586.51631,0.01900
2584.58751,0.01915
2582.65871,0.01896
2580.72992,0.01838
2578.80112,0.01796
2576.87232,0.01799
2574.94353,0.01816
2573.01473,0.01816
2571.08593,0.01805
2569.15714,0.01825
2567.22834,0.01862
2565.29954,0.01854
2563.37075,0.01812
2561.44195,0.01782
2559.51315,0.01791
2557.58436,0.01814
2555.65556,0.01820
2553.72676,0.01810
2551.79797,0.01801
2549.86917,0.01805
2547.94037,0.01803
2546.01158,0.01785
2544.08278,0.01768
2542.15398,0.01770
2540.22519,0.01783
2538.29639,0.01760
2536.36759,0.01709
2534.43880,0.01702
2532.51000,0.01751
2530.58120,0.01799
2528.65241,0.01811
2526.72361,0.01783
2524.79481,0.01744
2522.86602,0.01753
2520.93722,0.01810
2519.00842,0.01833
2517.07963,0.01787
2515.15083,0.01736
2513.22203,0.01723
2511.29324,0.01721
2509.36444,0.01715
2507.43564,0.01718
2505.50685,0.01726
2503.57805,0.01728
2501.64925,0.01720
2499.72046,0.01691
2497.79166,0.01639
2495.86286,0.01613
2493.93407,0.01649
2492.00527,0.01694
2490.07647,0.01691
2488.14768,0.01666
2486.21888,0.01661
2484.29008,0.01686
2482.36129,0.01723
2480.43249,0.01723
2478.50369,0.01686
2476.57490,0.01660
2474.64610,0.01660
2472.71730,0.01680
2470.78851,0.01716
2468.85971,0.01754
2466.93091,0.01761
2465.00212,0.01716
2463.07332,0.01648
2461.14452,0.01599
2459.21573,0.01575
2457.28693,0.01574
2455.35813,0.01607
2453.42934,0.01627
2451.50054,0.01600
2449.57174,0.01593
2447.64295,0.01628
2445.71415,0.01629
2443.78535,0.01572
2441.85656,0.01526
2439.92776,0.01528
2437.99896,0.01558
2436.07017,0.01576
2434.14137,0.01547
2432.21257,0.01479
2430.28378,0.01414
2428.35498,0.01396
2426.42618,0.01417
2424.49739,0.01416
2422.56859,0.01365
2420.63979,0.01314
2418.71100,0.01305
2416.78220,0.01310
2414.85340,0.01298
2412.92461,0.01276
2410.99581,0.01248
2409.06701,0.01209
2407.13822,0.01155
2405.20942,0.01100
2403.28062,0.01056
2401.35183,0.01015
2399.42303,0.00978
2397.49423,0.00956
2395.56544,0.00934
2393.63664,0.00892
2391.70784,0.00852
2389.77905,0.00847
2387.85025,0.00893
2385.92145,0.01002
2383.99266,0.01166
2382.06386,0.01373
2380.13506,0.01654
2378.20627,0.02014
2376.27747,0.02409
2374.34867,0.02838
2372.41988,0.03321
2370.49108,0.03808
2368.56228,0.04229
2366.63349,0.04593
2364.70469,0.04898
2362.77589,0.05078
2360.84710,0.05102
2358.91830,0.04956
2356.98951,0.04639
2355.06071,0.04162
2353.13191,0.03525
2351.20312,0.02893
2349.27432,0.02565
2347.34552,0.02676
2345.41673,0.03070
2343.48793,0.03387
2341.55913,0.03483
2339.63034,0.03443
2337.70154,0.03332
2335.77274,0.03234
2333.84395,0.03216
2331.91515,0.03212
2329.98635,0.03105
2328.05756,0.02937
2326.12876,0.02843
2324.19996,0.02837
2322.27117,0.02823
2320.34237,0.02710
2318.41357,0.02511
2316.48478,0.02335
2314.55598,0.02241
2312.62718,0.02183
2310.69839,0.02101
2308.76959,0.01986
2306.84079,0.01838
2304.91200,0.01677
2302.98320,0.01563
2301.05440,0.01512
2299.12561,0.01485
2297.19681,0.01457
2295.26801,0.01421
2293.33922,0.01382
2291.41042,0.01363
2289.48162,0.01367
2287.55283,0.01392
2285.62403,0.01466
2283.69523,0.01586
2281.76644,0.01698
2279.83764,0.01791
2277.90884,0.01887
2275.98005,0.01971
2274.05125,0.02055
2272.12245,0.02197
2270.19366,0.02387
2268.26486,0.02514
2266.33606,0.02506
2264.40727,0.02455
2262.47847,0.02475
2260.54967,0.02571
2258.62088,0.02716
2256.69208,0.02888
2254.76328,0.02998
2252.83449,0.03011
2250.90569,0.03007
2248.97689,0.03017
2247.04810,0.03014
2245.11930,0.03011
2243.19050,0.03049
2241.26171,0.03170
2239.33291,0.03403
2237.40411,0.03719
2235.47532,0.03963
2233.54652,0.04035
2231.61772,0.04063
2229.68893,0.04150
2227.76013,0.04224
2225.83133,0.04266
2223.90254,0.04329
2221.97374,0.04379
2220.04494,0.04429
2218.11615,0.04600
2216.18735,0.04817
2214.25855,0.04884
2212.32976,0.04834
2210.40096,0.04785
2208.47216,0.04795
2206.54337,0.04917
2204.61457,0.05082
2202.68577,0.05243
2200.75698,0.05455
2198.82818,0.05586
2196.89938,0.05520
2194.97059,0.05480
2193.04179,0.05610
2191.11299,0.05829
2189.18420,0.06148
2187.25540,0.06522
2185.32660,0.06693
2183.39781,0.06563
2181.46901,0.06395
2179.54021,0.06411
2177.61142,0.06632
2175.68262,0.06935
2173.75382,0.07118
2171.82503,0.07210
2169.89623,0.07266
2167.96743,0.07270
2166.03864,0.07545
2164.10984,0.08370
2162.18104,0.09410
2160.25225,0.10051
2158.32345,0.09827
2156.39465,0.08859
2154.46586,0.07749
2152.53706,0.06861
2150.60826,0.06189
2148.67947,0.05715
2146.75067,0.05385
2144.82187,0.04913
2142.89308,0.04263
2140.96428,0.03735
2139.03548,0.03456
2137.10669,0.03307
2135.17789,0.03039
2133.24909,0.02579
2131.32030,0.02129
2129.39150,0.01787
2127.46270,0.01502
2125.53391,0.01260
2123.60511,0.01104
2121.67631,0.01058
2119.74752,0.01021
2117.81872,0.00940
2115.88992,0.00917
2113.96113,0.00986
2112.03233,0.01055
2110.10353,0.01057
2108.17474,0.01029
2106.24594,0.01048
2104.31714,0.01129
2102.38835,0.01171
2100.45955,0.01144
2098.53075,0.01132
2096.60196,0.01101
2094.67316,0.00996
2092.74436,0.00894
2090.81557,0.00860
2088.88677,0.00856
2086.95797,0.00830
2085.02918,0.00832
2083.10038,0.00927
2081.17158,0.01078
2079.24279,0.01202
2077.31399,0.01290
2075.38519,0.01353
2073.45640,0.01394
2071.52760,0.01434
2069.59880,0.01491
2067.67001,0.01602
2065.74121,0.01741
2063.81241,0.01799
2061.88362,0.01784
2059.95482,0.01767
2058.02602,0.01777
2056.09723,0.01864
2054.16843,0.02037
2052.23963,0.02229
2050.31084,0.02493
2048.38204,0.02855
2046.45324,0.03163
2044.52445,0.03346
2042.59565,0.03462
2040.66685,0.03636
2038.73806,0.03916
2036.80926,0.04177
2034.88046,0.04348
2032.95167,0.04445
2031.02287,0.04455
2029.09407,0.04435
2027.16528,0.04416
2025.23648,0.04310
2023.30768,0.04146
2021.37889,0.04035
2019.45009,0.04029
2017.52129,0.04028
2015.59250,0.03857
2013.66370,0.03605
2011.73490,0.03465
2009.80611,0.03420
2007.87731,0.03311
2005.94851,0.03110
2004.01972,0.02939
2002.09092,0.02794
2000.16212,0.02584
1998.23333,0.02367
1996.30453,0.02309
1994.37574,0.02383
1992.44694,0.02385
1990.51814,0.02268
1988.58935,0.02166
1986.66055,0.02128
1984.73175,0.02147
1982.80296,0.02329
1980.87416,0.02661
1978.94536,0.02934
1977.01657,0.03033
1975.08777,0.03093
1973.15897,0.03117
1971.23018,0.02950
1969.30138,0.02771
1967.37258,0.02623
1965.44379,0.02247
1963.51499,0.01794
1961.58619,0.01543
1959.65740,0.01427
1957.72860,0.01312
1955.79980,0.01127
1953.87101,0.00855
1951.94221,0.00645
1950.01341,0.00613
1948.08462,0.00642
1946.15582,0.00615
1944.22702,0.00580
1942.29823,0.00528
1940.36943,0.00383
1938.44063,0.00233
1936.51184,0.00179
1934.58304,0.00180
1932.65424,0.00147
1930.72545,0.00066
1928.79665,-0.00007
1926.86785,-0.00042
1924.93906,-0.00033
1923.01026,-0.00026
1921.08146,-0.00065
1919.15267,-0.00093
1917.22387,-0.00125
1915.29507,-0.00215
1913.36628,-0.00283
1911.43748,-0.00268
1909.50868,-0.00243
1907.57989,-0.00293
1905.65109,-0.00379
1903.72229,-0.00435
1901.79350,-0.00468
1899.86470,-0.00480
1897.93590,-0.00457
1896.00711,-0.00421
1894.07831,-0.00393
1892.14951,-0.00331
1890.22072,-0.00278
1888.29192,-0.00346
1886.36312,-0.00471
1884.43433,-0.00535
1882.50553,-0.00548
1880.57673,-0.00560
1878.64794,-0.00583
1876.71914,-0.00590
1874.79034,-0.00575
1872.86155,-0.00504
1870.93275,-0.00349
1869.00395,-0.00239
1867.07516,-0.00338
1865.14636,-0.00521
1863.21756,-0.00614
1861.28877,-0.00623
1859.35997,-0.00615
1857.43117,-0.00614
1855.50238,-0.00616
1853.57358,-0.00618
1851.64478,-0.00615
1849.71599,-0.00570
1847.78719,-0.00448
1845.85839,-0.00277
1843.92960,-0.00249
1842.00080,-0.00446
1840.07200,-0.00617
1838.14321,-0.00649
1836.21441,-0.00641
1834.28561,-0.00623
1832.35682,-0.00498
1830.42802,-0.00344
1828.49922,-0.00329
1826.57043,-0.00384
1824.64163,-0.00463
1822.71283,-0.00598
1820.78404,-0.00695
1818.85524,-0.00707
1816.92644,-0.00706
1814.99765,-0.00699
1813.06885,-0.00638
1811.14005,-0.00578
1809.21126,-0.00593
1807.28246,-0.00643
1805.35366,-0.00633
1803.42487,-0.00530
1801.49607,-0.00419
1799.56727,-0.00418
1797.63848,-0.00471
1795.70968,-0.00425
1793.78088,-0.00268
1791.85209,-0.00222
1789.92329,-0.00419
1787.99449,-0.00595
1786.06570,-0.00607
1784.13690,-0.00562
1782.20810,-0.00523
1780.27931,-0.00518
1778.35051,-0.00552
1776.42171,-0.00509
1774.49292,-0.00315
1772.56412,-0.00130
1770.63532,-0.00175
1768.70653,-0.00360
1766.77773,-0.00536
1764.84893,-0.00589
1762.92014,-0.00507
1760.99134,-0.00466
1759.06254,-0.00496
1757.13375,-0.00518
1755.20495,-0.00536
1753.27615,-0.00443
1751.34736,-0.00200
1749.41856,-0.00072
1747.48976,-0.00177
1745.56097,-0.00320
1743.63217,-0.00388
1741.70337,-0.00399
1739.77458,-0.00427
1737.84578,-0.00425
1735.91698,-0.00244
1733.98819,-0.00042
1732.05939,-0.00173
1730.13059,-0.00434
1728.20180,-0.00620
1726.27300,-0.00683
1724.34420,-0.00614
1722.41541,-0.00466
1720.48661,-0.00146
1718.55781,0.00377
1716.62902,0.00720
1714.70022,0.00686
1712.77142,0.00630
1710.84263,0.00804
1708.91383,0.01249
1706.98503,0.01946
1705.05624,0.02738
1703.12744,0.03569
1701.19864,0.04789
1699.26985,0.06248
1697.34105,0.07486
1695.41225,0.08807
1693.48346,0.10159
1691.55466,0.11641
1689.62586,0.13540
1687.69707,0.15598
1685.76827,0.17981
1683.83947,0.20879
1681.91068,0.23053
1679.98188,0.24632
1678.05308,0.26385
1676.12429,0.28500
1674.19549,0.30682
1672.26669,0.32516
1670.33790,0.34265
1668.40910,0.35816
1666.48030,0.36820
1664.55151,0.37721
1662.62271,0.38617
1660.69391,0.39156
1658.76512,0.39469
1656.83632,0.39903
1654.90752,0.40571
1652.97873,0.40922
1651.04993,0.40650
1649.12113,0.40703
1647.19234,0.41209
1645.26354,0.41728
1643.33474,0.42337
1641.40595,0.43485
1639.47715,0.45242
1637.54835,0.47676
1635.61956,0.50877
1633.69076,0.53813
1631.76197,0.56255
1629.83317,0.59071
1627.90437,0.62282
1625.97558,0.65256
1624.04678,0.67835
1622.11798,0.69887
1620.18919,0.71248
1618.26039,0.72309
1616.33159,0.72995
1614.40280,0.73072
1612.47400,0.73098
1610.54520,0.73389
1608.61641,0.73962
1606.68761,0.74785
1604.75881,0.75905
1602.83002,0.77320
1600.90122,0.78923
1598.97242,0.80594
1597.04363,0.82214
1595.11483,0.83668
1593.18603,0.84721
1591.25724,0.85277
1589.32844,0.85320
1587.39964,0.84819
1585.47085,0.83777
1583.54205,0.82189
1581.61325,0.80198
1579.68446,0.78035
1577.75566,0.75455
1575.82686,0.71826
1573.89807,0.68239
1571.96927,0.65288
1570.04047,0.61916
1568.11168,0.58216
1566.18288,0.54925
1564.25408,0.52056
1562.32529,0.49862
1560.39649,0.47805
1558.46769,0.44419
1556.53890,0.41072
1554.61010,0.38592
1552.68130,0.36411
1550.75251,0.34430
1548.82371,0.32606
1546.89491,0.31133
1544.96612,0.30016
1543.03732,0.29036
1541.10852,0.27835
1539.17973,0.26009
1537.25093,0.24467
1535.32213,0.23530
1533.39334,0.22619
1531.46454,0.21598
1529.53574,0.20832
1527.60695,0.20288
1525.67815,0.19781
1523.74935,0.19356
1521.82056,0.18895
1519.89176,0.18283
1517.96296,0.17704
1516.03417,0.17111
1514.10537,0.16540
1512.17657,0.16249
1510.24778,0.16346
1508.31898,0.16642
1506.39018,0.16408
1504.46139,0.15688
1502.53259,0.15372
1500.60379,0.15536
1498.67500,0.15983
1496.74620,0.16459
1494.81740,0.16877
1492.88861,0.17526
1490.95981,0.18659
1489.03101,0.20029
1487.10222,0.21228
1485.17342,0.22446
1483.24462,0.23992
1481.31583,0.25916
1479.38703,0.28061
1477.45823,0.30423
1475.52944,0.33079
1473.60064,0.35977
1471.67184,0.38750
1469.74305,0.40904
1467.81425,0.42863
1465.88545,0.45117
1463.95666,0.47287
1462.02786,0.48904
1460.09906,0.50283
1458.17027,0.51600
1456.24147,0.52048
1454.31267,0.51447
1452.38388,0.50523
1450.45508,0.49371
1448.52628,0.47776
1446.59749,0.45649
1444.66869,0.43295
1442.73989,0.40878
1440.81110,0.38547
1438.88230,0.36368
1436.95350,0.33851
1435.02471,0.31128
1433.09591,0.28902
1431.16711,0.26967
1429.23832,0.25051
1427.30952,0.23360
1425.38072,0.21958
1423.45193,0.20731
1421.52313,0.19737
1419.59433,0.18828
1417.66554,0.17727
1415.73674,0.16642
1413.80794,0.15775
1411.87915,0.15065
1409.95035,0.14427
1408.02155,0.13885
1406.09276,0.13419
1404.16396,0.12914
1402.23516,0.12449
1400.30637,0.12136
1398.37757,0.11873
1396.44877,0.11541
1394.51998,0.11079
1392.59118,0.10553
1390.66238,0.10187
1388.73359,0.09987
1386.80479,0.09730
1384.87599,0.09365
1382.94720,0.09056
1381.01840,0.08857
1379.08960,0.08716
1377.16081,0.08631
1375.23201,0.08567
1373.30321,0.08394
1371.37442,0.08146
1369.44562,0.07955
1367.51682,0.07823
1365.58803,0.07776
1363.65923,0.07800
1361.73043,0.07703
1359.80164,0.07464
1357.87284,0.07271
1355.94404,0.07164
1354.01525,0.07072
1352.08645,0.06980
1350.15765,0.06906
1348.22886,0.06843
1346.30006,0.06786
1344.37126,0.06770
1342.44247,0.06849
1340.51367,0.06988
1338.58487,0.07020
1336.65608,0.06908
1334.72728,0.06788
1332.79848,0.06731
1330.86969,0.06705
1328.94089,0.06665
1327.01209,0.06604
1325.08330,0.06536
1323.15450,0.06481
1321.22570,0.06457
1319.29691,0.06439
1317.36811,0.06389
1315.43931,0.06320
1313.51052,0.06254
1311.58172,0.06179
1309.65292,0.06103
1307.72413,0.06043
1305.79533,0.05993
1303.86653,0.05950
1301.93774,0.05917
1300.00894,0.05891
1298.08014,0.05872
1296.15135,0.05851
1294.22255,0.05828
1292.29375,0.05814
1290.36496,0.05815
1288.43616,0.05815
1286.50736,0.05799
1284.57857,0.05779
1282.64977,0.05773
1280.72097,0.05777
1278.79218,0.05779
1276.86338,0.05782
1274.93458,0.05793
1273.00579,0.05817
1271.07699,0.05844
1269.14820,0.05863
1267.21940,0.05883
1265.29060,0.05915
1263.36181,0.05951
1261.43301,0.05977
1259.50421,0.05976
1257.57542,0.05955
1255.64662,0.05935
1253.71782,0.05926
1251.78903,0.05926
1249.86023,0.05931
1247.93143,0.05940
1246.00264,0.05957
1244.07384,0.05976
1242.14504,0.05991
1240.21625,0.06003
1238.28745,0.06019
1236.35865,0.06040
1234.42986,0.06063
1232.50106,0.06086
1230.57226,0.06111
1228.64347,0.06140
1226.71467,0.06175
1224.78587,0.06213
1222.85708,0.06256
1220.92828,0.06308
1218.99948,0.06369
1217.07069,0.06439
1215.14189,0.06519
1213.21309,0.06614
1211.28430,0.06719
1209.35550,0.06834
1207.42670,0.06963
1205.49791,0.07109
1203.56911,0.07276
1201.64031,0.07469
1199.71152,0.07688
1197.78272,0.07934
1195.85392,0.08209
1193.92513,0.08520
1191.99633,0.08876
1190.06753,0.09284
1188.13874,0.09751
1186.20994,0.10278
1184.28114,0.10862
1182.35235,0.11513
1180.42355,0.12242
1178.49475,0.13049
1176.56596,0.13920
1174.63716,0.14847
1172.70836,0.15817
1170.77957,0.16812
1168.85077,0.17810
1166.92197,0.18781
1164.99318,0.19686
1163.06438,0.20479
1161.13558,0.21117
1159.20679,0.21563
1157.27799,0.21787
1155.34919,0.21770
1153.42040,0.21514
1151.49160,0.21035
1149.56280,0.20362
1147.63401,0.19541
1145.70521,0.18623
1143.77641,0.17656
1141.84762,0.16682
1139.91882,0.15735
1137.99002,0.14837
1136.06123,0.14003
1134.13243,0.13242
1132.20363,0.12556
1130.27484,0.11945
1128.34604,0.11400
1126.41724,0.10918
1124.48845,0.10491
1122.55965,0.10114
1120.63085,0.09780
1118.70206,0.09484
1116.77326,0.09225
1114.84446,0.09000
1112.91567,0.08804
1110.98687,0.08636
1109.05807,0.08492
1107.12928,0.08367
1105.20048,0.08259
1103.27168,0.08167
1101.34289,0.08092
1099.41409,0.08029
1097.48529,0.07978
1095.55650,0.07943
1093.62770,0.07923
1091.69890,0.07919
1089.77011,0.07925
1087.84131,0.07940
1085.91251,0.07966
1083.98372,0.08006
1082.05492,0.08056
1080.12612,0.08110
1078.19733,0.08170
1076.26853,0.08235
1074.33973,0.08298
1072.41094,0.08357
1070.48214,0.08409
1068.55334,0.08452
1066.62455,0.08483
1064.69575,0.08497
1062.76695,0.08493
1060.83816,0.08469
1058.90936,0.08428
1056.98056,0.08369
1055.05177,0.08292
1053.12297,0.08199
1051.19417,0.08092
1049.26538,0.07971
1047.33658,0.07844
1045.40778,0.07714
1043.47899,0.07583
1041.55019,0.07450
1039.62139,0.07317
1037.69260,0.07188
1035.76380,0.07067
1033.83500,0.06952
1031.90621,0.06841
1029.97741,0.06736
1028.04861,0.06638
1026.11982,0.06543
1024.19102,0.06452
1022.26222,0.06368
1020.33343,0.06296
1018.40463,0.06237
1016.47583,0.06192
1014.54704,0.06160
1012.61824,0.06134
1010.68944,0.06097
1008.76065,0.06039
1006.83185,0.05954
1004.90305,0.05846
1002.97426,0.05726
1001.04546,0.05610
999.11666,0.05509
997.18787,0.05428
995.25907,0.05360
993.33027,0.05299
991.40148,0.05239
989.47268,0.05176
987.54388,0.05104
985.61509,0.05027
983.68629,0.04946
981.75749,0.04860
979.82870,0.04770
977.89990,0.04677
975.97110,0.04585
974.04231,0.04497
972.11351,0.04410
970.18471,0.04324
968.25592,0.04237
966.32712,0.04149
964.39832,0.04062
962.46953,0.03978
960.54073,0.03897
958.61193,0.03816
956.68314,0.03735
954.75434,0.03656
952.82554,0.03579
950.89675,0.03504
948.96795,0.03429
947.03915,0.03353
945.11036,0.03277
943.18156,0.03202
941.25276,0.03125
939.32397,0.03046
937.39517,0.02967
935.46637,0.02888
933.53758,0.02805
931.60878,0.02719
929.67998,0.02627
927.75119,0.02528
925.82239,0.02426
923.89359,0.02324
921.96480,0.02218
920.03600,0.02109
918.10720,0.02001
916.17841,0.01894
914.24961,0.01786
912.32081,0.01678
910.39202,0.01575
908.46322,0.01478
906.53443,0.01383
904.60563,0.01292
902.67683,0.01203
900.74804,0.01117
898.81924,0.01032
896.89044,0.00942
894.96165,0.00844
893.03285,0.00741
891.10405,0.00629
889.17526,0.00510
887.24646,0.00392
885.31766,0.00282
883.38887,0.00176
881.46007,0.00073
879.53127,-0.00026
877.60248,-0.00123
875.67368,-0.00217
873.74488,-0.00307
871.81609,-0.00395
869.88729,-0.00484
867.95849,-0.00571
866.02970,-0.00653
864.10090,-0.00733
862.17210,-0.00810
860.24331,-0.00879
858.31451,-0.00941
856.38571,-0.01006
854.45692,-0.01073
852.52812,-0.01136
850.59932,-0.01189
848.67053,-0.01236
846.74173,-0.01282
844.81293,-0.01329
842.88414,-0.01381
840.95534,-0.01430
839.02654,-0.01470
837.09775,-0.01507
835.16895,-0.01538
833.24015,-0.01561
831.31136,-0.01580
829.38256,-0.01603
827.45376,-0.01629
825.52497,-0.01642
823.59617,-0.01635
821.66737,-0.01626
819.73858,-0.01625
817.80978,-0.01619
815.88098,-0.01599
813.95219,-0.01569
812.02339,-0.01521
810.09459,-0.01449
808.16580,-0.01368
806.23700,-0.01287
804.30820,-0.01192
802.37941,-0.01074
800.45061,-0.00932
798.52181,-0.00771
796.59302,-0.00587
794.66422,-0.00362
792.73542,-0.00105
790.80663,0.00141
788.87783,0.00347
786.94903,0.00486
785.02024,0.00523
783.09144,0.00447
781.16264,0.00254
779.23385,-0.00043
777.30505,-0.00374
775.37625,-0.00683
773.44746,-0.00970
771.51866,-0.01243
769.58986,-0.01483
767.66107,-0.01672
765.73227,-0.01817
763.80347,-0.01928
761.87468,-0.01998
759.94588,-0.02046
758.01708,-0.02084
756.08829,-0.02093
754.15949,-0.02086
752.23069,-0.02100
750.30190,-0.02138
748.37310,-0.02189
