3496.90832,0.03316
3494.97953,0.03641
3493.05073,0.03737
3491.12193,0.03640
3489.19314,0.03555
3487.26434,0.03754
3485.33554,0.04118
3483.40675,0.04314
3481.47795,0.04191
3479.54915,0.03763
3477.62036,0.03499
3475.69156,0.03753
3473.76276,0.03955
3471.83397,0.03655
3469.90517,0.03574
3467.97637,0.04021
3466.04758,0.04181
3464.11878,0.03568
3462.18998,0.02578
3460.26119,0.02066
3458.33239,0.02560
3456.40359,0.03517
3454.47480,0.03859
3452.54600,0.03360
3450.61721,0.02882
3448.68841,0.02749
3446.75961,0.02475
3444.83082,0.02256
3442.90202,0.02682
3440.97322,0.03175
3439.04443,0.02801
3437.11563,0.02185
3435.18683,0.02034
3433.25804,0.01694
3431.32924,0.00873
3429.40044,0.00291
3427.47165,0.00308
3425.54285,0.00737
3423.61405,0.01550
3421.68526,0.02083
3419.75646,0.01682
3417.82766,0.01665
3415.89887,0.02392
3413.97007,0.02115
3412.04127,0.01154
3410.11248,0.00662
3408.18368,-0.00101
3406.25488,-0.00697
3404.32609,0.00328
3402.39729,0.01617
3400.46849,0.01650
3398.53970,0.01317
3396.61090,0.01129
3394.68210,0.00886
3392.75331,0.00976
3390.82451,0.01079
3388.89571,0.00665
3386.96692,0.00723
3385.03812,0.01364
3383.10932,0.01426
3381.18053,0.01288
3379.25173,0.01819
3377.32293,0.02704
3375.39414,0.02990
3373.46534,0.02669
3371.53654,0.02647
3369.60775,0.02644
3367.67895,0.02089
3365.75015,0.01698
3363.82136,0.02070
3361.89256,0.02620
3359.96376,0.02750
3358.03497,0.02578
3356.10617,0.02131
3354.17737,0.01740
3352.24858,0.02231
3350.31978,0.03353
3348.39098,0.03572
3346.46219,0.02538
3344.53339,0.01828
3342.60459,0.02178
3340.67580,0.02802
3338.74700,0.02959
3336.81820,0.02547
3334.88941,0.02052
3332.96061,0.02066
3331.03181,0.02377
3329.10302,0.02051
3327.17422,0.01162
3325.24542,0.00676
3323.31663,0.00896
3321.38783,0.01495
3319.45903,0.01743
3317.53024,0.01161
3315.60144,0.00540
3313.67264,0.00507
3311.74385,0.00411
3309.81505,0.00158
3307.88625,0.00388
3305.95746,0.00735
3304.02866,0.00546
3302.09986,-0.00100
3300.17107,-0.00710
3298.24227,-0.00786
3296.31347,-0.00542
3294.38468,-0.00426
3292.45588,-0.00269
3290.52708,-0.00113
3288.59829,-0.00177
3286.66949,-0.00107
3284.74069,0.00030
3282.81190,-0.00084
3280.88310,-0.00203
3278.95430,-0.00236
3277.02551,-0.00275
3275.09671,-0.00265
3273.16791,-0.00161
3271.23912,-0.00059
3269.31032,-0.00211
3267.38152,-0.00347
3265.45273,0.00017
3263.52393,0.00456
3261.59513,0.00376
3259.66634,-0.00034
3257.73754,-0.00336
3255.80874,-0.00319
3253.87995,0.00014
3251.95115,0.00386
3250.02235,0.00502
3248.09356,0.00292
3246.16476,-0.00189
3244.23596,-0.00680
3242.30717,-0.00669
3240.37837,-0.00229
3238.44957,-0.00169
3236.52078,-0.00342
3234.59198,0.00019
3232.66318,0.00548
3230.73439,0.00787
3228.80559,0.00879
3226.87679,0.00730
3224.94800,0.00716
3223.01920,0.01551
3221.09040,0.02422
3219.16161,0.02039
3217.23281,0.01293
3215.30401,0.01556
3213.37522,0.02222
3211.44642,0.02472
3209.51762,0.02554
3207.58883,0.02484
3205.66003,0.02006
3203.73123,0.01672
3201.80244,0.02061
3199.87364,0.02560
3197.94484,0.02491
3196.01605,0.02142
3194.08725,0.02028
3192.15845,0.02288
3190.22966,0.02504
3188.30086,0.02203
3186.37206,0.01685
3184.44327,0.01423
3182.51447,0.01348
3180.58567,0.01362
3178.65688,0.01514
3176.72808,0.01653
3174.79928,0.01665
3172.87049,0.01575
3170.94169,0.01324
3169.01289,0.01154
3167.08410,0.01370
3165.15530,0.01568
3163.22650,0.01262
3161.29771,0.00745
3159.36891,0.00505
3157.44011,0.00432
3155.51132,0.00359
3153.58252,0.00474
3151.65372,0.00615
3149.72493,0.00555
3147.79613,0.00486
3145.86733,0.00516
3143.93854,0.00619
3142.00974,0.00719
3140.08094,0.00795
3138.15215,0.00905
3136.22335,0.00970
3134.29455,0.00996
3132.36576,0.01007
3130.43696,0.00939
3128.50816,0.00924
3126.57937,0.01083
3124.65057,0.01319
3122.72177,0.01492
3120.79298,0.01536
3118.86418,0.01453
3116.93538,0.01361
3115.00659,0.01337
3113.07779,0.01270
3111.14899,0.01168
3109.22020,0.01094
3107.29140,0.01042
3105.36260,0.01034
3103.43381,0.00966
3101.50501,0.00842
3099.57621,0.00812
3097.64742,0.00884
3095.71862,0.00995
3093.78982,0.01046
3091.86103,0.01027
3089.93223,0.01013
3088.00344,0.00963
3086.07464,0.00878
3084.14584,0.00873
3082.21705,0.01010
3080.28825,0.01190
3078.35945,0.01266
3076.43066,0.01236
3074.50186,0.01156
3072.57306,0.01050
3070.64427,0.01004
3068.71547,0.01084
3066.78667,0.01201
3064.85788,0.01264
3062.92908,0.01278
3061.00028,0.01266
3059.07149,0.01254
3057.14269,0.01263
3055.21389,0.01260
3053.28510,0.01211
3051.35630,0.01196
3049.42750,0.01283
3047.49871,0.01399
3045.56991,0.01445
3043.64111,0.01376
3041.71232,0.01250
3039.78352,0.01199
3037.85472,0.01265
3035.92593,0.01379
3033.99713,0.01459
3032.06833,0.01481
3030.13954,0.01481
3028.21074,0.01476
3026.28194,0.01473
3024.35315,0.01510
3022.42435,0.01582
3020.49555,0.01621
3018.56676,0.01585
3016.63796,0.01492
3014.70916,0.01426
3012.78037,0.01425
3010.85157,0.01437
3008.92277,0.01439
3006.99398,0.01476
3005.06518,0.01535
3003.13638,0.01549
3001.20759,0.01561
2999.27879,0.01619
2997.34999,0.01642
2995.42120,0.01584
2993.49240,0.01520
2991.56360,0.01527
2989.63481,0.01597
2987.70601,0.01656
2985.77721,0.01646
2983.84842,0.01598
2981.91962,0.01579
2979.99082,0.01613
2978.06203,0.01687
2976.13323,0.01749
2974.20443,0.01770
2972.27564,0.01762
2970.34684,0.01746
2968.41804,0.01770
2966.48925,0.01836
2964.56045,0.01864
2962.63165,0.01829
2960.70286,0.01814
2958.77406,0.01855
2956.84526,0.01892
2954.91647,0.01893
2952.98767,0.01862
2951.05887,0.01825
2949.13008,0.01818
2947.20128,0.01832
2945.27248,0.01849
2943.34369,0.01854
2941.41489,0.01822
2939.48609,0.01758
2937.55730,0.01724
2935.62850,0.01767
2933.69970,0.01860
2931.77091,0.01923
2929.84211,0.01910
2927.91331,0.01870
2925.98452,0.01870
2924.05572,0.01917
2922.12692,0.01963
2920.19813,0.01970
2918.26933,0.01948
2916.34053,0.01938
2914.41174,0.01953
2912.48294,0.01967
2910.55414,0.01992
2908.62535,0.02034
2906.69655,0.02045
2904.76775,0.02010
2902.83896,0.01957
2900.91016,0.01920
2898.98136,0.01917
2897.05257,0.01921
2895.12377,0.01905
2893.19497,0.01901
2891.26618,0.01913
2889.33738,0.01918
2887.40858,0.01930
2885.47979,0.01963
2883.55099,0.02006
2881.62219,0.02039
2879.69340,0.02029
2877.76460,0.02000
2875.83580,0.02018
2873.90701,0.02058
2871.97821,0.02085
2870.04941,0.02124
2868.12062,0.02164
2866.19182,0.02172
2864.26302,0.02150
2862.33423,0.02141
2860.40543,0.02180
2858.47663,0.02227
2856.54784,0.02245
2854.61904,0.02264
2852.69024,0.02284
2850.76145,0.02255
2848.83265,0.02189
2846.90385,0.02176
2844.97506,0.02233
2843.04626,0.02281
2841.11746,0.02304
2839.18867,0.02342
2837.25987,0.02379
2835.33107,0.02377
2833.40228,0.02355
2831.47348,0.02352
2829.54468,0.02376
2827.61589,0.02406
2825.68709,0.02412
2823.75829,0.02394
2821.82950,0.02376
2819.90070,0.02378
2817.97190,0.02415
2816.04311,0.02463
2814.11431,0.02470
2812.18551,0.02440
2810.25672,0.02426
2808.32792,0.02443
2806.39912,0.02459
2804.47033,0.02440
2802.54153,0.02404
2800.61273,0.02385
2798.68394,0.02364
2796.75514,0.02327
2794.82634,0.02311
2792.89755,0.02320
2790.96875,0.02310
2789.03995,0.02273
2787.11116,0.02251
2785.18236,0.02246
2783.25356,0.02227
2781.32477,0.02194
2779.39597,0.02171
2777.46717,0.02170
2775.53838,0.02177
2773.60958,0.02184
2771.68078,0.02184
2769.75199,0.02178
2767.82319,0.02178
2765.89439,0.02182
2763.96560,0.02185
2762.03680,0.02192
2760.10800,0.02176
2758.17921,0.02128
2756.25041,0.02092
2754.32161,0.02085
2752.39282,0.02093
2750.46402,0.02107
2748.53522,0.02114
2746.60643,0.02110
2744.67763,0.02102
2742.74883,0.02090
2740.82004,0.02074
2738.89124,0.02054
2736.96244,0.02041
2735.03365,0.02055
2733.10485,0.02080
2731.17605,0.02089
2729.24726,0.02085
2727.31846,0.02083
2725.38967,0.02092
2723.46087,0.02107
2721.53207,0.02121
2719.60328,0.02117
2717.67448,0.02099
2715.74568,0.02090
2713.81689,0.02085
2711.88809,0.02079
2709.95929,0.02086
2708.03050,0.02093
2706.10170,0.02092
2704.17290,0.02093
2702.24411,0.02092
2700.31531,0.02096
2698.38651,0.02112
2696.45772,0.02121
2694.52892,0.02110
2692.60012,0.02096
2690.67133,0.02094
2688.74253,0.02093
2686.81373,0.02074
2684.88494,0.02058
2682.95614,0.02060
2681.02734,0.02071
2679.09855,0.02088
2677.16975,0.02102
2675.24095,0.02102
2673.31216,0.02098
2671.38336,0.02094
2669.45456,0.02080
2667.52577,0.02066
2665.59697,0.02071
2663.66817,0.02084
2661.73938,0.02078
2659.81058,0.02058
2657.88178,0.02045
2655.95299,0.02046
2654.02419,0.02057
2652.09539,0.02071
2650.16660,0.02075
2648.23780,0.02084
2646.30900,0.02115
2644.38021,0.02145
2642.45141,0.02152
2640.52261,0.02143
2638.59382,0.02129
2636.66502,0.02125
2634.73622,0.02142
2632.80743,0.02179
2630.87863,0.02228
2628.94983,0.02259
2627.02104,0.02264
2625.09224,0.02281
2623.16344,0.02333
2621.23465,0.02375
2619.30585,0.02366
2617.37705,0.02327
2615.44826,0.02303
2613.51946,0.02314
2611.59066,0.02347
2609.66187,0.02378
2607.73307,0.02380
2605.80427,0.02364
2603.87548,0.02366
2601.94668,0.02397
2600.01788,0.02417
2598.08909,0.02393
2596.16029,0.02368
2594.23149,0.02385
2592.30270,0.02406
2590.37390,0.02417
2588.44510,0.02426
2586.51631,0.02431
2584.58751,0.02457
2582.65871,0.02483
2580.72992,0.02459
2578.80112,0.02420
2576.87232,0.02405
2574.94353,0.02396
2573.01473,0.02388
2571.08593,0.02394
2569.15714,0.02437
2567.22834,0.02478
2565.29954,0.02454
2563.37075,0.02410
2561.44195,0.02408
2559.51315,0.02422
2557.58436,0.02424
2555.65556,0.02415
2553.72676,0.02384
2551.79797,0.02346
2549.86917,0.02349
2547.94037,0.02395
2546.01158,0.02422
2544.08278,0.02397
2542.15398,0.02376
2540.22519,0.02397
2538.29639,0.02414
2536.36759,0.02403
2534.43880,0.02398
2532.51000,0.02410
2530.58120,0.02411
2528.65241,0.02407
2526.72361,0.02406
2524.79481,0.02403
2522.86602,0.02428
2520.93722,0.02461
2519.00842,0.02442
2517.07963,0.02390
2515.15083,0.02360
2513.22203,0.02357
2511.29324,0.02366
2509.36444,0.02383
2507.43564,0.02388
2505.50685,0.02368
2503.57805,0.02338
2501.64925,0.02320
2499.72046,0.02307
2497.79166,0.02274
2495.86286,0.02255
2493.93407,0.02274
2492.00527,0.02291
2490.07647,0.02300
2488.14768,0.02306
2486.21888,0.02305
2484.29008,0.02331
2482.36129,0.02390
2480.43249,0.02413
2478.50369,0.02372
2476.57490,0.02332
2474.64610,0.02335
2472.71730,0.02359
2470.78851,0.02381
2468.85971,0.02388
2466.93091,0.02359
2465.00212,0.02297
2463.07332,0.02240
2461.14452,0.02213
2459.21573,0.02192
2457.28693,0.02160
2455.35813,0.02152
2453.42934,0.02175
2451.50054,0.02198
2449.57174,0.02221
2447.64295,0.02243
2445.71415,0.02235
2443.78535,0.02203
2441.85656,0.02202
2439.92776,0.02246
2437.99896,0.02266
2436.07017,0.02235
2434.14137,0.02205
2432.21257,0.02188
2430.28378,0.02161
2428.35498,0.02159
2426.42618,0.02168
2424.49739,0.02125
2422.56859,0.02047
2420.63979,0.02007
2418.71100,0.02019
2416.78220,0.02039
2414.85340,0.02049
2412.92461,0.02043
2410.99581,0.02005
2409.06701,0.01953
2407.13822,0.01905
2405.20942,0.01857
2403.28062,0.01832
2401.35183,0.01837
2399.42303,0.01851
2397.49423,0.01854
2395.56544,0.01835
2393.63664,0.01808
2391.70784,0.01810
2389.77905,0.01857
2387.85025,0.01971
2385.92145,0.02223
2383.99266,0.02662
2382.06386,0.03286
2380.13506,0.04056
2378.20627,0.04885
2376.27747,0.05700
2374.34867,0.06523
2372.41988,0.07397
2370.49108,0.08311
2368.56228,0.09210
2366.63349,0.10018
2364.70469,0.10653
2362.77589,0.11049
2360.84710,0.11177
2358.91830,0.10996
2356.98951,0.10481
2355.06071,0.09666
2353.13191,0.08581
2351.20312,0.07471
2349.27432,0.06882
2347.34552,0.07146
2345.41673,0.07960
2343.48793,0.08509
2341.55913,0.08522
2339.63034,0.08324
2337.70154,0.08102
2335.77274,0.07948
2333.84395,0.07930
2331.91515,0.07948
2329.98635,0.07805
2328.05756,0.07534
2326.12876,0.07331
2324.19996,0.07224
2322.27117,0.07029
2320.34237,0.06608
2318.41357,0.06077
2316.48478,0.05646
2314.55598,0.05401
2312.62718,0.05225
2310.69839,0.04976
2308.76959,0.04650
2306.84079,0.04288
2304.91200,0.03926
2302.98320,0.03642
2301.05440,0.03455
2299.12561,0.03286
2297.19681,0.03097
2295.26801,0.02907
2293.33922,0.02730
2291.41042,0.02583
2289.48162,0.02475
2287.55283,0.02390
2285.62403,0.02326
2283.69523,0.02318
2281.76644,0.02388
2279.83764,0.02486
2277.90884,0.02539
2275.98005,0.02561
2274.05125,0.02610
2272.12245,0.02684
2270.19366,0.02755
2268.26486,0.02805
2266.33606,0.02810
2264.40727,0.02773
2262.47847,0.02742
2260.54967,0.02784
2258.62088,0.02874
2256.69208,0.02916
2254.76328,0.02893
2252.83449,0.02862
2250.90569,0.02865
2248.97689,0.02926
2247.04810,0.03032
2245.11930,0.03096
2243.19050,0.03093
2241.26171,0.03113
2239.33291,0.03217
2237.40411,0.03380
2235.47532,0.03493
2233.54652,0.03498
2231.61772,0.03478
2229.68893,0.03492
2227.76013,0.03531
2225.83133,0.03602
2223.90254,0.03669
2221.97374,0.03648
2220.04494,0.03599
2218.11615,0.03689
2216.18735,0.03857
2214.25855,0.03934
2212.32976,0.03935
2210.40096,0.03929
2208.47216,0.03989
2206.54337,0.04152
2204.61457,0.04266
2202.68577,0.04271
2200.75698,0.04362
2198.82818,0.04543
2196.89938,0.04615
2194.97059,0.04566
2193.04179,0.04574
2191.11299,0.04733
2189.18420,0.04924
2187.25540,0.04986
2185.32660,0.04893
2183.39781,0.04806
2181.46901,0.04853
2179.54021,0.04895
2177.61142,0.04865
2175.68262,0.04902
2173.75382,0.05014
2171.82503,0.05112
2169.89623,0.05169
2167.96743,0.05263
2166.03864,0.05600
2164.10984,0.06165
2162.18104,0.06596
2160.25225,0.06638
2158.32345,0.06305
2156.39465,0.05762
2154.46586,0.05173
2152.53706,0.04719
2150.60826,0.04411
2148.67947,0.04111
2146.75067,0.03909
2144.82187,0.03837
2142.89308,0.03735
2140.96428,0.03573
2139.03548,0.03404
2137.10669,0.03243
2135.17789,0.03043
2133.24909,0.02779
2131.32030,0.02514
2129.39150,0.02278
2127.46270,0.02058
2125.53391,0.01884
2123.60511,0.01796
2121.67631,0.01806
2119.74752,0.01879
2117.81872,0.01945
2115.88992,0.01956
2113.96113,0.01934
2112.03233,0.01900
2110.10353,0.01840
2108.17474,0.01798
2106.24594,0.01816
2104.31714,0.01844
2102.38835,0.01835
2100.45955,0.01840
2098.53075,0.01872
2096.60196,0.01816
2094.67316,0.01635
2092.74436,0.01504
2090.81557,0.01566
2088.88677,0.01697
2086.95797,0.01723
2085.02918,0.01689
2083.10038,0.01727
2081.17158,0.01852
2079.24279,0.01975
2077.31399,0.02032
2075.38519,0.02004
2073.45640,0.01914
2071.52760,0.01862
2069.59880,0.01911
2067.67001,0.02034
2065.74121,0.02150
2063.81241,0.02231
2061.88362,0.02336
2059.95482,0.02415
2058.02602,0.02381
2056.09723,0.02299
2054.16843,0.02262
2052.23963,0.02306
2050.31084,0.02504
2048.38204,0.02795
2046.45324,0.03025
2044.52445,0.03228
2042.59565,0.03347
2040.66685,0.03322
2038.73806,0.03331
2036.80926,0.03459
2034.88046,0.03669
2032.95167,0.03855
2031.02287,0.03827
2029.09407,0.03670
2027.16528,0.03589
2025.23648,0.03604
2023.30768,0.03686
2021.37889,0.03729
2019.45009,0.03658
2017.52129,0.03454
2015.59250,0.03141
2013.66370,0.02967
2011.73490,0.03015
2009.80611,0.03052
2007.87731,0.02959
2005.94851,0.02803
2004.01972,0.02629
2002.09092,0.02483
2000.16212,0.02425
1998.23333,0.02411
1996.30453,0.02407
1994.37574,0.02484
1992.44694,0.02596
1990.51814,0.02582
1988.58935,0.02452
1986.66055,0.02319
1984.73175,0.02251
1982.80296,0.02271
1980.87416,0.02351
1978.94536,0.02512
1977.01657,0.02746
1975.08777,0.02957
1973.15897,0.03001
1971.23018,0.02892
1969.30138,0.02904
1967.37258,0.02960
1965.44379,0.02690
1963.51499,0.02238
1961.58619,0.01994
1959.65740,0.01933
1957.72860,0.01871
1955.79980,0.01761
1953.87101,0.01618
1951.94221,0.01522
1950.01341,0.01518
1948.08462,0.01570
1946.15582,0.01691
1944.22702,0.01877
1942.29823,0.01875
1940.36943,0.01557
1938.44063,0.01261
1936.51184,0.01195
1934.58304,0.01255
1932.65424,0.01282
1930.72545,0.01233
1928.79665,0.01182
1926.86785,0.01241
1924.93906,0.01440
1923.01026,0.01558
1921.08146,0.01521
1919.15267,0.01524
1917.22387,0.01464
1915.29507,0.01241
1913.36628,0.01132
1911.43748,0.01243
1909.50868,0.01334
1907.57989,0.01229
1905.65109,0.01052
1903.72229,0.00958
1901.79350,0.00921
1899.86470,0.00926
1897.93590,0.01027
1896.00711,0.01153
1894.07831,0.01188
1892.14951,0.01277
1890.22072,0.01427
1888.29192,0.01320
1886.36312,0.01051
1884.43433,0.00914
1882.50553,0.00886
1880.57673,0.00882
1878.64794,0.00871
1876.71914,0.00860
1874.79034,0.00890
1872.86155,0.01131
1870.93275,0.01701
1869.00395,0.02153
1867.07516,0.01900
1865.14636,0.01324
1863.21756,0.01008
1861.28877,0.00952
1859.35997,0.00955
1857.43117,0.00919
1855.50238,0.00870
1853.57358,0.00858
1851.64478,0.00918
1849.71599,0.01121
1847.78719,0.01510
1845.85839,0.01994
1843.92960,0.02065
1842.00080,0.01525
1840.07200,0.01070
1838.14321,0.00989
1836.21441,0.01002
1834.28561,0.01065
1832.35682,0.01451
1830.42802,0.01933
1828.49922,0.01980
1826.57043,0.01819
1824.64163,0.01613
1822.71283,0.01232
1820.78404,0.00948
1818.85524,0.00910
1816.92644,0.00922
1814.99765,0.00973
1813.06885,0.01204
1811.14005,0.01426
1809.21126,0.01357
1807.28246,0.01145
1805.35366,0.01136
1803.42487,0.01460
1801.49607,0.01824
1799.56727,0.01829
1797.63848,0.01665
1795.70968,0.01800
1793.78088,0.02267
1791.85209,0.02387
1789.92329,0.01777
1787.99449,0.01249
1786.06570,0.01216
1784.13690,0.01364
1782.20810,0.01502
1780.27931,0.01542
1778.35051,0.01463
1776.42171,0.01634
1774.49292,0.02279
1772.56412,0.02885
1770.63532,0.02740
1768.70653,0.02137
1766.77773,0.01567
1764.84893,0.01390
1762.92014,0.01650
1760.99134,0.01801
1759.06254,0.01725
1757.13375,0.01660
1755.20495,0.01588
1753.27615,0.01896
1751.34736,0.02710
1749.41856,0.03157
1747.48976,0.02835
1745.56097,0.02405
1743.63217,0.02229
1741.70337,0.02213
1739.77458,0.02137
1737.84578,0.02138
1735.91698,0.02704
1733.98819,0.03363
1732.05939,0.02949
1730.13059,0.02076
1728.20180,0.01387
1726.27300,0.01078
1724.34420,0.01156
1722.41541,0.01452
1720.48661,0.02249
1718.55781,0.03600
1716.62902,0.04207
1714.70022,0.03432
1712.77142,0.02505
1710.84263,0.02159
1708.91383,0.02506
1706.98503,0.03338
1705.05624,0.04101
1703.12744,0.04826
1701.19864,0.06070
1699.26985,0.07182
1697.34105,0.07510
1695.41225,0.07428
1693.48346,0.07277
1691.55466,0.07823
1689.62586,0.09189
1687.69707,0.10954
1685.76827,0.13381
1683.83947,0.15881
1681.91068,0.16649
1679.98188,0.16917
1678.05308,0.17897
1676.12429,0.19593
1674.19549,0.21338
1672.26669,0.22790
1670.33790,0.24224
1668.40910,0.24933
1666.48030,0.24963
1664.55151,0.25433
1662.62271,0.26110
1660.69391,0.26193
1658.76512,0.26188
1656.83632,0.26954
1654.90752,0.28699
1652.97873,0.29795
1651.04993,0.29015
1649.12113,0.28948
1647.19234,0.29631
1645.26354,0.29517
1643.33474,0.29205
1641.40595,0.29868
1639.47715,0.31571
1637.54835,0.34159
1635.61956,0.36756
1633.69076,0.37897
1631.76197,0.38660
1629.83317,0.40174
1627.90437,0.42020
1625.97558,0.43547
1624.04678,0.44612
1622.11798,0.44891
1620.18919,0.44775
1618.26039,0.44939
1616.33159,0.44718
1614.40280,0.43773
1612.47400,0.43175
1610.54520,0.43261
1608.61641,0.43691
1606.68761,0.44219
1604.75881,0.44955
1602.83002,0.45909
1600.90122,0.46869
1598.97242,0.47747
1597.04363,0.48540
1595.11483,0.49055
1593.18603,0.49051
1591.25724,0.48551
1589.32844,0.47619
1587.39964,0.46294
1585.47085,0.44666
1583.54205,0.42801
1581.61325,0.40872
1579.68446,0.39304
1577.75566,0.37930
1575.82686,0.35574
1573.89807,0.32869
1571.96927,0.31139
1570.04047,0.29617
1568.11168,0.27559
1566.18288,0.25623
1564.25408,0.24281
1562.32529,0.23965
1560.39649,0.24769
1558.46769,0.24230
1556.53890,0.21544
1554.61010,0.19392
1552.68130,0.18030
1550.75251,0.17115
1548.82371,0.16338
1546.89491,0.16044
1544.96612,0.16562
1543.03732,0.17450
1541.10852,0.17799
1539.17973,0.16268
1537.25093,0.14344
1535.32213,0.13676
1533.39334,0.13417
1531.46454,0.12679
1529.53574,0.12254
1527.60695,0.12496
1525.67815,0.12838
1523.74935,0.13208
1521.82056,0.13471
1519.89176,0.13125
1517.96296,0.12585
1516.03417,0.11879
1514.10537,0.11086
1512.17657,0.11010
1510.24778,0.12048
1508.31898,0.13630
1506.39018,0.13354
1504.46139,0.11205
1502.53259,0.10115
1500.60379,0.10323
1498.67500,0.11096
1496.74620,0.11496
1494.81740,0.11394
1492.88861,0.11873
1490.95981,0.13342
1489.03101,0.14644
1487.10222,0.14830
1485.17342,0.14865
1483.24462,0.15541
1481.31583,0.16753
1479.38703,0.18225
1477.45823,0.20086
1475.52944,0.22358
1473.60064,0.24452
1471.67184,0.25378
1469.74305,0.25400
1467.81425,0.25835
1465.88545,0.26826
1463.95666,0.27405
1462.02786,0.27600
1460.09906,0.28385
1458.17027,0.29392
1456.24147,0.28472
1454.31267,0.26176
1452.38388,0.24350
1450.45508,0.23063
1448.52628,0.21846
1446.59749,0.20250
1444.66869,0.18550
1442.73989,0.17133
1440.81110,0.16158
1438.88230,0.15732
1436.95350,0.15230
1435.02471,0.13953
1433.09591,0.12719
1431.16711,0.11956
1429.23832,0.11196
1427.30952,0.10448
1425.38072,0.10047
1423.45193,0.09842
1421.52313,0.09853
1419.59433,0.10046
1417.66554,0.09529
1415.73674,0.08396
1413.80794,0.07593
1411.87915,0.07222
1409.95035,0.06978
1408.02155,0.06872
1406.09276,0.06931
1404.16396,0.06814
1402.23516,0.06639
1400.30637,0.06850
1398.37757,0.07215
1396.44877,0.07282
1394.51998,0.06863
1392.59118,0.06143
1390.66238,0.05794
1388.73359,0.05950
1386.80479,0.05935
1384.87599,0.05472
1382.94720,0.05095
1381.01840,0.05029
1379.08960,0.05116
1377.16081,0.05340
1375.23201,0.05611
1373.30321,0.05505
1371.37442,0.05098
1369.44562,0.04844
1367.51682,0.04768
1365.58803,0.04945
1363.65923,0.05357
1361.73043,0.05374
1359.80164,0.04886
1357.87284,0.04511
1355.94404,0.04406
1354.01525,0.04348
1352.08645,0.04273
1350.15765,0.04235
1348.22886,0.04202
1346.30006,0.04160
1344.37126,0.04221
1342.44247,0.04572
1340.51367,0.05091
1338.58487,0.05205
1336.65608,0.04786
1334.72728,0.04341
1332.79848,0.04137
1330.86969,0.04087
1328.94089,0.04066
1327.01209,0.04036
1325.08330,0.04019
1323.15450,0.04055
1321.22570,0.04180
1319.29691,0.04306
1317.36811,0.04303
1315.43931,0.04230
1313.51052,0.04164
1311.58172,0.04055
1309.65292,0.03941
1307.72413,0.03882
1305.79533,0.03847
1303.86653,0.03819
1301.93774,0.03809
1300.00894,0.03819
1298.08014,0.03841
1296.15135,0.03849
1294.22255,0.03841
1292.29375,0.03855
1290.36496,0.03902
1288.43616,0.03933
1286.50736,0.03903
1284.57857,0.03849
1282.64977,0.03828
1280.72097,0.03831
1278.79218,0.03829
1276.86338,0.03826
1274.93458,0.03852
1273.00579,0.03917
1271.07699,0.03974
1269.14820,0.03984
1267.21940,0.03972
1265.29060,0.03974
1263.36181,0.04003
1261.43301,0.04044
1259.50421,0.04047
1257.57542,0.04008
1255.64662,0.03979
1253.71782,0.03976
1251.78903,0.03984
1249.86023,0.03993
1247.93143,0.04004
1246.00264,0.04024
1244.07384,0.04041
1242.14504,0.04042
1240.21625,0.04035
1238.28745,0.04031
1236.35865,0.04032
1234.42986,0.04036
1232.50106,0.04040
1230.57226,0.04046
1228.64347,0.04059
1226.71467,0.04082
1224.78587,0.04102
1222.85708,0.04114
1220.92828,0.04133
1218.99948,0.04164
1217.07069,0.04200
1215.14189,0.04247
1213.21309,0.04307
1211.28430,0.04363
1209.35550,0.04414
1207.42670,0.04475
1205.49791,0.04552
1203.56911,0.04640
1201.64031,0.04741
1199.71152,0.04856
1197.78272,0.04982
1195.85392,0.05114
1193.92513,0.05260
1191.99633,0.05428
1190.06753,0.05626
1188.13874,0.05858
1186.20994,0.06112
1184.28114,0.06384
1182.35235,0.06692
1180.42355,0.07052
1178.49475,0.07463
1176.56596,0.07913
1174.63716,0.08392
1172.70836,0.08888
1170.77957,0.09394
1168.85077,0.09908
1166.92197,0.10413
1164.99318,0.10883
1163.06438,0.11290
1161.13558,0.11608
1159.20679,0.11820
1157.27799,0.11910
1155.34919,0.11870
1153.42040,0.11702
1151.49160,0.11416
1149.56280,0.11031
1147.63401,0.10577
1145.70521,0.10082
1143.77641,0.09571
1141.84762,0.09063
1139.91882,0.08576
1137.99002,0.08119
1136.06123,0.07697
1134.13243,0.07313
1132.20363,0.06969
1130.27484,0.06665
1128.34604,0.06401
1126.41724,0.06172
1124.48845,0.05973
1122.55965,0.05802
1120.63085,0.05651
1118.70206,0.05517
1116.77326,0.05400
1114.84446,0.05300
1112.91567,0.05217
1110.98687,0.05148
1109.05807,0.05093
1107.12928,0.05046
1105.20048,0.05003
1103.27168,0.04967
1101.34289,0.04940
1099.41409,0.04918
1097.48529,0.04902
1095.55650,0.04895
1093.62770,0.04899
1091.69890,0.04911
1089.77011,0.04933
1087.84131,0.04961
1085.91251,0.04995
1083.98372,0.05034
1082.05492,0.05078
1080.12612,0.05123
1078.19733,0.05173
1076.26853,0.05230
1074.33973,0.05286
1072.41094,0.05337
1070.48214,0.05379
1068.55334,0.05412
1066.62455,0.05434
1064.69575,0.05443
1062.76695,0.05438
1060.83816,0.05419
1058.90936,0.05390
1056.98056,0.05352
1055.05177,0.05304
1053.12297,0.05248
1051.19417,0.05184
1049.26538,0.05114
1047.33658,0.05041
1045.40778,0.04971
1043.47899,0.04904
1041.55019,0.04835
1039.62139,0.04765
1037.69260,0.04698
1035.76380,0.04637
1033.83500,0.04580
1031.90621,0.04525
1029.97741,0.04473
1028.04861,0.04424
1026.11982,0.04378
1024.19102,0.04333
1022.26222,0.04292
1020.33343,0.04258
1018.40463,0.04235
1016.47583,0.04218
1014.54704,0.04204
1012.61824,0.04190
1010.68944,0.04167
1008.76065,0.04127
1006.83185,0.04069
1004.90305,0.03997
1002.97426,0.03921
1001.04546,0.03846
999.11666,0.03778
997.18787,0.03721
995.25907,0.03675
993.33027,0.03634
991.40148,0.03597
989.47268,0.03559
987.54388,0.03522
985.61509,0.03486
983.68629,0.03450
981.75749,0.03411
979.82870,0.03371
977.89990,0.03334
975.97110,0.03299
974.04231,0.03266
972.11351,0.03236
970.18471,0.03207
968.25592,0.03175
966.32712,0.03139
964.39832,0.03100
962.46953,0.03061
960.54073,0.03025
958.61193,0.02990
956.68314,0.02953
954.75434,0.02914
952.82554,0.02877
950.89675,0.02840
948.96795,0.02802
947.03915,0.02759
945.11036,0.02716
943.18156,0.02674
941.25276,0.02634
939.32397,0.02595
937.39517,0.02556
935.46637,0.02514
933.53758,0.02473
931.60878,0.02436
929.67998,0.02398
927.75119,0.02356
925.82239,0.02311
923.89359,0.02267
921.96480,0.02224
920.03600,0.02180
918.10720,0.02134
916.17841,0.02092
914.24961,0.02049
912.32081,0.02002
910.39202,0.01954
908.46322,0.01905
906.53443,0.01854
904.60563,0.01804
902.67683,0.01757
900.74804,0.01711
898.81924,0.01666
896.89044,0.01620
894.96165,0.01572
893.03285,0.01524
891.10405,0.01475
889.17526,0.01425
887.24646,0.01376
885.31766,0.01329
883.38887,0.01285
881.46007,0.01243
879.53127,0.01206
877.60248,0.01170
875.67368,0.01134
873.74488,0.01101
871.81609,0.01071
869.88729,0.01041
867.95849,0.01012
866.02970,0.00988
864.10090,0.00964
862.17210,0.00930
860.24331,0.00896
858.31451,0.00867
856.38571,0.00839
854.45692,0.00809
852.52812,0.00781
850.59932,0.00761
848.67053,0.00744
846.74173,0.00723
844.81293,0.00701
842.88414,0.00682
840.95534,0.00673
839.02654,0.00668
837.09775,0.00658
835.16895,0.00654
833.24015,0.00663
831.31136,0.00671
829.38256,0.00670
827.45376,0.00670
825.52497,0.00681
823.59617,0.00694
821.66737,0.00702
819.73858,0.00708
817.80978,0.00724
815.88098,0.00745
813.95219,0.00759
812.02339,0.00778
810.09459,0.00819
808.16580,0.00863
806.23700,0.00899
804.30820,0.00936
802.37941,0.00989
800.45061,0.01064
798.52181,0.01150
796.59302,0.01235
794.66422,0.01331
792.73542,0.01445
790.80663,0.01562
788.87783,0.01663
786.94903,0.01725
785.02024,0.01736
783.09144,0.01702
781.16264,0.01627
779.23385,0.01512
777.30505,0.01390
775.37625,0.01286
773.44746,0.01188
771.51866,0.01085
769.58986,0.00985
767.66107,0.00911
765.73227,0.00871
763.80347,0.00844
761.87468,0.00818
759.94588,0.00808
758.01708,0.00821
756.08829,0.00852
754.15949,0.00874
752.23069,0.00870
750.30190,0.00849
748.37310,0.00822
