3496.90832,0.02649
3494.97953,0.02892
3493.05073,0.03514
3491.12193,0.03958
3489.19314,0.03766
3487.26434,0.03247
3485.33554,0.03219
3483.40675,0.03678
3481.47795,0.03949
3479.54915,0.03910
3477.62036,0.04162
3475.69156,0.04587
3473.76276,0.04366
3471.83397,0.03631
3469.90517,0.03214
3467.97637,0.03279
3466.04758,0.03529
3464.11878,0.03815
3462.18998,0.03748
3460.26119,0.03069
3458.33239,0.02552
3456.40359,0.02939
3454.47480,0.03560
3452.54600,0.03392
3450.61721,0.02735
3448.68841,0.02345
3446.75961,0.02101
3444.83082,0.01882
3442.90202,0.02455
3440.97322,0.03566
3439.04443,0.03719
3437.11563,0.02995
3435.18683,0.02393
3433.25804,0.01870
3431.32924,0.01233
3429.40044,0.00801
3427.47165,0.00867
3425.54285,0.01396
3423.61405,0.01998
3421.68526,0.02081
3419.75646,0.01670
3417.82766,0.01655
3415.89887,0.02068
3413.97007,0.01766
3412.04127,0.00993
3410.11248,0.00726
3408.18368,0.00378
3406.25488,-0.00084
3404.32609,0.00560
3402.39729,0.01730
3400.46849,0.01951
3398.53970,0.01574
3396.61090,0.01483
3394.68210,0.01370
3392.75331,0.01153
3390.82451,0.01024
3388.89571,0.00896
3386.96692,0.01249
3385.03812,0.01680
3383.10932,0.01242
3381.18053,0.00686
3379.25173,0.01060
3377.32293,0.01927
3375.39414,0.02270
3373.46534,0.02195
3371.53654,0.02543
3369.60775,0.03363
3367.67895,0.03525
3365.75015,0.02620
3363.82136,0.01770
3361.89256,0.01621
3359.96376,0.02045
3358.03497,0.02849
3356.10617,0.03406
3354.17737,0.03166
3352.24858,0.02764
3350.31978,0.02938
3348.39098,0.02741
3346.46219,0.01969
3344.53339,0.02268
3342.60459,0.03445
3340.67580,0.03660
3338.74700,0.02708
3336.81820,0.01593
3334.88941,0.01057
3332.96061,0.01556
3331.03181,0.02479
3329.10302,0.02498
3327.17422,0.01762
3325.24542,0.01290
3323.31663,0.01399
3321.38783,0.02036
3319.45903,0.02497
3317.53024,0.01945
3315.60144,0.01075
3313.67264,0.00897
3311.74385,0.01158
3309.81505,0.01311
3307.88625,0.01191
3305.95746,0.00776
3304.02866,0.00185
3302.09986,-0.00357
3300.17107,-0.00668
3298.24227,-0.00780
3296.31347,-0.00658
3294.38468,-0.00140
3292.45588,0.00646
3290.52708,0.01113
3288.59829,0.00917
3286.66949,0.00641
3284.74069,0.00781
3282.81190,0.01065
3280.88310,0.01025
3278.95430,0.00507
3277.02551,0.00065
3275.09671,0.00087
3273.16791,0.00197
3271.23912,0.00267
3269.31032,0.00283
3267.38152,0.00347
3265.45273,0.00794
3263.52393,0.01205
3261.59513,0.01084
3259.66634,0.00555
3257.73754,-0.00051
3255.80874,-0.00366
3253.87995,-0.00159
3251.95115,0.00295
3250.02235,0.00293
3248.09356,-0.00073
3246.16476,-0.00207
3244.23596,-0.00237
3242.30717,-0.00132
3240.37837,0.00270
3238.44957,0.00551
3236.52078,0.00519
3234.59198,0.00477
3232.66318,0.00644
3230.73439,0.00825
3228.80559,0.00845
3226.87679,0.00809
3224.94800,0.00765
3223.01920,0.01019
3221.09040,0.01787
3219.16161,0.02500
3217.23281,0.02885
3215.30401,0.03273
3213.37522,0.03454
3211.44642,0.03063
3209.51762,0.02309
3207.58883,0.01825
3205.66003,0.01855
3203.73123,0.01934
3201.80244,0.01938
3199.87364,0.02155
3197.94484,0.02486
3196.01605,0.02657
3194.08725,0.02623
3192.15845,0.02372
3190.22966,0.01947
3188.30086,0.01660
3186.37206,0.01661
3184.44327,0.01707
3182.51447,0.01575
3180.58567,0.01468
3178.65688,0.01608
3176.72808,0.01776
3174.79928,0.01829
3172.87049,0.01813
3170.94169,0.01765
3169.01289,0.01810
3167.08410,0.01923
3165.15530,0.01842
3163.22650,0.01446
3161.29771,0.01015
3159.36891,0.00790
3157.44011,0.00693
3155.51132,0.00724
3153.58252,0.00895
3151.65372,0.01045
3149.72493,0.01041
3147.79613,0.00942
3145.86733,0.01028
3143.93854,0.01288
3142.00974,0.01314
3140.08094,0.01121
3138.15215,0.01098
3136.22335,0.01280
3134.29455,0.01367
3132.36576,0.01203
3130.43696,0.01005
3128.50816,0.00972
3126.57937,0.01108
3124.65057,0.01364
3122.72177,0.01625
3120.79298,0.01877
3118.86418,0.02004
3116.93538,0.01757
3115.00659,0.01317
3113.07779,0.01105
3111.14899,0.01166
3109.22020,0.01267
3107.29140,0.01354
3105.36260,0.01451
3103.43381,0.01383
3101.50501,0.01155
3099.57621,0.01051
3097.64742,0.01136
3095.71862,0.01191
3093.78982,0.01084
3091.86103,0.01032
3089.93223,0.01212
3088.00344,0.01378
3086.07464,0.01320
3084.14584,0.01255
3082.21705,0.01403
3080.28825,0.01596
3078.35945,0.01576
3076.43066,0.01410
3074.50186,0.01280
3072.57306,0.01245
3070.64427,0.01286
3068.71547,0.01327
3066.78667,0.01308
3064.85788,0.01257
3062.92908,0.01258
3061.00028,0.01336
3059.07149,0.01416
3057.14269,0.01442
3055.21389,0.01423
3053.28510,0.01368
3051.35630,0.01341
3049.42750,0.01410
3047.49871,0.01501
3045.56991,0.01487
3043.64111,0.01373
3041.71232,0.01278
3039.78352,0.01297
3037.85472,0.01410
3035.92593,0.01539
3033.99713,0.01650
3032.06833,0.01728
3030.13954,0.01734
3028.21074,0.01650
3026.28194,0.01560
3024.35315,0.01549
3022.42435,0.01576
3020.49555,0.01586
3018.56676,0.01604
3016.63796,0.01641
3014.70916,0.01650
3012.78037,0.01585
3010.85157,0.01500
3008.92277,0.01499
3006.99398,0.01595
3005.06518,0.01725
3003.13638,0.01798
3001.20759,0.01812
2999.27879,0.01856
2997.34999,0.01916
2995.42120,0.01883
2993.49240,0.01764
2991.56360,0.01709
2989.63481,0.01765
2987.70601,0.01825
2985.77721,0.01824
2983.84842,0.01763
2981.91962,0.01682
2979.99082,0.01675
2978.06203,0.01752
2976.13323,0.01818
2974.20443,0.01834
2972.27564,0.01830
2970.34684,0.01822
2968.41804,0.01829
2966.48925,0.01882
2964.56045,0.01954
2962.63165,0.01989
2960.70286,0.01995
2958.77406,0.02014
2956.84526,0.02018
2954.91647,0.01984
2952.98767,0.01966
2951.05887,0.01979
2949.13008,0.01984
2947.20128,0.01984
2945.27248,0.01995
2943.34369,0.02019
2941.41489,0.02023
2939.48609,0.01992
2937.55730,0.01969
2935.62850,0.01990
2933.69970,0.02039
2931.77091,0.02061
2929.84211,0.02047
2927.91331,0.02059
2925.98452,0.02103
2924.05572,0.02111
2922.12692,0.02082
2920.19813,0.02063
2918.26933,0.02050
2916.34053,0.02053
2914.41174,0.02092
2912.48294,0.02122
2910.55414,0.02121
2908.62535,0.02119
2906.69655,0.02099
2904.76775,0.02054
2902.83896,0.02021
2900.91016,0.02022
2898.98136,0.02057
2897.05257,0.02099
2895.12377,0.02102
2893.19497,0.02068
2891.26618,0.02036
2889.33738,0.02037
2887.40858,0.02089
2885.47979,0.02145
2883.55099,0.02161
2881.62219,0.02161
2879.69340,0.02153
2877.76460,0.02147
2875.83580,0.02170
2873.90701,0.02197
2871.97821,0.02221
2870.04941,0.02261
2868.12062,0.02288
2866.19182,0.02283
2864.26302,0.02263
2862.33423,0.02246
2860.40543,0.02267
2858.47663,0.02322
2856.54784,0.02357
2854.61904,0.02368
2852.69024,0.02380
2850.76145,0.02363
2848.83265,0.02307
2846.90385,0.02276
2844.97506,0.02307
2843.04626,0.02356
2841.11746,0.02388
2839.18867,0.02412
2837.25987,0.02437
2835.33107,0.02452
2833.40228,0.02456
2831.47348,0.02466
2829.54468,0.02478
2827.61589,0.02480
2825.68709,0.02474
2823.75829,0.02465
2821.82950,0.02446
2819.90070,0.02429
2817.97190,0.02456
2816.04311,0.02512
2814.11431,0.02528
2812.18551,0.02505
2810.25672,0.02498
2808.32792,0.02505
2806.39912,0.02514
2804.47033,0.02529
2802.54153,0.02529
2800.61273,0.02505
2798.68394,0.02454
2796.75514,0.02393
2794.82634,0.02372
2792.89755,0.02375
2790.96875,0.02352
2789.03995,0.02322
2787.11116,0.02324
2785.18236,0.02324
2783.25356,0.02291
2781.32477,0.02252
2779.39597,0.02227
2777.46717,0.02221
2775.53838,0.02238
2773.60958,0.02259
2771.68078,0.02260
2769.75199,0.02243
2767.82319,0.02240
2765.89439,0.02249
2763.96560,0.02253
2762.03680,0.02254
2760.10800,0.02243
2758.17921,0.02217
2756.25041,0.02198
2754.32161,0.02200
2752.39282,0.02211
2750.46402,0.02214
2748.53522,0.02194
2746.60643,0.02162
2744.67763,0.02148
2742.74883,0.02149
2740.82004,0.02139
2738.89124,0.02122
2736.96244,0.02112
2735.03365,0.02132
2733.10485,0.02174
2731.17605,0.02195
2729.24726,0.02179
2727.31846,0.02160
2725.38967,0.02162
2723.46087,0.02191
2721.53207,0.02233
2719.60328,0.02250
2717.67448,0.02230
2715.74568,0.02200
2713.81689,0.02177
2711.88809,0.02168
2709.95929,0.02175
2708.03050,0.02175
2706.10170,0.02165
2704.17290,0.02170
2702.24411,0.02182
2700.31531,0.02176
2698.38651,0.02167
2696.45772,0.02173
2694.52892,0.02176
2692.60012,0.02169
2690.67133,0.02152
2688.74253,0.02125
2686.81373,0.02107
2684.88494,0.02109
2682.95614,0.02113
2681.02734,0.02119
2679.09855,0.02143
2677.16975,0.02175
2675.24095,0.02190
2673.31216,0.02188
2671.38336,0.02185
2669.45456,0.02181
2667.52577,0.02176
2665.59697,0.02174
2663.66817,0.02165
2661.73938,0.02141
2659.81058,0.02127
2657.88178,0.02144
2655.95299,0.02170
2654.02419,0.02173
2652.09539,0.02160
2650.16660,0.02155
2648.23780,0.02167
2646.30900,0.02194
2644.38021,0.02216
2642.45141,0.02221
2640.52261,0.02214
2638.59382,0.02205
2636.66502,0.02203
2634.73622,0.02216
2632.80743,0.02244
2630.87863,0.02277
2628.94983,0.02303
2627.02104,0.02328
2625.09224,0.02368
2623.16344,0.02413
2621.23465,0.02432
2619.30585,0.02424
2617.37705,0.02417
2615.44826,0.02422
2613.51946,0.02438
2611.59066,0.02451
2609.66187,0.02451
2607.73307,0.02437
2605.80427,0.02415
2603.87548,0.02414
2601.94668,0.02444
2600.01788,0.02471
2598.08909,0.02460
2596.16029,0.02436
2594.23149,0.02448
2592.30270,0.02478
2590.37390,0.02491
2588.44510,0.02476
2586.51631,0.02450
2584.58751,0.02471
2582.65871,0.02510
2580.72992,0.02487
2578.80112,0.02454
2576.87232,0.02490
2574.94353,0.02538
2573.01473,0.02531
2571.08593,0.02500
2569.15714,0.02505
2567.22834,0.02528
2565.29954,0.02521
2563.37075,0.02488
2561.44195,0.02468
2559.51315,0.02485
2557.58436,0.02511
2555.65556,0.02526
2553.72676,0.02536
2551.79797,0.02526
2549.86917,0.02496
2547.94037,0.02469
2546.01158,0.02447
2544.08278,0.02433
2542.15398,0.02429
2540.22519,0.02417
2538.29639,0.02386
2536.36759,0.02365
2534.43880,0.02386
2532.51000,0.02431
2530.58120,0.02455
2528.65241,0.02445
2526.72361,0.02411
2524.79481,0.02388
2522.86602,0.02426
2520.93722,0.02508
2519.00842,0.02550
2517.07963,0.02516
2515.15083,0.02457
2513.22203,0.02405
2511.29324,0.02356
2509.36444,0.02326
2507.43564,0.02343
2505.50685,0.02391
2503.57805,0.02420
2501.64925,0.02411
2499.72046,0.02382
2497.79166,0.02342
2495.86286,0.02323
2493.93407,0.02338
2492.00527,0.02346
2490.07647,0.02343
2488.14768,0.02375
2486.21888,0.02416
2484.29008,0.02434
2482.36129,0.02462
2480.43249,0.02474
2478.50369,0.02422
2476.57490,0.02374
2474.64610,0.02395
2472.71730,0.02440
2470.78851,0.02461
2468.85971,0.02453
2466.93091,0.02430
2465.00212,0.02407
2463.07332,0.02380
2461.14452,0.02343
2459.21573,0.02290
2457.28693,0.02247
2455.35813,0.02262
2453.42934,0.02290
2451.50054,0.02283
2449.57174,0.02281
2447.64295,0.02291
2445.71415,0.02280
2443.78535,0.02242
2441.85656,0.02227
2439.92776,0.02257
2437.99896,0.02281
2436.07017,0.02285
2434.14137,0.02287
2432.21257,0.02255
2430.28378,0.02187
2428.35498,0.02156
2426.42618,0.02179
2424.49739,0.02190
2422.56859,0.02167
2420.63979,0.02153
2418.71100,0.02152
2416.78220,0.02134
2414.85340,0.02111
2412.92461,0.02095
2410.99581,0.02056
2409.06701,0.01986
2407.13822,0.01916
2405.20942,0.01871
2403.28062,0.01848
2401.35183,0.01837
2399.42303,0.01840
2397.49423,0.01858
2395.56544,0.01871
2393.63664,0.01868
2391.70784,0.01885
2389.77905,0.01959
2387.85025,0.02130
2385.92145,0.02446
2383.99266,0.02929
2382.06386,0.03573
2380.13506,0.04367
2378.20627,0.05243
2376.27747,0.06113
2374.34867,0.06992
2372.41988,0.07960
2370.49108,0.08990
2368.56228,0.09952
2366.63349,0.10737
2364.70469,0.11336
2362.77589,0.11761
2360.84710,0.11937
2358.91830,0.11763
2356.98951,0.11230
2355.06071,0.10369
2353.13191,0.09212
2351.20312,0.08030
2349.27432,0.07406
2347.34552,0.07688
2345.41673,0.08544
2343.48793,0.09118
2341.55913,0.09141
2339.63034,0.08952
2337.70154,0.08738
2335.77274,0.08579
2333.84395,0.08551
2331.91515,0.08586
2329.98635,0.08465
2328.05756,0.08164
2326.12876,0.07900
2324.19996,0.07755
2322.27117,0.07555
2320.34237,0.07139
2318.41357,0.06575
2316.48478,0.06059
2314.55598,0.05740
2312.62718,0.05544
2310.69839,0.05284
2308.76959,0.04920
2306.84079,0.04517
2304.91200,0.04125
2302.98320,0.03811
2301.05440,0.03587
2299.12561,0.03392
2297.19681,0.03208
2295.26801,0.03049
2293.33922,0.02894
2291.41042,0.02741
2289.48162,0.02609
2287.55283,0.02515
2285.62403,0.02482
2283.69523,0.02497
2281.76644,0.02529
2279.83764,0.02559
2277.90884,0.02589
2275.98005,0.02640
2274.05125,0.02702
2272.12245,0.02758
2270.19366,0.02821
2268.26486,0.02880
2266.33606,0.02887
2264.40727,0.02828
2262.47847,0.02788
2260.54967,0.02844
2258.62088,0.02944
2256.69208,0.02999
2254.76328,0.02996
2252.83449,0.02986
2250.90569,0.03021
2248.97689,0.03076
2247.04810,0.03098
2245.11930,0.03122
2243.19050,0.03169
2241.26171,0.03203
2239.33291,0.03274
2237.40411,0.03408
2235.47532,0.03517
2233.54652,0.03588
2231.61772,0.03642
2229.68893,0.03618
2227.76013,0.03555
2225.83133,0.03595
2223.90254,0.03702
2221.97374,0.03707
2220.04494,0.03653
2218.11615,0.03697
2216.18735,0.03773
2214.25855,0.03762
2212.32976,0.03697
2210.40096,0.03645
2208.47216,0.03686
2206.54337,0.03852
2204.61457,0.04045
2202.68577,0.04190
2200.75698,0.04310
2198.82818,0.04406
2196.89938,0.04443
2194.97059,0.04408
2193.04179,0.04371
2191.11299,0.04447
2189.18420,0.04609
2187.25540,0.04685
2185.32660,0.04590
2183.39781,0.04471
2181.46901,0.04507
2179.54021,0.04631
2177.61142,0.04689
2175.68262,0.04714
2173.75382,0.04829
2171.82503,0.04977
2169.89623,0.04919
2167.96743,0.04743
2166.03864,0.04952
2164.10984,0.05679
2162.18104,0.06407
2160.25225,0.06577
2158.32345,0.06132
2156.39465,0.05503
2154.46586,0.04958
2152.53706,0.04621
2150.60826,0.04499
2148.67947,0.04421
2146.75067,0.04293
2144.82187,0.04009
2142.89308,0.03568
2140.96428,0.03218
2139.03548,0.03094
2137.10669,0.03108
2135.17789,0.03056
2133.24909,0.02796
2131.32030,0.02465
2129.39150,0.02240
2127.46270,0.02090
2125.53391,0.01921
2123.60511,0.01738
2121.67631,0.01657
2119.74752,0.01725
2117.81872,0.01843
2115.88992,0.01910
2113.96113,0.01914
2112.03233,0.01894
2110.10353,0.01886
2108.17474,0.01894
2106.24594,0.01915
2104.31714,0.01971
2102.38835,0.02020
2100.45955,0.01989
2098.53075,0.01904
2096.60196,0.01815
2094.67316,0.01740
2092.74436,0.01747
2090.81557,0.01839
2088.88677,0.01872
2086.95797,0.01783
2085.02918,0.01683
2083.10038,0.01694
2081.17158,0.01831
2079.24279,0.02002
2077.31399,0.02107
2075.38519,0.02111
2073.45640,0.02048
2071.52760,0.01988
2069.59880,0.01965
2067.67001,0.02005
2065.74121,0.02073
2063.81241,0.02112
2061.88362,0.02162
2059.95482,0.02219
2058.02602,0.02255
2056.09723,0.02323
2054.16843,0.02418
2052.23963,0.02528
2050.31084,0.02699
2048.38204,0.02907
2046.45324,0.03075
2044.52445,0.03186
2042.59565,0.03280
2040.66685,0.03421
2038.73806,0.03597
2036.80926,0.03677
2034.88046,0.03645
2032.95167,0.03663
2031.02287,0.03694
2029.09407,0.03586
2027.16528,0.03441
2025.23648,0.03433
2023.30768,0.03498
2021.37889,0.03466
2019.45009,0.03384
2017.52129,0.03291
2015.59250,0.03140
2013.66370,0.03031
2011.73490,0.02999
2009.80611,0.02935
2007.87731,0.02814
2005.94851,0.02711
2004.01972,0.02608
2002.09092,0.02490
2000.16212,0.02433
1998.23333,0.02412
1996.30453,0.02401
1994.37574,0.02512
1992.44694,0.02706
1990.51814,0.02727
1988.58935,0.02589
1986.66055,0.02500
1984.73175,0.02489
1982.80296,0.02501
1980.87416,0.02520
1978.94536,0.02576
1977.01657,0.02618
1975.08777,0.02661
1973.15897,0.02748
1971.23018,0.02801
1969.30138,0.02873
1967.37258,0.02834
1965.44379,0.02518
1963.51499,0.02186
1961.58619,0.02034
1959.65740,0.01982
1957.72860,0.01957
1955.79980,0.01888
1953.87101,0.01742
1951.94221,0.01618
1950.01341,0.01594
1948.08462,0.01659
1946.15582,0.01797
1944.22702,0.01997
1942.29823,0.02005
1940.36943,0.01648
1938.44063,0.01299
1936.51184,0.01246
1934.58304,0.01344
1932.65424,0.01359
1930.72545,0.01265
1928.79665,0.01189
1926.86785,0.01270
1924.93906,0.01548
1923.01026,0.01763
1921.08146,0.01779
1919.15267,0.01789
1917.22387,0.01679
1915.29507,0.01372
1913.36628,0.01223
1911.43748,0.01351
1909.50868,0.01462
1907.57989,0.01351
1905.65109,0.01170
1903.72229,0.01094
1901.79350,0.01064
1899.86470,0.01037
1897.93590,0.01100
1896.00711,0.01217
1894.07831,0.01277
1892.14951,0.01402
1890.22072,0.01567
1888.29192,0.01432
1886.36312,0.01117
1884.43433,0.00944
1882.50553,0.00906
1880.57673,0.00914
1878.64794,0.00913
1876.71914,0.00901
1874.79034,0.00939
1872.86155,0.01220
1870.93275,0.01882
1869.00395,0.02407
1867.07516,0.02125
1865.14636,0.01481
1863.21756,0.01130
1861.28877,0.01069
1859.35997,0.01075
1857.43117,0.01036
1855.50238,0.00968
1853.57358,0.00938
1851.64478,0.01005
1849.71599,0.01241
1847.78719,0.01685
1845.85839,0.02229
1843.92960,0.02309
1842.00080,0.01704
1840.07200,0.01194
1838.14321,0.01093
1836.21441,0.01092
1834.28561,0.01155
1832.35682,0.01592
1830.42802,0.02148
1828.49922,0.02210
1826.57043,0.02029
1824.64163,0.01801
1822.71283,0.01374
1820.78404,0.01058
1818.85524,0.01022
1816.92644,0.01044
1814.99765,0.01110
1813.06885,0.01379
1811.14005,0.01633
1809.21126,0.01553
1807.28246,0.01308
1805.35366,0.01292
1803.42487,0.01657
1801.49607,0.02069
1799.56727,0.02069
1797.63848,0.01874
1795.70968,0.02021
1793.78088,0.02547
1791.85209,0.02677
1789.92329,0.01978
1787.99449,0.01373
1786.06570,0.01331
1784.13690,0.01499
1782.20810,0.01660
1780.27931,0.01714
1778.35051,0.01631
1776.42171,0.01832
1774.49292,0.02574
1772.56412,0.03274
1770.63532,0.03120
1768.70653,0.02437
1766.77773,0.01792
1764.84893,0.01596
1762.92014,0.01898
1760.99134,0.02070
1759.06254,0.01976
1757.13375,0.01893
1755.20495,0.01805
1753.27615,0.02144
1751.34736,0.03053
1749.41856,0.03559
1747.48976,0.03198
1745.56097,0.02709
1743.63217,0.02505
1741.70337,0.02485
1739.77458,0.02402
1737.84578,0.02406
1735.91698,0.03047
1733.98819,0.03797
1732.05939,0.03338
1730.13059,0.02363
1728.20180,0.01589
1726.27300,0.01239
1724.34420,0.01327
1722.41541,0.01663
1720.48661,0.02558
1718.55781,0.04079
1716.62902,0.04769
1714.70022,0.03881
1712.77142,0.02805
1710.84263,0.02383
1708.91383,0.02743
1706.98503,0.03630
1705.05624,0.04418
1703.12744,0.05164
1701.19864,0.06489
1699.26985,0.07639
1697.34105,0.07880
1695.41225,0.07621
1693.48346,0.07291
1691.55466,0.07766
1689.62586,0.09139
1687.69707,0.10941
1685.76827,0.13458
1683.83947,0.15989
1681.91068,0.16598
1679.98188,0.16707
1678.05308,0.17626
1676.12429,0.19326
1674.19549,0.21057
1672.26669,0.22496
1670.33790,0.23949
1668.40910,0.24592
1666.48030,0.24499
1664.55151,0.24930
1662.62271,0.25609
1660.69391,0.25633
1658.76512,0.25584
1656.83632,0.26425
1654.90752,0.28369
1652.97873,0.29555
1651.04993,0.28637
1649.12113,0.28558
1647.19234,0.29303
1645.26354,0.29084
1643.33474,0.28603
1641.40595,0.29190
1639.47715,0.30924
1637.54835,0.33616
1635.61956,0.36211
1633.69076,0.37127
1631.76197,0.37706
1629.83317,0.39163
1627.90437,0.40994
1625.97558,0.42490
1624.04678,0.43516
1622.11798,0.43712
1620.18919,0.43533
1618.26039,0.43723
1616.33159,0.43494
1614.40280,0.42449
1612.47400,0.41794
1610.54520,0.41870
1608.61641,0.42276
1606.68761,0.42751
1604.75881,0.43435
1602.83002,0.44340
1600.90122,0.45242
1598.97242,0.46067
1597.04363,0.46827
1595.11483,0.47316
1593.18603,0.47283
1591.25724,0.46758
1589.32844,0.45814
1587.39964,0.44491
1585.47085,0.42880
1583.54205,0.41047
1581.61325,0.39178
1579.68446,0.37724
1577.75566,0.36533
1575.82686,0.34314
1573.89807,0.31637
1571.96927,0.29989
1570.04047,0.28621
1568.11168,0.26644
1566.18288,0.24734
1564.25408,0.23452
1562.32529,0.23288
1560.39649,0.24417
1558.46769,0.24135
1556.53890,0.21327
1554.61010,0.19041
1552.68130,0.17640
1550.75251,0.16737
1548.82371,0.15984
1546.89491,0.15768
1544.96612,0.16469
1543.03732,0.17587
1541.10852,0.18096
1539.17973,0.16468
1537.25093,0.14363
1535.32213,0.13666
1533.39334,0.13441
1531.46454,0.12671
1529.53574,0.12244
1527.60695,0.12571
1525.67815,0.13007
1523.74935,0.13466
1521.82056,0.13799
1519.89176,0.13433
1517.96296,0.12841
1516.03417,0.12055
1514.10537,0.11168
1512.17657,0.11093
1510.24778,0.12278
1508.31898,0.14081
1506.39018,0.13761
1504.46139,0.11306
1502.53259,0.10053
1500.60379,0.10263
1498.67500,0.11098
1496.74620,0.11493
1494.81740,0.11312
1492.88861,0.11786
1490.95981,0.13359
1489.03101,0.14704
1487.10222,0.14762
1485.17342,0.14641
1483.24462,0.15234
1481.31583,0.16408
1479.38703,0.17858
1477.45823,0.19740
1475.52944,0.22085
1473.60064,0.24210
1471.67184,0.24984
1469.74305,0.24778
1467.81425,0.25092
1465.88545,0.26045
1463.95666,0.26557
1462.02786,0.26699
1460.09906,0.27563
1458.17027,0.28732
1456.24147,0.27782
1454.31267,0.25309
1452.38388,0.23391
1450.45508,0.22122
1448.52628,0.20973
1446.59749,0.19419
1444.66869,0.17733
1442.73989,0.16355
1440.81110,0.15464
1438.88230,0.15180
1436.95350,0.14830
1435.02471,0.13596
1433.09591,0.12359
1431.16711,0.11634
1429.23832,0.10904
1427.30952,0.10167
1425.38072,0.09807
1423.45193,0.09657
1421.52313,0.09733
1419.59433,0.10015
1417.66554,0.09496
1415.73674,0.08262
1413.80794,0.07394
1411.87915,0.07016
1409.95035,0.06779
1408.02155,0.06694
1406.09276,0.06797
1404.16396,0.06702
1402.23516,0.06539
1400.30637,0.06811
1398.37757,0.07256
1396.44877,0.07360
1394.51998,0.06916
1392.59118,0.06134
1390.66238,0.05761
1388.73359,0.05958
1386.80479,0.05964
1384.87599,0.05461
1382.94720,0.05049
1381.01840,0.04984
1379.08960,0.05091
1377.16081,0.05353
1375.23201,0.05667
1373.30321,0.05550
1371.37442,0.05090
1369.44562,0.04804
1367.51682,0.04716
1365.58803,0.04916
1363.65923,0.05385
1361.73043,0.05411
1359.80164,0.04867
1357.87284,0.04451
1355.94404,0.04342
1354.01525,0.04286
1352.08645,0.04210
1350.15765,0.04175
1348.22886,0.04145
1346.30006,0.04105
1344.37126,0.04182
1342.44247,0.04587
1340.51367,0.05182
1338.58487,0.05311
1336.65608,0.04836
1334.72728,0.04332
1332.79848,0.04100
1330.86969,0.04043
1328.94089,0.04017
1327.01209,0.03979
1325.08330,0.03955
1323.15450,0.03996
1321.22570,0.04136
1319.29691,0.04276
1317.36811,0.04270
1315.43931,0.04189
1313.51052,0.04117
1311.58172,0.03997
1309.65292,0.03872
1307.72413,0.03812
1305.79533,0.03780
1303.86653,0.03757
1301.93774,0.03755
1300.00894,0.03774
1298.08014,0.03806
1296.15135,0.03824
1294.22255,0.03821
1292.29375,0.03841
1290.36496,0.03896
1288.43616,0.03933
1286.50736,0.03898
1284.57857,0.03833
1282.64977,0.03802
1280.72097,0.03799
1278.79218,0.03788
1276.86338,0.03776
1274.93458,0.03797
1273.00579,0.03859
1271.07699,0.03914
1269.14820,0.03918
1267.21940,0.03901
1265.29060,0.03901
1263.36181,0.03932
1261.43301,0.03978
1259.50421,0.03986
1257.57542,0.03951
1255.64662,0.03925
1253.71782,0.03925
1251.78903,0.03939
1249.86023,0.03956
1247.93143,0.03976
1246.00264,0.04004
1244.07384,0.04028
1242.14504,0.04031
1240.21625,0.04024
1238.28745,0.04019
1236.35865,0.04016
1234.42986,0.04012
1232.50106,0.04007
1230.57226,0.04005
1228.64347,0.04011
1226.71467,0.04026
1224.78587,0.04040
1222.85708,0.04046
1220.92828,0.04057
1218.99948,0.04081
1217.07069,0.04113
1215.14189,0.04160
1213.21309,0.04223
1211.28430,0.04283
1209.35550,0.04336
1207.42670,0.04400
1205.49791,0.04477
1203.56911,0.04566
1201.64031,0.04666
1199.71152,0.04781
1197.78272,0.04906
1195.85392,0.05036
1193.92513,0.05177
1191.99633,0.05339
1190.06753,0.05528
1188.13874,0.05743
1186.20994,0.05975
1184.28114,0.06223
1182.35235,0.06509
1180.42355,0.06847
1178.49475,0.07232
1176.56596,0.07659
1174.63716,0.08114
1172.70836,0.08583
1170.77957,0.09064
1168.85077,0.09557
1166.92197,0.10044
1164.99318,0.10499
1163.06438,0.10895
1161.13558,0.11209
1159.20679,0.11420
1157.27799,0.11510
1155.34919,0.11475
1153.42040,0.11320
1151.49160,0.11054
1149.56280,0.10690
1147.63401,0.10255
1145.70521,0.09779
1143.77641,0.09283
1141.84762,0.08792
1139.91882,0.08320
1137.99002,0.07877
1136.06123,0.07465
1134.13243,0.07088
1132.20363,0.06748
1130.27484,0.06449
1128.34604,0.06192
1126.41724,0.05971
1124.48845,0.05781
1122.55965,0.05617
1120.63085,0.05473
1118.70206,0.05348
1116.77326,0.05242
1114.84446,0.05156
1112.91567,0.05087
1110.98687,0.05032
1109.05807,0.04986
1107.12928,0.04946
1105.20048,0.04912
1103.27168,0.04886
1101.34289,0.04868
1099.41409,0.04851
1097.48529,0.04838
1095.55650,0.04833
1093.62770,0.04837
1091.69890,0.04848
1089.77011,0.04865
1087.84131,0.04886
1085.91251,0.04911
1083.98372,0.04943
1082.05492,0.04979
1080.12612,0.05018
1078.19733,0.05062
1076.26853,0.05115
1074.33973,0.05172
1072.41094,0.05225
1070.48214,0.05270
1068.55334,0.05310
1066.62455,0.05340
1064.69575,0.05356
1062.76695,0.05357
1060.83816,0.05344
1058.90936,0.05321
1056.98056,0.05288
1055.05177,0.05246
1053.12297,0.05193
1051.19417,0.05130
1049.26538,0.05057
1047.33658,0.04982
1045.40778,0.04909
1043.47899,0.04835
1041.55019,0.04758
1039.62139,0.04679
1037.69260,0.04605
1035.76380,0.04539
1033.83500,0.04479
1031.90621,0.04422
1029.97741,0.04371
1028.04861,0.04324
1026.11982,0.04282
1024.19102,0.04242
1022.26222,0.04208
1020.33343,0.04182
1018.40463,0.04165
1016.47583,0.04154
1014.54704,0.04149
1012.61824,0.04141
1010.68944,0.04123
1008.76065,0.04088
1006.83185,0.04034
1004.90305,0.03966
1002.97426,0.03890
1001.04546,0.03814
999.11666,0.03744
997.18787,0.03681
995.25907,0.03627
993.33027,0.03578
991.40148,0.03533
989.47268,0.03489
987.54388,0.03446
985.61509,0.03406
983.68629,0.03369
981.75749,0.03335
979.82870,0.03305
977.89990,0.03277
975.97110,0.03249
974.04231,0.03224
972.11351,0.03201
970.18471,0.03181
968.25592,0.03158
966.32712,0.03130
964.39832,0.03100
962.46953,0.03068
960.54073,0.03038
958.61193,0.03008
956.68314,0.02973
954.75434,0.02931
952.82554,0.02889
950.89675,0.02849
948.96795,0.02805
947.03915,0.02757
945.11036,0.02706
943.18156,0.02657
941.25276,0.02607
939.32397,0.02560
937.39517,0.02520
935.46637,0.02482
933.53758,0.02445
931.60878,0.02411
929.67998,0.02377
927.75119,0.02341
925.82239,0.02305
923.89359,0.02272
921.96480,0.02238
920.03600,0.02203
918.10720,0.02171
916.17841,0.02139
914.24961,0.02101
912.32081,0.02059
910.39202,0.02015
908.46322,0.01969
906.53443,0.01919
904.60563,0.01868
902.67683,0.01817
900.74804,0.01764
898.81924,0.01710
896.89044,0.01656
894.96165,0.01604
893.03285,0.01553
891.10405,0.01502
889.17526,0.01452
887.24646,0.01406
885.31766,0.01363
883.38887,0.01322
881.46007,0.01287
879.53127,0.01259
877.60248,0.01234
875.67368,0.01211
873.74488,0.01191
871.81609,0.01172
869.88729,0.01150
867.95849,0.01126
866.02970,0.01102
864.10090,0.01079
862.17210,0.01050
860.24331,0.01018
858.31451,0.00989
856.38571,0.00959
854.45692,0.00925
852.52812,0.00887
850.59932,0.00850
848.67053,0.00818
846.74173,0.00793
844.81293,0.00773
842.88414,0.00761
840.95534,0.00757
839.02654,0.00753
837.09775,0.00744
835.16895,0.00742
833.24015,0.00751
831.31136,0.00762
829.38256,0.00768
827.45376,0.00776
825.52497,0.00797
823.59617,0.00830
821.66737,0.00857
819.73858,0.00875
817.80978,0.00893
815.88098,0.00910
813.95219,0.00925
812.02339,0.00950
810.09459,0.00982
808.16580,0.01008
806.23700,0.01025
804.30820,0.01051
802.37941,0.01093
800.45061,0.01145
798.52181,0.01208
796.59302,0.01284
794.66422,0.01382
792.73542,0.01498
790.80663,0.01612
788.87783,0.01704
786.94903,0.01767
785.02024,0.01796
783.09144,0.01788
781.16264,0.01741
779.23385,0.01662
777.30505,0.01549
775.37625,0.01423
773.44746,0.01326
771.51866,0.01263
769.58986,0.01200
767.66107,0.01129
765.73227,0.01060
763.80347,0.01007
761.87468,0.00983
759.94588,0.00976
758.01708,0.00991
756.08829,0.01025
754.15949,0.01021
752.23069,0.00966
750.30190,0.00913
748.37310,0.00887
