3496.90832,0.02815
3494.97953,0.02514
3493.05073,0.02620
3491.12193,0.02843
3489.19314,0.02938
3487.26434,0.02891
3485.33554,0.03080
3483.40675,0.03431
3481.47795,0.03178
3479.54915,0.02440
3477.62036,0.02219
3475.69156,0.02718
3473.76276,0.03132
3471.83397,0.02976
3469.90517,0.02867
3467.97637,0.03438
3466.04758,0.04125
3464.11878,0.04043
3462.18998,0.03437
3460.26119,0.03080
3458.33239,0.03140
3456.40359,0.03387
3454.47480,0.03496
3452.54600,0.03316
3450.61721,0.03155
3448.68841,0.03093
3446.75961,0.02774
3444.83082,0.02350
3442.90202,0.02458
3440.97322,0.02993
3439.04443,0.02865
3437.11563,0.01677
3435.18683,0.00409
3433.25804,0.00056
3431.32924,0.00537
3429.40044,0.00922
3427.47165,0.00674
3425.54285,0.00289
3423.61405,0.00498
3421.68526,0.01178
3419.75646,0.01803
3417.82766,0.02373
3415.89887,0.02613
3413.97007,0.02147
3412.04127,0.01515
3410.11248,0.00894
3408.18368,-0.00060
3406.25488,-0.00713
3404.32609,-0.00254
3402.39729,0.00634
3400.46849,0.01061
3398.53970,0.01228
3396.61090,0.01220
3394.68210,0.00750
3392.75331,0.00326
3390.82451,0.00279
3388.89571,0.00365
3386.96692,0.00857
3385.03812,0.01626
3383.10932,0.01705
3381.18053,0.00948
3379.25173,0.00248
3377.32293,0.00302
3375.39414,0.00749
3373.46534,0.01344
3371.53654,0.02375
3369.60775,0.03417
3367.67895,0.03590
3365.75015,0.02848
3363.82136,0.01792
3361.89256,0.00890
3359.96376,0.00535
3358.03497,0.00988
3356.10617,0.02000
3354.17737,0.02772
3352.24858,0.02781
3350.31978,0.02359
3348.39098,0.01518
3346.46219,0.00684
3344.53339,0.01118
3342.60459,0.02364
3340.67580,0.02764
3338.74700,0.02157
3336.81820,0.01793
3334.88941,0.02030
3332.96061,0.02180
3331.03181,0.02116
3329.10302,0.01824
3327.17422,0.01351
3325.24542,0.00983
3323.31663,0.00933
3321.38783,0.01439
3319.45903,0.01777
3317.53024,0.01127
3315.60144,0.00250
3313.67264,-0.00187
3311.74385,-0.00228
3309.81505,0.00263
3307.88625,0.00880
3305.95746,0.01015
3304.02866,0.00744
3302.09986,0.00286
3300.17107,-0.00023
3298.24227,0.00142
3296.31347,0.00596
3294.38468,0.00943
3292.45588,0.01068
3290.52708,0.01165
3288.59829,0.01118
3286.66949,0.00629
3284.74069,0.00053
3282.81190,-0.00002
3280.88310,0.00180
3278.95430,0.00287
3277.02551,0.00759
3275.09671,0.01363
3273.16791,0.01458
3271.23912,0.01296
3269.31032,0.01061
3267.38152,0.00829
3265.45273,0.00717
3263.52393,0.00389
3261.59513,-0.00027
3259.66634,-0.00191
3257.73754,-0.00237
3255.80874,-0.00292
3253.87995,-0.00391
3251.95115,-0.00558
3250.02235,-0.00613
3248.09356,-0.00307
3246.16476,-0.00046
3244.23596,-0.00407
3242.30717,-0.00654
3240.37837,-0.00180
3238.44957,0.00302
3236.52078,0.00391
3234.59198,0.00357
3232.66318,0.00131
3230.73439,-0.00050
3228.80559,0.00295
3226.87679,0.00777
3224.94800,0.01295
3223.01920,0.02407
3221.09040,0.03435
3219.16161,0.03575
3217.23281,0.03342
3215.30401,0.02885
3213.37522,0.02152
3211.44642,0.01693
3209.51762,0.01385
3207.58883,0.00865
3205.66003,0.00686
3203.73123,0.01358
3201.80244,0.02413
3199.87364,0.02953
3197.94484,0.02665
3196.01605,0.02199
3194.08725,0.02325
3192.15845,0.02834
3190.22966,0.03060
3188.30086,0.02981
3186.37206,0.02824
3184.44327,0.02498
3182.51447,0.02018
3180.58567,0.01764
3178.65688,0.01910
3176.72808,0.02035
3174.79928,0.01888
3172.87049,0.01582
3170.94169,0.01152
3169.01289,0.00944
3167.08410,0.01278
3165.15530,0.01571
3163.22650,0.01249
3161.29771,0.00786
3159.36891,0.00788
3157.44011,0.01070
3155.51132,0.01227
3153.58252,0.01079
3151.65372,0.00702
3149.72493,0.00444
3147.79613,0.00455
3145.86733,0.00592
3143.93854,0.00784
3142.00974,0.00987
3140.08094,0.01164
3138.15215,0.01313
3136.22335,0.01374
3134.29455,0.01320
3132.36576,0.01172
3130.43696,0.00989
3128.50816,0.00912
3126.57937,0.00996
3124.65057,0.01111
3122.72177,0.01184
3120.79298,0.01262
3118.86418,0.01277
3116.93538,0.01156
3115.00659,0.01034
3113.07779,0.01003
3111.14899,0.00983
3109.22020,0.00957
3107.29140,0.00988
3105.36260,0.01013
3103.43381,0.00874
3101.50501,0.00692
3099.57621,0.00747
3097.64742,0.00977
3095.71862,0.01122
3093.78982,0.01086
3091.86103,0.01017
3089.93223,0.01087
3088.00344,0.01147
3086.07464,0.01027
3084.14584,0.00947
3082.21705,0.01096
3080.28825,0.01259
3078.35945,0.01218
3076.43066,0.01087
3074.50186,0.01061
3072.57306,0.01126
3070.64427,0.01168
3068.71547,0.01204
3066.78667,0.01283
3064.85788,0.01366
3062.92908,0.01411
3061.00028,0.01401
3059.07149,0.01364
3057.14269,0.01332
3055.21389,0.01289
3053.28510,0.01253
3051.35630,0.01280
3049.42750,0.01388
3047.49871,0.01490
3045.56991,0.01478
3043.64111,0.01382
3041.71232,0.01318
3039.78352,0.01327
3037.85472,0.01386
3035.92593,0.01455
3033.99713,0.01490
3032.06833,0.01487
3030.13954,0.01501
3028.21074,0.01552
3026.28194,0.01580
3024.35315,0.01546
3022.42435,0.01491
3020.49555,0.01480
3018.56676,0.01510
3016.63796,0.01522
3014.70916,0.01522
3012.78037,0.01539
3010.85157,0.01544
3008.92277,0.01548
3006.99398,0.01594
3005.06518,0.01636
3003.13638,0.01605
3001.20759,0.01572
2999.27879,0.01629
2997.34999,0.01708
2995.42120,0.01706
2993.49240,0.01635
2991.56360,0.01577
2989.63481,0.01576
2987.70601,0.01624
2985.77721,0.01683
2983.84842,0.01711
2981.91962,0.01720
2979.99082,0.01762
2978.06203,0.01822
2976.13323,0.01849
2974.20443,0.01860
2972.27564,0.01870
2970.34684,0.01855
2968.41804,0.01833
2966.48925,0.01850
2964.56045,0.01893
2962.63165,0.01923
2960.70286,0.01936
2958.77406,0.01949
2956.84526,0.01955
2954.91647,0.01929
2952.98767,0.01908
2951.05887,0.01933
2949.13008,0.01953
2947.20128,0.01932
2945.27248,0.01904
2943.34369,0.01913
2941.41489,0.01954
2939.48609,0.01962
2937.55730,0.01930
2935.62850,0.01923
2933.69970,0.01940
2931.77091,0.01926
2929.84211,0.01895
2927.91331,0.01907
2925.98452,0.01968
2924.05572,0.02021
2922.12692,0.02034
2920.19813,0.02036
2918.26933,0.02043
2916.34053,0.02060
2914.41174,0.02080
2912.48294,0.02080
2910.55414,0.02081
2908.62535,0.02094
2906.69655,0.02090
2904.76775,0.02080
2902.83896,0.02070
2900.91016,0.02028
2898.98136,0.01988
2897.05257,0.02000
2895.12377,0.02025
2893.19497,0.02015
2891.26618,0.01997
2889.33738,0.02015
2887.40858,0.02054
2885.47979,0.02063
2883.55099,0.02053
2881.62219,0.02062
2879.69340,0.02068
2877.76460,0.02070
2875.83580,0.02096
2873.90701,0.02118
2871.97821,0.02126
2870.04941,0.02152
2868.12062,0.02185
2866.19182,0.02195
2864.26302,0.02187
2862.33423,0.02192
2860.40543,0.02247
2858.47663,0.02318
2856.54784,0.02342
2854.61904,0.02330
2852.69024,0.02318
2850.76145,0.02305
2848.83265,0.02282
2846.90385,0.02285
2844.97506,0.02312
2843.04626,0.02304
2841.11746,0.02295
2839.18867,0.02345
2837.25987,0.02394
2835.33107,0.02387
2833.40228,0.02365
2831.47348,0.02363
2829.54468,0.02376
2827.61589,0.02392
2825.68709,0.02405
2823.75829,0.02413
2821.82950,0.02411
2819.90070,0.02410
2817.97190,0.02434
2816.04311,0.02464
2814.11431,0.02458
2812.18551,0.02424
2810.25672,0.02417
2808.32792,0.02445
2806.39912,0.02466
2804.47033,0.02459
2802.54153,0.02436
2800.61273,0.02414
2798.68394,0.02390
2796.75514,0.02354
2794.82634,0.02311
2792.89755,0.02278
2790.96875,0.02268
2789.03995,0.02264
2787.11116,0.02255
2785.18236,0.02243
2783.25356,0.02219
2781.32477,0.02194
2779.39597,0.02187
2777.46717,0.02191
2775.53838,0.02206
2773.60958,0.02233
2771.68078,0.02245
2769.75199,0.02233
2767.82319,0.02226
2765.89439,0.02231
2763.96560,0.02240
2762.03680,0.02244
2760.10800,0.02216
2758.17921,0.02165
2756.25041,0.02134
2754.32161,0.02134
2752.39282,0.02141
2750.46402,0.02134
2748.53522,0.02113
2746.60643,0.02103
2744.67763,0.02118
2742.74883,0.02137
2740.82004,0.02132
2738.89124,0.02096
2736.96244,0.02061
2735.03365,0.02066
2733.10485,0.02089
2731.17605,0.02090
2729.24726,0.02076
2727.31846,0.02084
2725.38967,0.02116
2723.46087,0.02153
2721.53207,0.02187
2719.60328,0.02194
2717.67448,0.02164
2715.74568,0.02133
2713.81689,0.02125
2711.88809,0.02134
2709.95929,0.02148
2708.03050,0.02145
2706.10170,0.02124
2704.17290,0.02105
2702.24411,0.02094
2700.31531,0.02092
2698.38651,0.02106
2696.45772,0.02124
2694.52892,0.02129
2692.60012,0.02115
2690.67133,0.02092
2688.74253,0.02069
2686.81373,0.02053
2684.88494,0.02044
2682.95614,0.02046
2681.02734,0.02066
2679.09855,0.02098
2677.16975,0.02124
2675.24095,0.02131
2673.31216,0.02132
2671.38336,0.02150
2669.45456,0.02168
2667.52577,0.02169
2665.59697,0.02167
2663.66817,0.02158
2661.73938,0.02136
2659.81058,0.02110
2657.88178,0.02100
2655.95299,0.02109
2654.02419,0.02107
2652.09539,0.02082
2650.16660,0.02068
2648.23780,0.02089
2646.30900,0.02129
2644.38021,0.02156
2642.45141,0.02160
2640.52261,0.02147
2638.59382,0.02133
2636.66502,0.02135
2634.73622,0.02156
2632.80743,0.02188
2630.87863,0.02225
2628.94983,0.02255
2627.02104,0.02264
2625.09224,0.02265
2623.16344,0.02289
2621.23465,0.02329
2619.30585,0.02348
2617.37705,0.02344
2615.44826,0.02345
2613.51946,0.02361
2611.59066,0.02380
2609.66187,0.02392
2607.73307,0.02393
2605.80427,0.02393
2603.87548,0.02423
2601.94668,0.02461
2600.01788,0.02448
2598.08909,0.02386
2596.16029,0.02344
2594.23149,0.02360
2592.30270,0.02399
2590.37390,0.02430
2588.44510,0.02442
2586.51631,0.02453
2584.58751,0.02485
2582.65871,0.02503
2580.72992,0.02468
2578.80112,0.02416
2576.87232,0.02385
2574.94353,0.02384
2573.01473,0.02404
2571.08593,0.02444
2569.15714,0.02499
2567.22834,0.02524
2565.29954,0.02483
2563.37075,0.02431
2561.44195,0.02425
2559.51315,0.02438
2557.58436,0.02422
2555.65556,0.02391
2553.72676,0.02369
2551.79797,0.02353
2549.86917,0.02359
2547.94037,0.02383
2546.01158,0.02387
2544.08278,0.02358
2542.15398,0.02321
2540.22519,0.02318
2538.29639,0.02351
2536.36759,0.02365
2534.43880,0.02365
2532.51000,0.02387
2530.58120,0.02407
2528.65241,0.02405
2526.72361,0.02392
2524.79481,0.02386
2522.86602,0.02421
2520.93722,0.02482
2519.00842,0.02497
2517.07963,0.02435
2515.15083,0.02353
2513.22203,0.02336
2511.29324,0.02376
2509.36444,0.02394
2507.43564,0.02375
2505.50685,0.02338
2503.57805,0.02298
2501.64925,0.02293
2499.72046,0.02315
2497.79166,0.02303
2495.86286,0.02270
2493.93407,0.02258
2492.00527,0.02246
2490.07647,0.02240
2488.14768,0.02272
2486.21888,0.02307
2484.29008,0.02329
2482.36129,0.02365
2480.43249,0.02403
2478.50369,0.02421
2476.57490,0.02417
2474.64610,0.02386
2472.71730,0.02362
2470.78851,0.02364
2468.85971,0.02354
2466.93091,0.02316
2465.00212,0.02274
2463.07332,0.02251
2461.14452,0.02244
2459.21573,0.02215
2457.28693,0.02175
2455.35813,0.02185
2453.42934,0.02211
2451.50054,0.02202
2449.57174,0.02205
2447.64295,0.02242
2445.71415,0.02251
2443.78535,0.02219
2441.85656,0.02218
2439.92776,0.02246
2437.99896,0.02230
2436.07017,0.02186
2434.14137,0.02179
2432.21257,0.02180
2430.28378,0.02149
2428.35498,0.02123
2426.42618,0.02131
2424.49739,0.02140
2422.56859,0.02124
2420.63979,0.02100
2418.71100,0.02088
2416.78220,0.02063
2414.85340,0.02027
2412.92461,0.02002
2410.99581,0.01969
2409.06701,0.01920
2407.13822,0.01877
2405.20942,0.01846
2403.28062,0.01821
2401.35183,0.01816
2399.42303,0.01838
2397.49423,0.01853
2395.56544,0.01835
2393.63664,0.01806
2391.70784,0.01803
2389.77905,0.01859
2387.85025,0.02015
2385.92145,0.02313
2383.99266,0.02785
2382.06386,0.03451
2380.13506,0.04286
2378.20627,0.05187
2376.27747,0.06067
2374.34867,0.06944
2372.41988,0.07850
2370.49108,0.08776
2368.56228,0.09685
2366.63349,0.10505
2364.70469,0.11136
2362.77589,0.11541
2360.84710,0.11711
2358.91830,0.11572
2356.98951,0.11063
2355.06071,0.10201
2353.13191,0.09039
2351.20312,0.07873
2349.27432,0.07277
2347.34552,0.07579
2345.41673,0.08438
2343.48793,0.09007
2341.55913,0.09027
2339.63034,0.08833
2337.70154,0.08604
2335.77274,0.08445
2333.84395,0.08444
2331.91515,0.08493
2329.98635,0.08351
2328.05756,0.08023
2326.12876,0.07742
2324.19996,0.07602
2322.27117,0.07432
2320.34237,0.07037
2318.41357,0.06465
2316.48478,0.05934
2314.55598,0.05615
2312.62718,0.05438
2310.69839,0.05204
2308.76959,0.04859
2306.84079,0.04454
2304.91200,0.04050
2302.98320,0.03735
2301.05440,0.03516
2299.12561,0.03329
2297.19681,0.03146
2295.26801,0.02970
2293.33922,0.02796
2291.41042,0.02635
2289.48162,0.02509
2287.55283,0.02438
2285.62403,0.02408
2283.69523,0.02404
2281.76644,0.02437
2279.83764,0.02477
2277.90884,0.02481
2275.98005,0.02505
2274.05125,0.02573
2272.12245,0.02642
2270.19366,0.02700
2268.26486,0.02723
2266.33606,0.02680
2264.40727,0.02644
2262.47847,0.02686
2260.54967,0.02765
2258.62088,0.02839
2256.69208,0.02920
2254.76328,0.02974
2252.83449,0.02943
2250.90569,0.02906
2248.97689,0.02951
2247.04810,0.03011
2245.11930,0.03015
2243.19050,0.02977
2241.26171,0.02984
2239.33291,0.03143
2237.40411,0.03389
2235.47532,0.03545
2233.54652,0.03576
2231.61772,0.03557
2229.68893,0.03552
2227.76013,0.03577
2225.83133,0.03599
2223.90254,0.03609
2221.97374,0.03624
2220.04494,0.03649
2218.11615,0.03693
2216.18735,0.03734
2214.25855,0.03720
2212.32976,0.03674
2210.40096,0.03644
2208.47216,0.03625
2206.54337,0.03681
2204.61457,0.03831
2202.68577,0.03957
2200.75698,0.04064
2198.82818,0.04212
2196.89938,0.04284
2194.97059,0.04243
2193.04179,0.04251
2191.11299,0.04403
2189.18420,0.04606
2187.25540,0.04693
2185.32660,0.04583
2183.39781,0.04441
2181.46901,0.04499
2179.54021,0.04675
2177.61142,0.04744
2175.68262,0.04697
2173.75382,0.04676
2171.82503,0.04741
2169.89623,0.04798
2167.96743,0.04797
2166.03864,0.04926
2164.10984,0.05425
2162.18104,0.06108
2160.25225,0.06401
2158.32345,0.06120
2156.39465,0.05660
2154.46586,0.05220
2152.53706,0.04833
2150.60826,0.04541
2148.67947,0.04267
2146.75067,0.03976
2144.82187,0.03687
2142.89308,0.03437
2140.96428,0.03281
2139.03548,0.03197
2137.10669,0.03151
2135.17789,0.03085
2133.24909,0.02859
2131.32030,0.02506
2129.39150,0.02206
2127.46270,0.02018
2125.53391,0.01867
2123.60511,0.01737
2121.67631,0.01714
2119.74752,0.01770
2117.81872,0.01775
2115.88992,0.01752
2113.96113,0.01775
2112.03233,0.01802
2110.10353,0.01795
2108.17474,0.01779
2106.24594,0.01807
2104.31714,0.01878
2102.38835,0.01913
2100.45955,0.01903
2098.53075,0.01894
2096.60196,0.01869
2094.67316,0.01809
2092.74436,0.01749
2090.81557,0.01741
2088.88677,0.01767
2086.95797,0.01762
2085.02918,0.01737
2083.10038,0.01737
2081.17158,0.01777
2079.24279,0.01873
2077.31399,0.01988
2075.38519,0.02016
2073.45640,0.01956
2071.52760,0.01924
2069.59880,0.01949
2067.67001,0.01995
2065.74121,0.02035
2063.81241,0.02082
2061.88362,0.02171
2059.95482,0.02253
2058.02602,0.02266
2056.09723,0.02260
2054.16843,0.02279
2052.23963,0.02317
2050.31084,0.02435
2048.38204,0.02654
2046.45324,0.02903
2044.52445,0.03085
2042.59565,0.03115
2040.66685,0.03093
2038.73806,0.03187
2036.80926,0.03309
2034.88046,0.03281
2032.95167,0.03196
2031.02287,0.03242
2029.09407,0.03353
2027.16528,0.03369
2025.23648,0.03263
2023.30768,0.03140
2021.37889,0.03134
2019.45009,0.03228
2017.52129,0.03249
2015.59250,0.03179
2013.66370,0.03171
2011.73490,0.03237
2009.80611,0.03225
2007.87731,0.03057
2005.94851,0.02878
2004.01972,0.02753
2002.09092,0.02623
2000.16212,0.02511
1998.23333,0.02386
1996.30453,0.02311
1994.37574,0.02449
1992.44694,0.02637
1990.51814,0.02582
1988.58935,0.02379
1986.66055,0.02266
1984.73175,0.02307
1982.80296,0.02409
1980.87416,0.02443
1978.94536,0.02450
1977.01657,0.02504
1975.08777,0.02594
1973.15897,0.02619
1971.23018,0.02613
1969.30138,0.02812
1967.37258,0.02937
1965.44379,0.02552
1963.51499,0.02042
1961.58619,0.01882
1959.65740,0.01908
1957.72860,0.01865
1955.79980,0.01735
1953.87101,0.01578
1951.94221,0.01477
1950.01341,0.01472
1948.08462,0.01552
1946.15582,0.01707
1944.22702,0.01912
1942.29823,0.01924
1940.36943,0.01608
1938.44063,0.01285
1936.51184,0.01177
1934.58304,0.01205
1932.65424,0.01224
1930.72545,0.01177
1928.79665,0.01120
1926.86785,0.01174
1924.93906,0.01400
1923.01026,0.01595
1921.08146,0.01645
1919.15267,0.01692
1917.22387,0.01598
1915.29507,0.01302
1913.36628,0.01158
1911.43748,0.01278
1909.50868,0.01400
1907.57989,0.01328
1905.65109,0.01166
1903.72229,0.01066
1901.79350,0.01017
1899.86470,0.00991
1897.93590,0.01057
1896.00711,0.01176
1894.07831,0.01229
1892.14951,0.01336
1890.22072,0.01488
1888.29192,0.01359
1886.36312,0.01063
1884.43433,0.00899
1882.50553,0.00853
1880.57673,0.00864
1878.64794,0.00884
1876.71914,0.00881
1874.79034,0.00910
1872.86155,0.01172
1870.93275,0.01801
1869.00395,0.02307
1867.07516,0.02043
1865.14636,0.01423
1863.21756,0.01090
1861.28877,0.01041
1859.35997,0.01044
1857.43117,0.01000
1855.50238,0.00938
1853.57358,0.00908
1851.64478,0.00962
1849.71599,0.01184
1847.78719,0.01612
1845.85839,0.02147
1843.92960,0.02230
1842.00080,0.01633
1840.07200,0.01128
1838.14321,0.01031
1836.21441,0.01041
1834.28561,0.01109
1832.35682,0.01531
1830.42802,0.02068
1828.49922,0.02128
1826.57043,0.01953
1824.64163,0.01732
1822.71283,0.01316
1820.78404,0.01006
1818.85524,0.00975
1816.92644,0.01003
1814.99765,0.01074
1813.06885,0.01341
1811.14005,0.01587
1809.21126,0.01498
1807.28246,0.01254
1805.35366,0.01243
1803.42487,0.01600
1801.49607,0.01998
1799.56727,0.01996
1797.63848,0.01800
1795.70968,0.01932
1793.78088,0.02441
1791.85209,0.02581
1789.92329,0.01912
1787.99449,0.01323
1786.06570,0.01277
1784.13690,0.01436
1782.20810,0.01593
1780.27931,0.01650
1778.35051,0.01574
1776.42171,0.01771
1774.49292,0.02496
1772.56412,0.03175
1770.63532,0.03013
1768.70653,0.02339
1766.77773,0.01714
1764.84893,0.01531
1762.92014,0.01833
1760.99134,0.02005
1759.06254,0.01913
1757.13375,0.01825
1755.20495,0.01732
1753.27615,0.02066
1751.34736,0.02967
1749.41856,0.03466
1747.48976,0.03106
1745.56097,0.02621
1743.63217,0.02418
1741.70337,0.02398
1739.77458,0.02316
1737.84578,0.02315
1735.91698,0.02941
1733.98819,0.03681
1732.05939,0.03238
1730.13059,0.02285
1728.20180,0.01526
1726.27300,0.01184
1724.34420,0.01274
1722.41541,0.01603
1720.48661,0.02477
1718.55781,0.03965
1716.62902,0.04636
1714.70022,0.03768
1712.77142,0.02720
1710.84263,0.02313
1708.91383,0.02670
1706.98503,0.03548
1705.05624,0.04324
1703.12744,0.05046
1701.19864,0.06338
1699.26985,0.07480
1697.34105,0.07742
1695.41225,0.07510
1693.48346,0.07196
1691.55466,0.07667
1689.62586,0.09031
1687.69707,0.10828
1685.76827,0.13336
1683.83947,0.15862
1681.91068,0.16485
1679.98188,0.16607
1678.05308,0.17526
1676.12429,0.19220
1674.19549,0.20957
1672.26669,0.22404
1670.33790,0.23850
1668.40910,0.24499
1666.48030,0.24423
1664.55151,0.24854
1662.62271,0.25528
1660.69391,0.25566
1658.76512,0.25529
1656.83632,0.26355
1654.90752,0.28258
1652.97873,0.29422
1651.04993,0.28524
1649.12113,0.28438
1647.19234,0.29158
1645.26354,0.28959
1643.33474,0.28518
1641.40595,0.29113
1639.47715,0.30830
1637.54835,0.33502
1635.61956,0.36100
1633.69076,0.37047
1631.76197,0.37643
1629.83317,0.39097
1627.90437,0.40922
1625.97558,0.42407
1624.04678,0.43408
1622.11798,0.43590
1620.18919,0.43414
1618.26039,0.43612
1616.33159,0.43402
1614.40280,0.42376
1612.47400,0.41718
1610.54520,0.41779
1608.61641,0.42179
1606.68761,0.42669
1604.75881,0.43368
1602.83002,0.44274
1600.90122,0.45176
1598.97242,0.46003
1597.04363,0.46764
1595.11483,0.47250
1593.18603,0.47212
1591.25724,0.46692
1589.32844,0.45755
1587.39964,0.44428
1585.47085,0.42810
1583.54205,0.40980
1581.61325,0.39116
1579.68446,0.37660
1577.75566,0.36455
1575.82686,0.34232
1573.89807,0.31563
1571.96927,0.29912
1570.04047,0.28526
1568.11168,0.26541
1566.18288,0.24639
1564.25408,0.23366
1562.32529,0.23188
1560.39649,0.24268
1558.46769,0.23953
1556.53890,0.21176
1554.61010,0.18917
1552.68130,0.17529
1550.75251,0.16630
1548.82371,0.15878
1546.89491,0.15653
1544.96612,0.16329
1543.03732,0.17422
1541.10852,0.17918
1539.17973,0.16315
1537.25093,0.14241
1535.32213,0.13551
1533.39334,0.13328
1531.46454,0.12568
1529.53574,0.12142
1527.60695,0.12456
1525.67815,0.12879
1523.74935,0.13327
1521.82056,0.13651
1519.89176,0.13294
1517.96296,0.12714
1516.03417,0.11941
1514.10537,0.11067
1512.17657,0.10988
1510.24778,0.12146
1508.31898,0.13911
1506.39018,0.13602
1504.46139,0.11202
1502.53259,0.09976
1500.60379,0.10180
1498.67500,0.10999
1496.74620,0.11395
1494.81740,0.11229
1492.88861,0.11700
1490.95981,0.13251
1489.03101,0.14584
1487.10222,0.14661
1485.17342,0.14567
1483.24462,0.15172
1481.31583,0.16348
1479.38703,0.17796
1477.45823,0.19667
1475.52944,0.21987
1473.60064,0.24088
1471.67184,0.24875
1469.74305,0.24700
1467.81425,0.25026
1465.88545,0.25977
1463.95666,0.26487
1462.02786,0.26622
1460.09906,0.27463
1458.17027,0.28601
1456.24147,0.27647
1454.31267,0.25198
1452.38388,0.23301
1450.45508,0.22041
1448.52628,0.20893
1446.59749,0.19341
1444.66869,0.17664
1442.73989,0.16295
1440.81110,0.15403
1438.88230,0.15105
1436.95350,0.14741
1435.02471,0.13513
1433.09591,0.12287
1431.16711,0.11564
1429.23832,0.10839
1427.30952,0.10110
1425.38072,0.09749
1423.45193,0.09592
1421.52313,0.09655
1419.59433,0.09922
1417.66554,0.09404
1415.73674,0.08187
1413.80794,0.07330
1411.87915,0.06955
1409.95035,0.06718
1408.02155,0.06630
1406.09276,0.06727
1404.16396,0.06633
1402.23516,0.06471
1400.30637,0.06735
1398.37757,0.07171
1396.44877,0.07275
1394.51998,0.06838
1392.59118,0.06066
1390.66238,0.05698
1388.73359,0.05889
1386.80479,0.05896
1384.87599,0.05405
1382.94720,0.05001
1381.01840,0.04936
1379.08960,0.05038
1377.16081,0.05293
1375.23201,0.05598
1373.30321,0.05481
1371.37442,0.05029
1369.44562,0.04749
1367.51682,0.04662
1365.58803,0.04854
1363.65923,0.05309
1361.73043,0.05333
1359.80164,0.04801
1357.87284,0.04392
1355.94404,0.04284
1354.01525,0.04229
1352.08645,0.04155
1350.15765,0.04121
1348.22886,0.04094
1346.30006,0.04058
1344.37126,0.04133
1342.44247,0.04528
1340.51367,0.05110
1338.58487,0.05239
1336.65608,0.04775
1334.72728,0.04282
1332.79848,0.04054
1330.86969,0.03997
1328.94089,0.03970
1327.01209,0.03932
1325.08330,0.03908
1323.15450,0.03947
1321.22570,0.04085
1319.29691,0.04222
1317.36811,0.04215
1315.43931,0.04133
1313.51052,0.04061
1311.58172,0.03943
1309.65292,0.03821
1307.72413,0.03761
1305.79533,0.03730
1303.86653,0.03708
1301.93774,0.03708
1300.00894,0.03728
1298.08014,0.03761
1296.15135,0.03779
1294.22255,0.03779
1292.29375,0.03798
1290.36496,0.03850
1288.43616,0.03884
1286.50736,0.03849
1284.57857,0.03785
1282.64977,0.03756
1280.72097,0.03754
1278.79218,0.03743
1276.86338,0.03730
1274.93458,0.03750
1273.00579,0.03813
1271.07699,0.03866
1269.14820,0.03871
1267.21940,0.03855
1265.29060,0.03854
1263.36181,0.03882
1261.43301,0.03927
1259.50421,0.03937
1257.57542,0.03902
1255.64662,0.03875
1253.71782,0.03877
1251.78903,0.03893
1249.86023,0.03911
1247.93143,0.03929
1246.00264,0.03955
1244.07384,0.03977
1242.14504,0.03981
1240.21625,0.03973
1238.28745,0.03966
1236.35865,0.03963
1234.42986,0.03960
1232.50106,0.03959
1230.57226,0.03959
1228.64347,0.03966
1226.71467,0.03980
1224.78587,0.03991
1222.85708,0.03994
1220.92828,0.04005
1218.99948,0.04031
1217.07069,0.04063
1215.14189,0.04108
1213.21309,0.04169
1211.28430,0.04228
1209.35550,0.04285
1207.42670,0.04350
1205.49791,0.04428
1203.56911,0.04515
1201.64031,0.04614
1199.71152,0.04729
1197.78272,0.04854
1195.85392,0.04984
1193.92513,0.05130
1191.99633,0.05296
1190.06753,0.05485
1188.13874,0.05699
1186.20994,0.05932
1184.28114,0.06182
1182.35235,0.06466
1180.42355,0.06799
1178.49475,0.07184
1176.56596,0.07611
1174.63716,0.08066
1172.70836,0.08534
1170.77957,0.09015
1168.85077,0.09509
1166.92197,0.09997
1164.99318,0.10451
1163.06438,0.10847
1161.13558,0.11161
1159.20679,0.11372
1157.27799,0.11461
1155.34919,0.11425
1153.42040,0.11269
1151.49160,0.11002
1149.56280,0.10639
1147.63401,0.10207
1145.70521,0.09731
1143.77641,0.09237
1141.84762,0.08748
1139.91882,0.08278
1137.99002,0.07832
1136.06123,0.07416
1134.13243,0.07035
1132.20363,0.06696
1130.27484,0.06401
1128.34604,0.06145
1126.41724,0.05922
1124.48845,0.05731
1122.55965,0.05569
1120.63085,0.05427
1118.70206,0.05302
1116.77326,0.05197
1114.84446,0.05110
1112.91567,0.05039
1110.98687,0.04982
1109.05807,0.04937
1107.12928,0.04901
1105.20048,0.04869
1103.27168,0.04842
1101.34289,0.04821
1099.41409,0.04806
1097.48529,0.04795
1095.55650,0.04789
1093.62770,0.04791
1091.69890,0.04800
1089.77011,0.04815
1087.84131,0.04834
1085.91251,0.04859
1083.98372,0.04889
1082.05492,0.04925
1080.12612,0.04965
1078.19733,0.05012
1076.26853,0.05066
1074.33973,0.05124
1072.41094,0.05177
1070.48214,0.05224
1068.55334,0.05263
1066.62455,0.05291
1064.69575,0.05306
1062.76695,0.05305
1060.83816,0.05293
1058.90936,0.05272
1056.98056,0.05241
1055.05177,0.05200
1053.12297,0.05147
1051.19417,0.05083
1049.26538,0.05011
1047.33658,0.04937
1045.40778,0.04864
1043.47899,0.04790
1041.55019,0.04712
1039.62139,0.04633
1037.69260,0.04558
1035.76380,0.04490
1033.83500,0.04428
1031.90621,0.04372
1029.97741,0.04320
1028.04861,0.04274
1026.11982,0.04233
1024.19102,0.04195
1022.26222,0.04160
1020.33343,0.04133
1018.40463,0.04116
1016.47583,0.04108
1014.54704,0.04103
1012.61824,0.04094
1010.68944,0.04077
1008.76065,0.04044
1006.83185,0.03992
1004.90305,0.03922
1002.97426,0.03844
1001.04546,0.03768
999.11666,0.03699
997.18787,0.03636
995.25907,0.03580
993.33027,0.03530
991.40148,0.03485
989.47268,0.03442
987.54388,0.03401
985.61509,0.03364
983.68629,0.03327
981.75749,0.03290
979.82870,0.03256
977.89990,0.03226
975.97110,0.03198
974.04231,0.03174
972.11351,0.03152
970.18471,0.03132
968.25592,0.03109
966.32712,0.03082
964.39832,0.03053
962.46953,0.03022
960.54073,0.02992
958.61193,0.02964
956.68314,0.02930
954.75434,0.02888
952.82554,0.02844
950.89675,0.02803
948.96795,0.02758
947.03915,0.02709
945.11036,0.02660
943.18156,0.02612
941.25276,0.02563
939.32397,0.02517
937.39517,0.02475
935.46637,0.02436
933.53758,0.02397
931.60878,0.02361
929.67998,0.02327
927.75119,0.02293
925.82239,0.02260
923.89359,0.02228
921.96480,0.02195
920.03600,0.02160
918.10720,0.02126
916.17841,0.02091
914.24961,0.02052
912.32081,0.02011
910.39202,0.01970
908.46322,0.01925
906.53443,0.01875
904.60563,0.01825
902.67683,0.01774
900.74804,0.01722
898.81924,0.01668
896.89044,0.01612
894.96165,0.01554
893.03285,0.01500
891.10405,0.01449
889.17526,0.01400
887.24646,0.01356
885.31766,0.01317
883.38887,0.01281
881.46007,0.01248
879.53127,0.01219
877.60248,0.01191
875.67368,0.01166
873.74488,0.01145
871.81609,0.01126
869.88729,0.01106
867.95849,0.01084
866.02970,0.01064
864.10090,0.01042
862.17210,0.01014
860.24331,0.00985
858.31451,0.00954
856.38571,0.00918
854.45692,0.00879
852.52812,0.00842
850.59932,0.00810
848.67053,0.00782
846.74173,0.00757
844.81293,0.00733
842.88414,0.00712
840.95534,0.00702
839.02654,0.00701
837.09775,0.00702
835.16895,0.00709
833.24015,0.00722
831.31136,0.00732
829.38256,0.00740
827.45376,0.00751
825.52497,0.00769
823.59617,0.00792
821.66737,0.00811
819.73858,0.00826
817.80978,0.00847
815.88098,0.00866
813.95219,0.00879
812.02339,0.00902
810.09459,0.00940
808.16580,0.00969
806.23700,0.00983
804.30820,0.01003
802.37941,0.01049
800.45061,0.01110
798.52181,0.01172
796.59302,0.01243
794.66422,0.01340
792.73542,0.01449
790.80663,0.01552
788.87783,0.01653
786.94903,0.01733
785.02024,0.01758
783.09144,0.01726
781.16264,0.01659
779.23385,0.01571
777.30505,0.01473
775.37625,0.01379
773.44746,0.01292
771.51866,0.01201
769.58986,0.01118
767.66107,0.01064
765.73227,0.01039
763.80347,0.01019
761.87468,0.00989
759.94588,0.00957
758.01708,0.00933
756.08829,0.00921
754.15949,0.00911
752.23069,0.00882
750.30190,0.00852
748.37310,0.00849
