3496.90832,0.01540
3494.97953,0.02076
3493.05073,0.03014
3491.12193,0.03496
3489.19314,0.03238
3487.26434,0.02883
3485.33554,0.03278
3483.40675,0.04216
3481.47795,0.04691
3479.54915,0.04279
3477.62036,0.03602
3475.69156,0.03306
3473.76276,0.03262
3471.83397,0.03085
3469.90517,0.03043
3467.97637,0.03468
3466.04758,0.03867
3464.11878,0.03927
3462.18998,0.03873
3460.26119,0.03784
3458.33239,0.03965
3456.40359,0.04383
3454.47480,0.04193
3452.54600,0.03283
3450.61721,0.02717
3448.68841,0.02692
3446.75961,0.02282
3444.83082,0.01822
3442.90202,0.02102
3440.97322,0.02192
3439.04443,0.01502
3437.11563,0.00875
3435.18683,0.00685
3433.25804,0.00658
3431.32924,0.00730
3429.40044,0.00824
3427.47165,0.01084
3425.54285,0.01892
3423.61405,0.02927
3421.68526,0.03295
3419.75646,0.02786
3417.82766,0.02322
3415.89887,0.02384
3413.97007,0.01987
3412.04127,0.01057
3410.11248,0.00511
3408.18368,-0.00061
3406.25488,-0.00867
3404.32609,-0.00598
3402.39729,0.00639
3400.46849,0.01189
3398.53970,0.00929
3396.61090,0.00890
3394.68210,0.01216
3392.75331,0.01229
3390.82451,0.00416
3388.89571,-0.00488
3386.96692,-0.00263
3385.03812,0.00624
3383.10932,0.00959
3381.18053,0.00641
3379.25173,0.00535
3377.32293,0.01054
3375.39414,0.01188
3373.46534,0.00818
3371.53654,0.01333
3369.60775,0.02573
3367.67895,0.02793
3365.75015,0.01825
3363.82136,0.01293
3361.89256,0.01652
3359.96376,0.02082
3358.03497,0.02519
3356.10617,0.02939
3354.17737,0.02802
3352.24858,0.02319
3350.31978,0.02092
3348.39098,0.01995
3346.46219,0.01952
3344.53339,0.02332
3342.60459,0.02929
3340.67580,0.03385
3338.74700,0.03583
3336.81820,0.03237
3334.88941,0.02601
3332.96061,0.02603
3331.03181,0.03252
3329.10302,0.03150
3327.17422,0.01810
3325.24542,0.00596
3323.31663,0.00405
3321.38783,0.00871
3319.45903,0.01127
3317.53024,0.00506
3315.60144,-0.00437
3313.67264,-0.00734
3311.74385,-0.00226
3309.81505,0.00753
3307.88625,0.01297
3305.95746,0.00806
3304.02866,-0.00024
3302.09986,-0.00449
3300.17107,-0.00398
3298.24227,-0.00303
3296.31347,-0.00627
3294.38468,-0.00941
3292.45588,-0.00480
3290.52708,0.00298
3288.59829,0.00128
3286.66949,-0.01044
3284.74069,-0.01780
3282.81190,-0.01440
3280.88310,-0.01057
3278.95430,-0.01200
3277.02551,-0.01173
3275.09671,-0.00782
3273.16791,-0.00559
3271.23912,-0.00635
3269.31032,-0.00914
3267.38152,-0.01176
3265.45273,-0.01189
3263.52393,-0.01014
3261.59513,-0.00769
3259.66634,-0.00744
3257.73754,-0.01085
3255.80874,-0.01221
3253.87995,-0.00615
3251.95115,0.00371
3250.02235,0.00893
3248.09356,0.00781
3246.16476,0.00430
3244.23596,-0.00101
3242.30717,-0.00469
3240.37837,-0.00126
3238.44957,0.00498
3236.52078,0.00761
3234.59198,0.00717
3232.66318,0.00416
3230.73439,0.00105
3228.80559,0.00194
3226.87679,0.00414
3224.94800,0.00553
3223.01920,0.00903
3221.09040,0.01364
3219.16161,0.01610
3217.23281,0.01764
3215.30401,0.01969
3213.37522,0.02128
3211.44642,0.02207
3209.51762,0.02139
3207.58883,0.01818
3205.66003,0.01326
3203.73123,0.01146
3201.80244,0.01515
3199.87364,0.01841
3197.94484,0.01693
3196.01605,0.01463
3194.08725,0.01654
3192.15845,0.02140
3190.22966,0.02403
3188.30086,0.02319
3186.37206,0.02223
3184.44327,0.02061
3182.51447,0.01495
3180.58567,0.00953
3178.65688,0.00940
3176.72808,0.01110
3174.79928,0.01151
3172.87049,0.01126
3170.94169,0.00944
3169.01289,0.00745
3167.08410,0.00876
3165.15530,0.00986
3163.22650,0.00685
3161.29771,0.00386
3159.36891,0.00437
3157.44011,0.00606
3155.51132,0.00688
3153.58252,0.00725
3151.65372,0.00667
3149.72493,0.00450
3147.79613,0.00230
3145.86733,0.00249
3143.93854,0.00457
3142.00974,0.00485
3140.08094,0.00331
3138.15215,0.00370
3136.22335,0.00597
3134.29455,0.00679
3132.36576,0.00552
3130.43696,0.00518
3128.50816,0.00698
3126.57937,0.00869
3124.65057,0.00904
3122.72177,0.01067
3120.79298,0.01467
3118.86418,0.01662
3116.93538,0.01506
3115.00659,0.01258
3113.07779,0.00998
3111.14899,0.00803
3109.22020,0.00665
3107.29140,0.00535
3105.36260,0.00554
3103.43381,0.00651
3101.50501,0.00605
3099.57621,0.00509
3097.64742,0.00544
3095.71862,0.00653
3093.78982,0.00634
3091.86103,0.00501
3089.93223,0.00445
3088.00344,0.00467
3086.07464,0.00511
3084.14584,0.00630
3082.21705,0.00805
3080.28825,0.00888
3078.35945,0.00800
3076.43066,0.00697
3074.50186,0.00714
3072.57306,0.00785
3070.64427,0.00859
3068.71547,0.00908
3066.78667,0.00895
3064.85788,0.00838
3062.92908,0.00781
3061.00028,0.00777
3059.07149,0.00835
3057.14269,0.00883
3055.21389,0.00882
3053.28510,0.00863
3051.35630,0.00866
3049.42750,0.00924
3047.49871,0.00976
3045.56991,0.00981
3043.64111,0.00953
3041.71232,0.00875
3039.78352,0.00830
3037.85472,0.00913
3035.92593,0.01049
3033.99713,0.01123
3032.06833,0.01118
3030.13954,0.01080
3028.21074,0.01052
3026.28194,0.01066
3024.35315,0.01114
3022.42435,0.01142
3020.49555,0.01152
3018.56676,0.01177
3016.63796,0.01196
3014.70916,0.01202
3012.78037,0.01189
3010.85157,0.01106
3008.92277,0.00989
3006.99398,0.00984
3005.06518,0.01116
3003.13638,0.01230
3001.20759,0.01236
2999.27879,0.01208
2997.34999,0.01201
2995.42120,0.01199
2993.49240,0.01193
2991.56360,0.01203
2989.63481,0.01220
2987.70601,0.01211
2985.77721,0.01215
2983.84842,0.01269
2981.91962,0.01321
2979.99082,0.01334
2978.06203,0.01342
2976.13323,0.01367
2974.20443,0.01401
2972.27564,0.01424
2970.34684,0.01414
2968.41804,0.01407
2966.48925,0.01449
2964.56045,0.01495
2962.63165,0.01510
2960.70286,0.01519
2958.77406,0.01523
2956.84526,0.01500
2954.91647,0.01458
2952.98767,0.01441
2951.05887,0.01474
2949.13008,0.01511
2947.20128,0.01520
2945.27248,0.01511
2943.34369,0.01474
2941.41489,0.01427
2939.48609,0.01417
2937.55730,0.01447
2935.62850,0.01508
2933.69970,0.01591
2931.77091,0.01631
2929.84211,0.01590
2927.91331,0.01524
2925.98452,0.01503
2924.05572,0.01526
2922.12692,0.01542
2920.19813,0.01548
2918.26933,0.01558
2916.34053,0.01585
2914.41174,0.01634
2912.48294,0.01667
2910.55414,0.01670
2908.62535,0.01660
2906.69655,0.01639
2904.76775,0.01616
2902.83896,0.01587
2900.91016,0.01566
2898.98136,0.01594
2897.05257,0.01632
2895.12377,0.01618
2893.19497,0.01585
2891.26618,0.01589
2889.33738,0.01617
2887.40858,0.01649
2885.47979,0.01673
2883.55099,0.01682
2881.62219,0.01692
2879.69340,0.01696
2877.76460,0.01701
2875.83580,0.01741
2873.90701,0.01787
2871.97821,0.01820
2870.04941,0.01855
2868.12062,0.01883
2866.19182,0.01898
2864.26302,0.01896
2862.33423,0.01887
2860.40543,0.01917
2858.47663,0.01951
2856.54784,0.01933
2854.61904,0.01909
2852.69024,0.01923
2850.76145,0.01933
2848.83265,0.01907
2846.90385,0.01889
2844.97506,0.01913
2843.04626,0.01957
2841.11746,0.02011
2839.18867,0.02066
2837.25987,0.02089
2835.33107,0.02087
2833.40228,0.02092
2831.47348,0.02111
2829.54468,0.02126
2827.61589,0.02133
2825.68709,0.02141
2823.75829,0.02144
2821.82950,0.02143
2819.90070,0.02158
2817.97190,0.02192
2816.04311,0.02222
2814.11431,0.02222
2812.18551,0.02196
2810.25672,0.02180
2808.32792,0.02197
2806.39912,0.02228
2804.47033,0.02233
2802.54153,0.02201
2800.61273,0.02162
2798.68394,0.02133
2796.75514,0.02102
2794.82634,0.02071
2792.89755,0.02060
2790.96875,0.02064
2789.03995,0.02054
2787.11116,0.02028
2785.18236,0.02001
2783.25356,0.01981
2781.32477,0.01967
2779.39597,0.01950
2777.46717,0.01942
2775.53838,0.01953
2773.60958,0.01964
2771.68078,0.01952
2769.75199,0.01923
2767.82319,0.01897
2765.89439,0.01885
2763.96560,0.01895
2762.03680,0.01909
2760.10800,0.01894
2758.17921,0.01862
2756.25041,0.01847
2754.32161,0.01848
2752.39282,0.01842
2750.46402,0.01827
2748.53522,0.01813
2746.60643,0.01800
2744.67763,0.01796
2742.74883,0.01804
2740.82004,0.01810
2738.89124,0.01807
2736.96244,0.01802
2735.03365,0.01810
2733.10485,0.01830
2731.17605,0.01836
2729.24726,0.01811
2727.31846,0.01794
2725.38967,0.01814
2723.46087,0.01850
2721.53207,0.01882
2719.60328,0.01896
2717.67448,0.01886
2715.74568,0.01870
2713.81689,0.01855
2711.88809,0.01836
2709.95929,0.01826
2708.03050,0.01836
2706.10170,0.01850
2704.17290,0.01855
2702.24411,0.01856
2700.31531,0.01858
2698.38651,0.01859
2696.45772,0.01864
2694.52892,0.01872
2692.60012,0.01869
2690.67133,0.01855
2688.74253,0.01837
2686.81373,0.01821
2684.88494,0.01807
2682.95614,0.01788
2681.02734,0.01787
2679.09855,0.01822
2677.16975,0.01857
2675.24095,0.01859
2673.31216,0.01845
2671.38336,0.01833
2669.45456,0.01820
2667.52577,0.01814
2665.59697,0.01824
2663.66817,0.01827
2661.73938,0.01810
2659.81058,0.01794
2657.88178,0.01795
2655.95299,0.01806
2654.02419,0.01822
2652.09539,0.01835
2650.16660,0.01844
2648.23780,0.01863
2646.30900,0.01889
2644.38021,0.01909
2642.45141,0.01922
2640.52261,0.01927
2638.59382,0.01912
2636.66502,0.01897
2634.73622,0.01918
2632.80743,0.01960
2630.87863,0.02002
2628.94983,0.02029
2627.02104,0.02024
2625.09224,0.02012
2623.16344,0.02035
2621.23465,0.02084
2619.30585,0.02117
2617.37705,0.02120
2615.44826,0.02102
2613.51946,0.02078
2611.59066,0.02085
2609.66187,0.02133
2607.73307,0.02170
2605.80427,0.02165
2603.87548,0.02156
2601.94668,0.02176
2600.01788,0.02188
2598.08909,0.02157
2596.16029,0.02130
2594.23149,0.02160
2592.30270,0.02188
2590.37390,0.02165
2588.44510,0.02157
2586.51631,0.02203
2584.58751,0.02256
2582.65871,0.02262
2580.72992,0.02210
2578.80112,0.02162
2576.87232,0.02174
2574.94353,0.02215
2573.01473,0.02213
2571.08593,0.02163
2569.15714,0.02136
2567.22834,0.02166
2565.29954,0.02201
2563.37075,0.02200
2561.44195,0.02185
2559.51315,0.02186
2557.58436,0.02205
2555.65556,0.02215
2553.72676,0.02180
2551.79797,0.02136
2549.86917,0.02153
2547.94037,0.02202
2546.01158,0.02212
2544.08278,0.02190
2542.15398,0.02180
2540.22519,0.02177
2538.29639,0.02138
2536.36759,0.02080
2534.43880,0.02056
2532.51000,0.02081
2530.58120,0.02123
2528.65241,0.02139
2526.72361,0.02124
2524.79481,0.02117
2522.86602,0.02142
2520.93722,0.02190
2519.00842,0.02238
2517.07963,0.02230
2515.15083,0.02168
2513.22203,0.02122
2511.29324,0.02117
2509.36444,0.02113
2507.43564,0.02087
2505.50685,0.02065
2503.57805,0.02085
2501.64925,0.02143
2499.72046,0.02180
2497.79166,0.02150
2495.86286,0.02101
2493.93407,0.02097
2492.00527,0.02125
2490.07647,0.02144
2488.14768,0.02146
2486.21888,0.02132
2484.29008,0.02117
2482.36129,0.02119
2480.43249,0.02111
2478.50369,0.02078
2476.57490,0.02061
2474.64610,0.02076
2472.71730,0.02096
2470.78851,0.02112
2468.85971,0.02108
2466.93091,0.02070
2465.00212,0.02024
2463.07332,0.01994
2461.14452,0.01969
2459.21573,0.01938
2457.28693,0.01919
2455.35813,0.01934
2453.42934,0.01953
2451.50054,0.01964
2449.57174,0.01986
2447.64295,0.02000
2445.71415,0.01981
2443.78535,0.01954
2441.85656,0.01959
2439.92776,0.01986
2437.99896,0.01996
2436.07017,0.01976
2434.14137,0.01943
2432.21257,0.01896
2430.28378,0.01838
2428.35498,0.01822
2426.42618,0.01856
2424.49739,0.01869
2422.56859,0.01830
2420.63979,0.01789
2418.71100,0.01793
2416.78220,0.01820
2414.85340,0.01827
2412.92461,0.01807
2410.99581,0.01764
2409.06701,0.01704
2407.13822,0.01651
2405.20942,0.01612
2403.28062,0.01582
2401.35183,0.01564
2399.42303,0.01558
2397.49423,0.01559
2395.56544,0.01553
2393.63664,0.01529
2391.70784,0.01503
2389.77905,0.01527
2387.85025,0.01661
2385.92145,0.01922
2383.99266,0.02314
2382.06386,0.02851
2380.13506,0.03519
2378.20627,0.04263
2376.27747,0.05039
2374.34867,0.05843
2372.41988,0.06651
2370.49108,0.07445
2368.56228,0.08219
2366.63349,0.08918
2364.70469,0.09445
2362.77589,0.09746
2360.84710,0.09837
2358.91830,0.09701
2356.98951,0.09268
2355.06071,0.08506
2353.13191,0.07486
2351.20312,0.06485
2349.27432,0.05966
2347.34552,0.06198
2345.41673,0.06918
2343.48793,0.07432
2341.55913,0.07495
2339.63034,0.07331
2337.70154,0.07108
2335.77274,0.06960
2333.84395,0.06951
2331.91515,0.06978
2329.98635,0.06854
2328.05756,0.06589
2326.12876,0.06373
2324.19996,0.06267
2322.27117,0.06129
2320.34237,0.05796
2318.41357,0.05317
2316.48478,0.04902
2314.55598,0.04661
2312.62718,0.04503
2310.69839,0.04299
2308.76959,0.04011
2306.84079,0.03654
2304.91200,0.03307
2302.98320,0.03058
2301.05440,0.02888
2299.12561,0.02731
2297.19681,0.02592
2295.26801,0.02479
2293.33922,0.02366
2291.41042,0.02250
2289.48162,0.02151
2287.55283,0.02096
2285.62403,0.02088
2283.69523,0.02114
2281.76644,0.02168
2279.83764,0.02231
2277.90884,0.02293
2275.98005,0.02366
2274.05125,0.02432
2272.12245,0.02475
2270.19366,0.02527
2268.26486,0.02588
2266.33606,0.02590
2264.40727,0.02535
2262.47847,0.02526
2260.54967,0.02621
2258.62088,0.02772
2256.69208,0.02891
2254.76328,0.02913
2252.83449,0.02823
2250.90569,0.02714
2248.97689,0.02693
2247.04810,0.02767
2245.11930,0.02856
2243.19050,0.02892
2241.26171,0.02928
2239.33291,0.03047
2237.40411,0.03218
2235.47532,0.03345
2233.54652,0.03413
2231.61772,0.03473
2229.68893,0.03487
2227.76013,0.03442
2225.83133,0.03452
2223.90254,0.03533
2221.97374,0.03571
2220.04494,0.03587
2218.11615,0.03689
2216.18735,0.03758
2214.25855,0.03671
2212.32976,0.03571
2210.40096,0.03618
2208.47216,0.03784
2206.54337,0.03975
2204.61457,0.04124
2202.68577,0.04199
2200.75698,0.04267
2198.82818,0.04368
2196.89938,0.04455
2194.97059,0.04486
2193.04179,0.04479
2191.11299,0.04601
2189.18420,0.04853
2187.25540,0.04950
2185.32660,0.04805
2183.39781,0.04651
2181.46901,0.04669
2179.54021,0.04788
2177.61142,0.04907
2175.68262,0.04958
2173.75382,0.04896
2171.82503,0.04898
2169.89623,0.05046
2167.96743,0.05199
2166.03864,0.05475
2164.10984,0.06040
2162.18104,0.06583
2160.25225,0.06684
2158.32345,0.06318
2156.39465,0.05783
2154.46586,0.05262
2152.53706,0.04774
2150.60826,0.04358
2148.67947,0.04143
2146.75067,0.04078
2144.82187,0.03865
2142.89308,0.03539
2140.96428,0.03308
2139.03548,0.03155
2137.10669,0.03067
2135.17789,0.02957
2133.24909,0.02663
2131.32030,0.02303
2129.39150,0.02062
2127.46270,0.01922
2125.53391,0.01777
2123.60511,0.01606
2121.67631,0.01508
2119.74752,0.01517
2117.81872,0.01531
2115.88992,0.01531
2113.96113,0.01574
2112.03233,0.01611
2110.10353,0.01588
2108.17474,0.01547
2106.24594,0.01566
2104.31714,0.01641
2102.38835,0.01676
2100.45955,0.01657
2098.53075,0.01656
2096.60196,0.01638
2094.67316,0.01544
2092.74436,0.01452
2090.81557,0.01452
2088.88677,0.01483
2086.95797,0.01455
2085.02918,0.01397
2083.10038,0.01398
2081.17158,0.01499
2079.24279,0.01660
2077.31399,0.01793
2075.38519,0.01808
2073.45640,0.01741
2071.52760,0.01712
2069.59880,0.01764
2067.67001,0.01892
2065.74121,0.02024
2063.81241,0.02065
2061.88362,0.02057
2059.95482,0.02057
2058.02602,0.02067
2056.09723,0.02093
2054.16843,0.02147
2052.23963,0.02276
2050.31084,0.02492
2048.38204,0.02705
2046.45324,0.02857
2044.52445,0.02970
2042.59565,0.03066
2040.66685,0.03182
2038.73806,0.03352
2036.80926,0.03507
2034.88046,0.03579
2032.95167,0.03659
2031.02287,0.03699
2029.09407,0.03552
2027.16528,0.03423
2025.23648,0.03534
2023.30768,0.03651
2021.37889,0.03651
2019.45009,0.03720
2017.52129,0.03629
2015.59250,0.03241
2013.66370,0.02996
2011.73490,0.02962
2009.80611,0.02883
2007.87731,0.02822
2005.94851,0.02808
2004.01972,0.02606
2002.09092,0.02276
2000.16212,0.02068
1998.23333,0.02016
1996.30453,0.02150
1994.37574,0.02422
1992.44694,0.02498
1990.51814,0.02258
1988.58935,0.02045
1986.66055,0.02061
1984.73175,0.02177
1982.80296,0.02278
1980.87416,0.02398
1978.94536,0.02541
1977.01657,0.02576
1975.08777,0.02551
1973.15897,0.02558
1971.23018,0.02534
1969.30138,0.02553
1967.37258,0.02512
1965.44379,0.02188
1963.51499,0.01815
1961.58619,0.01656
1959.65740,0.01568
1957.72860,0.01460
1955.79980,0.01381
1953.87101,0.01296
1951.94221,0.01235
1950.01341,0.01243
1948.08462,0.01254
1946.15582,0.01282
1944.22702,0.01418
1942.29823,0.01491
1940.36943,0.01317
1938.44063,0.01089
1936.51184,0.00984
1934.58304,0.00964
1932.65424,0.00953
1930.72545,0.00930
1928.79665,0.00914
1926.86785,0.00960
1924.93906,0.01117
1923.01026,0.01221
1921.08146,0.01197
1919.15267,0.01192
1917.22387,0.01109
1915.29507,0.00890
1913.36628,0.00789
1911.43748,0.00877
1909.50868,0.00941
1907.57989,0.00854
1905.65109,0.00712
1903.72229,0.00634
1901.79350,0.00604
1899.86470,0.00596
1897.93590,0.00655
1896.00711,0.00749
1894.07831,0.00782
1892.14951,0.00867
1890.22072,0.01005
1888.29192,0.00920
1886.36312,0.00698
1884.43433,0.00594
1882.50553,0.00572
1880.57673,0.00550
1878.64794,0.00519
1876.71914,0.00499
1874.79034,0.00535
1872.86155,0.00753
1870.93275,0.01231
1869.00395,0.01586
1867.07516,0.01350
1865.14636,0.00862
1863.21756,0.00601
1861.28877,0.00558
1859.35997,0.00558
1857.43117,0.00534
1855.50238,0.00504
1853.57358,0.00502
1851.64478,0.00559
1849.71599,0.00732
1847.78719,0.01050
1845.85839,0.01444
1843.92960,0.01502
1842.00080,0.01053
1840.07200,0.00677
1838.14321,0.00611
1836.21441,0.00622
1834.28561,0.00670
1832.35682,0.00988
1830.42802,0.01392
1828.49922,0.01441
1826.57043,0.01309
1824.64163,0.01124
1822.71283,0.00784
1820.78404,0.00539
1818.85524,0.00516
1816.92644,0.00534
1814.99765,0.00580
1813.06885,0.00777
1811.14005,0.00957
1809.21126,0.00884
1807.28246,0.00698
1805.35366,0.00697
1803.42487,0.00980
1801.49607,0.01292
1799.56727,0.01301
1797.63848,0.01161
1795.70968,0.01265
1793.78088,0.01649
1791.85209,0.01751
1789.92329,0.01244
1787.99449,0.00800
1786.06570,0.00768
1784.13690,0.00892
1782.20810,0.01012
1780.27931,0.01045
1778.35051,0.00973
1776.42171,0.01114
1774.49292,0.01658
1772.56412,0.02166
1770.63532,0.02043
1768.70653,0.01535
1766.77773,0.01059
1764.84893,0.00916
1762.92014,0.01140
1760.99134,0.01265
1759.06254,0.01199
1757.13375,0.01143
1755.20495,0.01080
1753.27615,0.01337
1751.34736,0.02017
1749.41856,0.02385
1747.48976,0.02108
1745.56097,0.01744
1743.63217,0.01597
1741.70337,0.01593
1739.77458,0.01539
1737.84578,0.01541
1735.91698,0.02009
1733.98819,0.02549
1732.05939,0.02199
1730.13059,0.01478
1728.20180,0.00907
1726.27300,0.00643
1724.34420,0.00709
1722.41541,0.00968
1720.48661,0.01653
1718.55781,0.02800
1716.62902,0.03326
1714.70022,0.02712
1712.77142,0.01982
1710.84263,0.01752
1708.91383,0.02109
1706.98503,0.02883
1705.05624,0.03618
1703.12744,0.04341
1701.19864,0.05552
1699.26985,0.06693
1697.34105,0.07175
1695.41225,0.07366
1693.48346,0.07519
1691.55466,0.08249
1689.62586,0.09706
1687.69707,0.11506
1685.76827,0.13890
1683.83947,0.16444
1681.91068,0.17510
1679.98188,0.18073
1678.05308,0.19238
1676.12429,0.21033
1674.19549,0.22857
1672.26669,0.24362
1670.33790,0.25843
1668.40910,0.26738
1666.48030,0.26979
1664.55151,0.27519
1662.62271,0.28212
1660.69391,0.28380
1658.76512,0.28446
1656.83632,0.29142
1654.90752,0.30651
1652.97873,0.31576
1651.04993,0.30898
1649.12113,0.30857
1647.19234,0.31526
1645.26354,0.31601
1643.33474,0.31527
1641.40595,0.32305
1639.47715,0.34015
1637.54835,0.36564
1635.61956,0.39292
1633.69076,0.40813
1631.76197,0.41922
1629.83317,0.43688
1627.90437,0.45750
1625.97558,0.47458
1624.04678,0.48724
1622.11798,0.49280
1620.18919,0.49379
1618.26039,0.49616
1616.33159,0.49450
1614.40280,0.48629
1612.47400,0.48120
1610.54520,0.48217
1608.61641,0.48646
1606.68761,0.49217
1604.75881,0.50029
1602.83002,0.51089
1600.90122,0.52191
1598.97242,0.53216
1597.04363,0.54131
1595.11483,0.54781
1593.18603,0.54944
1591.25724,0.54603
1589.32844,0.53781
1587.39964,0.52499
1585.47085,0.50844
1583.54205,0.48898
1581.61325,0.46844
1579.68446,0.45063
1577.75566,0.43352
1575.82686,0.40657
1573.89807,0.37739
1571.96927,0.35753
1570.04047,0.33866
1568.11168,0.31517
1566.18288,0.29370
1564.25408,0.27786
1562.32529,0.27150
1560.39649,0.27429
1558.46769,0.26393
1556.53890,0.23687
1554.61010,0.21572
1552.68130,0.20133
1550.75251,0.19076
1548.82371,0.18158
1546.89491,0.17689
1544.96612,0.17926
1543.03732,0.18474
1541.10852,0.18556
1539.17973,0.17057
1537.25093,0.15295
1535.32213,0.14624
1533.39334,0.14281
1531.46454,0.13539
1529.53574,0.13089
1527.60695,0.13203
1525.67815,0.13401
1523.74935,0.13636
1521.82056,0.13776
1519.89176,0.13405
1517.96296,0.12887
1516.03417,0.12243
1514.10537,0.11538
1512.17657,0.11443
1510.24778,0.12287
1508.31898,0.13598
1506.39018,0.13372
1504.46139,0.11579
1502.53259,0.10676
1500.60379,0.10884
1498.67500,0.11591
1496.74620,0.12019
1494.81740,0.12047
1492.88861,0.12570
1490.95981,0.13960
1489.03101,0.15266
1487.10222,0.15670
1485.17342,0.15960
1483.24462,0.16815
1481.31583,0.18165
1479.38703,0.19760
1477.45823,0.21696
1475.52944,0.24003
1473.60064,0.26208
1471.67184,0.27468
1469.74305,0.27882
1467.81425,0.28565
1465.88545,0.29719
1463.95666,0.30506
1462.02786,0.30872
1460.09906,0.31650
1458.17027,0.32548
1456.24147,0.31716
1454.31267,0.29629
1452.38388,0.27880
1450.45508,0.26520
1448.52628,0.25141
1446.59749,0.23393
1444.66869,0.21560
1442.73989,0.19966
1440.81110,0.18755
1438.88230,0.18024
1436.95350,0.17193
1435.02471,0.15730
1433.09591,0.14400
1431.16711,0.13498
1429.23832,0.12601
1427.30952,0.11753
1425.38072,0.11229
1423.45193,0.10888
1421.52313,0.10752
1419.59433,0.10773
1417.66554,0.10202
1415.73674,0.09146
1413.80794,0.08383
1411.87915,0.07983
1409.95035,0.07694
1408.02155,0.07530
1406.09276,0.07509
1404.16396,0.07341
1402.23516,0.07134
1400.30637,0.07257
1398.37757,0.07508
1396.44877,0.07509
1394.51998,0.07107
1392.59118,0.06458
1390.66238,0.06127
1388.73359,0.06224
1386.80479,0.06175
1384.87599,0.05754
1382.94720,0.05408
1381.01840,0.05324
1379.08960,0.05369
1377.16081,0.05533
1375.23201,0.05741
1373.30321,0.05633
1371.37442,0.05278
1369.44562,0.05054
1367.51682,0.04977
1365.58803,0.05110
1363.65923,0.05439
1361.73043,0.05438
1359.80164,0.05017
1357.87284,0.04693
1355.94404,0.04596
1354.01525,0.04536
1352.08645,0.04461
1350.15765,0.04418
1348.22886,0.04383
1346.30006,0.04344
1344.37126,0.04391
1342.44247,0.04681
1340.51367,0.05113
1338.58487,0.05209
1336.65608,0.04865
1334.72728,0.04498
1332.79848,0.04329
1330.86969,0.04287
1328.94089,0.04265
1327.01209,0.04231
1325.08330,0.04204
1323.15450,0.04222
1321.22570,0.04313
1319.29691,0.04409
1317.36811,0.04397
1315.43931,0.04325
1313.51052,0.04261
1311.58172,0.04166
1309.65292,0.04067
1307.72413,0.04012
1305.79533,0.03977
1303.86653,0.03950
1301.93774,0.03940
1300.00894,0.03944
1298.08014,0.03958
1296.15135,0.03962
1294.22255,0.03953
1292.29375,0.03962
1290.36496,0.03999
1288.43616,0.04024
1286.50736,0.03999
1284.57857,0.03955
1282.64977,0.03940
1280.72097,0.03945
1278.79218,0.03945
1276.86338,0.03945
1274.93458,0.03971
1273.00579,0.04028
1271.07699,0.04079
1269.14820,0.04093
1267.21940,0.04091
1265.29060,0.04099
1263.36181,0.04127
1261.43301,0.04163
1259.50421,0.04166
1257.57542,0.04132
1255.64662,0.04105
1253.71782,0.04100
1251.78903,0.04107
1249.86023,0.04116
1247.93143,0.04126
1246.00264,0.04143
1244.07384,0.04157
1242.14504,0.04158
1240.21625,0.04154
1238.28745,0.04154
1236.35865,0.04159
1234.42986,0.04165
1232.50106,0.04172
1230.57226,0.04183
1228.64347,0.04201
1226.71467,0.04225
1224.78587,0.04248
1222.85708,0.04267
1220.92828,0.04292
1218.99948,0.04326
1217.07069,0.04366
1215.14189,0.04417
1213.21309,0.04482
1211.28430,0.04549
1209.35550,0.04613
1207.42670,0.04685
1205.49791,0.04771
1203.56911,0.04869
1201.64031,0.04984
1199.71152,0.05115
1197.78272,0.05257
1195.85392,0.05408
1193.92513,0.05580
1191.99633,0.05780
1190.06753,0.06012
1188.13874,0.06276
1186.20994,0.06570
1184.28114,0.06890
1182.35235,0.07251
1180.42355,0.07666
1178.49475,0.08137
1176.56596,0.08651
1174.63716,0.09197
1172.70836,0.09761
1170.77957,0.10342
1168.85077,0.10932
1166.92197,0.11510
1164.99318,0.12046
1163.06438,0.12511
1161.13558,0.12878
1159.20679,0.13124
1157.27799,0.13231
1155.34919,0.13188
1153.42040,0.12999
1151.49160,0.12677
1149.56280,0.12245
1147.63401,0.11735
1145.70521,0.11174
1143.77641,0.10589
1141.84762,0.10007
1139.91882,0.09451
1137.99002,0.08930
1136.06123,0.08448
1134.13243,0.08010
1132.20363,0.07617
1130.27484,0.07270
1128.34604,0.06967
1126.41724,0.06703
1124.48845,0.06473
1122.55965,0.06270
1120.63085,0.06090
1118.70206,0.05928
1116.77326,0.05789
1114.84446,0.05671
1112.91567,0.05574
1110.98687,0.05492
1109.05807,0.05423
1107.12928,0.05363
1105.20048,0.05309
1103.27168,0.05264
1101.34289,0.05229
1099.41409,0.05200
1097.48529,0.05178
1095.55650,0.05166
1093.62770,0.05166
1091.69890,0.05176
1089.77011,0.05192
1087.84131,0.05213
1085.91251,0.05244
1083.98372,0.05285
1082.05492,0.05332
1080.12612,0.05379
1078.19733,0.05431
1076.26853,0.05489
1074.33973,0.05547
1072.41094,0.05598
1070.48214,0.05641
1068.55334,0.05676
1066.62455,0.05700
1064.69575,0.05710
1062.76695,0.05704
1060.83816,0.05684
1058.90936,0.05653
1056.98056,0.05613
1055.05177,0.05562
1053.12297,0.05502
1051.19417,0.05434
1049.26538,0.05361
1047.33658,0.05287
1045.40778,0.05214
1043.47899,0.05138
1041.55019,0.05060
1039.62139,0.04985
1037.69260,0.04913
1035.76380,0.04842
1033.83500,0.04776
1031.90621,0.04714
1029.97741,0.04655
1028.04861,0.04602
1026.11982,0.04551
1024.19102,0.04499
1022.26222,0.04451
1020.33343,0.04414
1018.40463,0.04386
1016.47583,0.04366
1014.54704,0.04350
1012.61824,0.04333
1010.68944,0.04305
1008.76065,0.04260
1006.83185,0.04195
1004.90305,0.04117
1002.97426,0.04031
1001.04546,0.03948
999.11666,0.03875
997.18787,0.03817
995.25907,0.03768
993.33027,0.03724
991.40148,0.03683
989.47268,0.03643
987.54388,0.03602
985.61509,0.03561
983.68629,0.03518
981.75749,0.03473
979.82870,0.03427
977.89990,0.03380
975.97110,0.03333
974.04231,0.03290
972.11351,0.03250
970.18471,0.03210
968.25592,0.03168
966.32712,0.03126
964.39832,0.03083
962.46953,0.03039
960.54073,0.02997
958.61193,0.02958
956.68314,0.02918
954.75434,0.02873
952.82554,0.02829
950.89675,0.02787
948.96795,0.02745
947.03915,0.02700
945.11036,0.02653
943.18156,0.02608
941.25276,0.02561
939.32397,0.02514
937.39517,0.02468
935.46637,0.02423
933.53758,0.02376
931.60878,0.02331
929.67998,0.02285
927.75119,0.02235
925.82239,0.02184
923.89359,0.02131
921.96480,0.02075
920.03600,0.02018
918.10720,0.01963
916.17841,0.01911
914.24961,0.01857
912.32081,0.01801
910.39202,0.01746
908.46322,0.01692
906.53443,0.01635
904.60563,0.01579
902.67683,0.01524
900.74804,0.01471
898.81924,0.01418
896.89044,0.01365
894.96165,0.01311
893.03285,0.01256
891.10405,0.01198
889.17526,0.01138
887.24646,0.01079
885.31766,0.01021
883.38887,0.00967
881.46007,0.00917
879.53127,0.00873
877.60248,0.00832
875.67368,0.00792
873.74488,0.00750
871.81609,0.00711
869.88729,0.00674
867.95849,0.00638
866.02970,0.00600
864.10090,0.00562
862.17210,0.00522
860.24331,0.00486
858.31451,0.00451
856.38571,0.00417
854.45692,0.00385
852.52812,0.00354
850.59932,0.00326
848.67053,0.00303
846.74173,0.00283
844.81293,0.00262
842.88414,0.00243
840.95534,0.00229
839.02654,0.00214
837.09775,0.00195
835.16895,0.00190
833.24015,0.00197
831.31136,0.00199
829.38256,0.00194
827.45376,0.00190
825.52497,0.00192
823.59617,0.00201
821.66737,0.00210
819.73858,0.00217
817.80978,0.00231
815.88098,0.00252
813.95219,0.00271
812.02339,0.00295
810.09459,0.00335
808.16580,0.00379
806.23700,0.00414
804.30820,0.00457
802.37941,0.00522
800.45061,0.00600
798.52181,0.00683
796.59302,0.00789
794.66422,0.00921
792.73542,0.01052
790.80663,0.01163
788.87783,0.01260
786.94903,0.01333
785.02024,0.01360
783.09144,0.01337
781.16264,0.01264
779.23385,0.01142
777.30505,0.00983
775.37625,0.00824
773.44746,0.00699
771.51866,0.00601
769.58986,0.00497
767.66107,0.00391
765.73227,0.00304
763.80347,0.00249
761.87468,0.00233
759.94588,0.00238
758.01708,0.00240
756.08829,0.00232
754.15949,0.00204
752.23069,0.00159
750.30190,0.00137
748.37310,0.00141
