3496.90832,0.02489
3494.97953,0.02678
3493.05073,0.03036
3491.12193,0.03362
3489.19314,0.03438
3487.26434,0.03411
3485.33554,0.03500
3483.40675,0.03455
3481.47795,0.03024
3479.54915,0.02660
3477.62036,0.03050
3475.69156,0.03789
3473.76276,0.03816
3471.83397,0.03347
3469.90517,0.03192
3467.97637,0.03456
3466.04758,0.03882
3464.11878,0.03873
3462.18998,0.03250
3460.26119,0.02965
3458.33239,0.03362
3456.40359,0.03574
3454.47480,0.03199
3452.54600,0.02538
3450.61721,0.02111
3448.68841,0.02215
3446.75961,0.02518
3444.83082,0.02712
3442.90202,0.02877
3440.97322,0.03005
3439.04443,0.02782
3437.11563,0.01952
3435.18683,0.00966
3433.25804,0.00562
3431.32924,0.00697
3429.40044,0.00793
3427.47165,0.00704
3425.54285,0.00700
3423.61405,0.01017
3421.68526,0.01486
3419.75646,0.01810
3417.82766,0.02106
3415.89887,0.02206
3413.97007,0.01711
3412.04127,0.00925
3410.11248,0.00242
3408.18368,-0.00461
3406.25488,-0.00893
3404.32609,-0.00054
3402.39729,0.01742
3400.46849,0.02832
3398.53970,0.02706
3396.61090,0.01950
3394.68210,0.01060
3392.75331,0.00313
3390.82451,-0.00548
3388.89571,-0.01240
3386.96692,-0.00687
3385.03812,0.00224
3383.10932,0.00056
3381.18053,-0.00277
3379.25173,-0.00034
3377.32293,0.00201
3375.39414,0.00341
3373.46534,0.00859
3371.53654,0.01758
3369.60775,0.02381
3367.67895,0.02052
3365.75015,0.01270
3363.82136,0.01253
3361.89256,0.01908
3359.96376,0.02346
3358.03497,0.02582
3356.10617,0.02799
3354.17737,0.02861
3352.24858,0.02973
3350.31978,0.03218
3348.39098,0.03088
3346.46219,0.02722
3344.53339,0.02959
3342.60459,0.03618
3340.67580,0.03672
3338.74700,0.02730
3336.81820,0.01584
3334.88941,0.01290
3332.96061,0.01929
3331.03181,0.02373
3329.10302,0.01590
3327.17422,0.00312
3325.24542,-0.00020
3323.31663,0.00892
3321.38783,0.02225
3319.45903,0.02745
3317.53024,0.01920
3315.60144,0.00509
3313.67264,-0.00533
3311.74385,-0.00827
3309.81505,-0.00162
3307.88625,0.00964
3305.95746,0.01207
3304.02866,0.00245
3302.09986,-0.00989
3300.17107,-0.01755
3298.24227,-0.01870
3296.31347,-0.01523
3294.38468,-0.01010
3292.45588,-0.00548
3290.52708,-0.00400
3288.59829,-0.00400
3286.66949,-0.00158
3284.74069,0.00144
3282.81190,0.00146
3280.88310,-0.00281
3278.95430,-0.00779
3277.02551,-0.00531
3275.09671,0.00235
3273.16791,0.00461
3271.23912,0.00148
3269.31032,-0.00403
3267.38152,-0.01024
3265.45273,-0.01138
3263.52393,-0.00921
3261.59513,-0.00816
3259.66634,-0.00728
3257.73754,-0.00662
3255.80874,-0.00585
3253.87995,-0.00448
3251.95115,-0.00288
3250.02235,-0.00105
3248.09356,-0.00078
3246.16476,-0.00259
3244.23596,-0.00384
3242.30717,-0.00237
3240.37837,0.00022
3238.44957,0.00012
3236.52078,-0.00012
3234.59198,0.00273
3232.66318,0.00360
3230.73439,0.00101
3228.80559,0.00110
3226.87679,0.00423
3224.94800,0.00750
3223.01920,0.01152
3221.09040,0.01483
3219.16161,0.01675
3217.23281,0.02059
3215.30401,0.02514
3213.37522,0.02451
3211.44642,0.01931
3209.51762,0.01460
3207.58883,0.01007
3205.66003,0.00607
3203.73123,0.00825
3201.80244,0.01516
3199.87364,0.01688
3197.94484,0.01254
3196.01605,0.01162
3194.08725,0.01714
3192.15845,0.02252
3190.22966,0.02277
3188.30086,0.01928
3186.37206,0.01526
3184.44327,0.01095
3182.51447,0.00775
3180.58567,0.00980
3178.65688,0.01527
3176.72808,0.01771
3174.79928,0.01541
3172.87049,0.01059
3170.94169,0.00651
3169.01289,0.00677
3167.08410,0.01079
3165.15530,0.01261
3163.22650,0.00956
3161.29771,0.00492
3159.36891,0.00255
3157.44011,0.00412
3155.51132,0.00753
3153.58252,0.00750
3151.65372,0.00239
3149.72493,-0.00220
3147.79613,-0.00170
3145.86733,0.00139
3143.93854,0.00372
3142.00974,0.00469
3140.08094,0.00492
3138.15215,0.00575
3136.22335,0.00699
3134.29455,0.00741
3132.36576,0.00724
3130.43696,0.00675
3128.50816,0.00563
3126.57937,0.00523
3124.65057,0.00673
3122.72177,0.00922
3120.79298,0.01174
3118.86418,0.01317
3116.93538,0.01215
3115.00659,0.00956
3113.07779,0.00817
3111.14899,0.00826
3109.22020,0.00718
3107.29140,0.00514
3105.36260,0.00417
3103.43381,0.00367
3101.50501,0.00337
3099.57621,0.00410
3097.64742,0.00493
3095.71862,0.00509
3093.78982,0.00475
3091.86103,0.00453
3089.93223,0.00514
3088.00344,0.00574
3086.07464,0.00557
3084.14584,0.00535
3082.21705,0.00558
3080.28825,0.00608
3078.35945,0.00605
3076.43066,0.00530
3074.50186,0.00495
3072.57306,0.00578
3070.64427,0.00736
3068.71547,0.00835
3066.78667,0.00807
3064.85788,0.00744
3062.92908,0.00703
3061.00028,0.00684
3059.07149,0.00702
3057.14269,0.00721
3055.21389,0.00706
3053.28510,0.00692
3051.35630,0.00711
3049.42750,0.00729
3047.49871,0.00713
3045.56991,0.00722
3043.64111,0.00768
3041.71232,0.00797
3039.78352,0.00848
3037.85472,0.00959
3035.92593,0.01050
3033.99713,0.01066
3032.06833,0.01057
3030.13954,0.01063
3028.21074,0.01040
3026.28194,0.00979
3024.35315,0.00945
3022.42435,0.00958
3020.49555,0.00970
3018.56676,0.00970
3016.63796,0.00999
3014.70916,0.01053
3012.78037,0.01074
3010.85157,0.01044
3008.92277,0.01021
3006.99398,0.01070
3005.06518,0.01142
3003.13638,0.01143
3001.20759,0.01105
2999.27879,0.01111
2997.34999,0.01133
2995.42120,0.01123
2993.49240,0.01113
2991.56360,0.01154
2989.63481,0.01220
2987.70601,0.01252
2985.77721,0.01263
2983.84842,0.01275
2981.91962,0.01267
2979.99082,0.01240
2978.06203,0.01240
2976.13323,0.01275
2974.20443,0.01309
2972.27564,0.01307
2970.34684,0.01260
2968.41804,0.01230
2966.48925,0.01281
2964.56045,0.01337
2962.63165,0.01336
2960.70286,0.01329
2958.77406,0.01313
2956.84526,0.01284
2954.91647,0.01307
2952.98767,0.01370
2951.05887,0.01399
2949.13008,0.01381
2947.20128,0.01363
2945.27248,0.01384
2943.34369,0.01420
2941.41489,0.01404
2939.48609,0.01334
2937.55730,0.01277
2935.62850,0.01281
2933.69970,0.01342
2931.77091,0.01407
2929.84211,0.01426
2927.91331,0.01417
2925.98452,0.01435
2924.05572,0.01469
2922.12692,0.01481
2920.19813,0.01491
2918.26933,0.01515
2916.34053,0.01548
2914.41174,0.01590
2912.48294,0.01608
2910.55414,0.01586
2908.62535,0.01547
2906.69655,0.01519
2904.76775,0.01509
2902.83896,0.01494
2900.91016,0.01467
2898.98136,0.01474
2897.05257,0.01521
2895.12377,0.01544
2893.19497,0.01519
2891.26618,0.01494
2889.33738,0.01506
2887.40858,0.01533
2885.47979,0.01560
2883.55099,0.01605
2881.62219,0.01670
2879.69340,0.01721
2877.76460,0.01741
2875.83580,0.01743
2873.90701,0.01737
2871.97821,0.01739
2870.04941,0.01770
2868.12062,0.01824
2866.19182,0.01856
2864.26302,0.01839
2862.33423,0.01816
2860.40543,0.01840
2858.47663,0.01881
2856.54784,0.01891
2854.61904,0.01885
2852.69024,0.01892
2850.76145,0.01898
2848.83265,0.01886
2846.90385,0.01874
2844.97506,0.01882
2843.04626,0.01907
2841.11746,0.01945
2839.18867,0.01982
2837.25987,0.02009
2835.33107,0.02033
2833.40228,0.02067
2831.47348,0.02103
2829.54468,0.02123
2827.61589,0.02131
2825.68709,0.02140
2823.75829,0.02140
2821.82950,0.02130
2819.90070,0.02132
2817.97190,0.02152
2816.04311,0.02163
2814.11431,0.02142
2812.18551,0.02101
2810.25672,0.02074
2808.32792,0.02075
2806.39912,0.02092
2804.47033,0.02099
2802.54153,0.02095
2800.61273,0.02095
2798.68394,0.02096
2796.75514,0.02083
2794.82634,0.02054
2792.89755,0.02023
2790.96875,0.01994
2789.03995,0.01983
2787.11116,0.01997
2785.18236,0.01998
2783.25356,0.01962
2781.32477,0.01917
2779.39597,0.01895
2777.46717,0.01896
2775.53838,0.01889
2773.60958,0.01867
2771.68078,0.01844
2769.75199,0.01838
2767.82319,0.01850
2765.89439,0.01856
2763.96560,0.01853
2762.03680,0.01861
2760.10800,0.01867
2758.17921,0.01852
2756.25041,0.01832
2754.32161,0.01820
2752.39282,0.01821
2750.46402,0.01829
2748.53522,0.01818
2746.60643,0.01786
2744.67763,0.01773
2742.74883,0.01773
2740.82004,0.01762
2738.89124,0.01757
2736.96244,0.01764
2735.03365,0.01767
2733.10485,0.01773
2731.17605,0.01781
2729.24726,0.01780
2727.31846,0.01784
2725.38967,0.01799
2723.46087,0.01815
2721.53207,0.01827
2719.60328,0.01827
2717.67448,0.01815
2715.74568,0.01806
2713.81689,0.01802
2711.88809,0.01797
2709.95929,0.01786
2708.03050,0.01768
2706.10170,0.01760
2704.17290,0.01772
2702.24411,0.01782
2700.31531,0.01777
2698.38651,0.01775
2696.45772,0.01788
2694.52892,0.01808
2692.60012,0.01820
2690.67133,0.01818
2688.74253,0.01807
2686.81373,0.01792
2684.88494,0.01772
2682.95614,0.01755
2681.02734,0.01752
2679.09855,0.01771
2677.16975,0.01801
2675.24095,0.01810
2673.31216,0.01794
2671.38336,0.01780
2669.45456,0.01767
2667.52577,0.01753
2665.59697,0.01749
2663.66817,0.01750
2661.73938,0.01743
2659.81058,0.01740
2657.88178,0.01750
2655.95299,0.01765
2654.02419,0.01771
2652.09539,0.01766
2650.16660,0.01761
2648.23780,0.01775
2646.30900,0.01814
2644.38021,0.01858
2642.45141,0.01877
2640.52261,0.01880
2638.59382,0.01872
2636.66502,0.01863
2634.73622,0.01890
2632.80743,0.01937
2630.87863,0.01964
2628.94983,0.01975
2627.02104,0.01969
2625.09224,0.01956
2623.16344,0.01965
2621.23465,0.01997
2619.30585,0.02027
2617.37705,0.02037
2615.44826,0.02036
2613.51946,0.02045
2611.59066,0.02062
2609.66187,0.02082
2607.73307,0.02103
2605.80427,0.02106
2603.87548,0.02093
2601.94668,0.02102
2600.01788,0.02128
2598.08909,0.02123
2596.16029,0.02117
2594.23149,0.02163
2592.30270,0.02213
2590.37390,0.02212
2588.44510,0.02175
2586.51631,0.02151
2584.58751,0.02158
2582.65871,0.02149
2580.72992,0.02102
2578.80112,0.02071
2576.87232,0.02077
2574.94353,0.02091
2573.01473,0.02090
2571.08593,0.02071
2569.15714,0.02081
2567.22834,0.02129
2565.29954,0.02144
2563.37075,0.02108
2561.44195,0.02084
2559.51315,0.02107
2557.58436,0.02155
2555.65556,0.02192
2553.72676,0.02178
2551.79797,0.02117
2549.86917,0.02082
2547.94037,0.02103
2546.01158,0.02123
2544.08278,0.02094
2542.15398,0.02068
2540.22519,0.02077
2538.29639,0.02057
2536.36759,0.02010
2534.43880,0.02012
2532.51000,0.02055
2530.58120,0.02092
2528.65241,0.02129
2526.72361,0.02135
2524.79481,0.02092
2522.86602,0.02084
2520.93722,0.02135
2519.00842,0.02160
2517.07963,0.02123
2515.15083,0.02070
2513.22203,0.02046
2511.29324,0.02043
2509.36444,0.02041
2507.43564,0.02045
2505.50685,0.02054
2503.57805,0.02062
2501.64925,0.02083
2499.72046,0.02081
2497.79166,0.02022
2495.86286,0.01998
2493.93407,0.02060
2492.00527,0.02101
2490.07647,0.02069
2488.14768,0.02034
2486.21888,0.02034
2484.29008,0.02045
2482.36129,0.02051
2480.43249,0.02037
2478.50369,0.02017
2476.57490,0.02029
2474.64610,0.02050
2472.71730,0.02050
2470.78851,0.02047
2468.85971,0.02045
2466.93091,0.02028
2465.00212,0.02003
2463.07332,0.01976
2461.14452,0.01955
2459.21573,0.01939
2457.28693,0.01923
2455.35813,0.01928
2453.42934,0.01936
2451.50054,0.01922
2449.57174,0.01915
2447.64295,0.01934
2445.71415,0.01946
2443.78535,0.01927
2441.85656,0.01907
2439.92776,0.01917
2437.99896,0.01937
2436.07017,0.01950
2434.14137,0.01945
2432.21257,0.01895
2430.28378,0.01812
2428.35498,0.01765
2426.42618,0.01775
2424.49739,0.01785
2422.56859,0.01761
2420.63979,0.01729
2418.71100,0.01711
2416.78220,0.01708
2414.85340,0.01719
2412.92461,0.01727
2410.99581,0.01705
2409.06701,0.01645
2407.13822,0.01575
2405.20942,0.01533
2403.28062,0.01531
2401.35183,0.01544
2399.42303,0.01538
2397.49423,0.01524
2395.56544,0.01511
2393.63664,0.01481
2391.70784,0.01453
2389.77905,0.01487
2387.85025,0.01615
2385.92145,0.01848
2383.99266,0.02215
2382.06386,0.02736
2380.13506,0.03387
2378.20627,0.04111
2376.27747,0.04848
2374.34867,0.05588
2372.41988,0.06361
2370.49108,0.07174
2368.56228,0.07969
2366.63349,0.08665
2364.70469,0.09203
2362.77589,0.09523
2360.84710,0.09586
2358.91830,0.09368
2356.98951,0.08894
2355.06071,0.08181
2353.13191,0.07215
2351.20312,0.06221
2349.27432,0.05694
2347.34552,0.05913
2345.41673,0.06607
2343.48793,0.07089
2341.55913,0.07135
2339.63034,0.07005
2337.70154,0.06841
2335.77274,0.06714
2333.84395,0.06703
2331.91515,0.06737
2329.98635,0.06612
2328.05756,0.06331
2326.12876,0.06100
2324.19996,0.05995
2322.27117,0.05871
2320.34237,0.05556
2318.41357,0.05101
2316.48478,0.04699
2314.55598,0.04462
2312.62718,0.04314
2310.69839,0.04126
2308.76959,0.03869
2306.84079,0.03552
2304.91200,0.03214
2302.98320,0.02963
2301.05440,0.02817
2299.12561,0.02677
2297.19681,0.02515
2295.26801,0.02376
2293.33922,0.02265
2291.41042,0.02169
2289.48162,0.02101
2287.55283,0.02063
2285.62403,0.02035
2283.69523,0.02023
2281.76644,0.02063
2279.83764,0.02153
2277.90884,0.02239
2275.98005,0.02289
2274.05125,0.02308
2272.12245,0.02346
2270.19366,0.02439
2268.26486,0.02526
2266.33606,0.02559
2264.40727,0.02568
2262.47847,0.02618
2260.54967,0.02745
2258.62088,0.02860
2256.69208,0.02879
2254.76328,0.02827
2252.83449,0.02744
2250.90569,0.02739
2248.97689,0.02855
2247.04810,0.02959
2245.11930,0.02968
2243.19050,0.02916
2241.26171,0.02922
2239.33291,0.03070
2237.40411,0.03238
2235.47532,0.03323
2233.54652,0.03373
2231.61772,0.03410
2229.68893,0.03449
2227.76013,0.03515
2225.83133,0.03603
2223.90254,0.03667
2221.97374,0.03656
2220.04494,0.03657
2218.11615,0.03770
2216.18735,0.03896
2214.25855,0.03922
2212.32976,0.03863
2210.40096,0.03768
2208.47216,0.03770
2206.54337,0.03968
2204.61457,0.04154
2202.68577,0.04181
2200.75698,0.04267
2198.82818,0.04471
2196.89938,0.04519
2194.97059,0.04374
2193.04179,0.04354
2191.11299,0.04595
2189.18420,0.04931
2187.25540,0.05177
2185.32660,0.05194
2183.39781,0.05069
2181.46901,0.05077
2179.54021,0.05176
2177.61142,0.05228
2175.68262,0.05287
2173.75382,0.05322
2171.82503,0.05310
2169.89623,0.05367
2167.96743,0.05541
2166.03864,0.05800
2164.10984,0.06127
2162.18104,0.06525
2160.25225,0.06784
2158.32345,0.06472
2156.39465,0.05697
2154.46586,0.05055
2152.53706,0.04792
2150.60826,0.04698
2148.67947,0.04451
2146.75067,0.04052
2144.82187,0.03697
2142.89308,0.03423
2140.96428,0.03159
2139.03548,0.02971
2137.10669,0.02936
2135.17789,0.02823
2133.24909,0.02476
2131.32030,0.02159
2129.39150,0.01996
2127.46270,0.01825
2125.53391,0.01627
2123.60511,0.01517
2121.67631,0.01507
2119.74752,0.01533
2117.81872,0.01562
2115.88992,0.01591
2113.96113,0.01613
2112.03233,0.01608
2110.10353,0.01570
2108.17474,0.01550
2106.24594,0.01583
2104.31714,0.01631
2102.38835,0.01650
2100.45955,0.01619
2098.53075,0.01544
2096.60196,0.01456
2094.67316,0.01385
2092.74436,0.01353
2090.81557,0.01372
2088.88677,0.01396
2086.95797,0.01373
2085.02918,0.01347
2083.10038,0.01370
2081.17158,0.01440
2079.24279,0.01566
2077.31399,0.01729
2075.38519,0.01810
2073.45640,0.01768
2071.52760,0.01739
2069.59880,0.01800
2067.67001,0.01905
2065.74121,0.01952
2063.81241,0.01896
2061.88362,0.01882
2059.95482,0.01998
2058.02602,0.02146
2056.09723,0.02238
2054.16843,0.02287
2052.23963,0.02360
2050.31084,0.02517
2048.38204,0.02748
2046.45324,0.02981
2044.52445,0.03130
2042.59565,0.03203
2040.66685,0.03352
2038.73806,0.03544
2036.80926,0.03559
2034.88046,0.03478
2032.95167,0.03468
2031.02287,0.03426
2029.09407,0.03403
2027.16528,0.03478
2025.23648,0.03538
2023.30768,0.03636
2021.37889,0.03740
2019.45009,0.03708
2017.52129,0.03587
2015.59250,0.03436
2013.66370,0.03313
2011.73490,0.03207
2009.80611,0.03001
2007.87731,0.02772
2005.94851,0.02662
2004.01972,0.02556
2002.09092,0.02396
2000.16212,0.02269
1998.23333,0.02192
1996.30453,0.02234
1994.37574,0.02423
1992.44694,0.02540
1990.51814,0.02446
1988.58935,0.02329
1986.66055,0.02271
1984.73175,0.02197
1982.80296,0.02181
1980.87416,0.02290
1978.94536,0.02460
1977.01657,0.02620
1975.08777,0.02778
1973.15897,0.02817
1971.23018,0.02680
1969.30138,0.02628
1967.37258,0.02594
1965.44379,0.02267
1963.51499,0.01875
1961.58619,0.01706
1959.65740,0.01598
1957.72860,0.01463
1955.79980,0.01387
1953.87101,0.01320
1951.94221,0.01217
1950.01341,0.01136
1948.08462,0.01129
1946.15582,0.01216
1944.22702,0.01391
1942.29823,0.01458
1940.36943,0.01234
1938.44063,0.00941
1936.51184,0.00826
1934.58304,0.00842
1932.65424,0.00856
1930.72545,0.00853
1928.79665,0.00854
1926.86785,0.00899
1924.93906,0.01043
1923.01026,0.01131
1921.08146,0.01095
1919.15267,0.01085
1917.22387,0.01001
1915.29507,0.00776
1913.36628,0.00680
1911.43748,0.00790
1909.50868,0.00871
1907.57989,0.00772
1905.65109,0.00627
1903.72229,0.00555
1901.79350,0.00508
1899.86470,0.00478
1897.93590,0.00543
1896.00711,0.00663
1894.07831,0.00721
1892.14951,0.00804
1890.22072,0.00925
1888.29192,0.00846
1886.36312,0.00629
1884.43433,0.00497
1882.50553,0.00450
1880.57673,0.00440
1878.64794,0.00444
1876.71914,0.00449
1874.79034,0.00473
1872.86155,0.00646
1870.93275,0.01077
1869.00395,0.01423
1867.07516,0.01223
1865.14636,0.00778
1863.21756,0.00534
1861.28877,0.00478
1859.35997,0.00464
1857.43117,0.00435
1855.50238,0.00399
1853.57358,0.00387
1851.64478,0.00435
1849.71599,0.00605
1847.78719,0.00929
1845.85839,0.01328
1843.92960,0.01391
1842.00080,0.00960
1840.07200,0.00595
1838.14321,0.00528
1836.21441,0.00534
1834.28561,0.00575
1832.35682,0.00880
1830.42802,0.01270
1828.49922,0.01309
1826.57043,0.01169
1824.64163,0.00990
1822.71283,0.00673
1820.78404,0.00442
1818.85524,0.00416
1816.92644,0.00431
1814.99765,0.00470
1813.06885,0.00652
1811.14005,0.00828
1809.21126,0.00770
1807.28246,0.00603
1805.35366,0.00601
1803.42487,0.00860
1801.49607,0.01149
1799.56727,0.01160
1797.63848,0.01030
1795.70968,0.01131
1793.78088,0.01504
1791.85209,0.01607
1789.92329,0.01124
1787.99449,0.00697
1786.06570,0.00667
1784.13690,0.00783
1782.20810,0.00893
1780.27931,0.00924
1778.35051,0.00859
1776.42171,0.00989
1774.49292,0.01500
1772.56412,0.01984
1770.63532,0.01872
1768.70653,0.01390
1766.77773,0.00935
1764.84893,0.00800
1762.92014,0.01018
1760.99134,0.01140
1759.06254,0.01074
1757.13375,0.01017
1755.20495,0.00960
1753.27615,0.01204
1751.34736,0.01847
1749.41856,0.02195
1747.48976,0.01933
1745.56097,0.01587
1743.63217,0.01445
1741.70337,0.01437
1739.77458,0.01381
1737.84578,0.01378
1735.91698,0.01823
1733.98819,0.02340
1732.05939,0.02008
1730.13059,0.01316
1728.20180,0.00770
1726.27300,0.00528
1724.34420,0.00600
1722.41541,0.00851
1720.48661,0.01505
1718.55781,0.02605
1716.62902,0.03121
1714.70022,0.02553
1712.77142,0.01866
1710.84263,0.01651
1708.91383,0.02001
1706.98503,0.02762
1705.05624,0.03495
1703.12744,0.04215
1701.19864,0.05409
1699.26985,0.06556
1697.34105,0.07080
1695.41225,0.07340
1693.48346,0.07561
1691.55466,0.08323
1689.62586,0.09792
1687.69707,0.11596
1685.76827,0.13974
1683.83947,0.16563
1681.91068,0.17717
1679.98188,0.18338
1678.05308,0.19522
1676.12429,0.21322
1674.19549,0.23160
1672.26669,0.24683
1670.33790,0.26173
1668.40910,0.27097
1666.48030,0.27384
1664.55151,0.27951
1662.62271,0.28660
1660.69391,0.28852
1658.76512,0.28925
1656.83632,0.29586
1654.90752,0.31030
1652.97873,0.31942
1651.04993,0.31322
1649.12113,0.31299
1647.19234,0.31967
1645.26354,0.32079
1643.33474,0.32049
1641.40595,0.32851
1639.47715,0.34564
1637.54835,0.37096
1635.61956,0.39841
1633.69076,0.41445
1631.76197,0.42620
1629.83317,0.44418
1627.90437,0.46533
1625.97558,0.48318
1624.04678,0.49638
1622.11798,0.50241
1620.18919,0.50388
1618.26039,0.50652
1616.33159,0.50531
1614.40280,0.49771
1612.47400,0.49279
1610.54520,0.49361
1608.61641,0.49784
1606.68761,0.50370
1604.75881,0.51205
1602.83002,0.52280
1600.90122,0.53403
1598.97242,0.54471
1597.04363,0.55449
1595.11483,0.56155
1593.18603,0.56341
1591.25724,0.56007
1589.32844,0.55209
1587.39964,0.53966
1585.47085,0.52340
1583.54205,0.50392
1581.61325,0.48303
1579.68446,0.46456
1577.75566,0.44653
1575.82686,0.41881
1573.89807,0.38922
1571.96927,0.36884
1570.04047,0.34922
1568.11168,0.32509
1566.18288,0.30303
1564.25408,0.28647
1562.32529,0.27920
1560.39649,0.28065
1558.46769,0.26925
1556.53890,0.24224
1554.61010,0.22112
1552.68130,0.20651
1550.75251,0.19567
1548.82371,0.18620
1546.89491,0.18105
1544.96612,0.18266
1543.03732,0.18726
1541.10852,0.18745
1539.17973,0.17259
1537.25093,0.15538
1535.32213,0.14865
1533.39334,0.14503
1531.46454,0.13759
1529.53574,0.13294
1527.60695,0.13367
1525.67815,0.13524
1523.74935,0.13723
1521.82056,0.13837
1519.89176,0.13471
1517.96296,0.12967
1516.03417,0.12339
1514.10537,0.11652
1512.17657,0.11546
1510.24778,0.12338
1508.31898,0.13578
1506.39018,0.13367
1504.46139,0.11665
1502.53259,0.10807
1500.60379,0.11012
1498.67500,0.11702
1496.74620,0.12135
1494.81740,0.12193
1492.88861,0.12724
1490.95981,0.14091
1489.03101,0.15401
1487.10222,0.15865
1485.17342,0.16220
1483.24462,0.17118
1481.31583,0.18497
1479.38703,0.20115
1477.45823,0.22062
1475.52944,0.24372
1473.60064,0.26607
1471.67184,0.27952
1469.74305,0.28464
1467.81425,0.29209
1465.88545,0.30405
1463.95666,0.31245
1462.02786,0.31657
1460.09906,0.32433
1458.17027,0.33303
1456.24147,0.32499
1454.31267,0.30471
1452.38388,0.28746
1450.45508,0.27373
1448.52628,0.25961
1446.59749,0.24180
1444.66869,0.22312
1442.73989,0.20673
1440.81110,0.19406
1438.88230,0.18603
1436.95350,0.17691
1435.02471,0.16181
1433.09591,0.14824
1431.16711,0.13887
1429.23832,0.12960
1427.30952,0.12089
1425.38072,0.11531
1423.45193,0.11153
1421.52313,0.10983
1419.59433,0.10965
1417.66554,0.10380
1415.73674,0.09337
1413.80794,0.08581
1411.87915,0.08179
1409.95035,0.07882
1408.02155,0.07702
1406.09276,0.07658
1404.16396,0.07476
1402.23516,0.07260
1400.30637,0.07357
1398.37757,0.07578
1396.44877,0.07566
1394.51998,0.07173
1392.59118,0.06543
1390.66238,0.06214
1388.73359,0.06292
1386.80479,0.06233
1384.87599,0.05823
1382.94720,0.05487
1381.01840,0.05401
1379.08960,0.05438
1377.16081,0.05589
1375.23201,0.05782
1373.30321,0.05676
1371.37442,0.05330
1369.44562,0.05106
1367.51682,0.05024
1365.58803,0.05145
1363.65923,0.05455
1361.73043,0.05454
1359.80164,0.05053
1357.87284,0.04741
1355.94404,0.04643
1354.01525,0.04584
1352.08645,0.04513
1350.15765,0.04471
1348.22886,0.04433
1346.30006,0.04390
1344.37126,0.04430
1342.44247,0.04703
1340.51367,0.05111
1338.58487,0.05203
1336.65608,0.04879
1334.72728,0.04535
1332.79848,0.04378
1330.86969,0.04341
1328.94089,0.04318
1327.01209,0.04282
1325.08330,0.04254
1323.15450,0.04268
1321.22570,0.04352
1319.29691,0.04438
1317.36811,0.04424
1315.43931,0.04355
1313.51052,0.04293
1311.58172,0.04200
1309.65292,0.04105
1307.72413,0.04052
1305.79533,0.04017
1303.86653,0.03989
1301.93774,0.03976
1300.00894,0.03978
1298.08014,0.03990
1296.15135,0.03994
1294.22255,0.03985
1292.29375,0.03991
1290.36496,0.04025
1288.43616,0.04048
1286.50736,0.04025
1284.57857,0.03984
1282.64977,0.03970
1280.72097,0.03975
1278.79218,0.03976
1276.86338,0.03978
1274.93458,0.04003
1273.00579,0.04058
1271.07699,0.04107
1269.14820,0.04121
1267.21940,0.04119
1265.29060,0.04130
1263.36181,0.04162
1261.43301,0.04198
1259.50421,0.04201
1257.57542,0.04167
1255.64662,0.04140
1253.71782,0.04135
1251.78903,0.04141
1249.86023,0.04150
1247.93143,0.04160
1246.00264,0.04177
1244.07384,0.04192
1242.14504,0.04195
1240.21625,0.04192
1238.28745,0.04194
1236.35865,0.04201
1234.42986,0.04209
1232.50106,0.04218
1230.57226,0.04228
1228.64347,0.04244
1226.71467,0.04268
1224.78587,0.04293
1222.85708,0.04314
1220.92828,0.04340
1218.99948,0.04376
1217.07069,0.04417
1215.14189,0.04468
1213.21309,0.04532
1211.28430,0.04599
1209.35550,0.04662
1207.42670,0.04736
1205.49791,0.04827
1203.56911,0.04930
1201.64031,0.05047
1199.71152,0.05180
1197.78272,0.05328
1195.85392,0.05487
1193.92513,0.05665
1191.99633,0.05872
1190.06753,0.06111
1188.13874,0.06383
1186.20994,0.06684
1184.28114,0.07014
1182.35235,0.07386
1180.42355,0.07815
1178.49475,0.08300
1176.56596,0.08830
1174.63716,0.09393
1172.70836,0.09979
1170.77957,0.10581
1168.85077,0.11189
1166.92197,0.11782
1164.99318,0.12333
1163.06438,0.12812
1161.13558,0.13191
1159.20679,0.13446
1157.27799,0.13555
1155.34919,0.13510
1153.42040,0.13317
1151.49160,0.12990
1149.56280,0.12547
1147.63401,0.12020
1145.70521,0.11441
1143.77641,0.10839
1141.84762,0.10242
1139.91882,0.09669
1137.99002,0.09131
1136.06123,0.08632
1134.13243,0.08181
1132.20363,0.07778
1130.27484,0.07421
1128.34604,0.07108
1126.41724,0.06835
1124.48845,0.06596
1122.55965,0.06386
1120.63085,0.06197
1118.70206,0.06032
1116.77326,0.05891
1114.84446,0.05770
1112.91567,0.05667
1110.98687,0.05579
1109.05807,0.05505
1107.12928,0.05442
1105.20048,0.05386
1103.27168,0.05339
1101.34289,0.05301
1099.41409,0.05272
1097.48529,0.05251
1095.55650,0.05240
1093.62770,0.05239
1091.69890,0.05246
1089.77011,0.05260
1087.84131,0.05283
1085.91251,0.05314
1083.98372,0.05355
1082.05492,0.05402
1080.12612,0.05451
1078.19733,0.05502
1076.26853,0.05558
1074.33973,0.05614
1072.41094,0.05665
1070.48214,0.05707
1068.55334,0.05739
1066.62455,0.05760
1064.69575,0.05771
1062.76695,0.05767
1060.83816,0.05750
1058.90936,0.05720
1056.98056,0.05678
1055.05177,0.05626
1053.12297,0.05565
1051.19417,0.05498
1049.26538,0.05424
1047.33658,0.05347
1045.40778,0.05271
1043.47899,0.05196
1041.55019,0.05120
1039.62139,0.05044
1037.69260,0.04969
1035.76380,0.04898
1033.83500,0.04832
1031.90621,0.04767
1029.97741,0.04705
1028.04861,0.04649
1026.11982,0.04594
1024.19102,0.04537
1022.26222,0.04487
1020.33343,0.04448
1018.40463,0.04422
1016.47583,0.04404
1014.54704,0.04388
1012.61824,0.04370
1010.68944,0.04342
1008.76065,0.04295
1006.83185,0.04229
1004.90305,0.04148
1002.97426,0.04061
1001.04546,0.03977
999.11666,0.03904
997.18787,0.03843
995.25907,0.03792
993.33027,0.03748
991.40148,0.03707
989.47268,0.03666
987.54388,0.03623
985.61509,0.03580
983.68629,0.03536
981.75749,0.03490
979.82870,0.03443
977.89990,0.03395
975.97110,0.03348
974.04231,0.03302
972.11351,0.03258
970.18471,0.03215
968.25592,0.03173
966.32712,0.03128
964.39832,0.03081
962.46953,0.03035
960.54073,0.02994
958.61193,0.02954
956.68314,0.02910
954.75434,0.02865
952.82554,0.02821
950.89675,0.02779
948.96795,0.02736
947.03915,0.02690
945.11036,0.02642
943.18156,0.02596
941.25276,0.02548
939.32397,0.02499
937.39517,0.02451
935.46637,0.02405
933.53758,0.02358
931.60878,0.02311
929.67998,0.02262
927.75119,0.02210
925.82239,0.02155
923.89359,0.02100
921.96480,0.02043
920.03600,0.01985
918.10720,0.01928
916.17841,0.01873
914.24961,0.01817
912.32081,0.01759
910.39202,0.01703
908.46322,0.01646
906.53443,0.01586
904.60563,0.01528
902.67683,0.01473
900.74804,0.01419
898.81924,0.01365
896.89044,0.01313
894.96165,0.01257
893.03285,0.01199
891.10405,0.01138
889.17526,0.01076
887.24646,0.01016
885.31766,0.00959
883.38887,0.00904
881.46007,0.00851
879.53127,0.00802
877.60248,0.00758
875.67368,0.00715
873.74488,0.00676
871.81609,0.00638
869.88729,0.00597
867.95849,0.00553
866.02970,0.00510
864.10090,0.00469
862.17210,0.00428
860.24331,0.00392
858.31451,0.00359
856.38571,0.00326
854.45692,0.00291
852.52812,0.00256
850.59932,0.00226
848.67053,0.00202
846.74173,0.00181
844.81293,0.00161
842.88414,0.00141
840.95534,0.00122
839.02654,0.00104
837.09775,0.00086
835.16895,0.00077
833.24015,0.00075
831.31136,0.00072
829.38256,0.00067
827.45376,0.00067
825.52497,0.00077
823.59617,0.00095
821.66737,0.00108
819.73858,0.00117
817.80978,0.00127
815.88098,0.00135
813.95219,0.00142
812.02339,0.00165
810.09459,0.00214
808.16580,0.00267
806.23700,0.00309
804.30820,0.00360
802.37941,0.00429
800.45061,0.00513
798.52181,0.00608
796.59302,0.00716
794.66422,0.00840
792.73542,0.00975
790.80663,0.01094
788.87783,0.01191
786.94903,0.01271
785.02024,0.01312
783.09144,0.01279
781.16264,0.01173
779.23385,0.01018
777.30505,0.00844
775.37625,0.00674
773.44746,0.00532
771.51866,0.00416
769.58986,0.00319
767.66107,0.00241
765.73227,0.00183
763.80347,0.00139
761.87468,0.00108
759.94588,0.00084
758.01708,0.00079
756.08829,0.00090
754.15949,0.00083
752.23069,0.00051
750.30190,0.00023
748.37310,0.00019
