3496.90832,0.03462
3494.97953,0.03626
3493.05073,0.03598
3491.12193,0.03629
3489.19314,0.03561
3487.26434,0.03496
3485.33554,0.03724
3483.40675,0.04117
3481.47795,0.04308
3479.54915,0.04027
3477.62036,0.03489
3475.69156,0.03105
3473.76276,0.02852
3471.83397,0.02933
3469.90517,0.03632
3467.97637,0.04303
3466.04758,0.04041
3464.11878,0.03105
3462.18998,0.02474
3460.26119,0.02462
3458.33239,0.02906
3456.40359,0.03304
3454.47480,0.02999
3452.54600,0.02182
3450.61721,0.01765
3448.68841,0.02338
3446.75961,0.03090
3444.83082,0.03002
3442.90202,0.02771
3440.97322,0.02967
3439.04443,0.02862
3437.11563,0.02316
3435.18683,0.01876
3433.25804,0.01643
3431.32924,0.01520
3429.40044,0.01366
3427.47165,0.01090
3425.54285,0.01120
3423.61405,0.01572
3421.68526,0.01684
3419.75646,0.01350
3417.82766,0.01478
3415.89887,0.02098
3413.97007,0.02092
3412.04127,0.01015
3410.11248,-0.00248
3408.18368,-0.00727
3406.25488,-0.00287
3404.32609,0.00883
3402.39729,0.02211
3400.46849,0.02758
3398.53970,0.02382
3396.61090,0.01988
3394.68210,0.01971
3392.75331,0.01427
3390.82451,-0.00035
3388.89571,-0.00841
3386.96692,0.00172
3385.03812,0.01399
3383.10932,0.01622
3381.18053,0.01657
3379.25173,0.01796
3377.32293,0.01729
3375.39414,0.01404
3373.46534,0.01106
3371.53654,0.01364
3369.60775,0.02251
3367.67895,0.03129
3365.75015,0.03564
3363.82136,0.03706
3361.89256,0.03335
3359.96376,0.02569
3358.03497,0.02304
3356.10617,0.02496
3354.17737,0.02588
3352.24858,0.02813
3350.31978,0.03257
3348.39098,0.02857
3346.46219,0.01552
3344.53339,0.01057
3342.60459,0.01838
3340.67580,0.02648
3338.74700,0.02411
3336.81820,0.01390
3334.88941,0.00969
3332.96061,0.01748
3331.03181,0.02664
3329.10302,0.02470
3327.17422,0.01471
3325.24542,0.00837
3323.31663,0.01074
3321.38783,0.01677
3319.45903,0.01693
3317.53024,0.01074
3315.60144,0.00697
3313.67264,0.00792
3311.74385,0.00759
3309.81505,0.00680
3307.88625,0.01002
3305.95746,0.01369
3304.02866,0.01427
3302.09986,0.01320
3300.17107,0.00946
3298.24227,0.00383
3296.31347,0.00259
3294.38468,0.00644
3292.45588,0.00940
3290.52708,0.00818
3288.59829,0.00431
3286.66949,0.00000
3284.74069,-0.00155
3282.81190,0.00243
3280.88310,0.00569
3278.95430,0.00392
3277.02551,0.00416
3275.09671,0.00715
3273.16791,0.00731
3271.23912,0.00648
3269.31032,0.00655
3267.38152,0.00839
3265.45273,0.01290
3263.52393,0.01251
3261.59513,0.00572
3259.66634,0.00162
3257.73754,0.00037
3255.80874,-0.00102
3253.87995,0.00074
3251.95115,0.00451
3250.02235,0.00520
3248.09356,0.00271
3246.16476,0.00109
3244.23596,0.00257
3242.30717,0.00531
3240.37837,0.00597
3238.44957,0.00446
3236.52078,0.00476
3234.59198,0.00838
3232.66318,0.01152
3230.73439,0.00899
3228.80559,0.00229
3226.87679,-0.00001
3224.94800,0.00634
3223.01920,0.01764
3221.09040,0.02321
3219.16161,0.01777
3217.23281,0.01310
3215.30401,0.01911
3213.37522,0.02848
3211.44642,0.03057
3209.51762,0.02414
3207.58883,0.01520
3205.66003,0.01049
3203.73123,0.01181
3201.80244,0.01523
3199.87364,0.01707
3197.94484,0.01899
3196.01605,0.02368
3194.08725,0.02938
3192.15845,0.03199
3190.22966,0.02936
3188.30086,0.02392
3186.37206,0.02000
3184.44327,0.01784
3182.51447,0.01552
3180.58567,0.01383
3178.65688,0.01378
3176.72808,0.01409
3174.79928,0.01420
3172.87049,0.01332
3170.94169,0.01017
3169.01289,0.00791
3167.08410,0.00936
3165.15530,0.01095
3163.22650,0.00996
3161.29771,0.00910
3159.36891,0.01057
3157.44011,0.01232
3155.51132,0.01268
3153.58252,0.01283
3151.65372,0.01293
3149.72493,0.01151
3147.79613,0.00915
3145.86733,0.00860
3143.93854,0.00990
3142.00974,0.01014
3140.08094,0.00948
3138.15215,0.00970
3136.22335,0.01008
3134.29455,0.00973
3132.36576,0.00897
3130.43696,0.00814
3128.50816,0.00754
3126.57937,0.00714
3124.65057,0.00760
3122.72177,0.01042
3120.79298,0.01455
3118.86418,0.01688
3116.93538,0.01632
3115.00659,0.01362
3113.07779,0.01118
3111.14899,0.01101
3109.22020,0.01117
3107.29140,0.01056
3105.36260,0.01047
3103.43381,0.01037
3101.50501,0.00979
3099.57621,0.00951
3097.64742,0.01001
3095.71862,0.01121
3093.78982,0.01144
3091.86103,0.01061
3089.93223,0.01043
3088.00344,0.01051
3086.07464,0.01009
3084.14584,0.01020
3082.21705,0.01184
3080.28825,0.01393
3078.35945,0.01455
3076.43066,0.01370
3074.50186,0.01264
3072.57306,0.01184
3070.64427,0.01109
3068.71547,0.01117
3066.78667,0.01243
3064.85788,0.01286
3062.92908,0.01199
3061.00028,0.01191
3059.07149,0.01319
3057.14269,0.01445
3055.21389,0.01475
3053.28510,0.01449
3051.35630,0.01440
3049.42750,0.01436
3047.49871,0.01407
3045.56991,0.01401
3043.64111,0.01426
3041.71232,0.01421
3039.78352,0.01406
3037.85472,0.01448
3035.92593,0.01539
3033.99713,0.01602
3032.06833,0.01605
3030.13954,0.01578
3028.21074,0.01556
3026.28194,0.01532
3024.35315,0.01511
3022.42435,0.01511
3020.49555,0.01505
3018.56676,0.01478
3016.63796,0.01446
3014.70916,0.01414
3012.78037,0.01412
3010.85157,0.01435
3008.92277,0.01439
3006.99398,0.01478
3005.06518,0.01572
3003.13638,0.01603
3001.20759,0.01578
2999.27879,0.01631
2997.34999,0.01722
2995.42120,0.01712
2993.49240,0.01616
2991.56360,0.01576
2989.63481,0.01636
2987.70601,0.01718
2985.77721,0.01769
2983.84842,0.01773
2981.91962,0.01725
2979.99082,0.01678
2978.06203,0.01675
2976.13323,0.01688
2974.20443,0.01706
2972.27564,0.01736
2970.34684,0.01756
2968.41804,0.01769
2966.48925,0.01793
2964.56045,0.01811
2962.63165,0.01809
2960.70286,0.01812
2958.77406,0.01842
2956.84526,0.01886
2954.91647,0.01925
2952.98767,0.01935
2951.05887,0.01906
2949.13008,0.01860
2947.20128,0.01846
2945.27248,0.01884
2943.34369,0.01915
2941.41489,0.01886
2939.48609,0.01808
2937.55730,0.01764
2935.62850,0.01819
2933.69970,0.01925
2931.77091,0.01969
2929.84211,0.01928
2927.91331,0.01885
2925.98452,0.01899
2924.05572,0.01939
2922.12692,0.01972
2920.19813,0.02007
2918.26933,0.02023
2916.34053,0.02012
2914.41174,0.02036
2912.48294,0.02080
2910.55414,0.02089
2908.62535,0.02074
2906.69655,0.02044
2904.76775,0.02014
2902.83896,0.02006
2900.91016,0.02010
2898.98136,0.02012
2897.05257,0.02005
2895.12377,0.01974
2893.19497,0.01941
2891.26618,0.01952
2889.33738,0.01998
2887.40858,0.02033
2885.47979,0.02044
2883.55099,0.02043
2881.62219,0.02055
2879.69340,0.02072
2877.76460,0.02085
2875.83580,0.02107
2873.90701,0.02128
2871.97821,0.02138
2870.04941,0.02158
2868.12062,0.02184
2866.19182,0.02193
2864.26302,0.02172
2862.33423,0.02156
2860.40543,0.02197
2858.47663,0.02255
2856.54784,0.02263
2854.61904,0.02253
2852.69024,0.02259
2850.76145,0.02252
2848.83265,0.02224
2846.90385,0.02213
2844.97506,0.02238
2843.04626,0.02269
2841.11746,0.02296
2839.18867,0.02331
2837.25987,0.02351
2835.33107,0.02350
2833.40228,0.02355
2831.47348,0.02357
2829.54468,0.02349
2827.61589,0.02351
2825.68709,0.02369
2823.75829,0.02379
2821.82950,0.02368
2819.90070,0.02367
2817.97190,0.02395
2816.04311,0.02416
2814.11431,0.02415
2812.18551,0.02418
2810.25672,0.02431
2808.32792,0.02435
2806.39912,0.02433
2804.47033,0.02438
2802.54153,0.02450
2800.61273,0.02451
2798.68394,0.02418
2796.75514,0.02367
2794.82634,0.02327
2792.89755,0.02309
2790.96875,0.02302
2789.03995,0.02287
2787.11116,0.02269
2785.18236,0.02244
2783.25356,0.02212
2781.32477,0.02196
2779.39597,0.02185
2777.46717,0.02165
2775.53838,0.02166
2773.60958,0.02194
2771.68078,0.02205
2769.75199,0.02190
2767.82319,0.02186
2765.89439,0.02191
2763.96560,0.02185
2762.03680,0.02174
2760.10800,0.02164
2758.17921,0.02155
2756.25041,0.02154
2754.32161,0.02148
2752.39282,0.02121
2750.46402,0.02106
2748.53522,0.02114
2746.60643,0.02111
2744.67763,0.02093
2742.74883,0.02082
2740.82004,0.02074
2738.89124,0.02059
2736.96244,0.02041
2735.03365,0.02046
2733.10485,0.02075
2731.17605,0.02092
2729.24726,0.02085
2727.31846,0.02076
2725.38967,0.02078
2723.46087,0.02096
2721.53207,0.02131
2719.60328,0.02155
2717.67448,0.02147
2715.74568,0.02131
2713.81689,0.02126
2711.88809,0.02133
2709.95929,0.02134
2708.03050,0.02127
2706.10170,0.02130
2704.17290,0.02137
2702.24411,0.02121
2700.31531,0.02099
2698.38651,0.02104
2696.45772,0.02118
2694.52892,0.02115
2692.60012,0.02102
2690.67133,0.02092
2688.74253,0.02077
2686.81373,0.02057
2684.88494,0.02041
2682.95614,0.02027
2681.02734,0.02029
2679.09855,0.02057
2677.16975,0.02089
2675.24095,0.02101
2673.31216,0.02106
2671.38336,0.02117
2669.45456,0.02121
2667.52577,0.02116
2665.59697,0.02118
2663.66817,0.02117
2661.73938,0.02091
2659.81058,0.02062
2657.88178,0.02059
2655.95299,0.02073
2654.02419,0.02081
2652.09539,0.02076
2650.16660,0.02071
2648.23780,0.02077
2646.30900,0.02096
2644.38021,0.02122
2642.45141,0.02137
2640.52261,0.02125
2638.59382,0.02098
2636.66502,0.02094
2634.73622,0.02126
2632.80743,0.02177
2630.87863,0.02214
2628.94983,0.02228
2627.02104,0.02239
2625.09224,0.02272
2623.16344,0.02321
2621.23465,0.02354
2619.30585,0.02358
2617.37705,0.02343
2615.44826,0.02331
2613.51946,0.02347
2611.59066,0.02380
2609.66187,0.02405
2607.73307,0.02406
2605.80427,0.02383
2603.87548,0.02373
2601.94668,0.02392
2600.01788,0.02401
2598.08909,0.02360
2596.16029,0.02305
2594.23149,0.02314
2592.30270,0.02367
2590.37390,0.02388
2588.44510,0.02369
2586.51631,0.02372
2584.58751,0.02434
2582.65871,0.02493
2580.72992,0.02474
2578.80112,0.02415
2576.87232,0.02398
2574.94353,0.02426
2573.01473,0.02435
2571.08593,0.02403
2569.15714,0.02386
2567.22834,0.02408
2565.29954,0.02430
2563.37075,0.02425
2561.44195,0.02412
2559.51315,0.02408
2557.58436,0.02407
2555.65556,0.02410
2553.72676,0.02404
2551.79797,0.02397
2549.86917,0.02411
2547.94037,0.02427
2546.01158,0.02425
2544.08278,0.02396
2542.15398,0.02337
2540.22519,0.02291
2538.29639,0.02286
2536.36759,0.02297
2534.43880,0.02320
2532.51000,0.02371
2530.58120,0.02425
2528.65241,0.02438
2526.72361,0.02404
2524.79481,0.02362
2522.86602,0.02354
2520.93722,0.02388
2519.00842,0.02430
2517.07963,0.02426
2515.15083,0.02389
2513.22203,0.02367
2511.29324,0.02357
2509.36444,0.02352
2507.43564,0.02354
2505.50685,0.02354
2503.57805,0.02351
2501.64925,0.02343
2499.72046,0.02319
2497.79166,0.02290
2495.86286,0.02285
2493.93407,0.02306
2492.00527,0.02318
2490.07647,0.02314
2488.14768,0.02326
2486.21888,0.02362
2484.29008,0.02410
2482.36129,0.02444
2480.43249,0.02426
2478.50369,0.02375
2476.57490,0.02350
2474.64610,0.02352
2472.71730,0.02363
2470.78851,0.02387
2468.85971,0.02406
2466.93091,0.02372
2465.00212,0.02300
2463.07332,0.02254
2461.14452,0.02234
2459.21573,0.02208
2457.28693,0.02197
2455.35813,0.02211
2453.42934,0.02198
2451.50054,0.02164
2449.57174,0.02166
2447.64295,0.02183
2445.71415,0.02161
2443.78535,0.02138
2441.85656,0.02181
2439.92776,0.02248
2437.99896,0.02263
2436.07017,0.02248
2434.14137,0.02246
2432.21257,0.02232
2430.28378,0.02183
2428.35498,0.02152
2426.42618,0.02160
2424.49739,0.02153
2422.56859,0.02108
2420.63979,0.02064
2418.71100,0.02052
2416.78220,0.02055
2414.85340,0.02040
2412.92461,0.02005
2410.99581,0.01955
2409.06701,0.01903
2407.13822,0.01866
2405.20942,0.01838
2403.28062,0.01824
2401.35183,0.01837
2399.42303,0.01842
2397.49423,0.01819
2395.56544,0.01802
2393.63664,0.01813
2391.70784,0.01841
2389.77905,0.01894
2387.85025,0.02037
2385.92145,0.02331
2383.99266,0.02802
2382.06386,0.03457
2380.13506,0.04265
2378.20627,0.05130
2376.27747,0.05986
2374.34867,0.06853
2372.41988,0.07789
2370.49108,0.08772
2368.56228,0.09681
2366.63349,0.10461
2364.70469,0.11118
2362.77589,0.11577
2360.84710,0.11745
2358.91830,0.11555
2356.98951,0.10981
2355.06071,0.10080
2353.13191,0.08933
2351.20312,0.07797
2349.27432,0.07205
2347.34552,0.07481
2345.41673,0.08313
2343.48793,0.08891
2341.55913,0.08945
2339.63034,0.08781
2337.70154,0.08580
2335.77274,0.08436
2333.84395,0.08423
2331.91515,0.08448
2329.98635,0.08278
2328.05756,0.07939
2326.12876,0.07691
2324.19996,0.07586
2322.27117,0.07394
2320.34237,0.06949
2318.41357,0.06371
2316.48478,0.05877
2314.55598,0.05580
2312.62718,0.05385
2310.69839,0.05123
2308.76959,0.04774
2306.84079,0.04387
2304.91200,0.04000
2302.98320,0.03684
2301.05440,0.03470
2299.12561,0.03304
2297.19681,0.03153
2295.26801,0.02992
2293.33922,0.02802
2291.41042,0.02617
2289.48162,0.02491
2287.55283,0.02441
2285.62403,0.02431
2283.69523,0.02438
2281.76644,0.02474
2279.83764,0.02510
2277.90884,0.02527
2275.98005,0.02567
2274.05125,0.02639
2272.12245,0.02714
2270.19366,0.02788
2268.26486,0.02823
2266.33606,0.02762
2264.40727,0.02647
2262.47847,0.02626
2260.54967,0.02769
2258.62088,0.02946
2256.69208,0.03028
2254.76328,0.03023
2252.83449,0.02953
2250.90569,0.02870
2248.97689,0.02866
2247.04810,0.02931
2245.11930,0.03006
2243.19050,0.03078
2241.26171,0.03158
2239.33291,0.03261
2237.40411,0.03411
2235.47532,0.03562
2233.54652,0.03641
2231.61772,0.03684
2229.68893,0.03727
2227.76013,0.03674
2225.83133,0.03540
2223.90254,0.03512
2221.97374,0.03570
2220.04494,0.03563
2218.11615,0.03537
2216.18735,0.03541
2214.25855,0.03535
2212.32976,0.03529
2210.40096,0.03527
2208.47216,0.03563
2206.54337,0.03753
2204.61457,0.04052
2202.68577,0.04279
2200.75698,0.04385
2198.82818,0.04367
2196.89938,0.04299
2194.97059,0.04336
2193.04179,0.04411
2191.11299,0.04462
2189.18420,0.04601
2187.25540,0.04729
2185.32660,0.04699
2183.39781,0.04703
2181.46901,0.04844
2179.54021,0.04874
2177.61142,0.04773
2175.68262,0.04786
2173.75382,0.04981
2171.82503,0.05184
2169.89623,0.05180
2167.96743,0.05005
2166.03864,0.04954
2164.10984,0.05215
2162.18104,0.05696
2160.25225,0.05999
2158.32345,0.05684
2156.39465,0.05038
2154.46586,0.04597
2152.53706,0.04363
2150.60826,0.04111
2148.67947,0.03855
2146.75067,0.03800
2144.82187,0.03814
2142.89308,0.03651
2140.96428,0.03386
2139.03548,0.03167
2137.10669,0.03036
2135.17789,0.02892
2133.24909,0.02631
2131.32030,0.02368
2129.39150,0.02185
2127.46270,0.02005
2125.53391,0.01818
2123.60511,0.01678
2121.67631,0.01630
2119.74752,0.01698
2117.81872,0.01813
2115.88992,0.01880
2113.96113,0.01914
2112.03233,0.01940
2110.10353,0.01922
2108.17474,0.01872
2106.24594,0.01866
2104.31714,0.01918
2102.38835,0.01948
2100.45955,0.01927
2098.53075,0.01891
2096.60196,0.01847
2094.67316,0.01791
2092.74436,0.01748
2090.81557,0.01720
2088.88677,0.01682
2086.95797,0.01633
2085.02918,0.01621
2083.10038,0.01694
2081.17158,0.01827
2079.24279,0.01939
2077.31399,0.01980
2075.38519,0.01937
2073.45640,0.01871
2071.52760,0.01885
2069.59880,0.01974
2067.67001,0.02068
2065.74121,0.02096
2063.81241,0.02070
2061.88362,0.02106
2059.95482,0.02191
2058.02602,0.02255
2056.09723,0.02304
2054.16843,0.02288
2052.23963,0.02213
2050.31084,0.02271
2048.38204,0.02550
2046.45324,0.02926
2044.52445,0.03215
2042.59565,0.03291
2040.66685,0.03273
2038.73806,0.03243
2036.80926,0.03151
2034.88046,0.03170
2032.95167,0.03381
2031.02287,0.03483
2029.09407,0.03371
2027.16528,0.03236
2025.23648,0.03206
2023.30768,0.03316
2021.37889,0.03507
2019.45009,0.03694
2017.52129,0.03706
2015.59250,0.03398
2013.66370,0.03060
2011.73490,0.02979
2009.80611,0.03034
2007.87731,0.03062
2005.94851,0.02985
2004.01972,0.02763
2002.09092,0.02540
2000.16212,0.02434
1998.23333,0.02358
1996.30453,0.02313
1994.37574,0.02409
1992.44694,0.02552
1990.51814,0.02549
1988.58935,0.02411
1986.66055,0.02282
1984.73175,0.02267
1982.80296,0.02349
1980.87416,0.02407
1978.94536,0.02416
1977.01657,0.02453
1975.08777,0.02601
1973.15897,0.02708
1971.23018,0.02654
1969.30138,0.02704
1967.37258,0.02826
1965.44379,0.02606
1963.51499,0.02151
1961.58619,0.01915
1959.65740,0.01903
1957.72860,0.01875
1955.79980,0.01761
1953.87101,0.01598
1951.94221,0.01501
1950.01341,0.01542
1948.08462,0.01656
1946.15582,0.01785
1944.22702,0.01947
1942.29823,0.01960
1940.36943,0.01664
1938.44063,0.01335
1936.51184,0.01215
1934.58304,0.01239
1932.65424,0.01243
1930.72545,0.01186
1928.79665,0.01150
1926.86785,0.01230
1924.93906,0.01468
1923.01026,0.01646
1921.08146,0.01648
1919.15267,0.01664
1917.22387,0.01578
1915.29507,0.01293
1913.36628,0.01161
1911.43748,0.01311
1909.50868,0.01439
1907.57989,0.01331
1905.65109,0.01137
1903.72229,0.01046
1901.79350,0.01023
1899.86470,0.01014
1897.93590,0.01079
1896.00711,0.01192
1894.07831,0.01241
1892.14951,0.01338
1890.22072,0.01480
1888.29192,0.01354
1886.36312,0.01065
1884.43433,0.00903
1882.50553,0.00843
1880.57673,0.00828
1878.64794,0.00828
1876.71914,0.00827
1874.79034,0.00881
1872.86155,0.01170
1870.93275,0.01813
1869.00395,0.02318
1867.07516,0.02044
1865.14636,0.01415
1863.21756,0.01076
1861.28877,0.01020
1859.35997,0.01019
1857.43117,0.00980
1855.50238,0.00926
1853.57358,0.00907
1851.64478,0.00966
1849.71599,0.01179
1847.78719,0.01591
1845.85839,0.02098
1843.92960,0.02161
1842.00080,0.01586
1840.07200,0.01110
1838.14321,0.01022
1836.21441,0.01025
1834.28561,0.01083
1832.35682,0.01493
1830.42802,0.02021
1828.49922,0.02091
1826.57043,0.01930
1824.64163,0.01714
1822.71283,0.01301
1820.78404,0.00991
1818.85524,0.00961
1816.92644,0.00994
1814.99765,0.01061
1813.06885,0.01312
1811.14005,0.01543
1809.21126,0.01459
1807.28246,0.01226
1805.35366,0.01214
1803.42487,0.01561
1801.49607,0.01951
1799.56727,0.01945
1797.63848,0.01751
1795.70968,0.01890
1793.78088,0.02398
1791.85209,0.02532
1789.92329,0.01871
1787.99449,0.01290
1786.06570,0.01245
1784.13690,0.01403
1782.20810,0.01557
1780.27931,0.01610
1778.35051,0.01538
1776.42171,0.01732
1774.49292,0.02437
1772.56412,0.03101
1770.63532,0.02953
1768.70653,0.02305
1766.77773,0.01696
1764.84893,0.01513
1762.92014,0.01800
1760.99134,0.01959
1759.06254,0.01866
1757.13375,0.01787
1755.20495,0.01708
1753.27615,0.02041
1751.34736,0.02916
1749.41856,0.03393
1747.48976,0.03039
1745.56097,0.02567
1743.63217,0.02370
1741.70337,0.02347
1739.77458,0.02268
1737.84578,0.02272
1735.91698,0.02883
1733.98819,0.03596
1732.05939,0.03154
1730.13059,0.02221
1728.20180,0.01482
1726.27300,0.01149
1724.34420,0.01232
1722.41541,0.01555
1720.48661,0.02421
1718.55781,0.03886
1716.62902,0.04545
1714.70022,0.03698
1712.77142,0.02679
1710.84263,0.02284
1708.91383,0.02629
1706.98503,0.03484
1705.05624,0.04250
1703.12744,0.04976
1701.19864,0.06258
1699.26985,0.07374
1697.34105,0.07623
1695.41225,0.07407
1693.48346,0.07126
1691.55466,0.07614
1689.62586,0.08975
1687.69707,0.10755
1685.76827,0.13228
1683.83947,0.15732
1681.91068,0.16383
1679.98188,0.16534
1678.05308,0.17463
1676.12429,0.19156
1674.19549,0.20888
1672.26669,0.22321
1670.33790,0.23754
1668.40910,0.24416
1666.48030,0.24362
1664.55151,0.24787
1662.62271,0.25442
1660.69391,0.25483
1658.76512,0.25461
1656.83632,0.26285
1654.90752,0.28153
1652.97873,0.29284
1651.04993,0.28403
1649.12113,0.28330
1647.19234,0.29055
1645.26354,0.28875
1643.33474,0.28452
1641.40595,0.29057
1639.47715,0.30764
1637.54835,0.33404
1635.61956,0.35996
1633.69076,0.36981
1631.76197,0.37601
1629.83317,0.39051
1627.90437,0.40861
1625.97558,0.42342
1624.04678,0.43357
1622.11798,0.43562
1620.18919,0.43390
1618.26039,0.43550
1616.33159,0.43300
1614.40280,0.42287
1612.47400,0.41651
1610.54520,0.41723
1608.61641,0.42137
1606.68761,0.42636
1604.75881,0.43335
1602.83002,0.44242
1600.90122,0.45145
1598.97242,0.45975
1597.04363,0.46737
1595.11483,0.47220
1593.18603,0.47183
1591.25724,0.46665
1589.32844,0.45721
1587.39964,0.44383
1585.47085,0.42764
1583.54205,0.40944
1581.61325,0.39089
1579.68446,0.37622
1577.75566,0.36390
1575.82686,0.34154
1573.89807,0.31498
1571.96927,0.29848
1570.04047,0.28458
1568.11168,0.26486
1566.18288,0.24594
1564.25408,0.23312
1562.32529,0.23109
1560.39649,0.24137
1558.46769,0.23788
1556.53890,0.21045
1554.61010,0.18821
1552.68130,0.17449
1550.75251,0.16554
1548.82371,0.15803
1546.89491,0.15570
1544.96612,0.16222
1543.03732,0.17282
1541.10852,0.17758
1539.17973,0.16183
1537.25093,0.14149
1535.32213,0.13464
1533.39334,0.13233
1531.46454,0.12487
1529.53574,0.12072
1527.60695,0.12376
1525.67815,0.12785
1523.74935,0.13221
1521.82056,0.13534
1519.89176,0.13175
1517.96296,0.12600
1516.03417,0.11842
1514.10537,0.10989
1512.17657,0.10911
1510.24778,0.12038
1508.31898,0.13758
1506.39018,0.13455
1504.46139,0.11112
1502.53259,0.09917
1500.60379,0.10124
1498.67500,0.10935
1496.74620,0.11331
1494.81740,0.11176
1492.88861,0.11645
1490.95981,0.13173
1489.03101,0.14497
1487.10222,0.14599
1485.17342,0.14529
1483.24462,0.15143
1481.31583,0.16319
1479.38703,0.17766
1477.45823,0.19624
1475.52944,0.21916
1473.60064,0.23997
1471.67184,0.24797
1469.74305,0.24646
1467.81425,0.24978
1465.88545,0.25920
1463.95666,0.26432
1462.02786,0.26567
1460.09906,0.27378
1458.17027,0.28470
1456.24147,0.27529
1454.31267,0.25129
1452.38388,0.23256
1450.45508,0.21995
1448.52628,0.20842
1446.59749,0.19296
1444.66869,0.17628
1442.73989,0.16262
1440.81110,0.15369
1438.88230,0.15061
1436.95350,0.14684
1435.02471,0.13462
1433.09591,0.12247
1431.16711,0.11528
1429.23832,0.10805
1427.30952,0.10079
1425.38072,0.09714
1423.45193,0.09549
1421.52313,0.09603
1419.59433,0.09854
1417.66554,0.09337
1415.73674,0.08138
1413.80794,0.07293
1411.87915,0.06921
1409.95035,0.06688
1408.02155,0.06602
1406.09276,0.06697
1404.16396,0.06601
1402.23516,0.06439
1400.30637,0.06693
1398.37757,0.07115
1396.44877,0.07215
1394.51998,0.06787
1392.59118,0.06031
1390.66238,0.05672
1388.73359,0.05859
1386.80479,0.05863
1384.87599,0.05379
1382.94720,0.04983
1381.01840,0.04919
1379.08960,0.05017
1377.16081,0.05264
1375.23201,0.05561
1373.30321,0.05446
1371.37442,0.05002
1369.44562,0.04724
1367.51682,0.04639
1365.58803,0.04829
1363.65923,0.05277
1361.73043,0.05299
1359.80164,0.04776
1357.87284,0.04376
1355.94404,0.04271
1354.01525,0.04217
1352.08645,0.04142
1350.15765,0.04107
1348.22886,0.04080
1346.30006,0.04045
1344.37126,0.04120
1342.44247,0.04506
1340.51367,0.05073
1338.58487,0.05198
1336.65608,0.04744
1334.72728,0.04262
1332.79848,0.04041
1330.86969,0.03986
1328.94089,0.03959
1327.01209,0.03921
1325.08330,0.03897
1323.15450,0.03932
1321.22570,0.04064
1319.29691,0.04198
1317.36811,0.04193
1315.43931,0.04113
1313.51052,0.04040
1311.58172,0.03925
1309.65292,0.03806
1307.72413,0.03748
1305.79533,0.03717
1303.86653,0.03697
1301.93774,0.03697
1300.00894,0.03716
1298.08014,0.03749
1296.15135,0.03768
1294.22255,0.03764
1292.29375,0.03780
1290.36496,0.03833
1288.43616,0.03868
1286.50736,0.03835
1284.57857,0.03774
1282.64977,0.03747
1280.72097,0.03744
1278.79218,0.03731
1276.86338,0.03719
1274.93458,0.03738
1273.00579,0.03798
1271.07699,0.03851
1269.14820,0.03856
1267.21940,0.03841
1265.29060,0.03840
1263.36181,0.03869
1261.43301,0.03915
1259.50421,0.03926
1257.57542,0.03892
1255.64662,0.03866
1253.71782,0.03867
1251.78903,0.03882
1249.86023,0.03898
1247.93143,0.03916
1246.00264,0.03942
1244.07384,0.03966
1242.14504,0.03971
1240.21625,0.03964
1238.28745,0.03957
1236.35865,0.03953
1234.42986,0.03950
1232.50106,0.03946
1230.57226,0.03941
1228.64347,0.03945
1226.71467,0.03960
1224.78587,0.03972
1222.85708,0.03976
1220.92828,0.03988
1218.99948,0.04014
1217.07069,0.04048
1215.14189,0.04094
1213.21309,0.04156
1211.28430,0.04216
1209.35550,0.04271
1207.42670,0.04337
1205.49791,0.04414
1203.56911,0.04501
1201.64031,0.04602
1199.71152,0.04720
1197.78272,0.04848
1195.85392,0.04978
1193.92513,0.05120
1191.99633,0.05282
1190.06753,0.05470
1188.13874,0.05686
1186.20994,0.05920
1184.28114,0.06169
1182.35235,0.06454
1180.42355,0.06789
1178.49475,0.07174
1176.56596,0.07598
1174.63716,0.08051
1172.70836,0.08518
1170.77957,0.08999
1168.85077,0.09493
1166.92197,0.09983
1164.99318,0.10439
1163.06438,0.10835
1161.13558,0.11147
1159.20679,0.11357
1157.27799,0.11450
1155.34919,0.11417
1153.42040,0.11262
1151.49160,0.10994
1149.56280,0.10629
1147.63401,0.10196
1145.70521,0.09722
1143.77641,0.09229
1141.84762,0.08738
1139.91882,0.08267
1137.99002,0.07823
1136.06123,0.07408
1134.13243,0.07026
1132.20363,0.06687
1130.27484,0.06389
1128.34604,0.06130
1126.41724,0.05907
1124.48845,0.05718
1122.55965,0.05555
1120.63085,0.05412
1118.70206,0.05287
1116.77326,0.05182
1114.84446,0.05095
1112.91567,0.05026
1110.98687,0.04971
1109.05807,0.04928
1107.12928,0.04891
1105.20048,0.04858
1103.27168,0.04830
1101.34289,0.04810
1099.41409,0.04793
1097.48529,0.04779
1095.55650,0.04773
1093.62770,0.04776
1091.69890,0.04786
1089.77011,0.04800
1087.84131,0.04819
1085.91251,0.04844
1083.98372,0.04874
1082.05492,0.04909
1080.12612,0.04947
1078.19733,0.04994
1076.26853,0.05048
1074.33973,0.05105
1072.41094,0.05158
1070.48214,0.05206
1068.55334,0.05248
1066.62455,0.05277
1064.69575,0.05292
1062.76695,0.05293
1060.83816,0.05281
1058.90936,0.05260
1056.98056,0.05227
1055.05177,0.05184
1053.12297,0.05131
1051.19417,0.05070
1049.26538,0.05001
1047.33658,0.04927
1045.40778,0.04853
1043.47899,0.04778
1041.55019,0.04699
1039.62139,0.04622
1037.69260,0.04546
1035.76380,0.04476
1033.83500,0.04414
1031.90621,0.04357
1029.97741,0.04307
1028.04861,0.04262
1026.11982,0.04220
1024.19102,0.04179
1022.26222,0.04143
1020.33343,0.04118
1018.40463,0.04103
1016.47583,0.04097
1014.54704,0.04094
1012.61824,0.04089
1010.68944,0.04073
1008.76065,0.04038
1006.83185,0.03985
1004.90305,0.03916
1002.97426,0.03838
1001.04546,0.03761
999.11666,0.03691
997.18787,0.03629
995.25907,0.03574
993.33027,0.03525
991.40148,0.03481
989.47268,0.03436
987.54388,0.03391
985.61509,0.03351
983.68629,0.03314
981.75749,0.03280
979.82870,0.03248
977.89990,0.03218
975.97110,0.03189
974.04231,0.03164
972.11351,0.03143
970.18471,0.03123
968.25592,0.03100
966.32712,0.03072
964.39832,0.03042
962.46953,0.03012
960.54073,0.02982
958.61193,0.02951
956.68314,0.02917
954.75434,0.02879
952.82554,0.02838
950.89675,0.02797
948.96795,0.02753
947.03915,0.02704
945.11036,0.02651
943.18156,0.02601
941.25276,0.02553
939.32397,0.02511
937.39517,0.02470
935.46637,0.02429
933.53758,0.02388
931.60878,0.02350
929.67998,0.02316
927.75119,0.02283
925.82239,0.02251
923.89359,0.02219
921.96480,0.02184
920.03600,0.02149
918.10720,0.02116
916.17841,0.02083
914.24961,0.02046
912.32081,0.02007
910.39202,0.01967
908.46322,0.01924
906.53443,0.01874
904.60563,0.01823
902.67683,0.01771
900.74804,0.01716
898.81924,0.01660
896.89044,0.01603
894.96165,0.01547
893.03285,0.01493
891.10405,0.01443
889.17526,0.01396
887.24646,0.01351
885.31766,0.01308
883.38887,0.01270
881.46007,0.01237
879.53127,0.01209
877.60248,0.01185
875.67368,0.01165
873.74488,0.01146
871.81609,0.01129
869.88729,0.01109
867.95849,0.01087
866.02970,0.01065
864.10090,0.01043
862.17210,0.01017
860.24331,0.00988
858.31451,0.00959
856.38571,0.00922
854.45692,0.00878
852.52812,0.00838
850.59932,0.00806
848.67053,0.00778
846.74173,0.00752
844.81293,0.00731
842.88414,0.00716
840.95534,0.00707
839.02654,0.00699
837.09775,0.00695
835.16895,0.00701
833.24015,0.00717
831.31136,0.00731
829.38256,0.00742
827.45376,0.00756
825.52497,0.00772
823.59617,0.00791
821.66737,0.00808
819.73858,0.00828
817.80978,0.00852
815.88098,0.00870
813.95219,0.00878
812.02339,0.00890
810.09459,0.00919
808.16580,0.00956
806.23700,0.00985
804.30820,0.01012
802.37941,0.01049
800.45061,0.01098
798.52181,0.01157
796.59302,0.01227
794.66422,0.01316
792.73542,0.01427
790.80663,0.01545
788.87783,0.01649
786.94903,0.01726
785.02024,0.01763
783.09144,0.01752
781.16264,0.01696
779.23385,0.01608
777.30505,0.01504
775.37625,0.01394
773.44746,0.01288
771.51866,0.01201
769.58986,0.01139
767.66107,0.01095
765.73227,0.01045
763.80347,0.00985
761.87468,0.00937
759.94588,0.00908
758.01708,0.00901
756.08829,0.00922
754.15949,0.00935
752.23069,0.00906
750.30190,0.00853
748.37310,0.00816
