3496.90832,0.06736
3494.97953,0.06848
3493.05073,0.06963
3491.12193,0.07086
3489.19314,0.07477
3487.26434,0.07926
3485.33554,0.07798
3483.40675,0.07497
3481.47795,0.07625
3479.54915,0.07515
3477.62036,0.07122
3475.69156,0.07295
3473.76276,0.07853
3471.83397,0.08048
3469.90517,0.07739
3467.97637,0.07193
3466.04758,0.06892
3464.11878,0.06904
3462.18998,0.06623
3460.26119,0.06267
3458.33239,0.06291
3456.40359,0.06298
3454.47480,0.06424
3452.54600,0.06847
3450.61721,0.07025
3448.68841,0.06890
3446.75961,0.06834
3444.83082,0.06894
3442.90202,0.06669
3440.97322,0.06149
3439.04443,0.05588
3437.11563,0.05021
3435.18683,0.04930
3433.25804,0.05440
3431.32924,0.05622
3429.40044,0.05617
3427.47165,0.06304
3425.54285,0.07059
3423.61405,0.07009
3421.68526,0.06261
3419.75646,0.05601
3417.82766,0.05655
3415.89887,0.05539
3413.97007,0.04574
3412.04127,0.03765
3410.11248,0.03797
3408.18368,0.04110
3406.25488,0.04111
3404.32609,0.04096
3402.39729,0.04420
3400.46849,0.04804
3398.53970,0.04770
3396.61090,0.04129
3394.68210,0.03796
3392.75331,0.04515
3390.82451,0.05272
3388.89571,0.05388
3386.96692,0.05367
3385.03812,0.05158
3383.10932,0.04687
3381.18053,0.04908
3379.25173,0.06160
3377.32293,0.07011
3375.39414,0.06470
3373.46534,0.05851
3371.53654,0.06414
3369.60775,0.07352
3367.67895,0.07518
3365.75015,0.07081
3363.82136,0.06752
3361.89256,0.06533
3359.96376,0.06155
3358.03497,0.06178
3356.10617,0.06911
3354.17737,0.07487
3352.24858,0.07461
3350.31978,0.07364
3348.39098,0.07361
3346.46219,0.07072
3344.53339,0.06638
3342.60459,0.06491
3340.67580,0.06646
3338.74700,0.06805
3336.81820,0.06433
3334.88941,0.05570
3332.96061,0.05108
3331.03181,0.05204
3329.10302,0.05398
3327.17422,0.05515
3325.24542,0.05343
3323.31663,0.04691
3321.38783,0.04148
3319.45903,0.04372
3317.53024,0.04651
3315.60144,0.04183
3313.67264,0.03509
3311.74385,0.03334
3309.81505,0.03695
3307.88625,0.04488
3305.95746,0.05317
3304.02866,0.05503
3302.09986,0.05090
3300.17107,0.04747
3298.24227,0.04629
3296.31347,0.04364
3294.38468,0.03806
3292.45588,0.03396
3290.52708,0.03381
3288.59829,0.03276
3286.66949,0.02671
3284.74069,0.01966
3282.81190,0.02037
3280.88310,0.02992
3278.95430,0.04204
3277.02551,0.05248
3275.09671,0.05625
3273.16791,0.05253
3271.23912,0.04751
3269.31032,0.04254
3267.38152,0.03757
3265.45273,0.03373
3263.52393,0.02920
3261.59513,0.02667
3259.66634,0.02993
3257.73754,0.03585
3255.80874,0.03988
3253.87995,0.04066
3251.95115,0.03789
3250.02235,0.03123
3248.09356,0.02221
3246.16476,0.01687
3244.23596,0.02145
3242.30717,0.02996
3240.37837,0.03457
3238.44957,0.04082
3236.52078,0.04851
3234.59198,0.04967
3232.66318,0.04642
3230.73439,0.04448
3228.80559,0.04319
3226.87679,0.03879
3224.94800,0.03450
3223.01920,0.03924
3221.09040,0.05216
3219.16161,0.06221
3217.23281,0.06353
3215.30401,0.05960
3213.37522,0.05543
3211.44642,0.05476
3209.51762,0.05801
3207.58883,0.06093
3205.66003,0.06186
3203.73123,0.06160
3201.80244,0.05896
3199.87364,0.05368
3197.94484,0.04896
3196.01605,0.04814
3194.08725,0.05083
3192.15845,0.05379
3190.22966,0.05659
3188.30086,0.05975
3186.37206,0.05925
3184.44327,0.05424
3182.51447,0.05137
3180.58567,0.05436
3178.65688,0.05891
3176.72808,0.05931
3174.79928,0.05456
3172.87049,0.04776
3170.94169,0.04269
3169.01289,0.04078
3167.08410,0.04140
3165.15530,0.04338
3163.22650,0.04501
3161.29771,0.04569
3159.36891,0.04540
3157.44011,0.04388
3155.51132,0.04206
3153.58252,0.04110
3151.65372,0.04003
3149.72493,0.03749
3147.79613,0.03541
3145.86733,0.03604
3143.93854,0.03851
3142.00974,0.04077
3140.08094,0.04005
3138.15215,0.03613
3136.22335,0.03329
3134.29455,0.03425
3132.36576,0.03773
3130.43696,0.04089
3128.50816,0.04037
3126.57937,0.03671
3124.65057,0.03522
3122.72177,0.03742
3120.79298,0.03915
3118.86418,0.03911
3116.93538,0.03899
3115.00659,0.03777
3113.07779,0.03529
3111.14899,0.03427
3109.22020,0.03456
3107.29140,0.03456
3105.36260,0.03470
3103.43381,0.03507
3101.50501,0.03504
3099.57621,0.03424
3097.64742,0.03265
3095.71862,0.03166
3093.78982,0.03189
3091.86103,0.03171
3089.93223,0.03093
3088.00344,0.03136
3086.07464,0.03313
3084.14584,0.03488
3082.21705,0.03581
3080.28825,0.03566
3078.35945,0.03419
3076.43066,0.03204
3074.50186,0.03110
3072.57306,0.03202
3070.64427,0.03325
3068.71547,0.03313
3066.78667,0.03232
3064.85788,0.03281
3062.92908,0.03416
3061.00028,0.03398
3059.07149,0.03193
3057.14269,0.03066
3055.21389,0.03195
3053.28510,0.03382
3051.35630,0.03400
3049.42750,0.03313
3047.49871,0.03262
3045.56991,0.03294
3043.64111,0.03376
3041.71232,0.03442
3039.78352,0.03423
3037.85472,0.03346
3035.92593,0.03328
3033.99713,0.03369
3032.06833,0.03447
3030.13954,0.03564
3028.21074,0.03633
3026.28194,0.03626
3024.35315,0.03620
3022.42435,0.03649
3020.49555,0.03648
3018.56676,0.03586
3016.63796,0.03546
3014.70916,0.03558
3012.78037,0.03613
3010.85157,0.03707
3008.92277,0.03762
3006.99398,0.03758
3005.06518,0.03763
3003.13638,0.03745
3001.20759,0.03651
2999.27879,0.03552
2997.34999,0.03525
2995.42120,0.03587
2993.49240,0.03675
2991.56360,0.03701
2989.63481,0.03699
2987.70601,0.03715
2985.77721,0.03730
2983.84842,0.03764
2981.91962,0.03813
2979.99082,0.03826
2978.06203,0.03810
2976.13323,0.03818
2974.20443,0.03846
2972.27564,0.03876
2970.34684,0.03909
2968.41804,0.03898
2966.48925,0.03855
2964.56045,0.03862
2962.63165,0.03907
2960.70286,0.03922
2958.77406,0.03919
2956.84526,0.03947
2954.91647,0.03996
2952.98767,0.04025
2951.05887,0.04041
2949.13008,0.04078
2947.20128,0.04120
2945.27248,0.04119
2943.34369,0.04063
2941.41489,0.04012
2939.48609,0.04035
2937.55730,0.04095
2935.62850,0.04141
2933.69970,0.04180
2931.77091,0.04211
2929.84211,0.04207
2927.91331,0.04174
2925.98452,0.04153
2924.05572,0.04172
2922.12692,0.04225
2920.19813,0.04271
2918.26933,0.04285
2916.34053,0.04295
2914.41174,0.04296
2912.48294,0.04262
2910.55414,0.04229
2908.62535,0.04220
2906.69655,0.04190
2904.76775,0.04132
2902.83896,0.04100
2900.91016,0.04100
2898.98136,0.04116
2897.05257,0.04152
2895.12377,0.04193
2893.19497,0.04217
2891.26618,0.04222
2889.33738,0.04205
2887.40858,0.04172
2885.47979,0.04146
2883.55099,0.04157
2881.62219,0.04203
2879.69340,0.04235
2877.76460,0.04236
2875.83580,0.04250
2873.90701,0.04294
2871.97821,0.04327
2870.04941,0.04323
2868.12062,0.04297
2866.19182,0.04286
2864.26302,0.04314
2862.33423,0.04365
2860.40543,0.04424
2858.47663,0.04482
2856.54784,0.04510
2854.61904,0.04504
2852.69024,0.04496
2850.76145,0.04509
2848.83265,0.04544
2846.90385,0.04584
2844.97506,0.04608
2843.04626,0.04618
2841.11746,0.04617
2839.18867,0.04604
2837.25987,0.04591
2835.33107,0.04602
2833.40228,0.04626
2831.47348,0.04642
2829.54468,0.04655
2827.61589,0.04660
2825.68709,0.04660
2823.75829,0.04674
2821.82950,0.04691
2819.90070,0.04689
2817.97190,0.04663
2816.04311,0.04635
2814.11431,0.04637
2812.18551,0.04661
2810.25672,0.04667
2808.32792,0.04652
2806.39912,0.04643
2804.47033,0.04638
2802.54153,0.04621
2800.61273,0.04601
2798.68394,0.04591
2796.75514,0.04586
2794.82634,0.04565
2792.89755,0.04531
2790.96875,0.04517
2789.03995,0.04530
2787.11116,0.04538
2785.18236,0.04515
2783.25356,0.04473
2781.32477,0.04437
2779.39597,0.04413
2777.46717,0.04400
2775.53838,0.04389
2773.60958,0.04379
2771.68078,0.04379
2769.75199,0.04386
2767.82319,0.04389
2765.89439,0.04387
2763.96560,0.04362
2762.03680,0.04316
2760.10800,0.04280
2758.17921,0.04274
2756.25041,0.04274
2754.32161,0.04256
2752.39282,0.04229
2750.46402,0.04225
2748.53522,0.04254
2746.60643,0.04288
2744.67763,0.04300
2742.74883,0.04286
2740.82004,0.04270
2738.89124,0.04263
2736.96244,0.04269
2735.03365,0.04292
2733.10485,0.04306
2731.17605,0.04298
2729.24726,0.04290
2727.31846,0.04285
2725.38967,0.04277
2723.46087,0.04271
2721.53207,0.04263
2719.60328,0.04254
2717.67448,0.04246
2715.74568,0.04245
2713.81689,0.04250
2711.88809,0.04247
2709.95929,0.04234
2708.03050,0.04218
2706.10170,0.04209
2704.17290,0.04212
2702.24411,0.04225
2700.31531,0.04241
2698.38651,0.04250
2696.45772,0.04246
2694.52892,0.04241
2692.60012,0.04249
2690.67133,0.04258
2688.74253,0.04258
2686.81373,0.04249
2684.88494,0.04242
2682.95614,0.04247
2681.02734,0.04254
2679.09855,0.04257
2677.16975,0.04245
2675.24095,0.04219
2673.31216,0.04199
2671.38336,0.04195
2669.45456,0.04203
2667.52577,0.04205
2665.59697,0.04180
2663.66817,0.04149
2661.73938,0.04133
2659.81058,0.04131
2657.88178,0.04143
2655.95299,0.04153
2654.02419,0.04155
2652.09539,0.04167
2650.16660,0.04181
2648.23780,0.04182
2646.30900,0.04195
2644.38021,0.04234
2642.45141,0.04280
2640.52261,0.04308
2638.59382,0.04294
2636.66502,0.04263
2634.73622,0.04264
2632.80743,0.04296
2630.87863,0.04326
2628.94983,0.04341
2627.02104,0.04337
2625.09224,0.04323
2623.16344,0.04315
2621.23465,0.04307
2619.30585,0.04292
2617.37705,0.04280
2615.44826,0.04271
2613.51946,0.04277
2611.59066,0.04314
2609.66187,0.04349
2607.73307,0.04343
2605.80427,0.04322
2603.87548,0.04335
2601.94668,0.04363
2600.01788,0.04371
2598.08909,0.04376
2596.16029,0.04396
2594.23149,0.04410
2592.30270,0.04418
2590.37390,0.04439
2588.44510,0.04447
2586.51631,0.04415
2584.58751,0.04374
2582.65871,0.04345
2580.72992,0.04302
2578.80112,0.04270
2576.87232,0.04310
2574.94353,0.04378
2573.01473,0.04397
2571.08593,0.04388
2569.15714,0.04379
2567.22834,0.04360
2565.29954,0.04342
2563.37075,0.04333
2561.44195,0.04331
2559.51315,0.04337
2557.58436,0.04357
2555.65556,0.04360
2553.72676,0.04313
2551.79797,0.04290
2549.86917,0.04345
2547.94037,0.04393
2546.01158,0.04383
2544.08278,0.04360
2542.15398,0.04336
2540.22519,0.04302
2538.29639,0.04276
2536.36759,0.04263
2534.43880,0.04264
2532.51000,0.04265
2530.58120,0.04247
2528.65241,0.04223
2526.72361,0.04179
2524.79481,0.04103
2522.86602,0.04067
2520.93722,0.04123
2519.00842,0.04197
2517.07963,0.04229
2515.15083,0.04253
2513.22203,0.04269
2511.29324,0.04234
2509.36444,0.04168
2507.43564,0.04134
2505.50685,0.04144
2503.57805,0.04159
2501.64925,0.04167
2499.72046,0.04194
2497.79166,0.04224
2495.86286,0.04223
2493.93407,0.04212
2492.00527,0.04200
2490.07647,0.04182
2488.14768,0.04187
2486.21888,0.04211
2484.29008,0.04233
2482.36129,0.04242
2480.43249,0.04229
2478.50369,0.04216
2476.57490,0.04214
2474.64610,0.04192
2472.71730,0.04138
2470.78851,0.04089
2468.85971,0.04083
2466.93091,0.04098
2465.00212,0.04109
2463.07332,0.04102
2461.14452,0.04064
2459.21573,0.04033
2457.28693,0.04033
2455.35813,0.04021
2453.42934,0.03995
2451.50054,0.04001
2449.57174,0.04025
2447.64295,0.04021
2445.71415,0.04009
2443.78535,0.04019
2441.85656,0.04038
2439.92776,0.04053
2437.99896,0.04056
2436.07017,0.04028
2434.14137,0.03992
2432.21257,0.03978
2430.28378,0.03967
2428.35498,0.03948
2426.42618,0.03937
2424.49739,0.03934
2422.56859,0.03909
2420.63979,0.03846
2418.71100,0.03777
2416.78220,0.03747
2414.85340,0.03760
2412.92461,0.03770
2410.99581,0.03757
2409.06701,0.03745
2407.13822,0.03737
2405.20942,0.03711
2403.28062,0.03681
2401.35183,0.03662
2399.42303,0.03630
2397.49423,0.03597
2395.56544,0.03599
2393.63664,0.03622
2391.70784,0.03645
2389.77905,0.03711
2387.85025,0.03917
2385.92145,0.04374
2383.99266,0.05148
2382.06386,0.06248
2380.13506,0.07632
2378.20627,0.09185
2376.27747,0.10781
2374.34867,0.12401
2372.41988,0.14091
2370.49108,0.15837
2368.56228,0.17522
2366.63349,0.19030
2364.70469,0.20259
2362.77589,0.21053
2360.84710,0.21323
2358.91830,0.21047
2356.98951,0.20150
2355.06071,0.18613
2353.13191,0.16535
2351.20312,0.14428
2349.27432,0.13332
2347.34552,0.13842
2345.41673,0.15377
2343.48793,0.16458
2341.55913,0.16582
2339.63034,0.16307
2337.70154,0.15972
2335.77274,0.15685
2333.84395,0.15557
2331.91515,0.15526
2329.98635,0.15265
2328.05756,0.14719
2326.12876,0.14206
2324.19996,0.13851
2322.27117,0.13404
2320.34237,0.12598
2318.41357,0.11555
2316.48478,0.10652
2314.55598,0.10095
2312.62718,0.09719
2310.69839,0.09252
2308.76959,0.08632
2306.84079,0.07936
2304.91200,0.07269
2302.98320,0.06741
2301.05440,0.06352
2299.12561,0.06012
2297.19681,0.05695
2295.26801,0.05422
2293.33922,0.05173
2291.41042,0.04917
2289.48162,0.04667
2287.55283,0.04450
2285.62403,0.04283
2283.69523,0.04204
2281.76644,0.04223
2279.83764,0.04299
2277.90884,0.04395
2275.98005,0.04468
2274.05125,0.04490
2272.12245,0.04492
2270.19366,0.04520
2268.26486,0.04585
2266.33606,0.04657
2264.40727,0.04689
2262.47847,0.04674
2260.54967,0.04672
2258.62088,0.04751
2256.69208,0.04879
2254.76328,0.04915
2252.83449,0.04806
2250.90569,0.04688
2248.97689,0.04650
2247.04810,0.04623
2245.11930,0.04608
2243.19050,0.04685
2241.26171,0.04836
2239.33291,0.04974
2237.40411,0.05017
2235.47532,0.04981
2233.54652,0.04997
2231.61772,0.05090
2229.68893,0.05175
2227.76013,0.05240
2225.83133,0.05266
2223.90254,0.05240
2221.97374,0.05226
2220.04494,0.05226
2218.11615,0.05202
2216.18735,0.05202
2214.25855,0.05245
2212.32976,0.05305
2210.40096,0.05409
2208.47216,0.05535
2206.54337,0.05575
2204.61457,0.05584
2202.68577,0.05684
2200.75698,0.05813
2198.82818,0.05924
2196.89938,0.05993
2194.97059,0.06019
2193.04179,0.06115
2191.11299,0.06223
2189.18420,0.06239
2187.25540,0.06238
2185.32660,0.06193
2183.39781,0.06130
2181.46901,0.06230
2179.54021,0.06414
2177.61142,0.06492
2175.68262,0.06540
2173.75382,0.06630
2171.82503,0.06675
2169.89623,0.06702
2167.96743,0.06824
2166.03864,0.06977
2164.10984,0.07118
2162.18104,0.07365
2160.25225,0.07639
2158.32345,0.07734
2156.39465,0.07574
2154.46586,0.07179
2152.53706,0.06694
2150.60826,0.06207
2148.67947,0.05795
2146.75067,0.05558
2144.82187,0.05395
2142.89308,0.05172
2140.96428,0.04921
2139.03548,0.04730
2137.10669,0.04583
2135.17789,0.04402
2133.24909,0.04191
2131.32030,0.04007
2129.39150,0.03854
2127.46270,0.03711
2125.53391,0.03587
2123.60511,0.03462
2121.67631,0.03318
2119.74752,0.03230
2117.81872,0.03240
2115.88992,0.03272
2113.96113,0.03271
2112.03233,0.03270
2110.10353,0.03275
2108.17474,0.03286
2106.24594,0.03311
2104.31714,0.03336
2102.38835,0.03366
2100.45955,0.03373
2098.53075,0.03328
2096.60196,0.03272
2094.67316,0.03217
2092.74436,0.03163
2090.81557,0.03150
2088.88677,0.03204
2086.95797,0.03272
2085.02918,0.03272
2083.10038,0.03220
2081.17158,0.03206
2079.24279,0.03255
2077.31399,0.03342
2075.38519,0.03412
2073.45640,0.03436
2071.52760,0.03476
2069.59880,0.03571
2067.67001,0.03672
2065.74121,0.03700
2063.81241,0.03676
2061.88362,0.03694
2059.95482,0.03744
2058.02602,0.03802
2056.09723,0.03848
2054.16843,0.03834
2052.23963,0.03808
2050.31084,0.03917
2048.38204,0.04214
2046.45324,0.04517
2044.52445,0.04646
2042.59565,0.04703
2040.66685,0.04842
2038.73806,0.04910
2036.80926,0.04774
2034.88046,0.04691
2032.95167,0.04822
2031.02287,0.04979
2029.09407,0.04998
2027.16528,0.04900
2025.23648,0.04784
2023.30768,0.04766
2021.37889,0.04772
2019.45009,0.04724
2017.52129,0.04792
2015.59250,0.04919
2013.66370,0.04874
2011.73490,0.04738
2009.80611,0.04619
2007.87731,0.04385
2005.94851,0.04021
2004.01972,0.03859
2002.09092,0.04042
2000.16212,0.04228
1998.23333,0.04172
1996.30453,0.04021
1994.37574,0.03912
1992.44694,0.03828
1990.51814,0.03805
1988.58935,0.03883
1986.66055,0.03964
1984.73175,0.03939
1982.80296,0.03906
1980.87416,0.04001
1978.94536,0.04112
1977.01657,0.04115
1975.08777,0.04143
1973.15897,0.04157
1971.23018,0.03960
1969.30138,0.03719
1967.37258,0.03666
1965.44379,0.03703
1963.51499,0.03653
1961.58619,0.03549
1959.65740,0.03479
1957.72860,0.03415
1955.79980,0.03341
1953.87101,0.03282
1951.94221,0.03235
1950.01341,0.03181
1948.08462,0.03106
1946.15582,0.03049
1944.22702,0.03049
1942.29823,0.03020
1940.36943,0.02902
1938.44063,0.02768
1936.51184,0.02666
1934.58304,0.02615
1932.65424,0.02580
1930.72545,0.02530
1928.79665,0.02509
1926.86785,0.02527
1924.93906,0.02568
1923.01026,0.02595
1921.08146,0.02587
1919.15267,0.02579
1917.22387,0.02545
1915.29507,0.02466
1913.36628,0.02431
1911.43748,0.02471
1909.50868,0.02505
1907.57989,0.02475
1905.65109,0.02417
1903.72229,0.02392
1901.79350,0.02393
1899.86470,0.02387
1897.93590,0.02386
1896.00711,0.02402
1894.07831,0.02413
1892.14951,0.02441
1890.22072,0.02479
1888.29192,0.02455
1886.36312,0.02388
1884.43433,0.02345
1882.50553,0.02330
1880.57673,0.02322
1878.64794,0.02294
1876.71914,0.02259
1874.79034,0.02250
1872.86155,0.02300
1870.93275,0.02414
1869.00395,0.02492
1867.07516,0.02429
1865.14636,0.02309
1863.21756,0.02245
1861.28877,0.02231
1859.35997,0.02237
1857.43117,0.02240
1855.50238,0.02232
1853.57358,0.02229
1851.64478,0.02245
1849.71599,0.02298
1847.78719,0.02398
1845.85839,0.02522
1843.92960,0.02539
1842.00080,0.02412
1840.07200,0.02312
1838.14321,0.02288
1836.21441,0.02269
1834.28561,0.02264
1832.35682,0.02339
1830.42802,0.02425
1828.49922,0.02420
1826.57043,0.02384
1824.64163,0.02328
1822.71283,0.02224
1820.78404,0.02148
1818.85524,0.02143
1816.92644,0.02158
1814.99765,0.02170
1813.06885,0.02211
1811.14005,0.02255
1809.21126,0.02244
1807.28246,0.02206
1805.35366,0.02217
1803.42487,0.02300
1801.49607,0.02382
1799.56727,0.02382
1797.63848,0.02352
1795.70968,0.02395
1793.78088,0.02506
1791.85209,0.02530
1789.92329,0.02393
1787.99449,0.02284
1786.06570,0.02285
1784.13690,0.02304
1782.20810,0.02309
1780.27931,0.02296
1778.35051,0.02262
1776.42171,0.02282
1774.49292,0.02398
1772.56412,0.02501
1770.63532,0.02474
1768.70653,0.02371
1766.77773,0.02248
1764.84893,0.02196
1762.92014,0.02249
1760.99134,0.02290
1759.06254,0.02290
1757.13375,0.02289
1755.20495,0.02288
1753.27615,0.02380
1751.34736,0.02567
1749.41856,0.02642
1747.48976,0.02558
1745.56097,0.02474
1743.63217,0.02447
1741.70337,0.02447
1739.77458,0.02425
1737.84578,0.02435
1735.91698,0.02572
1733.98819,0.02701
1732.05939,0.02581
1730.13059,0.02373
1728.20180,0.02220
1726.27300,0.02150
1724.34420,0.02173
1722.41541,0.02257
1720.48661,0.02469
1718.55781,0.02812
1716.62902,0.03022
1714.70022,0.02984
1712.77142,0.02924
1710.84263,0.03013
1708.91383,0.03287
1706.98503,0.03724
1705.05624,0.04226
1703.12744,0.04778
1701.19864,0.05560
1699.26985,0.06445
1697.34105,0.07227
1695.41225,0.08093
1693.48346,0.09009
1691.55466,0.10066
1689.62586,0.11439
1687.69707,0.12960
1685.76827,0.14756
1683.83947,0.16926
1681.91068,0.18630
1679.98188,0.19943
1678.05308,0.21388
1676.12429,0.23084
1674.19549,0.24809
1672.26669,0.26265
1670.33790,0.27621
1668.40910,0.28808
1666.48030,0.29601
1664.55151,0.30280
1662.62271,0.30911
1660.69391,0.31280
1658.76512,0.31486
1656.83632,0.31774
1654.90752,0.32218
1652.97873,0.32459
1651.04993,0.32332
1649.12113,0.32453
1647.19234,0.32935
1645.26354,0.33508
1643.33474,0.34180
1641.40595,0.35236
1639.47715,0.36714
1637.54835,0.38648
1635.61956,0.41107
1633.69076,0.43403
1631.76197,0.45311
1629.83317,0.47346
1627.90437,0.49480
1625.97558,0.51320
1624.04678,0.52765
1622.11798,0.53732
1620.18919,0.54220
1618.26039,0.54467
1616.33159,0.54426
1614.40280,0.54148
1612.47400,0.54003
1610.54520,0.54148
1608.61641,0.54600
1606.68761,0.55320
1604.75881,0.56290
1602.83002,0.57453
1600.90122,0.58685
1598.97242,0.59868
1597.04363,0.60886
1595.11483,0.61604
1593.18603,0.61881
1591.25724,0.61687
1589.32844,0.61000
1587.39964,0.59816
1585.47085,0.58191
1583.54205,0.56198
1581.61325,0.53971
1579.68446,0.51739
1577.75566,0.49325
1575.82686,0.46294
1573.89807,0.43448
1571.96927,0.41178
1570.04047,0.38768
1568.11168,0.36247
1566.18288,0.34063
1564.25408,0.32215
1562.32529,0.30841
1560.39649,0.29608
1558.46769,0.27641
1556.53890,0.25663
1554.61010,0.24209
1552.68130,0.22961
1550.75251,0.21854
1548.82371,0.20855
1546.89491,0.20068
1544.96612,0.19505
1543.03732,0.19023
1541.10852,0.18410
1539.17973,0.17430
1537.25093,0.16563
1535.32213,0.16062
1533.39334,0.15604
1531.46454,0.15057
1529.53574,0.14650
1527.60695,0.14401
1525.67815,0.14171
1523.74935,0.13979
1521.82056,0.13781
1519.89176,0.13474
1517.96296,0.13163
1516.03417,0.12856
1514.10537,0.12575
1512.17657,0.12475
1510.24778,0.12632
1508.31898,0.12916
1506.39018,0.12858
1504.46139,0.12465
1502.53259,0.12329
1500.60379,0.12530
1498.67500,0.12934
1496.74620,0.13368
1494.81740,0.13769
1492.88861,0.14337
1490.95981,0.15245
1489.03101,0.16300
1487.10222,0.17239
1485.17342,0.18214
1483.24462,0.19425
1481.31583,0.20884
1479.38703,0.22488
1477.45823,0.24229
1475.52944,0.26132
1473.60064,0.28112
1471.67184,0.29893
1469.74305,0.31210
1467.81425,0.32358
1465.88545,0.33576
1463.95666,0.34589
1462.02786,0.35207
1460.09906,0.35655
1458.17027,0.35855
1456.24147,0.35236
1454.31267,0.34050
1452.38388,0.32814
1450.45508,0.31494
1448.52628,0.29957
1446.59749,0.28187
1444.66869,0.26405
1442.73989,0.24715
1440.81110,0.23189
1438.88230,0.21871
1436.95350,0.20445
1435.02471,0.18894
1433.09591,0.17622
1431.16711,0.16569
1429.23832,0.15552
1427.30952,0.14653
1425.38072,0.13928
1423.45193,0.13322
1421.52313,0.12860
1419.59433,0.12463
1417.66554,0.11912
1415.73674,0.11303
1413.80794,0.10819
1411.87915,0.10449
1409.95035,0.10130
1408.02155,0.09867
1406.09276,0.09653
1404.16396,0.09407
1402.23516,0.09170
1400.30637,0.09038
1398.37757,0.08951
1396.44877,0.08815
1394.51998,0.08581
1392.59118,0.08284
1390.66238,0.08085
1388.73359,0.08003
1386.80479,0.07874
1384.87599,0.07653
1382.94720,0.07470
1381.01840,0.07364
1379.08960,0.07294
1377.16081,0.07260
1375.23201,0.07246
1373.30321,0.07154
1371.37442,0.07001
1369.44562,0.06889
1367.51682,0.06827
1365.58803,0.06828
1363.65923,0.06882
1361.73043,0.06851
1359.80164,0.06707
1357.87284,0.06587
1355.94404,0.06527
1354.01525,0.06482
1352.08645,0.06440
1350.15765,0.06411
1348.22886,0.06383
1346.30006,0.06355
1344.37126,0.06353
1342.44247,0.06416
1340.51367,0.06511
1338.58487,0.06521
1336.65608,0.06429
1334.72728,0.06338
1332.79848,0.06285
1330.86969,0.06249
1328.94089,0.06215
1327.01209,0.06181
1325.08330,0.06146
1323.15450,0.06118
1321.22570,0.06106
1319.29691,0.06100
1317.36811,0.06076
1315.43931,0.06043
1313.51052,0.06016
1311.58172,0.05985
1309.65292,0.05954
1307.72413,0.05928
1305.79533,0.05903
1303.86653,0.05888
1301.93774,0.05886
1300.00894,0.05891
1298.08014,0.05898
1296.15135,0.05899
1294.22255,0.05887
1292.29375,0.05871
1290.36496,0.05863
1288.43616,0.05860
1286.50736,0.05848
1284.57857,0.05828
1282.64977,0.05818
1280.72097,0.05813
1278.79218,0.05802
1276.86338,0.05793
1274.93458,0.05798
1273.00579,0.05816
1271.07699,0.05831
1269.14820,0.05838
1267.21940,0.05854
1265.29060,0.05881
1263.36181,0.05909
1261.43301,0.05930
1259.50421,0.05939
1257.57542,0.05937
1255.64662,0.05933
1253.71782,0.05940
1251.78903,0.05957
1249.86023,0.05975
1247.93143,0.05990
1246.00264,0.06010
1244.07384,0.06037
1242.14504,0.06060
1240.21625,0.06073
1238.28745,0.06083
1236.35865,0.06097
1234.42986,0.06111
1232.50106,0.06130
1230.57226,0.06159
1228.64347,0.06190
1226.71467,0.06218
1224.78587,0.06247
1222.85708,0.06284
1220.92828,0.06333
1218.99948,0.06392
1217.07069,0.06457
1215.14189,0.06525
1213.21309,0.06598
1211.28430,0.06680
1209.35550,0.06771
1207.42670,0.06868
1205.49791,0.06976
1203.56911,0.07091
1201.64031,0.07214
1199.71152,0.07357
1197.78272,0.07524
1195.85392,0.07704
1193.92513,0.07901
1191.99633,0.08132
1190.06753,0.08403
1188.13874,0.08705
1186.20994,0.09030
1184.28114,0.09380
1182.35235,0.09772
1180.42355,0.10224
1178.49475,0.10742
1176.56596,0.11310
1174.63716,0.11912
1172.70836,0.12543
1170.77957,0.13197
1168.85077,0.13858
1166.92197,0.14506
1164.99318,0.15113
1163.06438,0.15647
1161.13558,0.16070
1159.20679,0.16348
1157.27799,0.16467
1155.34919,0.16417
1153.42040,0.16204
1151.49160,0.15852
1149.56280,0.15383
1147.63401,0.14818
1145.70521,0.14197
1143.77641,0.13550
1141.84762,0.12906
1139.91882,0.12286
1137.99002,0.11698
1136.06123,0.11145
1134.13243,0.10639
1132.20363,0.10189
1130.27484,0.09801
1128.34604,0.09464
1126.41724,0.09163
1124.48845,0.08898
1122.55965,0.08671
1120.63085,0.08480
1118.70206,0.08317
1116.77326,0.08168
1114.84446,0.08037
1112.91567,0.07931
1110.98687,0.07841
1109.05807,0.07762
1107.12928,0.07697
1105.20048,0.07648
1103.27168,0.07607
1101.34289,0.07572
1099.41409,0.07545
1097.48529,0.07528
1095.55650,0.07519
1093.62770,0.07514
1091.69890,0.07514
1089.77011,0.07529
1087.84131,0.07550
1085.91251,0.07566
1083.98372,0.07583
1082.05492,0.07615
1080.12612,0.07657
1078.19733,0.07705
1076.26853,0.07757
1074.33973,0.07812
1072.41094,0.07869
1070.48214,0.07919
1068.55334,0.07950
1066.62455,0.07970
1064.69575,0.07990
1062.76695,0.07998
1060.83816,0.07975
1058.90936,0.07932
1056.98056,0.07889
1055.05177,0.07840
1053.12297,0.07773
1051.19417,0.07693
1049.26538,0.07608
1047.33658,0.07519
1045.40778,0.07432
1043.47899,0.07342
1041.55019,0.07240
1039.62139,0.07133
1037.69260,0.07036
1035.76380,0.06948
1033.83500,0.06856
1031.90621,0.06766
1029.97741,0.06690
1028.04861,0.06620
1026.11982,0.06552
1024.19102,0.06500
1022.26222,0.06464
1020.33343,0.06426
1018.40463,0.06384
1016.47583,0.06354
1014.54704,0.06342
1012.61824,0.06335
1010.68944,0.06315
1008.76065,0.06271
1006.83185,0.06205
1004.90305,0.06124
1002.97426,0.06033
1001.04546,0.05946
999.11666,0.05874
997.18787,0.05815
995.25907,0.05758
993.33027,0.05696
991.40148,0.05639
989.47268,0.05587
987.54388,0.05529
985.61509,0.05465
983.68629,0.05408
981.75749,0.05356
979.82870,0.05298
977.89990,0.05231
975.97110,0.05164
974.04231,0.05105
972.11351,0.05047
970.18471,0.04989
968.25592,0.04946
966.32712,0.04923
964.39832,0.04903
962.46953,0.04872
960.54073,0.04827
958.61193,0.04772
956.68314,0.04710
954.75434,0.04651
952.82554,0.04609
950.89675,0.04579
948.96795,0.04536
947.03915,0.04475
945.11036,0.04413
943.18156,0.04350
941.25276,0.04280
939.32397,0.04209
937.39517,0.04141
935.46637,0.04077
933.53758,0.04013
931.60878,0.03948
929.67998,0.03885
927.75119,0.03831
925.82239,0.03783
923.89359,0.03724
921.96480,0.03646
920.03600,0.03567
918.10720,0.03504
916.17841,0.03450
914.24961,0.03398
912.32081,0.03350
910.39202,0.03310
908.46322,0.03265
906.53443,0.03203
904.60563,0.03139
902.67683,0.03093
900.74804,0.03059
898.81924,0.03017
896.89044,0.02954
894.96165,0.02879
893.03285,0.02799
891.10405,0.02719
889.17526,0.02635
887.24646,0.02548
885.31766,0.02459
883.38887,0.02378
881.46007,0.02308
879.53127,0.02245
877.60248,0.02185
875.67368,0.02131
873.74488,0.02079
871.81609,0.02028
869.88729,0.01976
867.95849,0.01921
866.02970,0.01877
864.10090,0.01855
862.17210,0.01836
860.24331,0.01802
858.31451,0.01759
856.38571,0.01718
854.45692,0.01684
852.52812,0.01659
850.59932,0.01630
848.67053,0.01589
846.74173,0.01551
844.81293,0.01520
842.88414,0.01479
840.95534,0.01431
839.02654,0.01397
837.09775,0.01377
835.16895,0.01351
833.24015,0.01324
831.31136,0.01304
829.38256,0.01284
827.45376,0.01266
825.52497,0.01262
823.59617,0.01279
821.66737,0.01309
819.73858,0.01333
817.80978,0.01348
815.88098,0.01367
813.95219,0.01396
812.02339,0.01432
810.09459,0.01482
808.16580,0.01548
806.23700,0.01613
804.30820,0.01680
802.37941,0.01771
800.45061,0.01881
798.52181,0.01994
796.59302,0.02112
794.66422,0.02237
792.73542,0.02364
790.80663,0.02497
788.87783,0.02629
786.94903,0.02735
785.02024,0.02787
783.09144,0.02760
781.16264,0.02653
779.23385,0.02491
777.30505,0.02294
775.37625,0.02099
773.44746,0.01960
771.51866,0.01877
769.58986,0.01803
767.66107,0.01718
765.73227,0.01658
763.80347,0.01636
761.87468,0.01616
759.94588,0.01584
758.01708,0.01588
756.08829,0.01622
754.15949,0.01633
752.23069,0.01638
750.30190,0.01653
748.37310,0.01636
