3496.90832,0.06232
3494.97953,0.05849
3493.05073,0.05315
3491.12193,0.05069
3489.19314,0.05605
3487.26434,0.06497
3485.33554,0.06804
3483.40675,0.06824
3481.47795,0.07084
3479.54915,0.07261
3477.62036,0.07324
3475.69156,0.07287
3473.76276,0.07051
3471.83397,0.06786
3469.90517,0.06574
3467.97637,0.06622
3466.04758,0.07104
3464.11878,0.07617
3462.18998,0.07496
3460.26119,0.06874
3458.33239,0.06359
3456.40359,0.06020
3454.47480,0.05943
3452.54600,0.06032
3450.61721,0.05669
3448.68841,0.04923
3446.75961,0.04692
3444.83082,0.05191
3442.90202,0.05603
3440.97322,0.05581
3439.04443,0.05372
3437.11563,0.04801
3435.18683,0.03958
3433.25804,0.03633
3431.32924,0.03998
3429.40044,0.04706
3427.47165,0.05743
3425.54285,0.06840
3423.61405,0.07414
3421.68526,0.06859
3419.75646,0.05398
3417.82766,0.04118
3415.89887,0.03532
3413.97007,0.03600
3412.04127,0.03876
3410.11248,0.03673
3408.18368,0.03191
3406.25488,0.02765
3404.32609,0.02312
3402.39729,0.02292
3400.46849,0.03160
3398.53970,0.04068
3396.61090,0.03730
3394.68210,0.02777
3392.75331,0.02759
3390.82451,0.03431
3388.89571,0.03968
3386.96692,0.04376
3385.03812,0.04512
3383.10932,0.04433
3381.18053,0.04815
3379.25173,0.05635
3377.32293,0.06017
3375.39414,0.05618
3373.46534,0.05298
3371.53654,0.05567
3369.60775,0.05910
3367.67895,0.06271
3365.75015,0.06702
3363.82136,0.06786
3361.89256,0.06486
3359.96376,0.06014
3358.03497,0.05647
3356.10617,0.05651
3354.17737,0.05734
3352.24858,0.05769
3350.31978,0.06201
3348.39098,0.06539
3346.46219,0.05800
3344.53339,0.04759
3342.60459,0.04619
3340.67580,0.05176
3338.74700,0.05557
3336.81820,0.05193
3334.88941,0.04628
3332.96061,0.04797
3331.03181,0.05557
3329.10302,0.06095
3327.17422,0.05873
3325.24542,0.05122
3323.31663,0.04445
3321.38783,0.04244
3319.45903,0.04551
3317.53024,0.04862
3315.60144,0.04873
3313.67264,0.04911
3311.74385,0.04896
3309.81505,0.04591
3307.88625,0.04500
3305.95746,0.04559
3304.02866,0.04056
3302.09986,0.03335
3300.17107,0.03090
3298.24227,0.02918
3296.31347,0.02664
3294.38468,0.02674
3292.45588,0.02458
3290.52708,0.02104
3288.59829,0.02460
3286.66949,0.03061
3284.74069,0.03144
3282.81190,0.02984
3280.88310,0.02924
3278.95430,0.03038
3277.02551,0.03331
3275.09671,0.03830
3273.16791,0.04310
3271.23912,0.04073
3269.31032,0.02977
3267.38152,0.01945
3265.45273,0.01742
3263.52393,0.02205
3261.59513,0.02856
3259.66634,0.03282
3257.73754,0.03281
3255.80874,0.03148
3253.87995,0.03186
3251.95115,0.03327
3250.02235,0.03487
3248.09356,0.03543
3246.16476,0.03447
3244.23596,0.03353
3242.30717,0.03169
3240.37837,0.03041
3238.44957,0.03268
3236.52078,0.03477
3234.59198,0.03463
3232.66318,0.03636
3230.73439,0.03994
3228.80559,0.03759
3226.87679,0.02741
3224.94800,0.01919
3223.01920,0.01966
3221.09040,0.02653
3219.16161,0.03537
3217.23281,0.04334
3215.30401,0.04833
3213.37522,0.04930
3211.44642,0.04906
3209.51762,0.05018
3207.58883,0.05072
3205.66003,0.04941
3203.73123,0.04791
3201.80244,0.04642
3199.87364,0.04336
3197.94484,0.03995
3196.01605,0.03838
3194.08725,0.03782
3192.15845,0.03689
3190.22966,0.03835
3188.30086,0.04358
3186.37206,0.04638
3184.44327,0.04434
3182.51447,0.04221
3180.58567,0.04123
3178.65688,0.04093
3176.72808,0.04101
3174.79928,0.03891
3172.87049,0.03498
3170.94169,0.03285
3169.01289,0.03279
3167.08410,0.03276
3165.15530,0.03381
3163.22650,0.03653
3161.29771,0.03729
3159.36891,0.03369
3157.44011,0.02960
3155.51132,0.03078
3153.58252,0.03540
3151.65372,0.03658
3149.72493,0.03320
3147.79613,0.03041
3145.86733,0.03146
3143.93854,0.03339
3142.00974,0.03349
3140.08094,0.03320
3138.15215,0.03273
3136.22335,0.03105
3134.29455,0.02974
3132.36576,0.03076
3130.43696,0.03299
3128.50816,0.03373
3126.57937,0.03250
3124.65057,0.03195
3122.72177,0.03412
3120.79298,0.03644
3118.86418,0.03588
3116.93538,0.03408
3115.00659,0.03270
3113.07779,0.03152
3111.14899,0.03094
3109.22020,0.03038
3107.29140,0.02958
3105.36260,0.02969
3103.43381,0.03015
3101.50501,0.03026
3099.57621,0.03056
3097.64742,0.03018
3095.71862,0.02848
3093.78982,0.02696
3091.86103,0.02627
3089.93223,0.02621
3088.00344,0.02686
3086.07464,0.02781
3084.14584,0.02877
3082.21705,0.02933
3080.28825,0.02937
3078.35945,0.02923
3076.43066,0.02878
3074.50186,0.02855
3072.57306,0.02914
3070.64427,0.03026
3068.71547,0.03093
3066.78667,0.03042
3064.85788,0.02971
3062.92908,0.02979
3061.00028,0.03019
3059.07149,0.03039
3057.14269,0.03042
3055.21389,0.03053
3053.28510,0.03079
3051.35630,0.03098
3049.42750,0.03061
3047.49871,0.02963
3045.56991,0.02899
3043.64111,0.02939
3041.71232,0.03033
3039.78352,0.03058
3037.85472,0.03018
3035.92593,0.03048
3033.99713,0.03105
3032.06833,0.03087
3030.13954,0.03081
3028.21074,0.03190
3026.28194,0.03341
3024.35315,0.03389
3022.42435,0.03332
3020.49555,0.03259
3018.56676,0.03231
3016.63796,0.03275
3014.70916,0.03345
3012.78037,0.03373
3010.85157,0.03394
3008.92277,0.03435
3006.99398,0.03450
3005.06518,0.03447
3003.13638,0.03421
3001.20759,0.03339
2999.27879,0.03256
2997.34999,0.03203
2995.42120,0.03204
2993.49240,0.03274
2991.56360,0.03350
2989.63481,0.03412
2987.70601,0.03435
2985.77721,0.03389
2983.84842,0.03361
2981.91962,0.03409
2979.99082,0.03453
2978.06203,0.03437
2976.13323,0.03425
2974.20443,0.03441
2972.27564,0.03479
2970.34684,0.03566
2968.41804,0.03641
2966.48925,0.03641
2964.56045,0.03635
2962.63165,0.03677
2960.70286,0.03725
2958.77406,0.03767
2956.84526,0.03826
2954.91647,0.03864
2952.98767,0.03848
2951.05887,0.03821
2949.13008,0.03818
2947.20128,0.03816
2945.27248,0.03810
2943.34369,0.03819
2941.41489,0.03831
2939.48609,0.03834
2937.55730,0.03844
2935.62850,0.03886
2933.69970,0.03946
2931.77091,0.03994
2929.84211,0.04022
2927.91331,0.04032
2925.98452,0.04024
2924.05572,0.04022
2922.12692,0.04065
2920.19813,0.04150
2918.26933,0.04226
2916.34053,0.04235
2914.41174,0.04175
2912.48294,0.04101
2910.55414,0.04040
2908.62535,0.03967
2906.69655,0.03887
2904.76775,0.03837
2902.83896,0.03827
2900.91016,0.03840
2898.98136,0.03862
2897.05257,0.03860
2895.12377,0.03813
2893.19497,0.03779
2891.26618,0.03800
2889.33738,0.03839
2887.40858,0.03846
2885.47979,0.03813
2883.55099,0.03792
2881.62219,0.03836
2879.69340,0.03896
2877.76460,0.03909
2875.83580,0.03897
2873.90701,0.03903
2871.97821,0.03931
2870.04941,0.03960
2868.12062,0.03989
2866.19182,0.04028
2864.26302,0.04072
2862.33423,0.04111
2860.40543,0.04146
2858.47663,0.04178
2856.54784,0.04182
2854.61904,0.04162
2852.69024,0.04155
2850.76145,0.04158
2848.83265,0.04157
2846.90385,0.04161
2844.97506,0.04159
2843.04626,0.04136
2841.11746,0.04101
2839.18867,0.04079
2837.25987,0.04072
2835.33107,0.04073
2833.40228,0.04082
2831.47348,0.04094
2829.54468,0.04104
2827.61589,0.04116
2825.68709,0.04136
2823.75829,0.04158
2821.82950,0.04176
2819.90070,0.04186
2817.97190,0.04178
2816.04311,0.04163
2814.11431,0.04170
2812.18551,0.04180
2810.25672,0.04160
2808.32792,0.04119
2806.39912,0.04081
2804.47033,0.04058
2802.54153,0.04045
2800.61273,0.04037
2798.68394,0.04025
2796.75514,0.04006
2794.82634,0.03985
2792.89755,0.03962
2790.96875,0.03939
2789.03995,0.03933
2787.11116,0.03947
2785.18236,0.03958
2783.25356,0.03943
2781.32477,0.03900
2779.39597,0.03855
2777.46717,0.03834
2775.53838,0.03829
2773.60958,0.03826
2771.68078,0.03829
2769.75199,0.03848
2767.82319,0.03873
2765.89439,0.03883
2763.96560,0.03870
2762.03680,0.03828
2760.10800,0.03775
2758.17921,0.03751
2756.25041,0.03755
2754.32161,0.03741
2752.39282,0.03705
2750.46402,0.03691
2748.53522,0.03712
2746.60643,0.03736
2744.67763,0.03738
2742.74883,0.03732
2740.82004,0.03738
2738.89124,0.03735
2736.96244,0.03718
2735.03365,0.03715
2733.10485,0.03725
2731.17605,0.03732
2729.24726,0.03740
2727.31846,0.03752
2725.38967,0.03751
2723.46087,0.03740
2721.53207,0.03745
2719.60328,0.03757
2717.67448,0.03766
2715.74568,0.03777
2713.81689,0.03783
2711.88809,0.03769
2709.95929,0.03735
2708.03050,0.03700
2706.10170,0.03687
2704.17290,0.03698
2702.24411,0.03706
2700.31531,0.03695
2698.38651,0.03680
2696.45772,0.03672
2694.52892,0.03671
2692.60012,0.03677
2690.67133,0.03679
2688.74253,0.03680
2686.81373,0.03684
2684.88494,0.03694
2682.95614,0.03717
2681.02734,0.03738
2679.09855,0.03747
2677.16975,0.03748
2675.24095,0.03732
2673.31216,0.03705
2671.38336,0.03680
2669.45456,0.03673
2667.52577,0.03681
2665.59697,0.03687
2663.66817,0.03681
2661.73938,0.03667
2659.81058,0.03651
2657.88178,0.03645
2655.95299,0.03644
2654.02419,0.03643
2652.09539,0.03654
2650.16660,0.03668
2648.23780,0.03664
2646.30900,0.03659
2644.38021,0.03675
2642.45141,0.03699
2640.52261,0.03704
2638.59382,0.03686
2636.66502,0.03676
2634.73622,0.03696
2632.80743,0.03728
2630.87863,0.03750
2628.94983,0.03762
2627.02104,0.03768
2625.09224,0.03775
2623.16344,0.03784
2621.23465,0.03784
2619.30585,0.03775
2617.37705,0.03770
2615.44826,0.03775
2613.51946,0.03785
2611.59066,0.03782
2609.66187,0.03762
2607.73307,0.03732
2605.80427,0.03706
2603.87548,0.03716
2601.94668,0.03751
2600.01788,0.03752
2598.08909,0.03738
2596.16029,0.03766
2594.23149,0.03803
2592.30270,0.03806
2590.37390,0.03811
2588.44510,0.03825
2586.51631,0.03808
2584.58751,0.03778
2582.65871,0.03759
2580.72992,0.03728
2578.80112,0.03713
2576.87232,0.03758
2574.94353,0.03812
2573.01473,0.03811
2571.08593,0.03792
2569.15714,0.03802
2567.22834,0.03816
2565.29954,0.03790
2563.37075,0.03733
2561.44195,0.03697
2559.51315,0.03696
2557.58436,0.03707
2555.65556,0.03726
2553.72676,0.03724
2551.79797,0.03692
2549.86917,0.03683
2547.94037,0.03712
2546.01158,0.03720
2544.08278,0.03702
2542.15398,0.03693
2540.22519,0.03688
2538.29639,0.03671
2536.36759,0.03664
2534.43880,0.03701
2532.51000,0.03752
2530.58120,0.03765
2528.65241,0.03739
2526.72361,0.03710
2524.79481,0.03689
2522.86602,0.03668
2520.93722,0.03658
2519.00842,0.03678
2517.07963,0.03695
2515.15083,0.03664
2513.22203,0.03605
2511.29324,0.03569
2509.36444,0.03568
2507.43564,0.03581
2505.50685,0.03595
2503.57805,0.03597
2501.64925,0.03570
2499.72046,0.03540
2497.79166,0.03524
2495.86286,0.03503
2493.93407,0.03494
2492.00527,0.03523
2490.07647,0.03565
2488.14768,0.03594
2486.21888,0.03605
2484.29008,0.03606
2482.36129,0.03609
2480.43249,0.03622
2478.50369,0.03642
2476.57490,0.03647
2474.64610,0.03627
2472.71730,0.03588
2470.78851,0.03559
2468.85971,0.03554
2466.93091,0.03554
2465.00212,0.03557
2463.07332,0.03561
2461.14452,0.03547
2459.21573,0.03520
2457.28693,0.03511
2455.35813,0.03504
2453.42934,0.03470
2451.50054,0.03428
2449.57174,0.03406
2447.64295,0.03408
2445.71415,0.03413
2443.78535,0.03397
2441.85656,0.03377
2439.92776,0.03388
2437.99896,0.03412
2436.07017,0.03400
2434.14137,0.03385
2432.21257,0.03413
2430.28378,0.03447
2428.35498,0.03450
2426.42618,0.03452
2424.49739,0.03465
2422.56859,0.03440
2420.63979,0.03367
2418.71100,0.03300
2416.78220,0.03283
2414.85340,0.03290
2412.92461,0.03256
2410.99581,0.03202
2409.06701,0.03188
2407.13822,0.03196
2405.20942,0.03182
2403.28062,0.03156
2401.35183,0.03133
2399.42303,0.03092
2397.49423,0.03042
2395.56544,0.03019
2393.63664,0.03035
2391.70784,0.03075
2389.77905,0.03154
2387.85025,0.03352
2385.92145,0.03754
2383.99266,0.04404
2382.06386,0.05328
2380.13506,0.06507
2378.20627,0.07844
2376.27747,0.09249
2374.34867,0.10695
2372.41988,0.12170
2370.49108,0.13633
2368.56228,0.15000
2366.63349,0.16207
2364.70469,0.17190
2362.77589,0.17840
2360.84710,0.18109
2358.91830,0.17926
2356.98951,0.17134
2355.06071,0.15748
2353.13191,0.13946
2351.20312,0.12169
2349.27432,0.11253
2347.34552,0.11689
2345.41673,0.12970
2343.48793,0.13879
2341.55913,0.14045
2339.63034,0.13879
2337.70154,0.13605
2335.77274,0.13352
2333.84395,0.13241
2331.91515,0.13221
2329.98635,0.13018
2328.05756,0.12565
2326.12876,0.12124
2324.19996,0.11827
2322.27117,0.11456
2320.34237,0.10768
2318.41357,0.09878
2316.48478,0.09114
2314.55598,0.08638
2312.62718,0.08287
2310.69839,0.07844
2308.76959,0.07294
2306.84079,0.06704
2304.91200,0.06139
2302.98320,0.05685
2301.05440,0.05346
2299.12561,0.05038
2297.19681,0.04753
2295.26801,0.04531
2293.33922,0.04330
2291.41042,0.04105
2289.48162,0.03897
2287.55283,0.03742
2285.62403,0.03635
2283.69523,0.03577
2281.76644,0.03571
2279.83764,0.03601
2277.90884,0.03660
2275.98005,0.03717
2274.05125,0.03741
2272.12245,0.03787
2270.19366,0.03882
2268.26486,0.03950
2266.33606,0.03953
2264.40727,0.03924
2262.47847,0.03914
2260.54967,0.03963
2258.62088,0.04044
2256.69208,0.04077
2254.76328,0.04010
2252.83449,0.03890
2250.90569,0.03812
2248.97689,0.03805
2247.04810,0.03839
2245.11930,0.03911
2243.19050,0.04025
2241.26171,0.04103
2239.33291,0.04080
2237.40411,0.04009
2235.47532,0.04003
2233.54652,0.04085
2231.61772,0.04168
2229.68893,0.04208
2227.76013,0.04204
2225.83133,0.04150
2223.90254,0.04168
2221.97374,0.04310
2220.04494,0.04403
2218.11615,0.04402
2216.18735,0.04387
2214.25855,0.04325
2212.32976,0.04235
2210.40096,0.04232
2208.47216,0.04332
2206.54337,0.04437
2204.61457,0.04491
2202.68577,0.04520
2200.75698,0.04590
2198.82818,0.04728
2196.89938,0.04829
2194.97059,0.04807
2193.04179,0.04787
2191.11299,0.04854
2189.18420,0.04893
2187.25540,0.04888
2185.32660,0.04917
2183.39781,0.04982
2181.46901,0.05168
2179.54021,0.05380
2177.61142,0.05340
2175.68262,0.05144
2173.75382,0.05021
2171.82503,0.05025
2169.89623,0.05132
2167.96743,0.05273
2166.03864,0.05438
2164.10984,0.05674
2162.18104,0.06065
2160.25225,0.06594
2158.32345,0.06776
2156.39465,0.06269
2154.46586,0.05584
2152.53706,0.05166
2150.60826,0.04904
2148.67947,0.04626
2146.75067,0.04356
2144.82187,0.04163
2142.89308,0.04019
2140.96428,0.03838
2139.03548,0.03687
2137.10669,0.03613
2135.17789,0.03501
2133.24909,0.03373
2131.32030,0.03326
2129.39150,0.03308
2127.46270,0.03226
2125.53391,0.03089
2123.60511,0.02952
2121.67631,0.02817
2119.74752,0.02696
2117.81872,0.02649
2115.88992,0.02665
2113.96113,0.02688
2112.03233,0.02723
2110.10353,0.02765
2108.17474,0.02776
2106.24594,0.02757
2104.31714,0.02755
2102.38835,0.02799
2100.45955,0.02835
2098.53075,0.02779
2096.60196,0.02685
2094.67316,0.02661
2092.74436,0.02646
2090.81557,0.02596
2088.88677,0.02605
2086.95797,0.02701
2085.02918,0.02787
2083.10038,0.02834
2081.17158,0.02894
2079.24279,0.02939
2077.31399,0.02942
2075.38519,0.02964
2073.45640,0.03004
2071.52760,0.03014
2069.59880,0.03008
2067.67001,0.03025
2065.74121,0.03049
2063.81241,0.03063
2061.88362,0.03057
2059.95482,0.03009
2058.02602,0.02972
2056.09723,0.02997
2054.16843,0.03069
2052.23963,0.03182
2050.31084,0.03354
2048.38204,0.03562
2046.45324,0.03725
2044.52445,0.03834
2042.59565,0.03943
2040.66685,0.04067
2038.73806,0.04129
2036.80926,0.04082
2034.88046,0.04051
2032.95167,0.04076
2031.02287,0.04035
2029.09407,0.03912
2027.16528,0.03802
2025.23648,0.03841
2023.30768,0.04035
2021.37889,0.04089
2019.45009,0.03886
2017.52129,0.03769
2015.59250,0.03872
2013.66370,0.03896
2011.73490,0.03727
2009.80611,0.03591
2007.87731,0.03540
2005.94851,0.03358
2004.01972,0.03112
2002.09092,0.03067
2000.16212,0.03195
1998.23333,0.03288
1996.30453,0.03259
1994.37574,0.03211
1992.44694,0.03250
1990.51814,0.03246
1988.58935,0.03118
1986.66055,0.03019
1984.73175,0.03023
1982.80296,0.03160
1980.87416,0.03427
1978.94536,0.03585
1977.01657,0.03499
1975.08777,0.03436
1973.15897,0.03414
1971.23018,0.03206
1969.30138,0.02994
1967.37258,0.03023
1965.44379,0.03125
1963.51499,0.03096
1961.58619,0.02996
1959.65740,0.02923
1957.72860,0.02847
1955.79980,0.02738
1953.87101,0.02635
1951.94221,0.02565
1950.01341,0.02524
1948.08462,0.02492
1946.15582,0.02476
1944.22702,0.02519
1942.29823,0.02554
1940.36943,0.02482
1938.44063,0.02344
1936.51184,0.02254
1934.58304,0.02262
1932.65424,0.02269
1930.72545,0.02224
1928.79665,0.02206
1926.86785,0.02245
1924.93906,0.02288
1923.01026,0.02266
1921.08146,0.02222
1919.15267,0.02232
1917.22387,0.02206
1915.29507,0.02103
1913.36628,0.02045
1911.43748,0.02061
1909.50868,0.02063
1907.57989,0.02012
1905.65109,0.01950
1903.72229,0.01927
1901.79350,0.01943
1899.86470,0.01974
1897.93590,0.02019
1896.00711,0.02065
1894.07831,0.02096
1892.14951,0.02145
1890.22072,0.02196
1888.29192,0.02168
1886.36312,0.02088
1884.43433,0.02048
1882.50553,0.02057
1880.57673,0.02063
1878.64794,0.02039
1876.71914,0.02005
1874.79034,0.01991
1872.86155,0.02035
1870.93275,0.02148
1869.00395,0.02223
1867.07516,0.02140
1865.14636,0.01995
1863.21756,0.01908
1861.28877,0.01870
1859.35997,0.01852
1857.43117,0.01841
1855.50238,0.01830
1853.57358,0.01838
1851.64478,0.01875
1849.71599,0.01940
1847.78719,0.02036
1845.85839,0.02160
1843.92960,0.02205
1842.00080,0.02115
1840.07200,0.02039
1838.14321,0.02035
1836.21441,0.02031
1834.28561,0.02034
1832.35682,0.02118
1830.42802,0.02215
1828.49922,0.02205
1826.57043,0.02150
1824.64163,0.02078
1822.71283,0.01959
1820.78404,0.01866
1818.85524,0.01841
1816.92644,0.01841
1814.99765,0.01846
1813.06885,0.01883
1811.14005,0.01919
1809.21126,0.01899
1807.28246,0.01848
1805.35366,0.01848
1803.42487,0.01932
1801.49607,0.02029
1799.56727,0.02046
1797.63848,0.02023
1795.70968,0.02078
1793.78088,0.02217
1791.85209,0.02263
1789.92329,0.02132
1787.99449,0.02028
1786.06570,0.02040
1784.13690,0.02075
1782.20810,0.02094
1780.27931,0.02088
1778.35051,0.02051
1776.42171,0.02066
1774.49292,0.02188
1772.56412,0.02295
1770.63532,0.02241
1768.70653,0.02094
1766.77773,0.01947
1764.84893,0.01891
1762.92014,0.01942
1760.99134,0.01967
1759.06254,0.01944
1757.13375,0.01930
1755.20495,0.01924
1753.27615,0.02018
1751.34736,0.02217
1749.41856,0.02308
1747.48976,0.02236
1745.56097,0.02163
1743.63217,0.02157
1741.70337,0.02190
1739.77458,0.02197
1737.84578,0.02216
1735.91698,0.02361
1733.98819,0.02495
1732.05939,0.02365
1730.13059,0.02148
1728.20180,0.01988
1726.27300,0.01905
1724.34420,0.01904
1722.41541,0.01964
1720.48661,0.02163
1718.55781,0.02495
1716.62902,0.02657
1714.70022,0.02534
1712.77142,0.02392
1710.84263,0.02407
1708.91383,0.02613
1706.98503,0.02980
1705.05624,0.03393
1703.12744,0.03849
1701.19864,0.04516
1699.26985,0.05229
1697.34105,0.05803
1695.41225,0.06423
1693.48346,0.07079
1691.55466,0.07890
1689.62586,0.09008
1687.69707,0.10280
1685.76827,0.11818
1683.83947,0.13648
1681.91068,0.15023
1679.98188,0.16080
1678.05308,0.17297
1676.12429,0.18764
1674.19549,0.20248
1672.26669,0.21478
1670.33790,0.22612
1668.40910,0.23566
1666.48030,0.24173
1664.55151,0.24712
1662.62271,0.25221
1660.69391,0.25498
1658.76512,0.25650
1656.83632,0.25926
1654.90752,0.26408
1652.97873,0.26709
1651.04993,0.26581
1649.12113,0.26681
1647.19234,0.27150
1645.26354,0.27690
1643.33474,0.28296
1641.40595,0.29242
1639.47715,0.30564
1637.54835,0.32292
1635.61956,0.34425
1633.69076,0.36298
1631.76197,0.37790
1629.83317,0.39364
1627.90437,0.40963
1625.97558,0.42266
1624.04678,0.43197
1622.11798,0.43683
1620.18919,0.43800
1618.26039,0.43769
1616.33159,0.43503
1614.40280,0.43092
1612.47400,0.42890
1610.54520,0.42986
1608.61641,0.43349
1606.68761,0.43948
1604.75881,0.44777
1602.83002,0.45773
1600.90122,0.46797
1598.97242,0.47724
1597.04363,0.48459
1595.11483,0.48898
1593.18603,0.48916
1591.25724,0.48488
1589.32844,0.47616
1587.39964,0.46322
1585.47085,0.44684
1583.54205,0.42791
1581.61325,0.40773
1579.68446,0.38837
1577.75566,0.36827
1575.82686,0.34336
1573.89807,0.32008
1571.96927,0.30213
1570.04047,0.28373
1568.11168,0.26443
1566.18288,0.24787
1564.25408,0.23433
1562.32529,0.22503
1560.39649,0.21788
1558.46769,0.20484
1556.53890,0.18973
1554.61010,0.17848
1552.68130,0.16934
1550.75251,0.16158
1548.82371,0.15475
1546.89491,0.14978
1544.96612,0.14700
1543.03732,0.14514
1541.10852,0.14206
1539.17973,0.13482
1537.25093,0.12755
1535.32213,0.12370
1533.39334,0.12058
1531.46454,0.11642
1529.53574,0.11335
1527.60695,0.11183
1525.67815,0.11054
1523.74935,0.10956
1521.82056,0.10842
1519.89176,0.10592
1517.96296,0.10312
1516.03417,0.10031
1514.10537,0.09775
1512.17657,0.09703
1510.24778,0.09897
1508.31898,0.10241
1506.39018,0.10245
1504.46139,0.09855
1502.53259,0.09697
1500.60379,0.09891
1498.67500,0.10296
1496.74620,0.10705
1494.81740,0.11044
1492.88861,0.11532
1490.95981,0.12340
1489.03101,0.13256
1487.10222,0.14020
1485.17342,0.14794
1483.24462,0.15773
1481.31583,0.16962
1479.38703,0.18266
1477.45823,0.19680
1475.52944,0.21219
1473.60064,0.22768
1471.67184,0.24049
1469.74305,0.24903
1467.81425,0.25641
1465.88545,0.26421
1463.95666,0.26971
1462.02786,0.27207
1460.09906,0.27372
1458.17027,0.27332
1456.24147,0.26535
1454.31267,0.25300
1452.38388,0.24133
1450.45508,0.22987
1448.52628,0.21734
1446.59749,0.20332
1444.66869,0.18958
1442.73989,0.17705
1440.81110,0.16623
1438.88230,0.15738
1436.95350,0.14786
1435.02471,0.13680
1433.09591,0.12753
1431.16711,0.12013
1429.23832,0.11297
1427.30952,0.10653
1425.38072,0.10148
1423.45193,0.09739
1421.52313,0.09449
1419.59433,0.09213
1417.66554,0.08805
1415.73674,0.08304
1413.80794,0.07917
1411.87915,0.07646
1409.95035,0.07425
1408.02155,0.07260
1406.09276,0.07146
1404.16396,0.07001
1402.23516,0.06858
1400.30637,0.06814
1398.37757,0.06810
1396.44877,0.06754
1394.51998,0.06600
1392.59118,0.06372
1390.66238,0.06229
1388.73359,0.06203
1386.80479,0.06125
1384.87599,0.05940
1382.94720,0.05783
1381.01840,0.05701
1379.08960,0.05649
1377.16081,0.05626
1375.23201,0.05616
1373.30321,0.05526
1371.37442,0.05373
1369.44562,0.05264
1367.51682,0.05209
1365.58803,0.05219
1363.65923,0.05284
1361.73043,0.05269
1359.80164,0.05147
1357.87284,0.05047
1355.94404,0.05010
1354.01525,0.04990
1352.08645,0.04971
1350.15765,0.04961
1348.22886,0.04954
1346.30006,0.04948
1344.37126,0.04964
1342.44247,0.05038
1340.51367,0.05137
1338.58487,0.05147
1336.65608,0.05057
1334.72728,0.04963
1332.79848,0.04902
1330.86969,0.04853
1328.94089,0.04806
1327.01209,0.04763
1325.08330,0.04724
1323.15450,0.04692
1321.22570,0.04678
1319.29691,0.04671
1317.36811,0.04647
1315.43931,0.04618
1313.51052,0.04601
1311.58172,0.04584
1309.65292,0.04569
1307.72413,0.04561
1305.79533,0.04556
1303.86653,0.04563
1301.93774,0.04581
1300.00894,0.04604
1298.08014,0.04630
1296.15135,0.04651
1294.22255,0.04657
1292.29375,0.04655
1290.36496,0.04656
1288.43616,0.04659
1286.50736,0.04649
1284.57857,0.04628
1282.64977,0.04608
1280.72097,0.04586
1278.79218,0.04558
1276.86338,0.04530
1274.93458,0.04515
1273.00579,0.04516
1271.07699,0.04517
1269.14820,0.04514
1267.21940,0.04520
1265.29060,0.04540
1263.36181,0.04566
1261.43301,0.04588
1259.50421,0.04602
1257.57542,0.04610
1255.64662,0.04623
1253.71782,0.04646
1251.78903,0.04679
1249.86023,0.04712
1247.93143,0.04741
1246.00264,0.04770
1244.07384,0.04804
1242.14504,0.04833
1240.21625,0.04850
1238.28745,0.04861
1236.35865,0.04869
1234.42986,0.04870
1232.50106,0.04871
1230.57226,0.04879
1228.64347,0.04890
1226.71467,0.04895
1224.78587,0.04897
1222.85708,0.04907
1220.92828,0.04934
1218.99948,0.04972
1217.07069,0.05018
1215.14189,0.05068
1213.21309,0.05126
1211.28430,0.05198
1209.35550,0.05282
1207.42670,0.05371
1205.49791,0.05468
1203.56911,0.05572
1201.64031,0.05684
1199.71152,0.05812
1197.78272,0.05959
1195.85392,0.06117
1193.92513,0.06281
1191.99633,0.06465
1190.06753,0.06677
1188.13874,0.06909
1186.20994,0.07150
1184.28114,0.07401
1182.35235,0.07679
1180.42355,0.08003
1178.49475,0.08376
1176.56596,0.08788
1174.63716,0.09228
1172.70836,0.09693
1170.77957,0.10183
1168.85077,0.10685
1166.92197,0.11183
1164.99318,0.11655
1163.06438,0.12075
1161.13558,0.12407
1159.20679,0.12623
1157.27799,0.12716
1155.34919,0.12682
1153.42040,0.12524
1151.49160,0.12261
1149.56280,0.11908
1147.63401,0.11484
1145.70521,0.11015
1143.77641,0.10527
1141.84762,0.10039
1139.91882,0.09562
1137.99002,0.09103
1136.06123,0.08669
1134.13243,0.08267
1132.20363,0.07903
1130.27484,0.07585
1128.34604,0.07309
1126.41724,0.07062
1124.48845,0.06846
1122.55965,0.06662
1120.63085,0.06511
1118.70206,0.06387
1116.77326,0.06281
1114.84446,0.06195
1112.91567,0.06130
1110.98687,0.06075
1109.05807,0.06030
1107.12928,0.06001
1105.20048,0.05987
1103.27168,0.05979
1101.34289,0.05973
1099.41409,0.05973
1097.48529,0.05979
1095.55650,0.05990
1093.62770,0.06004
1091.69890,0.06020
1089.77011,0.06042
1087.84131,0.06067
1085.91251,0.06081
1083.98372,0.06088
1082.05492,0.06100
1080.12612,0.06119
1078.19733,0.06142
1076.26853,0.06170
1074.33973,0.06205
1072.41094,0.06246
1070.48214,0.06284
1068.55334,0.06310
1066.62455,0.06328
1064.69575,0.06350
1062.76695,0.06364
1060.83816,0.06351
1058.90936,0.06321
1056.98056,0.06294
1055.05177,0.06262
1053.12297,0.06214
1051.19417,0.06160
1049.26538,0.06104
1047.33658,0.06049
1045.40778,0.05994
1043.47899,0.05930
1041.55019,0.05847
1039.62139,0.05751
1037.69260,0.05662
1035.76380,0.05577
1033.83500,0.05483
1031.90621,0.05388
1029.97741,0.05303
1028.04861,0.05223
1026.11982,0.05146
1024.19102,0.05087
1022.26222,0.05047
1020.33343,0.05010
1018.40463,0.04974
1016.47583,0.04953
1014.54704,0.04950
1012.61824,0.04951
1010.68944,0.04943
1008.76065,0.04918
1006.83185,0.04881
1004.90305,0.04833
1002.97426,0.04776
1001.04546,0.04720
999.11666,0.04676
997.18787,0.04640
995.25907,0.04601
993.33027,0.04552
991.40148,0.04500
989.47268,0.04451
987.54388,0.04393
985.61509,0.04325
983.68629,0.04260
981.75749,0.04198
979.82870,0.04130
977.89990,0.04056
975.97110,0.03987
974.04231,0.03932
972.11351,0.03884
970.18471,0.03840
968.25592,0.03813
966.32712,0.03810
964.39832,0.03815
962.46953,0.03814
960.54073,0.03800
958.61193,0.03772
956.68314,0.03736
954.75434,0.03707
952.82554,0.03697
950.89675,0.03696
948.96795,0.03675
947.03915,0.03634
945.11036,0.03590
943.18156,0.03540
941.25276,0.03478
939.32397,0.03407
937.39517,0.03335
935.46637,0.03266
933.53758,0.03195
931.60878,0.03119
929.67998,0.03046
927.75119,0.02988
925.82239,0.02943
923.89359,0.02888
921.96480,0.02818
920.03600,0.02754
918.10720,0.02711
916.17841,0.02680
914.24961,0.02655
912.32081,0.02639
910.39202,0.02630
908.46322,0.02615
906.53443,0.02585
904.60563,0.02556
902.67683,0.02540
900.74804,0.02531
898.81924,0.02509
896.89044,0.02464
894.96165,0.02406
893.03285,0.02345
891.10405,0.02278
889.17526,0.02203
887.24646,0.02119
885.31766,0.02025
883.38887,0.01929
881.46007,0.01847
879.53127,0.01777
877.60248,0.01716
875.67368,0.01664
873.74488,0.01619
871.81609,0.01580
869.88729,0.01546
867.95849,0.01512
866.02970,0.01490
864.10090,0.01493
862.17210,0.01501
860.24331,0.01496
858.31451,0.01484
856.38571,0.01473
854.45692,0.01470
852.52812,0.01476
850.59932,0.01473
848.67053,0.01451
846.74173,0.01424
844.81293,0.01399
842.88414,0.01361
840.95534,0.01315
839.02654,0.01279
837.09775,0.01242
835.16895,0.01195
833.24015,0.01152
831.31136,0.01118
829.38256,0.01086
827.45376,0.01052
825.52497,0.01025
823.59617,0.01027
821.66737,0.01058
819.73858,0.01090
817.80978,0.01117
815.88098,0.01153
813.95219,0.01197
812.02339,0.01234
810.09459,0.01274
808.16580,0.01343
806.23700,0.01427
804.30820,0.01511
802.37941,0.01601
800.45061,0.01688
798.52181,0.01773
796.59302,0.01866
794.66422,0.01957
792.73542,0.02039
790.80663,0.02115
788.87783,0.02179
786.94903,0.02216
785.02024,0.02211
783.09144,0.02160
781.16264,0.02067
779.23385,0.01946
777.30505,0.01811
775.37625,0.01678
773.44746,0.01576
771.51866,0.01510
769.58986,0.01460
767.66107,0.01426
765.73227,0.01434
763.80347,0.01458
761.87468,0.01457
759.94588,0.01443
758.01708,0.01451
756.08829,0.01483
754.15949,0.01522
752.23069,0.01567
750.30190,0.01598
748.37310,0.01584
