3496.90832,0.08496
3494.97953,0.08011
3493.05073,0.07507
3491.12193,0.07550
3489.19314,0.07995
3487.26434,0.08323
3485.33554,0.08111
3483.40675,0.07844
3481.47795,0.08111
3479.54915,0.08471
3477.62036,0.08496
3475.69156,0.08430
3473.76276,0.08450
3471.83397,0.08265
3469.90517,0.07796
3467.97637,0.07536
3466.04758,0.07607
3464.11878,0.07790
3462.18998,0.08032
3460.26119,0.08122
3458.33239,0.07886
3456.40359,0.07465
3454.47480,0.07280
3452.54600,0.07272
3450.61721,0.06964
3448.68841,0.06918
3446.75961,0.07768
3444.83082,0.08463
3442.90202,0.08218
3440.97322,0.07689
3439.04443,0.07192
3437.11563,0.06512
3435.18683,0.05926
3433.25804,0.05720
3431.32924,0.05815
3429.40044,0.06450
3427.47165,0.07507
3425.54285,0.08244
3423.61405,0.08422
3421.68526,0.07951
3419.75646,0.07255
3417.82766,0.07243
3415.89887,0.07343
3413.97007,0.06670
3412.04127,0.05841
3410.11248,0.05542
3408.18368,0.05663
3406.25488,0.05700
3404.32609,0.05361
3402.39729,0.05266
3400.46849,0.05905
3398.53970,0.06412
3396.61090,0.05847
3394.68210,0.05389
3392.75331,0.06264
3390.82451,0.07173
3388.89571,0.07135
3386.96692,0.06801
3385.03812,0.06365
3383.10932,0.06051
3381.18053,0.06348
3379.25173,0.07161
3377.32293,0.08002
3375.39414,0.07924
3373.46534,0.06951
3371.53654,0.06321
3369.60775,0.06363
3367.67895,0.06982
3365.75015,0.07759
3363.82136,0.07767
3361.89256,0.07155
3359.96376,0.06379
3358.03497,0.05564
3356.10617,0.05511
3354.17737,0.06533
3352.24858,0.07684
3350.31978,0.08405
3348.39098,0.08868
3346.46219,0.08914
3344.53339,0.08299
3342.60459,0.07386
3340.67580,0.06851
3338.74700,0.06705
3336.81820,0.06520
3334.88941,0.06671
3332.96061,0.07186
3331.03181,0.07334
3329.10302,0.07470
3327.17422,0.07772
3325.24542,0.07500
3323.31663,0.06557
3321.38783,0.05808
3319.45903,0.06029
3317.53024,0.06592
3315.60144,0.06323
3313.67264,0.05581
3311.74385,0.05345
3309.81505,0.05573
3307.88625,0.05926
3305.95746,0.06260
3304.02866,0.06347
3302.09986,0.05940
3300.17107,0.05176
3298.24227,0.04694
3296.31347,0.04859
3294.38468,0.05337
3292.45588,0.05497
3290.52708,0.05002
3288.59829,0.04310
3286.66949,0.04002
3284.74069,0.04055
3282.81190,0.04205
3280.88310,0.04333
3278.95430,0.04621
3277.02551,0.05236
3275.09671,0.05894
3273.16791,0.06145
3271.23912,0.05681
3269.31032,0.04648
3267.38152,0.04017
3265.45273,0.04125
3263.52393,0.03954
3261.59513,0.03340
3259.66634,0.03327
3257.73754,0.04446
3255.80874,0.05865
3253.87995,0.06039
3251.95115,0.04973
3250.02235,0.04211
3248.09356,0.04492
3246.16476,0.05225
3244.23596,0.05609
3242.30717,0.05578
3240.37837,0.05541
3238.44957,0.05558
3236.52078,0.05423
3234.59198,0.05425
3232.66318,0.05708
3230.73439,0.05672
3228.80559,0.05118
3226.87679,0.04540
3224.94800,0.04292
3223.01920,0.04702
3221.09040,0.05598
3219.16161,0.06259
3217.23281,0.06616
3215.30401,0.06771
3213.37522,0.06506
3211.44642,0.06229
3209.51762,0.06265
3207.58883,0.06213
3205.66003,0.06285
3203.73123,0.06637
3201.80244,0.06417
3199.87364,0.05623
3197.94484,0.05163
3196.01605,0.05118
3194.08725,0.05212
3192.15845,0.05536
3190.22966,0.06117
3188.30086,0.06519
3186.37206,0.06296
3184.44327,0.05791
3182.51447,0.05561
3180.58567,0.05698
3178.65688,0.06031
3176.72808,0.06061
3174.79928,0.05627
3172.87049,0.05194
3170.94169,0.04885
3169.01289,0.04575
3167.08410,0.04395
3165.15530,0.04495
3163.22650,0.04677
3161.29771,0.04633
3159.36891,0.04457
3157.44011,0.04479
3155.51132,0.04749
3153.58252,0.05004
3151.65372,0.05091
3149.72493,0.05025
3147.79613,0.04934
3145.86733,0.04968
3143.93854,0.04894
3142.00974,0.04601
3140.08094,0.04486
3138.15215,0.04629
3136.22335,0.04680
3134.29455,0.04569
3132.36576,0.04561
3130.43696,0.04737
3128.50816,0.04889
3126.57937,0.04873
3124.65057,0.04732
3122.72177,0.04652
3120.79298,0.04755
3118.86418,0.04906
3116.93538,0.04925
3115.00659,0.04763
3113.07779,0.04514
3111.14899,0.04372
3109.22020,0.04377
3107.29140,0.04431
3105.36260,0.04517
3103.43381,0.04627
3101.50501,0.04698
3099.57621,0.04643
3097.64742,0.04410
3095.71862,0.04173
3093.78982,0.04146
3091.86103,0.04197
3089.93223,0.04152
3088.00344,0.04106
3086.07464,0.04181
3084.14584,0.04336
3082.21705,0.04429
3080.28825,0.04438
3078.35945,0.04458
3076.43066,0.04477
3074.50186,0.04511
3072.57306,0.04600
3070.64427,0.04631
3068.71547,0.04531
3066.78667,0.04395
3064.85788,0.04364
3062.92908,0.04455
3061.00028,0.04496
3059.07149,0.04381
3057.14269,0.04297
3055.21389,0.04409
3053.28510,0.04548
3051.35630,0.04550
3049.42750,0.04467
3047.49871,0.04359
3045.56991,0.04320
3043.64111,0.04407
3041.71232,0.04513
3039.78352,0.04565
3037.85472,0.04613
3035.92593,0.04685
3033.99713,0.04717
3032.06833,0.04702
3030.13954,0.04725
3028.21074,0.04816
3026.28194,0.04890
3024.35315,0.04851
3022.42435,0.04756
3020.49555,0.04710
3018.56676,0.04718
3016.63796,0.04748
3014.70916,0.04756
3012.78037,0.04758
3010.85157,0.04819
3008.92277,0.04892
3006.99398,0.04878
3005.06518,0.04813
3003.13638,0.04770
3001.20759,0.04768
2999.27879,0.04779
2997.34999,0.04775
2995.42120,0.04813
2993.49240,0.04893
2991.56360,0.04908
2989.63481,0.04903
2987.70601,0.04948
2985.77721,0.04956
2983.84842,0.04918
2981.91962,0.04927
2979.99082,0.04947
2978.06203,0.04913
2976.13323,0.04900
2974.20443,0.04954
2972.27564,0.04983
2970.34684,0.04944
2968.41804,0.04909
2966.48925,0.04929
2964.56045,0.04993
2962.63165,0.05059
2960.70286,0.05096
2958.77406,0.05134
2956.84526,0.05203
2954.91647,0.05252
2952.98767,0.05235
2951.05887,0.05192
2949.13008,0.05192
2947.20128,0.05239
2945.27248,0.05275
2943.34369,0.05285
2941.41489,0.05279
2939.48609,0.05271
2937.55730,0.05275
2935.62850,0.05284
2933.69970,0.05317
2931.77091,0.05389
2929.84211,0.05458
2927.91331,0.05488
2925.98452,0.05478
2924.05572,0.05461
2922.12692,0.05497
2920.19813,0.05567
2918.26933,0.05586
2916.34053,0.05543
2914.41174,0.05487
2912.48294,0.05428
2910.55414,0.05366
2908.62535,0.05332
2906.69655,0.05326
2904.76775,0.05319
2902.83896,0.05309
2900.91016,0.05309
2898.98136,0.05318
2897.05257,0.05316
2895.12377,0.05302
2893.19497,0.05306
2891.26618,0.05329
2889.33738,0.05328
2887.40858,0.05294
2885.47979,0.05276
2883.55099,0.05305
2881.62219,0.05358
2879.69340,0.05383
2877.76460,0.05364
2875.83580,0.05349
2873.90701,0.05359
2871.97821,0.05363
2870.04941,0.05357
2868.12062,0.05358
2866.19182,0.05367
2864.26302,0.05401
2862.33423,0.05461
2860.40543,0.05510
2858.47663,0.05535
2856.54784,0.05547
2854.61904,0.05544
2852.69024,0.05546
2850.76145,0.05566
2848.83265,0.05589
2846.90385,0.05596
2844.97506,0.05588
2843.04626,0.05568
2841.11746,0.05547
2839.18867,0.05552
2837.25987,0.05575
2835.33107,0.05579
2833.40228,0.05570
2831.47348,0.05576
2829.54468,0.05598
2827.61589,0.05620
2825.68709,0.05623
2823.75829,0.05620
2821.82950,0.05623
2819.90070,0.05613
2817.97190,0.05579
2816.04311,0.05535
2814.11431,0.05510
2812.18551,0.05522
2810.25672,0.05543
2808.32792,0.05528
2806.39912,0.05505
2804.47033,0.05514
2802.54153,0.05514
2800.61273,0.05488
2798.68394,0.05483
2796.75514,0.05492
2794.82634,0.05470
2792.89755,0.05437
2790.96875,0.05437
2789.03995,0.05455
2787.11116,0.05448
2785.18236,0.05413
2783.25356,0.05395
2781.32477,0.05398
2779.39597,0.05386
2777.46717,0.05361
2775.53838,0.05340
2773.60958,0.05314
2771.68078,0.05289
2769.75199,0.05287
2767.82319,0.05305
2765.89439,0.05312
2763.96560,0.05290
2762.03680,0.05255
2760.10800,0.05232
2758.17921,0.05211
2756.25041,0.05191
2754.32161,0.05176
2752.39282,0.05156
2750.46402,0.05152
2748.53522,0.05187
2746.60643,0.05226
2744.67763,0.05228
2742.74883,0.05214
2740.82004,0.05211
2738.89124,0.05212
2736.96244,0.05217
2735.03365,0.05233
2733.10485,0.05246
2731.17605,0.05248
2729.24726,0.05242
2727.31846,0.05237
2725.38967,0.05224
2723.46087,0.05198
2721.53207,0.05189
2719.60328,0.05204
2717.67448,0.05211
2715.74568,0.05203
2713.81689,0.05198
2711.88809,0.05191
2709.95929,0.05171
2708.03050,0.05146
2706.10170,0.05137
2704.17290,0.05148
2702.24411,0.05157
2700.31531,0.05149
2698.38651,0.05143
2696.45772,0.05148
2694.52892,0.05158
2692.60012,0.05169
2690.67133,0.05169
2688.74253,0.05165
2686.81373,0.05168
2684.88494,0.05181
2682.95614,0.05206
2681.02734,0.05229
2679.09855,0.05234
2677.16975,0.05219
2675.24095,0.05196
2673.31216,0.05175
2671.38336,0.05153
2669.45456,0.05130
2667.52577,0.05115
2665.59697,0.05112
2663.66817,0.05115
2661.73938,0.05112
2659.81058,0.05097
2657.88178,0.05079
2655.95299,0.05069
2654.02419,0.05077
2652.09539,0.05098
2650.16660,0.05110
2648.23780,0.05120
2646.30900,0.05138
2644.38021,0.05154
2642.45141,0.05174
2640.52261,0.05202
2638.59382,0.05222
2636.66502,0.05229
2634.73622,0.05230
2632.80743,0.05234
2630.87863,0.05238
2628.94983,0.05235
2627.02104,0.05226
2625.09224,0.05215
2623.16344,0.05202
2621.23465,0.05186
2619.30585,0.05176
2617.37705,0.05174
2615.44826,0.05182
2613.51946,0.05202
2611.59066,0.05223
2609.66187,0.05219
2607.73307,0.05190
2605.80427,0.05174
2603.87548,0.05190
2601.94668,0.05213
2600.01788,0.05226
2598.08909,0.05251
2596.16029,0.05300
2594.23149,0.05337
2592.30270,0.05346
2590.37390,0.05353
2588.44510,0.05352
2586.51631,0.05325
2584.58751,0.05312
2582.65871,0.05322
2580.72992,0.05285
2578.80112,0.05224
2576.87232,0.05218
2574.94353,0.05241
2573.01473,0.05253
2571.08593,0.05274
2569.15714,0.05280
2567.22834,0.05232
2565.29954,0.05175
2563.37075,0.05160
2561.44195,0.05161
2559.51315,0.05135
2557.58436,0.05107
2555.65556,0.05125
2553.72676,0.05164
2551.79797,0.05175
2549.86917,0.05185
2547.94037,0.05214
2546.01158,0.05228
2544.08278,0.05218
2542.15398,0.05211
2540.22519,0.05208
2538.29639,0.05192
2536.36759,0.05174
2534.43880,0.05179
2532.51000,0.05198
2530.58120,0.05188
2528.65241,0.05147
2526.72361,0.05115
2524.79481,0.05096
2522.86602,0.05072
2520.93722,0.05064
2519.00842,0.05081
2517.07963,0.05086
2515.15083,0.05076
2513.22203,0.05063
2511.29324,0.05034
2509.36444,0.05001
2507.43564,0.05011
2505.50685,0.05059
2503.57805,0.05077
2501.64925,0.05065
2499.72046,0.05079
2497.79166,0.05092
2495.86286,0.05078
2493.93407,0.05078
2492.00527,0.05096
2490.07647,0.05091
2488.14768,0.05068
2486.21888,0.05070
2484.29008,0.05100
2482.36129,0.05106
2480.43249,0.05088
2478.50369,0.05083
2476.57490,0.05085
2474.64610,0.05066
2472.71730,0.05021
2470.78851,0.04962
2468.85971,0.04917
2466.93091,0.04917
2465.00212,0.04960
2463.07332,0.04995
2461.14452,0.04994
2459.21573,0.04975
2457.28693,0.04946
2455.35813,0.04915
2453.42934,0.04900
2451.50054,0.04902
2449.57174,0.04893
2447.64295,0.04860
2445.71415,0.04852
2443.78535,0.04897
2441.85656,0.04931
2439.92776,0.04920
2437.99896,0.04901
2436.07017,0.04874
2434.14137,0.04843
2432.21257,0.04833
2430.28378,0.04823
2428.35498,0.04803
2426.42618,0.04810
2424.49739,0.04857
2422.56859,0.04870
2420.63979,0.04807
2418.71100,0.04725
2416.78220,0.04678
2414.85340,0.04651
2412.92461,0.04617
2410.99581,0.04600
2409.06701,0.04622
2407.13822,0.04652
2405.20942,0.04651
2403.28062,0.04625
2401.35183,0.04599
2399.42303,0.04572
2397.49423,0.04544
2395.56544,0.04542
2393.63664,0.04575
2391.70784,0.04621
2389.77905,0.04688
2387.85025,0.04868
2385.92145,0.05293
2383.99266,0.06040
2382.06386,0.07108
2380.13506,0.08429
2378.20627,0.09890
2376.27747,0.11414
2374.34867,0.12986
2372.41988,0.14590
2370.49108,0.16170
2368.56228,0.17673
2366.63349,0.19066
2364.70469,0.20240
2362.77589,0.21031
2360.84710,0.21337
2358.91830,0.21084
2356.98951,0.20222
2355.06071,0.18787
2353.13191,0.16842
2351.20312,0.14838
2349.27432,0.13787
2347.34552,0.14283
2345.41673,0.15760
2343.48793,0.16811
2341.55913,0.16977
2339.63034,0.16755
2337.70154,0.16411
2335.77274,0.16078
2333.84395,0.15918
2331.91515,0.15887
2329.98635,0.15658
2328.05756,0.15137
2326.12876,0.14624
2324.19996,0.14278
2322.27117,0.13866
2320.34237,0.13115
2318.41357,0.12131
2316.48478,0.11257
2314.55598,0.10688
2312.62718,0.10301
2310.69839,0.09853
2308.76959,0.09279
2306.84079,0.08648
2304.91200,0.08032
2302.98320,0.07510
2301.05440,0.07101
2299.12561,0.06745
2297.19681,0.06441
2295.26801,0.06202
2293.33922,0.05970
2291.41042,0.05717
2289.48162,0.05493
2287.55283,0.05310
2285.62403,0.05146
2283.69523,0.05027
2281.76644,0.04991
2279.83764,0.05032
2277.90884,0.05122
2275.98005,0.05185
2274.05125,0.05172
2272.12245,0.05155
2270.19366,0.05189
2268.26486,0.05223
2266.33606,0.05249
2264.40727,0.05317
2262.47847,0.05378
2260.54967,0.05365
2258.62088,0.05363
2256.69208,0.05433
2254.76328,0.05460
2252.83449,0.05366
2250.90569,0.05233
2248.97689,0.05177
2247.04810,0.05203
2245.11930,0.05272
2243.19050,0.05394
2241.26171,0.05528
2239.33291,0.05589
2237.40411,0.05567
2235.47532,0.05521
2233.54652,0.05486
2231.61772,0.05448
2229.68893,0.05453
2227.76013,0.05521
2225.83133,0.05557
2223.90254,0.05544
2221.97374,0.05576
2220.04494,0.05660
2218.11615,0.05706
2216.18735,0.05699
2214.25855,0.05682
2212.32976,0.05642
2210.40096,0.05653
2208.47216,0.05729
2206.54337,0.05691
2204.61457,0.05585
2202.68577,0.05657
2200.75698,0.05910
2198.82818,0.06109
2196.89938,0.06095
2194.97059,0.06024
2193.04179,0.06081
2191.11299,0.06194
2189.18420,0.06283
2187.25540,0.06366
2185.32660,0.06458
2183.39781,0.06554
2181.46901,0.06673
2179.54021,0.06759
2177.61142,0.06669
2175.68262,0.06502
2173.75382,0.06437
2171.82503,0.06459
2169.89623,0.06579
2167.96743,0.06734
2166.03864,0.06847
2164.10984,0.07003
2162.18104,0.07183
2160.25225,0.07321
2158.32345,0.07414
2156.39465,0.07300
2154.46586,0.06943
2152.53706,0.06627
2150.60826,0.06486
2148.67947,0.06314
2146.75067,0.06008
2144.82187,0.05750
2142.89308,0.05605
2140.96428,0.05425
2139.03548,0.05156
2137.10669,0.04911
2135.17789,0.04758
2133.24909,0.04644
2131.32030,0.04533
2129.39150,0.04438
2127.46270,0.04351
2125.53391,0.04259
2123.60511,0.04160
2121.67631,0.04076
2119.74752,0.04045
2117.81872,0.04070
2115.88992,0.04105
2113.96113,0.04121
2112.03233,0.04130
2110.10353,0.04138
2108.17474,0.04164
2106.24594,0.04216
2104.31714,0.04259
2102.38835,0.04278
2100.45955,0.04282
2098.53075,0.04248
2096.60196,0.04176
2094.67316,0.04117
2092.74436,0.04096
2090.81557,0.04098
2088.88677,0.04127
2086.95797,0.04190
2085.02918,0.04247
2083.10038,0.04251
2081.17158,0.04233
2079.24279,0.04237
2077.31399,0.04242
2075.38519,0.04221
2073.45640,0.04221
2071.52760,0.04295
2069.59880,0.04374
2067.67001,0.04416
2065.74121,0.04447
2063.81241,0.04444
2061.88362,0.04390
2059.95482,0.04329
2058.02602,0.04306
2056.09723,0.04287
2054.16843,0.04282
2052.23963,0.04369
2050.31084,0.04551
2048.38204,0.04757
2046.45324,0.04914
2044.52445,0.05024
2042.59565,0.05084
2040.66685,0.05134
2038.73806,0.05222
2036.80926,0.05237
2034.88046,0.05189
2032.95167,0.05208
2031.02287,0.05278
2029.09407,0.05365
2027.16528,0.05399
2025.23648,0.05312
2023.30768,0.05161
2021.37889,0.05017
2019.45009,0.04942
2017.52129,0.04967
2015.59250,0.04952
2013.66370,0.04831
2011.73490,0.04826
2009.80611,0.04977
2007.87731,0.04973
2005.94851,0.04709
2004.01972,0.04474
2002.09092,0.04429
2000.16212,0.04489
1998.23333,0.04586
1996.30453,0.04639
1994.37574,0.04565
1992.44694,0.04443
1990.51814,0.04333
1988.58935,0.04287
1986.66055,0.04394
1984.73175,0.04527
1982.80296,0.04554
1980.87416,0.04521
1978.94536,0.04452
1977.01657,0.04404
1975.08777,0.04506
1973.15897,0.04619
1971.23018,0.04500
1969.30138,0.04311
1967.37258,0.04333
1965.44379,0.04418
1963.51499,0.04316
1961.58619,0.04169
1959.65740,0.04162
1957.72860,0.04192
1955.79980,0.04179
1953.87101,0.04143
1951.94221,0.04084
1950.01341,0.04023
1948.08462,0.03973
1946.15582,0.03969
1944.22702,0.04032
1942.29823,0.04036
1940.36943,0.03903
1938.44063,0.03750
1936.51184,0.03679
1934.58304,0.03696
1932.65424,0.03716
1930.72545,0.03663
1928.79665,0.03583
1926.86785,0.03550
1924.93906,0.03587
1923.01026,0.03632
1921.08146,0.03646
1919.15267,0.03660
1917.22387,0.03637
1915.29507,0.03562
1913.36628,0.03530
1911.43748,0.03564
1909.50868,0.03585
1907.57989,0.03541
1905.65109,0.03478
1903.72229,0.03447
1901.79350,0.03448
1899.86470,0.03464
1897.93590,0.03496
1896.00711,0.03538
1894.07831,0.03563
1892.14951,0.03592
1890.22072,0.03633
1888.29192,0.03620
1886.36312,0.03559
1884.43433,0.03512
1882.50553,0.03497
1880.57673,0.03500
1878.64794,0.03486
1876.71914,0.03458
1874.79034,0.03441
1872.86155,0.03466
1870.93275,0.03557
1869.00395,0.03622
1867.07516,0.03552
1865.14636,0.03432
1863.21756,0.03375
1861.28877,0.03366
1859.35997,0.03366
1857.43117,0.03365
1855.50238,0.03362
1853.57358,0.03373
1851.64478,0.03411
1849.71599,0.03476
1847.78719,0.03569
1845.85839,0.03680
1843.92960,0.03697
1842.00080,0.03580
1840.07200,0.03483
1838.14321,0.03463
1836.21441,0.03454
1834.28561,0.03456
1832.35682,0.03531
1830.42802,0.03613
1828.49922,0.03596
1826.57043,0.03542
1824.64163,0.03477
1822.71283,0.03380
1820.78404,0.03316
1818.85524,0.03312
1816.92644,0.03317
1814.99765,0.03321
1813.06885,0.03365
1811.14005,0.03417
1809.21126,0.03414
1807.28246,0.03376
1805.35366,0.03387
1803.42487,0.03475
1801.49607,0.03560
1799.56727,0.03560
1797.63848,0.03528
1795.70968,0.03571
1793.78088,0.03692
1791.85209,0.03723
1789.92329,0.03582
1787.99449,0.03462
1786.06570,0.03452
1784.13690,0.03470
1782.20810,0.03478
1780.27931,0.03465
1778.35051,0.03432
1776.42171,0.03459
1774.49292,0.03583
1772.56412,0.03693
1770.63532,0.03661
1768.70653,0.03545
1766.77773,0.03418
1764.84893,0.03372
1762.92014,0.03432
1760.99134,0.03472
1759.06254,0.03467
1757.13375,0.03467
1755.20495,0.03474
1753.27615,0.03570
1751.34736,0.03757
1749.41856,0.03826
1747.48976,0.03746
1745.56097,0.03669
1743.63217,0.03645
1741.70337,0.03647
1739.77458,0.03627
1737.84578,0.03631
1735.91698,0.03768
1733.98819,0.03897
1732.05939,0.03771
1730.13059,0.03556
1728.20180,0.03394
1726.27300,0.03314
1724.34420,0.03325
1722.41541,0.03394
1720.48661,0.03591
1718.55781,0.03918
1716.62902,0.04097
1714.70022,0.04010
1712.77142,0.03895
1710.84263,0.03923
1708.91383,0.04133
1706.98503,0.04490
1705.05624,0.04889
1703.12744,0.05331
1701.19864,0.05971
1699.26985,0.06657
1697.34105,0.07218
1695.41225,0.07827
1693.48346,0.08472
1691.55466,0.09265
1689.62586,0.10352
1687.69707,0.11592
1685.76827,0.13097
1683.83947,0.14903
1681.91068,0.16275
1679.98188,0.17337
1678.05308,0.18550
1676.12429,0.20000
1674.19549,0.21465
1672.26669,0.22705
1670.33790,0.23869
1668.40910,0.24849
1666.48030,0.25466
1664.55151,0.26012
1662.62271,0.26535
1660.69391,0.26830
1658.76512,0.26990
1656.83632,0.27254
1654.90752,0.27712
1652.97873,0.27993
1651.04993,0.27862
1649.12113,0.27964
1647.19234,0.28437
1645.26354,0.28974
1643.33474,0.29554
1641.40595,0.30467
1639.47715,0.31763
1637.54835,0.33457
1635.61956,0.35532
1633.69076,0.37378
1631.76197,0.38877
1629.83317,0.40454
1627.90437,0.42042
1625.97558,0.43327
1624.04678,0.44237
1622.11798,0.44718
1620.18919,0.44854
1618.26039,0.44847
1616.33159,0.44605
1614.40280,0.44213
1612.47400,0.44017
1610.54520,0.44118
1608.61641,0.44497
1606.68761,0.45108
1604.75881,0.45925
1602.83002,0.46890
1600.90122,0.47889
1598.97242,0.48805
1597.04363,0.49517
1595.11483,0.49905
1593.18603,0.49862
1591.25724,0.49383
1589.32844,0.48482
1587.39964,0.47182
1585.47085,0.45541
1583.54205,0.43640
1581.61325,0.41618
1579.68446,0.39683
1577.75566,0.37677
1575.82686,0.35216
1573.89807,0.32935
1571.96927,0.31183
1570.04047,0.29388
1568.11168,0.27509
1566.18288,0.25897
1564.25408,0.24578
1562.32529,0.23675
1560.39649,0.22971
1558.46769,0.21676
1556.53890,0.20186
1554.61010,0.19078
1552.68130,0.18175
1550.75251,0.17405
1548.82371,0.16724
1546.89491,0.16223
1544.96612,0.15930
1543.03732,0.15712
1541.10852,0.15365
1539.17973,0.14634
1537.25093,0.13932
1535.32213,0.13566
1533.39334,0.13261
1531.46454,0.12855
1529.53574,0.12562
1527.60695,0.12425
1525.67815,0.12305
1523.74935,0.12212
1521.82056,0.12107
1519.89176,0.11883
1517.96296,0.11633
1516.03417,0.11380
1514.10537,0.11148
1512.17657,0.11091
1510.24778,0.11288
1508.31898,0.11616
1506.39018,0.11598
1504.46139,0.11208
1502.53259,0.11054
1500.60379,0.11237
1498.67500,0.11616
1496.74620,0.11999
1494.81740,0.12320
1492.88861,0.12793
1490.95981,0.13579
1489.03101,0.14469
1487.10222,0.15214
1485.17342,0.15975
1483.24462,0.16940
1481.31583,0.18118
1479.38703,0.19414
1477.45823,0.20822
1475.52944,0.22348
1473.60064,0.23883
1471.67184,0.25166
1469.74305,0.26038
1467.81425,0.26789
1465.88545,0.27570
1463.95666,0.28118
1462.02786,0.28354
1460.09906,0.28516
1458.17027,0.28468
1456.24147,0.27666
1454.31267,0.26438
1452.38388,0.25276
1450.45508,0.24129
1448.52628,0.22874
1446.59749,0.21475
1444.66869,0.20104
1442.73989,0.18850
1440.81110,0.17764
1438.88230,0.16882
1436.95350,0.15938
1435.02471,0.14843
1433.09591,0.13932
1431.16711,0.13212
1429.23832,0.12520
1427.30952,0.11899
1425.38072,0.11415
1423.45193,0.11027
1421.52313,0.10754
1419.59433,0.10534
1417.66554,0.10149
1415.73674,0.09670
1413.80794,0.09299
1411.87915,0.09038
1409.95035,0.08823
1408.02155,0.08658
1406.09276,0.08538
1404.16396,0.08384
1402.23516,0.08234
1400.30637,0.08180
1398.37757,0.08163
1396.44877,0.08094
1394.51998,0.07922
1392.59118,0.07678
1390.66238,0.07523
1388.73359,0.07485
1386.80479,0.07398
1384.87599,0.07212
1382.94720,0.07058
1381.01840,0.06981
1379.08960,0.06938
1377.16081,0.06930
1375.23201,0.06935
1373.30321,0.06860
1371.37442,0.06725
1369.44562,0.06634
1367.51682,0.06593
1365.58803,0.06611
1363.65923,0.06680
1361.73043,0.06666
1359.80164,0.06541
1357.87284,0.06435
1355.94404,0.06387
1354.01525,0.06355
1352.08645,0.06326
1350.15765,0.06311
1348.22886,0.06295
1346.30006,0.06273
1344.37126,0.06272
1342.44247,0.06332
1340.51367,0.06423
1338.58487,0.06427
1336.65608,0.06329
1334.72728,0.06229
1332.79848,0.06171
1330.86969,0.06133
1328.94089,0.06102
1327.01209,0.06079
1325.08330,0.06060
1323.15450,0.06047
1321.22570,0.06051
1319.29691,0.06060
1317.36811,0.06050
1315.43931,0.06028
1313.51052,0.06010
1311.58172,0.05988
1309.65292,0.05967
1307.72413,0.05953
1305.79533,0.05940
1303.86653,0.05935
1301.93774,0.05941
1300.00894,0.05952
1298.08014,0.05962
1296.15135,0.05964
1294.22255,0.05954
1292.29375,0.05939
1290.36496,0.05930
1288.43616,0.05929
1286.50736,0.05918
1284.57857,0.05896
1282.64977,0.05879
1280.72097,0.05866
1278.79218,0.05851
1276.86338,0.05840
1274.93458,0.05843
1273.00579,0.05858
1271.07699,0.05871
1269.14820,0.05880
1267.21940,0.05897
1265.29060,0.05923
1263.36181,0.05947
1261.43301,0.05967
1259.50421,0.05979
1257.57542,0.05980
1255.64662,0.05977
1253.71782,0.05983
1251.78903,0.05999
1249.86023,0.06017
1247.93143,0.06033
1246.00264,0.06050
1244.07384,0.06070
1242.14504,0.06087
1240.21625,0.06097
1238.28745,0.06105
1236.35865,0.06113
1234.42986,0.06118
1232.50106,0.06131
1230.57226,0.06158
1228.64347,0.06187
1226.71467,0.06209
1224.78587,0.06229
1222.85708,0.06256
1220.92828,0.06296
1218.99948,0.06346
1217.07069,0.06400
1215.14189,0.06454
1213.21309,0.06508
1211.28430,0.06570
1209.35550,0.06642
1207.42670,0.06720
1205.49791,0.06805
1203.56911,0.06894
1201.64031,0.06991
1199.71152,0.07105
1197.78272,0.07236
1195.85392,0.07376
1193.92513,0.07525
1191.99633,0.07699
1190.06753,0.07903
1188.13874,0.08129
1186.20994,0.08366
1184.28114,0.08618
1182.35235,0.08904
1180.42355,0.09239
1178.49475,0.09624
1176.56596,0.10047
1174.63716,0.10499
1172.70836,0.10976
1170.77957,0.11471
1168.85077,0.11973
1166.92197,0.12465
1164.99318,0.12928
1163.06438,0.13334
1161.13558,0.13653
1159.20679,0.13856
1157.27799,0.13933
1155.34919,0.13877
1153.42040,0.13698
1151.49160,0.13419
1149.56280,0.13057
1147.63401,0.12623
1145.70521,0.12145
1143.77641,0.11647
1141.84762,0.11152
1139.91882,0.10678
1137.99002,0.10227
1136.06123,0.09805
1134.13243,0.09420
1132.20363,0.09078
1130.27484,0.08786
1128.34604,0.08535
1126.41724,0.08311
1124.48845,0.08113
1122.55965,0.07945
1120.63085,0.07806
1118.70206,0.07689
1116.77326,0.07586
1114.84446,0.07500
1112.91567,0.07434
1110.98687,0.07376
1109.05807,0.07321
1107.12928,0.07281
1105.20048,0.07257
1103.27168,0.07240
1101.34289,0.07224
1099.41409,0.07215
1097.48529,0.07213
1095.55650,0.07212
1093.62770,0.07214
1091.69890,0.07221
1089.77011,0.07240
1087.84131,0.07263
1085.91251,0.07281
1083.98372,0.07297
1082.05492,0.07324
1080.12612,0.07364
1078.19733,0.07409
1076.26853,0.07453
1074.33973,0.07499
1072.41094,0.07547
1070.48214,0.07590
1068.55334,0.07614
1066.62455,0.07624
1064.69575,0.07633
1062.76695,0.07630
1060.83816,0.07600
1058.90936,0.07554
1056.98056,0.07510
1055.05177,0.07461
1053.12297,0.07401
1051.19417,0.07332
1049.26538,0.07261
1047.33658,0.07187
1045.40778,0.07113
1043.47899,0.07036
1041.55019,0.06951
1039.62139,0.06862
1037.69260,0.06782
1035.76380,0.06712
1033.83500,0.06636
1031.90621,0.06558
1029.97741,0.06491
1028.04861,0.06432
1026.11982,0.06377
1024.19102,0.06336
1022.26222,0.06310
1020.33343,0.06282
1018.40463,0.06250
1016.47583,0.06229
1014.54704,0.06221
1012.61824,0.06216
1010.68944,0.06199
1008.76065,0.06165
1006.83185,0.06117
1004.90305,0.06056
1002.97426,0.05985
1001.04546,0.05917
999.11666,0.05862
997.18787,0.05818
995.25907,0.05774
993.33027,0.05724
991.40148,0.05674
989.47268,0.05629
987.54388,0.05580
985.61509,0.05525
983.68629,0.05478
981.75749,0.05437
979.82870,0.05388
977.89990,0.05331
975.97110,0.05275
974.04231,0.05226
972.11351,0.05177
970.18471,0.05130
968.25592,0.05101
966.32712,0.05091
964.39832,0.05081
962.46953,0.05059
960.54073,0.05024
958.61193,0.04979
956.68314,0.04930
954.75434,0.04882
952.82554,0.04849
950.89675,0.04823
948.96795,0.04780
947.03915,0.04722
945.11036,0.04665
943.18156,0.04611
941.25276,0.04549
939.32397,0.04482
937.39517,0.04417
935.46637,0.04358
933.53758,0.04301
931.60878,0.04247
929.67998,0.04197
927.75119,0.04157
925.82239,0.04125
923.89359,0.04082
921.96480,0.04022
920.03600,0.03963
918.10720,0.03921
916.17841,0.03889
914.24961,0.03859
912.32081,0.03837
910.39202,0.03821
908.46322,0.03797
906.53443,0.03759
904.60563,0.03722
902.67683,0.03697
900.74804,0.03678
898.81924,0.03653
896.89044,0.03612
894.96165,0.03554
893.03285,0.03490
891.10405,0.03428
889.17526,0.03368
887.24646,0.03303
885.31766,0.03233
883.38887,0.03168
881.46007,0.03114
879.53127,0.03063
877.60248,0.03015
875.67368,0.02974
873.74488,0.02935
871.81609,0.02895
869.88729,0.02852
867.95849,0.02806
866.02970,0.02766
864.10090,0.02749
862.17210,0.02737
860.24331,0.02707
858.31451,0.02669
856.38571,0.02634
854.45692,0.02605
852.52812,0.02584
850.59932,0.02559
848.67053,0.02520
846.74173,0.02480
844.81293,0.02440
842.88414,0.02390
840.95534,0.02337
839.02654,0.02297
837.09775,0.02268
835.16895,0.02237
833.24015,0.02208
831.31136,0.02188
829.38256,0.02172
827.45376,0.02149
825.52497,0.02129
823.59617,0.02140
821.66737,0.02178
819.73858,0.02215
817.80978,0.02242
815.88098,0.02271
813.95219,0.02302
812.02339,0.02329
810.09459,0.02365
808.16580,0.02422
806.23700,0.02486
804.30820,0.02556
802.37941,0.02630
800.45061,0.02696
798.52181,0.02775
796.59302,0.02889
794.66422,0.03005
792.73542,0.03094
790.80663,0.03174
788.87783,0.03255
786.94903,0.03318
785.02024,0.03354
783.09144,0.03354
781.16264,0.03306
779.23385,0.03215
777.30505,0.03096
775.37625,0.02967
773.44746,0.02863
771.51866,0.02799
769.58986,0.02754
767.66107,0.02725
765.73227,0.02714
763.80347,0.02690
761.87468,0.02651
759.94588,0.02639
758.01708,0.02657
756.08829,0.02665
754.15949,0.02650
752.23069,0.02638
750.30190,0.02640
748.37310,0.02632
