3496.90832,0.06515
3494.97953,0.06652
3493.05073,0.06263
3491.12193,0.06080
3489.19314,0.06545
3487.26434,0.07124
3485.33554,0.07056
3483.40675,0.06454
3481.47795,0.05961
3479.54915,0.05868
3477.62036,0.06153
3475.69156,0.06590
3473.76276,0.06837
3471.83397,0.06705
3469.90517,0.06260
3467.97637,0.05922
3466.04758,0.05871
3464.11878,0.05890
3462.18998,0.06045
3460.26119,0.06372
3458.33239,0.06143
3456.40359,0.05224
3454.47480,0.04785
3452.54600,0.05126
3450.61721,0.05481
3448.68841,0.05574
3446.75961,0.05646
3444.83082,0.05734
3442.90202,0.05488
3440.97322,0.04864
3439.04443,0.04328
3437.11563,0.04166
3435.18683,0.04317
3433.25804,0.04697
3431.32924,0.05026
3429.40044,0.04924
3427.47165,0.04656
3425.54285,0.04949
3423.61405,0.05766
3421.68526,0.05902
3419.75646,0.05015
3417.82766,0.04387
3415.89887,0.04365
3413.97007,0.04384
3412.04127,0.04353
3410.11248,0.04212
3408.18368,0.04012
3406.25488,0.03993
3404.32609,0.04000
3402.39729,0.04119
3400.46849,0.04675
3398.53970,0.04749
3396.61090,0.03603
3394.68210,0.02698
3392.75331,0.03211
3390.82451,0.04262
3388.89571,0.05136
3386.96692,0.05458
3385.03812,0.04331
3383.10932,0.02591
3381.18053,0.02296
3379.25173,0.03711
3377.32293,0.05525
3375.39414,0.06435
3373.46534,0.06415
3371.53654,0.05953
3369.60775,0.04936
3367.67895,0.04077
3365.75015,0.04227
3363.82136,0.04874
3361.89256,0.05162
3359.96376,0.04928
3358.03497,0.04588
3356.10617,0.04762
3354.17737,0.05472
3352.24858,0.05902
3350.31978,0.05768
3348.39098,0.05535
3346.46219,0.05432
3344.53339,0.05698
3342.60459,0.06209
3340.67580,0.06054
3338.74700,0.04957
3336.81820,0.04187
3334.88941,0.04772
3332.96061,0.05632
3331.03181,0.05576
3329.10302,0.05477
3327.17422,0.05600
3325.24542,0.05073
3323.31663,0.04186
3321.38783,0.03959
3319.45903,0.04512
3317.53024,0.04737
3315.60144,0.03960
3313.67264,0.03187
3311.74385,0.02826
3309.81505,0.02073
3307.88625,0.01796
3305.95746,0.02828
3304.02866,0.03645
3302.09986,0.03432
3300.17107,0.03157
3298.24227,0.03074
3296.31347,0.02951
3294.38468,0.02834
3292.45588,0.02653
3290.52708,0.02491
3288.59829,0.02549
3286.66949,0.02738
3284.74069,0.02898
3282.81190,0.03072
3280.88310,0.03353
3278.95430,0.03936
3277.02551,0.04589
3275.09671,0.04803
3273.16791,0.04713
3271.23912,0.04369
3269.31032,0.03650
3267.38152,0.03117
3265.45273,0.03093
3263.52393,0.02820
3261.59513,0.02223
3259.66634,0.02420
3257.73754,0.03351
3255.80874,0.03772
3253.87995,0.03329
3251.95115,0.02751
3250.02235,0.02532
3248.09356,0.02478
3246.16476,0.02586
3244.23596,0.03070
3242.30717,0.03452
3240.37837,0.03510
3238.44957,0.03797
3236.52078,0.04143
3234.59198,0.04021
3232.66318,0.03725
3230.73439,0.03619
3228.80559,0.03507
3226.87679,0.03138
3224.94800,0.02740
3223.01920,0.02938
3221.09040,0.03919
3219.16161,0.05050
3217.23281,0.05794
3215.30401,0.05971
3213.37522,0.05576
3211.44642,0.05273
3209.51762,0.05369
3207.58883,0.05385
3205.66003,0.05359
3203.73123,0.05281
3201.80244,0.04857
3199.87364,0.04337
3197.94484,0.04143
3196.01605,0.04405
3194.08725,0.04695
3192.15845,0.04510
3190.22966,0.04370
3188.30086,0.04784
3186.37206,0.04938
3184.44327,0.04452
3182.51447,0.04185
3180.58567,0.04370
3178.65688,0.04473
3176.72808,0.04222
3174.79928,0.03774
3172.87049,0.03422
3170.94169,0.03302
3169.01289,0.03406
3167.08410,0.03640
3165.15530,0.03876
3163.22650,0.03983
3161.29771,0.03888
3159.36891,0.03689
3157.44011,0.03549
3155.51132,0.03542
3153.58252,0.03586
3151.65372,0.03499
3149.72493,0.03240
3147.79613,0.03115
3145.86733,0.03234
3143.93854,0.03241
3142.00974,0.03070
3140.08094,0.02991
3138.15215,0.03001
3136.22335,0.02923
3134.29455,0.02820
3132.36576,0.02831
3130.43696,0.02917
3128.50816,0.02996
3126.57937,0.03002
3124.65057,0.02929
3122.72177,0.02971
3120.79298,0.03216
3118.86418,0.03411
3116.93538,0.03353
3115.00659,0.03164
3113.07779,0.03003
3111.14899,0.02925
3109.22020,0.02925
3107.29140,0.02966
3105.36260,0.03063
3103.43381,0.03200
3101.50501,0.03269
3099.57621,0.03165
3097.64742,0.02911
3095.71862,0.02700
3093.78982,0.02655
3091.86103,0.02666
3089.93223,0.02681
3088.00344,0.02786
3086.07464,0.02938
3084.14584,0.03017
3082.21705,0.02973
3080.28825,0.02850
3078.35945,0.02804
3076.43066,0.02922
3074.50186,0.03072
3072.57306,0.03112
3070.64427,0.03065
3068.71547,0.02985
3066.78667,0.02921
3064.85788,0.02907
3062.92908,0.02906
3061.00028,0.02898
3059.07149,0.02915
3057.14269,0.03004
3055.21389,0.03166
3053.28510,0.03264
3051.35630,0.03212
3049.42750,0.03079
3047.49871,0.02934
3045.56991,0.02846
3043.64111,0.02902
3041.71232,0.03057
3039.78352,0.03122
3037.85472,0.03044
3035.92593,0.02959
3033.99713,0.02951
3032.06833,0.03005
3030.13954,0.03095
3028.21074,0.03202
3026.28194,0.03307
3024.35315,0.03337
3022.42435,0.03261
3020.49555,0.03173
3018.56676,0.03167
3016.63796,0.03251
3014.70916,0.03357
3012.78037,0.03406
3010.85157,0.03387
3008.92277,0.03336
3006.99398,0.03300
3005.06518,0.03298
3003.13638,0.03269
3001.20759,0.03213
2999.27879,0.03201
2997.34999,0.03222
2995.42120,0.03257
2993.49240,0.03326
2991.56360,0.03389
2989.63481,0.03420
2987.70601,0.03427
2985.77721,0.03401
2983.84842,0.03387
2981.91962,0.03443
2979.99082,0.03517
2978.06203,0.03528
2976.13323,0.03513
2974.20443,0.03514
2972.27564,0.03546
2970.34684,0.03600
2968.41804,0.03590
2966.48925,0.03526
2964.56045,0.03525
2962.63165,0.03603
2960.70286,0.03710
2958.77406,0.03790
2956.84526,0.03822
2954.91647,0.03845
2952.98767,0.03862
2951.05887,0.03838
2949.13008,0.03805
2947.20128,0.03801
2945.27248,0.03820
2943.34369,0.03838
2941.41489,0.03833
2939.48609,0.03814
2937.55730,0.03814
2935.62850,0.03844
2933.69970,0.03895
2931.77091,0.03962
2929.84211,0.04017
2927.91331,0.04032
2925.98452,0.04047
2924.05572,0.04105
2922.12692,0.04157
2920.19813,0.04153
2918.26933,0.04135
2916.34053,0.04141
2914.41174,0.04116
2912.48294,0.04038
2910.55414,0.03966
2908.62535,0.03926
2906.69655,0.03885
2904.76775,0.03845
2902.83896,0.03814
2900.91016,0.03798
2898.98136,0.03815
2897.05257,0.03837
2895.12377,0.03840
2893.19497,0.03849
2891.26618,0.03868
2889.33738,0.03869
2887.40858,0.03836
2885.47979,0.03788
2883.55099,0.03779
2881.62219,0.03819
2879.69340,0.03856
2877.76460,0.03871
2875.83580,0.03887
2873.90701,0.03902
2871.97821,0.03910
2870.04941,0.03928
2868.12062,0.03958
2866.19182,0.03979
2864.26302,0.03999
2862.33423,0.04037
2860.40543,0.04098
2858.47663,0.04156
2856.54784,0.04173
2854.61904,0.04174
2852.69024,0.04194
2850.76145,0.04201
2848.83265,0.04189
2846.90385,0.04172
2844.97506,0.04153
2843.04626,0.04143
2841.11746,0.04135
2839.18867,0.04114
2837.25987,0.04089
2835.33107,0.04075
2833.40228,0.04081
2831.47348,0.04102
2829.54468,0.04117
2827.61589,0.04116
2825.68709,0.04113
2823.75829,0.04121
2821.82950,0.04136
2819.90070,0.04141
2817.97190,0.04123
2816.04311,0.04108
2814.11431,0.04117
2812.18551,0.04135
2810.25672,0.04136
2808.32792,0.04115
2806.39912,0.04088
2804.47033,0.04065
2802.54153,0.04048
2800.61273,0.04041
2798.68394,0.04031
2796.75514,0.04004
2794.82634,0.03967
2792.89755,0.03927
2790.96875,0.03903
2789.03995,0.03913
2787.11116,0.03930
2785.18236,0.03922
2783.25356,0.03905
2781.32477,0.03886
2779.39597,0.03856
2777.46717,0.03827
2775.53838,0.03822
2773.60958,0.03839
2771.68078,0.03850
2769.75199,0.03853
2767.82319,0.03861
2765.89439,0.03867
2763.96560,0.03854
2762.03680,0.03818
2760.10800,0.03784
2758.17921,0.03769
2756.25041,0.03759
2754.32161,0.03741
2752.39282,0.03714
2750.46402,0.03693
2748.53522,0.03700
2746.60643,0.03728
2744.67763,0.03735
2742.74883,0.03717
2740.82004,0.03708
2738.89124,0.03712
2736.96244,0.03717
2735.03365,0.03731
2733.10485,0.03749
2731.17605,0.03753
2729.24726,0.03748
2727.31846,0.03751
2725.38967,0.03752
2723.46087,0.03740
2721.53207,0.03735
2719.60328,0.03753
2717.67448,0.03775
2715.74568,0.03782
2713.81689,0.03773
2711.88809,0.03750
2709.95929,0.03723
2708.03050,0.03704
2706.10170,0.03701
2704.17290,0.03703
2702.24411,0.03693
2700.31531,0.03682
2698.38651,0.03680
2696.45772,0.03673
2694.52892,0.03658
2692.60012,0.03652
2690.67133,0.03651
2688.74253,0.03649
2686.81373,0.03650
2684.88494,0.03667
2682.95614,0.03687
2681.02734,0.03690
2679.09855,0.03689
2677.16975,0.03695
2675.24095,0.03699
2673.31216,0.03695
2671.38336,0.03684
2669.45456,0.03675
2667.52577,0.03677
2665.59697,0.03677
2663.66817,0.03673
2661.73938,0.03664
2659.81058,0.03643
2657.88178,0.03618
2655.95299,0.03603
2654.02419,0.03607
2652.09539,0.03627
2650.16660,0.03640
2648.23780,0.03640
2646.30900,0.03642
2644.38021,0.03645
2642.45141,0.03655
2640.52261,0.03674
2638.59382,0.03669
2636.66502,0.03647
2634.73622,0.03657
2632.80743,0.03704
2630.87863,0.03745
2628.94983,0.03757
2627.02104,0.03749
2625.09224,0.03748
2623.16344,0.03760
2621.23465,0.03782
2619.30585,0.03808
2617.37705,0.03817
2615.44826,0.03790
2613.51946,0.03747
2611.59066,0.03731
2609.66187,0.03752
2607.73307,0.03772
2605.80427,0.03767
2603.87548,0.03752
2601.94668,0.03741
2600.01788,0.03742
2598.08909,0.03757
2596.16029,0.03773
2594.23149,0.03765
2592.30270,0.03757
2590.37390,0.03791
2588.44510,0.03824
2586.51631,0.03807
2584.58751,0.03782
2582.65871,0.03780
2580.72992,0.03756
2578.80112,0.03726
2576.87232,0.03753
2574.94353,0.03813
2573.01473,0.03842
2571.08593,0.03841
2569.15714,0.03833
2567.22834,0.03812
2565.29954,0.03774
2563.37075,0.03748
2561.44195,0.03757
2559.51315,0.03750
2557.58436,0.03710
2555.65556,0.03699
2553.72676,0.03719
2551.79797,0.03716
2549.86917,0.03687
2547.94037,0.03655
2546.01158,0.03628
2544.08278,0.03625
2542.15398,0.03643
2540.22519,0.03652
2538.29639,0.03650
2536.36759,0.03648
2534.43880,0.03666
2532.51000,0.03707
2530.58120,0.03734
2528.65241,0.03728
2526.72361,0.03685
2524.79481,0.03627
2522.86602,0.03600
2520.93722,0.03612
2519.00842,0.03626
2517.07963,0.03621
2515.15083,0.03626
2513.22203,0.03638
2511.29324,0.03598
2509.36444,0.03526
2507.43564,0.03514
2505.50685,0.03560
2503.57805,0.03576
2501.64925,0.03556
2499.72046,0.03566
2497.79166,0.03583
2495.86286,0.03559
2493.93407,0.03525
2492.00527,0.03502
2490.07647,0.03492
2488.14768,0.03521
2486.21888,0.03575
2484.29008,0.03611
2482.36129,0.03619
2480.43249,0.03613
2478.50369,0.03603
2476.57490,0.03579
2474.64610,0.03550
2472.71730,0.03532
2470.78851,0.03532
2468.85971,0.03562
2466.93091,0.03596
2465.00212,0.03599
2463.07332,0.03574
2461.14452,0.03534
2459.21573,0.03505
2457.28693,0.03500
2455.35813,0.03475
2453.42934,0.03427
2451.50054,0.03401
2449.57174,0.03402
2447.64295,0.03406
2445.71415,0.03396
2443.78535,0.03378
2441.85656,0.03388
2439.92776,0.03432
2437.99896,0.03464
2436.07017,0.03462
2434.14137,0.03450
2432.21257,0.03439
2430.28378,0.03427
2428.35498,0.03428
2426.42618,0.03441
2424.49739,0.03432
2422.56859,0.03385
2420.63979,0.03324
2418.71100,0.03278
2416.78220,0.03260
2414.85340,0.03262
2412.92461,0.03268
2410.99581,0.03253
2409.06701,0.03220
2407.13822,0.03204
2405.20942,0.03191
2403.28062,0.03165
2401.35183,0.03138
2399.42303,0.03094
2397.49423,0.03041
2395.56544,0.03030
2393.63664,0.03052
2391.70784,0.03074
2389.77905,0.03137
2387.85025,0.03327
2385.92145,0.03712
2383.99266,0.04354
2382.06386,0.05282
2380.13506,0.06456
2378.20627,0.07765
2376.27747,0.09126
2374.34867,0.10520
2372.41988,0.11938
2370.49108,0.13353
2368.56228,0.14710
2366.63349,0.15927
2364.70469,0.16914
2362.77589,0.17574
2360.84710,0.17836
2358.91830,0.17634
2356.98951,0.16888
2355.06071,0.15560
2353.13191,0.13765
2351.20312,0.11988
2349.27432,0.11079
2347.34552,0.11506
2345.41673,0.12771
2343.48793,0.13670
2341.55913,0.13806
2339.63034,0.13612
2337.70154,0.13342
2335.77274,0.13110
2333.84395,0.13024
2331.91515,0.13009
2329.98635,0.12791
2328.05756,0.12336
2326.12876,0.11921
2324.19996,0.11656
2322.27117,0.11315
2320.34237,0.10667
2318.41357,0.09811
2316.48478,0.09041
2314.55598,0.08520
2312.62718,0.08137
2310.69839,0.07690
2308.76959,0.07144
2306.84079,0.06571
2304.91200,0.06032
2302.98320,0.05580
2301.05440,0.05224
2299.12561,0.04922
2297.19681,0.04673
2295.26801,0.04487
2293.33922,0.04301
2291.41042,0.04075
2289.48162,0.03863
2287.55283,0.03712
2285.62403,0.03619
2283.69523,0.03584
2281.76644,0.03600
2279.83764,0.03645
2277.90884,0.03715
2275.98005,0.03794
2274.05125,0.03840
2272.12245,0.03872
2270.19366,0.03946
2268.26486,0.04015
2266.33606,0.03997
2264.40727,0.03928
2262.47847,0.03880
2260.54967,0.03868
2258.62088,0.03911
2256.69208,0.03990
2254.76328,0.04001
2252.83449,0.03912
2250.90569,0.03831
2248.97689,0.03819
2247.04810,0.03850
2245.11930,0.03940
2243.19050,0.04048
2241.26171,0.04075
2239.33291,0.04029
2237.40411,0.04014
2235.47532,0.04105
2233.54652,0.04186
2231.61772,0.04141
2229.68893,0.04148
2227.76013,0.04282
2225.83133,0.04339
2223.90254,0.04298
2221.97374,0.04308
2220.04494,0.04401
2218.11615,0.04499
2216.18735,0.04526
2214.25855,0.04545
2212.32976,0.04604
2210.40096,0.04617
2208.47216,0.04595
2206.54337,0.04534
2204.61457,0.04433
2202.68577,0.04473
2200.75698,0.04656
2198.82818,0.04774
2196.89938,0.04792
2194.97059,0.04800
2193.04179,0.04853
2191.11299,0.04973
2189.18420,0.05097
2187.25540,0.05168
2185.32660,0.05225
2183.39781,0.05245
2181.46901,0.05247
2179.54021,0.05298
2177.61142,0.05324
2175.68262,0.05299
2173.75382,0.05241
2171.82503,0.05207
2169.89623,0.05290
2167.96743,0.05422
2166.03864,0.05552
2164.10984,0.05720
2162.18104,0.05882
2160.25225,0.06035
2158.32345,0.06149
2156.39465,0.05943
2154.46586,0.05472
2152.53706,0.05230
2150.60826,0.05170
2148.67947,0.04832
2146.75067,0.04318
2144.82187,0.03991
2142.89308,0.03768
2140.96428,0.03560
2139.03548,0.03503
2137.10669,0.03557
2135.17789,0.03540
2133.24909,0.03424
2131.32030,0.03318
2129.39150,0.03258
2127.46270,0.03177
2125.53391,0.03063
2123.60511,0.02934
2121.67631,0.02820
2119.74752,0.02770
2117.81872,0.02772
2115.88992,0.02764
2113.96113,0.02716
2112.03233,0.02667
2110.10353,0.02677
2108.17474,0.02719
2106.24594,0.02731
2104.31714,0.02760
2102.38835,0.02841
2100.45955,0.02888
2098.53075,0.02850
2096.60196,0.02778
2094.67316,0.02743
2092.74436,0.02743
2090.81557,0.02736
2088.88677,0.02729
2086.95797,0.02746
2085.02918,0.02778
2083.10038,0.02834
2081.17158,0.02900
2079.24279,0.02916
2077.31399,0.02912
2075.38519,0.02919
2073.45640,0.02895
2071.52760,0.02901
2069.59880,0.02975
2067.67001,0.03033
2065.74121,0.03044
2063.81241,0.03028
2061.88362,0.02982
2059.95482,0.02928
2058.02602,0.02900
2056.09723,0.02911
2054.16843,0.02985
2052.23963,0.03098
2050.31084,0.03242
2048.38204,0.03420
2046.45324,0.03567
2044.52445,0.03707
2042.59565,0.03864
2040.66685,0.03956
2038.73806,0.03891
2036.80926,0.03739
2034.88046,0.03764
2032.95167,0.03981
2031.02287,0.04121
2029.09407,0.04104
2027.16528,0.04089
2025.23648,0.04121
2023.30768,0.04094
2021.37889,0.04003
2019.45009,0.03934
2017.52129,0.03957
2015.59250,0.03981
2013.66370,0.03839
2011.73490,0.03618
2009.80611,0.03530
2007.87731,0.03506
2005.94851,0.03367
2004.01972,0.03220
2002.09092,0.03218
2000.16212,0.03270
1998.23333,0.03259
1996.30453,0.03215
1994.37574,0.03198
1992.44694,0.03230
1990.51814,0.03252
1988.58935,0.03195
1986.66055,0.03136
1984.73175,0.03143
1982.80296,0.03193
1980.87416,0.03335
1978.94536,0.03475
1977.01657,0.03399
1975.08777,0.03284
1973.15897,0.03284
1971.23018,0.03225
1969.30138,0.03144
1967.37258,0.03146
1965.44379,0.03126
1963.51499,0.02981
1961.58619,0.02784
1959.65740,0.02658
1957.72860,0.02611
1955.79980,0.02596
1953.87101,0.02587
1951.94221,0.02578
1950.01341,0.02570
1948.08462,0.02525
1946.15582,0.02486
1944.22702,0.02522
1942.29823,0.02526
1940.36943,0.02413
1938.44063,0.02274
1936.51184,0.02193
1934.58304,0.02207
1932.65424,0.02239
1930.72545,0.02198
1928.79665,0.02150
1926.86785,0.02178
1924.93906,0.02238
1923.01026,0.02249
1921.08146,0.02228
1919.15267,0.02223
1917.22387,0.02180
1915.29507,0.02092
1913.36628,0.02054
1911.43748,0.02074
1909.50868,0.02076
1907.57989,0.02027
1905.65109,0.01977
1903.72229,0.01963
1901.79350,0.01963
1899.86470,0.01963
1897.93590,0.01983
1896.00711,0.02018
1894.07831,0.02041
1892.14951,0.02079
1890.22072,0.02128
1888.29192,0.02113
1886.36312,0.02065
1884.43433,0.02047
1882.50553,0.02044
1880.57673,0.02030
1878.64794,0.02011
1876.71914,0.01998
1874.79034,0.01992
1872.86155,0.02021
1870.93275,0.02117
1869.00395,0.02184
1867.07516,0.02104
1865.14636,0.01968
1863.21756,0.01885
1861.28877,0.01836
1859.35997,0.01804
1857.43117,0.01786
1855.50238,0.01784
1853.57358,0.01808
1851.64478,0.01853
1849.71599,0.01923
1847.78719,0.02031
1845.85839,0.02161
1843.92960,0.02188
1842.00080,0.02075
1840.07200,0.01994
1838.14321,0.01997
1836.21441,0.02006
1834.28561,0.02017
1832.35682,0.02102
1830.42802,0.02201
1828.49922,0.02200
1826.57043,0.02151
1824.64163,0.02082
1822.71283,0.01967
1820.78404,0.01876
1818.85524,0.01847
1816.92644,0.01836
1814.99765,0.01827
1813.06885,0.01852
1811.14005,0.01885
1809.21126,0.01865
1807.28246,0.01814
1805.35366,0.01817
1803.42487,0.01905
1801.49607,0.02005
1799.56727,0.02023
1797.63848,0.02001
1795.70968,0.02054
1793.78088,0.02191
1791.85209,0.02241
1789.92329,0.02115
1787.99449,0.02009
1786.06570,0.02017
1784.13690,0.02051
1782.20810,0.02067
1780.27931,0.02056
1778.35051,0.02023
1776.42171,0.02052
1774.49292,0.02184
1772.56412,0.02289
1770.63532,0.02227
1768.70653,0.02079
1766.77773,0.01933
1764.84893,0.01875
1762.92014,0.01922
1760.99134,0.01943
1759.06254,0.01918
1757.13375,0.01904
1755.20495,0.01901
1753.27615,0.01997
1751.34736,0.02197
1749.41856,0.02290
1747.48976,0.02219
1745.56097,0.02142
1743.63217,0.02130
1741.70337,0.02159
1739.77458,0.02167
1737.84578,0.02193
1735.91698,0.02346
1733.98819,0.02488
1732.05939,0.02361
1730.13059,0.02144
1728.20180,0.01984
1726.27300,0.01902
1724.34420,0.01903
1722.41541,0.01961
1720.48661,0.02155
1718.55781,0.02483
1716.62902,0.02644
1714.70022,0.02523
1712.77142,0.02381
1710.84263,0.02395
1708.91383,0.02601
1706.98503,0.02969
1705.05624,0.03383
1703.12744,0.03837
1701.19864,0.04504
1699.26985,0.05224
1697.34105,0.05807
1695.41225,0.06426
1693.48346,0.07076
1691.55466,0.07885
1689.62586,0.09000
1687.69707,0.10273
1685.76827,0.11818
1683.83947,0.13652
1681.91068,0.15026
1679.98188,0.16092
1678.05308,0.17324
1676.12429,0.18795
1674.19549,0.20272
1672.26669,0.21505
1670.33790,0.22647
1668.40910,0.23600
1666.48030,0.24205
1664.55151,0.24748
1662.62271,0.25251
1660.69391,0.25506
1658.76512,0.25636
1656.83632,0.25896
1654.90752,0.26370
1652.97873,0.26683
1651.04993,0.26582
1649.12113,0.26713
1647.19234,0.27222
1645.26354,0.27778
1643.33474,0.28361
1641.40595,0.29283
1639.47715,0.30605
1637.54835,0.32354
1635.61956,0.34496
1633.69076,0.36351
1631.76197,0.37828
1629.83317,0.39402
1627.90437,0.41003
1625.97558,0.42310
1624.04678,0.43242
1622.11798,0.43719
1620.18919,0.43830
1618.26039,0.43804
1616.33159,0.43549
1614.40280,0.43145
1612.47400,0.42941
1610.54520,0.43033
1608.61641,0.43404
1606.68761,0.44013
1604.75881,0.44838
1602.83002,0.45828
1600.90122,0.46857
1598.97242,0.47781
1597.04363,0.48506
1595.11483,0.48940
1593.18603,0.48960
1591.25724,0.48534
1589.32844,0.47667
1587.39964,0.46387
1585.47085,0.44762
1583.54205,0.42871
1581.61325,0.40851
1579.68446,0.38914
1577.75566,0.36902
1575.82686,0.34409
1573.89807,0.32081
1571.96927,0.30289
1570.04047,0.28450
1568.11168,0.26511
1566.18288,0.24844
1564.25408,0.23484
1562.32529,0.22556
1560.39649,0.21845
1558.46769,0.20533
1556.53890,0.19008
1554.61010,0.17874
1552.68130,0.16954
1550.75251,0.16179
1548.82371,0.15499
1546.89491,0.14999
1544.96612,0.14715
1543.03732,0.14528
1541.10852,0.14221
1539.17973,0.13494
1537.25093,0.12767
1535.32213,0.12386
1533.39334,0.12080
1531.46454,0.11665
1529.53574,0.11356
1527.60695,0.11204
1525.67815,0.11076
1523.74935,0.10976
1521.82056,0.10857
1519.89176,0.10602
1517.96296,0.10319
1516.03417,0.10037
1514.10537,0.09780
1512.17657,0.09705
1510.24778,0.09898
1508.31898,0.10249
1506.39018,0.10257
1504.46139,0.09860
1502.53259,0.09695
1500.60379,0.09890
1498.67500,0.10298
1496.74620,0.10709
1494.81740,0.11050
1492.88861,0.11541
1490.95981,0.12352
1489.03101,0.13271
1487.10222,0.14035
1485.17342,0.14809
1483.24462,0.15789
1481.31583,0.16981
1479.38703,0.18286
1477.45823,0.19703
1475.52944,0.21244
1473.60064,0.22795
1471.67184,0.24076
1469.74305,0.24934
1467.81425,0.25680
1465.88545,0.26463
1463.95666,0.27008
1462.02786,0.27240
1460.09906,0.27410
1458.17027,0.27375
1456.24147,0.26571
1454.31267,0.25326
1452.38388,0.24153
1450.45508,0.23006
1448.52628,0.21758
1446.59749,0.20359
1444.66869,0.18982
1442.73989,0.17724
1440.81110,0.16635
1438.88230,0.15749
1436.95350,0.14802
1435.02471,0.13701
1433.09591,0.12774
1431.16711,0.12031
1429.23832,0.11312
1427.30952,0.10665
1425.38072,0.10156
1423.45193,0.09743
1421.52313,0.09454
1419.59433,0.09218
1417.66554,0.08805
1415.73674,0.08298
1413.80794,0.07908
1411.87915,0.07638
1409.95035,0.07419
1408.02155,0.07255
1406.09276,0.07140
1404.16396,0.06993
1402.23516,0.06849
1400.30637,0.06806
1398.37757,0.06806
1396.44877,0.06752
1394.51998,0.06596
1392.59118,0.06366
1390.66238,0.06221
1388.73359,0.06193
1386.80479,0.06117
1384.87599,0.05938
1382.94720,0.05783
1381.01840,0.05700
1379.08960,0.05647
1377.16081,0.05625
1375.23201,0.05616
1373.30321,0.05524
1371.37442,0.05367
1369.44562,0.05255
1367.51682,0.05198
1365.58803,0.05207
1363.65923,0.05271
1361.73043,0.05253
1359.80164,0.05128
1357.87284,0.05027
1355.94404,0.04989
1354.01525,0.04970
1352.08645,0.04953
1350.15765,0.04946
1348.22886,0.04942
1346.30006,0.04936
1344.37126,0.04953
1342.44247,0.05027
1340.51367,0.05126
1338.58487,0.05136
1336.65608,0.05048
1334.72728,0.04954
1332.79848,0.04893
1330.86969,0.04845
1328.94089,0.04798
1327.01209,0.04755
1325.08330,0.04716
1323.15450,0.04684
1321.22570,0.04669
1319.29691,0.04660
1317.36811,0.04635
1315.43931,0.04602
1313.51052,0.04580
1311.58172,0.04561
1309.65292,0.04545
1307.72413,0.04538
1305.79533,0.04535
1303.86653,0.04545
1301.93774,0.04565
1300.00894,0.04589
1298.08014,0.04614
1296.15135,0.04632
1294.22255,0.04637
1292.29375,0.04637
1290.36496,0.04642
1288.43616,0.04646
1286.50736,0.04636
1284.57857,0.04616
1282.64977,0.04598
1280.72097,0.04579
1278.79218,0.04551
1276.86338,0.04522
1274.93458,0.04505
1273.00579,0.04504
1271.07699,0.04501
1269.14820,0.04493
1267.21940,0.04499
1265.29060,0.04522
1263.36181,0.04549
1261.43301,0.04570
1259.50421,0.04584
1257.57542,0.04591
1255.64662,0.04600
1253.71782,0.04621
1251.78903,0.04654
1249.86023,0.04692
1247.93143,0.04725
1246.00264,0.04756
1244.07384,0.04790
1242.14504,0.04821
1240.21625,0.04839
1238.28745,0.04852
1236.35865,0.04861
1234.42986,0.04862
1232.50106,0.04863
1230.57226,0.04872
1228.64347,0.04881
1226.71467,0.04883
1224.78587,0.04884
1222.85708,0.04894
1220.92828,0.04919
1218.99948,0.04957
1217.07069,0.05001
1215.14189,0.05050
1213.21309,0.05107
1211.28430,0.05179
1209.35550,0.05261
1207.42670,0.05349
1205.49791,0.05446
1203.56911,0.05552
1201.64031,0.05667
1199.71152,0.05798
1197.78272,0.05948
1195.85392,0.06107
1193.92513,0.06273
1191.99633,0.06458
1190.06753,0.06672
1188.13874,0.06906
1186.20994,0.07149
1184.28114,0.07402
1182.35235,0.07681
1180.42355,0.08005
1178.49475,0.08377
1176.56596,0.08786
1174.63716,0.09224
1172.70836,0.09688
1170.77957,0.10177
1168.85077,0.10680
1166.92197,0.11176
1164.99318,0.11647
1163.06438,0.12067
1161.13558,0.12401
1159.20679,0.12620
1157.27799,0.12717
1155.34919,0.12686
1153.42040,0.12527
1151.49160,0.12262
1149.56280,0.11909
1147.63401,0.11484
1145.70521,0.11016
1143.77641,0.10530
1141.84762,0.10042
1139.91882,0.09567
1137.99002,0.09107
1136.06123,0.08673
1134.13243,0.08268
1132.20363,0.07902
1130.27484,0.07584
1128.34604,0.07308
1126.41724,0.07058
1124.48845,0.06836
1122.55965,0.06648
1120.63085,0.06495
1118.70206,0.06373
1116.77326,0.06267
1114.84446,0.06177
1112.91567,0.06108
1110.98687,0.06054
1109.05807,0.06011
1107.12928,0.05983
1105.20048,0.05970
1103.27168,0.05964
1101.34289,0.05960
1099.41409,0.05961
1097.48529,0.05969
1095.55650,0.05982
1093.62770,0.05997
1091.69890,0.06014
1089.77011,0.06038
1087.84131,0.06064
1085.91251,0.06077
1083.98372,0.06084
1082.05492,0.06098
1080.12612,0.06116
1078.19733,0.06136
1076.26853,0.06163
1074.33973,0.06196
1072.41094,0.06235
1070.48214,0.06269
1068.55334,0.06293
1066.62455,0.06311
1064.69575,0.06332
1062.76695,0.06344
1060.83816,0.06329
1058.90936,0.06300
1056.98056,0.06276
1055.05177,0.06246
1053.12297,0.06202
1051.19417,0.06150
1049.26538,0.06096
1047.33658,0.06040
1045.40778,0.05983
1043.47899,0.05919
1041.55019,0.05838
1039.62139,0.05744
1037.69260,0.05656
1035.76380,0.05572
1033.83500,0.05480
1031.90621,0.05386
1029.97741,0.05300
1028.04861,0.05217
1026.11982,0.05137
1024.19102,0.05074
1022.26222,0.05032
1020.33343,0.04994
1018.40463,0.04955
1016.47583,0.04931
1014.54704,0.04925
1012.61824,0.04925
1010.68944,0.04918
1008.76065,0.04897
1006.83185,0.04862
1004.90305,0.04814
1002.97426,0.04758
1001.04546,0.04705
999.11666,0.04663
997.18787,0.04628
995.25907,0.04589
993.33027,0.04540
991.40148,0.04492
989.47268,0.04445
987.54388,0.04386
985.61509,0.04316
983.68629,0.04248
981.75749,0.04184
979.82870,0.04115
977.89990,0.04040
975.97110,0.03970
974.04231,0.03914
972.11351,0.03866
970.18471,0.03820
968.25592,0.03791
966.32712,0.03786
964.39832,0.03791
962.46953,0.03789
960.54073,0.03775
958.61193,0.03750
956.68314,0.03718
954.75434,0.03690
952.82554,0.03680
950.89675,0.03679
948.96795,0.03661
947.03915,0.03624
945.11036,0.03582
943.18156,0.03533
941.25276,0.03470
939.32397,0.03399
937.39517,0.03327
935.46637,0.03256
933.53758,0.03182
931.60878,0.03105
929.67998,0.03032
927.75119,0.02971
925.82239,0.02922
923.89359,0.02865
921.96480,0.02792
920.03600,0.02727
918.10720,0.02684
916.17841,0.02656
914.24961,0.02633
912.32081,0.02618
910.39202,0.02611
908.46322,0.02595
906.53443,0.02564
904.60563,0.02534
902.67683,0.02521
900.74804,0.02514
898.81924,0.02493
896.89044,0.02452
894.96165,0.02398
893.03285,0.02336
891.10405,0.02267
889.17526,0.02190
887.24646,0.02105
885.31766,0.02010
883.38887,0.01914
881.46007,0.01831
879.53127,0.01756
877.60248,0.01689
875.67368,0.01634
873.74488,0.01588
871.81609,0.01550
869.88729,0.01519
867.95849,0.01485
866.02970,0.01462
864.10090,0.01460
862.17210,0.01462
860.24331,0.01452
858.31451,0.01443
856.38571,0.01444
854.45692,0.01451
852.52812,0.01460
850.59932,0.01455
848.67053,0.01431
846.74173,0.01405
844.81293,0.01384
842.88414,0.01350
840.95534,0.01301
839.02654,0.01257
837.09775,0.01214
835.16895,0.01167
833.24015,0.01126
831.31136,0.01090
829.38256,0.01051
827.45376,0.01012
825.52497,0.00986
823.59617,0.00993
821.66737,0.01027
819.73858,0.01059
817.80978,0.01080
815.88098,0.01106
813.95219,0.01152
812.02339,0.01207
810.09459,0.01264
808.16580,0.01325
806.23700,0.01392
804.30820,0.01472
802.37941,0.01568
800.45061,0.01657
798.52181,0.01742
796.59302,0.01841
794.66422,0.01944
792.73542,0.02028
790.80663,0.02095
788.87783,0.02148
786.94903,0.02180
785.02024,0.02178
783.09144,0.02136
781.16264,0.02054
779.23385,0.01937
777.30505,0.01789
775.37625,0.01629
773.44746,0.01501
771.51866,0.01436
769.58986,0.01413
767.66107,0.01396
765.73227,0.01397
763.80347,0.01409
761.87468,0.01404
759.94588,0.01396
758.01708,0.01410
756.08829,0.01440
754.15949,0.01474
752.23069,0.01510
750.30190,0.01542
748.37310,0.01546
