3496.90832,0.06107
3494.97953,0.06027
3493.05073,0.05800
3491.12193,0.05995
3489.19314,0.06499
3487.26434,0.06678
3485.33554,0.06313
3483.40675,0.06345
3481.47795,0.07082
3479.54915,0.07278
3477.62036,0.06988
3475.69156,0.07187
3473.76276,0.07509
3471.83397,0.07209
3469.90517,0.06494
3467.97637,0.06217
3466.04758,0.06764
3464.11878,0.07546
3462.18998,0.07621
3460.26119,0.06798
3458.33239,0.05906
3456.40359,0.05576
3454.47480,0.05686
3452.54600,0.05800
3450.61721,0.05379
3448.68841,0.04482
3446.75961,0.04253
3444.83082,0.05068
3442.90202,0.05773
3440.97322,0.05733
3439.04443,0.05135
3437.11563,0.04465
3435.18683,0.04205
3433.25804,0.04288
3431.32924,0.04604
3429.40044,0.05251
3427.47165,0.06003
3425.54285,0.06420
3423.61405,0.06453
3421.68526,0.06172
3419.75646,0.05451
3417.82766,0.04599
3415.89887,0.03990
3413.97007,0.03488
3412.04127,0.03057
3410.11248,0.02893
3408.18368,0.03002
3406.25488,0.03046
3404.32609,0.02785
3402.39729,0.02624
3400.46849,0.03111
3398.53970,0.03742
3396.61090,0.03608
3394.68210,0.03307
3392.75331,0.03755
3390.82451,0.04393
3388.89571,0.04606
3386.96692,0.04734
3385.03812,0.05050
3383.10932,0.05317
3381.18053,0.05474
3379.25173,0.05442
3377.32293,0.05013
3375.39414,0.04617
3373.46534,0.04858
3371.53654,0.05363
3369.60775,0.05474
3367.67895,0.05683
3365.75015,0.06422
3363.82136,0.07040
3361.89256,0.07039
3359.96376,0.06504
3358.03497,0.05842
3356.10617,0.05729
3354.17737,0.06267
3352.24858,0.06868
3350.31978,0.07072
3348.39098,0.06755
3346.46219,0.06319
3344.53339,0.06435
3342.60459,0.06804
3340.67580,0.06618
3338.74700,0.05840
3336.81820,0.04807
3334.88941,0.03955
3332.96061,0.03771
3331.03181,0.04391
3329.10302,0.05276
3327.17422,0.05381
3325.24542,0.04627
3323.31663,0.03948
3321.38783,0.04126
3319.45903,0.05115
3317.53024,0.05816
3315.60144,0.05161
3313.67264,0.03767
3311.74385,0.02979
3309.81505,0.03197
3307.88625,0.04211
3305.95746,0.05044
3304.02866,0.04804
3302.09986,0.04200
3300.17107,0.03799
3298.24227,0.03201
3296.31347,0.02709
3294.38468,0.02567
3292.45588,0.02457
3290.52708,0.02460
3288.59829,0.02472
3286.66949,0.02064
3284.74069,0.01546
3282.81190,0.01543
3280.88310,0.01946
3278.95430,0.02427
3277.02551,0.02919
3275.09671,0.03244
3273.16791,0.03377
3271.23912,0.03661
3269.31032,0.03866
3267.38152,0.03577
3265.45273,0.03150
3263.52393,0.02760
3261.59513,0.02355
3259.66634,0.02210
3257.73754,0.02448
3255.80874,0.02972
3253.87995,0.03396
3251.95115,0.03509
3250.02235,0.03451
3248.09356,0.03138
3246.16476,0.02834
3244.23596,0.02968
3242.30717,0.03075
3240.37837,0.02782
3238.44957,0.03021
3236.52078,0.04069
3234.59198,0.04609
3232.66318,0.04327
3230.73439,0.03850
3228.80559,0.03066
3226.87679,0.02161
3224.94800,0.01947
3223.01920,0.02816
3221.09040,0.04176
3219.16161,0.05070
3217.23281,0.05392
3215.30401,0.05515
3213.37522,0.05546
3211.44642,0.05639
3209.51762,0.05729
3207.58883,0.05319
3205.66003,0.04569
3203.73123,0.04250
3201.80244,0.04443
3199.87364,0.04589
3197.94484,0.04514
3196.01605,0.04474
3194.08725,0.04569
3192.15845,0.04603
3190.22966,0.04538
3188.30086,0.04502
3186.37206,0.04205
3184.44327,0.03674
3182.51447,0.03546
3180.58567,0.03849
3178.65688,0.04087
3176.72808,0.03997
3174.79928,0.03722
3172.87049,0.03615
3170.94169,0.03590
3169.01289,0.03403
3167.08410,0.03330
3165.15530,0.03567
3163.22650,0.03680
3161.29771,0.03387
3159.36891,0.03073
3157.44011,0.03095
3155.51132,0.03362
3153.58252,0.03648
3151.65372,0.03788
3149.72493,0.03625
3147.79613,0.03228
3145.86733,0.02918
3143.93854,0.02871
3142.00974,0.02990
3140.08094,0.03073
3138.15215,0.03052
3136.22335,0.02995
3134.29455,0.02912
3132.36576,0.02838
3130.43696,0.02858
3128.50816,0.02859
3126.57937,0.02679
3124.65057,0.02556
3122.72177,0.02845
3120.79298,0.03300
3118.86418,0.03456
3116.93538,0.03339
3115.00659,0.03143
3113.07779,0.02948
3111.14899,0.02866
3109.22020,0.02903
3107.29140,0.03026
3105.36260,0.03206
3103.43381,0.03265
3101.50501,0.03200
3099.57621,0.03182
3097.64742,0.03118
3095.71862,0.02948
3093.78982,0.02849
3091.86103,0.02826
3089.93223,0.02846
3088.00344,0.02945
3086.07464,0.03039
3084.14584,0.03037
3082.21705,0.02974
3080.28825,0.02935
3078.35945,0.02907
3076.43066,0.02869
3074.50186,0.02890
3072.57306,0.02942
3070.64427,0.02938
3068.71547,0.02885
3066.78667,0.02835
3064.85788,0.02820
3062.92908,0.02808
3061.00028,0.02760
3059.07149,0.02712
3057.14269,0.02771
3055.21389,0.02947
3053.28510,0.03059
3051.35630,0.02997
3049.42750,0.02878
3047.49871,0.02841
3045.56991,0.02901
3043.64111,0.03010
3041.71232,0.03119
3039.78352,0.03152
3037.85472,0.03114
3035.92593,0.03104
3033.99713,0.03119
3032.06833,0.03138
3030.13954,0.03167
3028.21074,0.03196
3026.28194,0.03255
3024.35315,0.03297
3022.42435,0.03275
3020.49555,0.03263
3018.56676,0.03286
3016.63796,0.03302
3014.70916,0.03299
3012.78037,0.03322
3010.85157,0.03376
3008.92277,0.03384
3006.99398,0.03343
3005.06518,0.03327
3003.13638,0.03316
3001.20759,0.03264
2999.27879,0.03204
2997.34999,0.03174
2995.42120,0.03233
2993.49240,0.03364
2991.56360,0.03416
2989.63481,0.03402
2987.70601,0.03421
2985.77721,0.03428
2983.84842,0.03421
2981.91962,0.03436
2979.99082,0.03435
2978.06203,0.03419
2976.13323,0.03448
2974.20443,0.03515
2972.27564,0.03584
2970.34684,0.03634
2968.41804,0.03615
2966.48925,0.03555
2964.56045,0.03545
2962.63165,0.03599
2960.70286,0.03664
2958.77406,0.03719
2956.84526,0.03768
2954.91647,0.03786
2952.98767,0.03771
2951.05887,0.03774
2949.13008,0.03820
2947.20128,0.03848
2945.27248,0.03843
2943.34369,0.03839
2941.41489,0.03834
2939.48609,0.03844
2937.55730,0.03889
2935.62850,0.03945
2933.69970,0.03989
2931.77091,0.04024
2929.84211,0.04052
2927.91331,0.04083
2925.98452,0.04130
2924.05572,0.04155
2922.12692,0.04132
2920.19813,0.04122
2918.26933,0.04136
2916.34053,0.04126
2914.41174,0.04091
2912.48294,0.04043
2910.55414,0.03984
2908.62535,0.03926
2906.69655,0.03880
2904.76775,0.03870
2902.83896,0.03886
2900.91016,0.03893
2898.98136,0.03909
2897.05257,0.03925
2895.12377,0.03893
2893.19497,0.03849
2891.26618,0.03850
2889.33738,0.03874
2887.40858,0.03881
2885.47979,0.03868
2883.55099,0.03862
2881.62219,0.03875
2879.69340,0.03888
2877.76460,0.03902
2875.83580,0.03907
2873.90701,0.03882
2871.97821,0.03863
2870.04941,0.03883
2868.12062,0.03918
2866.19182,0.03958
2864.26302,0.04005
2862.33423,0.04034
2860.40543,0.04040
2858.47663,0.04068
2856.54784,0.04119
2854.61904,0.04162
2852.69024,0.04189
2850.76145,0.04204
2848.83265,0.04204
2846.90385,0.04161
2844.97506,0.04108
2843.04626,0.04094
2841.11746,0.04091
2839.18867,0.04082
2837.25987,0.04068
2835.33107,0.04043
2833.40228,0.04034
2831.47348,0.04050
2829.54468,0.04059
2827.61589,0.04070
2825.68709,0.04105
2823.75829,0.04148
2821.82950,0.04162
2819.90070,0.04149
2817.97190,0.04139
2816.04311,0.04142
2814.11431,0.04132
2812.18551,0.04102
2810.25672,0.04071
2808.32792,0.04051
2806.39912,0.04050
2804.47033,0.04061
2802.54153,0.04059
2800.61273,0.04043
2798.68394,0.04025
2796.75514,0.04003
2794.82634,0.03967
2792.89755,0.03933
2790.96875,0.03934
2789.03995,0.03952
2787.11116,0.03935
2785.18236,0.03885
2783.25356,0.03854
2781.32477,0.03854
2779.39597,0.03864
2777.46717,0.03865
2775.53838,0.03858
2773.60958,0.03852
2771.68078,0.03847
2769.75199,0.03837
2767.82319,0.03832
2765.89439,0.03832
2763.96560,0.03824
2762.03680,0.03806
2760.10800,0.03784
2758.17921,0.03766
2756.25041,0.03759
2754.32161,0.03748
2752.39282,0.03720
2750.46402,0.03702
2748.53522,0.03715
2746.60643,0.03736
2744.67763,0.03735
2742.74883,0.03714
2740.82004,0.03695
2738.89124,0.03687
2736.96244,0.03700
2735.03365,0.03732
2733.10485,0.03748
2731.17605,0.03738
2729.24726,0.03733
2727.31846,0.03743
2725.38967,0.03753
2723.46087,0.03748
2721.53207,0.03738
2719.60328,0.03739
2717.67448,0.03749
2715.74568,0.03749
2713.81689,0.03738
2711.88809,0.03735
2709.95929,0.03724
2708.03050,0.03694
2706.10170,0.03679
2704.17290,0.03688
2702.24411,0.03687
2700.31531,0.03685
2698.38651,0.03693
2696.45772,0.03690
2694.52892,0.03687
2692.60012,0.03704
2690.67133,0.03709
2688.74253,0.03687
2686.81373,0.03669
2684.88494,0.03667
2682.95614,0.03673
2681.02734,0.03686
2679.09855,0.03706
2677.16975,0.03718
2675.24095,0.03715
2673.31216,0.03707
2671.38336,0.03688
2669.45456,0.03672
2667.52577,0.03678
2665.59697,0.03685
2663.66817,0.03677
2661.73938,0.03656
2659.81058,0.03627
2657.88178,0.03611
2655.95299,0.03616
2654.02419,0.03633
2652.09539,0.03648
2650.16660,0.03642
2648.23780,0.03630
2646.30900,0.03639
2644.38021,0.03661
2642.45141,0.03683
2640.52261,0.03695
2638.59382,0.03694
2636.66502,0.03697
2634.73622,0.03718
2632.80743,0.03740
2630.87863,0.03741
2628.94983,0.03726
2627.02104,0.03712
2625.09224,0.03711
2623.16344,0.03727
2621.23465,0.03752
2619.30585,0.03775
2617.37705,0.03782
2615.44826,0.03762
2613.51946,0.03739
2611.59066,0.03740
2609.66187,0.03745
2607.73307,0.03740
2605.80427,0.03749
2603.87548,0.03771
2601.94668,0.03775
2600.01788,0.03745
2598.08909,0.03717
2596.16029,0.03745
2594.23149,0.03801
2592.30270,0.03816
2590.37390,0.03819
2588.44510,0.03823
2586.51631,0.03786
2584.58751,0.03750
2582.65871,0.03746
2580.72992,0.03719
2578.80112,0.03689
2576.87232,0.03723
2574.94353,0.03781
2573.01473,0.03791
2571.08593,0.03787
2569.15714,0.03809
2567.22834,0.03827
2565.29954,0.03809
2563.37075,0.03763
2561.44195,0.03717
2559.51315,0.03685
2557.58436,0.03675
2555.65556,0.03692
2553.72676,0.03707
2551.79797,0.03720
2549.86917,0.03751
2547.94037,0.03760
2546.01158,0.03714
2544.08278,0.03657
2542.15398,0.03638
2540.22519,0.03650
2538.29639,0.03665
2536.36759,0.03678
2534.43880,0.03700
2532.51000,0.03721
2530.58120,0.03700
2528.65241,0.03655
2526.72361,0.03638
2524.79481,0.03628
2522.86602,0.03585
2520.93722,0.03538
2519.00842,0.03524
2517.07963,0.03553
2515.15083,0.03607
2513.22203,0.03635
2511.29324,0.03617
2509.36444,0.03582
2507.43564,0.03575
2505.50685,0.03599
2503.57805,0.03597
2501.64925,0.03556
2499.72046,0.03528
2497.79166,0.03535
2495.86286,0.03565
2493.93407,0.03602
2492.00527,0.03606
2490.07647,0.03562
2488.14768,0.03531
2486.21888,0.03556
2484.29008,0.03589
2482.36129,0.03575
2480.43249,0.03541
2478.50369,0.03531
2476.57490,0.03548
2474.64610,0.03574
2472.71730,0.03575
2470.78851,0.03552
2468.85971,0.03538
2466.93091,0.03540
2465.00212,0.03542
2463.07332,0.03530
2461.14452,0.03521
2459.21573,0.03527
2457.28693,0.03519
2455.35813,0.03482
2453.42934,0.03449
2451.50054,0.03444
2449.57174,0.03435
2447.64295,0.03402
2445.71415,0.03389
2443.78535,0.03412
2441.85656,0.03433
2439.92776,0.03459
2437.99896,0.03484
2436.07017,0.03466
2434.14137,0.03429
2432.21257,0.03415
2430.28378,0.03411
2428.35498,0.03405
2426.42618,0.03417
2424.49739,0.03438
2422.56859,0.03425
2420.63979,0.03376
2418.71100,0.03329
2416.78220,0.03305
2414.85340,0.03286
2412.92461,0.03247
2410.99581,0.03201
2409.06701,0.03186
2407.13822,0.03199
2405.20942,0.03197
2403.28062,0.03159
2401.35183,0.03103
2399.42303,0.03048
2397.49423,0.03010
2395.56544,0.03007
2393.63664,0.03028
2391.70784,0.03060
2389.77905,0.03130
2387.85025,0.03318
2385.92145,0.03710
2383.99266,0.04349
2382.06386,0.05252
2380.13506,0.06418
2378.20627,0.07743
2376.27747,0.09093
2374.34867,0.10455
2372.41988,0.11884
2370.49108,0.13359
2368.56228,0.14745
2366.63349,0.15936
2364.70469,0.16896
2362.77589,0.17547
2360.84710,0.17793
2358.91830,0.17577
2356.98951,0.16839
2355.06071,0.15537
2353.13191,0.13766
2351.20312,0.11985
2349.27432,0.11049
2347.34552,0.11462
2345.41673,0.12741
2343.48793,0.13663
2341.55913,0.13822
2339.63034,0.13643
2337.70154,0.13341
2335.77274,0.13049
2333.84395,0.12943
2331.91515,0.12955
2329.98635,0.12765
2328.05756,0.12327
2326.12876,0.11922
2324.19996,0.11654
2322.27117,0.11290
2320.34237,0.10614
2318.41357,0.09748
2316.48478,0.08999
2314.55598,0.08524
2312.62718,0.08172
2310.69839,0.07730
2308.76959,0.07181
2306.84079,0.06604
2304.91200,0.06060
2302.98320,0.05610
2301.05440,0.05262
2299.12561,0.04959
2297.19681,0.04684
2295.26801,0.04454
2293.33922,0.04261
2291.41042,0.04075
2289.48162,0.03891
2287.55283,0.03719
2285.62403,0.03573
2283.69523,0.03503
2281.76644,0.03527
2279.83764,0.03606
2277.90884,0.03704
2275.98005,0.03804
2274.05125,0.03862
2272.12245,0.03850
2270.19366,0.03813
2268.26486,0.03821
2266.33606,0.03886
2264.40727,0.03971
2262.47847,0.04038
2260.54967,0.04059
2258.62088,0.04054
2256.69208,0.04056
2254.76328,0.04003
2252.83449,0.03878
2250.90569,0.03808
2248.97689,0.03842
2247.04810,0.03897
2245.11930,0.03967
2243.19050,0.04066
2241.26171,0.04133
2239.33291,0.04140
2237.40411,0.04090
2235.47532,0.04030
2233.54652,0.04039
2231.61772,0.04098
2229.68893,0.04168
2227.76013,0.04229
2225.83133,0.04256
2223.90254,0.04271
2221.97374,0.04329
2220.04494,0.04441
2218.11615,0.04484
2216.18735,0.04373
2214.25855,0.04229
2212.32976,0.04195
2210.40096,0.04313
2208.47216,0.04494
2206.54337,0.04527
2204.61457,0.04434
2202.68577,0.04491
2200.75698,0.04692
2198.82818,0.04768
2196.89938,0.04694
2194.97059,0.04690
2193.04179,0.04833
2191.11299,0.04958
2189.18420,0.05023
2187.25540,0.05159
2185.32660,0.05265
2183.39781,0.05121
2181.46901,0.04952
2179.54021,0.05075
2177.61142,0.05276
2175.68262,0.05365
2173.75382,0.05459
2171.82503,0.05473
2169.89623,0.05357
2167.96743,0.05316
2166.03864,0.05463
2164.10984,0.05828
2162.18104,0.06338
2160.25225,0.06662
2158.32345,0.06645
2156.39465,0.06400
2154.46586,0.05944
2152.53706,0.05432
2150.60826,0.05051
2148.67947,0.04769
2146.75067,0.04525
2144.82187,0.04310
2142.89308,0.04087
2140.96428,0.03874
2139.03548,0.03817
2137.10669,0.03877
2135.17789,0.03782
2133.24909,0.03537
2131.32030,0.03370
2129.39150,0.03257
2127.46270,0.03098
2125.53391,0.02967
2123.60511,0.02896
2121.67631,0.02800
2119.74752,0.02676
2117.81872,0.02616
2115.88992,0.02647
2113.96113,0.02688
2112.03233,0.02698
2110.10353,0.02716
2108.17474,0.02746
2106.24594,0.02763
2104.31714,0.02792
2102.38835,0.02841
2100.45955,0.02857
2098.53075,0.02811
2096.60196,0.02739
2094.67316,0.02661
2092.74436,0.02604
2090.81557,0.02629
2088.88677,0.02736
2086.95797,0.02861
2085.02918,0.02934
2083.10038,0.02921
2081.17158,0.02871
2079.24279,0.02835
2077.31399,0.02828
2075.38519,0.02848
2073.45640,0.02868
2071.52760,0.02903
2069.59880,0.02965
2067.67001,0.03012
2065.74121,0.03020
2063.81241,0.03009
2061.88362,0.03005
2059.95482,0.03044
2058.02602,0.03103
2056.09723,0.03108
2054.16843,0.03092
2052.23963,0.03112
2050.31084,0.03193
2048.38204,0.03371
2046.45324,0.03574
2044.52445,0.03676
2042.59565,0.03694
2040.66685,0.03744
2038.73806,0.03803
2036.80926,0.03740
2034.88046,0.03701
2032.95167,0.03892
2031.02287,0.04126
2029.09407,0.04177
2027.16528,0.04063
2025.23648,0.03887
2023.30768,0.03750
2021.37889,0.03668
2019.45009,0.03678
2017.52129,0.03770
2015.59250,0.03754
2013.66370,0.03628
2011.73490,0.03601
2009.80611,0.03709
2007.87731,0.03739
2005.94851,0.03560
2004.01972,0.03355
2002.09092,0.03322
2000.16212,0.03404
1998.23333,0.03409
1996.30453,0.03272
1994.37574,0.03111
1992.44694,0.03051
1990.51814,0.03105
1988.58935,0.03206
1986.66055,0.03271
1984.73175,0.03291
1982.80296,0.03350
1980.87416,0.03470
1978.94536,0.03582
1977.01657,0.03586
1975.08777,0.03488
1973.15897,0.03372
1971.23018,0.03236
1969.30138,0.03150
1967.37258,0.03161
1965.44379,0.03131
1963.51499,0.02964
1961.58619,0.02756
1959.65740,0.02635
1957.72860,0.02572
1955.79980,0.02491
1953.87101,0.02410
1951.94221,0.02376
1950.01341,0.02397
1948.08462,0.02440
1946.15582,0.02490
1944.22702,0.02522
1942.29823,0.02473
1940.36943,0.02360
1938.44063,0.02264
1936.51184,0.02232
1934.58304,0.02271
1932.65424,0.02298
1930.72545,0.02263
1928.79665,0.02211
1926.86785,0.02190
1924.93906,0.02216
1923.01026,0.02252
1921.08146,0.02278
1919.15267,0.02307
1917.22387,0.02262
1915.29507,0.02135
1913.36628,0.02049
1911.43748,0.02042
1909.50868,0.02049
1907.57989,0.02014
1905.65109,0.01953
1903.72229,0.01909
1901.79350,0.01885
1899.86470,0.01886
1897.93590,0.01930
1896.00711,0.01982
1894.07831,0.02002
1892.14951,0.02041
1890.22072,0.02109
1888.29192,0.02115
1886.36312,0.02063
1884.43433,0.02037
1882.50553,0.02046
1880.57673,0.02047
1878.64794,0.02015
1876.71914,0.01971
1874.79034,0.01952
1872.86155,0.02000
1870.93275,0.02121
1869.00395,0.02196
1867.07516,0.02108
1865.14636,0.01966
1863.21756,0.01883
1861.28877,0.01842
1859.35997,0.01824
1857.43117,0.01820
1855.50238,0.01814
1853.57358,0.01813
1851.64478,0.01834
1849.71599,0.01894
1847.78719,0.01993
1845.85839,0.02113
1843.92960,0.02143
1842.00080,0.02038
1840.07200,0.01960
1838.14321,0.01967
1836.21441,0.01982
1834.28561,0.01995
1832.35682,0.02080
1830.42802,0.02180
1828.49922,0.02181
1826.57043,0.02135
1824.64163,0.02071
1822.71283,0.01963
1820.78404,0.01879
1818.85524,0.01858
1816.92644,0.01849
1814.99765,0.01839
1813.06885,0.01858
1811.14005,0.01882
1809.21126,0.01856
1807.28246,0.01804
1805.35366,0.01809
1803.42487,0.01898
1801.49607,0.01992
1799.56727,0.01999
1797.63848,0.01972
1795.70968,0.02031
1793.78088,0.02175
1791.85209,0.02227
1789.92329,0.02100
1787.99449,0.01997
1786.06570,0.02010
1784.13690,0.02045
1782.20810,0.02060
1780.27931,0.02052
1778.35051,0.02024
1776.42171,0.02053
1774.49292,0.02186
1772.56412,0.02297
1770.63532,0.02238
1768.70653,0.02085
1766.77773,0.01935
1764.84893,0.01876
1762.92014,0.01922
1760.99134,0.01939
1759.06254,0.01914
1757.13375,0.01903
1755.20495,0.01901
1753.27615,0.01996
1751.34736,0.02190
1749.41856,0.02271
1747.48976,0.02195
1745.56097,0.02127
1743.63217,0.02125
1741.70337,0.02157
1739.77458,0.02163
1737.84578,0.02186
1735.91698,0.02339
1733.98819,0.02484
1732.05939,0.02358
1730.13059,0.02142
1728.20180,0.01985
1726.27300,0.01904
1724.34420,0.01903
1722.41541,0.01958
1720.48661,0.02152
1718.55781,0.02483
1716.62902,0.02644
1714.70022,0.02521
1712.77142,0.02381
1710.84263,0.02396
1708.91383,0.02598
1706.98503,0.02956
1705.05624,0.03361
1703.12744,0.03816
1701.19864,0.04488
1699.26985,0.05211
1697.34105,0.05794
1695.41225,0.06414
1693.48346,0.07063
1691.55466,0.07868
1689.62586,0.08983
1687.69707,0.10267
1685.76827,0.11826
1683.83947,0.13667
1681.91068,0.15045
1679.98188,0.16113
1678.05308,0.17341
1676.12429,0.18808
1674.19549,0.20281
1672.26669,0.21512
1670.33790,0.22659
1668.40910,0.23622
1666.48030,0.24226
1664.55151,0.24758
1662.62271,0.25254
1660.69391,0.25512
1658.76512,0.25647
1656.83632,0.25911
1654.90752,0.26394
1652.97873,0.26707
1651.04993,0.26584
1649.12113,0.26691
1647.19234,0.27182
1645.26354,0.27729
1643.33474,0.28317
1641.40595,0.29248
1639.47715,0.30577
1637.54835,0.32328
1635.61956,0.34475
1633.69076,0.36349
1631.76197,0.37846
1629.83317,0.39434
1627.90437,0.41044
1625.97558,0.42354
1624.04678,0.43283
1622.11798,0.43757
1620.18919,0.43869
1618.26039,0.43844
1616.33159,0.43580
1614.40280,0.43163
1612.47400,0.42953
1610.54520,0.43043
1608.61641,0.43405
1606.68761,0.44003
1604.75881,0.44824
1602.83002,0.45808
1600.90122,0.46830
1598.97242,0.47767
1597.04363,0.48510
1595.11483,0.48952
1593.18603,0.48979
1591.25724,0.48562
1589.32844,0.47696
1587.39964,0.46413
1585.47085,0.44790
1583.54205,0.42904
1581.61325,0.40887
1579.68446,0.38954
1577.75566,0.36953
1575.82686,0.34465
1573.89807,0.32126
1571.96927,0.30322
1570.04047,0.28471
1568.11168,0.26527
1566.18288,0.24858
1564.25408,0.23493
1562.32529,0.22558
1560.39649,0.21848
1558.46769,0.20543
1556.53890,0.19019
1554.61010,0.17881
1552.68130,0.16958
1550.75251,0.16178
1548.82371,0.15494
1546.89491,0.14995
1544.96612,0.14718
1543.03732,0.14536
1541.10852,0.14231
1539.17973,0.13505
1537.25093,0.12778
1535.32213,0.12400
1533.39334,0.12099
1531.46454,0.11687
1529.53574,0.11376
1527.60695,0.11219
1525.67815,0.11089
1523.74935,0.10994
1521.82056,0.10876
1519.89176,0.10618
1517.96296,0.10332
1516.03417,0.10048
1514.10537,0.09789
1512.17657,0.09714
1510.24778,0.09906
1508.31898,0.10249
1506.39018,0.10245
1504.46139,0.09843
1502.53259,0.09680
1500.60379,0.09876
1498.67500,0.10286
1496.74620,0.10702
1494.81740,0.11043
1492.88861,0.11537
1490.95981,0.12356
1489.03101,0.13280
1487.10222,0.14047
1485.17342,0.14824
1483.24462,0.15807
1481.31583,0.17002
1479.38703,0.18312
1477.45823,0.19736
1475.52944,0.21281
1473.60064,0.22831
1471.67184,0.24107
1469.74305,0.24959
1467.81425,0.25700
1465.88545,0.26478
1463.95666,0.27017
1462.02786,0.27246
1460.09906,0.27415
1458.17027,0.27380
1456.24147,0.26574
1454.31267,0.25324
1452.38388,0.24147
1450.45508,0.23000
1448.52628,0.21751
1446.59749,0.20354
1444.66869,0.18982
1442.73989,0.17731
1440.81110,0.16649
1438.88230,0.15766
1436.95350,0.14817
1435.02471,0.13713
1433.09591,0.12786
1431.16711,0.12046
1429.23832,0.11329
1427.30952,0.10680
1425.38072,0.10171
1423.45193,0.09759
1421.52313,0.09465
1419.59433,0.09224
1417.66554,0.08808
1415.73674,0.08300
1413.80794,0.07908
1411.87915,0.07633
1409.95035,0.07410
1408.02155,0.07244
1406.09276,0.07130
1404.16396,0.06984
1402.23516,0.06837
1400.30637,0.06791
1398.37757,0.06788
1396.44877,0.06736
1394.51998,0.06583
1392.59118,0.06356
1390.66238,0.06215
1388.73359,0.06194
1386.80479,0.06121
1384.87599,0.05940
1382.94720,0.05784
1381.01840,0.05702
1379.08960,0.05651
1377.16081,0.05631
1375.23201,0.05624
1373.30321,0.05531
1371.37442,0.05372
1369.44562,0.05258
1367.51682,0.05198
1365.58803,0.05204
1363.65923,0.05265
1361.73043,0.05244
1359.80164,0.05117
1357.87284,0.05014
1355.94404,0.04974
1354.01525,0.04955
1352.08645,0.04941
1350.15765,0.04936
1348.22886,0.04931
1346.30006,0.04926
1344.37126,0.04945
1342.44247,0.05023
1340.51367,0.05124
1338.58487,0.05136
1336.65608,0.05049
1334.72728,0.04960
1332.79848,0.04903
1330.86969,0.04857
1328.94089,0.04811
1327.01209,0.04766
1325.08330,0.04724
1323.15450,0.04687
1321.22570,0.04668
1319.29691,0.04658
1317.36811,0.04630
1315.43931,0.04595
1313.51052,0.04571
1311.58172,0.04549
1309.65292,0.04533
1307.72413,0.04525
1305.79533,0.04518
1303.86653,0.04525
1301.93774,0.04549
1300.00894,0.04578
1298.08014,0.04607
1296.15135,0.04628
1294.22255,0.04635
1292.29375,0.04636
1290.36496,0.04644
1288.43616,0.04651
1286.50736,0.04642
1284.57857,0.04622
1282.64977,0.04604
1280.72097,0.04586
1278.79218,0.04557
1276.86338,0.04525
1274.93458,0.04507
1273.00579,0.04505
1271.07699,0.04501
1269.14820,0.04492
1267.21940,0.04495
1265.29060,0.04515
1263.36181,0.04537
1261.43301,0.04553
1259.50421,0.04563
1257.57542,0.04570
1255.64662,0.04582
1253.71782,0.04607
1251.78903,0.04643
1249.86023,0.04680
1247.93143,0.04713
1246.00264,0.04747
1244.07384,0.04786
1242.14504,0.04821
1240.21625,0.04841
1238.28745,0.04854
1236.35865,0.04863
1234.42986,0.04867
1232.50106,0.04871
1230.57226,0.04879
1228.64347,0.04885
1226.71467,0.04889
1224.78587,0.04892
1222.85708,0.04899
1220.92828,0.04918
1218.99948,0.04950
1217.07069,0.04992
1215.14189,0.05038
1213.21309,0.05092
1211.28430,0.05161
1209.35550,0.05242
1207.42670,0.05331
1205.49791,0.05431
1203.56911,0.05539
1201.64031,0.05655
1199.71152,0.05787
1197.78272,0.05939
1195.85392,0.06101
1193.92513,0.06271
1191.99633,0.06458
1190.06753,0.06672
1188.13874,0.06908
1186.20994,0.07153
1184.28114,0.07408
1182.35235,0.07689
1180.42355,0.08015
1178.49475,0.08387
1176.56596,0.08796
1174.63716,0.09230
1172.70836,0.09691
1170.77957,0.10178
1168.85077,0.10678
1166.92197,0.11172
1164.99318,0.11639
1163.06438,0.12056
1161.13558,0.12390
1159.20679,0.12609
1157.27799,0.12704
1155.34919,0.12670
1153.42040,0.12512
1151.49160,0.12252
1149.56280,0.11903
1147.63401,0.11483
1145.70521,0.11016
1143.77641,0.10529
1141.84762,0.10043
1139.91882,0.09572
1137.99002,0.09117
1136.06123,0.08684
1134.13243,0.08280
1132.20363,0.07914
1130.27484,0.07595
1128.34604,0.07315
1126.41724,0.07062
1124.48845,0.06838
1122.55965,0.06647
1120.63085,0.06491
1118.70206,0.06364
1116.77326,0.06254
1114.84446,0.06162
1112.91567,0.06094
1110.98687,0.06040
1109.05807,0.05995
1107.12928,0.05966
1105.20048,0.05954
1103.27168,0.05950
1101.34289,0.05950
1099.41409,0.05956
1097.48529,0.05966
1095.55650,0.05980
1093.62770,0.05996
1091.69890,0.06015
1089.77011,0.06041
1087.84131,0.06067
1085.91251,0.06081
1083.98372,0.06088
1082.05492,0.06100
1080.12612,0.06117
1078.19733,0.06138
1076.26853,0.06162
1074.33973,0.06193
1072.41094,0.06229
1070.48214,0.06263
1068.55334,0.06284
1066.62455,0.06298
1064.69575,0.06314
1062.76695,0.06324
1060.83816,0.06311
1058.90936,0.06284
1056.98056,0.06260
1055.05177,0.06230
1053.12297,0.06187
1051.19417,0.06139
1049.26538,0.06088
1047.33658,0.06035
1045.40778,0.05981
1043.47899,0.05917
1041.55019,0.05837
1039.62139,0.05746
1037.69260,0.05659
1035.76380,0.05575
1033.83500,0.05481
1031.90621,0.05384
1029.97741,0.05298
1028.04861,0.05217
1026.11982,0.05138
1024.19102,0.05073
1022.26222,0.05026
1020.33343,0.04982
1018.40463,0.04941
1016.47583,0.04916
1014.54704,0.04909
1012.61824,0.04909
1010.68944,0.04904
1008.76065,0.04883
1006.83185,0.04848
1004.90305,0.04801
1002.97426,0.04748
1001.04546,0.04697
999.11666,0.04656
997.18787,0.04623
995.25907,0.04588
993.33027,0.04541
991.40148,0.04491
989.47268,0.04442
987.54388,0.04385
985.61509,0.04316
983.68629,0.04249
981.75749,0.04186
979.82870,0.04116
977.89990,0.04036
975.97110,0.03961
974.04231,0.03902
972.11351,0.03848
970.18471,0.03797
968.25592,0.03768
966.32712,0.03764
964.39832,0.03770
962.46953,0.03769
960.54073,0.03757
958.61193,0.03732
956.68314,0.03700
954.75434,0.03674
952.82554,0.03669
950.89675,0.03674
948.96795,0.03660
947.03915,0.03624
945.11036,0.03580
943.18156,0.03530
941.25276,0.03469
939.32397,0.03401
937.39517,0.03331
935.46637,0.03259
933.53758,0.03182
931.60878,0.03103
929.67998,0.03029
927.75119,0.02968
925.82239,0.02916
923.89359,0.02854
921.96480,0.02778
920.03600,0.02709
918.10720,0.02664
916.17841,0.02635
914.24961,0.02613
912.32081,0.02598
910.39202,0.02591
908.46322,0.02577
906.53443,0.02551
904.60563,0.02523
902.67683,0.02510
900.74804,0.02508
898.81924,0.02493
896.89044,0.02453
894.96165,0.02398
893.03285,0.02338
891.10405,0.02271
889.17526,0.02196
887.24646,0.02111
885.31766,0.02014
883.38887,0.01914
881.46007,0.01828
879.53127,0.01754
877.60248,0.01688
875.67368,0.01630
873.74488,0.01578
871.81609,0.01534
869.88729,0.01498
867.95849,0.01465
866.02970,0.01441
864.10090,0.01441
862.17210,0.01449
860.24331,0.01448
858.31451,0.01440
856.38571,0.01438
854.45692,0.01446
852.52812,0.01456
850.59932,0.01449
848.67053,0.01428
846.74173,0.01407
844.81293,0.01386
842.88414,0.01350
840.95534,0.01305
839.02654,0.01266
837.09775,0.01223
835.16895,0.01171
833.24015,0.01121
831.31136,0.01081
829.38256,0.01049
827.45376,0.01017
825.52497,0.00987
823.59617,0.00981
821.66737,0.01004
819.73858,0.01033
817.80978,0.01054
815.88098,0.01084
813.95219,0.01131
812.02339,0.01183
810.09459,0.01238
808.16580,0.01303
806.23700,0.01376
804.30820,0.01464
802.37941,0.01570
800.45061,0.01666
798.52181,0.01752
796.59302,0.01851
794.66422,0.01948
792.73542,0.02016
790.80663,0.02071
788.87783,0.02127
786.94903,0.02167
785.02024,0.02172
783.09144,0.02131
781.16264,0.02040
779.23385,0.01913
777.30505,0.01772
775.37625,0.01642
773.44746,0.01546
771.51866,0.01485
769.58986,0.01437
767.66107,0.01397
765.73227,0.01376
763.80347,0.01362
761.87468,0.01339
759.94588,0.01341
758.01708,0.01387
756.08829,0.01437
754.15949,0.01459
752.23069,0.01485
750.30190,0.01525
748.37310,0.01533
