3496.90832,0.06307
3494.97953,0.06023
3493.05073,0.05979
3491.12193,0.06143
3489.19314,0.06451
3487.26434,0.06726
3485.33554,0.06513
3483.40675,0.06454
3481.47795,0.07295
3479.54915,0.08028
3477.62036,0.07833
3475.69156,0.07377
3473.76276,0.07191
3471.83397,0.07081
3469.90517,0.07007
3467.97637,0.07103
3466.04758,0.07177
3464.11878,0.06964
3462.18998,0.06645
3460.26119,0.06518
3458.33239,0.06124
3456.40359,0.05177
3454.47480,0.04560
3452.54600,0.04765
3450.61721,0.05204
3448.68841,0.05505
3446.75961,0.05884
3444.83082,0.06291
3442.90202,0.06430
3440.97322,0.06324
3439.04443,0.05829
3437.11563,0.04926
3435.18683,0.04200
3433.25804,0.03815
3431.32924,0.03561
3429.40044,0.03963
3427.47165,0.04982
3425.54285,0.05517
3423.61405,0.05372
3421.68526,0.04906
3419.75646,0.04405
3417.82766,0.04562
3415.89887,0.05005
3413.97007,0.04571
3412.04127,0.03497
3410.11248,0.02962
3408.18368,0.03404
3406.25488,0.04365
3404.32609,0.05081
3402.39729,0.05247
3400.46849,0.05247
3398.53970,0.05079
3396.61090,0.04381
3394.68210,0.04030
3392.75331,0.04669
3390.82451,0.05122
3388.89571,0.05026
3386.96692,0.05014
3385.03812,0.04649
3383.10932,0.03761
3381.18053,0.03519
3379.25173,0.04502
3377.32293,0.05659
3375.39414,0.05598
3373.46534,0.04799
3371.53654,0.04893
3369.60775,0.05755
3367.67895,0.06511
3365.75015,0.07018
3363.82136,0.06764
3361.89256,0.05693
3359.96376,0.04781
3358.03497,0.04535
3356.10617,0.05026
3354.17737,0.05969
3352.24858,0.06734
3350.31978,0.07085
3348.39098,0.06987
3346.46219,0.06646
3344.53339,0.06454
3342.60459,0.06282
3340.67580,0.06281
3338.74700,0.06445
3336.81820,0.05948
3334.88941,0.04794
3332.96061,0.03675
3331.03181,0.03286
3329.10302,0.03984
3327.17422,0.04512
3325.24542,0.04011
3323.31663,0.03394
3321.38783,0.03396
3319.45903,0.03931
3317.53024,0.04383
3315.60144,0.04317
3313.67264,0.04074
3311.74385,0.03866
3309.81505,0.03726
3307.88625,0.04159
3305.95746,0.04693
3304.02866,0.04279
3302.09986,0.03572
3300.17107,0.03540
3298.24227,0.03792
3296.31347,0.03770
3294.38468,0.03391
3292.45588,0.02883
3290.52708,0.02597
3288.59829,0.02667
3286.66949,0.02836
3284.74069,0.02772
3282.81190,0.02576
3280.88310,0.02462
3278.95430,0.02712
3277.02551,0.03349
3275.09671,0.03849
3273.16791,0.04231
3271.23912,0.04708
3269.31032,0.04729
3267.38152,0.04212
3265.45273,0.03726
3263.52393,0.03233
3261.59513,0.02747
3259.66634,0.02710
3257.73754,0.02760
3255.80874,0.02436
3253.87995,0.02066
3251.95115,0.01923
3250.02235,0.02248
3248.09356,0.03035
3246.16476,0.03651
3244.23596,0.03846
3242.30717,0.03549
3240.37837,0.02834
3238.44957,0.02698
3236.52078,0.03461
3234.59198,0.04158
3232.66318,0.04220
3230.73439,0.04024
3228.80559,0.03980
3226.87679,0.03828
3224.94800,0.03411
3223.01920,0.03139
3221.09040,0.03231
3219.16161,0.03719
3217.23281,0.04421
3215.30401,0.04851
3213.37522,0.04915
3211.44642,0.04956
3209.51762,0.04971
3207.58883,0.04744
3205.66003,0.04365
3203.73123,0.04100
3201.80244,0.04049
3199.87364,0.03970
3197.94484,0.03883
3196.01605,0.04258
3194.08725,0.04920
3192.15845,0.05191
3190.22966,0.05194
3188.30086,0.05337
3186.37206,0.05326
3184.44327,0.04970
3182.51447,0.04528
3180.58567,0.04244
3178.65688,0.04318
3176.72808,0.04593
3174.79928,0.04535
3172.87049,0.04117
3170.94169,0.03828
3169.01289,0.03643
3167.08410,0.03337
3165.15530,0.03276
3163.22650,0.03558
3161.29771,0.03739
3159.36891,0.03566
3157.44011,0.03252
3155.51132,0.03268
3153.58252,0.03584
3151.65372,0.03663
3149.72493,0.03339
3147.79613,0.03047
3145.86733,0.03095
3143.93854,0.03319
3142.00974,0.03520
3140.08094,0.03531
3138.15215,0.03307
3136.22335,0.03101
3134.29455,0.03087
3132.36576,0.03167
3130.43696,0.03261
3128.50816,0.03311
3126.57937,0.03259
3124.65057,0.03269
3122.72177,0.03508
3120.79298,0.03743
3118.86418,0.03716
3116.93538,0.03538
3115.00659,0.03320
3113.07779,0.03131
3111.14899,0.03145
3109.22020,0.03246
3107.29140,0.03232
3105.36260,0.03171
3103.43381,0.03089
3101.50501,0.02994
3099.57621,0.02935
3097.64742,0.02859
3095.71862,0.02801
3093.78982,0.02873
3091.86103,0.02959
3089.93223,0.02979
3088.00344,0.03052
3086.07464,0.03148
3084.14584,0.03171
3082.21705,0.03171
3080.28825,0.03190
3078.35945,0.03204
3076.43066,0.03156
3074.50186,0.03047
3072.57306,0.03024
3070.64427,0.03132
3068.71547,0.03164
3066.78667,0.03046
3064.85788,0.02954
3062.92908,0.02988
3061.00028,0.03057
3059.07149,0.03045
3057.14269,0.03013
3055.21389,0.03100
3053.28510,0.03202
3051.35630,0.03143
3049.42750,0.03011
3047.49871,0.02954
3045.56991,0.02971
3043.64111,0.03024
3041.71232,0.03104
3039.78352,0.03170
3037.85472,0.03202
3035.92593,0.03268
3033.99713,0.03369
3032.06833,0.03431
3030.13954,0.03483
3028.21074,0.03541
3026.28194,0.03542
3024.35315,0.03478
3022.42435,0.03418
3020.49555,0.03401
3018.56676,0.03370
3016.63796,0.03346
3014.70916,0.03405
3012.78037,0.03501
3010.85157,0.03551
3008.92277,0.03534
3006.99398,0.03503
3005.06518,0.03505
3003.13638,0.03495
3001.20759,0.03475
2999.27879,0.03485
2997.34999,0.03502
2995.42120,0.03540
2993.49240,0.03583
2991.56360,0.03568
2989.63481,0.03542
2987.70601,0.03541
2985.77721,0.03528
2983.84842,0.03529
2981.91962,0.03585
2979.99082,0.03655
2978.06203,0.03685
2976.13323,0.03698
2974.20443,0.03722
2972.27564,0.03758
2970.34684,0.03786
2968.41804,0.03766
2966.48925,0.03702
2964.56045,0.03669
2962.63165,0.03715
2960.70286,0.03783
2958.77406,0.03807
2956.84526,0.03800
2954.91647,0.03806
2952.98767,0.03816
2951.05887,0.03815
2949.13008,0.03846
2947.20128,0.03904
2945.27248,0.03937
2943.34369,0.03949
2941.41489,0.03972
2939.48609,0.04006
2937.55730,0.04039
2935.62850,0.04062
2933.69970,0.04063
2931.77091,0.04064
2929.84211,0.04090
2927.91331,0.04135
2925.98452,0.04204
2924.05572,0.04257
2922.12692,0.04249
2920.19813,0.04223
2918.26933,0.04220
2916.34053,0.04223
2914.41174,0.04202
2912.48294,0.04145
2910.55414,0.04056
2908.62535,0.03956
2906.69655,0.03880
2904.76775,0.03850
2902.83896,0.03856
2900.91016,0.03887
2898.98136,0.03951
2897.05257,0.04015
2895.12377,0.04017
2893.19497,0.03986
2891.26618,0.03968
2889.33738,0.03951
2887.40858,0.03921
2885.47979,0.03889
2883.55099,0.03898
2881.62219,0.03969
2879.69340,0.04033
2877.76460,0.04041
2875.83580,0.04030
2873.90701,0.04029
2871.97821,0.04038
2870.04941,0.04048
2868.12062,0.04056
2866.19182,0.04085
2864.26302,0.04128
2862.33423,0.04138
2860.40543,0.04124
2858.47663,0.04138
2856.54784,0.04171
2854.61904,0.04193
2852.69024,0.04207
2850.76145,0.04231
2848.83265,0.04249
2846.90385,0.04243
2844.97506,0.04236
2843.04626,0.04234
2841.11746,0.04225
2839.18867,0.04206
2837.25987,0.04185
2835.33107,0.04181
2833.40228,0.04200
2831.47348,0.04224
2829.54468,0.04241
2827.61589,0.04235
2825.68709,0.04217
2823.75829,0.04237
2821.82950,0.04289
2819.90070,0.04304
2817.97190,0.04264
2816.04311,0.04226
2814.11431,0.04214
2812.18551,0.04208
2810.25672,0.04193
2808.32792,0.04162
2806.39912,0.04136
2804.47033,0.04135
2802.54153,0.04140
2800.61273,0.04145
2798.68394,0.04159
2796.75514,0.04159
2794.82634,0.04125
2792.89755,0.04075
2790.96875,0.04041
2789.03995,0.04047
2787.11116,0.04071
2785.18236,0.04077
2783.25356,0.04061
2781.32477,0.04028
2779.39597,0.03997
2777.46717,0.03987
2775.53838,0.03980
2773.60958,0.03971
2771.68078,0.03963
2769.75199,0.03961
2767.82319,0.03978
2765.89439,0.03999
2763.96560,0.03990
2762.03680,0.03953
2760.10800,0.03907
2758.17921,0.03865
2756.25041,0.03853
2754.32161,0.03861
2752.39282,0.03854
2750.46402,0.03844
2748.53522,0.03851
2746.60643,0.03860
2744.67763,0.03853
2742.74883,0.03840
2740.82004,0.03831
2738.89124,0.03823
2736.96244,0.03839
2735.03365,0.03880
2733.10485,0.03895
2731.17605,0.03879
2729.24726,0.03876
2727.31846,0.03886
2725.38967,0.03879
2723.46087,0.03857
2721.53207,0.03847
2719.60328,0.03859
2717.67448,0.03871
2715.74568,0.03864
2713.81689,0.03855
2711.88809,0.03849
2709.95929,0.03828
2708.03050,0.03802
2706.10170,0.03799
2704.17290,0.03816
2702.24411,0.03835
2700.31531,0.03846
2698.38651,0.03846
2696.45772,0.03847
2694.52892,0.03867
2692.60012,0.03887
2690.67133,0.03882
2688.74253,0.03866
2686.81373,0.03863
2684.88494,0.03874
2682.95614,0.03887
2681.02734,0.03891
2679.09855,0.03882
2677.16975,0.03859
2675.24095,0.03834
2673.31216,0.03818
2671.38336,0.03805
2669.45456,0.03799
2667.52577,0.03805
2665.59697,0.03807
2663.66817,0.03797
2661.73938,0.03784
2659.81058,0.03770
2657.88178,0.03763
2655.95299,0.03761
2654.02419,0.03760
2652.09539,0.03765
2650.16660,0.03766
2648.23780,0.03761
2646.30900,0.03767
2644.38021,0.03794
2642.45141,0.03829
2640.52261,0.03853
2638.59382,0.03857
2636.66502,0.03864
2634.73622,0.03887
2632.80743,0.03908
2630.87863,0.03915
2628.94983,0.03901
2627.02104,0.03881
2625.09224,0.03880
2623.16344,0.03885
2621.23465,0.03880
2619.30585,0.03877
2617.37705,0.03868
2615.44826,0.03854
2613.51946,0.03859
2611.59066,0.03877
2609.66187,0.03887
2607.73307,0.03876
2605.80427,0.03850
2603.87548,0.03847
2601.94668,0.03876
2600.01788,0.03896
2598.08909,0.03896
2596.16029,0.03900
2594.23149,0.03906
2592.30270,0.03923
2590.37390,0.03981
2588.44510,0.04034
2586.51631,0.04008
2584.58751,0.03953
2582.65871,0.03933
2580.72992,0.03902
2578.80112,0.03863
2576.87232,0.03885
2574.94353,0.03940
2573.01473,0.03964
2571.08593,0.03963
2569.15714,0.03941
2567.22834,0.03905
2565.29954,0.03882
2563.37075,0.03851
2561.44195,0.03821
2559.51315,0.03827
2557.58436,0.03839
2555.65556,0.03831
2553.72676,0.03818
2551.79797,0.03816
2549.86917,0.03857
2547.94037,0.03930
2546.01158,0.03964
2544.08278,0.03953
2542.15398,0.03921
2540.22519,0.03882
2538.29639,0.03867
2536.36759,0.03881
2534.43880,0.03909
2532.51000,0.03926
2530.58120,0.03881
2528.65241,0.03791
2526.72361,0.03738
2524.79481,0.03732
2522.86602,0.03743
2520.93722,0.03771
2519.00842,0.03791
2517.07963,0.03788
2515.15083,0.03790
2513.22203,0.03795
2511.29324,0.03767
2509.36444,0.03722
2507.43564,0.03714
2505.50685,0.03746
2503.57805,0.03760
2501.64925,0.03750
2499.72046,0.03755
2497.79166,0.03756
2495.86286,0.03743
2493.93407,0.03748
2492.00527,0.03745
2490.07647,0.03715
2488.14768,0.03703
2486.21888,0.03741
2484.29008,0.03793
2482.36129,0.03815
2480.43249,0.03814
2478.50369,0.03807
2476.57490,0.03796
2474.64610,0.03772
2472.71730,0.03729
2470.78851,0.03696
2468.85971,0.03702
2466.93091,0.03704
2465.00212,0.03672
2463.07332,0.03648
2461.14452,0.03640
2459.21573,0.03618
2457.28693,0.03581
2455.35813,0.03546
2453.42934,0.03540
2451.50054,0.03574
2449.57174,0.03605
2447.64295,0.03601
2445.71415,0.03587
2443.78535,0.03585
2441.85656,0.03588
2439.92776,0.03600
2437.99896,0.03613
2436.07017,0.03606
2434.14137,0.03596
2432.21257,0.03587
2430.28378,0.03570
2428.35498,0.03555
2426.42618,0.03556
2424.49739,0.03547
2422.56859,0.03506
2420.63979,0.03454
2418.71100,0.03426
2416.78220,0.03412
2414.85340,0.03379
2412.92461,0.03319
2410.99581,0.03275
2409.06701,0.03291
2407.13822,0.03329
2405.20942,0.03321
2403.28062,0.03298
2401.35183,0.03295
2399.42303,0.03272
2397.49423,0.03236
2395.56544,0.03231
2393.63664,0.03244
2391.70784,0.03261
2389.77905,0.03331
2387.85025,0.03542
2385.92145,0.03975
2383.99266,0.04695
2382.06386,0.05719
2380.13506,0.07004
2378.20627,0.08447
2376.27747,0.09937
2374.34867,0.11448
2372.41988,0.13022
2370.49108,0.14611
2368.56228,0.16103
2366.63349,0.17461
2364.70469,0.18605
2362.77589,0.19353
2360.84710,0.19615
2358.91830,0.19390
2356.98951,0.18618
2355.06071,0.17229
2353.13191,0.15279
2351.20312,0.13300
2349.27432,0.12278
2347.34552,0.12754
2345.41673,0.14175
2343.48793,0.15185
2341.55913,0.15336
2339.63034,0.15103
2337.70154,0.14752
2335.77274,0.14447
2333.84395,0.14346
2331.91515,0.14359
2329.98635,0.14143
2328.05756,0.13623
2326.12876,0.13116
2324.19996,0.12777
2322.27117,0.12377
2320.34237,0.11659
2318.41357,0.10712
2316.48478,0.09847
2314.55598,0.09263
2312.62718,0.08856
2310.69839,0.08391
2308.76959,0.07800
2306.84079,0.07167
2304.91200,0.06583
2302.98320,0.06115
2301.05440,0.05743
2299.12561,0.05392
2297.19681,0.05080
2295.26801,0.04844
2293.33922,0.04628
2291.41042,0.04394
2289.48162,0.04169
2287.55283,0.03982
2285.62403,0.03842
2283.69523,0.03772
2281.76644,0.03790
2279.83764,0.03871
2277.90884,0.03952
2275.98005,0.03986
2274.05125,0.03961
2272.12245,0.03925
2270.19366,0.03966
2268.26486,0.04060
2266.33606,0.04094
2264.40727,0.04087
2262.47847,0.04112
2260.54967,0.04132
2258.62088,0.04149
2256.69208,0.04211
2254.76328,0.04241
2252.83449,0.04177
2250.90569,0.04092
2248.97689,0.04046
2247.04810,0.04053
2245.11930,0.04123
2243.19050,0.04207
2241.26171,0.04261
2239.33291,0.04312
2237.40411,0.04357
2235.47532,0.04379
2233.54652,0.04395
2231.61772,0.04395
2229.68893,0.04367
2227.76013,0.04347
2225.83133,0.04362
2223.90254,0.04422
2221.97374,0.04510
2220.04494,0.04568
2218.11615,0.04583
2216.18735,0.04568
2214.25855,0.04502
2212.32976,0.04457
2210.40096,0.04564
2208.47216,0.04722
2206.54337,0.04741
2204.61457,0.04756
2202.68577,0.04916
2200.75698,0.05028
2198.82818,0.05051
2196.89938,0.05096
2194.97059,0.05127
2193.04179,0.05172
2191.11299,0.05222
2189.18420,0.05202
2187.25540,0.05133
2185.32660,0.05039
2183.39781,0.05013
2181.46901,0.05222
2179.54021,0.05534
2177.61142,0.05598
2175.68262,0.05456
2173.75382,0.05397
2171.82503,0.05449
2169.89623,0.05523
2167.96743,0.05599
2166.03864,0.05662
2164.10984,0.05751
2162.18104,0.06015
2160.25225,0.06432
2158.32345,0.06599
2156.39465,0.06266
2154.46586,0.05759
2152.53706,0.05445
2150.60826,0.05303
2148.67947,0.05118
2146.75067,0.04844
2144.82187,0.04542
2142.89308,0.04223
2140.96428,0.03955
2139.03548,0.03854
2137.10669,0.03865
2135.17789,0.03842
2133.24909,0.03743
2131.32030,0.03598
2129.39150,0.03442
2127.46270,0.03281
2125.53391,0.03128
2123.60511,0.03004
2121.67631,0.02902
2119.74752,0.02835
2117.81872,0.02817
2115.88992,0.02818
2113.96113,0.02822
2112.03233,0.02850
2110.10353,0.02905
2108.17474,0.02936
2106.24594,0.02922
2104.31714,0.02931
2102.38835,0.02983
2100.45955,0.02984
2098.53075,0.02910
2096.60196,0.02849
2094.67316,0.02850
2092.74436,0.02865
2090.81557,0.02865
2088.88677,0.02897
2086.95797,0.02956
2085.02918,0.02968
2083.10038,0.02926
2081.17158,0.02897
2079.24279,0.02893
2077.31399,0.02894
2075.38519,0.02913
2073.45640,0.02942
2071.52760,0.02957
2069.59880,0.02971
2067.67001,0.03021
2065.74121,0.03119
2063.81241,0.03206
2061.88362,0.03225
2059.95482,0.03206
2058.02602,0.03195
2056.09723,0.03204
2054.16843,0.03246
2052.23963,0.03301
2050.31084,0.03378
2048.38204,0.03526
2046.45324,0.03755
2044.52445,0.03998
2042.59565,0.04120
2040.66685,0.04136
2038.73806,0.04154
2036.80926,0.04191
2034.88046,0.04265
2032.95167,0.04323
2031.02287,0.04253
2029.09407,0.04082
2027.16528,0.03974
2025.23648,0.03977
2023.30768,0.03965
2021.37889,0.03898
2019.45009,0.03885
2017.52129,0.04034
2015.59250,0.04222
2013.66370,0.04184
2011.73490,0.03925
2009.80611,0.03749
2007.87731,0.03692
2005.94851,0.03531
2004.01972,0.03380
2002.09092,0.03436
2000.16212,0.03554
1998.23333,0.03550
1996.30453,0.03476
1994.37574,0.03425
1992.44694,0.03398
1990.51814,0.03409
1988.58935,0.03447
1986.66055,0.03451
1984.73175,0.03419
1982.80296,0.03453
1980.87416,0.03555
1978.94536,0.03553
1977.01657,0.03433
1975.08777,0.03387
1973.15897,0.03364
1971.23018,0.03223
1969.30138,0.03092
1967.37258,0.03127
1965.44379,0.03247
1963.51499,0.03286
1961.58619,0.03217
1959.65740,0.03092
1957.72860,0.02930
1955.79980,0.02783
1953.87101,0.02710
1951.94221,0.02694
1950.01341,0.02686
1948.08462,0.02670
1946.15582,0.02688
1944.22702,0.02737
1942.29823,0.02707
1940.36943,0.02570
1938.44063,0.02436
1936.51184,0.02387
1934.58304,0.02433
1932.65424,0.02480
1930.72545,0.02448
1928.79665,0.02373
1926.86785,0.02329
1924.93906,0.02350
1923.01026,0.02394
1921.08146,0.02410
1919.15267,0.02405
1917.22387,0.02361
1915.29507,0.02284
1913.36628,0.02252
1911.43748,0.02267
1909.50868,0.02250
1907.57989,0.02191
1905.65109,0.02153
1903.72229,0.02161
1901.79350,0.02176
1899.86470,0.02181
1897.93590,0.02210
1896.00711,0.02259
1894.07831,0.02281
1892.14951,0.02294
1890.22072,0.02311
1888.29192,0.02282
1886.36312,0.02228
1884.43433,0.02195
1882.50553,0.02166
1880.57673,0.02134
1878.64794,0.02117
1876.71914,0.02111
1874.79034,0.02099
1872.86155,0.02129
1870.93275,0.02240
1869.00395,0.02330
1867.07516,0.02277
1865.14636,0.02156
1863.21756,0.02080
1861.28877,0.02049
1859.35997,0.02036
1857.43117,0.02029
1855.50238,0.02027
1853.57358,0.02039
1851.64478,0.02073
1849.71599,0.02146
1847.78719,0.02256
1845.85839,0.02371
1843.92960,0.02382
1842.00080,0.02265
1840.07200,0.02176
1838.14321,0.02158
1836.21441,0.02140
1834.28561,0.02130
1832.35682,0.02203
1830.42802,0.02290
1828.49922,0.02277
1826.57043,0.02223
1824.64163,0.02152
1822.71283,0.02046
1820.78404,0.01977
1818.85524,0.01969
1816.92644,0.01970
1814.99765,0.01976
1813.06885,0.02022
1811.14005,0.02070
1809.21126,0.02066
1807.28246,0.02040
1805.35366,0.02064
1803.42487,0.02156
1801.49607,0.02240
1799.56727,0.02237
1797.63848,0.02200
1795.70968,0.02236
1793.78088,0.02352
1791.85209,0.02385
1789.92329,0.02249
1787.99449,0.02132
1786.06570,0.02127
1784.13690,0.02147
1782.20810,0.02153
1780.27931,0.02140
1778.35051,0.02109
1776.42171,0.02130
1774.49292,0.02244
1772.56412,0.02339
1770.63532,0.02299
1768.70653,0.02191
1766.77773,0.02077
1764.84893,0.02033
1762.92014,0.02086
1760.99134,0.02123
1759.06254,0.02121
1757.13375,0.02124
1755.20495,0.02128
1753.27615,0.02220
1751.34736,0.02403
1749.41856,0.02476
1747.48976,0.02397
1745.56097,0.02318
1743.63217,0.02302
1741.70337,0.02316
1739.77458,0.02300
1737.84578,0.02303
1735.91698,0.02436
1733.98819,0.02555
1732.05939,0.02415
1730.13059,0.02194
1728.20180,0.02038
1726.27300,0.01966
1724.34420,0.01977
1722.41541,0.02045
1720.48661,0.02246
1718.55781,0.02576
1716.62902,0.02748
1714.70022,0.02653
1712.77142,0.02539
1710.84263,0.02574
1708.91383,0.02790
1706.98503,0.03151
1705.05624,0.03554
1703.12744,0.03999
1701.19864,0.04636
1699.26985,0.05322
1697.34105,0.05889
1695.41225,0.06502
1693.48346,0.07148
1691.55466,0.07941
1689.62586,0.09030
1687.69707,0.10275
1685.76827,0.11782
1683.83947,0.13581
1681.91068,0.14955
1679.98188,0.16024
1678.05308,0.17238
1676.12429,0.18680
1674.19549,0.20142
1672.26669,0.21376
1670.33790,0.22529
1668.40910,0.23515
1666.48030,0.24153
1664.55151,0.24716
1662.62271,0.25247
1660.69391,0.25532
1658.76512,0.25672
1656.83632,0.25925
1654.90752,0.26378
1652.97873,0.26668
1651.04993,0.26561
1649.12113,0.26671
1647.19234,0.27138
1645.26354,0.27675
1643.33474,0.28258
1641.40595,0.29164
1639.47715,0.30459
1637.54835,0.32168
1635.61956,0.34263
1633.69076,0.36106
1631.76197,0.37587
1629.83317,0.39155
1627.90437,0.40754
1625.97558,0.42068
1624.04678,0.42989
1622.11798,0.43448
1620.18919,0.43568
1618.26039,0.43569
1616.33159,0.43342
1614.40280,0.42944
1612.47400,0.42735
1610.54520,0.42836
1608.61641,0.43223
1606.68761,0.43833
1604.75881,0.44651
1602.83002,0.45627
1600.90122,0.46627
1598.97242,0.47529
1597.04363,0.48237
1595.11483,0.48637
1593.18603,0.48610
1591.25724,0.48137
1589.32844,0.47226
1587.39964,0.45910
1585.47085,0.44269
1583.54205,0.42377
1581.61325,0.40356
1579.68446,0.38418
1577.75566,0.36419
1575.82686,0.33970
1573.89807,0.31691
1571.96927,0.29930
1570.04047,0.28123
1568.11168,0.26237
1566.18288,0.24620
1564.25408,0.23295
1562.32529,0.22383
1560.39649,0.21670
1558.46769,0.20377
1556.53890,0.18900
1554.61010,0.17799
1552.68130,0.16895
1550.75251,0.16121
1548.82371,0.15438
1546.89491,0.14932
1544.96612,0.14626
1543.03732,0.14398
1541.10852,0.14053
1539.17973,0.13332
1537.25093,0.12637
1535.32213,0.12271
1533.39334,0.11966
1531.46454,0.11560
1529.53574,0.11263
1527.60695,0.11117
1525.67815,0.10994
1523.74935,0.10904
1521.82056,0.10803
1519.89176,0.10578
1517.96296,0.10323
1516.03417,0.10067
1514.10537,0.09835
1512.17657,0.09779
1510.24778,0.09972
1508.31898,0.10293
1506.39018,0.10280
1504.46139,0.09908
1502.53259,0.09764
1500.60379,0.09950
1498.67500,0.10330
1496.74620,0.10715
1494.81740,0.11042
1492.88861,0.11516
1490.95981,0.12296
1489.03101,0.13183
1487.10222,0.13934
1485.17342,0.14703
1483.24462,0.15674
1481.31583,0.16853
1479.38703,0.18147
1477.45823,0.19550
1475.52944,0.21076
1473.60064,0.22614
1471.67184,0.23900
1469.74305,0.24776
1467.81425,0.25534
1465.88545,0.26322
1463.95666,0.26874
1462.02786,0.27107
1460.09906,0.27259
1458.17027,0.27201
1456.24147,0.26403
1454.31267,0.25186
1452.38388,0.24030
1450.45508,0.22884
1448.52628,0.21627
1446.59749,0.20226
1444.66869,0.18855
1442.73989,0.17601
1440.81110,0.16513
1438.88230,0.15621
1436.95350,0.14666
1435.02471,0.13572
1433.09591,0.12664
1431.16711,0.11942
1429.23832,0.11248
1427.30952,0.10626
1425.38072,0.10138
1423.45193,0.09742
1421.52313,0.09466
1419.59433,0.09244
1417.66554,0.08860
1415.73674,0.08383
1413.80794,0.08013
1411.87915,0.07752
1409.95035,0.07536
1408.02155,0.07371
1406.09276,0.07252
1404.16396,0.07101
1402.23516,0.06952
1400.30637,0.06894
1398.37757,0.06874
1396.44877,0.06805
1394.51998,0.06638
1392.59118,0.06402
1390.66238,0.06250
1388.73359,0.06213
1386.80479,0.06130
1384.87599,0.05949
1382.94720,0.05797
1381.01840,0.05720
1379.08960,0.05677
1377.16081,0.05667
1375.23201,0.05675
1373.30321,0.05604
1371.37442,0.05469
1369.44562,0.05376
1367.51682,0.05336
1365.58803,0.05354
1363.65923,0.05422
1361.73043,0.05407
1359.80164,0.05283
1357.87284,0.05178
1355.94404,0.05133
1354.01525,0.05107
1352.08645,0.05083
1350.15765,0.05064
1348.22886,0.05046
1346.30006,0.05029
1344.37126,0.05033
1342.44247,0.05093
1340.51367,0.05178
1338.58487,0.05178
1336.65608,0.05082
1334.72728,0.04987
1332.79848,0.04929
1330.86969,0.04890
1328.94089,0.04858
1327.01209,0.04834
1325.08330,0.04812
1323.15450,0.04795
1321.22570,0.04795
1319.29691,0.04803
1317.36811,0.04792
1315.43931,0.04771
1313.51052,0.04755
1311.58172,0.04738
1309.65292,0.04721
1307.72413,0.04707
1305.79533,0.04691
1303.86653,0.04686
1301.93774,0.04692
1300.00894,0.04701
1298.08014,0.04715
1296.15135,0.04724
1294.22255,0.04717
1292.29375,0.04704
1290.36496,0.04698
1288.43616,0.04695
1286.50736,0.04681
1284.57857,0.04662
1282.64977,0.04649
1280.72097,0.04639
1278.79218,0.04625
1276.86338,0.04612
1274.93458,0.04616
1273.00579,0.04634
1271.07699,0.04650
1269.14820,0.04658
1267.21940,0.04673
1265.29060,0.04702
1263.36181,0.04731
1261.43301,0.04751
1259.50421,0.04761
1257.57542,0.04761
1255.64662,0.04759
1253.71782,0.04765
1251.78903,0.04783
1249.86023,0.04805
1247.93143,0.04823
1246.00264,0.04838
1244.07384,0.04859
1242.14504,0.04879
1240.21625,0.04888
1238.28745,0.04892
1236.35865,0.04897
1234.42986,0.04903
1232.50106,0.04914
1230.57226,0.04937
1228.64347,0.04962
1226.71467,0.04984
1224.78587,0.05003
1222.85708,0.05029
1220.92828,0.05069
1218.99948,0.05120
1217.07069,0.05175
1215.14189,0.05229
1213.21309,0.05284
1211.28430,0.05350
1209.35550,0.05426
1207.42670,0.05506
1205.49791,0.05591
1203.56911,0.05682
1201.64031,0.05779
1199.71152,0.05893
1197.78272,0.06024
1195.85392,0.06164
1193.92513,0.06313
1191.99633,0.06487
1190.06753,0.06692
1188.13874,0.06920
1186.20994,0.07158
1184.28114,0.07411
1182.35235,0.07697
1180.42355,0.08032
1178.49475,0.08421
1176.56596,0.08849
1174.63716,0.09304
1172.70836,0.09783
1170.77957,0.10281
1168.85077,0.10786
1166.92197,0.11281
1164.99318,0.11749
1163.06438,0.12160
1161.13558,0.12481
1159.20679,0.12687
1157.27799,0.12772
1155.34919,0.12727
1153.42040,0.12554
1151.49160,0.12277
1149.56280,0.11912
1147.63401,0.11476
1145.70521,0.10996
1143.77641,0.10501
1141.84762,0.10010
1139.91882,0.09537
1137.99002,0.09087
1136.06123,0.08664
1134.13243,0.08276
1132.20363,0.07931
1130.27484,0.07637
1128.34604,0.07382
1126.41724,0.07154
1124.48845,0.06954
1122.55965,0.06788
1120.63085,0.06655
1118.70206,0.06542
1116.77326,0.06438
1114.84446,0.06347
1112.91567,0.06274
1110.98687,0.06211
1109.05807,0.06157
1107.12928,0.06118
1105.20048,0.06093
1103.27168,0.06072
1101.34289,0.06053
1099.41409,0.06040
1097.48529,0.06033
1095.55650,0.06032
1093.62770,0.06038
1091.69890,0.06049
1089.77011,0.06070
1087.84131,0.06095
1085.91251,0.06114
1083.98372,0.06130
1082.05492,0.06158
1080.12612,0.06195
1078.19733,0.06239
1076.26853,0.06288
1074.33973,0.06340
1072.41094,0.06391
1070.48214,0.06436
1068.55334,0.06464
1066.62455,0.06480
1064.69575,0.06498
1062.76695,0.06506
1060.83816,0.06486
1058.90936,0.06447
1056.98056,0.06409
1055.05177,0.06364
1053.12297,0.06306
1051.19417,0.06240
1049.26538,0.06170
1047.33658,0.06098
1045.40778,0.06029
1043.47899,0.05960
1041.55019,0.05877
1039.62139,0.05787
1037.69260,0.05705
1035.76380,0.05632
1033.83500,0.05554
1031.90621,0.05476
1029.97741,0.05410
1028.04861,0.05349
1026.11982,0.05291
1024.19102,0.05247
1022.26222,0.05218
1020.33343,0.05188
1018.40463,0.05153
1016.47583,0.05128
1014.54704,0.05118
1012.61824,0.05114
1010.68944,0.05099
1008.76065,0.05063
1006.83185,0.05012
1004.90305,0.04951
1002.97426,0.04880
1001.04546,0.04811
999.11666,0.04753
997.18787,0.04706
995.25907,0.04658
993.33027,0.04606
991.40148,0.04558
989.47268,0.04514
987.54388,0.04463
985.61509,0.04408
983.68629,0.04362
981.75749,0.04321
979.82870,0.04273
977.89990,0.04216
975.97110,0.04162
974.04231,0.04119
972.11351,0.04078
970.18471,0.04036
968.25592,0.04009
966.32712,0.04001
964.39832,0.03998
962.46953,0.03985
960.54073,0.03958
958.61193,0.03919
956.68314,0.03872
954.75434,0.03829
952.82554,0.03807
950.89675,0.03794
948.96795,0.03763
947.03915,0.03714
945.11036,0.03663
943.18156,0.03613
941.25276,0.03552
939.32397,0.03487
937.39517,0.03427
935.46637,0.03374
933.53758,0.03320
931.60878,0.03264
929.67998,0.03211
927.75119,0.03171
925.82239,0.03139
923.89359,0.03095
921.96480,0.03032
920.03600,0.02969
918.10720,0.02925
916.17841,0.02892
914.24961,0.02859
912.32081,0.02829
910.39202,0.02808
908.46322,0.02778
906.53443,0.02731
904.60563,0.02686
902.67683,0.02659
900.74804,0.02639
898.81924,0.02610
896.89044,0.02560
894.96165,0.02498
893.03285,0.02431
891.10405,0.02367
889.17526,0.02304
887.24646,0.02239
885.31766,0.02165
883.38887,0.02093
881.46007,0.02034
879.53127,0.01981
877.60248,0.01933
875.67368,0.01891
873.74488,0.01853
871.81609,0.01820
869.88729,0.01789
867.95849,0.01755
866.02970,0.01729
864.10090,0.01721
862.17210,0.01714
860.24331,0.01692
858.31451,0.01666
856.38571,0.01640
854.45692,0.01621
852.52812,0.01614
850.59932,0.01601
848.67053,0.01573
846.74173,0.01545
844.81293,0.01518
842.88414,0.01475
840.95534,0.01428
839.02654,0.01402
837.09775,0.01385
835.16895,0.01363
833.24015,0.01349
831.31136,0.01342
829.38256,0.01330
827.45376,0.01310
825.52497,0.01296
823.59617,0.01310
821.66737,0.01347
819.73858,0.01372
817.80978,0.01382
815.88098,0.01404
813.95219,0.01439
812.02339,0.01472
810.09459,0.01512
808.16580,0.01566
806.23700,0.01621
804.30820,0.01681
802.37941,0.01759
800.45061,0.01839
798.52181,0.01914
796.59302,0.02003
794.66422,0.02101
792.73542,0.02189
790.80663,0.02275
788.87783,0.02367
786.94903,0.02445
785.02024,0.02476
783.09144,0.02444
781.16264,0.02366
779.23385,0.02265
777.30505,0.02144
775.37625,0.02012
773.44746,0.01907
771.51866,0.01857
769.58986,0.01836
767.66107,0.01804
765.73227,0.01764
763.80347,0.01736
761.87468,0.01729
759.94588,0.01755
758.01708,0.01800
756.08829,0.01819
754.15949,0.01805
752.23069,0.01798
750.30190,0.01804
748.37310,0.01790
