3496.90832,0.06671
3494.97953,0.06889
3493.05073,0.06961
3491.12193,0.06834
3489.19314,0.06487
3487.26434,0.06278
3485.33554,0.06149
3483.40675,0.06040
3481.47795,0.06060
3479.54915,0.06359
3477.62036,0.06958
3475.69156,0.07410
3473.76276,0.07603
3471.83397,0.07519
3469.90517,0.06952
3467.97637,0.06403
3466.04758,0.06220
3464.11878,0.06254
3462.18998,0.06349
3460.26119,0.06260
3458.33239,0.06039
3456.40359,0.06142
3454.47480,0.06672
3452.54600,0.06936
3450.61721,0.06509
3448.68841,0.05830
3446.75961,0.05620
3444.83082,0.06258
3442.90202,0.06851
3440.97322,0.06274
3439.04443,0.05110
3437.11563,0.04331
3435.18683,0.03965
3433.25804,0.04028
3431.32924,0.04644
3429.40044,0.05505
3427.47165,0.06080
3425.54285,0.06273
3423.61405,0.06385
3421.68526,0.06214
3419.75646,0.05857
3417.82766,0.05943
3415.89887,0.05699
3413.97007,0.04590
3412.04127,0.03919
3410.11248,0.04048
3408.18368,0.04206
3406.25488,0.04436
3404.32609,0.04758
3402.39729,0.04880
3400.46849,0.04841
3398.53970,0.04569
3396.61090,0.04023
3394.68210,0.03618
3392.75331,0.03581
3390.82451,0.03555
3388.89571,0.03571
3386.96692,0.03942
3385.03812,0.04106
3383.10932,0.03724
3381.18053,0.03598
3379.25173,0.04425
3377.32293,0.05419
3375.39414,0.05445
3373.46534,0.05346
3371.53654,0.05761
3369.60775,0.05633
3367.67895,0.05132
3365.75015,0.05092
3363.82136,0.05263
3361.89256,0.05240
3359.96376,0.04980
3358.03497,0.04804
3356.10617,0.05147
3354.17737,0.05646
3352.24858,0.05985
3350.31978,0.06370
3348.39098,0.06526
3346.46219,0.06214
3344.53339,0.05795
3342.60459,0.05501
3340.67580,0.05588
3338.74700,0.05947
3336.81820,0.05677
3334.88941,0.04752
3332.96061,0.04276
3331.03181,0.04423
3329.10302,0.04640
3327.17422,0.04700
3325.24542,0.04316
3323.31663,0.03710
3321.38783,0.03765
3319.45903,0.04484
3317.53024,0.04908
3315.60144,0.04579
3313.67264,0.04140
3311.74385,0.03943
3309.81505,0.03526
3307.88625,0.03255
3305.95746,0.03532
3304.02866,0.03683
3302.09986,0.03351
3300.17107,0.03090
3298.24227,0.03353
3296.31347,0.03545
3294.38468,0.03069
3292.45588,0.02615
3290.52708,0.02917
3288.59829,0.03474
3286.66949,0.03484
3284.74069,0.03227
3282.81190,0.03197
3280.88310,0.03061
3278.95430,0.02944
3277.02551,0.03201
3275.09671,0.03522
3273.16791,0.03579
3271.23912,0.03371
3269.31032,0.03187
3267.38152,0.03273
3265.45273,0.03326
3263.52393,0.03194
3261.59513,0.03260
3259.66634,0.03521
3257.73754,0.03843
3255.80874,0.04420
3253.87995,0.04770
3251.95115,0.04321
3250.02235,0.03710
3248.09356,0.03497
3246.16476,0.03334
3244.23596,0.03192
3242.30717,0.03114
3240.37837,0.02927
3238.44957,0.03138
3236.52078,0.03850
3234.59198,0.04304
3232.66318,0.04176
3230.73439,0.03764
3228.80559,0.03418
3226.87679,0.03123
3224.94800,0.03001
3223.01920,0.03356
3221.09040,0.03743
3219.16161,0.03661
3217.23281,0.03467
3215.30401,0.03618
3213.37522,0.04103
3211.44642,0.04643
3209.51762,0.04870
3207.58883,0.04704
3205.66003,0.04548
3203.73123,0.04597
3201.80244,0.04590
3199.87364,0.04572
3197.94484,0.04894
3196.01605,0.05074
3194.08725,0.04513
3192.15845,0.03958
3190.22966,0.04164
3188.30086,0.04628
3186.37206,0.04668
3184.44327,0.04473
3182.51447,0.04459
3180.58567,0.04595
3178.65688,0.04758
3176.72808,0.04696
3174.79928,0.04247
3172.87049,0.03660
3170.94169,0.03199
3169.01289,0.03072
3167.08410,0.03321
3165.15530,0.03711
3163.22650,0.03931
3161.29771,0.03789
3159.36891,0.03449
3157.44011,0.03297
3155.51132,0.03495
3153.58252,0.03758
3151.65372,0.03713
3149.72493,0.03427
3147.79613,0.03199
3145.86733,0.03096
3143.93854,0.03017
3142.00974,0.02940
3140.08094,0.02917
3138.15215,0.02948
3136.22335,0.03016
3134.29455,0.03123
3132.36576,0.03209
3130.43696,0.03174
3128.50816,0.03000
3126.57937,0.02885
3124.65057,0.03007
3122.72177,0.03227
3120.79298,0.03350
3118.86418,0.03390
3116.93538,0.03415
3115.00659,0.03375
3113.07779,0.03227
3111.14899,0.03083
3109.22020,0.03002
3107.29140,0.03010
3105.36260,0.03101
3103.43381,0.03113
3101.50501,0.03023
3099.57621,0.02899
3097.64742,0.02756
3095.71862,0.02721
3093.78982,0.02801
3091.86103,0.02829
3089.93223,0.02801
3088.00344,0.02805
3086.07464,0.02886
3084.14584,0.03011
3082.21705,0.03024
3080.28825,0.02919
3078.35945,0.02862
3076.43066,0.02895
3074.50186,0.02949
3072.57306,0.02998
3070.64427,0.03028
3068.71547,0.02970
3066.78667,0.02859
3064.85788,0.02877
3062.92908,0.02991
3061.00028,0.03002
3059.07149,0.02886
3057.14269,0.02824
3055.21389,0.02959
3053.28510,0.03115
3051.35630,0.03083
3049.42750,0.02982
3047.49871,0.02953
3045.56991,0.02989
3043.64111,0.03081
3041.71232,0.03142
3039.78352,0.03077
3037.85472,0.03028
3035.92593,0.03134
3033.99713,0.03252
3032.06833,0.03283
3030.13954,0.03340
3028.21074,0.03440
3026.28194,0.03455
3024.35315,0.03394
3022.42435,0.03396
3020.49555,0.03435
3018.56676,0.03422
3016.63796,0.03409
3014.70916,0.03408
3012.78037,0.03398
3010.85157,0.03417
3008.92277,0.03426
3006.99398,0.03367
3005.06518,0.03302
3003.13638,0.03264
3001.20759,0.03229
2999.27879,0.03221
2997.34999,0.03245
2995.42120,0.03298
2993.49240,0.03373
2991.56360,0.03402
2989.63481,0.03417
2987.70601,0.03462
2985.77721,0.03453
2983.84842,0.03422
2981.91962,0.03500
2979.99082,0.03606
2978.06203,0.03610
2976.13323,0.03591
2974.20443,0.03608
2972.27564,0.03593
2970.34684,0.03573
2968.41804,0.03610
2966.48925,0.03652
2964.56045,0.03659
2962.63165,0.03669
2960.70286,0.03692
2958.77406,0.03721
2956.84526,0.03766
2954.91647,0.03801
2952.98767,0.03796
2951.05887,0.03794
2949.13008,0.03842
2947.20128,0.03888
2945.27248,0.03877
2943.34369,0.03860
2941.41489,0.03851
2939.48609,0.03835
2937.55730,0.03866
2935.62850,0.03955
2933.69970,0.04022
2931.77091,0.04033
2929.84211,0.04039
2927.91331,0.04075
2925.98452,0.04114
2924.05572,0.04136
2922.12692,0.04156
2920.19813,0.04157
2918.26933,0.04155
2916.34053,0.04183
2914.41174,0.04187
2912.48294,0.04110
2910.55414,0.03987
2908.62535,0.03883
2906.69655,0.03821
2904.76775,0.03783
2902.83896,0.03771
2900.91016,0.03780
2898.98136,0.03798
2897.05257,0.03824
2895.12377,0.03847
2893.19497,0.03866
2891.26618,0.03892
2889.33738,0.03915
2887.40858,0.03896
2885.47979,0.03862
2883.55099,0.03878
2881.62219,0.03923
2879.69340,0.03935
2877.76460,0.03909
2875.83580,0.03901
2873.90701,0.03939
2871.97821,0.03990
2870.04941,0.04022
2868.12062,0.04050
2866.19182,0.04067
2864.26302,0.04063
2862.33423,0.04071
2860.40543,0.04113
2858.47663,0.04159
2856.54784,0.04184
2854.61904,0.04190
2852.69024,0.04174
2850.76145,0.04153
2848.83265,0.04161
2846.90385,0.04166
2844.97506,0.04152
2843.04626,0.04155
2841.11746,0.04170
2839.18867,0.04171
2837.25987,0.04163
2835.33107,0.04153
2833.40228,0.04152
2831.47348,0.04157
2829.54468,0.04155
2827.61589,0.04141
2825.68709,0.04132
2823.75829,0.04141
2821.82950,0.04160
2819.90070,0.04181
2817.97190,0.04193
2816.04311,0.04185
2814.11431,0.04161
2812.18551,0.04130
2810.25672,0.04081
2808.32792,0.04031
2806.39912,0.04038
2804.47033,0.04080
2802.54153,0.04086
2800.61273,0.04070
2798.68394,0.04066
2796.75514,0.04051
2794.82634,0.04017
2792.89755,0.03999
2790.96875,0.04006
2789.03995,0.04011
2787.11116,0.03991
2785.18236,0.03960
2783.25356,0.03945
2781.32477,0.03945
2779.39597,0.03942
2777.46717,0.03929
2775.53838,0.03902
2773.60958,0.03877
2771.68078,0.03874
2769.75199,0.03877
2767.82319,0.03872
2765.89439,0.03870
2763.96560,0.03860
2762.03680,0.03834
2760.10800,0.03814
2758.17921,0.03809
2756.25041,0.03800
2754.32161,0.03774
2752.39282,0.03735
2750.46402,0.03721
2748.53522,0.03749
2746.60643,0.03779
2744.67763,0.03776
2742.74883,0.03750
2740.82004,0.03725
2738.89124,0.03707
2736.96244,0.03715
2735.03365,0.03758
2733.10485,0.03801
2731.17605,0.03815
2729.24726,0.03813
2727.31846,0.03812
2725.38967,0.03811
2723.46087,0.03803
2721.53207,0.03792
2719.60328,0.03789
2717.67448,0.03799
2715.74568,0.03806
2713.81689,0.03801
2711.88809,0.03781
2709.95929,0.03753
2708.03050,0.03730
2706.10170,0.03717
2704.17290,0.03708
2702.24411,0.03694
2700.31531,0.03685
2698.38651,0.03693
2696.45772,0.03704
2694.52892,0.03715
2692.60012,0.03733
2690.67133,0.03738
2688.74253,0.03731
2686.81373,0.03732
2684.88494,0.03740
2682.95614,0.03749
2681.02734,0.03767
2679.09855,0.03788
2677.16975,0.03795
2675.24095,0.03782
2673.31216,0.03760
2671.38336,0.03740
2669.45456,0.03733
2667.52577,0.03736
2665.59697,0.03735
2663.66817,0.03727
2661.73938,0.03713
2659.81058,0.03694
2657.88178,0.03674
2655.95299,0.03655
2654.02419,0.03646
2652.09539,0.03653
2650.16660,0.03657
2648.23780,0.03655
2646.30900,0.03663
2644.38021,0.03677
2642.45141,0.03700
2640.52261,0.03735
2638.59382,0.03766
2636.66502,0.03790
2634.73622,0.03809
2632.80743,0.03818
2630.87863,0.03819
2628.94983,0.03823
2627.02104,0.03838
2625.09224,0.03863
2623.16344,0.03882
2621.23465,0.03876
2619.30585,0.03840
2617.37705,0.03798
2615.44826,0.03777
2613.51946,0.03782
2611.59066,0.03794
2609.66187,0.03797
2607.73307,0.03788
2605.80427,0.03787
2603.87548,0.03803
2601.94668,0.03811
2600.01788,0.03816
2598.08909,0.03833
2596.16029,0.03836
2594.23149,0.03821
2592.30270,0.03816
2590.37390,0.03845
2588.44510,0.03873
2586.51631,0.03837
2584.58751,0.03784
2582.65871,0.03777
2580.72992,0.03768
2578.80112,0.03767
2576.87232,0.03826
2574.94353,0.03878
2573.01473,0.03857
2571.08593,0.03840
2569.15714,0.03869
2567.22834,0.03874
2565.29954,0.03831
2563.37075,0.03784
2561.44195,0.03763
2559.51315,0.03762
2557.58436,0.03745
2555.65556,0.03712
2553.72676,0.03678
2551.79797,0.03637
2549.86917,0.03625
2547.94037,0.03661
2546.01158,0.03694
2544.08278,0.03724
2542.15398,0.03759
2540.22519,0.03771
2538.29639,0.03783
2536.36759,0.03811
2534.43880,0.03818
2532.51000,0.03796
2530.58120,0.03772
2528.65241,0.03762
2526.72361,0.03748
2524.79481,0.03712
2522.86602,0.03670
2520.93722,0.03656
2519.00842,0.03657
2517.07963,0.03657
2515.15083,0.03664
2513.22203,0.03667
2511.29324,0.03645
2509.36444,0.03605
2507.43564,0.03579
2505.50685,0.03585
2503.57805,0.03587
2501.64925,0.03570
2499.72046,0.03586
2497.79166,0.03627
2495.86286,0.03639
2493.93407,0.03648
2492.00527,0.03658
2490.07647,0.03629
2488.14768,0.03593
2486.21888,0.03599
2484.29008,0.03642
2482.36129,0.03681
2480.43249,0.03684
2478.50369,0.03667
2476.57490,0.03657
2474.64610,0.03648
2472.71730,0.03633
2470.78851,0.03610
2468.85971,0.03586
2466.93091,0.03571
2465.00212,0.03564
2463.07332,0.03556
2461.14452,0.03540
2459.21573,0.03524
2457.28693,0.03523
2455.35813,0.03508
2453.42934,0.03474
2451.50054,0.03461
2449.57174,0.03463
2447.64295,0.03457
2445.71415,0.03465
2443.78535,0.03487
2441.85656,0.03498
2439.92776,0.03498
2437.99896,0.03498
2436.07017,0.03486
2434.14137,0.03465
2432.21257,0.03451
2430.28378,0.03435
2428.35498,0.03418
2426.42618,0.03438
2424.49739,0.03476
2422.56859,0.03468
2420.63979,0.03406
2418.71100,0.03346
2416.78220,0.03318
2414.85340,0.03300
2412.92461,0.03267
2410.99581,0.03226
2409.06701,0.03207
2407.13822,0.03211
2405.20942,0.03218
2403.28062,0.03233
2401.35183,0.03233
2399.42303,0.03182
2397.49423,0.03120
2395.56544,0.03105
2393.63664,0.03132
2391.70784,0.03179
2389.77905,0.03263
2387.85025,0.03459
2385.92145,0.03868
2383.99266,0.04558
2382.06386,0.05547
2380.13506,0.06784
2378.20627,0.08156
2376.27747,0.09584
2374.34867,0.11071
2372.41988,0.12594
2370.49108,0.14083
2368.56228,0.15478
2366.63349,0.16744
2364.70469,0.17792
2362.77589,0.18517
2360.84710,0.18839
2358.91830,0.18644
2356.98951,0.17821
2355.06071,0.16419
2353.13191,0.14569
2351.20312,0.12695
2349.27432,0.11702
2347.34552,0.12152
2345.41673,0.13538
2343.48793,0.14516
2341.55913,0.14640
2339.63034,0.14437
2337.70154,0.14171
2335.77274,0.13900
2333.84395,0.13759
2331.91515,0.13743
2329.98635,0.13539
2328.05756,0.13052
2326.12876,0.12595
2324.19996,0.12298
2322.27117,0.11905
2320.34237,0.11190
2318.41357,0.10271
2316.48478,0.09446
2314.55598,0.08891
2312.62718,0.08504
2310.69839,0.08074
2308.76959,0.07527
2306.84079,0.06911
2304.91200,0.06320
2302.98320,0.05856
2301.05440,0.05510
2299.12561,0.05197
2297.19681,0.04909
2295.26801,0.04675
2293.33922,0.04457
2291.41042,0.04227
2289.48162,0.04023
2287.55283,0.03854
2285.62403,0.03712
2283.69523,0.03633
2281.76644,0.03642
2279.83764,0.03708
2277.90884,0.03796
2275.98005,0.03849
2274.05125,0.03827
2272.12245,0.03820
2270.19366,0.03900
2268.26486,0.03982
2266.33606,0.04000
2264.40727,0.04004
2262.47847,0.04024
2260.54967,0.04051
2258.62088,0.04118
2256.69208,0.04169
2254.76328,0.04084
2252.83449,0.03929
2250.90569,0.03854
2248.97689,0.03851
2247.04810,0.03842
2245.11930,0.03835
2243.19050,0.03874
2241.26171,0.03980
2239.33291,0.04118
2237.40411,0.04207
2235.47532,0.04208
2233.54652,0.04139
2231.61772,0.04049
2229.68893,0.04060
2227.76013,0.04219
2225.83133,0.04376
2223.90254,0.04424
2221.97374,0.04401
2220.04494,0.04337
2218.11615,0.04281
2216.18735,0.04285
2214.25855,0.04319
2212.32976,0.04325
2210.40096,0.04334
2208.47216,0.04441
2206.54337,0.04556
2204.61457,0.04539
2202.68577,0.04514
2200.75698,0.04595
2198.82818,0.04666
2196.89938,0.04617
2194.97059,0.04554
2193.04179,0.04606
2191.11299,0.04686
2189.18420,0.04716
2187.25540,0.04804
2185.32660,0.05002
2183.39781,0.05146
2181.46901,0.05160
2179.54021,0.05181
2177.61142,0.05267
2175.68262,0.05407
2173.75382,0.05530
2171.82503,0.05550
2169.89623,0.05566
2167.96743,0.05671
2166.03864,0.05762
2164.10984,0.05794
2162.18104,0.05938
2160.25225,0.06142
2158.32345,0.06081
2156.39465,0.05736
2154.46586,0.05348
2152.53706,0.05131
2150.60826,0.05042
2148.67947,0.04846
2146.75067,0.04520
2144.82187,0.04263
2142.89308,0.04113
2140.96428,0.03938
2139.03548,0.03793
2137.10669,0.03776
2135.17789,0.03749
2133.24909,0.03619
2131.32030,0.03494
2129.39150,0.03394
2127.46270,0.03241
2125.53391,0.03070
2123.60511,0.02945
2121.67631,0.02830
2119.74752,0.02705
2117.81872,0.02650
2115.88992,0.02704
2113.96113,0.02772
2112.03233,0.02771
2110.10353,0.02744
2108.17474,0.02757
2106.24594,0.02776
2104.31714,0.02777
2102.38835,0.02798
2100.45955,0.02815
2098.53075,0.02797
2096.60196,0.02762
2094.67316,0.02718
2092.74436,0.02677
2090.81557,0.02680
2088.88677,0.02730
2086.95797,0.02780
2085.02918,0.02841
2083.10038,0.02948
2081.17158,0.03029
2079.24279,0.02999
2077.31399,0.02930
2075.38519,0.02909
2073.45640,0.02906
2071.52760,0.02890
2069.59880,0.02913
2067.67001,0.03010
2065.74121,0.03106
2063.81241,0.03140
2061.88362,0.03139
2059.95482,0.03070
2058.02602,0.02943
2056.09723,0.02899
2054.16843,0.02980
2052.23963,0.03106
2050.31084,0.03259
2048.38204,0.03440
2046.45324,0.03618
2044.52445,0.03805
2042.59565,0.03995
2040.66685,0.04089
2038.73806,0.03932
2036.80926,0.03632
2034.88046,0.03559
2032.95167,0.03779
2031.02287,0.04006
2029.09407,0.04079
2027.16528,0.04043
2025.23648,0.04023
2023.30768,0.04051
2021.37889,0.03963
2019.45009,0.03784
2017.52129,0.03780
2015.59250,0.03892
2013.66370,0.03854
2011.73490,0.03707
2009.80611,0.03649
2007.87731,0.03593
2005.94851,0.03377
2004.01972,0.03201
2002.09092,0.03250
2000.16212,0.03364
1998.23333,0.03344
1996.30453,0.03217
1994.37574,0.03129
1992.44694,0.03154
1990.51814,0.03183
1988.58935,0.03133
1986.66055,0.03126
1984.73175,0.03210
1982.80296,0.03342
1980.87416,0.03526
1978.94536,0.03658
1977.01657,0.03643
1975.08777,0.03602
1973.15897,0.03529
1971.23018,0.03269
1969.30138,0.03037
1967.37258,0.03083
1965.44379,0.03142
1963.51499,0.02957
1961.58619,0.02741
1959.65740,0.02696
1957.72860,0.02706
1955.79980,0.02678
1953.87101,0.02630
1951.94221,0.02566
1950.01341,0.02513
1948.08462,0.02504
1946.15582,0.02538
1944.22702,0.02589
1942.29823,0.02566
1940.36943,0.02449
1938.44063,0.02333
1936.51184,0.02299
1934.58304,0.02356
1932.65424,0.02386
1930.72545,0.02312
1928.79665,0.02233
1926.86785,0.02220
1924.93906,0.02242
1923.01026,0.02252
1921.08146,0.02256
1919.15267,0.02264
1917.22387,0.02210
1915.29507,0.02107
1913.36628,0.02074
1911.43748,0.02110
1909.50868,0.02112
1907.57989,0.02063
1905.65109,0.02038
1903.72229,0.02050
1901.79350,0.02066
1899.86470,0.02084
1897.93590,0.02121
1896.00711,0.02155
1894.07831,0.02159
1892.14951,0.02179
1890.22072,0.02221
1888.29192,0.02205
1886.36312,0.02145
1884.43433,0.02116
1882.50553,0.02118
1880.57673,0.02115
1878.64794,0.02074
1876.71914,0.02023
1874.79034,0.02003
1872.86155,0.02044
1870.93275,0.02155
1869.00395,0.02236
1867.07516,0.02170
1865.14636,0.02040
1863.21756,0.01954
1861.28877,0.01905
1859.35997,0.01885
1857.43117,0.01885
1855.50238,0.01895
1853.57358,0.01917
1851.64478,0.01959
1849.71599,0.02030
1847.78719,0.02140
1845.85839,0.02268
1843.92960,0.02291
1842.00080,0.02173
1840.07200,0.02080
1838.14321,0.02061
1836.21441,0.02052
1834.28561,0.02061
1832.35682,0.02149
1830.42802,0.02242
1828.49922,0.02229
1826.57043,0.02175
1824.64163,0.02103
1822.71283,0.01984
1820.78404,0.01893
1818.85524,0.01873
1816.92644,0.01870
1814.99765,0.01872
1813.06885,0.01906
1811.14005,0.01944
1809.21126,0.01935
1807.28246,0.01904
1805.35366,0.01922
1803.42487,0.02011
1801.49607,0.02104
1799.56727,0.02114
1797.63848,0.02090
1795.70968,0.02147
1793.78088,0.02283
1791.85209,0.02324
1789.92329,0.02191
1787.99449,0.02082
1786.06570,0.02086
1784.13690,0.02110
1782.20810,0.02118
1780.27931,0.02104
1778.35051,0.02066
1776.42171,0.02085
1774.49292,0.02204
1772.56412,0.02303
1770.63532,0.02251
1768.70653,0.02117
1766.77773,0.01980
1764.84893,0.01926
1762.92014,0.01977
1760.99134,0.02007
1759.06254,0.01996
1757.13375,0.01994
1755.20495,0.01998
1753.27615,0.02099
1751.34736,0.02302
1749.41856,0.02392
1747.48976,0.02314
1745.56097,0.02232
1743.63217,0.02219
1741.70337,0.02249
1739.77458,0.02252
1737.84578,0.02271
1735.91698,0.02420
1733.98819,0.02550
1732.05939,0.02404
1730.13059,0.02175
1728.20180,0.02009
1726.27300,0.01923
1724.34420,0.01924
1722.41541,0.01986
1720.48661,0.02185
1718.55781,0.02513
1716.62902,0.02674
1714.70022,0.02566
1712.77142,0.02444
1710.84263,0.02469
1708.91383,0.02677
1706.98503,0.03041
1705.05624,0.03456
1703.12744,0.03918
1701.19864,0.04579
1699.26985,0.05278
1697.34105,0.05848
1695.41225,0.06467
1693.48346,0.07119
1691.55466,0.07924
1689.62586,0.09029
1687.69707,0.10289
1685.76827,0.11820
1683.83947,0.13639
1681.91068,0.15000
1679.98188,0.16053
1678.05308,0.17269
1676.12429,0.18725
1674.19549,0.20193
1672.26669,0.21421
1670.33790,0.22559
1668.40910,0.23520
1666.48030,0.24138
1664.55151,0.24688
1662.62271,0.25199
1660.69391,0.25472
1658.76512,0.25621
1656.83632,0.25891
1654.90752,0.26362
1652.97873,0.26666
1651.04993,0.26561
1649.12113,0.26675
1647.19234,0.27152
1645.26354,0.27695
1643.33474,0.28286
1641.40595,0.29205
1639.47715,0.30507
1637.54835,0.32225
1635.61956,0.34344
1633.69076,0.36202
1631.76197,0.37684
1629.83317,0.39252
1627.90437,0.40845
1625.97558,0.42139
1624.04678,0.43057
1622.11798,0.43533
1620.18919,0.43644
1618.26039,0.43611
1616.33159,0.43361
1614.40280,0.42977
1612.47400,0.42793
1610.54520,0.42897
1608.61641,0.43257
1606.68761,0.43848
1604.75881,0.44680
1602.83002,0.45688
1600.90122,0.46713
1598.97242,0.47624
1597.04363,0.48343
1595.11483,0.48765
1593.18603,0.48755
1591.25724,0.48293
1589.32844,0.47399
1587.39964,0.46108
1585.47085,0.44489
1583.54205,0.42610
1581.61325,0.40594
1579.68446,0.38653
1577.75566,0.36640
1575.82686,0.34151
1573.89807,0.31834
1571.96927,0.30056
1570.04047,0.28231
1568.11168,0.26318
1566.18288,0.24682
1564.25408,0.23349
1562.32529,0.22442
1560.39649,0.21741
1558.46769,0.20437
1556.53890,0.18933
1554.61010,0.17820
1552.68130,0.16912
1550.75251,0.16140
1548.82371,0.15461
1546.89491,0.14963
1544.96612,0.14679
1543.03732,0.14483
1541.10852,0.14159
1539.17973,0.13425
1537.25093,0.12702
1535.32213,0.12323
1533.39334,0.12012
1531.46454,0.11598
1529.53574,0.11294
1527.60695,0.11144
1525.67815,0.11014
1523.74935,0.10916
1521.82056,0.10805
1519.89176,0.10564
1517.96296,0.10296
1516.03417,0.10028
1514.10537,0.09787
1512.17657,0.09725
1510.24778,0.09924
1508.31898,0.10269
1506.39018,0.10270
1504.46139,0.09883
1502.53259,0.09727
1500.60379,0.09919
1498.67500,0.10315
1496.74620,0.10714
1494.81740,0.11048
1492.88861,0.11534
1490.95981,0.12335
1489.03101,0.13237
1487.10222,0.13988
1485.17342,0.14753
1483.24462,0.15726
1481.31583,0.16910
1479.38703,0.18208
1477.45823,0.19614
1475.52944,0.21143
1473.60064,0.22685
1471.67184,0.23965
1469.74305,0.24828
1467.81425,0.25577
1465.88545,0.26360
1463.95666,0.26908
1462.02786,0.27144
1460.09906,0.27313
1458.17027,0.27273
1456.24147,0.26470
1454.31267,0.25234
1452.38388,0.24070
1450.45508,0.22929
1448.52628,0.21682
1446.59749,0.20283
1444.66869,0.18907
1442.73989,0.17651
1440.81110,0.16564
1438.88230,0.15677
1436.95350,0.14730
1435.02471,0.13633
1433.09591,0.12711
1431.16711,0.11973
1429.23832,0.11260
1427.30952,0.10621
1425.38072,0.10123
1423.45193,0.09721
1421.52313,0.09440
1419.59433,0.09212
1417.66554,0.08811
1415.73674,0.08318
1413.80794,0.07939
1411.87915,0.07677
1409.95035,0.07465
1408.02155,0.07305
1406.09276,0.07191
1404.16396,0.07044
1402.23516,0.06900
1400.30637,0.06854
1398.37757,0.06846
1396.44877,0.06783
1394.51998,0.06620
1392.59118,0.06388
1390.66238,0.06244
1388.73359,0.06212
1386.80479,0.06127
1384.87599,0.05939
1382.94720,0.05781
1381.01840,0.05699
1379.08960,0.05650
1377.16081,0.05632
1375.23201,0.05626
1373.30321,0.05537
1371.37442,0.05389
1369.44562,0.05289
1367.51682,0.05244
1365.58803,0.05259
1363.65923,0.05326
1361.73043,0.05313
1359.80164,0.05193
1357.87284,0.05093
1355.94404,0.05054
1354.01525,0.05034
1352.08645,0.05015
1350.15765,0.05004
1348.22886,0.04992
1346.30006,0.04980
1344.37126,0.04991
1342.44247,0.05061
1340.51367,0.05155
1338.58487,0.05159
1336.65608,0.05063
1334.72728,0.04965
1332.79848,0.04903
1330.86969,0.04857
1328.94089,0.04814
1327.01209,0.04776
1325.08330,0.04742
1323.15450,0.04716
1321.22570,0.04708
1319.29691,0.04709
1317.36811,0.04691
1315.43931,0.04666
1313.51052,0.04650
1311.58172,0.04635
1309.65292,0.04622
1307.72413,0.04614
1305.79533,0.04609
1303.86653,0.04612
1301.93774,0.04626
1300.00894,0.04645
1298.08014,0.04666
1296.15135,0.04680
1294.22255,0.04678
1292.29375,0.04670
1290.36496,0.04668
1288.43616,0.04668
1286.50736,0.04655
1284.57857,0.04633
1282.64977,0.04613
1280.72097,0.04593
1278.79218,0.04566
1276.86338,0.04542
1274.93458,0.04533
1273.00579,0.04540
1271.07699,0.04548
1269.14820,0.04550
1267.21940,0.04562
1265.29060,0.04591
1263.36181,0.04621
1261.43301,0.04645
1259.50421,0.04660
1257.57542,0.04667
1255.64662,0.04673
1253.71782,0.04689
1251.78903,0.04715
1249.86023,0.04744
1247.93143,0.04770
1246.00264,0.04794
1244.07384,0.04823
1242.14504,0.04848
1240.21625,0.04861
1238.28745,0.04868
1236.35865,0.04872
1234.42986,0.04872
1232.50106,0.04875
1230.57226,0.04888
1228.64347,0.04902
1226.71467,0.04910
1224.78587,0.04918
1222.85708,0.04936
1220.92828,0.04970
1218.99948,0.05016
1217.07069,0.05067
1215.14189,0.05120
1213.21309,0.05178
1211.28430,0.05249
1209.35550,0.05332
1207.42670,0.05419
1205.49791,0.05513
1203.56911,0.05611
1201.64031,0.05718
1199.71152,0.05840
1197.78272,0.05980
1195.85392,0.06130
1193.92513,0.06290
1191.99633,0.06470
1190.06753,0.06678
1188.13874,0.06906
1186.20994,0.07144
1184.28114,0.07394
1182.35235,0.07671
1180.42355,0.07995
1178.49475,0.08370
1176.56596,0.08788
1174.63716,0.09235
1172.70836,0.09706
1170.77957,0.10199
1168.85077,0.10703
1166.92197,0.11203
1164.99318,0.11675
1163.06438,0.12094
1161.13558,0.12426
1159.20679,0.12640
1157.27799,0.12729
1155.34919,0.12690
1153.42040,0.12524
1151.49160,0.12254
1149.56280,0.11897
1147.63401,0.11471
1145.70521,0.11002
1143.77641,0.10511
1141.84762,0.10021
1139.91882,0.09545
1137.99002,0.09085
1136.06123,0.08652
1134.13243,0.08253
1132.20363,0.07895
1130.27484,0.07587
1128.34604,0.07319
1126.41724,0.07079
1124.48845,0.06867
1122.55965,0.06689
1120.63085,0.06545
1118.70206,0.06428
1116.77326,0.06325
1114.84446,0.06239
1112.91567,0.06172
1110.98687,0.06117
1109.05807,0.06070
1107.12928,0.06037
1105.20048,0.06019
1103.27168,0.06009
1101.34289,0.06000
1099.41409,0.05995
1097.48529,0.05996
1095.55650,0.06002
1093.62770,0.06013
1091.69890,0.06027
1089.77011,0.06048
1087.84131,0.06070
1085.91251,0.06081
1083.98372,0.06088
1082.05492,0.06104
1080.12612,0.06129
1078.19733,0.06161
1076.26853,0.06199
1074.33973,0.06242
1072.41094,0.06287
1070.48214,0.06329
1068.55334,0.06357
1066.62455,0.06376
1064.69575,0.06396
1062.76695,0.06406
1060.83816,0.06390
1058.90936,0.06359
1056.98056,0.06329
1055.05177,0.06293
1053.12297,0.06243
1051.19417,0.06183
1049.26538,0.06121
1047.33658,0.06058
1045.40778,0.05996
1043.47899,0.05926
1041.55019,0.05843
1039.62139,0.05751
1037.69260,0.05663
1035.76380,0.05580
1033.83500,0.05491
1031.90621,0.05401
1029.97741,0.05321
1028.04861,0.05247
1026.11982,0.05179
1024.19102,0.05128
1022.26222,0.05096
1020.33343,0.05063
1018.40463,0.05028
1016.47583,0.05006
1014.54704,0.05001
1012.61824,0.05001
1010.68944,0.04993
1008.76065,0.04966
1006.83185,0.04925
1004.90305,0.04871
1002.97426,0.04808
1001.04546,0.04748
999.11666,0.04699
997.18787,0.04657
995.25907,0.04611
993.33027,0.04559
991.40148,0.04507
989.47268,0.04458
987.54388,0.04400
985.61509,0.04334
983.68629,0.04275
981.75749,0.04220
979.82870,0.04160
977.89990,0.04094
975.97110,0.04034
974.04231,0.03986
972.11351,0.03942
970.18471,0.03899
968.25592,0.03873
966.32712,0.03869
964.39832,0.03873
962.46953,0.03867
960.54073,0.03848
958.61193,0.03818
956.68314,0.03780
954.75434,0.03745
952.82554,0.03727
950.89675,0.03721
948.96795,0.03698
947.03915,0.03654
945.11036,0.03605
943.18156,0.03552
941.25276,0.03489
939.32397,0.03420
937.39517,0.03354
935.46637,0.03289
933.53758,0.03222
931.60878,0.03154
929.67998,0.03090
927.75119,0.03037
925.82239,0.02995
923.89359,0.02945
921.96480,0.02881
920.03600,0.02820
918.10720,0.02779
916.17841,0.02750
914.24961,0.02724
912.32081,0.02704
910.39202,0.02693
908.46322,0.02674
906.53443,0.02637
904.60563,0.02601
902.67683,0.02578
900.74804,0.02562
898.81924,0.02536
896.89044,0.02490
894.96165,0.02430
893.03285,0.02365
891.10405,0.02297
889.17526,0.02224
887.24646,0.02143
885.31766,0.02052
883.38887,0.01966
881.46007,0.01895
879.53127,0.01834
877.60248,0.01781
875.67368,0.01735
873.74488,0.01694
871.81609,0.01658
869.88729,0.01630
867.95849,0.01601
866.02970,0.01576
864.10090,0.01567
862.17210,0.01563
860.24331,0.01550
858.31451,0.01534
856.38571,0.01522
854.45692,0.01514
852.52812,0.01513
850.59932,0.01505
848.67053,0.01483
846.74173,0.01456
844.81293,0.01429
842.88414,0.01389
840.95534,0.01343
839.02654,0.01305
837.09775,0.01267
835.16895,0.01227
833.24015,0.01194
831.31136,0.01166
829.38256,0.01139
827.45376,0.01118
825.52497,0.01107
823.59617,0.01118
821.66737,0.01152
819.73858,0.01177
817.80978,0.01191
815.88098,0.01219
813.95219,0.01261
812.02339,0.01299
810.09459,0.01342
808.16580,0.01400
806.23700,0.01466
804.30820,0.01542
802.37941,0.01632
800.45061,0.01718
798.52181,0.01801
796.59302,0.01891
794.66422,0.01975
792.73542,0.02043
790.80663,0.02112
788.87783,0.02189
786.94903,0.02252
785.02024,0.02272
783.09144,0.02225
781.16264,0.02132
779.23385,0.02025
777.30505,0.01900
775.37625,0.01762
773.44746,0.01656
771.51866,0.01605
769.58986,0.01583
767.66107,0.01562
765.73227,0.01543
763.80347,0.01525
761.87468,0.01507
759.94588,0.01504
758.01708,0.01524
756.08829,0.01551
754.15949,0.01577
752.23069,0.01606
750.30190,0.01635
748.37310,0.01642
