3496.90832,0.07140
3494.97953,0.06812
3493.05073,0.06512
3491.12193,0.06573
3489.19314,0.06882
3487.26434,0.07226
3485.33554,0.07195
3483.40675,0.06889
3481.47795,0.06882
3479.54915,0.07135
3477.62036,0.07257
3475.69156,0.07156
3473.76276,0.06971
3471.83397,0.06906
3469.90517,0.07004
3467.97637,0.07120
3466.04758,0.07141
3464.11878,0.07071
3462.18998,0.06890
3460.26119,0.06560
3458.33239,0.06113
3456.40359,0.05791
3454.47480,0.05792
3452.54600,0.05697
3450.61721,0.05286
3448.68841,0.05101
3446.75961,0.05589
3444.83082,0.06197
3442.90202,0.06193
3440.97322,0.06003
3439.04443,0.05828
3437.11563,0.05114
3435.18683,0.04251
3433.25804,0.03921
3431.32924,0.04032
3429.40044,0.04622
3427.47165,0.05525
3425.54285,0.05775
3423.61405,0.05220
3421.68526,0.04708
3419.75646,0.04695
3417.82766,0.05192
3415.89887,0.05722
3413.97007,0.05669
3412.04127,0.05201
3410.11248,0.04910
3408.18368,0.04933
3406.25488,0.04971
3404.32609,0.04751
3402.39729,0.04462
3400.46849,0.04712
3398.53970,0.05206
3396.61090,0.04781
3394.68210,0.03639
3392.75331,0.03199
3390.82451,0.03586
3388.89571,0.04118
3386.96692,0.04703
3385.03812,0.05027
3383.10932,0.04656
3381.18053,0.04131
3379.25173,0.04374
3377.32293,0.05106
3375.39414,0.05232
3373.46534,0.04985
3371.53654,0.05167
3369.60775,0.05453
3367.67895,0.05685
3365.75015,0.05971
3363.82136,0.05985
3361.89256,0.05948
3359.96376,0.06180
3358.03497,0.06099
3356.10617,0.05816
3354.17737,0.06013
3352.24858,0.06331
3350.31978,0.06443
3348.39098,0.06415
3346.46219,0.06225
3344.53339,0.06167
3342.60459,0.06495
3340.67580,0.06684
3338.74700,0.06103
3336.81820,0.05344
3334.88941,0.05206
3332.96061,0.05235
3331.03181,0.05147
3329.10302,0.05437
3327.17422,0.05627
3325.24542,0.04885
3323.31663,0.03770
3321.38783,0.03462
3319.45903,0.04016
3317.53024,0.04488
3315.60144,0.04388
3313.67264,0.03980
3311.74385,0.03638
3309.81505,0.03617
3307.88625,0.03852
3305.95746,0.03703
3304.02866,0.02713
3302.09986,0.01849
3300.17107,0.02217
3298.24227,0.02858
3296.31347,0.02583
3294.38468,0.02031
3292.45588,0.01932
3290.52708,0.02254
3288.59829,0.02719
3286.66949,0.02793
3284.74069,0.02537
3282.81190,0.02465
3280.88310,0.02794
3278.95430,0.03754
3277.02551,0.04669
3275.09671,0.04514
3273.16791,0.04006
3271.23912,0.03964
3269.31032,0.03787
3267.38152,0.03177
3265.45273,0.02574
3263.52393,0.02346
3261.59513,0.02694
3259.66634,0.03320
3257.73754,0.03891
3255.80874,0.04300
3253.87995,0.03988
3251.95115,0.03211
3250.02235,0.03160
3248.09356,0.03549
3246.16476,0.03368
3244.23596,0.03133
3242.30717,0.03234
3240.37837,0.03174
3238.44957,0.03187
3236.52078,0.03487
3234.59198,0.03771
3232.66318,0.03896
3230.73439,0.03955
3228.80559,0.04000
3226.87679,0.03722
3224.94800,0.03226
3223.01920,0.03266
3221.09040,0.04175
3219.16161,0.05289
3217.23281,0.05547
3215.30401,0.04969
3213.37522,0.04523
3211.44642,0.04578
3209.51762,0.04812
3207.58883,0.04974
3205.66003,0.04988
3203.73123,0.04892
3201.80244,0.04926
3199.87364,0.05083
3197.94484,0.05020
3196.01605,0.04841
3194.08725,0.04917
3192.15845,0.04896
3190.22966,0.04547
3188.30086,0.04359
3186.37206,0.04294
3184.44327,0.04199
3182.51447,0.04304
3180.58567,0.04511
3178.65688,0.04652
3176.72808,0.04633
3174.79928,0.04350
3172.87049,0.03968
3170.94169,0.03603
3169.01289,0.03268
3167.08410,0.03193
3165.15530,0.03479
3163.22650,0.03804
3161.29771,0.03871
3159.36891,0.03712
3157.44011,0.03483
3155.51132,0.03512
3153.58252,0.03943
3151.65372,0.04244
3149.72493,0.03986
3147.79613,0.03543
3145.86733,0.03285
3143.93854,0.03139
3142.00974,0.03101
3140.08094,0.03219
3138.15215,0.03379
3136.22335,0.03435
3134.29455,0.03367
3132.36576,0.03387
3130.43696,0.03614
3128.50816,0.03703
3126.57937,0.03474
3124.65057,0.03252
3122.72177,0.03251
3120.79298,0.03338
3118.86418,0.03401
3116.93538,0.03423
3115.00659,0.03320
3113.07779,0.03173
3111.14899,0.03238
3109.22020,0.03381
3107.29140,0.03359
3105.36260,0.03286
3103.43381,0.03266
3101.50501,0.03267
3099.57621,0.03289
3097.64742,0.03259
3095.71862,0.03194
3093.78982,0.03232
3091.86103,0.03246
3089.93223,0.03151
3088.00344,0.03134
3086.07464,0.03220
3084.14584,0.03311
3082.21705,0.03354
3080.28825,0.03330
3078.35945,0.03312
3076.43066,0.03291
3074.50186,0.03219
3072.57306,0.03203
3070.64427,0.03265
3068.71547,0.03286
3066.78667,0.03266
3064.85788,0.03292
3062.92908,0.03349
3061.00028,0.03329
3059.07149,0.03211
3057.14269,0.03116
3055.21389,0.03122
3053.28510,0.03174
3051.35630,0.03202
3049.42750,0.03200
3047.49871,0.03205
3045.56991,0.03213
3043.64111,0.03223
3041.71232,0.03278
3039.78352,0.03325
3037.85472,0.03289
3035.92593,0.03252
3033.99713,0.03290
3032.06833,0.03382
3030.13954,0.03497
3028.21074,0.03597
3026.28194,0.03643
3024.35315,0.03608
3022.42435,0.03535
3020.49555,0.03502
3018.56676,0.03513
3016.63796,0.03549
3014.70916,0.03596
3012.78037,0.03650
3010.85157,0.03701
3008.92277,0.03686
3006.99398,0.03615
3005.06518,0.03580
3003.13638,0.03576
3001.20759,0.03558
2999.27879,0.03545
2997.34999,0.03539
2995.42120,0.03567
2993.49240,0.03627
2991.56360,0.03650
2989.63481,0.03670
2987.70601,0.03723
2985.77721,0.03745
2983.84842,0.03738
2981.91962,0.03747
2979.99082,0.03753
2978.06203,0.03746
2976.13323,0.03757
2974.20443,0.03776
2972.27564,0.03792
2970.34684,0.03825
2968.41804,0.03851
2966.48925,0.03833
2964.56045,0.03813
2962.63165,0.03851
2960.70286,0.03905
2958.77406,0.03919
2956.84526,0.03929
2954.91647,0.03958
2952.98767,0.03963
2951.05887,0.03943
2949.13008,0.03946
2947.20128,0.03979
2945.27248,0.04010
2943.34369,0.04037
2941.41489,0.04057
2939.48609,0.04072
2937.55730,0.04090
2935.62850,0.04106
2933.69970,0.04126
2931.77091,0.04155
2929.84211,0.04164
2927.91331,0.04140
2925.98452,0.04117
2924.05572,0.04111
2922.12692,0.04132
2920.19813,0.04189
2918.26933,0.04243
2916.34053,0.04271
2914.41174,0.04275
2912.48294,0.04225
2910.55414,0.04132
2908.62535,0.04057
2906.69655,0.04023
2904.76775,0.04027
2902.83896,0.04041
2900.91016,0.04044
2898.98136,0.04067
2897.05257,0.04104
2895.12377,0.04094
2893.19497,0.04060
2891.26618,0.04079
2889.33738,0.04129
2887.40858,0.04124
2885.47979,0.04057
2883.55099,0.04030
2881.62219,0.04088
2879.69340,0.04140
2877.76460,0.04143
2875.83580,0.04139
2873.90701,0.04139
2871.97821,0.04148
2870.04941,0.04174
2868.12062,0.04209
2866.19182,0.04249
2864.26302,0.04283
2862.33423,0.04287
2860.40543,0.04286
2858.47663,0.04324
2856.54784,0.04363
2854.61904,0.04362
2852.69024,0.04351
2850.76145,0.04360
2848.83265,0.04380
2846.90385,0.04395
2844.97506,0.04412
2843.04626,0.04432
2841.11746,0.04442
2839.18867,0.04436
2837.25987,0.04424
2835.33107,0.04427
2833.40228,0.04434
2831.47348,0.04433
2829.54468,0.04447
2827.61589,0.04465
2825.68709,0.04458
2823.75829,0.04446
2821.82950,0.04450
2819.90070,0.04449
2817.97190,0.04431
2816.04311,0.04409
2814.11431,0.04409
2812.18551,0.04446
2810.25672,0.04478
2808.32792,0.04456
2806.39912,0.04408
2804.47033,0.04387
2802.54153,0.04398
2800.61273,0.04408
2798.68394,0.04400
2796.75514,0.04376
2794.82634,0.04335
2792.89755,0.04296
2790.96875,0.04291
2789.03995,0.04316
2787.11116,0.04331
2785.18236,0.04308
2783.25356,0.04272
2781.32477,0.04249
2779.39597,0.04237
2777.46717,0.04221
2775.53838,0.04186
2773.60958,0.04146
2771.68078,0.04133
2769.75199,0.04153
2767.82319,0.04169
2765.89439,0.04163
2763.96560,0.04143
2762.03680,0.04119
2760.10800,0.04088
2758.17921,0.04052
2756.25041,0.04041
2754.32161,0.04056
2752.39282,0.04054
2750.46402,0.04035
2748.53522,0.04038
2746.60643,0.04061
2744.67763,0.04074
2742.74883,0.04079
2740.82004,0.04087
2738.89124,0.04093
2736.96244,0.04098
2735.03365,0.04107
2733.10485,0.04102
2731.17605,0.04082
2729.24726,0.04074
2727.31846,0.04084
2725.38967,0.04091
2723.46087,0.04074
2721.53207,0.04054
2719.60328,0.04050
2717.67448,0.04060
2715.74568,0.04076
2713.81689,0.04087
2711.88809,0.04078
2709.95929,0.04046
2708.03050,0.04007
2706.10170,0.03999
2704.17290,0.04024
2702.24411,0.04038
2700.31531,0.04029
2698.38651,0.04030
2696.45772,0.04048
2694.52892,0.04063
2692.60012,0.04070
2690.67133,0.04073
2688.74253,0.04066
2686.81373,0.04053
2684.88494,0.04045
2682.95614,0.04046
2681.02734,0.04057
2679.09855,0.04071
2677.16975,0.04065
2675.24095,0.04044
2673.31216,0.04029
2671.38336,0.04023
2669.45456,0.04021
2667.52577,0.04014
2665.59697,0.03999
2663.66817,0.03990
2661.73938,0.03979
2659.81058,0.03961
2657.88178,0.03962
2655.95299,0.03977
2654.02419,0.03983
2652.09539,0.03986
2650.16660,0.03998
2648.23780,0.04011
2646.30900,0.04021
2644.38021,0.04026
2642.45141,0.04036
2640.52261,0.04054
2638.59382,0.04067
2636.66502,0.04081
2634.73622,0.04104
2632.80743,0.04127
2630.87863,0.04138
2628.94983,0.04131
2627.02104,0.04110
2625.09224,0.04090
2623.16344,0.04078
2621.23465,0.04068
2619.30585,0.04050
2617.37705,0.04043
2615.44826,0.04065
2613.51946,0.04094
2611.59066,0.04107
2609.66187,0.04103
2607.73307,0.04096
2605.80427,0.04104
2603.87548,0.04132
2601.94668,0.04150
2600.01788,0.04140
2598.08909,0.04133
2596.16029,0.04158
2594.23149,0.04197
2592.30270,0.04223
2590.37390,0.04237
2588.44510,0.04234
2586.51631,0.04196
2584.58751,0.04173
2582.65871,0.04180
2580.72992,0.04148
2578.80112,0.04097
2576.87232,0.04120
2574.94353,0.04173
2573.01473,0.04162
2571.08593,0.04135
2569.15714,0.04145
2567.22834,0.04145
2565.29954,0.04123
2563.37075,0.04094
2561.44195,0.04053
2559.51315,0.04052
2557.58436,0.04120
2555.65556,0.04169
2553.72676,0.04148
2551.79797,0.04110
2549.86917,0.04094
2547.94037,0.04105
2546.01158,0.04128
2544.08278,0.04128
2542.15398,0.04093
2540.22519,0.04059
2538.29639,0.04054
2536.36759,0.04064
2534.43880,0.04077
2532.51000,0.04079
2530.58120,0.04044
2528.65241,0.04006
2526.72361,0.03997
2524.79481,0.03985
2522.86602,0.03957
2520.93722,0.03949
2519.00842,0.03948
2517.07963,0.03921
2515.15083,0.03906
2513.22203,0.03929
2511.29324,0.03950
2509.36444,0.03941
2507.43564,0.03920
2505.50685,0.03906
2503.57805,0.03895
2501.64925,0.03903
2499.72046,0.03944
2497.79166,0.03980
2495.86286,0.03974
2493.93407,0.03956
2492.00527,0.03956
2490.07647,0.03961
2488.14768,0.03958
2486.21888,0.03952
2484.29008,0.03952
2482.36129,0.03949
2480.43249,0.03925
2478.50369,0.03901
2476.57490,0.03898
2474.64610,0.03914
2472.71730,0.03912
2470.78851,0.03876
2468.85971,0.03849
2466.93091,0.03861
2465.00212,0.03899
2463.07332,0.03946
2461.14452,0.03960
2459.21573,0.03919
2457.28693,0.03853
2455.35813,0.03797
2453.42934,0.03781
2451.50054,0.03813
2449.57174,0.03846
2447.64295,0.03850
2445.71415,0.03848
2443.78535,0.03849
2441.85656,0.03846
2439.92776,0.03850
2437.99896,0.03850
2436.07017,0.03824
2434.14137,0.03786
2432.21257,0.03759
2430.28378,0.03730
2428.35498,0.03704
2426.42618,0.03704
2424.49739,0.03720
2422.56859,0.03715
2420.63979,0.03681
2418.71100,0.03634
2416.78220,0.03597
2414.85340,0.03588
2412.92461,0.03574
2410.99581,0.03529
2409.06701,0.03508
2407.13822,0.03536
2405.20942,0.03564
2403.28062,0.03579
2401.35183,0.03568
2399.42303,0.03505
2397.49423,0.03439
2395.56544,0.03432
2393.63664,0.03459
2391.70784,0.03483
2389.77905,0.03546
2387.85025,0.03758
2385.92145,0.04220
2383.99266,0.04984
2382.06386,0.06074
2380.13506,0.07451
2378.20627,0.08976
2376.27747,0.10552
2374.34867,0.12203
2372.41988,0.13920
2370.49108,0.15611
2368.56228,0.17184
2366.63349,0.18570
2364.70469,0.19713
2362.77589,0.20527
2360.84710,0.20877
2358.91830,0.20655
2356.98951,0.19791
2355.06071,0.18285
2353.13191,0.16231
2351.20312,0.14150
2349.27432,0.13072
2347.34552,0.13578
2345.41673,0.15083
2343.48793,0.16136
2341.55913,0.16262
2339.63034,0.15996
2337.70154,0.15641
2335.77274,0.15348
2333.84395,0.15252
2331.91515,0.15255
2329.98635,0.15011
2328.05756,0.14466
2326.12876,0.13951
2324.19996,0.13598
2322.27117,0.13159
2320.34237,0.12388
2318.41357,0.11403
2316.48478,0.10532
2314.55598,0.09946
2312.62718,0.09516
2310.69839,0.09019
2308.76959,0.08394
2306.84079,0.07706
2304.91200,0.07055
2302.98320,0.06540
2301.05440,0.06162
2299.12561,0.05819
2297.19681,0.05477
2295.26801,0.05189
2293.33922,0.04933
2291.41042,0.04676
2289.48162,0.04453
2287.55283,0.04263
2285.62403,0.04090
2283.69523,0.03976
2281.76644,0.03961
2279.83764,0.04028
2277.90884,0.04121
2275.98005,0.04189
2274.05125,0.04223
2272.12245,0.04227
2270.19366,0.04224
2268.26486,0.04243
2266.33606,0.04288
2264.40727,0.04327
2262.47847,0.04344
2260.54967,0.04370
2258.62088,0.04442
2256.69208,0.04539
2254.76328,0.04560
2252.83449,0.04465
2250.90569,0.04365
2248.97689,0.04330
2247.04810,0.04338
2245.11930,0.04413
2243.19050,0.04548
2241.26171,0.04637
2239.33291,0.04631
2237.40411,0.04601
2235.47532,0.04638
2233.54652,0.04715
2231.61772,0.04737
2229.68893,0.04748
2227.76013,0.04833
2225.83133,0.04933
2223.90254,0.04976
2221.97374,0.04969
2220.04494,0.04958
2218.11615,0.04988
2216.18735,0.05037
2214.25855,0.05013
2212.32976,0.04943
2210.40096,0.04979
2208.47216,0.05064
2206.54337,0.05041
2204.61457,0.05005
2202.68577,0.05092
2200.75698,0.05227
2198.82818,0.05259
2196.89938,0.05094
2194.97059,0.04901
2193.04179,0.04972
2191.11299,0.05230
2189.18420,0.05381
2187.25540,0.05437
2185.32660,0.05540
2183.39781,0.05647
2181.46901,0.05767
2179.54021,0.05890
2177.61142,0.05873
2175.68262,0.05832
2173.75382,0.05902
2171.82503,0.05932
2169.89623,0.05890
2167.96743,0.05937
2166.03864,0.06145
2164.10984,0.06546
2162.18104,0.07169
2160.25225,0.07766
2158.32345,0.07789
2156.39465,0.07216
2154.46586,0.06648
2152.53706,0.06308
2150.60826,0.05975
2148.67947,0.05568
2146.75067,0.05214
2144.82187,0.04967
2142.89308,0.04733
2140.96428,0.04417
2139.03548,0.04129
2137.10669,0.04020
2135.17789,0.03987
2133.24909,0.03870
2131.32030,0.03695
2129.39150,0.03523
2127.46270,0.03374
2125.53391,0.03298
2123.60511,0.03265
2121.67631,0.03202
2119.74752,0.03143
2117.81872,0.03143
2115.88992,0.03163
2113.96113,0.03151
2112.03233,0.03126
2110.10353,0.03126
2108.17474,0.03140
2106.24594,0.03160
2104.31714,0.03201
2102.38835,0.03248
2100.45955,0.03242
2098.53075,0.03177
2096.60196,0.03119
2094.67316,0.03107
2092.74436,0.03102
2090.81557,0.03058
2088.88677,0.03032
2086.95797,0.03089
2085.02918,0.03171
2083.10038,0.03204
2081.17158,0.03219
2079.24279,0.03252
2077.31399,0.03258
2075.38519,0.03216
2073.45640,0.03198
2071.52760,0.03244
2069.59880,0.03299
2067.67001,0.03344
2065.74121,0.03380
2063.81241,0.03392
2061.88362,0.03403
2059.95482,0.03422
2058.02602,0.03422
2056.09723,0.03426
2054.16843,0.03490
2052.23963,0.03592
2050.31084,0.03721
2048.38204,0.03950
2046.45324,0.04253
2044.52445,0.04491
2042.59565,0.04590
2040.66685,0.04574
2038.73806,0.04429
2036.80926,0.04248
2034.88046,0.04221
2032.95167,0.04291
2031.02287,0.04295
2029.09407,0.04251
2027.16528,0.04237
2025.23648,0.04258
2023.30768,0.04266
2021.37889,0.04188
2019.45009,0.04123
2017.52129,0.04289
2015.59250,0.04511
2013.66370,0.04532
2011.73490,0.04463
2009.80611,0.04431
2007.87731,0.04298
2005.94851,0.03959
2004.01972,0.03704
2002.09092,0.03742
2000.16212,0.03841
1998.23333,0.03811
1996.30453,0.03732
1994.37574,0.03687
1992.44694,0.03708
1990.51814,0.03751
1988.58935,0.03733
1986.66055,0.03723
1984.73175,0.03733
1982.80296,0.03723
1980.87416,0.03832
1978.94536,0.04053
1977.01657,0.04127
1975.08777,0.04019
1973.15897,0.03846
1971.23018,0.03661
1969.30138,0.03599
1967.37258,0.03699
1965.44379,0.03768
1963.51499,0.03692
1961.58619,0.03569
1959.65740,0.03455
1957.72860,0.03296
1955.79980,0.03135
1953.87101,0.03032
1951.94221,0.02990
1950.01341,0.02983
1948.08462,0.02961
1946.15582,0.02963
1944.22702,0.03048
1942.29823,0.03080
1940.36943,0.02931
1938.44063,0.02698
1936.51184,0.02542
1934.58304,0.02528
1932.65424,0.02560
1930.72545,0.02533
1928.79665,0.02484
1926.86785,0.02468
1924.93906,0.02496
1923.01026,0.02532
1921.08146,0.02541
1919.15267,0.02534
1917.22387,0.02478
1915.29507,0.02387
1913.36628,0.02363
1911.43748,0.02422
1909.50868,0.02477
1907.57989,0.02467
1905.65109,0.02420
1903.72229,0.02398
1901.79350,0.02399
1899.86470,0.02393
1897.93590,0.02405
1896.00711,0.02441
1894.07831,0.02456
1892.14951,0.02464
1890.22072,0.02483
1888.29192,0.02444
1886.36312,0.02360
1884.43433,0.02308
1882.50553,0.02302
1880.57673,0.02298
1878.64794,0.02270
1876.71914,0.02245
1874.79034,0.02243
1872.86155,0.02293
1870.93275,0.02414
1869.00395,0.02505
1867.07516,0.02447
1865.14636,0.02325
1863.21756,0.02254
1861.28877,0.02226
1859.35997,0.02219
1857.43117,0.02217
1855.50238,0.02209
1853.57358,0.02213
1851.64478,0.02244
1849.71599,0.02304
1847.78719,0.02401
1845.85839,0.02522
1843.92960,0.02539
1842.00080,0.02414
1840.07200,0.02317
1838.14321,0.02305
1836.21441,0.02301
1834.28561,0.02299
1832.35682,0.02372
1830.42802,0.02459
1828.49922,0.02447
1826.57043,0.02402
1824.64163,0.02340
1822.71283,0.02230
1820.78404,0.02151
1818.85524,0.02150
1816.92644,0.02170
1814.99765,0.02186
1813.06885,0.02229
1811.14005,0.02269
1809.21126,0.02253
1807.28246,0.02217
1805.35366,0.02234
1803.42487,0.02326
1801.49607,0.02417
1799.56727,0.02417
1797.63848,0.02375
1795.70968,0.02412
1793.78088,0.02533
1791.85209,0.02564
1789.92329,0.02415
1787.99449,0.02289
1786.06570,0.02283
1784.13690,0.02312
1782.20810,0.02328
1780.27931,0.02316
1778.35051,0.02278
1776.42171,0.02306
1774.49292,0.02440
1772.56412,0.02558
1770.63532,0.02526
1768.70653,0.02408
1766.77773,0.02278
1764.84893,0.02232
1762.92014,0.02297
1760.99134,0.02338
1759.06254,0.02333
1757.13375,0.02330
1755.20495,0.02323
1753.27615,0.02415
1751.34736,0.02616
1749.41856,0.02696
1747.48976,0.02600
1745.56097,0.02504
1743.63217,0.02475
1741.70337,0.02480
1739.77458,0.02460
1737.84578,0.02471
1735.91698,0.02622
1733.98819,0.02759
1732.05939,0.02625
1730.13059,0.02400
1728.20180,0.02234
1726.27300,0.02157
1724.34420,0.02174
1722.41541,0.02251
1720.48661,0.02463
1718.55781,0.02819
1716.62902,0.03019
1714.70022,0.02933
1712.77142,0.02819
1710.84263,0.02861
1708.91383,0.03094
1706.98503,0.03490
1705.05624,0.03934
1703.12744,0.04416
1701.19864,0.05105
1699.26985,0.05847
1697.34105,0.06463
1695.41225,0.07138
1693.48346,0.07852
1691.55466,0.08724
1689.62586,0.09910
1687.69707,0.11254
1685.76827,0.12877
1683.83947,0.14825
1681.91068,0.16304
1679.98188,0.17440
1678.05308,0.18732
1676.12429,0.20272
1674.19549,0.21822
1672.26669,0.23123
1670.33790,0.24355
1668.40910,0.25408
1666.48030,0.26082
1664.55151,0.26679
1662.62271,0.27240
1660.69391,0.27542
1658.76512,0.27704
1656.83632,0.27985
1654.90752,0.28464
1652.97873,0.28742
1651.04993,0.28591
1649.12113,0.28692
1647.19234,0.29182
1645.26354,0.29728
1643.33474,0.30316
1641.40595,0.31254
1639.47715,0.32604
1637.54835,0.34400
1635.61956,0.36642
1633.69076,0.38639
1631.76197,0.40246
1629.83317,0.41966
1627.90437,0.43754
1625.97558,0.45245
1624.04678,0.46328
1622.11798,0.46925
1620.18919,0.47130
1618.26039,0.47187
1616.33159,0.47006
1614.40280,0.46652
1612.47400,0.46481
1610.54520,0.46601
1608.61641,0.46995
1606.68761,0.47627
1604.75881,0.48481
1602.83002,0.49506
1600.90122,0.50585
1598.97242,0.51583
1597.04363,0.52382
1595.11483,0.52868
1593.18603,0.52923
1591.25724,0.52525
1589.32844,0.51674
1587.39964,0.50384
1585.47085,0.48723
1583.54205,0.46775
1581.61325,0.44674
1579.68446,0.42636
1577.75566,0.40498
1575.82686,0.37853
1573.89807,0.35387
1571.96927,0.33469
1570.04047,0.31479
1568.11168,0.29391
1566.18288,0.27591
1564.25408,0.26101
1562.32529,0.25060
1560.39649,0.24231
1558.46769,0.22761
1556.53890,0.21104
1554.61010,0.19866
1552.68130,0.18843
1550.75251,0.17966
1548.82371,0.17187
1546.89491,0.16602
1544.96612,0.16240
1543.03732,0.15962
1541.10852,0.15548
1539.17973,0.14729
1537.25093,0.13955
1535.32213,0.13547
1533.39334,0.13208
1531.46454,0.12759
1529.53574,0.12428
1527.60695,0.12264
1525.67815,0.12125
1523.74935,0.12020
1521.82056,0.11907
1519.89176,0.11663
1517.96296,0.11390
1516.03417,0.11114
1514.10537,0.10857
1512.17657,0.10787
1510.24778,0.10991
1508.31898,0.11333
1506.39018,0.11295
1504.46139,0.10863
1502.53259,0.10692
1500.60379,0.10881
1498.67500,0.11275
1496.74620,0.11674
1494.81740,0.12015
1492.88861,0.12524
1490.95981,0.13367
1489.03101,0.14318
1487.10222,0.15113
1485.17342,0.15928
1483.24462,0.16969
1481.31583,0.18244
1479.38703,0.19650
1477.45823,0.21179
1475.52944,0.22847
1473.60064,0.24542
1471.67184,0.25977
1469.74305,0.26968
1467.81425,0.27832
1465.88545,0.28747
1463.95666,0.29429
1462.02786,0.29769
1460.09906,0.30020
1458.17027,0.30055
1456.24147,0.29286
1454.31267,0.28022
1452.38388,0.26797
1450.45508,0.25576
1448.52628,0.24226
1446.59749,0.22700
1444.66869,0.21186
1442.73989,0.19787
1440.81110,0.18565
1438.88230,0.17561
1436.95350,0.16488
1435.02471,0.15258
1433.09591,0.14234
1431.16711,0.13417
1429.23832,0.12633
1427.30952,0.11935
1425.38072,0.11388
1423.45193,0.10942
1421.52313,0.10623
1419.59433,0.10365
1417.66554,0.09931
1415.73674,0.09397
1413.80794,0.08980
1411.87915,0.08682
1409.95035,0.08432
1408.02155,0.08235
1406.09276,0.08092
1404.16396,0.07912
1402.23516,0.07737
1400.30637,0.07667
1398.37757,0.07638
1396.44877,0.07547
1394.51998,0.07347
1392.59118,0.07079
1390.66238,0.06910
1388.73359,0.06865
1386.80479,0.06769
1384.87599,0.06569
1382.94720,0.06406
1381.01840,0.06325
1379.08960,0.06280
1377.16081,0.06272
1375.23201,0.06283
1373.30321,0.06208
1371.37442,0.06064
1369.44562,0.05965
1367.51682,0.05919
1365.58803,0.05936
1363.65923,0.06009
1361.73043,0.05989
1359.80164,0.05849
1357.87284,0.05731
1355.94404,0.05675
1354.01525,0.05637
1352.08645,0.05603
1350.15765,0.05580
1348.22886,0.05558
1346.30006,0.05534
1344.37126,0.05535
1342.44247,0.05605
1340.51367,0.05711
1338.58487,0.05721
1336.65608,0.05617
1334.72728,0.05512
1332.79848,0.05453
1330.86969,0.05418
1328.94089,0.05390
1327.01209,0.05365
1325.08330,0.05344
1323.15450,0.05331
1321.22570,0.05335
1319.29691,0.05342
1317.36811,0.05326
1315.43931,0.05298
1313.51052,0.05274
1311.58172,0.05245
1309.65292,0.05215
1307.72413,0.05193
1305.79533,0.05174
1303.86653,0.05163
1301.93774,0.05164
1300.00894,0.05171
1298.08014,0.05181
1296.15135,0.05185
1294.22255,0.05174
1292.29375,0.05160
1290.36496,0.05155
1288.43616,0.05155
1286.50736,0.05144
1284.57857,0.05126
1282.64977,0.05117
1280.72097,0.05113
1278.79218,0.05104
1276.86338,0.05095
1274.93458,0.05101
1273.00579,0.05121
1271.07699,0.05139
1269.14820,0.05148
1267.21940,0.05162
1265.29060,0.05188
1263.36181,0.05214
1261.43301,0.05232
1259.50421,0.05239
1257.57542,0.05235
1255.64662,0.05232
1253.71782,0.05236
1251.78903,0.05250
1249.86023,0.05268
1247.93143,0.05283
1246.00264,0.05299
1244.07384,0.05321
1242.14504,0.05341
1240.21625,0.05353
1238.28745,0.05361
1236.35865,0.05371
1234.42986,0.05382
1232.50106,0.05398
1230.57226,0.05426
1228.64347,0.05456
1226.71467,0.05483
1224.78587,0.05509
1222.85708,0.05540
1220.92828,0.05584
1218.99948,0.05639
1217.07069,0.05696
1215.14189,0.05753
1213.21309,0.05812
1211.28430,0.05880
1209.35550,0.05955
1207.42670,0.06035
1205.49791,0.06124
1203.56911,0.06219
1201.64031,0.06322
1199.71152,0.06441
1197.78272,0.06582
1195.85392,0.06734
1193.92513,0.06896
1191.99633,0.07085
1190.06753,0.07310
1188.13874,0.07564
1186.20994,0.07834
1184.28114,0.08120
1182.35235,0.08442
1180.42355,0.08819
1178.49475,0.09252
1176.56596,0.09729
1174.63716,0.10232
1172.70836,0.10757
1170.77957,0.11302
1168.85077,0.11854
1166.92197,0.12393
1164.99318,0.12901
1163.06438,0.13348
1161.13558,0.13697
1159.20679,0.13922
1157.27799,0.14013
1155.34919,0.13963
1153.42040,0.13774
1151.49160,0.13470
1149.56280,0.13070
1147.63401,0.12591
1145.70521,0.12065
1143.77641,0.11521
1141.84762,0.10984
1139.91882,0.10469
1137.99002,0.09981
1136.06123,0.09523
1134.13243,0.09104
1132.20363,0.08732
1130.27484,0.08413
1128.34604,0.08136
1126.41724,0.07887
1124.48845,0.07670
1122.55965,0.07485
1120.63085,0.07331
1118.70206,0.07200
1116.77326,0.07082
1114.84446,0.06978
1112.91567,0.06894
1110.98687,0.06822
1109.05807,0.06757
1107.12928,0.06705
1105.20048,0.06668
1103.27168,0.06637
1101.34289,0.06612
1099.41409,0.06598
1097.48529,0.06590
1095.55650,0.06584
1093.62770,0.06583
1091.69890,0.06592
1089.77011,0.06615
1087.84131,0.06642
1085.91251,0.06662
1083.98372,0.06680
1082.05492,0.06712
1080.12612,0.06756
1078.19733,0.06805
1076.26853,0.06855
1074.33973,0.06907
1072.41094,0.06961
1070.48214,0.07009
1068.55334,0.07038
1066.62455,0.07053
1064.69575,0.07068
1062.76695,0.07070
1060.83816,0.07043
1058.90936,0.07001
1056.98056,0.06960
1055.05177,0.06912
1053.12297,0.06850
1051.19417,0.06778
1049.26538,0.06701
1047.33658,0.06624
1045.40778,0.06550
1043.47899,0.06474
1041.55019,0.06388
1039.62139,0.06296
1037.69260,0.06214
1035.76380,0.06140
1033.83500,0.06061
1031.90621,0.05983
1029.97741,0.05917
1028.04861,0.05857
1026.11982,0.05799
1024.19102,0.05754
1022.26222,0.05726
1020.33343,0.05694
1018.40463,0.05654
1016.47583,0.05624
1014.54704,0.05612
1012.61824,0.05605
1010.68944,0.05586
1008.76065,0.05543
1006.83185,0.05483
1004.90305,0.05411
1002.97426,0.05332
1001.04546,0.05258
999.11666,0.05196
997.18787,0.05143
995.25907,0.05091
993.33027,0.05037
991.40148,0.04989
989.47268,0.04945
987.54388,0.04896
985.61509,0.04843
983.68629,0.04797
981.75749,0.04757
979.82870,0.04711
977.89990,0.04654
975.97110,0.04596
974.04231,0.04545
972.11351,0.04497
970.18471,0.04449
968.25592,0.04415
966.32712,0.04400
964.39832,0.04389
962.46953,0.04367
960.54073,0.04331
958.61193,0.04284
956.68314,0.04229
954.75434,0.04179
952.82554,0.04146
950.89675,0.04124
948.96795,0.04087
947.03915,0.04034
945.11036,0.03982
943.18156,0.03930
941.25276,0.03868
939.32397,0.03804
937.39517,0.03746
935.46637,0.03692
933.53758,0.03639
931.60878,0.03584
929.67998,0.03531
927.75119,0.03488
925.82239,0.03452
923.89359,0.03405
921.96480,0.03338
920.03600,0.03270
918.10720,0.03218
916.17841,0.03176
914.24961,0.03133
912.32081,0.03094
910.39202,0.03064
908.46322,0.03028
906.53443,0.02976
904.60563,0.02923
902.67683,0.02887
900.74804,0.02861
898.81924,0.02827
896.89044,0.02774
894.96165,0.02709
893.03285,0.02641
891.10405,0.02574
889.17526,0.02509
887.24646,0.02442
885.31766,0.02370
883.38887,0.02298
881.46007,0.02238
879.53127,0.02184
877.60248,0.02135
875.67368,0.02092
873.74488,0.02049
871.81609,0.02009
869.88729,0.01971
867.95849,0.01929
866.02970,0.01892
864.10090,0.01870
862.17210,0.01851
860.24331,0.01821
858.31451,0.01786
856.38571,0.01755
854.45692,0.01732
852.52812,0.01718
850.59932,0.01699
848.67053,0.01667
846.74173,0.01638
844.81293,0.01611
842.88414,0.01573
840.95534,0.01529
839.02654,0.01499
837.09775,0.01480
835.16895,0.01460
833.24015,0.01445
831.31136,0.01435
829.38256,0.01423
827.45376,0.01405
825.52497,0.01392
823.59617,0.01404
821.66737,0.01441
819.73858,0.01467
817.80978,0.01477
815.88098,0.01498
813.95219,0.01538
812.02339,0.01579
810.09459,0.01613
808.16580,0.01656
806.23700,0.01712
804.30820,0.01782
802.37941,0.01862
800.45061,0.01940
798.52181,0.02020
796.59302,0.02122
794.66422,0.02236
792.73542,0.02336
790.80663,0.02426
788.87783,0.02520
786.94903,0.02601
785.02024,0.02645
783.09144,0.02630
781.16264,0.02554
779.23385,0.02438
777.30505,0.02292
775.37625,0.02141
773.44746,0.02028
771.51866,0.01957
769.58986,0.01898
767.66107,0.01841
765.73227,0.01799
763.80347,0.01775
761.87468,0.01753
759.94588,0.01740
758.01708,0.01756
756.08829,0.01781
754.15949,0.01787
752.23069,0.01789
750.30190,0.01804
748.37310,0.01801
