3496.90832,0.06404
3494.97953,0.05873
3493.05073,0.05516
3491.12193,0.05771
3489.19314,0.06321
3487.26434,0.06762
3485.33554,0.06509
3483.40675,0.05779
3481.47795,0.05488
3479.54915,0.05857
3477.62036,0.06521
3475.69156,0.06897
3473.76276,0.06508
3471.83397,0.05857
3469.90517,0.05782
3467.97637,0.05988
3466.04758,0.05855
3464.11878,0.05837
3462.18998,0.06297
3460.26119,0.06735
3458.33239,0.06634
3456.40359,0.06140
3454.47480,0.05887
3452.54600,0.06015
3450.61721,0.05962
3448.68841,0.05377
3446.75961,0.04821
3444.83082,0.04909
3442.90202,0.05191
3440.97322,0.05159
3439.04443,0.04965
3437.11563,0.04608
3435.18683,0.04329
3433.25804,0.04598
3431.32924,0.05117
3429.40044,0.05556
3427.47165,0.05776
3425.54285,0.05637
3423.61405,0.05413
3421.68526,0.05080
3419.75646,0.04627
3417.82766,0.04528
3415.89887,0.04530
3413.97007,0.04071
3412.04127,0.03366
3410.11248,0.02807
3408.18368,0.02570
3406.25488,0.02923
3404.32609,0.03613
3402.39729,0.04095
3400.46849,0.04426
3398.53970,0.04402
3396.61090,0.03682
3394.68210,0.03026
3392.75331,0.03131
3390.82451,0.03581
3388.89571,0.04138
3386.96692,0.04864
3385.03812,0.05162
3383.10932,0.04728
3381.18053,0.04258
3379.25173,0.04506
3377.32293,0.05326
3375.39414,0.05571
3373.46534,0.05071
3371.53654,0.05014
3369.60775,0.05342
3367.67895,0.05490
3365.75015,0.05877
3363.82136,0.06532
3361.89256,0.06556
3359.96376,0.05629
3358.03497,0.04555
3356.10617,0.04231
3354.17737,0.04955
3352.24858,0.06058
3350.31978,0.06593
3348.39098,0.06396
3346.46219,0.05928
3344.53339,0.05869
3342.60459,0.06170
3340.67580,0.06208
3338.74700,0.06036
3336.81820,0.05855
3334.88941,0.05659
3332.96061,0.05482
3331.03181,0.05536
3329.10302,0.05763
3327.17422,0.05462
3325.24542,0.04546
3323.31663,0.03618
3321.38783,0.03138
3319.45903,0.03361
3317.53024,0.03848
3315.60144,0.03752
3313.67264,0.03186
3311.74385,0.02985
3309.81505,0.03522
3307.88625,0.04450
3305.95746,0.04799
3304.02866,0.04249
3302.09986,0.03814
3300.17107,0.03670
3298.24227,0.02971
3296.31347,0.02254
3294.38468,0.02409
3292.45588,0.02966
3290.52708,0.03378
3288.59829,0.03593
3286.66949,0.03348
3284.74069,0.02802
3282.81190,0.02630
3280.88310,0.02979
3278.95430,0.03444
3277.02551,0.03468
3275.09671,0.02911
3273.16791,0.02426
3271.23912,0.02700
3269.31032,0.03370
3267.38152,0.03304
3265.45273,0.02473
3263.52393,0.02049
3261.59513,0.02387
3259.66634,0.02886
3257.73754,0.02998
3255.80874,0.02924
3253.87995,0.03150
3251.95115,0.03553
3250.02235,0.03898
3248.09356,0.03883
3246.16476,0.03074
3244.23596,0.02174
3242.30717,0.01804
3240.37837,0.01741
3238.44957,0.02406
3236.52078,0.03679
3234.59198,0.04566
3232.66318,0.05012
3230.73439,0.05258
3228.80559,0.04957
3226.87679,0.04076
3224.94800,0.03347
3223.01920,0.03448
3221.09040,0.04262
3219.16161,0.05254
3217.23281,0.05886
3215.30401,0.05801
3213.37522,0.05271
3211.44642,0.05037
3209.51762,0.05178
3207.58883,0.04979
3205.66003,0.04599
3203.73123,0.04742
3201.80244,0.05082
3199.87364,0.05053
3197.94484,0.04961
3196.01605,0.05165
3194.08725,0.05274
3192.15845,0.04900
3190.22966,0.04562
3188.30086,0.04750
3186.37206,0.04976
3184.44327,0.04818
3182.51447,0.04508
3180.58567,0.04245
3178.65688,0.04090
3176.72808,0.04016
3174.79928,0.03865
3172.87049,0.03619
3170.94169,0.03383
3169.01289,0.03273
3167.08410,0.03337
3165.15530,0.03521
3163.22650,0.03714
3161.29771,0.03710
3159.36891,0.03394
3157.44011,0.03135
3155.51132,0.03204
3153.58252,0.03291
3151.65372,0.03278
3149.72493,0.03213
3147.79613,0.03119
3145.86733,0.03232
3143.93854,0.03468
3142.00974,0.03511
3140.08094,0.03363
3138.15215,0.03199
3136.22335,0.03114
3134.29455,0.03124
3132.36576,0.03251
3130.43696,0.03405
3128.50816,0.03361
3126.57937,0.03105
3124.65057,0.03039
3122.72177,0.03430
3120.79298,0.03829
3118.86418,0.03827
3116.93538,0.03657
3115.00659,0.03496
3113.07779,0.03265
3111.14899,0.03009
3109.22020,0.02849
3107.29140,0.02914
3105.36260,0.03131
3103.43381,0.03199
3101.50501,0.03111
3099.57621,0.03069
3097.64742,0.03001
3095.71862,0.02816
3093.78982,0.02724
3091.86103,0.02791
3089.93223,0.02817
3088.00344,0.02795
3086.07464,0.02815
3084.14584,0.02870
3082.21705,0.02921
3080.28825,0.02895
3078.35945,0.02837
3076.43066,0.02855
3074.50186,0.02928
3072.57306,0.03010
3070.64427,0.03086
3068.71547,0.03112
3066.78667,0.03085
3064.85788,0.03057
3062.92908,0.03034
3061.00028,0.02977
3059.07149,0.02893
3057.14269,0.02891
3055.21389,0.03034
3053.28510,0.03153
3051.35630,0.03153
3049.42750,0.03112
3047.49871,0.03012
3045.56991,0.02897
3043.64111,0.02891
3041.71232,0.02960
3039.78352,0.03005
3037.85472,0.03025
3035.92593,0.03077
3033.99713,0.03144
3032.06833,0.03193
3030.13954,0.03266
3028.21074,0.03361
3026.28194,0.03410
3024.35315,0.03385
3022.42435,0.03333
3020.49555,0.03302
3018.56676,0.03288
3016.63796,0.03289
3014.70916,0.03309
3012.78037,0.03326
3010.85157,0.03352
3008.92277,0.03392
3006.99398,0.03422
3005.06518,0.03446
3003.13638,0.03449
3001.20759,0.03388
2999.27879,0.03319
2997.34999,0.03334
2995.42120,0.03415
2993.49240,0.03439
2991.56360,0.03379
2989.63481,0.03371
2987.70601,0.03423
2985.77721,0.03419
2983.84842,0.03384
2981.91962,0.03408
2979.99082,0.03474
2978.06203,0.03537
2976.13323,0.03600
2974.20443,0.03634
2972.27564,0.03623
2970.34684,0.03636
2968.41804,0.03671
2966.48925,0.03669
2964.56045,0.03657
2962.63165,0.03697
2960.70286,0.03769
2958.77406,0.03838
2956.84526,0.03904
2954.91647,0.03950
2952.98767,0.03931
2951.05887,0.03870
2949.13008,0.03855
2947.20128,0.03885
2945.27248,0.03867
2943.34369,0.03812
2941.41489,0.03806
2939.48609,0.03855
2937.55730,0.03917
2935.62850,0.03969
2933.69970,0.03997
2931.77091,0.04013
2929.84211,0.04058
2927.91331,0.04119
2925.98452,0.04160
2924.05572,0.04166
2922.12692,0.04156
2920.19813,0.04163
2918.26933,0.04195
2916.34053,0.04239
2914.41174,0.04248
2912.48294,0.04173
2910.55414,0.04057
2908.62535,0.03967
2906.69655,0.03909
2904.76775,0.03869
2902.83896,0.03844
2900.91016,0.03846
2898.98136,0.03894
2897.05257,0.03934
2895.12377,0.03915
2893.19497,0.03890
2891.26618,0.03910
2889.33738,0.03936
2887.40858,0.03925
2885.47979,0.03883
2883.55099,0.03856
2881.62219,0.03879
2879.69340,0.03924
2877.76460,0.03956
2875.83580,0.03981
2873.90701,0.04011
2871.97821,0.04025
2870.04941,0.04013
2868.12062,0.04001
2866.19182,0.04004
2864.26302,0.04036
2862.33423,0.04095
2860.40543,0.04148
2858.47663,0.04181
2856.54784,0.04185
2854.61904,0.04165
2852.69024,0.04142
2850.76145,0.04129
2848.83265,0.04133
2846.90385,0.04128
2844.97506,0.04110
2843.04626,0.04107
2841.11746,0.04117
2839.18867,0.04127
2837.25987,0.04125
2835.33107,0.04112
2833.40228,0.04107
2831.47348,0.04118
2829.54468,0.04145
2827.61589,0.04169
2825.68709,0.04170
2823.75829,0.04165
2821.82950,0.04184
2819.90070,0.04200
2817.97190,0.04182
2816.04311,0.04160
2814.11431,0.04163
2812.18551,0.04168
2810.25672,0.04144
2808.32792,0.04106
2806.39912,0.04083
2804.47033,0.04067
2802.54153,0.04046
2800.61273,0.04043
2798.68394,0.04049
2796.75514,0.04036
2794.82634,0.04001
2792.89755,0.03956
2790.96875,0.03924
2789.03995,0.03935
2787.11116,0.03960
2785.18236,0.03958
2783.25356,0.03940
2781.32477,0.03920
2779.39597,0.03904
2777.46717,0.03886
2775.53838,0.03857
2773.60958,0.03835
2771.68078,0.03843
2769.75199,0.03860
2767.82319,0.03867
2765.89439,0.03868
2763.96560,0.03862
2762.03680,0.03839
2760.10800,0.03801
2758.17921,0.03766
2756.25041,0.03755
2754.32161,0.03746
2752.39282,0.03712
2750.46402,0.03691
2748.53522,0.03708
2746.60643,0.03732
2744.67763,0.03747
2742.74883,0.03757
2740.82004,0.03762
2738.89124,0.03758
2736.96244,0.03755
2735.03365,0.03773
2733.10485,0.03807
2731.17605,0.03831
2729.24726,0.03831
2727.31846,0.03832
2725.38967,0.03839
2723.46087,0.03822
2721.53207,0.03787
2719.60328,0.03770
2717.67448,0.03774
2715.74568,0.03781
2713.81689,0.03780
2711.88809,0.03767
2709.95929,0.03745
2708.03050,0.03729
2706.10170,0.03726
2704.17290,0.03729
2702.24411,0.03722
2700.31531,0.03709
2698.38651,0.03704
2696.45772,0.03702
2694.52892,0.03706
2692.60012,0.03719
2690.67133,0.03732
2688.74253,0.03742
2686.81373,0.03749
2684.88494,0.03754
2682.95614,0.03768
2681.02734,0.03789
2679.09855,0.03804
2677.16975,0.03805
2675.24095,0.03789
2673.31216,0.03761
2671.38336,0.03736
2669.45456,0.03723
2667.52577,0.03723
2665.59697,0.03726
2663.66817,0.03724
2661.73938,0.03706
2659.81058,0.03675
2657.88178,0.03651
2655.95299,0.03644
2654.02419,0.03659
2652.09539,0.03684
2650.16660,0.03689
2648.23780,0.03684
2646.30900,0.03693
2644.38021,0.03705
2642.45141,0.03718
2640.52261,0.03733
2638.59382,0.03739
2636.66502,0.03742
2634.73622,0.03749
2632.80743,0.03762
2630.87863,0.03798
2628.94983,0.03839
2627.02104,0.03842
2625.09224,0.03812
2623.16344,0.03797
2621.23465,0.03811
2619.30585,0.03835
2617.37705,0.03836
2615.44826,0.03807
2613.51946,0.03773
2611.59066,0.03744
2609.66187,0.03737
2607.73307,0.03753
2605.80427,0.03753
2603.87548,0.03736
2601.94668,0.03752
2600.01788,0.03782
2598.08909,0.03789
2596.16029,0.03793
2594.23149,0.03795
2592.30270,0.03797
2590.37390,0.03828
2588.44510,0.03861
2586.51631,0.03847
2584.58751,0.03824
2582.65871,0.03827
2580.72992,0.03803
2578.80112,0.03763
2576.87232,0.03790
2574.94353,0.03853
2573.01473,0.03869
2571.08593,0.03867
2569.15714,0.03883
2567.22834,0.03877
2565.29954,0.03839
2563.37075,0.03801
2561.44195,0.03791
2559.51315,0.03801
2557.58436,0.03795
2555.65556,0.03766
2553.72676,0.03714
2551.79797,0.03665
2549.86917,0.03672
2547.94037,0.03716
2546.01158,0.03742
2544.08278,0.03750
2542.15398,0.03748
2540.22519,0.03730
2538.29639,0.03713
2536.36759,0.03714
2534.43880,0.03744
2532.51000,0.03790
2530.58120,0.03795
2528.65241,0.03743
2526.72361,0.03684
2524.79481,0.03652
2522.86602,0.03659
2520.93722,0.03697
2519.00842,0.03720
2517.07963,0.03718
2515.15083,0.03732
2513.22203,0.03761
2511.29324,0.03745
2509.36444,0.03674
2507.43564,0.03617
2505.50685,0.03607
2503.57805,0.03606
2501.64925,0.03595
2499.72046,0.03598
2497.79166,0.03595
2495.86286,0.03579
2493.93407,0.03596
2492.00527,0.03627
2490.07647,0.03636
2488.14768,0.03635
2486.21888,0.03648
2484.29008,0.03664
2482.36129,0.03653
2480.43249,0.03642
2478.50369,0.03666
2476.57490,0.03692
2474.64610,0.03683
2472.71730,0.03635
2470.78851,0.03575
2468.85971,0.03561
2466.93091,0.03589
2465.00212,0.03608
2463.07332,0.03604
2461.14452,0.03575
2459.21573,0.03531
2457.28693,0.03504
2455.35813,0.03484
2453.42934,0.03469
2451.50054,0.03484
2449.57174,0.03488
2447.64295,0.03437
2445.71415,0.03385
2443.78535,0.03391
2441.85656,0.03436
2439.92776,0.03483
2437.99896,0.03502
2436.07017,0.03488
2434.14137,0.03486
2432.21257,0.03506
2430.28378,0.03509
2428.35498,0.03496
2426.42618,0.03497
2424.49739,0.03509
2422.56859,0.03489
2420.63979,0.03427
2418.71100,0.03356
2416.78220,0.03315
2414.85340,0.03305
2412.92461,0.03291
2410.99581,0.03266
2409.06701,0.03270
2407.13822,0.03285
2405.20942,0.03250
2403.28062,0.03184
2401.35183,0.03144
2399.42303,0.03117
2397.49423,0.03091
2395.56544,0.03097
2393.63664,0.03131
2391.70784,0.03163
2389.77905,0.03226
2387.85025,0.03409
2385.92145,0.03811
2383.99266,0.04515
2382.06386,0.05517
2380.13506,0.06740
2378.20627,0.08092
2376.27747,0.09488
2374.34867,0.10921
2372.41988,0.12437
2370.49108,0.13964
2368.56228,0.15367
2366.63349,0.16616
2364.70469,0.17669
2362.77589,0.18390
2360.84710,0.18676
2358.91830,0.18449
2356.98951,0.17642
2355.06071,0.16269
2353.13191,0.14422
2351.20312,0.12535
2349.27432,0.11522
2347.34552,0.11945
2345.41673,0.13308
2343.48793,0.14296
2341.55913,0.14445
2339.63034,0.14234
2337.70154,0.13935
2335.77274,0.13667
2333.84395,0.13577
2331.91515,0.13602
2329.98635,0.13404
2328.05756,0.12910
2326.12876,0.12437
2324.19996,0.12138
2322.27117,0.11778
2320.34237,0.11099
2318.41357,0.10205
2316.48478,0.09404
2314.55598,0.08857
2312.62718,0.08443
2310.69839,0.07979
2308.76959,0.07436
2306.84079,0.06859
2304.91200,0.06295
2302.98320,0.05817
2301.05440,0.05436
2299.12561,0.05098
2297.19681,0.04819
2295.26801,0.04628
2293.33922,0.04458
2291.41042,0.04259
2289.48162,0.04047
2287.55283,0.03848
2285.62403,0.03697
2283.69523,0.03639
2281.76644,0.03680
2279.83764,0.03771
2277.90884,0.03850
2275.98005,0.03900
2274.05125,0.03921
2272.12245,0.03912
2270.19366,0.03912
2268.26486,0.03958
2266.33606,0.04024
2264.40727,0.04047
2262.47847,0.04027
2260.54967,0.04005
2258.62088,0.04014
2256.69208,0.04078
2254.76328,0.04133
2252.83449,0.04084
2250.90569,0.03973
2248.97689,0.03919
2247.04810,0.03963
2245.11930,0.04073
2243.19050,0.04194
2241.26171,0.04248
2239.33291,0.04223
2237.40411,0.04209
2235.47532,0.04245
2233.54652,0.04250
2231.61772,0.04168
2229.68893,0.04128
2227.76013,0.04211
2225.83133,0.04314
2223.90254,0.04435
2221.97374,0.04604
2220.04494,0.04668
2218.11615,0.04594
2216.18735,0.04560
2214.25855,0.04598
2212.32976,0.04587
2210.40096,0.04554
2208.47216,0.04561
2206.54337,0.04572
2204.61457,0.04576
2202.68577,0.04606
2200.75698,0.04728
2198.82818,0.04888
2196.89938,0.04916
2194.97059,0.04864
2193.04179,0.04936
2191.11299,0.05123
2189.18420,0.05211
2187.25540,0.05124
2185.32660,0.05045
2183.39781,0.05073
2181.46901,0.05202
2179.54021,0.05379
2177.61142,0.05360
2175.68262,0.05088
2173.75382,0.04873
2171.82503,0.04925
2169.89623,0.05129
2167.96743,0.05251
2166.03864,0.05308
2164.10984,0.05523
2162.18104,0.05910
2160.25225,0.06216
2158.32345,0.06247
2156.39465,0.06003
2154.46586,0.05642
2152.53706,0.05391
2150.60826,0.05226
2148.67947,0.04985
2146.75067,0.04686
2144.82187,0.04429
2142.89308,0.04228
2140.96428,0.04023
2139.03548,0.03857
2137.10669,0.03800
2135.17789,0.03777
2133.24909,0.03680
2131.32030,0.03503
2129.39150,0.03330
2127.46270,0.03221
2125.53391,0.03138
2123.60511,0.03034
2121.67631,0.02949
2119.74752,0.02915
2117.81872,0.02901
2115.88992,0.02878
2113.96113,0.02832
2112.03233,0.02771
2110.10353,0.02746
2108.17474,0.02766
2106.24594,0.02791
2104.31714,0.02819
2102.38835,0.02851
2100.45955,0.02846
2098.53075,0.02818
2096.60196,0.02825
2094.67316,0.02843
2092.74436,0.02824
2090.81557,0.02781
2088.88677,0.02765
2086.95797,0.02798
2085.02918,0.02846
2083.10038,0.02897
2081.17158,0.02966
2079.24279,0.03013
2077.31399,0.02992
2075.38519,0.02921
2073.45640,0.02865
2071.52760,0.02888
2069.59880,0.02991
2067.67001,0.03108
2065.74121,0.03159
2063.81241,0.03126
2061.88362,0.03064
2059.95482,0.03031
2058.02602,0.03042
2056.09723,0.03064
2054.16843,0.03107
2052.23963,0.03166
2050.31084,0.03248
2048.38204,0.03438
2046.45324,0.03702
2044.52445,0.03876
2042.59565,0.03931
2040.66685,0.04010
2038.73806,0.04122
2036.80926,0.04072
2034.88046,0.03971
2032.95167,0.04097
2031.02287,0.04317
2029.09407,0.04342
2027.16528,0.04197
2025.23648,0.04035
2023.30768,0.03893
2021.37889,0.03731
2019.45009,0.03616
2017.52129,0.03641
2015.59250,0.03665
2013.66370,0.03611
2011.73490,0.03623
2009.80611,0.03682
2007.87731,0.03564
2005.94851,0.03275
2004.01972,0.03106
2002.09092,0.03202
2000.16212,0.03444
1998.23333,0.03592
1996.30453,0.03503
1994.37574,0.03330
1992.44694,0.03314
1990.51814,0.03403
1988.58935,0.03404
1986.66055,0.03343
1984.73175,0.03312
1982.80296,0.03366
1980.87416,0.03533
1978.94536,0.03618
1977.01657,0.03452
1975.08777,0.03299
1973.15897,0.03267
1971.23018,0.03169
1969.30138,0.03076
1967.37258,0.03104
1965.44379,0.03158
1963.51499,0.03127
1961.58619,0.03010
1959.65740,0.02869
1957.72860,0.02738
1955.79980,0.02643
1953.87101,0.02602
1951.94221,0.02577
1950.01341,0.02549
1948.08462,0.02542
1946.15582,0.02577
1944.22702,0.02630
1942.29823,0.02604
1940.36943,0.02484
1938.44063,0.02373
1936.51184,0.02338
1934.58304,0.02367
1932.65424,0.02393
1930.72545,0.02368
1928.79665,0.02312
1926.86785,0.02273
1924.93906,0.02288
1923.01026,0.02313
1921.08146,0.02306
1919.15267,0.02274
1917.22387,0.02184
1915.29507,0.02077
1913.36628,0.02056
1911.43748,0.02104
1909.50868,0.02135
1907.57989,0.02113
1905.65109,0.02058
1903.72229,0.02016
1901.79350,0.02005
1899.86470,0.02024
1897.93590,0.02072
1896.00711,0.02123
1894.07831,0.02141
1892.14951,0.02158
1890.22072,0.02198
1888.29192,0.02197
1886.36312,0.02149
1884.43433,0.02117
1882.50553,0.02109
1880.57673,0.02092
1878.64794,0.02057
1876.71914,0.02024
1874.79034,0.02006
1872.86155,0.02042
1870.93275,0.02156
1869.00395,0.02233
1867.07516,0.02150
1865.14636,0.02010
1863.21756,0.01930
1861.28877,0.01895
1859.35997,0.01883
1857.43117,0.01879
1855.50238,0.01874
1853.57358,0.01889
1851.64478,0.01938
1849.71599,0.02014
1847.78719,0.02121
1845.85839,0.02245
1843.92960,0.02269
1842.00080,0.02154
1840.07200,0.02067
1838.14321,0.02062
1836.21441,0.02059
1834.28561,0.02060
1832.35682,0.02141
1830.42802,0.02233
1828.49922,0.02222
1826.57043,0.02172
1824.64163,0.02108
1822.71283,0.01998
1820.78404,0.01909
1818.85524,0.01880
1816.92644,0.01871
1814.99765,0.01873
1813.06885,0.01907
1811.14005,0.01940
1809.21126,0.01927
1807.28246,0.01895
1805.35366,0.01907
1803.42487,0.01989
1801.49607,0.02076
1799.56727,0.02089
1797.63848,0.02072
1795.70968,0.02136
1793.78088,0.02277
1791.85209,0.02320
1789.92329,0.02185
1787.99449,0.02073
1786.06570,0.02073
1784.13690,0.02094
1782.20810,0.02102
1780.27931,0.02091
1778.35051,0.02059
1776.42171,0.02085
1774.49292,0.02208
1772.56412,0.02303
1770.63532,0.02243
1768.70653,0.02107
1766.77773,0.01970
1764.84893,0.01917
1762.92014,0.01970
1760.99134,0.02001
1759.06254,0.01987
1757.13375,0.01983
1755.20495,0.01988
1753.27615,0.02090
1751.34736,0.02291
1749.41856,0.02379
1747.48976,0.02300
1745.56097,0.02220
1743.63217,0.02210
1741.70337,0.02239
1739.77458,0.02239
1737.84578,0.02254
1735.91698,0.02403
1733.98819,0.02544
1732.05939,0.02408
1730.13059,0.02176
1728.20180,0.02005
1726.27300,0.01923
1724.34420,0.01928
1722.41541,0.01989
1720.48661,0.02184
1718.55781,0.02511
1716.62902,0.02673
1714.70022,0.02562
1712.77142,0.02431
1710.84263,0.02451
1708.91383,0.02658
1706.98503,0.03027
1705.05624,0.03448
1703.12744,0.03910
1701.19864,0.04575
1699.26985,0.05284
1697.34105,0.05862
1695.41225,0.06480
1693.48346,0.07123
1691.55466,0.07924
1689.62586,0.09031
1687.69707,0.10296
1685.76827,0.11831
1683.83947,0.13655
1681.91068,0.15027
1679.98188,0.16088
1678.05308,0.17304
1676.12429,0.18751
1674.19549,0.20215
1672.26669,0.21451
1670.33790,0.22600
1668.40910,0.23555
1666.48030,0.24160
1664.55151,0.24708
1662.62271,0.25228
1660.69391,0.25502
1658.76512,0.25645
1656.83632,0.25917
1654.90752,0.26405
1652.97873,0.26713
1651.04993,0.26591
1649.12113,0.26706
1647.19234,0.27194
1645.26354,0.27731
1643.33474,0.28310
1641.40595,0.29235
1639.47715,0.30553
1637.54835,0.32281
1635.61956,0.34392
1633.69076,0.36238
1631.76197,0.37722
1629.83317,0.39300
1627.90437,0.40907
1625.97558,0.42217
1624.04678,0.43137
1622.11798,0.43598
1620.18919,0.43708
1618.26039,0.43689
1616.33159,0.43439
1614.40280,0.43034
1612.47400,0.42833
1610.54520,0.42940
1608.61641,0.43320
1606.68761,0.43917
1604.75881,0.44733
1602.83002,0.45732
1600.90122,0.46769
1598.97242,0.47703
1597.04363,0.48428
1595.11483,0.48844
1593.18603,0.48843
1591.25724,0.48395
1589.32844,0.47499
1587.39964,0.46201
1585.47085,0.44577
1583.54205,0.42687
1581.61325,0.40659
1579.68446,0.38715
1577.75566,0.36709
1575.82686,0.34231
1573.89807,0.31916
1571.96927,0.30130
1570.04047,0.28294
1568.11168,0.26373
1566.18288,0.24732
1564.25408,0.23392
1562.32529,0.22475
1560.39649,0.21771
1558.46769,0.20471
1556.53890,0.18966
1554.61010,0.17850
1552.68130,0.16941
1550.75251,0.16166
1548.82371,0.15484
1546.89491,0.14986
1544.96612,0.14702
1543.03732,0.14507
1541.10852,0.14185
1539.17973,0.13451
1537.25093,0.12730
1535.32213,0.12355
1533.39334,0.12046
1531.46454,0.11625
1529.53574,0.11314
1527.60695,0.11163
1525.67815,0.11037
1523.74935,0.10944
1521.82056,0.10834
1519.89176,0.10588
1517.96296,0.10315
1516.03417,0.10040
1514.10537,0.09791
1512.17657,0.09727
1510.24778,0.09929
1508.31898,0.10279
1506.39018,0.10277
1504.46139,0.09879
1502.53259,0.09721
1500.60379,0.09917
1498.67500,0.10319
1496.74620,0.10723
1494.81740,0.11058
1492.88861,0.11545
1490.95981,0.12348
1489.03101,0.13253
1487.10222,0.14005
1485.17342,0.14771
1483.24462,0.15744
1481.31583,0.16927
1479.38703,0.18226
1477.45823,0.19639
1475.52944,0.21178
1473.60064,0.22726
1471.67184,0.24003
1469.74305,0.24857
1467.81425,0.25600
1465.88545,0.26382
1463.95666,0.26933
1462.02786,0.27173
1460.09906,0.27345
1458.17027,0.27307
1456.24147,0.26505
1454.31267,0.25271
1452.38388,0.24107
1450.45508,0.22961
1448.52628,0.21708
1446.59749,0.20309
1444.66869,0.18935
1442.73989,0.17681
1440.81110,0.16595
1438.88230,0.15711
1436.95350,0.14763
1435.02471,0.13661
1433.09591,0.12736
1431.16711,0.11997
1429.23832,0.11281
1427.30952,0.10639
1425.38072,0.10137
1423.45193,0.09731
1421.52313,0.09445
1419.59433,0.09214
1417.66554,0.08812
1415.73674,0.08318
1413.80794,0.07937
1411.87915,0.07671
1409.95035,0.07457
1408.02155,0.07298
1406.09276,0.07186
1404.16396,0.07041
1402.23516,0.06898
1400.30637,0.06852
1398.37757,0.06846
1396.44877,0.06786
1394.51998,0.06624
1392.59118,0.06388
1390.66238,0.06240
1388.73359,0.06210
1386.80479,0.06128
1384.87599,0.05942
1382.94720,0.05784
1381.01840,0.05699
1379.08960,0.05646
1377.16081,0.05629
1375.23201,0.05627
1373.30321,0.05541
1371.37442,0.05390
1369.44562,0.05285
1367.51682,0.05235
1365.58803,0.05250
1363.65923,0.05320
1361.73043,0.05306
1359.80164,0.05183
1357.87284,0.05081
1355.94404,0.05041
1354.01525,0.05022
1352.08645,0.05005
1350.15765,0.04996
1348.22886,0.04986
1346.30006,0.04976
1344.37126,0.04990
1342.44247,0.05060
1340.51367,0.05153
1338.58487,0.05158
1336.65608,0.05065
1334.72728,0.04968
1332.79848,0.04905
1330.86969,0.04857
1328.94089,0.04814
1327.01209,0.04776
1325.08330,0.04741
1323.15450,0.04712
1321.22570,0.04700
1319.29691,0.04697
1317.36811,0.04679
1315.43931,0.04653
1313.51052,0.04637
1311.58172,0.04621
1309.65292,0.04608
1307.72413,0.04599
1305.79533,0.04593
1303.86653,0.04600
1301.93774,0.04618
1300.00894,0.04638
1298.08014,0.04658
1296.15135,0.04674
1294.22255,0.04676
1292.29375,0.04671
1290.36496,0.04670
1288.43616,0.04669
1286.50736,0.04654
1284.57857,0.04632
1282.64977,0.04613
1280.72097,0.04594
1278.79218,0.04567
1276.86338,0.04542
1274.93458,0.04533
1273.00579,0.04538
1271.07699,0.04541
1269.14820,0.04540
1267.21940,0.04550
1265.29060,0.04576
1263.36181,0.04606
1261.43301,0.04631
1259.50421,0.04645
1257.57542,0.04651
1255.64662,0.04661
1253.71782,0.04680
1251.78903,0.04708
1249.86023,0.04739
1247.93143,0.04767
1246.00264,0.04793
1244.07384,0.04821
1242.14504,0.04845
1240.21625,0.04859
1238.28745,0.04867
1236.35865,0.04873
1234.42986,0.04874
1232.50106,0.04876
1230.57226,0.04886
1228.64347,0.04898
1226.71467,0.04907
1224.78587,0.04916
1222.85708,0.04933
1220.92828,0.04963
1218.99948,0.05005
1217.07069,0.05054
1215.14189,0.05107
1213.21309,0.05167
1211.28430,0.05240
1209.35550,0.05322
1207.42670,0.05408
1205.49791,0.05502
1203.56911,0.05602
1201.64031,0.05710
1199.71152,0.05835
1197.78272,0.05979
1195.85392,0.06132
1193.92513,0.06291
1191.99633,0.06470
1190.06753,0.06678
1188.13874,0.06908
1186.20994,0.07148
1184.28114,0.07398
1182.35235,0.07676
1180.42355,0.08000
1178.49475,0.08375
1176.56596,0.08791
1174.63716,0.09235
1172.70836,0.09705
1170.77957,0.10197
1168.85077,0.10703
1166.92197,0.11203
1164.99318,0.11675
1163.06438,0.12094
1161.13558,0.12426
1159.20679,0.12643
1157.27799,0.12735
1155.34919,0.12696
1153.42040,0.12531
1151.49160,0.12264
1149.56280,0.11909
1147.63401,0.11480
1145.70521,0.11007
1143.77641,0.10516
1141.84762,0.10027
1139.91882,0.09552
1137.99002,0.09096
1136.06123,0.08662
1134.13243,0.08259
1132.20363,0.07898
1130.27484,0.07587
1128.34604,0.07317
1126.41724,0.07076
1124.48845,0.06864
1122.55965,0.06685
1120.63085,0.06541
1118.70206,0.06423
1116.77326,0.06319
1114.84446,0.06232
1112.91567,0.06165
1110.98687,0.06108
1109.05807,0.06060
1107.12928,0.06029
1105.20048,0.06016
1103.27168,0.06008
1101.34289,0.06000
1099.41409,0.05997
1097.48529,0.05999
1095.55650,0.06006
1093.62770,0.06016
1091.69890,0.06028
1089.77011,0.06048
1087.84131,0.06071
1085.91251,0.06086
1083.98372,0.06093
1082.05492,0.06107
1080.12612,0.06130
1078.19733,0.06159
1076.26853,0.06195
1074.33973,0.06236
1072.41094,0.06279
1070.48214,0.06319
1068.55334,0.06346
1066.62455,0.06365
1064.69575,0.06388
1062.76695,0.06400
1060.83816,0.06381
1058.90936,0.06349
1056.98056,0.06321
1055.05177,0.06289
1053.12297,0.06241
1051.19417,0.06183
1049.26538,0.06121
1047.33658,0.06057
1045.40778,0.05994
1043.47899,0.05925
1041.55019,0.05843
1039.62139,0.05752
1037.69260,0.05665
1035.76380,0.05581
1033.83500,0.05489
1031.90621,0.05397
1029.97741,0.05316
1028.04861,0.05242
1026.11982,0.05174
1024.19102,0.05123
1022.26222,0.05089
1020.33343,0.05053
1018.40463,0.05015
1016.47583,0.04993
1014.54704,0.04988
1012.61824,0.04988
1010.68944,0.04979
1008.76065,0.04954
1006.83185,0.04914
1004.90305,0.04862
1002.97426,0.04802
1001.04546,0.04744
999.11666,0.04696
997.18787,0.04655
995.25907,0.04612
993.33027,0.04560
991.40148,0.04508
989.47268,0.04458
987.54388,0.04399
985.61509,0.04332
983.68629,0.04271
981.75749,0.04216
979.82870,0.04154
977.89990,0.04083
975.97110,0.04020
974.04231,0.03970
972.11351,0.03927
970.18471,0.03884
968.25592,0.03857
966.32712,0.03853
964.39832,0.03858
962.46953,0.03853
960.54073,0.03834
958.61193,0.03805
956.68314,0.03770
954.75434,0.03737
952.82554,0.03723
950.89675,0.03718
948.96795,0.03694
947.03915,0.03650
945.11036,0.03602
943.18156,0.03551
941.25276,0.03487
939.32397,0.03415
937.39517,0.03344
935.46637,0.03276
933.53758,0.03207
931.60878,0.03138
929.67998,0.03073
927.75119,0.03021
925.82239,0.02977
923.89359,0.02925
921.96480,0.02859
920.03600,0.02798
918.10720,0.02758
916.17841,0.02730
914.24961,0.02705
912.32081,0.02688
910.39202,0.02678
908.46322,0.02657
906.53443,0.02620
904.60563,0.02584
902.67683,0.02567
900.74804,0.02556
898.81924,0.02531
896.89044,0.02484
894.96165,0.02422
893.03285,0.02356
891.10405,0.02287
889.17526,0.02213
887.24646,0.02132
885.31766,0.02042
883.38887,0.01953
881.46007,0.01877
879.53127,0.01811
877.60248,0.01755
875.67368,0.01712
873.74488,0.01674
871.81609,0.01640
869.88729,0.01609
867.95849,0.01575
866.02970,0.01549
864.10090,0.01544
862.17210,0.01547
860.24331,0.01540
858.31451,0.01527
856.38571,0.01513
854.45692,0.01502
852.52812,0.01499
850.59932,0.01494
848.67053,0.01476
846.74173,0.01452
844.81293,0.01427
842.88414,0.01382
840.95534,0.01325
839.02654,0.01283
837.09775,0.01246
835.16895,0.01200
833.24015,0.01162
831.31136,0.01135
829.38256,0.01111
827.45376,0.01087
825.52497,0.01075
823.59617,0.01092
821.66737,0.01132
819.73858,0.01160
817.80978,0.01172
815.88098,0.01198
813.95219,0.01237
812.02339,0.01276
810.09459,0.01328
808.16580,0.01401
806.23700,0.01471
804.30820,0.01539
802.37941,0.01619
800.45061,0.01697
798.52181,0.01774
796.59302,0.01871
794.66422,0.01974
792.73542,0.02059
790.80663,0.02128
788.87783,0.02185
786.94903,0.02223
785.02024,0.02233
783.09144,0.02203
781.16264,0.02122
779.23385,0.01990
777.30505,0.01840
775.37625,0.01712
773.44746,0.01621
771.51866,0.01565
769.58986,0.01529
767.66107,0.01501
765.73227,0.01479
763.80347,0.01465
761.87468,0.01458
759.94588,0.01478
758.01708,0.01525
756.08829,0.01559
754.15949,0.01570
752.23069,0.01574
750.30190,0.01582
748.37310,0.01589
