3496.90832,0.06198
3494.97953,0.06053
3493.05073,0.05823
3491.12193,0.05675
3489.19314,0.06218
3487.26434,0.07230
3485.33554,0.07443
3483.40675,0.06789
3481.47795,0.06422
3479.54915,0.06619
3477.62036,0.06857
3475.69156,0.07037
3473.76276,0.07239
3471.83397,0.07349
3469.90517,0.07319
3467.97637,0.07155
3466.04758,0.06981
3464.11878,0.06897
3462.18998,0.06584
3460.26119,0.06026
3458.33239,0.05758
3456.40359,0.05689
3454.47480,0.05506
3452.54600,0.05240
3450.61721,0.04928
3448.68841,0.04846
3446.75961,0.05193
3444.83082,0.05711
3442.90202,0.05964
3440.97322,0.05760
3439.04443,0.05232
3437.11563,0.04355
3435.18683,0.03699
3433.25804,0.04140
3431.32924,0.05029
3429.40044,0.05466
3427.47165,0.05764
3425.54285,0.05957
3423.61405,0.05853
3421.68526,0.05678
3419.75646,0.05524
3417.82766,0.05692
3415.89887,0.05781
3413.97007,0.04973
3412.04127,0.03844
3410.11248,0.03203
3408.18368,0.03212
3406.25488,0.03522
3404.32609,0.03539
3402.39729,0.03616
3400.46849,0.04200
3398.53970,0.04537
3396.61090,0.04098
3394.68210,0.03806
3392.75331,0.04218
3390.82451,0.04686
3388.89571,0.05203
3386.96692,0.05866
3385.03812,0.05925
3383.10932,0.05307
3381.18053,0.04976
3379.25173,0.05265
3377.32293,0.05621
3375.39414,0.05544
3373.46534,0.05018
3371.53654,0.04676
3369.60775,0.04685
3367.67895,0.04997
3365.75015,0.05730
3363.82136,0.06157
3361.89256,0.05580
3359.96376,0.04769
3358.03497,0.04947
3356.10617,0.06153
3354.17737,0.07016
3352.24858,0.06681
3350.31978,0.06047
3348.39098,0.05776
3346.46219,0.05620
3344.53339,0.05833
3342.60459,0.06327
3340.67580,0.06305
3338.74700,0.05746
3336.81820,0.04987
3334.88941,0.04407
3332.96061,0.04473
3331.03181,0.05158
3329.10302,0.05854
3327.17422,0.05604
3325.24542,0.04401
3323.31663,0.03534
3321.38783,0.03631
3319.45903,0.04157
3317.53024,0.04670
3315.60144,0.04609
3313.67264,0.03813
3311.74385,0.03107
3309.81505,0.02978
3307.88625,0.03563
3305.95746,0.04424
3304.02866,0.04422
3302.09986,0.03655
3300.17107,0.03285
3298.24227,0.03355
3296.31347,0.03125
3294.38468,0.02547
3292.45588,0.02123
3290.52708,0.02305
3288.59829,0.02952
3286.66949,0.03370
3284.74069,0.03393
3282.81190,0.03378
3280.88310,0.03461
3278.95430,0.03761
3277.02551,0.04170
3275.09671,0.04178
3273.16791,0.03917
3271.23912,0.03959
3269.31032,0.03964
3267.38152,0.03481
3265.45273,0.02967
3263.52393,0.02773
3261.59513,0.02727
3259.66634,0.02874
3257.73754,0.03371
3255.80874,0.04052
3253.87995,0.04283
3251.95115,0.03622
3250.02235,0.02823
3248.09356,0.02646
3246.16476,0.02743
3244.23596,0.02882
3242.30717,0.02961
3240.37837,0.02854
3238.44957,0.03219
3236.52078,0.04114
3234.59198,0.04647
3232.66318,0.04681
3230.73439,0.04555
3228.80559,0.04231
3226.87679,0.03608
3224.94800,0.02907
3223.01920,0.02787
3221.09040,0.03538
3219.16161,0.04432
3217.23281,0.04856
3215.30401,0.05049
3213.37522,0.05227
3211.44642,0.05122
3209.51762,0.04540
3207.58883,0.04005
3205.66003,0.04157
3203.73123,0.04475
3201.80244,0.04249
3199.87364,0.03839
3197.94484,0.03653
3196.01605,0.03607
3194.08725,0.03574
3192.15845,0.03505
3190.22966,0.03757
3188.30086,0.04496
3186.37206,0.04810
3184.44327,0.04308
3182.51447,0.03937
3180.58567,0.04113
3178.65688,0.04445
3176.72808,0.04629
3174.79928,0.04465
3172.87049,0.03883
3170.94169,0.03177
3169.01289,0.02861
3167.08410,0.03093
3165.15530,0.03621
3163.22650,0.04047
3161.29771,0.04011
3159.36891,0.03481
3157.44011,0.02867
3155.51132,0.02700
3153.58252,0.03097
3151.65372,0.03594
3149.72493,0.03580
3147.79613,0.03244
3145.86733,0.03210
3143.93854,0.03314
3142.00974,0.03230
3140.08094,0.03093
3138.15215,0.02973
3136.22335,0.02924
3134.29455,0.03092
3132.36576,0.03375
3130.43696,0.03506
3128.50816,0.03401
3126.57937,0.03230
3124.65057,0.03238
3122.72177,0.03476
3120.79298,0.03697
3118.86418,0.03735
3116.93538,0.03603
3115.00659,0.03311
3113.07779,0.03001
3111.14899,0.02897
3109.22020,0.02983
3107.29140,0.03128
3105.36260,0.03237
3103.43381,0.03234
3101.50501,0.03183
3099.57621,0.03146
3097.64742,0.03037
3095.71862,0.02898
3093.78982,0.02847
3091.86103,0.02823
3089.93223,0.02840
3088.00344,0.02929
3086.07464,0.02954
3084.14584,0.02939
3082.21705,0.02981
3080.28825,0.03015
3078.35945,0.02973
3076.43066,0.02868
3074.50186,0.02807
3072.57306,0.02882
3070.64427,0.03010
3068.71547,0.03044
3066.78667,0.02990
3064.85788,0.02973
3062.92908,0.03009
3061.00028,0.03002
3059.07149,0.02921
3057.14269,0.02852
3055.21389,0.02927
3053.28510,0.03090
3051.35630,0.03140
3049.42750,0.03026
3047.49871,0.02920
3045.56991,0.02965
3043.64111,0.03117
3041.71232,0.03279
3039.78352,0.03355
3037.85472,0.03308
3035.92593,0.03267
3033.99713,0.03321
3032.06833,0.03373
3030.13954,0.03356
3028.21074,0.03340
3026.28194,0.03354
3024.35315,0.03355
3022.42435,0.03363
3020.49555,0.03359
3018.56676,0.03307
3016.63796,0.03286
3014.70916,0.03327
3012.78037,0.03383
3010.85157,0.03432
3008.92277,0.03445
3006.99398,0.03415
3005.06518,0.03383
3003.13638,0.03357
3001.20759,0.03334
2999.27879,0.03334
2997.34999,0.03356
2995.42120,0.03418
2993.49240,0.03491
2991.56360,0.03488
2989.63481,0.03470
2987.70601,0.03497
2985.77721,0.03494
2983.84842,0.03467
2981.91962,0.03496
2979.99082,0.03576
2978.06203,0.03630
2976.13323,0.03631
2974.20443,0.03619
2972.27564,0.03652
2970.34684,0.03711
2968.41804,0.03719
2966.48925,0.03699
2964.56045,0.03741
2962.63165,0.03831
2960.70286,0.03894
2958.77406,0.03924
2956.84526,0.03954
2954.91647,0.03972
2952.98767,0.03959
2951.05887,0.03947
2949.13008,0.03968
2947.20128,0.03999
2945.27248,0.03988
2943.34369,0.03942
2941.41489,0.03910
2939.48609,0.03922
2937.55730,0.03986
2935.62850,0.04062
2933.69970,0.04097
2931.77091,0.04111
2929.84211,0.04132
2927.91331,0.04133
2925.98452,0.04132
2924.05572,0.04164
2922.12692,0.04207
2920.19813,0.04232
2918.26933,0.04230
2916.34053,0.04201
2914.41174,0.04150
2912.48294,0.04095
2910.55414,0.04051
2908.62535,0.04011
2906.69655,0.03968
2904.76775,0.03932
2902.83896,0.03905
2900.91016,0.03884
2898.98136,0.03882
2897.05257,0.03895
2895.12377,0.03908
2893.19497,0.03943
2891.26618,0.04001
2889.33738,0.04015
2887.40858,0.03966
2885.47979,0.03923
2883.55099,0.03932
2881.62219,0.03976
2879.69340,0.04009
2877.76460,0.04024
2875.83580,0.04041
2873.90701,0.04044
2871.97821,0.04038
2870.04941,0.04048
2868.12062,0.04074
2866.19182,0.04110
2864.26302,0.04134
2862.33423,0.04126
2860.40543,0.04124
2858.47663,0.04159
2856.54784,0.04184
2854.61904,0.04171
2852.69024,0.04156
2850.76145,0.04172
2848.83265,0.04223
2846.90385,0.04263
2844.97506,0.04261
2843.04626,0.04251
2841.11746,0.04245
2839.18867,0.04241
2837.25987,0.04252
2835.33107,0.04262
2833.40228,0.04256
2831.47348,0.04253
2829.54468,0.04265
2827.61589,0.04265
2825.68709,0.04249
2823.75829,0.04246
2821.82950,0.04265
2819.90070,0.04278
2817.97190,0.04270
2816.04311,0.04257
2814.11431,0.04247
2812.18551,0.04239
2810.25672,0.04234
2808.32792,0.04218
2806.39912,0.04185
2804.47033,0.04151
2802.54153,0.04132
2800.61273,0.04132
2798.68394,0.04136
2796.75514,0.04131
2794.82634,0.04122
2792.89755,0.04112
2790.96875,0.04107
2789.03995,0.04114
2787.11116,0.04111
2785.18236,0.04093
2783.25356,0.04087
2781.32477,0.04077
2779.39597,0.04040
2777.46717,0.03998
2775.53838,0.03973
2773.60958,0.03967
2771.68078,0.03972
2769.75199,0.03966
2767.82319,0.03948
2765.89439,0.03932
2763.96560,0.03914
2762.03680,0.03893
2760.10800,0.03884
2758.17921,0.03878
2756.25041,0.03857
2754.32161,0.03829
2752.39282,0.03813
2750.46402,0.03817
2748.53522,0.03844
2746.60643,0.03875
2744.67763,0.03886
2742.74883,0.03881
2740.82004,0.03876
2738.89124,0.03874
2736.96244,0.03881
2735.03365,0.03907
2733.10485,0.03920
2731.17605,0.03894
2729.24726,0.03867
2727.31846,0.03871
2725.38967,0.03883
2723.46087,0.03888
2721.53207,0.03887
2719.60328,0.03879
2717.67448,0.03876
2715.74568,0.03871
2713.81689,0.03853
2711.88809,0.03835
2709.95929,0.03821
2708.03050,0.03810
2706.10170,0.03818
2704.17290,0.03839
2702.24411,0.03835
2700.31531,0.03811
2698.38651,0.03813
2696.45772,0.03842
2694.52892,0.03859
2692.60012,0.03862
2690.67133,0.03859
2688.74253,0.03847
2686.81373,0.03842
2684.88494,0.03855
2682.95614,0.03874
2681.02734,0.03886
2679.09855,0.03895
2677.16975,0.03895
2675.24095,0.03875
2673.31216,0.03851
2671.38336,0.03834
2669.45456,0.03814
2667.52577,0.03793
2665.59697,0.03782
2663.66817,0.03781
2661.73938,0.03777
2659.81058,0.03765
2657.88178,0.03765
2655.95299,0.03776
2654.02419,0.03776
2652.09539,0.03767
2650.16660,0.03761
2648.23780,0.03763
2646.30900,0.03788
2644.38021,0.03830
2642.45141,0.03872
2640.52261,0.03898
2638.59382,0.03893
2636.66502,0.03877
2634.73622,0.03872
2632.80743,0.03878
2630.87863,0.03896
2628.94983,0.03928
2627.02104,0.03950
2625.09224,0.03946
2623.16344,0.03930
2621.23465,0.03925
2619.30585,0.03922
2617.37705,0.03886
2615.44826,0.03825
2613.51946,0.03797
2611.59066,0.03811
2609.66187,0.03828
2607.73307,0.03837
2605.80427,0.03851
2603.87548,0.03869
2601.94668,0.03881
2600.01788,0.03887
2598.08909,0.03916
2596.16029,0.03963
2594.23149,0.03982
2592.30270,0.03975
2590.37390,0.03981
2588.44510,0.03984
2586.51631,0.03950
2584.58751,0.03918
2582.65871,0.03922
2580.72992,0.03930
2578.80112,0.03922
2576.87232,0.03921
2574.94353,0.03938
2573.01473,0.03945
2571.08593,0.03938
2569.15714,0.03927
2567.22834,0.03910
2565.29954,0.03892
2563.37075,0.03878
2561.44195,0.03868
2559.51315,0.03839
2557.58436,0.03805
2555.65556,0.03823
2553.72676,0.03864
2551.79797,0.03862
2549.86917,0.03841
2547.94037,0.03856
2546.01158,0.03895
2544.08278,0.03915
2542.15398,0.03913
2540.22519,0.03906
2538.29639,0.03893
2536.36759,0.03875
2534.43880,0.03878
2532.51000,0.03898
2530.58120,0.03895
2528.65241,0.03853
2526.72361,0.03814
2524.79481,0.03792
2522.86602,0.03771
2520.93722,0.03776
2519.00842,0.03781
2517.07963,0.03746
2515.15083,0.03721
2513.22203,0.03737
2511.29324,0.03739
2509.36444,0.03707
2507.43564,0.03696
2505.50685,0.03725
2503.57805,0.03742
2501.64925,0.03715
2499.72046,0.03691
2497.79166,0.03717
2495.86286,0.03746
2493.93407,0.03733
2492.00527,0.03702
2490.07647,0.03690
2488.14768,0.03715
2486.21888,0.03769
2484.29008,0.03806
2482.36129,0.03791
2480.43249,0.03763
2478.50369,0.03772
2476.57490,0.03771
2474.64610,0.03717
2472.71730,0.03653
2470.78851,0.03632
2468.85971,0.03656
2466.93091,0.03675
2465.00212,0.03664
2463.07332,0.03647
2461.14452,0.03627
2459.21573,0.03603
2457.28693,0.03591
2455.35813,0.03573
2453.42934,0.03557
2451.50054,0.03578
2449.57174,0.03605
2447.64295,0.03598
2445.71415,0.03582
2443.78535,0.03584
2441.85656,0.03616
2439.92776,0.03664
2437.99896,0.03681
2436.07017,0.03640
2434.14137,0.03581
2432.21257,0.03554
2430.28378,0.03547
2428.35498,0.03532
2426.42618,0.03519
2424.49739,0.03506
2422.56859,0.03471
2420.63979,0.03420
2418.71100,0.03373
2416.78220,0.03348
2414.85340,0.03344
2412.92461,0.03330
2410.99581,0.03323
2409.06701,0.03350
2407.13822,0.03370
2405.20942,0.03340
2403.28062,0.03303
2401.35183,0.03290
2399.42303,0.03263
2397.49423,0.03231
2395.56544,0.03228
2393.63664,0.03255
2391.70784,0.03314
2389.77905,0.03417
2387.85025,0.03607
2385.92145,0.03989
2383.99266,0.04669
2382.06386,0.05693
2380.13506,0.07011
2378.20627,0.08468
2376.27747,0.09921
2374.34867,0.11391
2372.41988,0.12945
2370.49108,0.14542
2368.56228,0.16052
2366.63349,0.17373
2364.70469,0.18438
2362.77589,0.19169
2360.84710,0.19484
2358.91830,0.19291
2356.98951,0.18477
2355.06071,0.17039
2353.13191,0.15114
2351.20312,0.13188
2349.27432,0.12194
2347.34552,0.12676
2345.41673,0.14086
2343.48793,0.15073
2341.55913,0.15208
2339.63034,0.14984
2337.70154,0.14673
2335.77274,0.14400
2333.84395,0.14282
2331.91515,0.14250
2329.98635,0.14008
2328.05756,0.13518
2326.12876,0.13055
2324.19996,0.12715
2322.27117,0.12281
2320.34237,0.11530
2318.41357,0.10552
2316.48478,0.09688
2314.55598,0.09148
2312.62718,0.08790
2310.69839,0.08360
2308.76959,0.07790
2306.84079,0.07141
2304.91200,0.06512
2302.98320,0.06009
2301.05440,0.05637
2299.12561,0.05331
2297.19681,0.05081
2295.26801,0.04867
2293.33922,0.04636
2291.41042,0.04394
2289.48162,0.04194
2287.55283,0.04029
2285.62403,0.03873
2283.69523,0.03759
2281.76644,0.03711
2279.83764,0.03720
2277.90884,0.03790
2275.98005,0.03897
2274.05125,0.03965
2272.12245,0.03981
2270.19366,0.04004
2268.26486,0.04040
2266.33606,0.04062
2264.40727,0.04067
2262.47847,0.04067
2260.54967,0.04065
2258.62088,0.04084
2256.69208,0.04132
2254.76328,0.04129
2252.83449,0.04048
2250.90569,0.04017
2248.97689,0.04081
2247.04810,0.04104
2245.11930,0.04063
2243.19050,0.04068
2241.26171,0.04126
2239.33291,0.04212
2237.40411,0.04310
2235.47532,0.04379
2233.54652,0.04397
2231.61772,0.04355
2229.68893,0.04333
2227.76013,0.04400
2225.83133,0.04479
2223.90254,0.04496
2221.97374,0.04463
2220.04494,0.04434
2218.11615,0.04443
2216.18735,0.04473
2214.25855,0.04498
2212.32976,0.04481
2210.40096,0.04469
2208.47216,0.04567
2206.54337,0.04693
2204.61457,0.04740
2202.68577,0.04766
2200.75698,0.04873
2198.82818,0.05051
2196.89938,0.05113
2194.97059,0.05038
2193.04179,0.05024
2191.11299,0.05007
2189.18420,0.04901
2187.25540,0.04885
2185.32660,0.04996
2183.39781,0.05073
2181.46901,0.05110
2179.54021,0.05119
2177.61142,0.05096
2175.68262,0.05169
2173.75382,0.05254
2171.82503,0.05240
2169.89623,0.05314
2167.96743,0.05470
2166.03864,0.05551
2164.10984,0.05660
2162.18104,0.05946
2160.25225,0.06372
2158.32345,0.06687
2156.39465,0.06499
2154.46586,0.05929
2152.53706,0.05539
2150.60826,0.05459
2148.67947,0.05310
2146.75067,0.04904
2144.82187,0.04498
2142.89308,0.04270
2140.96428,0.04099
2139.03548,0.03964
2137.10669,0.03929
2135.17789,0.03891
2133.24909,0.03722
2131.32030,0.03492
2129.39150,0.03322
2127.46270,0.03209
2125.53391,0.03128
2123.60511,0.03061
2121.67631,0.02984
2119.74752,0.02902
2117.81872,0.02830
2115.88992,0.02797
2113.96113,0.02815
2112.03233,0.02869
2110.10353,0.02944
2108.17474,0.02990
2106.24594,0.02971
2104.31714,0.02957
2102.38835,0.03007
2100.45955,0.03060
2098.53075,0.03048
2096.60196,0.02993
2094.67316,0.02956
2092.74436,0.02944
2090.81557,0.02925
2088.88677,0.02905
2086.95797,0.02933
2085.02918,0.03012
2083.10038,0.03074
2081.17158,0.03101
2079.24279,0.03105
2077.31399,0.03077
2075.38519,0.03015
2073.45640,0.02970
2071.52760,0.03018
2069.59880,0.03104
2067.67001,0.03165
2065.74121,0.03215
2063.81241,0.03224
2061.88362,0.03189
2059.95482,0.03149
2058.02602,0.03106
2056.09723,0.03108
2054.16843,0.03212
2052.23963,0.03338
2050.31084,0.03430
2048.38204,0.03581
2046.45324,0.03802
2044.52445,0.03952
2042.59565,0.03981
2040.66685,0.03999
2038.73806,0.04040
2036.80926,0.04013
2034.88046,0.03967
2032.95167,0.04041
2031.02287,0.04107
2029.09407,0.03970
2027.16528,0.03825
2025.23648,0.03853
2023.30768,0.03882
2021.37889,0.03769
2019.45009,0.03688
2017.52129,0.03879
2015.59250,0.04149
2013.66370,0.04135
2011.73490,0.03907
2009.80611,0.03807
2007.87731,0.03793
2005.94851,0.03592
2004.01972,0.03409
2002.09092,0.03497
2000.16212,0.03655
1998.23333,0.03659
1996.30453,0.03551
1994.37574,0.03493
1992.44694,0.03547
1990.51814,0.03592
1988.58935,0.03506
1986.66055,0.03370
1984.73175,0.03293
1982.80296,0.03295
1980.87416,0.03404
1978.94536,0.03523
1977.01657,0.03449
1975.08777,0.03286
1973.15897,0.03234
1971.23018,0.03192
1969.30138,0.03119
1967.37258,0.03114
1965.44379,0.03126
1963.51499,0.03066
1961.58619,0.03016
1959.65740,0.03048
1957.72860,0.03052
1955.79980,0.02950
1953.87101,0.02848
1951.94221,0.02819
1950.01341,0.02814
1948.08462,0.02803
1946.15582,0.02812
1944.22702,0.02820
1942.29823,0.02743
1940.36943,0.02589
1938.44063,0.02447
1936.51184,0.02365
1934.58304,0.02366
1932.65424,0.02384
1930.72545,0.02345
1928.79665,0.02304
1926.86785,0.02315
1924.93906,0.02351
1923.01026,0.02372
1921.08146,0.02384
1919.15267,0.02393
1917.22387,0.02346
1915.29507,0.02269
1913.36628,0.02250
1911.43748,0.02281
1909.50868,0.02300
1907.57989,0.02273
1905.65109,0.02225
1903.72229,0.02200
1901.79350,0.02210
1899.86470,0.02238
1897.93590,0.02268
1896.00711,0.02282
1894.07831,0.02278
1892.14951,0.02290
1890.22072,0.02312
1888.29192,0.02285
1886.36312,0.02230
1884.43433,0.02203
1882.50553,0.02193
1880.57673,0.02173
1878.64794,0.02143
1876.71914,0.02118
1874.79034,0.02108
1872.86155,0.02145
1870.93275,0.02254
1869.00395,0.02336
1867.07516,0.02269
1865.14636,0.02145
1863.21756,0.02083
1861.28877,0.02065
1859.35997,0.02061
1857.43117,0.02070
1855.50238,0.02080
1853.57358,0.02092
1851.64478,0.02119
1849.71599,0.02177
1847.78719,0.02276
1845.85839,0.02388
1843.92960,0.02390
1842.00080,0.02265
1840.07200,0.02181
1838.14321,0.02174
1836.21441,0.02164
1834.28561,0.02158
1832.35682,0.02231
1830.42802,0.02313
1828.49922,0.02295
1826.57043,0.02246
1824.64163,0.02189
1822.71283,0.02087
1820.78404,0.02010
1818.85524,0.02000
1816.92644,0.02004
1814.99765,0.02011
1813.06885,0.02054
1811.14005,0.02098
1809.21126,0.02090
1807.28246,0.02058
1805.35366,0.02075
1803.42487,0.02164
1801.49607,0.02254
1799.56727,0.02256
1797.63848,0.02221
1795.70968,0.02264
1793.78088,0.02389
1791.85209,0.02425
1789.92329,0.02286
1787.99449,0.02172
1786.06570,0.02168
1784.13690,0.02184
1782.20810,0.02187
1780.27931,0.02172
1778.35051,0.02137
1776.42171,0.02161
1774.49292,0.02286
1772.56412,0.02392
1770.63532,0.02351
1768.70653,0.02233
1766.77773,0.02113
1764.84893,0.02073
1762.92014,0.02136
1760.99134,0.02172
1759.06254,0.02162
1757.13375,0.02158
1755.20495,0.02157
1753.27615,0.02251
1751.34736,0.02448
1749.41856,0.02534
1747.48976,0.02452
1745.56097,0.02362
1743.63217,0.02333
1741.70337,0.02338
1739.77458,0.02321
1737.84578,0.02328
1735.91698,0.02467
1733.98819,0.02596
1732.05939,0.02461
1730.13059,0.02240
1728.20180,0.02082
1726.27300,0.02007
1724.34420,0.02014
1722.41541,0.02076
1720.48661,0.02273
1718.55781,0.02605
1716.62902,0.02784
1714.70022,0.02692
1712.77142,0.02578
1710.84263,0.02612
1708.91383,0.02825
1706.98503,0.03187
1705.05624,0.03591
1703.12744,0.04033
1701.19864,0.04675
1699.26985,0.05373
1697.34105,0.05947
1695.41225,0.06555
1693.48346,0.07190
1691.55466,0.07982
1689.62586,0.09074
1687.69707,0.10326
1685.76827,0.11845
1683.83947,0.13647
1681.91068,0.15006
1679.98188,0.16066
1678.05308,0.17282
1676.12429,0.18735
1674.19549,0.20205
1672.26669,0.21446
1670.33790,0.22605
1668.40910,0.23578
1666.48030,0.24194
1664.55151,0.24746
1662.62271,0.25273
1660.69391,0.25560
1658.76512,0.25713
1656.83632,0.25984
1654.90752,0.26453
1652.97873,0.26740
1651.04993,0.26612
1649.12113,0.26707
1647.19234,0.27167
1645.26354,0.27695
1643.33474,0.28275
1641.40595,0.29192
1639.47715,0.30494
1637.54835,0.32202
1635.61956,0.34300
1633.69076,0.36144
1631.76197,0.37621
1629.83317,0.39189
1627.90437,0.40793
1625.97558,0.42110
1624.04678,0.43050
1622.11798,0.43529
1620.18919,0.43649
1618.26039,0.43645
1616.33159,0.43412
1614.40280,0.43014
1612.47400,0.42817
1610.54520,0.42923
1608.61641,0.43296
1606.68761,0.43893
1604.75881,0.44712
1602.83002,0.45697
1600.90122,0.46706
1598.97242,0.47614
1597.04363,0.48321
1595.11483,0.48713
1593.18603,0.48681
1591.25724,0.48206
1589.32844,0.47290
1587.39964,0.45967
1585.47085,0.44319
1583.54205,0.42426
1581.61325,0.40408
1579.68446,0.38473
1577.75566,0.36477
1575.82686,0.34027
1573.89807,0.31746
1571.96927,0.29988
1570.04047,0.28182
1568.11168,0.26293
1566.18288,0.24676
1564.25408,0.23353
1562.32529,0.22445
1560.39649,0.21744
1558.46769,0.20455
1556.53890,0.18960
1554.61010,0.17846
1552.68130,0.16940
1550.75251,0.16174
1548.82371,0.15495
1546.89491,0.14984
1544.96612,0.14680
1543.03732,0.14466
1541.10852,0.14131
1539.17973,0.13401
1537.25093,0.12688
1535.32213,0.12316
1533.39334,0.12014
1531.46454,0.11608
1529.53574,0.11306
1527.60695,0.11159
1525.67815,0.11039
1523.74935,0.10955
1521.82056,0.10860
1519.89176,0.10637
1517.96296,0.10382
1516.03417,0.10122
1514.10537,0.09883
1512.17657,0.09823
1510.24778,0.10019
1508.31898,0.10351
1506.39018,0.10340
1504.46139,0.09955
1502.53259,0.09801
1500.60379,0.09988
1498.67500,0.10372
1496.74620,0.10757
1494.81740,0.11077
1492.88861,0.11551
1490.95981,0.12340
1489.03101,0.13231
1487.10222,0.13975
1485.17342,0.14739
1483.24462,0.15711
1481.31583,0.16889
1479.38703,0.18180
1477.45823,0.19586
1475.52944,0.21119
1473.60064,0.22666
1471.67184,0.23955
1469.74305,0.24828
1467.81425,0.25583
1465.88545,0.26370
1463.95666,0.26923
1462.02786,0.27165
1460.09906,0.27333
1458.17027,0.27291
1456.24147,0.26493
1454.31267,0.25263
1452.38388,0.24098
1450.45508,0.22951
1448.52628,0.21697
1446.59749,0.20294
1444.66869,0.18916
1442.73989,0.17657
1440.81110,0.16567
1438.88230,0.15679
1436.95350,0.14728
1435.02471,0.13628
1433.09591,0.12712
1431.16711,0.11988
1429.23832,0.11293
1427.30952,0.10671
1425.38072,0.10186
1423.45193,0.09796
1421.52313,0.09521
1419.59433,0.09297
1417.66554,0.08906
1415.73674,0.08424
1413.80794,0.08052
1411.87915,0.07791
1409.95035,0.07573
1408.02155,0.07407
1406.09276,0.07289
1404.16396,0.07138
1402.23516,0.06990
1400.30637,0.06937
1398.37757,0.06922
1396.44877,0.06850
1394.51998,0.06676
1392.59118,0.06435
1390.66238,0.06285
1388.73359,0.06251
1386.80479,0.06166
1384.87599,0.05981
1382.94720,0.05827
1381.01840,0.05750
1379.08960,0.05708
1377.16081,0.05700
1375.23201,0.05706
1373.30321,0.05631
1371.37442,0.05494
1369.44562,0.05401
1367.51682,0.05361
1365.58803,0.05381
1363.65923,0.05453
1361.73043,0.05438
1359.80164,0.05314
1357.87284,0.05211
1355.94404,0.05165
1354.01525,0.05136
1352.08645,0.05110
1350.15765,0.05093
1348.22886,0.05079
1346.30006,0.05062
1344.37126,0.05065
1342.44247,0.05126
1340.51367,0.05211
1338.58487,0.05212
1336.65608,0.05115
1334.72728,0.05017
1332.79848,0.04958
1330.86969,0.04918
1328.94089,0.04883
1327.01209,0.04854
1325.08330,0.04832
1323.15450,0.04819
1321.22570,0.04823
1319.29691,0.04832
1317.36811,0.04821
1315.43931,0.04800
1313.51052,0.04785
1311.58172,0.04765
1309.65292,0.04746
1307.72413,0.04732
1305.79533,0.04720
1303.86653,0.04716
1301.93774,0.04723
1300.00894,0.04733
1298.08014,0.04744
1296.15135,0.04749
1294.22255,0.04742
1292.29375,0.04731
1290.36496,0.04727
1288.43616,0.04726
1286.50736,0.04712
1284.57857,0.04692
1282.64977,0.04680
1280.72097,0.04670
1278.79218,0.04655
1276.86338,0.04641
1274.93458,0.04644
1273.00579,0.04662
1271.07699,0.04678
1269.14820,0.04684
1267.21940,0.04698
1265.29060,0.04724
1263.36181,0.04752
1261.43301,0.04772
1259.50421,0.04782
1257.57542,0.04784
1255.64662,0.04785
1253.71782,0.04793
1251.78903,0.04812
1249.86023,0.04833
1247.93143,0.04849
1246.00264,0.04865
1244.07384,0.04885
1242.14504,0.04904
1240.21625,0.04914
1238.28745,0.04921
1236.35865,0.04929
1234.42986,0.04935
1232.50106,0.04948
1230.57226,0.04968
1228.64347,0.04990
1226.71467,0.05009
1224.78587,0.05027
1222.85708,0.05052
1220.92828,0.05092
1218.99948,0.05144
1217.07069,0.05199
1215.14189,0.05253
1213.21309,0.05311
1211.28430,0.05380
1209.35550,0.05457
1207.42670,0.05535
1205.49791,0.05619
1203.56911,0.05709
1201.64031,0.05808
1199.71152,0.05922
1197.78272,0.06054
1195.85392,0.06195
1193.92513,0.06344
1191.99633,0.06517
1190.06753,0.06722
1188.13874,0.06949
1186.20994,0.07188
1184.28114,0.07440
1182.35235,0.07725
1180.42355,0.08060
1178.49475,0.08449
1176.56596,0.08878
1174.63716,0.09332
1172.70836,0.09808
1170.77957,0.10306
1168.85077,0.10816
1166.92197,0.11315
1164.99318,0.11783
1163.06438,0.12195
1161.13558,0.12518
1159.20679,0.12726
1157.27799,0.12809
1155.34919,0.12760
1153.42040,0.12583
1151.49160,0.12305
1149.56280,0.11942
1147.63401,0.11508
1145.70521,0.11029
1143.77641,0.10533
1141.84762,0.10042
1139.91882,0.09570
1137.99002,0.09118
1136.06123,0.08694
1134.13243,0.08303
1132.20363,0.07957
1130.27484,0.07662
1128.34604,0.07410
1126.41724,0.07183
1124.48845,0.06984
1122.55965,0.06815
1120.63085,0.06678
1118.70206,0.06564
1116.77326,0.06461
1114.84446,0.06371
1112.91567,0.06300
1110.98687,0.06239
1109.05807,0.06186
1107.12928,0.06145
1105.20048,0.06118
1103.27168,0.06100
1101.34289,0.06082
1099.41409,0.06068
1097.48529,0.06061
1095.55650,0.06062
1093.62770,0.06067
1091.69890,0.06075
1089.77011,0.06096
1087.84131,0.06124
1085.91251,0.06143
1083.98372,0.06157
1082.05492,0.06184
1080.12612,0.06221
1078.19733,0.06262
1076.26853,0.06308
1074.33973,0.06359
1072.41094,0.06412
1070.48214,0.06457
1068.55334,0.06485
1066.62455,0.06502
1064.69575,0.06521
1062.76695,0.06529
1060.83816,0.06508
1058.90936,0.06468
1056.98056,0.06430
1055.05177,0.06387
1053.12297,0.06330
1051.19417,0.06263
1049.26538,0.06192
1047.33658,0.06122
1045.40778,0.06053
1043.47899,0.05980
1041.55019,0.05896
1039.62139,0.05807
1037.69260,0.05727
1035.76380,0.05653
1033.83500,0.05572
1031.90621,0.05494
1029.97741,0.05428
1028.04861,0.05366
1026.11982,0.05309
1024.19102,0.05266
1022.26222,0.05237
1020.33343,0.05206
1018.40463,0.05170
1016.47583,0.05147
1014.54704,0.05140
1012.61824,0.05135
1010.68944,0.05117
1008.76065,0.05081
1006.83185,0.05032
1004.90305,0.04971
1002.97426,0.04901
1001.04546,0.04831
999.11666,0.04773
997.18787,0.04725
995.25907,0.04676
993.33027,0.04625
991.40148,0.04577
989.47268,0.04533
987.54388,0.04482
985.61509,0.04425
983.68629,0.04376
981.75749,0.04335
979.82870,0.04288
977.89990,0.04233
975.97110,0.04179
974.04231,0.04135
972.11351,0.04092
970.18471,0.04048
968.25592,0.04020
966.32712,0.04015
964.39832,0.04013
962.46953,0.04000
960.54073,0.03973
958.61193,0.03933
956.68314,0.03886
954.75434,0.03843
952.82554,0.03820
950.89675,0.03806
948.96795,0.03774
947.03915,0.03723
945.11036,0.03672
943.18156,0.03622
941.25276,0.03563
939.32397,0.03497
937.39517,0.03435
935.46637,0.03378
933.53758,0.03321
931.60878,0.03264
929.67998,0.03213
927.75119,0.03172
925.82239,0.03140
923.89359,0.03097
921.96480,0.03035
920.03600,0.02972
918.10720,0.02925
916.17841,0.02891
914.24961,0.02861
912.32081,0.02835
910.39202,0.02814
908.46322,0.02784
906.53443,0.02737
904.60563,0.02689
902.67683,0.02659
900.74804,0.02640
898.81924,0.02611
896.89044,0.02561
894.96165,0.02497
893.03285,0.02432
891.10405,0.02369
889.17526,0.02306
887.24646,0.02236
885.31766,0.02158
883.38887,0.02083
881.46007,0.02022
879.53127,0.01968
877.60248,0.01918
875.67368,0.01878
873.74488,0.01843
871.81609,0.01811
869.88729,0.01779
867.95849,0.01740
866.02970,0.01709
864.10090,0.01699
862.17210,0.01692
860.24331,0.01671
858.31451,0.01645
856.38571,0.01623
854.45692,0.01606
852.52812,0.01597
850.59932,0.01583
848.67053,0.01556
846.74173,0.01523
844.81293,0.01492
842.88414,0.01456
840.95534,0.01416
839.02654,0.01389
837.09775,0.01368
835.16895,0.01345
833.24015,0.01324
831.31136,0.01306
829.38256,0.01286
827.45376,0.01258
825.52497,0.01235
823.59617,0.01249
821.66737,0.01291
819.73858,0.01320
817.80978,0.01335
815.88098,0.01366
813.95219,0.01409
812.02339,0.01442
810.09459,0.01482
808.16580,0.01543
806.23700,0.01603
804.30820,0.01658
802.37941,0.01724
800.45061,0.01800
798.52181,0.01876
796.59302,0.01961
794.66422,0.02054
792.73542,0.02139
790.80663,0.02212
788.87783,0.02283
786.94903,0.02347
785.02024,0.02383
783.09144,0.02368
781.16264,0.02297
779.23385,0.02181
777.30505,0.02041
775.37625,0.01905
773.44746,0.01808
771.51866,0.01759
769.58986,0.01732
767.66107,0.01716
765.73227,0.01706
763.80347,0.01686
761.87468,0.01656
759.94588,0.01635
758.01708,0.01633
756.08829,0.01642
754.15949,0.01656
752.23069,0.01683
750.30190,0.01704
748.37310,0.01695
