3496.90832,0.06668
3494.97953,0.06282
3493.05073,0.06121
3491.12193,0.06355
3489.19314,0.06895
3487.26434,0.07194
3485.33554,0.06590
3483.40675,0.06006
3481.47795,0.06469
3479.54915,0.06978
3477.62036,0.06870
3475.69156,0.06756
3473.76276,0.06901
3471.83397,0.07042
3469.90517,0.06866
3467.97637,0.06514
3466.04758,0.06358
3464.11878,0.06199
3462.18998,0.05874
3460.26119,0.05930
3458.33239,0.06473
3456.40359,0.06745
3454.47480,0.06435
3452.54600,0.05995
3450.61721,0.05700
3448.68841,0.05482
3446.75961,0.05388
3444.83082,0.05402
3442.90202,0.05241
3440.97322,0.04938
3439.04443,0.04763
3437.11563,0.04738
3435.18683,0.04753
3433.25804,0.04823
3431.32924,0.05056
3429.40044,0.05508
3427.47165,0.05772
3425.54285,0.05455
3423.61405,0.05134
3421.68526,0.05186
3419.75646,0.05333
3417.82766,0.05709
3415.89887,0.05951
3413.97007,0.05474
3412.04127,0.04637
3410.11248,0.03791
3408.18368,0.03381
3406.25488,0.03668
3404.32609,0.03749
3402.39729,0.03554
3400.46849,0.04090
3398.53970,0.04586
3396.61090,0.03968
3394.68210,0.03446
3392.75331,0.03997
3390.82451,0.04620
3388.89571,0.04957
3386.96692,0.05613
3385.03812,0.06038
3383.10932,0.05588
3381.18053,0.05150
3379.25173,0.05194
3377.32293,0.04997
3375.39414,0.04487
3373.46534,0.04572
3371.53654,0.05371
3369.60775,0.05689
3367.67895,0.05406
3365.75015,0.05424
3363.82136,0.05318
3361.89256,0.04699
3359.96376,0.04527
3358.03497,0.05245
3356.10617,0.06338
3354.17737,0.07137
3352.24858,0.07166
3350.31978,0.06588
3348.39098,0.06060
3346.46219,0.05861
3344.53339,0.05790
3342.60459,0.05698
3340.67580,0.05622
3338.74700,0.05618
3336.81820,0.05541
3334.88941,0.05315
3332.96061,0.05183
3331.03181,0.05108
3329.10302,0.05014
3327.17422,0.04806
3325.24542,0.04056
3323.31663,0.02990
3321.38783,0.02697
3319.45903,0.03536
3317.53024,0.04429
3315.60144,0.04382
3313.67264,0.03679
3311.74385,0.02986
3309.81505,0.02683
3307.88625,0.03117
3305.95746,0.03855
3304.02866,0.03859
3302.09986,0.03194
3300.17107,0.02753
3298.24227,0.02736
3296.31347,0.02951
3294.38468,0.03075
3292.45588,0.02803
3290.52708,0.02562
3288.59829,0.02531
3286.66949,0.02375
3284.74069,0.02327
3282.81190,0.02621
3280.88310,0.02755
3278.95430,0.02693
3277.02551,0.02812
3275.09671,0.03037
3273.16791,0.03348
3271.23912,0.03727
3269.31032,0.03613
3267.38152,0.02875
3265.45273,0.02214
3263.52393,0.01772
3261.59513,0.01367
3259.66634,0.01502
3257.73754,0.02285
3255.80874,0.03094
3253.87995,0.03440
3251.95115,0.03297
3250.02235,0.03186
3248.09356,0.03159
3246.16476,0.02739
3244.23596,0.02359
3242.30717,0.02283
3240.37837,0.02350
3238.44957,0.03100
3236.52078,0.04110
3234.59198,0.04430
3232.66318,0.04364
3230.73439,0.04196
3228.80559,0.03983
3226.87679,0.03975
3224.94800,0.04050
3223.01920,0.04263
3221.09040,0.04788
3219.16161,0.05115
3217.23281,0.05046
3215.30401,0.04971
3213.37522,0.04809
3211.44642,0.04678
3209.51762,0.04856
3207.58883,0.04771
3205.66003,0.04252
3203.73123,0.03940
3201.80244,0.03990
3199.87364,0.04180
3197.94484,0.04386
3196.01605,0.04333
3194.08725,0.03990
3192.15845,0.03728
3190.22966,0.03746
3188.30086,0.03896
3186.37206,0.03853
3184.44327,0.03654
3182.51447,0.03542
3180.58567,0.03601
3178.65688,0.03961
3176.72808,0.04248
3174.79928,0.04103
3172.87049,0.03795
3170.94169,0.03344
3169.01289,0.02832
3167.08410,0.02703
3165.15530,0.02960
3163.22650,0.03193
3161.29771,0.03339
3159.36891,0.03462
3157.44011,0.03479
3155.51132,0.03543
3153.58252,0.03641
3151.65372,0.03544
3149.72493,0.03246
3147.79613,0.02939
3145.86733,0.02926
3143.93854,0.03121
3142.00974,0.03185
3140.08094,0.03120
3138.15215,0.03063
3136.22335,0.03033
3134.29455,0.02993
3132.36576,0.03026
3130.43696,0.03177
3128.50816,0.03263
3126.57937,0.03184
3124.65057,0.03087
3122.72177,0.03161
3120.79298,0.03395
3118.86418,0.03588
3116.93538,0.03603
3115.00659,0.03443
3113.07779,0.03211
3111.14899,0.03042
3109.22020,0.02967
3107.29140,0.02984
3105.36260,0.03027
3103.43381,0.02953
3101.50501,0.02836
3099.57621,0.02792
3097.64742,0.02735
3095.71862,0.02681
3093.78982,0.02769
3091.86103,0.02917
3089.93223,0.02966
3088.00344,0.02947
3086.07464,0.02930
3084.14584,0.02917
3082.21705,0.02895
3080.28825,0.02855
3078.35945,0.02858
3076.43066,0.02891
3074.50186,0.02874
3072.57306,0.02885
3070.64427,0.02965
3068.71547,0.02949
3066.78667,0.02847
3064.85788,0.02853
3062.92908,0.02953
3061.00028,0.02993
3059.07149,0.02869
3057.14269,0.02700
3055.21389,0.02759
3053.28510,0.02978
3051.35630,0.03068
3049.42750,0.02998
3047.49871,0.02909
3045.56991,0.02903
3043.64111,0.02997
3041.71232,0.03111
3039.78352,0.03152
3037.85472,0.03133
3035.92593,0.03138
3033.99713,0.03196
3032.06833,0.03237
3030.13954,0.03221
3028.21074,0.03247
3026.28194,0.03324
3024.35315,0.03327
3022.42435,0.03284
3020.49555,0.03290
3018.56676,0.03329
3016.63796,0.03377
3014.70916,0.03424
3012.78037,0.03447
3010.85157,0.03452
3008.92277,0.03433
3006.99398,0.03373
3005.06518,0.03325
3003.13638,0.03312
3001.20759,0.03293
2999.27879,0.03291
2997.34999,0.03329
2995.42120,0.03405
2993.49240,0.03469
2991.56360,0.03467
2989.63481,0.03471
2987.70601,0.03513
2985.77721,0.03511
2983.84842,0.03481
2981.91962,0.03507
2979.99082,0.03568
2978.06203,0.03601
2976.13323,0.03621
2974.20443,0.03648
2972.27564,0.03680
2970.34684,0.03701
2968.41804,0.03678
2966.48925,0.03641
2964.56045,0.03654
2962.63165,0.03697
2960.70286,0.03727
2958.77406,0.03749
2956.84526,0.03782
2954.91647,0.03815
2952.98767,0.03816
2951.05887,0.03793
2949.13008,0.03821
2947.20128,0.03892
2945.27248,0.03909
2943.34369,0.03870
2941.41489,0.03850
2939.48609,0.03877
2937.55730,0.03925
2935.62850,0.03976
2933.69970,0.04035
2931.77091,0.04105
2929.84211,0.04155
2927.91331,0.04153
2925.98452,0.04138
2924.05572,0.04154
2922.12692,0.04175
2920.19813,0.04182
2918.26933,0.04185
2916.34053,0.04191
2914.41174,0.04171
2912.48294,0.04106
2910.55414,0.04035
2908.62535,0.03987
2906.69655,0.03940
2904.76775,0.03903
2902.83896,0.03906
2900.91016,0.03925
2898.98136,0.03944
2897.05257,0.03951
2895.12377,0.03931
2893.19497,0.03920
2891.26618,0.03964
2889.33738,0.04016
2887.40858,0.04009
2885.47979,0.03963
2883.55099,0.03947
2881.62219,0.03976
2879.69340,0.03992
2877.76460,0.03973
2875.83580,0.03956
2873.90701,0.03966
2871.97821,0.03994
2870.04941,0.04014
2868.12062,0.04033
2866.19182,0.04071
2864.26302,0.04110
2862.33423,0.04121
2860.40543,0.04123
2858.47663,0.04149
2856.54784,0.04186
2854.61904,0.04199
2852.69024,0.04190
2850.76145,0.04182
2848.83265,0.04198
2846.90385,0.04234
2844.97506,0.04266
2843.04626,0.04261
2841.11746,0.04217
2839.18867,0.04180
2837.25987,0.04169
2835.33107,0.04169
2833.40228,0.04179
2831.47348,0.04197
2829.54468,0.04214
2827.61589,0.04222
2825.68709,0.04215
2823.75829,0.04214
2821.82950,0.04233
2819.90070,0.04248
2817.97190,0.04238
2816.04311,0.04223
2814.11431,0.04224
2812.18551,0.04224
2810.25672,0.04212
2808.32792,0.04195
2806.39912,0.04179
2804.47033,0.04174
2802.54153,0.04180
2800.61273,0.04176
2798.68394,0.04151
2796.75514,0.04114
2794.82634,0.04079
2792.89755,0.04068
2790.96875,0.04079
2789.03995,0.04096
2787.11116,0.04105
2785.18236,0.04091
2783.25356,0.04065
2781.32477,0.04039
2779.39597,0.04003
2777.46717,0.03961
2775.53838,0.03937
2773.60958,0.03936
2771.68078,0.03948
2769.75199,0.03959
2767.82319,0.03956
2765.89439,0.03945
2763.96560,0.03925
2762.03680,0.03892
2760.10800,0.03868
2758.17921,0.03872
2756.25041,0.03883
2754.32161,0.03856
2752.39282,0.03793
2750.46402,0.03762
2748.53522,0.03792
2746.60643,0.03833
2744.67763,0.03839
2742.74883,0.03829
2740.82004,0.03833
2738.89124,0.03851
2736.96244,0.03868
2735.03365,0.03884
2733.10485,0.03886
2731.17605,0.03877
2729.24726,0.03869
2727.31846,0.03871
2725.38967,0.03876
2723.46087,0.03858
2721.53207,0.03822
2719.60328,0.03807
2717.67448,0.03816
2715.74568,0.03834
2713.81689,0.03850
2711.88809,0.03837
2709.95929,0.03795
2708.03050,0.03760
2706.10170,0.03754
2704.17290,0.03772
2702.24411,0.03791
2700.31531,0.03800
2698.38651,0.03803
2696.45772,0.03799
2694.52892,0.03792
2692.60012,0.03798
2690.67133,0.03808
2688.74253,0.03817
2686.81373,0.03830
2684.88494,0.03842
2682.95614,0.03844
2681.02734,0.03844
2679.09855,0.03856
2677.16975,0.03861
2675.24095,0.03837
2673.31216,0.03805
2671.38336,0.03795
2669.45456,0.03794
2667.52577,0.03785
2665.59697,0.03767
2663.66817,0.03751
2661.73938,0.03740
2659.81058,0.03728
2657.88178,0.03725
2655.95299,0.03732
2654.02419,0.03750
2652.09539,0.03766
2650.16660,0.03760
2648.23780,0.03751
2646.30900,0.03761
2644.38021,0.03779
2642.45141,0.03808
2640.52261,0.03841
2638.59382,0.03843
2636.66502,0.03819
2634.73622,0.03816
2632.80743,0.03850
2630.87863,0.03892
2628.94983,0.03915
2627.02104,0.03908
2625.09224,0.03880
2623.16344,0.03858
2621.23465,0.03847
2619.30585,0.03842
2617.37705,0.03846
2615.44826,0.03848
2613.51946,0.03841
2611.59066,0.03836
2609.66187,0.03832
2607.73307,0.03821
2605.80427,0.03820
2603.87548,0.03842
2601.94668,0.03869
2600.01788,0.03883
2598.08909,0.03898
2596.16029,0.03911
2594.23149,0.03912
2592.30270,0.03939
2590.37390,0.03990
2588.44510,0.03995
2586.51631,0.03930
2584.58751,0.03860
2582.65871,0.03838
2580.72992,0.03840
2578.80112,0.03847
2576.87232,0.03874
2574.94353,0.03893
2573.01473,0.03881
2571.08593,0.03880
2569.15714,0.03890
2567.22834,0.03872
2565.29954,0.03845
2563.37075,0.03833
2561.44195,0.03806
2559.51315,0.03752
2557.58436,0.03710
2555.65556,0.03705
2553.72676,0.03712
2551.79797,0.03714
2549.86917,0.03740
2547.94037,0.03803
2546.01158,0.03856
2544.08278,0.03872
2542.15398,0.03868
2540.22519,0.03861
2538.29639,0.03851
2536.36759,0.03828
2534.43880,0.03816
2532.51000,0.03845
2530.58120,0.03860
2528.65241,0.03810
2526.72361,0.03734
2524.79481,0.03678
2522.86602,0.03657
2520.93722,0.03682
2519.00842,0.03721
2517.07963,0.03741
2515.15083,0.03754
2513.22203,0.03747
2511.29324,0.03682
2509.36444,0.03606
2507.43564,0.03604
2505.50685,0.03662
2503.57805,0.03694
2501.64925,0.03685
2499.72046,0.03685
2497.79166,0.03693
2495.86286,0.03701
2493.93407,0.03730
2492.00527,0.03729
2490.07647,0.03688
2488.14768,0.03678
2486.21888,0.03707
2484.29008,0.03738
2482.36129,0.03755
2480.43249,0.03750
2478.50369,0.03722
2476.57490,0.03683
2474.64610,0.03653
2472.71730,0.03633
2470.78851,0.03623
2468.85971,0.03622
2466.93091,0.03607
2465.00212,0.03585
2463.07332,0.03581
2461.14452,0.03593
2459.21573,0.03615
2457.28693,0.03633
2455.35813,0.03606
2453.42934,0.03552
2451.50054,0.03549
2449.57174,0.03578
2447.64295,0.03565
2445.71415,0.03532
2443.78535,0.03542
2441.85656,0.03582
2439.92776,0.03609
2437.99896,0.03604
2436.07017,0.03575
2434.14137,0.03560
2432.21257,0.03569
2430.28378,0.03561
2428.35498,0.03530
2426.42618,0.03515
2424.49739,0.03517
2422.56859,0.03497
2420.63979,0.03436
2418.71100,0.03369
2416.78220,0.03341
2414.85340,0.03335
2412.92461,0.03308
2410.99581,0.03264
2409.06701,0.03242
2407.13822,0.03253
2405.20942,0.03268
2403.28062,0.03273
2401.35183,0.03269
2399.42303,0.03245
2397.49423,0.03214
2395.56544,0.03216
2393.63664,0.03248
2391.70784,0.03283
2389.77905,0.03352
2387.85025,0.03544
2385.92145,0.03949
2383.99266,0.04645
2382.06386,0.05669
2380.13506,0.06967
2378.20627,0.08397
2376.27747,0.09855
2374.34867,0.11343
2372.41988,0.12876
2370.49108,0.14398
2368.56228,0.15831
2366.63349,0.17159
2364.70469,0.18310
2362.77589,0.19100
2360.84710,0.19397
2358.91830,0.19166
2356.98951,0.18337
2355.06071,0.16890
2353.13191,0.14963
2351.20312,0.13037
2349.27432,0.12022
2347.34552,0.12483
2345.41673,0.13906
2343.48793,0.14921
2341.55913,0.15075
2339.63034,0.14866
2337.70154,0.14550
2335.77274,0.14255
2333.84395,0.14131
2331.91515,0.14109
2329.98635,0.13877
2328.05756,0.13388
2326.12876,0.12948
2324.19996,0.12653
2322.27117,0.12219
2320.34237,0.11440
2318.41357,0.10489
2316.48478,0.09673
2314.55598,0.09141
2312.62718,0.08760
2310.69839,0.08303
2308.76959,0.07718
2306.84079,0.07086
2304.91200,0.06489
2302.98320,0.06009
2301.05440,0.05654
2299.12561,0.05333
2297.19681,0.05045
2295.26801,0.04829
2293.33922,0.04623
2291.41042,0.04365
2289.48162,0.04104
2287.55283,0.03896
2285.62403,0.03734
2283.69523,0.03632
2281.76644,0.03624
2279.83764,0.03685
2277.90884,0.03763
2275.98005,0.03830
2274.05125,0.03852
2272.12245,0.03841
2270.19366,0.03879
2268.26486,0.03980
2266.33606,0.04044
2264.40727,0.04057
2262.47847,0.04080
2260.54967,0.04100
2258.62088,0.04126
2256.69208,0.04197
2254.76328,0.04245
2252.83449,0.04218
2250.90569,0.04173
2248.97689,0.04148
2247.04810,0.04106
2245.11930,0.04069
2243.19050,0.04095
2241.26171,0.04165
2239.33291,0.04258
2237.40411,0.04328
2235.47532,0.04334
2233.54652,0.04297
2231.61772,0.04264
2229.68893,0.04287
2227.76013,0.04334
2225.83133,0.04369
2223.90254,0.04410
2221.97374,0.04417
2220.04494,0.04386
2218.11615,0.04396
2216.18735,0.04449
2214.25855,0.04459
2212.32976,0.04417
2210.40096,0.04453
2208.47216,0.04566
2206.54337,0.04586
2204.61457,0.04538
2202.68577,0.04571
2200.75698,0.04686
2198.82818,0.04887
2196.89938,0.05069
2194.97059,0.05035
2193.04179,0.04911
2191.11299,0.04929
2189.18420,0.05079
2187.25540,0.05248
2185.32660,0.05298
2183.39781,0.05207
2181.46901,0.05145
2179.54021,0.05173
2177.61142,0.05220
2175.68262,0.05327
2173.75382,0.05459
2171.82503,0.05540
2169.89623,0.05671
2167.96743,0.05863
2166.03864,0.06001
2164.10984,0.06114
2162.18104,0.06266
2160.25225,0.06456
2158.32345,0.06640
2156.39465,0.06562
2154.46586,0.06079
2152.53706,0.05481
2150.60826,0.05046
2148.67947,0.04744
2146.75067,0.04502
2144.82187,0.04335
2142.89308,0.04177
2140.96428,0.04000
2139.03548,0.03901
2137.10669,0.03868
2135.17789,0.03803
2133.24909,0.03668
2131.32030,0.03512
2129.39150,0.03354
2127.46270,0.03181
2125.53391,0.03054
2123.60511,0.02976
2121.67631,0.02874
2119.74752,0.02775
2117.81872,0.02734
2115.88992,0.02728
2113.96113,0.02733
2112.03233,0.02781
2110.10353,0.02860
2108.17474,0.02934
2106.24594,0.03003
2104.31714,0.03059
2102.38835,0.03050
2100.45955,0.02956
2098.53075,0.02851
2096.60196,0.02806
2094.67316,0.02793
2092.74436,0.02778
2090.81557,0.02783
2088.88677,0.02830
2086.95797,0.02887
2085.02918,0.02917
2083.10038,0.02949
2081.17158,0.02991
2079.24279,0.02977
2077.31399,0.02924
2075.38519,0.02926
2073.45640,0.02985
2071.52760,0.03025
2069.59880,0.03026
2067.67001,0.03058
2065.74121,0.03133
2063.81241,0.03162
2061.88362,0.03109
2059.95482,0.03030
2058.02602,0.02993
2056.09723,0.03047
2054.16843,0.03172
2052.23963,0.03280
2050.31084,0.03359
2048.38204,0.03470
2046.45324,0.03598
2044.52445,0.03701
2042.59565,0.03792
2040.66685,0.03897
2038.73806,0.03963
2036.80926,0.03975
2034.88046,0.04024
2032.95167,0.04142
2031.02287,0.04250
2029.09407,0.04270
2027.16528,0.04220
2025.23648,0.04148
2023.30768,0.04065
2021.37889,0.03937
2019.45009,0.03838
2017.52129,0.03940
2015.59250,0.04114
2013.66370,0.04105
2011.73490,0.03940
2009.80611,0.03821
2007.87731,0.03737
2005.94851,0.03490
2004.01972,0.03230
2002.09092,0.03231
2000.16212,0.03388
1998.23333,0.03433
1996.30453,0.03333
1994.37574,0.03241
1992.44694,0.03217
1990.51814,0.03224
1988.58935,0.03275
1986.66055,0.03347
1984.73175,0.03351
1982.80296,0.03334
1980.87416,0.03417
1978.94536,0.03504
1977.01657,0.03439
1975.08777,0.03374
1973.15897,0.03405
1971.23018,0.03362
1969.30138,0.03250
1967.37258,0.03181
1965.44379,0.03159
1963.51499,0.03129
1961.58619,0.03057
1959.65740,0.02954
1957.72860,0.02844
1955.79980,0.02757
1953.87101,0.02713
1951.94221,0.02712
1950.01341,0.02733
1948.08462,0.02716
1946.15582,0.02681
1944.22702,0.02695
1942.29823,0.02697
1940.36943,0.02633
1938.44063,0.02536
1936.51184,0.02460
1934.58304,0.02428
1932.65424,0.02383
1930.72545,0.02319
1928.79665,0.02287
1926.86785,0.02300
1924.93906,0.02351
1923.01026,0.02382
1921.08146,0.02367
1919.15267,0.02350
1917.22387,0.02299
1915.29507,0.02217
1913.36628,0.02195
1911.43748,0.02243
1909.50868,0.02281
1907.57989,0.02257
1905.65109,0.02200
1903.72229,0.02167
1901.79350,0.02161
1899.86470,0.02159
1897.93590,0.02178
1896.00711,0.02230
1894.07831,0.02278
1892.14951,0.02313
1890.22072,0.02334
1888.29192,0.02292
1886.36312,0.02209
1884.43433,0.02156
1882.50553,0.02143
1880.57673,0.02139
1878.64794,0.02118
1876.71914,0.02097
1874.79034,0.02089
1872.86155,0.02126
1870.93275,0.02236
1869.00395,0.02320
1867.07516,0.02258
1865.14636,0.02140
1863.21756,0.02076
1861.28877,0.02053
1859.35997,0.02046
1857.43117,0.02042
1855.50238,0.02034
1853.57358,0.02038
1851.64478,0.02064
1849.71599,0.02123
1847.78719,0.02226
1845.85839,0.02349
1843.92960,0.02371
1842.00080,0.02259
1840.07200,0.02178
1838.14321,0.02170
1836.21441,0.02157
1834.28561,0.02149
1832.35682,0.02223
1830.42802,0.02313
1828.49922,0.02301
1826.57043,0.02249
1824.64163,0.02187
1822.71283,0.02079
1820.78404,0.01990
1818.85524,0.01965
1816.92644,0.01969
1814.99765,0.01986
1813.06885,0.02037
1811.14005,0.02087
1809.21126,0.02081
1807.28246,0.02046
1805.35366,0.02062
1803.42487,0.02153
1801.49607,0.02244
1799.56727,0.02250
1797.63848,0.02217
1795.70968,0.02260
1793.78088,0.02383
1791.85209,0.02416
1789.92329,0.02275
1787.99449,0.02158
1786.06570,0.02155
1784.13690,0.02176
1782.20810,0.02184
1780.27931,0.02171
1778.35051,0.02137
1776.42171,0.02156
1774.49292,0.02279
1772.56412,0.02389
1770.63532,0.02351
1768.70653,0.02225
1766.77773,0.02093
1764.84893,0.02048
1762.92014,0.02108
1760.99134,0.02143
1759.06254,0.02133
1757.13375,0.02135
1755.20495,0.02143
1753.27615,0.02239
1751.34736,0.02428
1749.41856,0.02503
1747.48976,0.02423
1745.56097,0.02344
1743.63217,0.02327
1741.70337,0.02343
1739.77458,0.02329
1737.84578,0.02335
1735.91698,0.02477
1733.98819,0.02604
1732.05939,0.02459
1730.13059,0.02229
1728.20180,0.02066
1726.27300,0.01989
1724.34420,0.01998
1722.41541,0.02064
1720.48661,0.02267
1718.55781,0.02610
1716.62902,0.02791
1714.70022,0.02691
1712.77142,0.02570
1710.84263,0.02601
1708.91383,0.02815
1706.98503,0.03179
1705.05624,0.03586
1703.12744,0.04036
1701.19864,0.04691
1699.26985,0.05391
1697.34105,0.05953
1695.41225,0.06553
1693.48346,0.07188
1691.55466,0.07981
1689.62586,0.09075
1687.69707,0.10329
1685.76827,0.11854
1683.83947,0.13667
1681.91068,0.15032
1679.98188,0.16093
1678.05308,0.17309
1676.12429,0.18760
1674.19549,0.20232
1672.26669,0.21473
1670.33790,0.22618
1668.40910,0.23574
1666.48030,0.24193
1664.55151,0.24756
1662.62271,0.25283
1660.69391,0.25567
1658.76512,0.25722
1656.83632,0.25995
1654.90752,0.26471
1652.97873,0.26759
1651.04993,0.26623
1649.12113,0.26727
1647.19234,0.27202
1645.26354,0.27728
1643.33474,0.28303
1641.40595,0.29221
1639.47715,0.30525
1637.54835,0.32236
1635.61956,0.34336
1633.69076,0.36181
1631.76197,0.37666
1629.83317,0.39242
1627.90437,0.40841
1625.97558,0.42144
1624.04678,0.43073
1622.11798,0.43547
1620.18919,0.43663
1618.26039,0.43656
1616.33159,0.43436
1614.40280,0.43057
1612.47400,0.42856
1610.54520,0.42945
1608.61641,0.43318
1606.68761,0.43925
1604.75881,0.44737
1602.83002,0.45711
1600.90122,0.46731
1598.97242,0.47653
1597.04363,0.48359
1595.11483,0.48742
1593.18603,0.48710
1591.25724,0.48250
1589.32844,0.47349
1587.39964,0.46034
1585.47085,0.44394
1583.54205,0.42501
1581.61325,0.40475
1579.68446,0.38542
1577.75566,0.36552
1575.82686,0.34091
1573.89807,0.31789
1571.96927,0.30026
1570.04047,0.28226
1568.11168,0.26337
1566.18288,0.24713
1564.25408,0.23385
1562.32529,0.22479
1560.39649,0.21786
1558.46769,0.20500
1556.53890,0.18999
1554.61010,0.17878
1552.68130,0.16964
1550.75251,0.16188
1548.82371,0.15502
1546.89491,0.14998
1544.96612,0.14708
1543.03732,0.14504
1541.10852,0.14174
1539.17973,0.13436
1537.25093,0.12716
1535.32213,0.12344
1533.39334,0.12044
1531.46454,0.11634
1529.53574,0.11330
1527.60695,0.11184
1525.67815,0.11063
1523.74935,0.10975
1521.82056,0.10877
1519.89176,0.10651
1517.96296,0.10394
1516.03417,0.10131
1514.10537,0.09889
1512.17657,0.09831
1510.24778,0.10037
1508.31898,0.10381
1506.39018,0.10370
1504.46139,0.09968
1502.53259,0.09806
1500.60379,0.09996
1498.67500,0.10387
1496.74620,0.10776
1494.81740,0.11097
1492.88861,0.11576
1490.95981,0.12373
1489.03101,0.13268
1487.10222,0.14004
1485.17342,0.14757
1483.24462,0.15722
1481.31583,0.16903
1479.38703,0.18202
1477.45823,0.19614
1475.52944,0.21152
1473.60064,0.22702
1471.67184,0.23986
1469.74305,0.24850
1467.81425,0.25604
1465.88545,0.26394
1463.95666,0.26945
1462.02786,0.27182
1460.09906,0.27354
1458.17027,0.27321
1456.24147,0.26521
1454.31267,0.25283
1452.38388,0.24115
1450.45508,0.22971
1448.52628,0.21719
1446.59749,0.20313
1444.66869,0.18933
1442.73989,0.17676
1440.81110,0.16589
1438.88230,0.15704
1436.95350,0.14754
1435.02471,0.13651
1433.09591,0.12730
1431.16711,0.12002
1429.23832,0.11303
1427.30952,0.10674
1425.38072,0.10183
1423.45193,0.09790
1421.52313,0.09518
1419.59433,0.09302
1417.66554,0.08911
1415.73674,0.08421
1413.80794,0.08043
1411.87915,0.07781
1409.95035,0.07566
1408.02155,0.07403
1406.09276,0.07287
1404.16396,0.07137
1402.23516,0.06988
1400.30637,0.06936
1398.37757,0.06922
1396.44877,0.06853
1394.51998,0.06682
1392.59118,0.06438
1390.66238,0.06285
1388.73359,0.06251
1386.80479,0.06167
1384.87599,0.05980
1382.94720,0.05824
1381.01840,0.05748
1379.08960,0.05707
1377.16081,0.05697
1375.23201,0.05701
1373.30321,0.05624
1371.37442,0.05483
1369.44562,0.05389
1367.51682,0.05350
1365.58803,0.05375
1363.65923,0.05450
1361.73043,0.05436
1359.80164,0.05306
1357.87284,0.05199
1355.94404,0.05154
1354.01525,0.05128
1352.08645,0.05103
1350.15765,0.05086
1348.22886,0.05071
1346.30006,0.05053
1344.37126,0.05057
1342.44247,0.05123
1340.51367,0.05215
1338.58487,0.05216
1336.65608,0.05115
1334.72728,0.05015
1332.79848,0.04954
1330.86969,0.04912
1328.94089,0.04875
1327.01209,0.04846
1325.08330,0.04824
1323.15450,0.04809
1321.22570,0.04812
1319.29691,0.04820
1317.36811,0.04808
1315.43931,0.04786
1313.51052,0.04768
1311.58172,0.04749
1309.65292,0.04733
1307.72413,0.04720
1305.79533,0.04707
1303.86653,0.04703
1301.93774,0.04712
1300.00894,0.04726
1298.08014,0.04741
1296.15135,0.04749
1294.22255,0.04741
1292.29375,0.04728
1290.36496,0.04722
1288.43616,0.04720
1286.50736,0.04706
1284.57857,0.04684
1282.64977,0.04668
1280.72097,0.04656
1278.79218,0.04640
1276.86338,0.04627
1274.93458,0.04628
1273.00579,0.04645
1271.07699,0.04660
1269.14820,0.04668
1267.21940,0.04682
1265.29060,0.04709
1263.36181,0.04739
1261.43301,0.04762
1259.50421,0.04774
1257.57542,0.04774
1255.64662,0.04773
1253.71782,0.04784
1251.78903,0.04805
1249.86023,0.04827
1247.93143,0.04844
1246.00264,0.04861
1244.07384,0.04884
1242.14504,0.04904
1240.21625,0.04913
1238.28745,0.04918
1236.35865,0.04923
1234.42986,0.04925
1232.50106,0.04932
1230.57226,0.04952
1228.64347,0.04976
1226.71467,0.04995
1224.78587,0.05013
1222.85708,0.05041
1220.92828,0.05082
1218.99948,0.05131
1217.07069,0.05185
1215.14189,0.05241
1213.21309,0.05300
1211.28430,0.05369
1209.35550,0.05444
1207.42670,0.05522
1205.49791,0.05608
1203.56911,0.05701
1201.64031,0.05800
1199.71152,0.05914
1197.78272,0.06046
1195.85392,0.06189
1193.92513,0.06341
1191.99633,0.06516
1190.06753,0.06720
1188.13874,0.06946
1186.20994,0.07186
1184.28114,0.07441
1182.35235,0.07725
1180.42355,0.08058
1178.49475,0.08444
1176.56596,0.08871
1174.63716,0.09325
1172.70836,0.09801
1170.77957,0.10299
1168.85077,0.10807
1166.92197,0.11308
1164.99318,0.11779
1163.06438,0.12193
1161.13558,0.12517
1159.20679,0.12723
1157.27799,0.12805
1155.34919,0.12756
1153.42040,0.12582
1151.49160,0.12310
1149.56280,0.11951
1147.63401,0.11518
1145.70521,0.11038
1143.77641,0.10539
1141.84762,0.10046
1139.91882,0.09571
1137.99002,0.09117
1136.06123,0.08691
1134.13243,0.08300
1132.20363,0.07952
1130.27484,0.07654
1128.34604,0.07398
1126.41724,0.07169
1124.48845,0.06967
1122.55965,0.06798
1120.63085,0.06662
1118.70206,0.06548
1116.77326,0.06446
1114.84446,0.06357
1112.91567,0.06285
1110.98687,0.06225
1109.05807,0.06175
1107.12928,0.06138
1105.20048,0.06112
1103.27168,0.06092
1101.34289,0.06076
1099.41409,0.06065
1097.48529,0.06061
1095.55650,0.06063
1093.62770,0.06069
1091.69890,0.06077
1089.77011,0.06094
1087.84131,0.06117
1085.91251,0.06132
1083.98372,0.06145
1082.05492,0.06171
1080.12612,0.06208
1078.19733,0.06249
1076.26853,0.06294
1074.33973,0.06344
1072.41094,0.06397
1070.48214,0.06444
1068.55334,0.06474
1066.62455,0.06491
1064.69575,0.06511
1062.76695,0.06519
1060.83816,0.06497
1058.90936,0.06459
1056.98056,0.06424
1055.05177,0.06383
1053.12297,0.06324
1051.19417,0.06256
1049.26538,0.06186
1047.33658,0.06118
1045.40778,0.06052
1043.47899,0.05982
1041.55019,0.05897
1039.62139,0.05805
1037.69260,0.05720
1035.76380,0.05642
1033.83500,0.05561
1031.90621,0.05481
1029.97741,0.05412
1028.04861,0.05349
1026.11982,0.05292
1024.19102,0.05250
1022.26222,0.05223
1020.33343,0.05193
1018.40463,0.05158
1016.47583,0.05136
1014.54704,0.05127
1012.61824,0.05121
1010.68944,0.05105
1008.76065,0.05071
1006.83185,0.05020
1004.90305,0.04957
1002.97426,0.04887
1001.04546,0.04821
999.11666,0.04765
997.18787,0.04718
995.25907,0.04670
993.33027,0.04617
991.40148,0.04568
989.47268,0.04523
987.54388,0.04472
985.61509,0.04414
983.68629,0.04362
981.75749,0.04316
979.82870,0.04269
977.89990,0.04214
975.97110,0.04160
974.04231,0.04115
972.11351,0.04074
970.18471,0.04032
968.25592,0.04004
966.32712,0.03998
964.39832,0.03995
962.46953,0.03983
960.54073,0.03959
958.61193,0.03923
956.68314,0.03878
954.75434,0.03835
952.82554,0.03812
950.89675,0.03798
948.96795,0.03768
947.03915,0.03719
945.11036,0.03669
943.18156,0.03616
941.25276,0.03554
939.32397,0.03489
937.39517,0.03427
935.46637,0.03369
933.53758,0.03310
931.60878,0.03250
929.67998,0.03196
927.75119,0.03154
925.82239,0.03121
923.89359,0.03078
921.96480,0.03015
920.03600,0.02953
918.10720,0.02909
916.17841,0.02876
914.24961,0.02846
912.32081,0.02821
910.39202,0.02800
908.46322,0.02771
906.53443,0.02727
904.60563,0.02682
902.67683,0.02654
900.74804,0.02636
898.81924,0.02606
896.89044,0.02554
894.96165,0.02492
893.03285,0.02429
891.10405,0.02364
889.17526,0.02298
887.24646,0.02227
885.31766,0.02143
883.38887,0.02062
881.46007,0.02000
879.53127,0.01948
877.60248,0.01901
875.67368,0.01862
873.74488,0.01828
871.81609,0.01795
869.88729,0.01760
867.95849,0.01721
866.02970,0.01692
864.10090,0.01681
862.17210,0.01672
860.24331,0.01653
858.31451,0.01634
856.38571,0.01615
854.45692,0.01597
852.52812,0.01588
850.59932,0.01575
848.67053,0.01550
846.74173,0.01521
844.81293,0.01487
842.88414,0.01444
840.95534,0.01401
839.02654,0.01373
837.09775,0.01354
835.16895,0.01332
833.24015,0.01306
831.31136,0.01284
829.38256,0.01264
827.45376,0.01245
825.52497,0.01234
823.59617,0.01246
821.66737,0.01278
819.73858,0.01306
817.80978,0.01324
815.88098,0.01347
813.95219,0.01377
812.02339,0.01407
810.09459,0.01449
808.16580,0.01517
806.23700,0.01589
804.30820,0.01656
802.37941,0.01730
800.45061,0.01809
798.52181,0.01881
796.59302,0.01958
794.66422,0.02044
792.73542,0.02125
790.80663,0.02203
788.87783,0.02278
786.94903,0.02337
785.02024,0.02370
783.09144,0.02356
781.16264,0.02274
779.23385,0.02149
777.30505,0.02022
775.37625,0.01908
773.44746,0.01813
771.51866,0.01748
769.58986,0.01697
767.66107,0.01650
765.73227,0.01628
763.80347,0.01631
761.87468,0.01624
759.94588,0.01614
758.01708,0.01627
756.08829,0.01651
754.15949,0.01685
752.23069,0.01743
750.30190,0.01788
748.37310,0.01769
