3496.90832,0.06984
3494.97953,0.06698
3493.05073,0.06325
3491.12193,0.06550
3489.19314,0.07255
3487.26434,0.07718
3485.33554,0.07334
3483.40675,0.06438
3481.47795,0.05927
3479.54915,0.06081
3477.62036,0.06413
3475.69156,0.06551
3473.76276,0.06420
3471.83397,0.06077
3469.90517,0.05800
3467.97637,0.05732
3466.04758,0.05966
3464.11878,0.06577
3462.18998,0.07037
3460.26119,0.06791
3458.33239,0.06109
3456.40359,0.05629
3454.47480,0.05511
3452.54600,0.05552
3450.61721,0.05814
3448.68841,0.06297
3446.75961,0.06689
3444.83082,0.06871
3442.90202,0.06804
3440.97322,0.06382
3439.04443,0.05823
3437.11563,0.05280
3435.18683,0.04823
3433.25804,0.04637
3431.32924,0.04444
3429.40044,0.04343
3427.47165,0.04904
3425.54285,0.05754
3423.61405,0.05941
3421.68526,0.05279
3419.75646,0.04752
3417.82766,0.05104
3415.89887,0.05367
3413.97007,0.04500
3412.04127,0.03211
3410.11248,0.02666
3408.18368,0.03178
3406.25488,0.04325
3404.32609,0.05131
3402.39729,0.04892
3400.46849,0.04273
3398.53970,0.04060
3396.61090,0.03979
3394.68210,0.04062
3392.75331,0.04692
3390.82451,0.05347
3388.89571,0.05625
3386.96692,0.05768
3385.03812,0.05556
3383.10932,0.04824
3381.18053,0.04315
3379.25173,0.04603
3377.32293,0.05122
3375.39414,0.05167
3373.46534,0.05131
3371.53654,0.05907
3369.60775,0.06742
3367.67895,0.06495
3365.75015,0.06208
3363.82136,0.06576
3361.89256,0.06474
3359.96376,0.05696
3358.03497,0.04773
3356.10617,0.04098
3354.17737,0.04542
3352.24858,0.05935
3350.31978,0.06844
3348.39098,0.06802
3346.46219,0.06249
3344.53339,0.05539
3342.60459,0.05067
3340.67580,0.05238
3338.74700,0.05960
3336.81820,0.06413
3334.88941,0.06111
3332.96061,0.05331
3331.03181,0.04810
3329.10302,0.05208
3327.17422,0.05686
3325.24542,0.05067
3323.31663,0.04078
3321.38783,0.04198
3319.45903,0.05370
3317.53024,0.05916
3315.60144,0.05091
3313.67264,0.04239
3311.74385,0.04256
3309.81505,0.04593
3307.88625,0.04847
3305.95746,0.04869
3304.02866,0.04574
3302.09986,0.04370
3300.17107,0.04408
3298.24227,0.04177
3296.31347,0.03647
3294.38468,0.03350
3292.45588,0.03277
3290.52708,0.03211
3288.59829,0.03215
3286.66949,0.03274
3284.74069,0.03463
3282.81190,0.03555
3280.88310,0.03192
3278.95430,0.03213
3277.02551,0.04192
3275.09671,0.05018
3273.16791,0.04990
3271.23912,0.04568
3269.31032,0.04009
3267.38152,0.03442
3265.45273,0.03097
3263.52393,0.02799
3261.59513,0.02511
3259.66634,0.02641
3257.73754,0.03186
3255.80874,0.03701
3253.87995,0.03753
3251.95115,0.03611
3250.02235,0.03849
3248.09356,0.03914
3246.16476,0.03496
3244.23596,0.03406
3242.30717,0.03618
3240.37837,0.03706
3238.44957,0.03928
3236.52078,0.04221
3234.59198,0.04313
3232.66318,0.04239
3230.73439,0.04061
3228.80559,0.03731
3226.87679,0.03123
3224.94800,0.02653
3223.01920,0.03020
3221.09040,0.03856
3219.16161,0.04408
3217.23281,0.04899
3215.30401,0.05403
3213.37522,0.05281
3211.44642,0.04866
3209.51762,0.05116
3207.58883,0.05665
3205.66003,0.05659
3203.73123,0.05201
3201.80244,0.04784
3199.87364,0.04675
3197.94484,0.04883
3196.01605,0.05023
3194.08725,0.04749
3192.15845,0.04415
3190.22966,0.04514
3188.30086,0.04836
3186.37206,0.04875
3184.44327,0.04589
3182.51447,0.04303
3180.58567,0.04260
3178.65688,0.04426
3176.72808,0.04375
3174.79928,0.04062
3172.87049,0.03923
3170.94169,0.03786
3169.01289,0.03398
3167.08410,0.03184
3165.15530,0.03343
3163.22650,0.03531
3161.29771,0.03593
3159.36891,0.03538
3157.44011,0.03345
3155.51132,0.03290
3153.58252,0.03568
3151.65372,0.03847
3149.72493,0.03742
3147.79613,0.03510
3145.86733,0.03592
3143.93854,0.03734
3142.00974,0.03643
3140.08094,0.03515
3138.15215,0.03395
3136.22335,0.03210
3134.29455,0.03099
3132.36576,0.03114
3130.43696,0.03135
3128.50816,0.03109
3126.57937,0.03083
3124.65057,0.03168
3122.72177,0.03359
3120.79298,0.03480
3118.86418,0.03472
3116.93538,0.03444
3115.00659,0.03393
3113.07779,0.03277
3111.14899,0.03171
3109.22020,0.03060
3107.29140,0.02975
3105.36260,0.03084
3103.43381,0.03264
3101.50501,0.03339
3099.57621,0.03316
3097.64742,0.03162
3095.71862,0.02985
3093.78982,0.02959
3091.86103,0.03016
3089.93223,0.03052
3088.00344,0.03049
3086.07464,0.03036
3084.14584,0.03106
3082.21705,0.03225
3080.28825,0.03219
3078.35945,0.03091
3076.43066,0.03016
3074.50186,0.03050
3072.57306,0.03111
3070.64427,0.03156
3068.71547,0.03134
3066.78667,0.03054
3064.85788,0.03090
3062.92908,0.03263
3061.00028,0.03326
3059.07149,0.03217
3057.14269,0.03132
3055.21389,0.03155
3053.28510,0.03173
3051.35630,0.03124
3049.42750,0.03053
3047.49871,0.03007
3045.56991,0.03041
3043.64111,0.03165
3041.71232,0.03303
3039.78352,0.03374
3037.85472,0.03396
3035.92593,0.03456
3033.99713,0.03539
3032.06833,0.03586
3030.13954,0.03614
3028.21074,0.03597
3026.28194,0.03521
3024.35315,0.03454
3022.42435,0.03443
3020.49555,0.03452
3018.56676,0.03424
3016.63796,0.03396
3014.70916,0.03422
3012.78037,0.03503
3010.85157,0.03603
3008.92277,0.03660
3006.99398,0.03652
3005.06518,0.03601
3003.13638,0.03531
3001.20759,0.03485
2999.27879,0.03490
2997.34999,0.03503
2995.42120,0.03512
2993.49240,0.03544
2991.56360,0.03590
2989.63481,0.03659
2987.70601,0.03715
2985.77721,0.03673
2983.84842,0.03589
2981.91962,0.03601
2979.99082,0.03680
2978.06203,0.03700
2976.13323,0.03670
2974.20443,0.03662
2972.27564,0.03684
2970.34684,0.03707
2968.41804,0.03710
2966.48925,0.03710
2964.56045,0.03738
2962.63165,0.03785
2960.70286,0.03835
2958.77406,0.03902
2956.84526,0.03979
2954.91647,0.04012
2952.98767,0.03978
2951.05887,0.03927
2949.13008,0.03927
2947.20128,0.03978
2945.27248,0.04016
2943.34369,0.04002
2941.41489,0.03958
2939.48609,0.03949
2937.55730,0.03996
2935.62850,0.04066
2933.69970,0.04132
2931.77091,0.04165
2929.84211,0.04154
2927.91331,0.04129
2925.98452,0.04124
2924.05572,0.04146
2922.12692,0.04180
2920.19813,0.04194
2918.26933,0.04181
2916.34053,0.04181
2914.41174,0.04185
2912.48294,0.04152
2910.55414,0.04104
2908.62535,0.04056
2906.69655,0.04012
2904.76775,0.04013
2902.83896,0.04048
2900.91016,0.04062
2898.98136,0.04059
2897.05257,0.04071
2895.12377,0.04076
2893.19497,0.04073
2891.26618,0.04108
2889.33738,0.04159
2887.40858,0.04150
2885.47979,0.04100
2883.55099,0.04086
2881.62219,0.04117
2879.69340,0.04128
2877.76460,0.04084
2875.83580,0.04044
2873.90701,0.04062
2871.97821,0.04111
2870.04941,0.04143
2868.12062,0.04160
2866.19182,0.04183
2864.26302,0.04212
2862.33423,0.04233
2860.40543,0.04246
2858.47663,0.04260
2856.54784,0.04273
2854.61904,0.04281
2852.69024,0.04291
2850.76145,0.04324
2848.83265,0.04372
2846.90385,0.04398
2844.97506,0.04397
2843.04626,0.04390
2841.11746,0.04375
2839.18867,0.04374
2837.25987,0.04395
2835.33107,0.04397
2833.40228,0.04367
2831.47348,0.04346
2829.54468,0.04353
2827.61589,0.04366
2825.68709,0.04371
2823.75829,0.04373
2821.82950,0.04384
2819.90070,0.04395
2817.97190,0.04383
2816.04311,0.04361
2814.11431,0.04364
2812.18551,0.04387
2810.25672,0.04397
2808.32792,0.04374
2806.39912,0.04338
2804.47033,0.04315
2802.54153,0.04302
2800.61273,0.04294
2798.68394,0.04287
2796.75514,0.04272
2794.82634,0.04256
2792.89755,0.04253
2790.96875,0.04266
2789.03995,0.04290
2787.11116,0.04296
2785.18236,0.04267
2783.25356,0.04228
2781.32477,0.04194
2779.39597,0.04148
2777.46717,0.04108
2775.53838,0.04088
2773.60958,0.04069
2771.68078,0.04060
2769.75199,0.04074
2767.82319,0.04104
2765.89439,0.04128
2763.96560,0.04113
2762.03680,0.04060
2760.10800,0.04008
2758.17921,0.03980
2756.25041,0.03989
2754.32161,0.04017
2752.39282,0.04012
2750.46402,0.03991
2748.53522,0.04014
2746.60643,0.04062
2744.67763,0.04076
2742.74883,0.04056
2740.82004,0.04039
2738.89124,0.04037
2736.96244,0.04044
2735.03365,0.04065
2733.10485,0.04083
2731.17605,0.04072
2729.24726,0.04043
2727.31846,0.04024
2725.38967,0.04017
2723.46087,0.04008
2721.53207,0.04006
2719.60328,0.04014
2717.67448,0.04020
2715.74568,0.04024
2713.81689,0.04032
2711.88809,0.04022
2709.95929,0.03981
2708.03050,0.03938
2706.10170,0.03927
2704.17290,0.03949
2702.24411,0.03968
2700.31531,0.03960
2698.38651,0.03957
2696.45772,0.03984
2694.52892,0.04019
2692.60012,0.04030
2690.67133,0.04021
2688.74253,0.04015
2686.81373,0.04015
2684.88494,0.04020
2682.95614,0.04037
2681.02734,0.04050
2679.09855,0.04045
2677.16975,0.04027
2675.24095,0.04002
2673.31216,0.03969
2671.38336,0.03935
2669.45456,0.03918
2667.52577,0.03925
2665.59697,0.03934
2663.66817,0.03933
2661.73938,0.03934
2659.81058,0.03933
2657.88178,0.03923
2655.95299,0.03917
2654.02419,0.03923
2652.09539,0.03938
2650.16660,0.03950
2648.23780,0.03959
2646.30900,0.03972
2644.38021,0.03983
2642.45141,0.03998
2640.52261,0.04023
2638.59382,0.04033
2636.66502,0.04027
2634.73622,0.04030
2632.80743,0.04052
2630.87863,0.04069
2628.94983,0.04070
2627.02104,0.04061
2625.09224,0.04052
2623.16344,0.04041
2621.23465,0.04026
2619.30585,0.04022
2617.37705,0.04026
2615.44826,0.04022
2613.51946,0.04014
2611.59066,0.04019
2609.66187,0.04024
2607.73307,0.04011
2605.80427,0.03995
2603.87548,0.03998
2601.94668,0.04023
2600.01788,0.04049
2598.08909,0.04071
2596.16029,0.04101
2594.23149,0.04112
2592.30270,0.04096
2590.37390,0.04108
2588.44510,0.04139
2586.51631,0.04133
2584.58751,0.04108
2582.65871,0.04096
2580.72992,0.04056
2578.80112,0.03995
2576.87232,0.03993
2574.94353,0.04055
2573.01473,0.04105
2571.08593,0.04126
2569.15714,0.04133
2567.22834,0.04109
2565.29954,0.04062
2563.37075,0.04009
2561.44195,0.03963
2559.51315,0.03956
2557.58436,0.03975
2555.65556,0.03984
2553.72676,0.03986
2551.79797,0.04003
2549.86917,0.04053
2547.94037,0.04106
2546.01158,0.04121
2544.08278,0.04119
2542.15398,0.04122
2540.22519,0.04107
2538.29639,0.04068
2536.36759,0.04034
2534.43880,0.04014
2532.51000,0.04008
2530.58120,0.04006
2528.65241,0.04002
2526.72361,0.03987
2524.79481,0.03943
2522.86602,0.03887
2520.93722,0.03853
2519.00842,0.03845
2517.07963,0.03854
2515.15083,0.03877
2513.22203,0.03909
2511.29324,0.03923
2509.36444,0.03892
2507.43564,0.03865
2505.50685,0.03899
2503.57805,0.03950
2501.64925,0.03959
2499.72046,0.03952
2497.79166,0.03958
2495.86286,0.03971
2493.93407,0.03988
2492.00527,0.03980
2490.07647,0.03937
2488.14768,0.03900
2486.21888,0.03885
2484.29008,0.03879
2482.36129,0.03883
2480.43249,0.03906
2478.50369,0.03940
2476.57490,0.03953
2474.64610,0.03917
2472.71730,0.03853
2470.78851,0.03801
2468.85971,0.03777
2466.93091,0.03782
2465.00212,0.03817
2463.07332,0.03840
2461.14452,0.03818
2459.21573,0.03792
2457.28693,0.03784
2455.35813,0.03749
2453.42934,0.03699
2451.50054,0.03690
2449.57174,0.03709
2447.64295,0.03717
2445.71415,0.03722
2443.78535,0.03740
2441.85656,0.03763
2439.92776,0.03774
2437.99896,0.03771
2436.07017,0.03746
2434.14137,0.03725
2432.21257,0.03738
2430.28378,0.03749
2428.35498,0.03717
2426.42618,0.03674
2424.49739,0.03664
2422.56859,0.03667
2420.63979,0.03631
2418.71100,0.03572
2416.78220,0.03537
2414.85340,0.03526
2412.92461,0.03509
2410.99581,0.03486
2409.06701,0.03481
2407.13822,0.03490
2405.20942,0.03490
2403.28062,0.03476
2401.35183,0.03449
2399.42303,0.03412
2397.49423,0.03389
2395.56544,0.03393
2393.63664,0.03408
2391.70784,0.03438
2389.77905,0.03527
2387.85025,0.03741
2385.92145,0.04178
2383.99266,0.04931
2382.06386,0.06029
2380.13506,0.07393
2378.20627,0.08892
2376.27747,0.10449
2374.34867,0.12060
2372.41988,0.13733
2370.49108,0.15408
2368.56228,0.16964
2366.63349,0.18354
2364.70469,0.19538
2362.77589,0.20380
2360.84710,0.20777
2358.91830,0.20618
2356.98951,0.19761
2355.06071,0.18224
2353.13191,0.16167
2351.20312,0.14097
2349.27432,0.13008
2347.34552,0.13483
2345.41673,0.14963
2343.48793,0.16022
2341.55913,0.16167
2339.63034,0.15902
2337.70154,0.15539
2335.77274,0.15233
2333.84395,0.15127
2331.91515,0.15131
2329.98635,0.14890
2328.05756,0.14349
2326.12876,0.13851
2324.19996,0.13523
2322.27117,0.13084
2320.34237,0.12287
2318.41357,0.11268
2316.48478,0.10365
2314.55598,0.09781
2312.62718,0.09378
2310.69839,0.08912
2308.76959,0.08328
2306.84079,0.07683
2304.91200,0.07035
2302.98320,0.06477
2301.05440,0.06053
2299.12561,0.05713
2297.19681,0.05423
2295.26801,0.05176
2293.33922,0.04930
2291.41042,0.04677
2289.48162,0.04455
2287.55283,0.04265
2285.62403,0.04090
2283.69523,0.03968
2281.76644,0.03925
2279.83764,0.03944
2277.90884,0.04014
2275.98005,0.04116
2274.05125,0.04186
2272.12245,0.04185
2270.19366,0.04161
2268.26486,0.04194
2266.33606,0.04258
2264.40727,0.04280
2262.47847,0.04283
2260.54967,0.04277
2258.62088,0.04269
2256.69208,0.04323
2254.76328,0.04400
2252.83449,0.04380
2250.90569,0.04290
2248.97689,0.04254
2247.04810,0.04277
2245.11930,0.04308
2243.19050,0.04373
2241.26171,0.04469
2239.33291,0.04512
2237.40411,0.04467
2235.47532,0.04419
2233.54652,0.04441
2231.61772,0.04484
2229.68893,0.04502
2227.76013,0.04489
2225.83133,0.04463
2223.90254,0.04522
2221.97374,0.04673
2220.04494,0.04790
2218.11615,0.04860
2216.18735,0.04921
2214.25855,0.04952
2212.32976,0.04966
2210.40096,0.04964
2208.47216,0.04956
2206.54337,0.04963
2204.61457,0.04972
2202.68577,0.05015
2200.75698,0.05076
2198.82818,0.05087
2196.89938,0.05061
2194.97059,0.05064
2193.04179,0.05126
2191.11299,0.05259
2189.18420,0.05455
2187.25540,0.05593
2185.32660,0.05591
2183.39781,0.05542
2181.46901,0.05582
2179.54021,0.05671
2177.61142,0.05685
2175.68262,0.05662
2173.75382,0.05642
2171.82503,0.05643
2169.89623,0.05755
2167.96743,0.05877
2166.03864,0.05928
2164.10984,0.06126
2162.18104,0.06588
2160.25225,0.06996
2158.32345,0.06940
2156.39465,0.06479
2154.46586,0.06010
2152.53706,0.05718
2150.60826,0.05498
2148.67947,0.05204
2146.75067,0.04879
2144.82187,0.04643
2142.89308,0.04443
2140.96428,0.04184
2139.03548,0.03991
2137.10669,0.03943
2135.17789,0.03913
2133.24909,0.03797
2131.32030,0.03624
2129.39150,0.03463
2127.46270,0.03354
2125.53391,0.03308
2123.60511,0.03255
2121.67631,0.03131
2119.74752,0.03021
2117.81872,0.02988
2115.88992,0.02999
2113.96113,0.03032
2112.03233,0.03073
2110.10353,0.03108
2108.17474,0.03130
2106.24594,0.03134
2104.31714,0.03164
2102.38835,0.03214
2100.45955,0.03185
2098.53075,0.03105
2096.60196,0.03083
2094.67316,0.03094
2092.74436,0.03073
2090.81557,0.03060
2088.88677,0.03096
2086.95797,0.03144
2085.02918,0.03149
2083.10038,0.03119
2081.17158,0.03108
2079.24279,0.03133
2077.31399,0.03175
2075.38519,0.03190
2073.45640,0.03147
2071.52760,0.03120
2069.59880,0.03169
2067.67001,0.03282
2065.74121,0.03397
2063.81241,0.03419
2061.88362,0.03353
2059.95482,0.03316
2058.02602,0.03344
2056.09723,0.03360
2054.16843,0.03393
2052.23963,0.03518
2050.31084,0.03723
2048.38204,0.03958
2046.45324,0.04160
2044.52445,0.04315
2042.59565,0.04372
2040.66685,0.04317
2038.73806,0.04254
2036.80926,0.04219
2034.88046,0.04281
2032.95167,0.04436
2031.02287,0.04414
2029.09407,0.04175
2027.16528,0.04002
2025.23648,0.04067
2023.30768,0.04257
2021.37889,0.04308
2019.45009,0.04277
2017.52129,0.04351
2015.59250,0.04411
2013.66370,0.04352
2011.73490,0.04266
2009.80611,0.04218
2007.87731,0.04005
2005.94851,0.03588
2004.01972,0.03453
2002.09092,0.03721
2000.16212,0.03931
1998.23333,0.03864
1996.30453,0.03709
1994.37574,0.03581
1992.44694,0.03475
1990.51814,0.03456
1988.58935,0.03500
1986.66055,0.03520
1984.73175,0.03529
1982.80296,0.03608
1980.87416,0.03781
1978.94536,0.03890
1977.01657,0.03804
1975.08777,0.03710
1973.15897,0.03731
1971.23018,0.03665
1969.30138,0.03482
1967.37258,0.03399
1965.44379,0.03431
1963.51499,0.03441
1961.58619,0.03377
1959.65740,0.03243
1957.72860,0.03093
1955.79980,0.02988
1953.87101,0.02936
1951.94221,0.02926
1950.01341,0.02940
1948.08462,0.02945
1946.15582,0.02970
1944.22702,0.03030
1942.29823,0.02992
1940.36943,0.02817
1938.44063,0.02656
1936.51184,0.02577
1934.58304,0.02537
1932.65424,0.02511
1930.72545,0.02498
1928.79665,0.02479
1926.86785,0.02468
1924.93906,0.02511
1923.01026,0.02548
1921.08146,0.02525
1919.15267,0.02491
1917.22387,0.02434
1915.29507,0.02360
1913.36628,0.02358
1911.43748,0.02420
1909.50868,0.02438
1907.57989,0.02388
1905.65109,0.02336
1903.72229,0.02325
1901.79350,0.02336
1899.86470,0.02354
1897.93590,0.02383
1896.00711,0.02405
1894.07831,0.02409
1892.14951,0.02440
1890.22072,0.02489
1888.29192,0.02470
1886.36312,0.02394
1884.43433,0.02344
1882.50553,0.02333
1880.57673,0.02317
1878.64794,0.02273
1876.71914,0.02233
1874.79034,0.02227
1872.86155,0.02280
1870.93275,0.02413
1869.00395,0.02516
1867.07516,0.02446
1865.14636,0.02301
1863.21756,0.02226
1861.28877,0.02212
1859.35997,0.02210
1857.43117,0.02200
1855.50238,0.02199
1853.57358,0.02223
1851.64478,0.02265
1849.71599,0.02318
1847.78719,0.02399
1845.85839,0.02504
1843.92960,0.02520
1842.00080,0.02404
1840.07200,0.02311
1838.14321,0.02289
1836.21441,0.02270
1834.28561,0.02270
1832.35682,0.02358
1830.42802,0.02450
1828.49922,0.02431
1826.57043,0.02382
1824.64163,0.02327
1822.71283,0.02224
1820.78404,0.02146
1818.85524,0.02141
1816.92644,0.02158
1814.99765,0.02174
1813.06885,0.02219
1811.14005,0.02265
1809.21126,0.02256
1807.28246,0.02216
1805.35366,0.02228
1803.42487,0.02319
1801.49607,0.02408
1799.56727,0.02403
1797.63848,0.02356
1795.70968,0.02394
1793.78088,0.02520
1791.85209,0.02556
1789.92329,0.02411
1787.99449,0.02290
1786.06570,0.02284
1784.13690,0.02303
1782.20810,0.02310
1780.27931,0.02296
1778.35051,0.02262
1776.42171,0.02291
1774.49292,0.02425
1772.56412,0.02541
1770.63532,0.02511
1768.70653,0.02398
1766.77773,0.02274
1764.84893,0.02228
1762.92014,0.02288
1760.99134,0.02327
1759.06254,0.02321
1757.13375,0.02318
1755.20495,0.02315
1753.27615,0.02413
1751.34736,0.02619
1749.41856,0.02700
1747.48976,0.02605
1745.56097,0.02511
1743.63217,0.02486
1741.70337,0.02490
1739.77458,0.02467
1737.84578,0.02475
1735.91698,0.02625
1733.98819,0.02759
1732.05939,0.02618
1730.13059,0.02390
1728.20180,0.02223
1726.27300,0.02143
1724.34420,0.02159
1722.41541,0.02234
1720.48661,0.02446
1718.55781,0.02798
1716.62902,0.02991
1714.70022,0.02902
1712.77142,0.02783
1710.84263,0.02812
1708.91383,0.03034
1706.98503,0.03422
1705.05624,0.03857
1703.12744,0.04330
1701.19864,0.05008
1699.26985,0.05730
1697.34105,0.06319
1695.41225,0.06956
1693.48346,0.07633
1691.55466,0.08475
1689.62586,0.09626
1687.69707,0.10933
1685.76827,0.12520
1683.83947,0.14414
1681.91068,0.15838
1679.98188,0.16933
1678.05308,0.18193
1676.12429,0.19704
1674.19549,0.21228
1672.26669,0.22504
1670.33790,0.23705
1668.40910,0.24726
1666.48030,0.25374
1664.55151,0.25950
1662.62271,0.26499
1660.69391,0.26798
1658.76512,0.26955
1656.83632,0.27230
1654.90752,0.27699
1652.97873,0.27967
1651.04993,0.27835
1649.12113,0.27957
1647.19234,0.28438
1645.26354,0.28963
1643.33474,0.29550
1641.40595,0.30491
1639.47715,0.31825
1637.54835,0.33578
1635.61956,0.35740
1633.69076,0.37659
1631.76197,0.39222
1629.83317,0.40892
1627.90437,0.42596
1625.97558,0.43996
1624.04678,0.45013
1622.11798,0.45574
1620.18919,0.45753
1618.26039,0.45780
1616.33159,0.45565
1614.40280,0.45179
1612.47400,0.44986
1610.54520,0.45097
1608.61641,0.45485
1606.68761,0.46108
1604.75881,0.46957
1602.83002,0.47972
1600.90122,0.49020
1598.97242,0.49973
1597.04363,0.50738
1595.11483,0.51198
1593.18603,0.51221
1591.25724,0.50788
1589.32844,0.49906
1587.39964,0.48604
1585.47085,0.46954
1583.54205,0.45024
1581.61325,0.42941
1579.68446,0.40935
1577.75566,0.38859
1575.82686,0.36302
1573.89807,0.33914
1571.96927,0.32064
1570.04047,0.30150
1568.11168,0.28144
1566.18288,0.26426
1564.25408,0.25016
1562.32529,0.24039
1560.39649,0.23271
1558.46769,0.21872
1556.53890,0.20269
1554.61010,0.19075
1552.68130,0.18101
1550.75251,0.17271
1548.82371,0.16529
1546.89491,0.15977
1544.96612,0.15650
1543.03732,0.15409
1541.10852,0.15033
1539.17973,0.14244
1537.25093,0.13485
1535.32213,0.13088
1533.39334,0.12760
1531.46454,0.12325
1529.53574,0.12010
1527.60695,0.11864
1525.67815,0.11742
1523.74935,0.11651
1521.82056,0.11549
1519.89176,0.11314
1517.96296,0.11047
1516.03417,0.10774
1514.10537,0.10521
1512.17657,0.10457
1510.24778,0.10670
1508.31898,0.11021
1506.39018,0.10988
1504.46139,0.10556
1502.53259,0.10385
1500.60379,0.10576
1498.67500,0.10969
1496.74620,0.11361
1494.81740,0.11689
1492.88861,0.12184
1490.95981,0.13010
1489.03101,0.13937
1487.10222,0.14705
1485.17342,0.15495
1483.24462,0.16510
1481.31583,0.17749
1479.38703,0.19111
1477.45823,0.20594
1475.52944,0.22214
1473.60064,0.23852
1471.67184,0.25219
1469.74305,0.26150
1467.81425,0.26967
1465.88545,0.27828
1463.95666,0.28448
1462.02786,0.28741
1460.09906,0.28960
1458.17027,0.28969
1456.24147,0.28183
1454.31267,0.26923
1452.38388,0.25716
1450.45508,0.24521
1448.52628,0.23206
1446.59749,0.21724
1444.66869,0.20261
1442.73989,0.18923
1440.81110,0.17762
1438.88230,0.16816
1436.95350,0.15803
1435.02471,0.14630
1433.09591,0.13650
1431.16711,0.12872
1429.23832,0.12123
1427.30952,0.11453
1425.38072,0.10934
1423.45193,0.10516
1421.52313,0.10222
1419.59433,0.09985
1417.66554,0.09571
1415.73674,0.09052
1413.80794,0.08647
1411.87915,0.08363
1409.95035,0.08127
1408.02155,0.07944
1406.09276,0.07812
1404.16396,0.07644
1402.23516,0.07478
1400.30637,0.07415
1398.37757,0.07395
1396.44877,0.07317
1394.51998,0.07128
1392.59118,0.06865
1390.66238,0.06701
1388.73359,0.06664
1386.80479,0.06575
1384.87599,0.06376
1382.94720,0.06212
1381.01840,0.06132
1379.08960,0.06090
1377.16081,0.06087
1375.23201,0.06101
1373.30321,0.06029
1371.37442,0.05887
1369.44562,0.05789
1367.51682,0.05743
1365.58803,0.05762
1363.65923,0.05840
1361.73043,0.05825
1359.80164,0.05687
1357.87284,0.05571
1355.94404,0.05519
1354.01525,0.05484
1352.08645,0.05451
1350.15765,0.05429
1348.22886,0.05409
1346.30006,0.05387
1344.37126,0.05389
1342.44247,0.05458
1340.51367,0.05560
1338.58487,0.05567
1336.65608,0.05463
1334.72728,0.05358
1332.79848,0.05299
1330.86969,0.05263
1328.94089,0.05233
1327.01209,0.05209
1325.08330,0.05188
1323.15450,0.05174
1321.22570,0.05178
1319.29691,0.05187
1317.36811,0.05173
1315.43931,0.05149
1313.51052,0.05130
1311.58172,0.05103
1309.65292,0.05077
1307.72413,0.05057
1305.79533,0.05038
1303.86653,0.05028
1301.93774,0.05029
1300.00894,0.05037
1298.08014,0.05049
1296.15135,0.05054
1294.22255,0.05044
1292.29375,0.05031
1290.36496,0.05027
1288.43616,0.05027
1286.50736,0.05015
1284.57857,0.04996
1282.64977,0.04985
1280.72097,0.04979
1278.79218,0.04967
1276.86338,0.04957
1274.93458,0.04963
1273.00579,0.04985
1271.07699,0.05004
1269.14820,0.05013
1267.21940,0.05029
1265.29060,0.05055
1263.36181,0.05081
1261.43301,0.05100
1259.50421,0.05108
1257.57542,0.05105
1255.64662,0.05101
1253.71782,0.05104
1251.78903,0.05119
1249.86023,0.05137
1247.93143,0.05149
1246.00264,0.05163
1244.07384,0.05185
1242.14504,0.05205
1240.21625,0.05216
1238.28745,0.05225
1236.35865,0.05236
1234.42986,0.05245
1232.50106,0.05259
1230.57226,0.05286
1228.64347,0.05318
1226.71467,0.05344
1224.78587,0.05366
1222.85708,0.05394
1220.92828,0.05438
1218.99948,0.05492
1217.07069,0.05547
1215.14189,0.05601
1213.21309,0.05659
1211.28430,0.05725
1209.35550,0.05799
1207.42670,0.05879
1205.49791,0.05968
1203.56911,0.06060
1201.64031,0.06158
1199.71152,0.06273
1197.78272,0.06407
1195.85392,0.06553
1193.92513,0.06710
1191.99633,0.06894
1190.06753,0.07111
1188.13874,0.07353
1186.20994,0.07612
1184.28114,0.07887
1182.35235,0.08195
1180.42355,0.08555
1178.49475,0.08972
1176.56596,0.09431
1174.63716,0.09915
1172.70836,0.10421
1170.77957,0.10944
1168.85077,0.11474
1166.92197,0.11994
1164.99318,0.12484
1163.06438,0.12917
1161.13558,0.13257
1159.20679,0.13475
1157.27799,0.13562
1155.34919,0.13511
1153.42040,0.13325
1151.49160,0.13030
1149.56280,0.12642
1147.63401,0.12181
1145.70521,0.11677
1143.77641,0.11157
1141.84762,0.10640
1139.91882,0.10140
1137.99002,0.09665
1136.06123,0.09223
1134.13243,0.08818
1132.20363,0.08458
1130.27484,0.08152
1128.34604,0.07888
1126.41724,0.07650
1124.48845,0.07438
1122.55965,0.07258
1120.63085,0.07112
1118.70206,0.06990
1116.77326,0.06877
1114.84446,0.06778
1112.91567,0.06697
1110.98687,0.06628
1109.05807,0.06567
1107.12928,0.06519
1105.20048,0.06485
1103.27168,0.06458
1101.34289,0.06435
1099.41409,0.06420
1097.48529,0.06413
1095.55650,0.06412
1093.62770,0.06415
1091.69890,0.06422
1089.77011,0.06443
1087.84131,0.06471
1085.91251,0.06491
1083.98372,0.06508
1082.05492,0.06539
1080.12612,0.06581
1078.19733,0.06629
1076.26853,0.06681
1074.33973,0.06735
1072.41094,0.06790
1070.48214,0.06836
1068.55334,0.06863
1066.62455,0.06878
1064.69575,0.06893
1062.76695,0.06898
1060.83816,0.06872
1058.90936,0.06830
1056.98056,0.06788
1055.05177,0.06740
1053.12297,0.06679
1051.19417,0.06610
1049.26538,0.06537
1047.33658,0.06462
1045.40778,0.06388
1043.47899,0.06312
1041.55019,0.06226
1039.62139,0.06136
1037.69260,0.06057
1035.76380,0.05988
1033.83500,0.05913
1031.90621,0.05837
1029.97741,0.05770
1028.04861,0.05707
1026.11982,0.05647
1024.19102,0.05603
1022.26222,0.05577
1020.33343,0.05548
1018.40463,0.05513
1016.47583,0.05486
1014.54704,0.05473
1012.61824,0.05464
1010.68944,0.05445
1008.76065,0.05405
1006.83185,0.05349
1004.90305,0.05283
1002.97426,0.05208
1001.04546,0.05135
999.11666,0.05073
997.18787,0.05023
995.25907,0.04972
993.33027,0.04917
991.40148,0.04867
989.47268,0.04823
987.54388,0.04775
985.61509,0.04723
983.68629,0.04677
981.75749,0.04636
979.82870,0.04591
977.89990,0.04536
975.97110,0.04482
974.04231,0.04436
972.11351,0.04390
970.18471,0.04342
968.25592,0.04309
966.32712,0.04297
964.39832,0.04290
962.46953,0.04271
960.54073,0.04238
958.61193,0.04191
956.68314,0.04138
954.75434,0.04090
952.82554,0.04064
950.89675,0.04048
948.96795,0.04014
947.03915,0.03960
945.11036,0.03907
943.18156,0.03854
941.25276,0.03794
939.32397,0.03732
937.39517,0.03674
935.46637,0.03621
933.53758,0.03568
931.60878,0.03513
929.67998,0.03461
927.75119,0.03421
925.82239,0.03389
923.89359,0.03344
921.96480,0.03277
920.03600,0.03210
918.10720,0.03160
916.17841,0.03121
914.24961,0.03083
912.32081,0.03049
910.39202,0.03021
908.46322,0.02987
906.53443,0.02935
904.60563,0.02884
902.67683,0.02851
900.74804,0.02827
898.81924,0.02793
896.89044,0.02742
894.96165,0.02682
893.03285,0.02618
891.10405,0.02553
889.17526,0.02487
887.24646,0.02420
885.31766,0.02348
883.38887,0.02279
881.46007,0.02219
879.53127,0.02166
877.60248,0.02116
875.67368,0.02075
873.74488,0.02036
871.81609,0.02000
869.88729,0.01965
867.95849,0.01926
866.02970,0.01893
864.10090,0.01875
862.17210,0.01858
860.24331,0.01832
858.31451,0.01806
856.38571,0.01780
854.45692,0.01756
852.52812,0.01739
850.59932,0.01720
848.67053,0.01691
846.74173,0.01663
844.81293,0.01634
842.88414,0.01591
840.95534,0.01544
839.02654,0.01514
837.09775,0.01497
835.16895,0.01483
833.24015,0.01472
831.31136,0.01464
829.38256,0.01446
827.45376,0.01420
825.52497,0.01406
823.59617,0.01426
821.66737,0.01467
819.73858,0.01497
817.80978,0.01510
815.88098,0.01528
813.95219,0.01559
812.02339,0.01592
810.09459,0.01628
808.16580,0.01676
806.23700,0.01731
804.30820,0.01800
802.37941,0.01888
800.45061,0.01969
798.52181,0.02044
796.59302,0.02139
794.66422,0.02251
792.73542,0.02349
790.80663,0.02428
788.87783,0.02503
786.94903,0.02575
785.02024,0.02623
783.09144,0.02614
781.16264,0.02541
779.23385,0.02423
777.30505,0.02283
775.37625,0.02148
773.44746,0.02051
771.51866,0.01989
769.58986,0.01931
767.66107,0.01874
765.73227,0.01839
763.80347,0.01816
761.87468,0.01792
759.94588,0.01778
758.01708,0.01782
756.08829,0.01793
754.15949,0.01796
752.23069,0.01811
750.30190,0.01841
748.37310,0.01845
