3496.90832,0.06136
3494.97953,0.05949
3493.05073,0.06016
3491.12193,0.06263
3489.19314,0.06122
3487.26434,0.05780
3485.33554,0.05374
3483.40675,0.05201
3481.47795,0.05712
3479.54915,0.06344
3477.62036,0.06441
3475.69156,0.06225
3473.76276,0.05846
3471.83397,0.05337
3469.90517,0.05238
3467.97637,0.05726
3466.04758,0.06342
3464.11878,0.06807
3462.18998,0.06898
3460.26119,0.06588
3458.33239,0.06112
3456.40359,0.05699
3454.47480,0.05794
3452.54600,0.06215
3450.61721,0.06277
3448.68841,0.06139
3446.75961,0.06194
3444.83082,0.06243
3442.90202,0.06085
3440.97322,0.05800
3439.04443,0.05267
3437.11563,0.04464
3435.18683,0.03749
3433.25804,0.03273
3431.32924,0.03125
3429.40044,0.03478
3427.47165,0.04104
3425.54285,0.04826
3423.61405,0.05462
3421.68526,0.05448
3419.75646,0.05024
3417.82766,0.05088
3415.89887,0.05353
3413.97007,0.04903
3412.04127,0.03910
3410.11248,0.03327
3408.18368,0.03476
3406.25488,0.03901
3404.32609,0.04036
3402.39729,0.03791
3400.46849,0.03716
3398.53970,0.03800
3396.61090,0.03163
3394.68210,0.02265
3392.75331,0.02592
3390.82451,0.03547
3388.89571,0.03827
3386.96692,0.03765
3385.03812,0.03773
3383.10932,0.03781
3381.18053,0.03974
3379.25173,0.04521
3377.32293,0.05118
3375.39414,0.05213
3373.46534,0.05180
3371.53654,0.05355
3369.60775,0.05197
3367.67895,0.04937
3365.75015,0.04920
3363.82136,0.04796
3361.89256,0.04718
3359.96376,0.04952
3358.03497,0.05267
3356.10617,0.05762
3354.17737,0.06422
3352.24858,0.06637
3350.31978,0.06489
3348.39098,0.06437
3346.46219,0.06269
3344.53339,0.05807
3342.60459,0.05406
3340.67580,0.05012
3338.74700,0.04089
3336.81820,0.03048
3334.88941,0.02903
3332.96061,0.03711
3331.03181,0.04780
3329.10302,0.05429
3327.17422,0.05236
3325.24542,0.04387
3323.31663,0.03434
3321.38783,0.02987
3319.45903,0.03196
3317.53024,0.03413
3315.60144,0.03180
3313.67264,0.02930
3311.74385,0.02850
3309.81505,0.02829
3307.88625,0.03329
3305.95746,0.04009
3304.02866,0.03986
3302.09986,0.03673
3300.17107,0.03500
3298.24227,0.03260
3296.31347,0.03178
3294.38468,0.03295
3292.45588,0.03399
3290.52708,0.03512
3288.59829,0.03595
3286.66949,0.03571
3284.74069,0.03645
3282.81190,0.03893
3280.88310,0.03876
3278.95430,0.03732
3277.02551,0.03805
3275.09671,0.03658
3273.16791,0.03429
3271.23912,0.03609
3269.31032,0.03756
3267.38152,0.03489
3265.45273,0.03050
3263.52393,0.02448
3261.59513,0.01940
3259.66634,0.02186
3257.73754,0.02923
3255.80874,0.03396
3253.87995,0.03726
3251.95115,0.04061
3250.02235,0.04001
3248.09356,0.03525
3246.16476,0.03130
3244.23596,0.02988
3242.30717,0.02539
3240.37837,0.01894
3238.44957,0.02076
3236.52078,0.02869
3234.59198,0.03421
3232.66318,0.03902
3230.73439,0.04435
3228.80559,0.04461
3226.87679,0.03836
3224.94800,0.03247
3223.01920,0.03358
3221.09040,0.03986
3219.16161,0.04489
3217.23281,0.04726
3215.30401,0.05082
3213.37522,0.05351
3211.44642,0.05179
3209.51762,0.04980
3207.58883,0.04838
3205.66003,0.04535
3203.73123,0.04340
3201.80244,0.04421
3199.87364,0.04644
3197.94484,0.04777
3196.01605,0.04698
3194.08725,0.04547
3192.15845,0.04409
3190.22966,0.04504
3188.30086,0.04759
3186.37206,0.04477
3184.44327,0.03882
3182.51447,0.03831
3180.58567,0.04212
3178.65688,0.04444
3176.72808,0.04216
3174.79928,0.03688
3172.87049,0.03295
3170.94169,0.03125
3169.01289,0.03003
3167.08410,0.02983
3165.15530,0.03248
3163.22650,0.03516
3161.29771,0.03532
3159.36891,0.03525
3157.44011,0.03533
3155.51132,0.03463
3153.58252,0.03405
3151.65372,0.03338
3149.72493,0.03143
3147.79613,0.02999
3145.86733,0.03126
3143.93854,0.03311
3142.00974,0.03362
3140.08094,0.03331
3138.15215,0.03226
3136.22335,0.03133
3134.29455,0.03173
3132.36576,0.03234
3130.43696,0.03178
3128.50816,0.03027
3126.57937,0.02920
3124.65057,0.03051
3122.72177,0.03374
3120.79298,0.03607
3118.86418,0.03622
3116.93538,0.03497
3115.00659,0.03364
3113.07779,0.03223
3111.14899,0.03011
3109.22020,0.02834
3107.29140,0.02839
3105.36260,0.02960
3103.43381,0.03035
3101.50501,0.03070
3099.57621,0.03065
3097.64742,0.02953
3095.71862,0.02905
3093.78982,0.03021
3091.86103,0.03056
3089.93223,0.02935
3088.00344,0.02830
3086.07464,0.02797
3084.14584,0.02858
3082.21705,0.02983
3080.28825,0.03043
3078.35945,0.03013
3076.43066,0.02936
3074.50186,0.02855
3072.57306,0.02825
3070.64427,0.02857
3068.71547,0.02884
3066.78667,0.02858
3064.85788,0.02845
3062.92908,0.02882
3061.00028,0.02916
3059.07149,0.02923
3057.14269,0.02926
3055.21389,0.02975
3053.28510,0.03056
3051.35630,0.03105
3049.42750,0.03059
3047.49871,0.02903
3045.56991,0.02770
3043.64111,0.02785
3041.71232,0.02904
3039.78352,0.03008
3037.85472,0.03060
3035.92593,0.03087
3033.99713,0.03098
3032.06833,0.03150
3030.13954,0.03246
3028.21074,0.03294
3026.28194,0.03268
3024.35315,0.03216
3022.42435,0.03200
3020.49555,0.03223
3018.56676,0.03241
3016.63796,0.03262
3014.70916,0.03292
3012.78037,0.03325
3010.85157,0.03378
3008.92277,0.03432
3006.99398,0.03428
3005.06518,0.03383
3003.13638,0.03335
3001.20759,0.03249
2999.27879,0.03164
2997.34999,0.03177
2995.42120,0.03297
2993.49240,0.03421
2991.56360,0.03450
2989.63481,0.03438
2987.70601,0.03457
2985.77721,0.03459
2983.84842,0.03443
2981.91962,0.03460
2979.99082,0.03475
2978.06203,0.03459
2976.13323,0.03454
2974.20443,0.03472
2972.27564,0.03509
2970.34684,0.03568
2968.41804,0.03615
2966.48925,0.03637
2964.56045,0.03649
2962.63165,0.03674
2960.70286,0.03730
2958.77406,0.03775
2956.84526,0.03789
2954.91647,0.03804
2952.98767,0.03820
2951.05887,0.03828
2949.13008,0.03840
2947.20128,0.03838
2945.27248,0.03818
2943.34369,0.03820
2941.41489,0.03851
2939.48609,0.03871
2937.55730,0.03870
2935.62850,0.03877
2933.69970,0.03906
2931.77091,0.03937
2929.84211,0.03963
2927.91331,0.04013
2925.98452,0.04072
2924.05572,0.04104
2922.12692,0.04124
2920.19813,0.04148
2918.26933,0.04158
2916.34053,0.04154
2914.41174,0.04124
2912.48294,0.04061
2910.55414,0.04009
2908.62535,0.03969
2906.69655,0.03910
2904.76775,0.03850
2902.83896,0.03814
2900.91016,0.03812
2898.98136,0.03855
2897.05257,0.03901
2895.12377,0.03895
2893.19497,0.03867
2891.26618,0.03877
2889.33738,0.03904
2887.40858,0.03892
2885.47979,0.03854
2883.55099,0.03845
2881.62219,0.03865
2879.69340,0.03874
2877.76460,0.03867
2875.83580,0.03866
2873.90701,0.03876
2871.97821,0.03903
2870.04941,0.03938
2868.12062,0.03949
2866.19182,0.03948
2864.26302,0.03972
2862.33423,0.04020
2860.40543,0.04064
2858.47663,0.04103
2856.54784,0.04127
2854.61904,0.04141
2852.69024,0.04156
2850.76145,0.04164
2848.83265,0.04159
2846.90385,0.04137
2844.97506,0.04118
2843.04626,0.04114
2841.11746,0.04104
2839.18867,0.04081
2837.25987,0.04063
2835.33107,0.04054
2833.40228,0.04045
2831.47348,0.04048
2829.54468,0.04066
2827.61589,0.04075
2825.68709,0.04080
2823.75829,0.04107
2821.82950,0.04139
2819.90070,0.04130
2817.97190,0.04095
2816.04311,0.04082
2814.11431,0.04104
2812.18551,0.04124
2810.25672,0.04118
2808.32792,0.04093
2806.39912,0.04066
2804.47033,0.04053
2802.54153,0.04056
2800.61273,0.04062
2798.68394,0.04054
2796.75514,0.04018
2794.82634,0.03963
2792.89755,0.03920
2790.96875,0.03911
2789.03995,0.03931
2787.11116,0.03949
2785.18236,0.03942
2783.25356,0.03921
2781.32477,0.03895
2779.39597,0.03866
2777.46717,0.03841
2775.53838,0.03830
2773.60958,0.03825
2771.68078,0.03824
2769.75199,0.03827
2767.82319,0.03839
2765.89439,0.03851
2763.96560,0.03837
2762.03680,0.03799
2760.10800,0.03773
2758.17921,0.03766
2756.25041,0.03753
2754.32161,0.03721
2752.39282,0.03681
2750.46402,0.03655
2748.53522,0.03658
2746.60643,0.03676
2744.67763,0.03686
2742.74883,0.03693
2740.82004,0.03702
2738.89124,0.03700
2736.96244,0.03704
2735.03365,0.03734
2733.10485,0.03758
2731.17605,0.03751
2729.24726,0.03736
2727.31846,0.03733
2725.38967,0.03736
2723.46087,0.03729
2721.53207,0.03726
2719.60328,0.03741
2717.67448,0.03751
2715.74568,0.03736
2713.81689,0.03716
2711.88809,0.03712
2709.95929,0.03710
2708.03050,0.03691
2706.10170,0.03669
2704.17290,0.03664
2702.24411,0.03669
2700.31531,0.03667
2698.38651,0.03656
2696.45772,0.03645
2694.52892,0.03645
2692.60012,0.03656
2690.67133,0.03665
2688.74253,0.03674
2686.81373,0.03689
2684.88494,0.03702
2682.95614,0.03704
2681.02734,0.03698
2679.09855,0.03698
2677.16975,0.03700
2675.24095,0.03695
2673.31216,0.03686
2671.38336,0.03669
2669.45456,0.03655
2667.52577,0.03661
2665.59697,0.03672
2663.66817,0.03661
2661.73938,0.03633
2659.81058,0.03614
2657.88178,0.03620
2655.95299,0.03630
2654.02419,0.03623
2652.09539,0.03614
2650.16660,0.03621
2648.23780,0.03631
2646.30900,0.03639
2644.38021,0.03655
2642.45141,0.03678
2640.52261,0.03695
2638.59382,0.03699
2636.66502,0.03697
2634.73622,0.03702
2632.80743,0.03712
2630.87863,0.03722
2628.94983,0.03732
2627.02104,0.03743
2625.09224,0.03741
2623.16344,0.03733
2621.23465,0.03750
2619.30585,0.03778
2617.37705,0.03773
2615.44826,0.03738
2613.51946,0.03722
2611.59066,0.03738
2609.66187,0.03748
2607.73307,0.03732
2605.80427,0.03718
2603.87548,0.03728
2601.94668,0.03749
2600.01788,0.03769
2598.08909,0.03799
2596.16029,0.03822
2594.23149,0.03804
2592.30270,0.03778
2590.37390,0.03799
2588.44510,0.03826
2586.51631,0.03790
2584.58751,0.03724
2582.65871,0.03682
2580.72992,0.03662
2578.80112,0.03674
2576.87232,0.03744
2574.94353,0.03811
2573.01473,0.03811
2571.08593,0.03801
2569.15714,0.03816
2567.22834,0.03798
2565.29954,0.03755
2563.37075,0.03727
2561.44195,0.03716
2559.51315,0.03722
2557.58436,0.03713
2555.65556,0.03678
2553.72676,0.03647
2551.79797,0.03633
2549.86917,0.03645
2547.94037,0.03674
2546.01158,0.03689
2544.08278,0.03696
2542.15398,0.03710
2540.22519,0.03715
2538.29639,0.03699
2536.36759,0.03679
2534.43880,0.03677
2532.51000,0.03687
2530.58120,0.03679
2528.65241,0.03643
2526.72361,0.03608
2524.79481,0.03603
2522.86602,0.03629
2520.93722,0.03663
2519.00842,0.03669
2517.07963,0.03640
2515.15083,0.03619
2513.22203,0.03624
2511.29324,0.03615
2509.36444,0.03568
2507.43564,0.03523
2505.50685,0.03507
2503.57805,0.03499
2501.64925,0.03498
2499.72046,0.03521
2497.79166,0.03544
2495.86286,0.03543
2493.93407,0.03550
2492.00527,0.03567
2490.07647,0.03558
2488.14768,0.03545
2486.21888,0.03561
2484.29008,0.03583
2482.36129,0.03597
2480.43249,0.03622
2478.50369,0.03656
2476.57490,0.03673
2474.64610,0.03642
2472.71730,0.03563
2470.78851,0.03496
2468.85971,0.03485
2466.93091,0.03495
2465.00212,0.03502
2463.07332,0.03511
2461.14452,0.03497
2459.21573,0.03460
2457.28693,0.03427
2455.35813,0.03411
2453.42934,0.03423
2451.50054,0.03451
2449.57174,0.03453
2447.64295,0.03419
2445.71415,0.03383
2443.78535,0.03370
2441.85656,0.03364
2439.92776,0.03369
2437.99896,0.03400
2436.07017,0.03418
2434.14137,0.03401
2432.21257,0.03373
2430.28378,0.03360
2428.35498,0.03375
2426.42618,0.03402
2424.49739,0.03409
2422.56859,0.03392
2420.63979,0.03360
2418.71100,0.03318
2416.78220,0.03272
2414.85340,0.03234
2412.92461,0.03199
2410.99581,0.03168
2409.06701,0.03166
2407.13822,0.03180
2405.20942,0.03169
2403.28062,0.03149
2401.35183,0.03129
2399.42303,0.03078
2397.49423,0.03020
2395.56544,0.03011
2393.63664,0.03041
2391.70784,0.03066
2389.77905,0.03122
2387.85025,0.03301
2385.92145,0.03697
2383.99266,0.04367
2382.06386,0.05318
2380.13506,0.06507
2378.20627,0.07833
2376.27747,0.09184
2374.34867,0.10565
2372.41988,0.12032
2370.49108,0.13524
2368.56228,0.14904
2366.63349,0.16081
2364.70469,0.17002
2362.77589,0.17611
2360.84710,0.17862
2358.91830,0.17671
2356.98951,0.16937
2355.06071,0.15639
2353.13191,0.13854
2351.20312,0.12039
2349.27432,0.11089
2347.34552,0.11525
2345.41673,0.12849
2343.48793,0.13792
2341.55913,0.13930
2339.63034,0.13731
2337.70154,0.13438
2335.77274,0.13166
2333.84395,0.13086
2331.91515,0.13134
2329.98635,0.12956
2328.05756,0.12490
2326.12876,0.12055
2324.19996,0.11767
2322.27117,0.11394
2320.34237,0.10727
2318.41357,0.09858
2316.48478,0.09069
2314.55598,0.08540
2312.62718,0.08180
2310.69839,0.07766
2308.76959,0.07221
2306.84079,0.06617
2304.91200,0.06054
2302.98320,0.05607
2301.05440,0.05243
2299.12561,0.04901
2297.19681,0.04627
2295.26801,0.04439
2293.33922,0.04248
2291.41042,0.04026
2289.48162,0.03846
2287.55283,0.03731
2285.62403,0.03640
2283.69523,0.03579
2281.76644,0.03568
2279.83764,0.03605
2277.90884,0.03662
2275.98005,0.03718
2274.05125,0.03759
2272.12245,0.03773
2270.19366,0.03798
2268.26486,0.03874
2266.33606,0.03961
2264.40727,0.03978
2262.47847,0.03939
2260.54967,0.03952
2258.62088,0.04020
2256.69208,0.04026
2254.76328,0.03933
2252.83449,0.03835
2250.90569,0.03825
2248.97689,0.03853
2247.04810,0.03831
2245.11930,0.03824
2243.19050,0.03900
2241.26171,0.03982
2239.33291,0.04035
2237.40411,0.04094
2235.47532,0.04149
2233.54652,0.04144
2231.61772,0.04060
2229.68893,0.04036
2227.76013,0.04115
2225.83133,0.04156
2223.90254,0.04169
2221.97374,0.04233
2220.04494,0.04310
2218.11615,0.04377
2216.18735,0.04466
2214.25855,0.04519
2212.32976,0.04460
2210.40096,0.04448
2208.47216,0.04584
2206.54337,0.04628
2204.61457,0.04526
2202.68577,0.04502
2200.75698,0.04583
2198.82818,0.04663
2196.89938,0.04697
2194.97059,0.04687
2193.04179,0.04704
2191.11299,0.04794
2189.18420,0.04911
2187.25540,0.05005
2185.32660,0.05085
2183.39781,0.05113
2181.46901,0.05112
2179.54021,0.05205
2177.61142,0.05311
2175.68262,0.05309
2173.75382,0.05249
2171.82503,0.05203
2169.89623,0.05203
2167.96743,0.05249
2166.03864,0.05391
2164.10984,0.05728
2162.18104,0.06173
2160.25225,0.06416
2158.32345,0.06306
2156.39465,0.06003
2154.46586,0.05589
2152.53706,0.05128
2150.60826,0.04791
2148.67947,0.04625
2146.75067,0.04471
2144.82187,0.04263
2142.89308,0.04048
2140.96428,0.03792
2139.03548,0.03596
2137.10669,0.03579
2135.17789,0.03605
2133.24909,0.03504
2131.32030,0.03313
2129.39150,0.03156
2127.46270,0.03058
2125.53391,0.02974
2123.60511,0.02875
2121.67631,0.02778
2119.74752,0.02708
2117.81872,0.02670
2115.88992,0.02665
2113.96113,0.02683
2112.03233,0.02709
2110.10353,0.02746
2108.17474,0.02780
2106.24594,0.02773
2104.31714,0.02772
2102.38835,0.02809
2100.45955,0.02817
2098.53075,0.02770
2096.60196,0.02720
2094.67316,0.02693
2092.74436,0.02666
2090.81557,0.02651
2088.88677,0.02702
2086.95797,0.02794
2085.02918,0.02845
2083.10038,0.02874
2081.17158,0.02923
2079.24279,0.02931
2077.31399,0.02879
2075.38519,0.02830
2073.45640,0.02838
2071.52760,0.02928
2069.59880,0.03025
2067.67001,0.03074
2065.74121,0.03094
2063.81241,0.03058
2061.88362,0.02976
2059.95482,0.02955
2058.02602,0.03012
2056.09723,0.03023
2054.16843,0.02989
2052.23963,0.03012
2050.31084,0.03139
2048.38204,0.03386
2046.45324,0.03667
2044.52445,0.03858
2042.59565,0.03925
2040.66685,0.03925
2038.73806,0.03865
2036.80926,0.03749
2034.88046,0.03787
2032.95167,0.04005
2031.02287,0.04083
2029.09407,0.03961
2027.16528,0.03909
2025.23648,0.03994
2023.30768,0.04022
2021.37889,0.03850
2019.45009,0.03662
2017.52129,0.03754
2015.59250,0.03994
2013.66370,0.04090
2011.73490,0.03995
2009.80611,0.03814
2007.87731,0.03642
2005.94851,0.03413
2004.01972,0.03195
2002.09092,0.03226
2000.16212,0.03368
1998.23333,0.03291
1996.30453,0.03065
1994.37574,0.02977
1992.44694,0.03046
1990.51814,0.03138
1988.58935,0.03247
1986.66055,0.03369
1984.73175,0.03439
1982.80296,0.03477
1980.87416,0.03518
1978.94536,0.03490
1977.01657,0.03395
1975.08777,0.03367
1973.15897,0.03371
1971.23018,0.03306
1969.30138,0.03258
1967.37258,0.03257
1965.44379,0.03209
1963.51499,0.03076
1961.58619,0.02893
1959.65740,0.02747
1957.72860,0.02660
1955.79980,0.02609
1953.87101,0.02603
1951.94221,0.02604
1950.01341,0.02557
1948.08462,0.02472
1946.15582,0.02445
1944.22702,0.02527
1942.29823,0.02566
1940.36943,0.02461
1938.44063,0.02323
1936.51184,0.02257
1934.58304,0.02263
1932.65424,0.02257
1930.72545,0.02205
1928.79665,0.02162
1926.86785,0.02161
1924.93906,0.02193
1923.01026,0.02225
1921.08146,0.02256
1919.15267,0.02287
1917.22387,0.02243
1915.29507,0.02134
1913.36628,0.02077
1911.43748,0.02082
1909.50868,0.02075
1907.57989,0.02021
1905.65109,0.01950
1903.72229,0.01906
1901.79350,0.01898
1899.86470,0.01913
1897.93590,0.01949
1896.00711,0.01996
1894.07831,0.02028
1892.14951,0.02068
1890.22072,0.02133
1888.29192,0.02155
1886.36312,0.02118
1884.43433,0.02072
1882.50553,0.02042
1880.57673,0.02031
1878.64794,0.02021
1876.71914,0.02001
1874.79034,0.01976
1872.86155,0.01995
1870.93275,0.02089
1869.00395,0.02153
1867.07516,0.02074
1865.14636,0.01947
1863.21756,0.01871
1861.28877,0.01837
1859.35997,0.01826
1857.43117,0.01829
1855.50238,0.01835
1853.57358,0.01843
1851.64478,0.01859
1849.71599,0.01907
1847.78719,0.02003
1845.85839,0.02130
1843.92960,0.02167
1842.00080,0.02071
1840.07200,0.01998
1838.14321,0.01998
1836.21441,0.01997
1834.28561,0.01998
1832.35682,0.02079
1830.42802,0.02177
1828.49922,0.02175
1826.57043,0.02129
1824.64163,0.02060
1822.71283,0.01943
1820.78404,0.01861
1818.85524,0.01848
1816.92644,0.01838
1814.99765,0.01822
1813.06885,0.01843
1811.14005,0.01871
1809.21126,0.01847
1807.28246,0.01801
1805.35366,0.01809
1803.42487,0.01895
1801.49607,0.01989
1799.56727,0.02002
1797.63848,0.01976
1795.70968,0.02035
1793.78088,0.02184
1791.85209,0.02238
1789.92329,0.02108
1787.99449,0.01999
1786.06570,0.02005
1784.13690,0.02035
1782.20810,0.02050
1780.27931,0.02042
1778.35051,0.02007
1776.42171,0.02028
1774.49292,0.02152
1772.56412,0.02258
1770.63532,0.02208
1768.70653,0.02068
1766.77773,0.01919
1764.84893,0.01857
1762.92014,0.01902
1760.99134,0.01923
1759.06254,0.01903
1757.13375,0.01895
1755.20495,0.01894
1753.27615,0.01989
1751.34736,0.02187
1749.41856,0.02275
1747.48976,0.02205
1745.56097,0.02135
1743.63217,0.02128
1741.70337,0.02157
1739.77458,0.02161
1737.84578,0.02179
1735.91698,0.02326
1733.98819,0.02468
1732.05939,0.02345
1730.13059,0.02129
1728.20180,0.01971
1726.27300,0.01891
1724.34420,0.01891
1722.41541,0.01946
1720.48661,0.02139
1718.55781,0.02466
1716.62902,0.02628
1714.70022,0.02510
1712.77142,0.02370
1710.84263,0.02383
1708.91383,0.02586
1706.98503,0.02952
1705.05624,0.03367
1703.12744,0.03822
1701.19864,0.04478
1699.26985,0.05184
1697.34105,0.05764
1695.41225,0.06391
1693.48346,0.07050
1691.55466,0.07863
1689.62586,0.08979
1687.69707,0.10254
1685.76827,0.11797
1683.83947,0.13631
1681.91068,0.15005
1679.98188,0.16070
1678.05308,0.17296
1676.12429,0.18755
1674.19549,0.20221
1672.26669,0.21451
1670.33790,0.22601
1668.40910,0.23561
1666.48030,0.24162
1664.55151,0.24704
1662.62271,0.25222
1660.69391,0.25501
1658.76512,0.25646
1656.83632,0.25906
1654.90752,0.26371
1652.97873,0.26674
1651.04993,0.26563
1649.12113,0.26675
1647.19234,0.27166
1645.26354,0.27724
1643.33474,0.28320
1641.40595,0.29245
1639.47715,0.30555
1637.54835,0.32281
1635.61956,0.34412
1633.69076,0.36292
1631.76197,0.37804
1629.83317,0.39403
1627.90437,0.41013
1625.97558,0.42308
1624.04678,0.43216
1622.11798,0.43677
1620.18919,0.43796
1618.26039,0.43788
1616.33159,0.43530
1614.40280,0.43097
1612.47400,0.42868
1610.54520,0.42954
1608.61641,0.43324
1606.68761,0.43929
1604.75881,0.44754
1602.83002,0.45750
1600.90122,0.46790
1598.97242,0.47736
1597.04363,0.48482
1595.11483,0.48921
1593.18603,0.48938
1591.25724,0.48507
1589.32844,0.47626
1587.39964,0.46330
1585.47085,0.44699
1583.54205,0.42809
1581.61325,0.40788
1579.68446,0.38855
1577.75566,0.36854
1575.82686,0.34374
1573.89807,0.32047
1571.96927,0.30245
1570.04047,0.28396
1568.11168,0.26464
1566.18288,0.24808
1564.25408,0.23450
1562.32529,0.22515
1560.39649,0.21795
1558.46769,0.20484
1556.53890,0.18968
1554.61010,0.17839
1552.68130,0.16920
1550.75251,0.16141
1548.82371,0.15460
1546.89491,0.14964
1544.96612,0.14682
1543.03732,0.14493
1541.10852,0.14182
1539.17973,0.13458
1537.25093,0.12734
1535.32213,0.12355
1533.39334,0.12049
1531.46454,0.11637
1529.53574,0.11329
1527.60695,0.11174
1525.67815,0.11042
1523.74935,0.10942
1521.82056,0.10824
1519.89176,0.10570
1517.96296,0.10287
1516.03417,0.10006
1514.10537,0.09751
1512.17657,0.09678
1510.24778,0.09868
1508.31898,0.10214
1506.39018,0.10222
1504.46139,0.09832
1502.53259,0.09670
1500.60379,0.09863
1498.67500,0.10271
1496.74620,0.10685
1494.81740,0.11028
1492.88861,0.11517
1490.95981,0.12327
1489.03101,0.13245
1487.10222,0.14011
1485.17342,0.14790
1483.24462,0.15776
1481.31583,0.16968
1479.38703,0.18270
1477.45823,0.19681
1475.52944,0.21217
1473.60064,0.22766
1471.67184,0.24047
1469.74305,0.24905
1467.81425,0.25650
1465.88545,0.26433
1463.95666,0.26979
1462.02786,0.27209
1460.09906,0.27369
1458.17027,0.27327
1456.24147,0.26527
1454.31267,0.25289
1452.38388,0.24122
1450.45508,0.22977
1448.52628,0.21726
1446.59749,0.20327
1444.66869,0.18953
1442.73989,0.17697
1440.81110,0.16608
1438.88230,0.15720
1436.95350,0.14770
1435.02471,0.13669
1433.09591,0.12745
1431.16711,0.12005
1429.23832,0.11288
1427.30952,0.10642
1425.38072,0.10134
1423.45193,0.09724
1421.52313,0.09434
1419.59433,0.09195
1417.66554,0.08782
1415.73674,0.08280
1413.80794,0.07893
1411.87915,0.07623
1409.95035,0.07404
1408.02155,0.07240
1406.09276,0.07126
1404.16396,0.06979
1402.23516,0.06834
1400.30637,0.06788
1398.37757,0.06783
1396.44877,0.06726
1394.51998,0.06571
1392.59118,0.06345
1390.66238,0.06202
1388.73359,0.06174
1386.80479,0.06099
1384.87599,0.05920
1382.94720,0.05765
1381.01840,0.05682
1379.08960,0.05630
1377.16081,0.05607
1375.23201,0.05597
1373.30321,0.05505
1371.37442,0.05352
1369.44562,0.05243
1367.51682,0.05187
1365.58803,0.05194
1363.65923,0.05254
1361.73043,0.05235
1359.80164,0.05111
1357.87284,0.05011
1355.94404,0.04973
1354.01525,0.04953
1352.08645,0.04937
1350.15765,0.04932
1348.22886,0.04930
1346.30006,0.04925
1344.37126,0.04940
1342.44247,0.05011
1340.51367,0.05109
1338.58487,0.05123
1336.65608,0.05036
1334.72728,0.04943
1332.79848,0.04883
1330.86969,0.04834
1328.94089,0.04786
1327.01209,0.04743
1325.08330,0.04704
1323.15450,0.04670
1321.22570,0.04653
1319.29691,0.04642
1317.36811,0.04617
1315.43931,0.04587
1313.51052,0.04568
1311.58172,0.04549
1309.65292,0.04535
1307.72413,0.04526
1305.79533,0.04522
1303.86653,0.04530
1301.93774,0.04549
1300.00894,0.04573
1298.08014,0.04600
1296.15135,0.04621
1294.22255,0.04627
1292.29375,0.04626
1290.36496,0.04630
1288.43616,0.04633
1286.50736,0.04622
1284.57857,0.04602
1282.64977,0.04585
1280.72097,0.04566
1278.79218,0.04538
1276.86338,0.04508
1274.93458,0.04491
1273.00579,0.04489
1271.07699,0.04488
1269.14820,0.04483
1267.21940,0.04489
1265.29060,0.04508
1263.36181,0.04532
1261.43301,0.04552
1259.50421,0.04569
1257.57542,0.04579
1255.64662,0.04589
1253.71782,0.04610
1251.78903,0.04643
1249.86023,0.04679
1247.93143,0.04709
1246.00264,0.04740
1244.07384,0.04776
1242.14504,0.04809
1240.21625,0.04829
1238.28745,0.04839
1236.35865,0.04845
1234.42986,0.04844
1232.50106,0.04846
1230.57226,0.04857
1228.64347,0.04867
1226.71467,0.04870
1224.78587,0.04874
1222.85708,0.04885
1220.92828,0.04909
1218.99948,0.04945
1217.07069,0.04989
1215.14189,0.05037
1213.21309,0.05093
1211.28430,0.05164
1209.35550,0.05247
1207.42670,0.05335
1205.49791,0.05432
1203.56911,0.05539
1201.64031,0.05655
1199.71152,0.05786
1197.78272,0.05933
1195.85392,0.06090
1193.92513,0.06256
1191.99633,0.06441
1190.06753,0.06654
1188.13874,0.06888
1186.20994,0.07133
1184.28114,0.07386
1182.35235,0.07666
1180.42355,0.07988
1178.49475,0.08358
1176.56596,0.08767
1174.63716,0.09206
1172.70836,0.09671
1170.77957,0.10160
1168.85077,0.10662
1166.92197,0.11158
1164.99318,0.11628
1163.06438,0.12047
1161.13558,0.12380
1159.20679,0.12599
1157.27799,0.12694
1155.34919,0.12661
1153.42040,0.12501
1151.49160,0.12237
1149.56280,0.11886
1147.63401,0.11463
1145.70521,0.10995
1143.77641,0.10508
1141.84762,0.10021
1139.91882,0.09547
1137.99002,0.09089
1136.06123,0.08655
1134.13243,0.08251
1132.20363,0.07886
1130.27484,0.07570
1128.34604,0.07294
1126.41724,0.07045
1124.48845,0.06825
1122.55965,0.06639
1120.63085,0.06485
1118.70206,0.06360
1116.77326,0.06250
1114.84446,0.06160
1112.91567,0.06093
1110.98687,0.06039
1109.05807,0.05996
1107.12928,0.05968
1105.20048,0.05957
1103.27168,0.05953
1101.34289,0.05949
1099.41409,0.05950
1097.48529,0.05957
1095.55650,0.05969
1093.62770,0.05984
1091.69890,0.06002
1089.77011,0.06027
1087.84131,0.06052
1085.91251,0.06065
1083.98372,0.06070
1082.05492,0.06081
1080.12612,0.06097
1078.19733,0.06117
1076.26853,0.06145
1074.33973,0.06180
1072.41094,0.06218
1070.48214,0.06252
1068.55334,0.06276
1066.62455,0.06294
1064.69575,0.06315
1062.76695,0.06328
1060.83816,0.06316
1058.90936,0.06287
1056.98056,0.06261
1055.05177,0.06231
1053.12297,0.06187
1051.19417,0.06135
1049.26538,0.06081
1047.33658,0.06024
1045.40778,0.05966
1043.47899,0.05900
1041.55019,0.05818
1039.62139,0.05725
1037.69260,0.05639
1035.76380,0.05557
1033.83500,0.05465
1031.90621,0.05368
1029.97741,0.05279
1028.04861,0.05196
1026.11982,0.05118
1024.19102,0.05059
1022.26222,0.05018
1020.33343,0.04979
1018.40463,0.04940
1016.47583,0.04916
1014.54704,0.04910
1012.61824,0.04911
1010.68944,0.04904
1008.76065,0.04882
1006.83185,0.04847
1004.90305,0.04800
1002.97426,0.04743
1001.04546,0.04689
999.11666,0.04647
997.18787,0.04612
995.25907,0.04573
993.33027,0.04524
991.40148,0.04475
989.47268,0.04426
987.54388,0.04367
985.61509,0.04298
983.68629,0.04233
981.75749,0.04171
979.82870,0.04101
977.89990,0.04026
975.97110,0.03957
974.04231,0.03902
972.11351,0.03850
970.18471,0.03802
968.25592,0.03773
966.32712,0.03771
964.39832,0.03776
962.46953,0.03774
960.54073,0.03760
958.61193,0.03734
956.68314,0.03702
954.75434,0.03676
952.82554,0.03668
950.89675,0.03667
948.96795,0.03647
947.03915,0.03609
945.11036,0.03566
943.18156,0.03519
941.25276,0.03457
939.32397,0.03385
937.39517,0.03312
935.46637,0.03242
933.53758,0.03169
931.60878,0.03093
929.67998,0.03019
927.75119,0.02959
925.82239,0.02909
923.89359,0.02852
921.96480,0.02780
920.03600,0.02715
918.10720,0.02673
916.17841,0.02645
914.24961,0.02619
912.32081,0.02600
910.39202,0.02592
908.46322,0.02579
906.53443,0.02551
904.60563,0.02522
902.67683,0.02508
900.74804,0.02503
898.81924,0.02484
896.89044,0.02442
894.96165,0.02385
893.03285,0.02322
891.10405,0.02253
889.17526,0.02177
887.24646,0.02090
885.31766,0.01993
883.38887,0.01898
881.46007,0.01817
879.53127,0.01746
877.60248,0.01681
875.67368,0.01626
873.74488,0.01580
871.81609,0.01544
869.88729,0.01510
867.95849,0.01474
866.02970,0.01452
864.10090,0.01454
862.17210,0.01460
860.24331,0.01456
858.31451,0.01448
856.38571,0.01440
854.45692,0.01441
852.52812,0.01449
850.59932,0.01446
848.67053,0.01424
846.74173,0.01398
844.81293,0.01375
842.88414,0.01338
840.95534,0.01291
839.02654,0.01250
837.09775,0.01209
835.16895,0.01164
833.24015,0.01122
831.31136,0.01087
829.38256,0.01048
827.45376,0.01006
825.52497,0.00976
823.59617,0.00981
821.66737,0.01015
819.73858,0.01047
817.80978,0.01074
815.88098,0.01111
813.95219,0.01149
812.02339,0.01182
810.09459,0.01231
808.16580,0.01299
806.23700,0.01373
804.30820,0.01460
802.37941,0.01565
800.45061,0.01660
798.52181,0.01748
796.59302,0.01848
794.66422,0.01945
792.73542,0.02011
790.80663,0.02062
788.87783,0.02119
786.94903,0.02169
785.02024,0.02188
783.09144,0.02161
781.16264,0.02070
779.23385,0.01926
777.30505,0.01761
775.37625,0.01612
773.44746,0.01509
771.51866,0.01454
769.58986,0.01423
767.66107,0.01396
765.73227,0.01381
763.80347,0.01375
761.87468,0.01359
759.94588,0.01353
758.01708,0.01390
756.08829,0.01448
754.15949,0.01481
752.23069,0.01498
750.30190,0.01520
748.37310,0.01518
