3496.90832,0.06176
3494.97953,0.06544
3493.05073,0.06646
3491.12193,0.06681
3489.19314,0.06997
3487.26434,0.07331
3485.33554,0.06911
3483.40675,0.06176
3481.47795,0.06051
3479.54915,0.06349
3477.62036,0.06522
3475.69156,0.06327
3473.76276,0.05958
3471.83397,0.05801
3469.90517,0.05812
3467.97637,0.06003
3466.04758,0.06665
3464.11878,0.07532
3462.18998,0.07767
3460.26119,0.07285
3458.33239,0.06711
3456.40359,0.06298
3454.47480,0.06297
3452.54600,0.06515
3450.61721,0.06064
3448.68841,0.05289
3446.75961,0.05408
3444.83082,0.06149
3442.90202,0.06329
3440.97322,0.05829
3439.04443,0.05184
3437.11563,0.04735
3435.18683,0.04738
3433.25804,0.05033
3431.32924,0.05320
3429.40044,0.05857
3427.47165,0.06400
3425.54285,0.06328
3423.61405,0.05975
3421.68526,0.05588
3419.75646,0.05116
3417.82766,0.04923
3415.89887,0.04867
3413.97007,0.04476
3412.04127,0.04011
3410.11248,0.03723
3408.18368,0.03337
3406.25488,0.03149
3404.32609,0.03527
3402.39729,0.04061
3400.46849,0.04692
3398.53970,0.05029
3396.61090,0.04335
3394.68210,0.03623
3392.75331,0.04108
3390.82451,0.04893
3388.89571,0.05070
3386.96692,0.05125
3385.03812,0.05080
3383.10932,0.04840
3381.18053,0.05324
3379.25173,0.06403
3377.32293,0.06575
3375.39414,0.05680
3373.46534,0.05213
3371.53654,0.05662
3369.60775,0.05895
3367.67895,0.05777
3365.75015,0.05990
3363.82136,0.06280
3361.89256,0.06162
3359.96376,0.05706
3358.03497,0.05387
3356.10617,0.05745
3354.17737,0.06477
3352.24858,0.06790
3350.31978,0.06547
3348.39098,0.06041
3346.46219,0.05673
3344.53339,0.05806
3342.60459,0.06231
3340.67580,0.06344
3338.74700,0.05967
3336.81820,0.05619
3334.88941,0.05588
3332.96061,0.05435
3331.03181,0.05391
3329.10302,0.05866
3327.17422,0.05806
3325.24542,0.04667
3323.31663,0.03468
3321.38783,0.02945
3319.45903,0.03097
3317.53024,0.03391
3315.60144,0.03207
3313.67264,0.02631
3311.74385,0.02017
3309.81505,0.01906
3307.88625,0.02794
3305.95746,0.03600
3304.02866,0.03138
3302.09986,0.02284
3300.17107,0.02123
3298.24227,0.02619
3296.31347,0.03451
3294.38468,0.04028
3292.45588,0.03764
3290.52708,0.03050
3288.59829,0.02845
3286.66949,0.03035
3284.74069,0.03035
3282.81190,0.03285
3280.88310,0.03837
3278.95430,0.04185
3277.02551,0.04331
3275.09671,0.03986
3273.16791,0.03159
3271.23912,0.02667
3269.31032,0.02485
3267.38152,0.02096
3265.45273,0.01787
3263.52393,0.01829
3261.59513,0.01983
3259.66634,0.02355
3257.73754,0.02902
3255.80874,0.03354
3253.87995,0.03649
3251.95115,0.03584
3250.02235,0.03255
3248.09356,0.03012
3246.16476,0.02754
3244.23596,0.02634
3242.30717,0.03079
3240.37837,0.03676
3238.44957,0.03930
3236.52078,0.03981
3234.59198,0.04128
3232.66318,0.04290
3230.73439,0.04005
3228.80559,0.03352
3226.87679,0.02889
3224.94800,0.02928
3223.01920,0.03586
3221.09040,0.04400
3219.16161,0.05069
3217.23281,0.05776
3215.30401,0.06126
3213.37522,0.05822
3211.44642,0.05403
3209.51762,0.05415
3207.58883,0.05681
3205.66003,0.05708
3203.73123,0.05475
3201.80244,0.05102
3199.87364,0.04657
3197.94484,0.04429
3196.01605,0.04379
3194.08725,0.04281
3192.15845,0.04254
3190.22966,0.04561
3188.30086,0.05014
3186.37206,0.04952
3184.44327,0.04496
3182.51447,0.04365
3180.58567,0.04509
3178.65688,0.04599
3176.72808,0.04555
3174.79928,0.04345
3172.87049,0.04078
3170.94169,0.03840
3169.01289,0.03707
3167.08410,0.03800
3165.15530,0.04016
3163.22650,0.04136
3161.29771,0.04088
3159.36891,0.03758
3157.44011,0.03300
3155.51132,0.03231
3153.58252,0.03512
3151.65372,0.03655
3149.72493,0.03534
3147.79613,0.03387
3145.86733,0.03369
3143.93854,0.03409
3142.00974,0.03438
3140.08094,0.03398
3138.15215,0.03337
3136.22335,0.03363
3134.29455,0.03418
3132.36576,0.03401
3130.43696,0.03291
3128.50816,0.03154
3126.57937,0.03033
3124.65057,0.02994
3122.72177,0.03209
3120.79298,0.03558
3118.86418,0.03722
3116.93538,0.03667
3115.00659,0.03538
3113.07779,0.03466
3111.14899,0.03485
3109.22020,0.03427
3107.29140,0.03263
3105.36260,0.03224
3103.43381,0.03294
3101.50501,0.03299
3099.57621,0.03219
3097.64742,0.03065
3095.71862,0.02916
3093.78982,0.02879
3091.86103,0.02875
3089.93223,0.02882
3088.00344,0.02982
3086.07464,0.03118
3084.14584,0.03235
3082.21705,0.03311
3080.28825,0.03251
3078.35945,0.03094
3076.43066,0.03012
3074.50186,0.03047
3072.57306,0.03110
3070.64427,0.03128
3068.71547,0.03084
3066.78667,0.03036
3064.85788,0.03067
3062.92908,0.03141
3061.00028,0.03170
3059.07149,0.03147
3057.14269,0.03120
3055.21389,0.03122
3053.28510,0.03119
3051.35630,0.03092
3049.42750,0.03066
3047.49871,0.03054
3045.56991,0.03096
3043.64111,0.03192
3041.71232,0.03270
3039.78352,0.03323
3037.85472,0.03394
3035.92593,0.03456
3033.99713,0.03468
3032.06833,0.03471
3030.13954,0.03520
3028.21074,0.03605
3026.28194,0.03661
3024.35315,0.03616
3022.42435,0.03535
3020.49555,0.03530
3018.56676,0.03553
3016.63796,0.03549
3014.70916,0.03578
3012.78037,0.03657
3010.85157,0.03703
3008.92277,0.03663
3006.99398,0.03585
3005.06518,0.03540
3003.13638,0.03513
3001.20759,0.03475
2999.27879,0.03450
2997.34999,0.03460
2995.42120,0.03515
2993.49240,0.03560
2991.56360,0.03542
2989.63481,0.03557
2987.70601,0.03618
2985.77721,0.03599
2983.84842,0.03558
2981.91962,0.03633
2979.99082,0.03761
2978.06203,0.03829
2976.13323,0.03827
2974.20443,0.03777
2972.27564,0.03733
2970.34684,0.03748
2968.41804,0.03786
2966.48925,0.03823
2964.56045,0.03871
2962.63165,0.03920
2960.70286,0.03947
2958.77406,0.03953
2956.84526,0.03965
2954.91647,0.03973
2952.98767,0.03954
2951.05887,0.03940
2949.13008,0.03983
2947.20128,0.04041
2945.27248,0.04052
2943.34369,0.04027
2941.41489,0.04000
2939.48609,0.03998
2937.55730,0.04040
2935.62850,0.04099
2933.69970,0.04140
2931.77091,0.04165
2929.84211,0.04184
2927.91331,0.04196
2925.98452,0.04213
2924.05572,0.04238
2922.12692,0.04258
2920.19813,0.04276
2918.26933,0.04297
2916.34053,0.04313
2914.41174,0.04296
2912.48294,0.04230
2910.55414,0.04155
2908.62535,0.04111
2906.69655,0.04082
2904.76775,0.04049
2902.83896,0.04017
2900.91016,0.04000
2898.98136,0.04011
2897.05257,0.04030
2895.12377,0.04018
2893.19497,0.04001
2891.26618,0.04022
2889.33738,0.04059
2887.40858,0.04068
2885.47979,0.04054
2883.55099,0.04055
2881.62219,0.04090
2879.69340,0.04129
2877.76460,0.04151
2875.83580,0.04164
2873.90701,0.04168
2871.97821,0.04155
2870.04941,0.04139
2868.12062,0.04146
2866.19182,0.04179
2864.26302,0.04214
2862.33423,0.04232
2860.40543,0.04249
2858.47663,0.04289
2856.54784,0.04322
2854.61904,0.04314
2852.69024,0.04293
2850.76145,0.04298
2848.83265,0.04311
2846.90385,0.04301
2844.97506,0.04299
2843.04626,0.04330
2841.11746,0.04355
2839.18867,0.04343
2837.25987,0.04322
2835.33107,0.04319
2833.40228,0.04335
2831.47348,0.04351
2829.54468,0.04355
2827.61589,0.04355
2825.68709,0.04367
2823.75829,0.04394
2821.82950,0.04403
2819.90070,0.04363
2817.97190,0.04304
2816.04311,0.04281
2814.11431,0.04297
2812.18551,0.04310
2810.25672,0.04306
2808.32792,0.04301
2806.39912,0.04295
2804.47033,0.04277
2802.54153,0.04259
2800.61273,0.04252
2798.68394,0.04244
2796.75514,0.04228
2794.82634,0.04208
2792.89755,0.04181
2790.96875,0.04155
2789.03995,0.04157
2787.11116,0.04178
2785.18236,0.04177
2783.25356,0.04161
2781.32477,0.04143
2779.39597,0.04115
2777.46717,0.04080
2775.53838,0.04053
2773.60958,0.04037
2771.68078,0.04028
2769.75199,0.04030
2767.82319,0.04045
2765.89439,0.04058
2763.96560,0.04041
2762.03680,0.04000
2760.10800,0.03976
2758.17921,0.03975
2756.25041,0.03974
2754.32161,0.03949
2752.39282,0.03905
2750.46402,0.03893
2748.53522,0.03931
2746.60643,0.03977
2744.67763,0.03998
2742.74883,0.04004
2740.82004,0.04004
2738.89124,0.03993
2736.96244,0.03987
2735.03365,0.04006
2733.10485,0.04031
2731.17605,0.04038
2729.24726,0.04026
2727.31846,0.04017
2725.38967,0.04010
2723.46087,0.03984
2721.53207,0.03957
2719.60328,0.03955
2717.67448,0.03962
2715.74568,0.03958
2713.81689,0.03950
2711.88809,0.03934
2709.95929,0.03914
2708.03050,0.03910
2706.10170,0.03913
2704.17290,0.03910
2702.24411,0.03905
2700.31531,0.03899
2698.38651,0.03900
2696.45772,0.03913
2694.52892,0.03934
2692.60012,0.03953
2690.67133,0.03954
2688.74253,0.03939
2686.81373,0.03924
2684.88494,0.03927
2682.95614,0.03946
2681.02734,0.03960
2679.09855,0.03966
2677.16975,0.03974
2675.24095,0.03970
2673.31216,0.03944
2671.38336,0.03909
2669.45456,0.03892
2667.52577,0.03896
2665.59697,0.03894
2663.66817,0.03881
2661.73938,0.03866
2659.81058,0.03845
2657.88178,0.03824
2655.95299,0.03826
2654.02419,0.03843
2652.09539,0.03857
2650.16660,0.03864
2648.23780,0.03882
2646.30900,0.03907
2644.38021,0.03925
2642.45141,0.03945
2640.52261,0.03963
2638.59382,0.03963
2636.66502,0.03963
2634.73622,0.03976
2632.80743,0.03986
2630.87863,0.03989
2628.94983,0.03993
2627.02104,0.03994
2625.09224,0.03986
2623.16344,0.03980
2621.23465,0.03985
2619.30585,0.04004
2617.37705,0.04018
2615.44826,0.04010
2613.51946,0.03996
2611.59066,0.03993
2609.66187,0.03985
2607.73307,0.03964
2605.80427,0.03957
2603.87548,0.03983
2601.94668,0.04008
2600.01788,0.04003
2598.08909,0.03998
2596.16029,0.04018
2594.23149,0.04047
2592.30270,0.04078
2590.37390,0.04116
2588.44510,0.04129
2586.51631,0.04093
2584.58751,0.04058
2582.65871,0.04053
2580.72992,0.04035
2578.80112,0.04007
2576.87232,0.04007
2574.94353,0.04012
2573.01473,0.04003
2571.08593,0.04008
2569.15714,0.04024
2567.22834,0.04041
2565.29954,0.04044
2563.37075,0.04010
2561.44195,0.03963
2559.51315,0.03937
2557.58436,0.03927
2555.65556,0.03925
2553.72676,0.03914
2551.79797,0.03901
2549.86917,0.03925
2547.94037,0.03968
2546.01158,0.03973
2544.08278,0.03956
2542.15398,0.03935
2540.22519,0.03905
2538.29639,0.03908
2536.36759,0.03960
2534.43880,0.04013
2532.51000,0.04034
2530.58120,0.04019
2528.65241,0.03980
2526.72361,0.03930
2524.79481,0.03881
2522.86602,0.03851
2520.93722,0.03842
2519.00842,0.03828
2517.07963,0.03822
2515.15083,0.03849
2513.22203,0.03878
2511.29324,0.03862
2509.36444,0.03818
2507.43564,0.03795
2505.50685,0.03790
2503.57805,0.03776
2501.64925,0.03773
2499.72046,0.03798
2497.79166,0.03831
2495.86286,0.03859
2493.93407,0.03877
2492.00527,0.03865
2490.07647,0.03827
2488.14768,0.03802
2486.21888,0.03829
2484.29008,0.03881
2482.36129,0.03888
2480.43249,0.03853
2478.50369,0.03830
2476.57490,0.03833
2474.64610,0.03839
2472.71730,0.03833
2470.78851,0.03804
2468.85971,0.03754
2466.93091,0.03711
2465.00212,0.03709
2463.07332,0.03744
2461.14452,0.03764
2459.21573,0.03757
2457.28693,0.03745
2455.35813,0.03708
2453.42934,0.03663
2451.50054,0.03664
2449.57174,0.03690
2447.64295,0.03685
2445.71415,0.03674
2443.78535,0.03699
2441.85656,0.03725
2439.92776,0.03726
2437.99896,0.03726
2436.07017,0.03717
2434.14137,0.03682
2432.21257,0.03651
2430.28378,0.03628
2428.35498,0.03591
2426.42618,0.03564
2424.49739,0.03580
2422.56859,0.03598
2420.63979,0.03575
2418.71100,0.03534
2416.78220,0.03508
2414.85340,0.03490
2412.92461,0.03454
2410.99581,0.03412
2409.06701,0.03407
2407.13822,0.03431
2405.20942,0.03428
2403.28062,0.03408
2401.35183,0.03401
2399.42303,0.03370
2397.49423,0.03324
2395.56544,0.03325
2393.63664,0.03368
2391.70784,0.03414
2389.77905,0.03480
2387.85025,0.03656
2385.92145,0.04072
2383.99266,0.04810
2382.06386,0.05859
2380.13506,0.07142
2378.20627,0.08553
2376.27747,0.10024
2374.34867,0.11556
2372.41988,0.13148
2370.49108,0.14726
2368.56228,0.16202
2366.63349,0.17532
2364.70469,0.18655
2362.77589,0.19420
2360.84710,0.19696
2358.91830,0.19431
2356.98951,0.18578
2355.06071,0.17146
2353.13191,0.15254
2351.20312,0.13346
2349.27432,0.12328
2347.34552,0.12764
2345.41673,0.14167
2343.48793,0.15212
2341.55913,0.15395
2339.63034,0.15166
2337.70154,0.14847
2335.77274,0.14585
2333.84395,0.14472
2331.91515,0.14420
2329.98635,0.14149
2328.05756,0.13624
2326.12876,0.13148
2324.19996,0.12837
2322.27117,0.12432
2320.34237,0.11680
2318.41357,0.10711
2316.48478,0.09876
2314.55598,0.09334
2312.62718,0.08915
2310.69839,0.08414
2308.76959,0.07826
2306.84079,0.07212
2304.91200,0.06623
2302.98320,0.06135
2301.05440,0.05753
2299.12561,0.05422
2297.19681,0.05144
2295.26801,0.04919
2293.33922,0.04700
2291.41042,0.04470
2289.48162,0.04255
2287.55283,0.04072
2285.62403,0.03916
2283.69523,0.03793
2281.76644,0.03745
2279.83764,0.03804
2277.90884,0.03914
2275.98005,0.03997
2274.05125,0.04041
2272.12245,0.04046
2270.19366,0.04040
2268.26486,0.04059
2266.33606,0.04066
2264.40727,0.04050
2262.47847,0.04077
2260.54967,0.04141
2258.62088,0.04202
2256.69208,0.04266
2254.76328,0.04286
2252.83449,0.04250
2250.90569,0.04219
2248.97689,0.04210
2247.04810,0.04214
2245.11930,0.04242
2243.19050,0.04286
2241.26171,0.04316
2239.33291,0.04338
2237.40411,0.04339
2235.47532,0.04328
2233.54652,0.04341
2231.61772,0.04337
2229.68893,0.04337
2227.76013,0.04405
2225.83133,0.04516
2223.90254,0.04597
2221.97374,0.04594
2220.04494,0.04550
2218.11615,0.04535
2216.18735,0.04527
2214.25855,0.04522
2212.32976,0.04529
2210.40096,0.04554
2208.47216,0.04623
2206.54337,0.04677
2204.61457,0.04709
2202.68577,0.04800
2200.75698,0.04947
2198.82818,0.05073
2196.89938,0.05061
2194.97059,0.04974
2193.04179,0.05061
2191.11299,0.05212
2189.18420,0.05217
2187.25540,0.05218
2185.32660,0.05203
2183.39781,0.05065
2181.46901,0.05091
2179.54021,0.05369
2177.61142,0.05551
2175.68262,0.05571
2173.75382,0.05580
2171.82503,0.05587
2169.89623,0.05656
2167.96743,0.05782
2166.03864,0.05821
2164.10984,0.05865
2162.18104,0.06181
2160.25225,0.06609
2158.32345,0.06641
2156.39465,0.06242
2154.46586,0.05753
2152.53706,0.05393
2150.60826,0.05215
2148.67947,0.05036
2146.75067,0.04734
2144.82187,0.04475
2142.89308,0.04304
2140.96428,0.04114
2139.03548,0.03985
2137.10669,0.03965
2135.17789,0.03911
2133.24909,0.03761
2131.32030,0.03603
2129.39150,0.03456
2127.46270,0.03263
2125.53391,0.03082
2123.60511,0.03011
2121.67631,0.03006
2119.74752,0.03005
2117.81872,0.03025
2115.88992,0.03048
2113.96113,0.03015
2112.03233,0.02967
2110.10353,0.02972
2108.17474,0.03012
2106.24594,0.03038
2104.31714,0.03061
2102.38835,0.03099
2100.45955,0.03110
2098.53075,0.03071
2096.60196,0.03024
2094.67316,0.03022
2092.74436,0.03042
2090.81557,0.03005
2088.88677,0.02942
2086.95797,0.02937
2085.02918,0.02982
2083.10038,0.03042
2081.17158,0.03104
2079.24279,0.03121
2077.31399,0.03091
2075.38519,0.03096
2073.45640,0.03160
2071.52760,0.03213
2069.59880,0.03237
2067.67001,0.03277
2065.74121,0.03293
2063.81241,0.03248
2061.88362,0.03202
2059.95482,0.03197
2058.02602,0.03218
2056.09723,0.03205
2054.16843,0.03214
2052.23963,0.03348
2050.31084,0.03557
2048.38204,0.03791
2046.45324,0.04008
2044.52445,0.04133
2042.59565,0.04234
2040.66685,0.04363
2038.73806,0.04366
2036.80926,0.04213
2034.88046,0.04151
2032.95167,0.04279
2031.02287,0.04403
2029.09407,0.04370
2027.16528,0.04226
2025.23648,0.04120
2023.30768,0.04069
2021.37889,0.03929
2019.45009,0.03774
2017.52129,0.03875
2015.59250,0.04101
2013.66370,0.04149
2011.73490,0.04061
2009.80611,0.03974
2007.87731,0.03806
2005.94851,0.03488
2004.01972,0.03254
2002.09092,0.03284
2000.16212,0.03420
1998.23333,0.03487
1996.30453,0.03482
1994.37574,0.03420
1992.44694,0.03318
1990.51814,0.03269
1988.58935,0.03305
1986.66055,0.03333
1984.73175,0.03310
1982.80296,0.03375
1980.87416,0.03600
1978.94536,0.03775
1977.01657,0.03765
1975.08777,0.03763
1973.15897,0.03779
1971.23018,0.03632
1969.30138,0.03459
1967.37258,0.03462
1965.44379,0.03495
1963.51499,0.03373
1961.58619,0.03190
1959.65740,0.03081
1957.72860,0.03012
1955.79980,0.02943
1953.87101,0.02906
1951.94221,0.02898
1950.01341,0.02878
1948.08462,0.02826
1946.15582,0.02802
1944.22702,0.02832
1942.29823,0.02787
1940.36943,0.02645
1938.44063,0.02548
1936.51184,0.02527
1934.58304,0.02535
1932.65424,0.02524
1930.72545,0.02488
1928.79665,0.02470
1926.86785,0.02481
1924.93906,0.02502
1923.01026,0.02494
1921.08146,0.02468
1919.15267,0.02454
1917.22387,0.02405
1915.29507,0.02317
1913.36628,0.02275
1911.43748,0.02300
1909.50868,0.02333
1907.57989,0.02326
1905.65109,0.02293
1903.72229,0.02272
1901.79350,0.02276
1899.86470,0.02301
1897.93590,0.02340
1896.00711,0.02376
1894.07831,0.02391
1892.14951,0.02416
1890.22072,0.02446
1888.29192,0.02413
1886.36312,0.02343
1884.43433,0.02300
1882.50553,0.02273
1880.57673,0.02245
1878.64794,0.02215
1876.71914,0.02187
1874.79034,0.02170
1872.86155,0.02205
1870.93275,0.02323
1869.00395,0.02419
1867.07516,0.02361
1865.14636,0.02240
1863.21756,0.02181
1861.28877,0.02163
1859.35997,0.02142
1857.43117,0.02126
1855.50238,0.02128
1853.57358,0.02146
1851.64478,0.02181
1849.71599,0.02248
1847.78719,0.02352
1845.85839,0.02467
1843.92960,0.02482
1842.00080,0.02367
1840.07200,0.02280
1838.14321,0.02264
1836.21441,0.02250
1834.28561,0.02245
1832.35682,0.02317
1830.42802,0.02399
1828.49922,0.02379
1826.57043,0.02318
1824.64163,0.02247
1822.71283,0.02147
1820.78404,0.02074
1818.85524,0.02062
1816.92644,0.02071
1814.99765,0.02086
1813.06885,0.02131
1811.14005,0.02181
1809.21126,0.02182
1807.28246,0.02152
1805.35366,0.02158
1803.42487,0.02236
1801.49607,0.02324
1799.56727,0.02335
1797.63848,0.02306
1795.70968,0.02348
1793.78088,0.02465
1791.85209,0.02497
1789.92329,0.02362
1787.99449,0.02248
1786.06570,0.02243
1784.13690,0.02266
1782.20810,0.02274
1780.27931,0.02257
1778.35051,0.02218
1776.42171,0.02239
1774.49292,0.02360
1772.56412,0.02467
1770.63532,0.02433
1768.70653,0.02318
1766.77773,0.02192
1764.84893,0.02144
1762.92014,0.02199
1760.99134,0.02237
1759.06254,0.02231
1757.13375,0.02232
1755.20495,0.02236
1753.27615,0.02327
1751.34736,0.02512
1749.41856,0.02589
1747.48976,0.02512
1745.56097,0.02433
1743.63217,0.02412
1741.70337,0.02423
1739.77458,0.02409
1737.84578,0.02413
1735.91698,0.02543
1733.98819,0.02665
1732.05939,0.02535
1730.13059,0.02323
1728.20180,0.02164
1726.27300,0.02082
1724.34420,0.02084
1722.41541,0.02146
1720.48661,0.02343
1718.55781,0.02675
1716.62902,0.02857
1714.70022,0.02770
1712.77142,0.02656
1710.84263,0.02686
1708.91383,0.02899
1706.98503,0.03267
1705.05624,0.03676
1703.12744,0.04119
1701.19864,0.04760
1699.26985,0.05451
1697.34105,0.06017
1695.41225,0.06624
1693.48346,0.07266
1691.55466,0.08065
1689.62586,0.09159
1687.69707,0.10403
1685.76827,0.11911
1683.83947,0.13715
1681.91068,0.15081
1679.98188,0.16146
1678.05308,0.17365
1676.12429,0.18811
1674.19549,0.20266
1672.26669,0.21495
1670.33790,0.22651
1668.40910,0.23632
1666.48030,0.24255
1664.55151,0.24804
1662.62271,0.25328
1660.69391,0.25621
1658.76512,0.25777
1656.83632,0.26037
1654.90752,0.26479
1652.97873,0.26752
1651.04993,0.26646
1649.12113,0.26769
1647.19234,0.27245
1645.26354,0.27771
1643.33474,0.28341
1641.40595,0.29253
1639.47715,0.30559
1637.54835,0.32269
1635.61956,0.34366
1633.69076,0.36216
1631.76197,0.37708
1629.83317,0.39282
1627.90437,0.40865
1625.97558,0.42154
1624.04678,0.43082
1622.11798,0.43563
1620.18919,0.43682
1618.26039,0.43667
1616.33159,0.43432
1614.40280,0.43041
1612.47400,0.42842
1610.54520,0.42945
1608.61641,0.43327
1606.68761,0.43934
1604.75881,0.44746
1602.83002,0.45710
1600.90122,0.46715
1598.97242,0.47637
1597.04363,0.48353
1595.11483,0.48752
1593.18603,0.48731
1591.25724,0.48262
1589.32844,0.47345
1587.39964,0.46030
1585.47085,0.44395
1583.54205,0.42499
1581.61325,0.40467
1579.68446,0.38529
1577.75566,0.36535
1575.82686,0.34083
1573.89807,0.31799
1571.96927,0.30038
1570.04047,0.28233
1568.11168,0.26352
1566.18288,0.24741
1564.25408,0.23419
1562.32529,0.22507
1560.39649,0.21791
1558.46769,0.20491
1556.53890,0.19006
1554.61010,0.17903
1552.68130,0.17000
1550.75251,0.16230
1548.82371,0.15546
1546.89491,0.15038
1544.96612,0.14739
1543.03732,0.14523
1541.10852,0.14186
1539.17973,0.13462
1537.25093,0.12757
1535.32213,0.12385
1533.39334,0.12076
1531.46454,0.11667
1529.53574,0.11367
1527.60695,0.11221
1525.67815,0.11101
1523.74935,0.11015
1521.82056,0.10917
1519.89176,0.10688
1517.96296,0.10430
1516.03417,0.10174
1514.10537,0.09945
1512.17657,0.09889
1510.24778,0.10080
1508.31898,0.10408
1506.39018,0.10402
1504.46139,0.10025
1502.53259,0.09875
1500.60379,0.10060
1498.67500,0.10440
1496.74620,0.10823
1494.81740,0.11148
1492.88861,0.11624
1490.95981,0.12408
1489.03101,0.13296
1487.10222,0.14046
1485.17342,0.14815
1483.24462,0.15785
1481.31583,0.16962
1479.38703,0.18252
1477.45823,0.19653
1475.52944,0.21178
1473.60064,0.22723
1471.67184,0.24016
1469.74305,0.24892
1467.81425,0.25648
1465.88545,0.26431
1463.95666,0.26978
1462.02786,0.27210
1460.09906,0.27370
1458.17027,0.27319
1456.24147,0.26521
1454.31267,0.25303
1452.38388,0.24146
1450.45508,0.22999
1448.52628,0.21743
1446.59749,0.20341
1444.66869,0.18966
1442.73989,0.17711
1440.81110,0.16625
1438.88230,0.15736
1436.95350,0.14785
1435.02471,0.13691
1433.09591,0.12780
1431.16711,0.12054
1429.23832,0.11357
1427.30952,0.10732
1425.38072,0.10244
1423.45193,0.09852
1421.52313,0.09576
1419.59433,0.09350
1417.66554,0.08962
1415.73674,0.08486
1413.80794,0.08118
1411.87915,0.07859
1409.95035,0.07645
1408.02155,0.07481
1406.09276,0.07363
1404.16396,0.07212
1402.23516,0.07062
1400.30637,0.07005
1398.37757,0.06987
1396.44877,0.06917
1394.51998,0.06745
1392.59118,0.06505
1390.66238,0.06354
1388.73359,0.06321
1386.80479,0.06239
1384.87599,0.06057
1382.94720,0.05903
1381.01840,0.05824
1379.08960,0.05778
1377.16081,0.05768
1375.23201,0.05775
1373.30321,0.05703
1371.37442,0.05568
1369.44562,0.05475
1367.51682,0.05434
1365.58803,0.05453
1363.65923,0.05522
1361.73043,0.05507
1359.80164,0.05383
1357.87284,0.05281
1355.94404,0.05238
1354.01525,0.05211
1352.08645,0.05186
1350.15765,0.05170
1348.22886,0.05154
1346.30006,0.05134
1344.37126,0.05137
1342.44247,0.05198
1340.51367,0.05284
1338.58487,0.05285
1336.65608,0.05190
1334.72728,0.05095
1332.79848,0.05036
1330.86969,0.04996
1328.94089,0.04962
1327.01209,0.04935
1325.08330,0.04912
1323.15450,0.04896
1321.22570,0.04897
1319.29691,0.04903
1317.36811,0.04890
1315.43931,0.04870
1313.51052,0.04856
1311.58172,0.04838
1309.65292,0.04820
1307.72413,0.04806
1305.79533,0.04791
1303.86653,0.04785
1301.93774,0.04792
1300.00894,0.04806
1298.08014,0.04822
1296.15135,0.04831
1294.22255,0.04825
1292.29375,0.04812
1290.36496,0.04806
1288.43616,0.04802
1286.50736,0.04787
1284.57857,0.04767
1282.64977,0.04755
1280.72097,0.04745
1278.79218,0.04730
1276.86338,0.04715
1274.93458,0.04714
1273.00579,0.04728
1271.07699,0.04742
1269.14820,0.04751
1267.21940,0.04766
1265.29060,0.04793
1263.36181,0.04821
1261.43301,0.04842
1259.50421,0.04854
1257.57542,0.04858
1255.64662,0.04859
1253.71782,0.04869
1251.78903,0.04888
1249.86023,0.04907
1247.93143,0.04924
1246.00264,0.04941
1244.07384,0.04964
1242.14504,0.04983
1240.21625,0.04992
1238.28745,0.04998
1236.35865,0.05004
1234.42986,0.05008
1232.50106,0.05018
1230.57226,0.05039
1228.64347,0.05062
1226.71467,0.05081
1224.78587,0.05099
1222.85708,0.05125
1220.92828,0.05165
1218.99948,0.05215
1217.07069,0.05268
1215.14189,0.05323
1213.21309,0.05383
1211.28430,0.05452
1209.35550,0.05527
1207.42670,0.05605
1205.49791,0.05690
1203.56911,0.05782
1201.64031,0.05879
1199.71152,0.05992
1197.78272,0.06122
1195.85392,0.06262
1193.92513,0.06413
1191.99633,0.06587
1190.06753,0.06791
1188.13874,0.07020
1186.20994,0.07261
1184.28114,0.07516
1182.35235,0.07801
1180.42355,0.08133
1178.49475,0.08519
1176.56596,0.08946
1174.63716,0.09400
1172.70836,0.09876
1170.77957,0.10374
1168.85077,0.10878
1166.92197,0.11374
1164.99318,0.11842
1163.06438,0.12256
1161.13558,0.12580
1159.20679,0.12786
1157.27799,0.12867
1155.34919,0.12820
1153.42040,0.12646
1151.49160,0.12371
1149.56280,0.12010
1147.63401,0.11577
1145.70521,0.11101
1143.77641,0.10606
1141.84762,0.10113
1139.91882,0.09637
1137.99002,0.09186
1136.06123,0.08762
1134.13243,0.08371
1132.20363,0.08025
1130.27484,0.07731
1128.34604,0.07475
1126.41724,0.07244
1124.48845,0.07044
1122.55965,0.06877
1120.63085,0.06740
1118.70206,0.06627
1116.77326,0.06524
1114.84446,0.06433
1112.91567,0.06362
1110.98687,0.06302
1109.05807,0.06251
1107.12928,0.06213
1105.20048,0.06189
1103.27168,0.06169
1101.34289,0.06151
1099.41409,0.06137
1097.48529,0.06131
1095.55650,0.06130
1093.62770,0.06136
1091.69890,0.06146
1089.77011,0.06165
1087.84131,0.06189
1085.91251,0.06208
1083.98372,0.06224
1082.05492,0.06251
1080.12612,0.06288
1078.19733,0.06331
1076.26853,0.06378
1074.33973,0.06428
1072.41094,0.06479
1070.48214,0.06526
1068.55334,0.06556
1066.62455,0.06573
1064.69575,0.06589
1062.76695,0.06595
1060.83816,0.06572
1058.90936,0.06533
1056.98056,0.06495
1055.05177,0.06451
1053.12297,0.06393
1051.19417,0.06326
1049.26538,0.06255
1047.33658,0.06185
1045.40778,0.06118
1043.47899,0.06047
1041.55019,0.05965
1039.62139,0.05876
1037.69260,0.05794
1035.76380,0.05718
1033.83500,0.05636
1031.90621,0.05559
1029.97741,0.05493
1028.04861,0.05431
1026.11982,0.05371
1024.19102,0.05328
1022.26222,0.05301
1020.33343,0.05272
1018.40463,0.05238
1016.47583,0.05213
1014.54704,0.05202
1012.61824,0.05196
1010.68944,0.05181
1008.76065,0.05149
1006.83185,0.05101
1004.90305,0.05039
1002.97426,0.04967
1001.04546,0.04898
999.11666,0.04841
997.18787,0.04794
995.25907,0.04747
993.33027,0.04695
991.40148,0.04646
989.47268,0.04601
987.54388,0.04550
985.61509,0.04493
983.68629,0.04444
981.75749,0.04403
979.82870,0.04355
977.89990,0.04298
975.97110,0.04244
974.04231,0.04200
972.11351,0.04158
970.18471,0.04114
968.25592,0.04084
966.32712,0.04078
964.39832,0.04078
962.46953,0.04067
960.54073,0.04041
958.61193,0.04002
956.68314,0.03955
954.75434,0.03913
952.82554,0.03890
950.89675,0.03875
948.96795,0.03843
947.03915,0.03793
945.11036,0.03743
943.18156,0.03691
941.25276,0.03630
939.32397,0.03566
937.39517,0.03505
935.46637,0.03450
933.53758,0.03393
931.60878,0.03335
929.67998,0.03280
927.75119,0.03239
925.82239,0.03206
923.89359,0.03161
921.96480,0.03098
920.03600,0.03036
918.10720,0.02991
916.17841,0.02957
914.24961,0.02928
912.32081,0.02902
910.39202,0.02880
908.46322,0.02849
906.53443,0.02803
904.60563,0.02759
902.67683,0.02731
900.74804,0.02715
898.81924,0.02686
896.89044,0.02636
894.96165,0.02576
893.03285,0.02512
891.10405,0.02447
889.17526,0.02380
887.24646,0.02310
885.31766,0.02235
883.38887,0.02167
881.46007,0.02108
879.53127,0.02049
877.60248,0.01995
875.67368,0.01956
873.74488,0.01923
871.81609,0.01891
869.88729,0.01856
867.95849,0.01816
866.02970,0.01787
864.10090,0.01779
862.17210,0.01773
860.24331,0.01754
858.31451,0.01731
856.38571,0.01709
854.45692,0.01691
852.52812,0.01682
850.59932,0.01668
848.67053,0.01634
846.74173,0.01599
844.81293,0.01569
842.88414,0.01530
840.95534,0.01488
839.02654,0.01464
837.09775,0.01444
835.16895,0.01419
833.24015,0.01400
831.31136,0.01384
829.38256,0.01362
827.45376,0.01335
825.52497,0.01315
823.59617,0.01326
821.66737,0.01366
819.73858,0.01403
817.80978,0.01421
815.88098,0.01439
813.95219,0.01473
812.02339,0.01511
810.09459,0.01553
808.16580,0.01612
806.23700,0.01678
804.30820,0.01742
802.37941,0.01816
800.45061,0.01895
798.52181,0.01972
796.59302,0.02057
794.66422,0.02151
792.73542,0.02236
790.80663,0.02315
788.87783,0.02387
786.94903,0.02444
785.02024,0.02479
783.09144,0.02472
781.16264,0.02406
779.23385,0.02292
777.30505,0.02152
775.37625,0.02010
773.44746,0.01904
771.51866,0.01848
769.58986,0.01810
767.66107,0.01776
765.73227,0.01763
763.80347,0.01761
761.87468,0.01739
759.94588,0.01724
758.01708,0.01751
756.08829,0.01787
754.15949,0.01794
752.23069,0.01788
750.30190,0.01798
748.37310,0.01815
