3496.90832,0.07055
3494.97953,0.06398
3493.05073,0.05637
3491.12193,0.05353
3489.19314,0.05870
3487.26434,0.06751
3485.33554,0.06809
3483.40675,0.06239
3481.47795,0.06007
3479.54915,0.05895
3477.62036,0.05828
3475.69156,0.05966
3473.76276,0.05870
3471.83397,0.05437
3469.90517,0.05224
3467.97637,0.05451
3466.04758,0.05888
3464.11878,0.06148
3462.18998,0.05959
3460.26119,0.05734
3458.33239,0.05713
3456.40359,0.05589
3454.47480,0.05678
3452.54600,0.06121
3450.61721,0.06130
3448.68841,0.05470
3446.75961,0.04924
3444.83082,0.04931
3442.90202,0.04864
3440.97322,0.04425
3439.04443,0.04112
3437.11563,0.03988
3435.18683,0.04111
3433.25804,0.04788
3431.32924,0.05354
3429.40044,0.05468
3427.47165,0.05825
3425.54285,0.06134
3423.61405,0.05947
3421.68526,0.05609
3419.75646,0.05334
3417.82766,0.05236
3415.89887,0.05038
3413.97007,0.04632
3412.04127,0.04386
3410.11248,0.04130
3408.18368,0.03626
3406.25488,0.03173
3404.32609,0.03109
3402.39729,0.03688
3400.46849,0.04649
3398.53970,0.04779
3396.61090,0.03558
3394.68210,0.02635
3392.75331,0.03266
3390.82451,0.04544
3388.89571,0.05508
3386.96692,0.05935
3385.03812,0.05678
3383.10932,0.05214
3381.18053,0.05052
3379.25173,0.05103
3377.32293,0.05052
3375.39414,0.04496
3373.46534,0.03988
3371.53654,0.04350
3369.60775,0.05041
3367.67895,0.05653
3365.75015,0.05996
3363.82136,0.05449
3361.89256,0.04438
3359.96376,0.03944
3358.03497,0.03885
3356.10617,0.04295
3354.17737,0.05541
3352.24858,0.06702
3350.31978,0.06869
3348.39098,0.06322
3346.46219,0.05613
3344.53339,0.05237
3342.60459,0.05302
3340.67580,0.05630
3338.74700,0.05942
3336.81820,0.05663
3334.88941,0.04839
3332.96061,0.04316
3331.03181,0.04708
3329.10302,0.05564
3327.17422,0.05741
3325.24542,0.05063
3323.31663,0.03994
3321.38783,0.02976
3319.45903,0.02687
3317.53024,0.03112
3315.60144,0.03502
3313.67264,0.03672
3311.74385,0.03646
3309.81505,0.03394
3307.88625,0.03593
3305.95746,0.04209
3304.02866,0.04321
3302.09986,0.04018
3300.17107,0.03546
3298.24227,0.02764
3296.31347,0.02286
3294.38468,0.02422
3292.45588,0.02711
3290.52708,0.02982
3288.59829,0.03091
3286.66949,0.02772
3284.74069,0.02598
3282.81190,0.02976
3280.88310,0.03204
3278.95430,0.03173
3277.02551,0.03387
3275.09671,0.03582
3273.16791,0.03459
3271.23912,0.03190
3269.31032,0.02782
3267.38152,0.02414
3265.45273,0.02358
3263.52393,0.02300
3261.59513,0.02305
3259.66634,0.02903
3257.73754,0.03780
3255.80874,0.04262
3253.87995,0.04325
3251.95115,0.04209
3250.02235,0.03679
3248.09356,0.02752
3246.16476,0.02279
3244.23596,0.02495
3242.30717,0.02456
3240.37837,0.02120
3238.44957,0.02573
3236.52078,0.03665
3234.59198,0.04164
3232.66318,0.03749
3230.73439,0.03236
3228.80559,0.03045
3226.87679,0.02638
3224.94800,0.02074
3223.01920,0.02147
3221.09040,0.02819
3219.16161,0.03493
3217.23281,0.04038
3215.30401,0.04387
3213.37522,0.04412
3211.44642,0.04460
3209.51762,0.04783
3207.58883,0.05011
3205.66003,0.05068
3203.73123,0.05278
3201.80244,0.05328
3199.87364,0.04772
3197.94484,0.04201
3196.01605,0.04193
3194.08725,0.04365
3192.15845,0.04281
3190.22966,0.04107
3188.30086,0.04084
3186.37206,0.04054
3184.44327,0.03856
3182.51447,0.03515
3180.58567,0.03284
3178.65688,0.03372
3176.72808,0.03456
3174.79928,0.03365
3172.87049,0.03210
3170.94169,0.02908
3169.01289,0.02550
3167.08410,0.02453
3165.15530,0.02771
3163.22650,0.03211
3161.29771,0.03357
3159.36891,0.03156
3157.44011,0.02891
3155.51132,0.02867
3153.58252,0.03098
3151.65372,0.03334
3149.72493,0.03274
3147.79613,0.02979
3145.86733,0.02884
3143.93854,0.03001
3142.00974,0.03096
3140.08094,0.03171
3138.15215,0.03203
3136.22335,0.03161
3134.29455,0.03097
3132.36576,0.03095
3130.43696,0.03208
3128.50816,0.03223
3126.57937,0.03091
3124.65057,0.03131
3122.72177,0.03403
3120.79298,0.03612
3118.86418,0.03568
3116.93538,0.03400
3115.00659,0.03259
3113.07779,0.03133
3111.14899,0.03060
3109.22020,0.03050
3107.29140,0.03052
3105.36260,0.03049
3103.43381,0.02992
3101.50501,0.03000
3099.57621,0.03105
3097.64742,0.03027
3095.71862,0.02830
3093.78982,0.02861
3091.86103,0.02965
3089.93223,0.02934
3088.00344,0.02939
3086.07464,0.02958
3084.14584,0.02860
3082.21705,0.02811
3080.28825,0.02922
3078.35945,0.03038
3076.43066,0.03064
3074.50186,0.03051
3072.57306,0.03037
3070.64427,0.03012
3068.71547,0.02904
3066.78667,0.02758
3064.85788,0.02758
3062.92908,0.02919
3061.00028,0.03097
3059.07149,0.03168
3057.14269,0.03155
3055.21389,0.03185
3053.28510,0.03207
3051.35630,0.03102
3049.42750,0.02939
3047.49871,0.02848
3045.56991,0.02883
3043.64111,0.03020
3041.71232,0.03155
3039.78352,0.03176
3037.85472,0.03137
3035.92593,0.03162
3033.99713,0.03215
3032.06833,0.03218
3030.13954,0.03247
3028.21074,0.03355
3026.28194,0.03424
3024.35315,0.03370
3022.42435,0.03299
3020.49555,0.03284
3018.56676,0.03254
3016.63796,0.03215
3014.70916,0.03231
3012.78037,0.03291
3010.85157,0.03357
3008.92277,0.03374
3006.99398,0.03340
3005.06518,0.03350
3003.13638,0.03395
3001.20759,0.03373
2999.27879,0.03326
2997.34999,0.03345
2995.42120,0.03408
2993.49240,0.03451
2991.56360,0.03450
2989.63481,0.03449
2987.70601,0.03462
2985.77721,0.03429
2983.84842,0.03395
2981.91962,0.03446
2979.99082,0.03534
2978.06203,0.03595
2976.13323,0.03634
2974.20443,0.03650
2972.27564,0.03640
2970.34684,0.03631
2968.41804,0.03636
2966.48925,0.03644
2964.56045,0.03661
2962.63165,0.03691
2960.70286,0.03714
2958.77406,0.03748
2956.84526,0.03817
2954.91647,0.03867
2952.98767,0.03836
2951.05887,0.03780
2949.13008,0.03788
2947.20128,0.03839
2945.27248,0.03874
2943.34369,0.03881
2941.41489,0.03866
2939.48609,0.03878
2937.55730,0.03939
2935.62850,0.04000
2933.69970,0.04045
2931.77091,0.04097
2929.84211,0.04163
2927.91331,0.04185
2925.98452,0.04128
2924.05572,0.04076
2922.12692,0.04102
2920.19813,0.04151
2918.26933,0.04167
2916.34053,0.04162
2914.41174,0.04120
2912.48294,0.04049
2910.55414,0.04005
2908.62535,0.03974
2906.69655,0.03924
2904.76775,0.03889
2902.83896,0.03888
2900.91016,0.03897
2898.98136,0.03921
2897.05257,0.03941
2895.12377,0.03914
2893.19497,0.03883
2891.26618,0.03907
2889.33738,0.03924
2887.40858,0.03870
2885.47979,0.03808
2883.55099,0.03822
2881.62219,0.03898
2879.69340,0.03959
2877.76460,0.03982
2875.83580,0.04001
2873.90701,0.04033
2871.97821,0.04057
2870.04941,0.04057
2868.12062,0.04054
2866.19182,0.04058
2864.26302,0.04056
2862.33423,0.04060
2860.40543,0.04091
2858.47663,0.04140
2856.54784,0.04180
2854.61904,0.04199
2852.69024,0.04189
2850.76145,0.04147
2848.83265,0.04119
2846.90385,0.04125
2844.97506,0.04133
2843.04626,0.04132
2841.11746,0.04138
2839.18867,0.04156
2837.25987,0.04167
2835.33107,0.04158
2833.40228,0.04143
2831.47348,0.04141
2829.54468,0.04155
2827.61589,0.04180
2825.68709,0.04207
2823.75829,0.04226
2821.82950,0.04237
2819.90070,0.04232
2817.97190,0.04202
2816.04311,0.04159
2814.11431,0.04138
2812.18551,0.04142
2810.25672,0.04140
2808.32792,0.04121
2806.39912,0.04098
2804.47033,0.04085
2802.54153,0.04079
2800.61273,0.04085
2798.68394,0.04096
2796.75514,0.04088
2794.82634,0.04059
2792.89755,0.04028
2790.96875,0.04011
2789.03995,0.04020
2787.11116,0.04035
2785.18236,0.04027
2783.25356,0.04008
2781.32477,0.03993
2779.39597,0.03973
2777.46717,0.03944
2775.53838,0.03919
2773.60958,0.03914
2771.68078,0.03918
2769.75199,0.03920
2767.82319,0.03927
2765.89439,0.03940
2763.96560,0.03924
2762.03680,0.03876
2760.10800,0.03829
2758.17921,0.03790
2756.25041,0.03743
2754.32161,0.03711
2752.39282,0.03712
2750.46402,0.03728
2748.53522,0.03750
2746.60643,0.03776
2744.67763,0.03778
2742.74883,0.03766
2740.82004,0.03773
2738.89124,0.03791
2736.96244,0.03804
2735.03365,0.03818
2733.10485,0.03820
2731.17605,0.03801
2729.24726,0.03795
2727.31846,0.03813
2725.38967,0.03821
2723.46087,0.03808
2721.53207,0.03816
2719.60328,0.03842
2717.67448,0.03836
2715.74568,0.03803
2713.81689,0.03783
2711.88809,0.03769
2709.95929,0.03744
2708.03050,0.03724
2706.10170,0.03724
2704.17290,0.03730
2702.24411,0.03725
2700.31531,0.03728
2698.38651,0.03746
2696.45772,0.03750
2694.52892,0.03747
2692.60012,0.03766
2690.67133,0.03784
2688.74253,0.03776
2686.81373,0.03758
2684.88494,0.03752
2682.95614,0.03766
2681.02734,0.03791
2679.09855,0.03821
2677.16975,0.03839
2675.24095,0.03829
2673.31216,0.03803
2671.38336,0.03778
2669.45456,0.03763
2667.52577,0.03758
2665.59697,0.03754
2663.66817,0.03741
2661.73938,0.03710
2659.81058,0.03677
2657.88178,0.03659
2655.95299,0.03654
2654.02419,0.03661
2652.09539,0.03687
2650.16660,0.03713
2648.23780,0.03715
2646.30900,0.03710
2644.38021,0.03718
2642.45141,0.03741
2640.52261,0.03761
2638.59382,0.03762
2636.66502,0.03762
2634.73622,0.03779
2632.80743,0.03816
2630.87863,0.03858
2628.94983,0.03873
2627.02104,0.03857
2625.09224,0.03842
2623.16344,0.03855
2621.23465,0.03874
2619.30585,0.03871
2617.37705,0.03850
2615.44826,0.03817
2613.51946,0.03776
2611.59066,0.03751
2609.66187,0.03756
2607.73307,0.03770
2605.80427,0.03782
2603.87548,0.03789
2601.94668,0.03783
2600.01788,0.03762
2598.08909,0.03753
2596.16029,0.03780
2594.23149,0.03814
2592.30270,0.03814
2590.37390,0.03807
2588.44510,0.03811
2586.51631,0.03798
2584.58751,0.03786
2582.65871,0.03806
2580.72992,0.03833
2578.80112,0.03844
2576.87232,0.03837
2574.94353,0.03809
2573.01473,0.03774
2571.08593,0.03769
2569.15714,0.03802
2567.22834,0.03826
2565.29954,0.03813
2563.37075,0.03777
2561.44195,0.03732
2559.51315,0.03701
2557.58436,0.03704
2555.65556,0.03727
2553.72676,0.03731
2551.79797,0.03720
2549.86917,0.03742
2547.94037,0.03796
2546.01158,0.03828
2544.08278,0.03825
2542.15398,0.03804
2540.22519,0.03784
2538.29639,0.03792
2536.36759,0.03814
2534.43880,0.03820
2532.51000,0.03806
2530.58120,0.03794
2528.65241,0.03791
2526.72361,0.03774
2524.79481,0.03735
2522.86602,0.03693
2520.93722,0.03667
2519.00842,0.03656
2517.07963,0.03656
2515.15083,0.03672
2513.22203,0.03692
2511.29324,0.03684
2509.36444,0.03638
2507.43564,0.03586
2505.50685,0.03586
2503.57805,0.03615
2501.64925,0.03625
2499.72046,0.03635
2497.79166,0.03641
2495.86286,0.03630
2493.93407,0.03629
2492.00527,0.03626
2490.07647,0.03617
2488.14768,0.03633
2486.21888,0.03662
2484.29008,0.03676
2482.36129,0.03680
2480.43249,0.03696
2478.50369,0.03723
2476.57490,0.03728
2474.64610,0.03693
2472.71730,0.03645
2470.78851,0.03619
2468.85971,0.03600
2466.93091,0.03573
2465.00212,0.03557
2463.07332,0.03545
2461.14452,0.03524
2459.21573,0.03509
2457.28693,0.03495
2455.35813,0.03473
2453.42934,0.03469
2451.50054,0.03492
2449.57174,0.03492
2447.64295,0.03466
2445.71415,0.03466
2443.78535,0.03478
2441.85656,0.03475
2439.92776,0.03485
2437.99896,0.03512
2436.07017,0.03506
2434.14137,0.03467
2432.21257,0.03455
2430.28378,0.03475
2428.35498,0.03484
2426.42618,0.03498
2424.49739,0.03526
2422.56859,0.03503
2420.63979,0.03413
2418.71100,0.03327
2416.78220,0.03300
2414.85340,0.03303
2412.92461,0.03278
2410.99581,0.03226
2409.06701,0.03201
2407.13822,0.03214
2405.20942,0.03215
2403.28062,0.03202
2401.35183,0.03189
2399.42303,0.03157
2397.49423,0.03120
2395.56544,0.03111
2393.63664,0.03116
2391.70784,0.03138
2389.77905,0.03223
2387.85025,0.03430
2385.92145,0.03843
2383.99266,0.04543
2382.06386,0.05547
2380.13506,0.06808
2378.20627,0.08216
2376.27747,0.09660
2374.34867,0.11132
2372.41988,0.12649
2370.49108,0.14147
2368.56228,0.15540
2366.63349,0.16791
2364.70469,0.17829
2362.77589,0.18536
2360.84710,0.18825
2358.91830,0.18596
2356.98951,0.17772
2355.06071,0.16381
2353.13191,0.14541
2351.20312,0.12695
2349.27432,0.11728
2347.34552,0.12176
2345.41673,0.13543
2343.48793,0.14522
2341.55913,0.14674
2339.63034,0.14470
2337.70154,0.14170
2335.77274,0.13906
2333.84395,0.13821
2331.91515,0.13836
2329.98635,0.13619
2328.05756,0.13122
2326.12876,0.12664
2324.19996,0.12360
2322.27117,0.11961
2320.34237,0.11228
2318.41357,0.10281
2316.48478,0.09449
2314.55598,0.08907
2312.62718,0.08513
2310.69839,0.08046
2308.76959,0.07488
2306.84079,0.06904
2304.91200,0.06343
2302.98320,0.05868
2301.05440,0.05486
2299.12561,0.05142
2297.19681,0.04852
2295.26801,0.04641
2293.33922,0.04457
2291.41042,0.04260
2289.48162,0.04056
2287.55283,0.03849
2285.62403,0.03679
2283.69523,0.03609
2281.76644,0.03648
2279.83764,0.03747
2277.90884,0.03845
2275.98005,0.03893
2274.05125,0.03885
2272.12245,0.03871
2270.19366,0.03894
2268.26486,0.03940
2266.33606,0.03975
2264.40727,0.03994
2262.47847,0.04004
2260.54967,0.04002
2258.62088,0.04022
2256.69208,0.04077
2254.76328,0.04071
2252.83449,0.03980
2250.90569,0.03946
2248.97689,0.04000
2247.04810,0.04022
2245.11930,0.04037
2243.19050,0.04139
2241.26171,0.04236
2239.33291,0.04230
2237.40411,0.04158
2235.47532,0.04124
2233.54652,0.04169
2231.61772,0.04216
2229.68893,0.04256
2227.76013,0.04332
2225.83133,0.04361
2223.90254,0.04303
2221.97374,0.04233
2220.04494,0.04211
2218.11615,0.04298
2216.18735,0.04443
2214.25855,0.04443
2212.32976,0.04308
2210.40096,0.04323
2208.47216,0.04516
2206.54337,0.04617
2204.61457,0.04594
2202.68577,0.04617
2200.75698,0.04721
2198.82818,0.04901
2196.89938,0.05063
2194.97059,0.05048
2193.04179,0.04943
2191.11299,0.04947
2189.18420,0.05040
2187.25540,0.05106
2185.32660,0.05134
2183.39781,0.05231
2181.46901,0.05467
2179.54021,0.05669
2177.61142,0.05671
2175.68262,0.05537
2173.75382,0.05388
2171.82503,0.05322
2169.89623,0.05332
2167.96743,0.05344
2166.03864,0.05411
2164.10984,0.05614
2162.18104,0.05961
2160.25225,0.06272
2158.32345,0.06262
2156.39465,0.05991
2154.46586,0.05591
2152.53706,0.05138
2150.60826,0.04798
2148.67947,0.04575
2146.75067,0.04354
2144.82187,0.04166
2142.89308,0.04019
2140.96428,0.03871
2139.03548,0.03797
2137.10669,0.03784
2135.17789,0.03682
2133.24909,0.03482
2131.32030,0.03289
2129.39150,0.03158
2127.46270,0.03098
2125.53391,0.03066
2123.60511,0.02973
2121.67631,0.02831
2119.74752,0.02736
2117.81872,0.02697
2115.88992,0.02679
2113.96113,0.02671
2112.03233,0.02649
2110.10353,0.02639
2108.17474,0.02681
2106.24594,0.02737
2104.31714,0.02802
2102.38835,0.02889
2100.45955,0.02937
2098.53075,0.02923
2096.60196,0.02867
2094.67316,0.02787
2092.74436,0.02744
2090.81557,0.02755
2088.88677,0.02774
2086.95797,0.02803
2085.02918,0.02874
2083.10038,0.02971
2081.17158,0.03040
2079.24279,0.03043
2077.31399,0.03047
2075.38519,0.03089
2073.45640,0.03092
2071.52760,0.03068
2069.59880,0.03071
2067.67001,0.03058
2065.74121,0.03008
2063.81241,0.02996
2061.88362,0.03026
2059.95482,0.03020
2058.02602,0.02972
2056.09723,0.02913
2054.16843,0.02927
2052.23963,0.03035
2050.31084,0.03192
2048.38204,0.03448
2046.45324,0.03748
2044.52445,0.03930
2042.59565,0.04027
2040.66685,0.04146
2038.73806,0.04159
2036.80926,0.03983
2034.88046,0.03931
2032.95167,0.04152
2031.02287,0.04345
2029.09407,0.04322
2027.16528,0.04148
2025.23648,0.03947
2023.30768,0.03817
2021.37889,0.03691
2019.45009,0.03590
2017.52129,0.03685
2015.59250,0.03792
2013.66370,0.03698
2011.73490,0.03609
2009.80611,0.03592
2007.87731,0.03415
2005.94851,0.03115
2004.01972,0.03014
2002.09092,0.03157
2000.16212,0.03277
1998.23333,0.03214
1996.30453,0.03053
1994.37574,0.02922
1992.44694,0.02891
1990.51814,0.02936
1988.58935,0.03020
1986.66055,0.03144
1984.73175,0.03227
1982.80296,0.03295
1980.87416,0.03450
1978.94536,0.03519
1977.01657,0.03368
1975.08777,0.03268
1973.15897,0.03265
1971.23018,0.03126
1969.30138,0.02948
1967.37258,0.02950
1965.44379,0.03068
1963.51499,0.03080
1961.58619,0.02951
1959.65740,0.02813
1957.72860,0.02700
1955.79980,0.02579
1953.87101,0.02485
1951.94221,0.02456
1950.01341,0.02479
1948.08462,0.02508
1946.15582,0.02545
1944.22702,0.02620
1942.29823,0.02648
1940.36943,0.02548
1938.44063,0.02395
1936.51184,0.02313
1934.58304,0.02328
1932.65424,0.02343
1930.72545,0.02314
1928.79665,0.02284
1926.86785,0.02265
1924.93906,0.02251
1923.01026,0.02238
1921.08146,0.02241
1919.15267,0.02272
1917.22387,0.02250
1915.29507,0.02148
1913.36628,0.02086
1911.43748,0.02121
1909.50868,0.02160
1907.57989,0.02130
1905.65109,0.02092
1903.72229,0.02097
1901.79350,0.02110
1899.86470,0.02117
1897.93590,0.02142
1896.00711,0.02175
1894.07831,0.02180
1892.14951,0.02195
1890.22072,0.02243
1888.29192,0.02245
1886.36312,0.02185
1884.43433,0.02137
1882.50553,0.02123
1880.57673,0.02110
1878.64794,0.02078
1876.71914,0.02044
1874.79034,0.02025
1872.86155,0.02062
1870.93275,0.02186
1869.00395,0.02275
1867.07516,0.02195
1865.14636,0.02048
1863.21756,0.01961
1861.28877,0.01928
1859.35997,0.01920
1857.43117,0.01920
1855.50238,0.01927
1853.57358,0.01952
1851.64478,0.01999
1849.71599,0.02067
1847.78719,0.02162
1845.85839,0.02279
1843.92960,0.02309
1842.00080,0.02202
1840.07200,0.02114
1838.14321,0.02094
1836.21441,0.02080
1834.28561,0.02085
1832.35682,0.02169
1830.42802,0.02251
1828.49922,0.02233
1826.57043,0.02188
1824.64163,0.02125
1822.71283,0.02011
1820.78404,0.01920
1818.85524,0.01894
1816.92644,0.01891
1814.99765,0.01896
1813.06885,0.01933
1811.14005,0.01973
1809.21126,0.01964
1807.28246,0.01933
1805.35366,0.01952
1803.42487,0.02039
1801.49607,0.02128
1799.56727,0.02142
1797.63848,0.02124
1795.70968,0.02179
1793.78088,0.02310
1791.85209,0.02352
1789.92329,0.02217
1787.99449,0.02105
1786.06570,0.02104
1784.13690,0.02123
1782.20810,0.02129
1780.27931,0.02115
1778.35051,0.02079
1776.42171,0.02100
1774.49292,0.02221
1772.56412,0.02317
1770.63532,0.02264
1768.70653,0.02130
1766.77773,0.01991
1764.84893,0.01939
1762.92014,0.01998
1760.99134,0.02034
1759.06254,0.02025
1757.13375,0.02022
1755.20495,0.02023
1753.27615,0.02123
1751.34736,0.02329
1749.41856,0.02419
1747.48976,0.02342
1745.56097,0.02262
1743.63217,0.02246
1741.70337,0.02264
1739.77458,0.02259
1737.84578,0.02274
1735.91698,0.02420
1733.98819,0.02548
1732.05939,0.02409
1730.13059,0.02186
1728.20180,0.02024
1726.27300,0.01943
1724.34420,0.01946
1722.41541,0.02007
1720.48661,0.02205
1718.55781,0.02533
1716.62902,0.02694
1714.70022,0.02585
1712.77142,0.02462
1710.84263,0.02490
1708.91383,0.02701
1706.98503,0.03070
1705.05624,0.03484
1703.12744,0.03939
1701.19864,0.04597
1699.26985,0.05302
1697.34105,0.05872
1695.41225,0.06484
1693.48346,0.07130
1691.55466,0.07934
1689.62586,0.09040
1687.69707,0.10305
1685.76827,0.11839
1683.83947,0.13659
1681.91068,0.15019
1679.98188,0.16067
1678.05308,0.17277
1676.12429,0.18730
1674.19549,0.20194
1672.26669,0.21420
1670.33790,0.22568
1668.40910,0.23533
1666.48030,0.24148
1664.55151,0.24707
1662.62271,0.25238
1660.69391,0.25518
1658.76512,0.25664
1656.83632,0.25929
1654.90752,0.26388
1652.97873,0.26668
1651.04993,0.26553
1649.12113,0.26676
1647.19234,0.27167
1645.26354,0.27722
1643.33474,0.28322
1641.40595,0.29243
1639.47715,0.30537
1637.54835,0.32248
1635.61956,0.34358
1633.69076,0.36202
1631.76197,0.37680
1629.83317,0.39254
1627.90437,0.40846
1625.97558,0.42131
1624.04678,0.43046
1622.11798,0.43527
1620.18919,0.43654
1618.26039,0.43640
1616.33159,0.43385
1614.40280,0.42970
1612.47400,0.42765
1610.54520,0.42872
1608.61641,0.43258
1606.68761,0.43875
1604.75881,0.44706
1602.83002,0.45691
1600.90122,0.46713
1598.97242,0.47643
1597.04363,0.48369
1595.11483,0.48777
1593.18603,0.48755
1591.25724,0.48295
1589.32844,0.47405
1587.39964,0.46114
1585.47085,0.44492
1583.54205,0.42608
1581.61325,0.40583
1579.68446,0.38636
1577.75566,0.36624
1575.82686,0.34145
1573.89807,0.31834
1571.96927,0.30058
1570.04047,0.28233
1568.11168,0.26324
1566.18288,0.24695
1564.25408,0.23365
1562.32529,0.22453
1560.39649,0.21750
1558.46769,0.20457
1556.53890,0.18956
1554.61010,0.17839
1552.68130,0.16931
1550.75251,0.16160
1548.82371,0.15480
1546.89491,0.14982
1544.96612,0.14697
1543.03732,0.14503
1541.10852,0.14189
1539.17973,0.13454
1537.25093,0.12722
1535.32213,0.12338
1533.39334,0.12029
1531.46454,0.11614
1529.53574,0.11305
1527.60695,0.11155
1525.67815,0.11031
1523.74935,0.10939
1521.82056,0.10830
1519.89176,0.10587
1517.96296,0.10319
1516.03417,0.10052
1514.10537,0.09809
1512.17657,0.09748
1510.24778,0.09953
1508.31898,0.10303
1506.39018,0.10301
1504.46139,0.09904
1502.53259,0.09744
1500.60379,0.09937
1498.67500,0.10335
1496.74620,0.10732
1494.81740,0.11062
1492.88861,0.11546
1490.95981,0.12346
1489.03101,0.13246
1487.10222,0.13995
1485.17342,0.14759
1483.24462,0.15730
1481.31583,0.16913
1479.38703,0.18211
1477.45823,0.19622
1475.52944,0.21157
1473.60064,0.22698
1471.67184,0.23973
1469.74305,0.24832
1467.81425,0.25581
1465.88545,0.26366
1463.95666,0.26916
1462.02786,0.27157
1460.09906,0.27329
1458.17027,0.27292
1456.24147,0.26489
1454.31267,0.25251
1452.38388,0.24085
1450.45508,0.22942
1448.52628,0.21693
1446.59749,0.20294
1444.66869,0.18921
1442.73989,0.17667
1440.81110,0.16581
1438.88230,0.15694
1436.95350,0.14743
1435.02471,0.13640
1433.09591,0.12718
1431.16711,0.11981
1429.23832,0.11271
1427.30952,0.10633
1425.38072,0.10134
1423.45193,0.09735
1421.52313,0.09457
1419.59433,0.09229
1417.66554,0.08828
1415.73674,0.08337
1413.80794,0.07961
1411.87915,0.07700
1409.95035,0.07489
1408.02155,0.07330
1406.09276,0.07217
1404.16396,0.07068
1402.23516,0.06920
1400.30637,0.06871
1398.37757,0.06864
1396.44877,0.06802
1394.51998,0.06635
1392.59118,0.06398
1390.66238,0.06250
1388.73359,0.06217
1386.80479,0.06134
1384.87599,0.05947
1382.94720,0.05791
1381.01840,0.05708
1379.08960,0.05659
1377.16081,0.05642
1375.23201,0.05638
1373.30321,0.05551
1371.37442,0.05406
1369.44562,0.05310
1367.51682,0.05266
1365.58803,0.05283
1363.65923,0.05353
1361.73043,0.05341
1359.80164,0.05221
1357.87284,0.05121
1355.94404,0.05080
1354.01525,0.05056
1352.08645,0.05033
1350.15765,0.05021
1348.22886,0.05012
1346.30006,0.05001
1344.37126,0.05011
1342.44247,0.05078
1340.51367,0.05169
1338.58487,0.05173
1336.65608,0.05076
1334.72728,0.04977
1332.79848,0.04915
1330.86969,0.04868
1328.94089,0.04824
1327.01209,0.04786
1325.08330,0.04754
1323.15450,0.04731
1321.22570,0.04727
1319.29691,0.04730
1317.36811,0.04715
1315.43931,0.04691
1313.51052,0.04675
1311.58172,0.04659
1309.65292,0.04647
1307.72413,0.04637
1305.79533,0.04628
1303.86653,0.04629
1301.93774,0.04644
1300.00894,0.04663
1298.08014,0.04683
1296.15135,0.04695
1294.22255,0.04694
1292.29375,0.04687
1290.36496,0.04685
1288.43616,0.04682
1286.50736,0.04666
1284.57857,0.04640
1282.64977,0.04622
1280.72097,0.04607
1278.79218,0.04584
1276.86338,0.04561
1274.93458,0.04553
1273.00579,0.04561
1271.07699,0.04570
1269.14820,0.04574
1267.21940,0.04588
1265.29060,0.04617
1263.36181,0.04648
1261.43301,0.04671
1259.50421,0.04683
1257.57542,0.04688
1255.64662,0.04693
1253.71782,0.04708
1251.78903,0.04734
1249.86023,0.04762
1247.93143,0.04785
1246.00264,0.04809
1244.07384,0.04837
1242.14504,0.04862
1240.21625,0.04876
1238.28745,0.04882
1236.35865,0.04886
1234.42986,0.04885
1232.50106,0.04888
1230.57226,0.04902
1228.64347,0.04919
1226.71467,0.04930
1224.78587,0.04941
1222.85708,0.04960
1220.92828,0.04994
1218.99948,0.05040
1217.07069,0.05091
1215.14189,0.05145
1213.21309,0.05203
1211.28430,0.05274
1209.35550,0.05356
1207.42670,0.05442
1205.49791,0.05534
1203.56911,0.05632
1201.64031,0.05739
1199.71152,0.05861
1197.78272,0.06000
1195.85392,0.06147
1193.92513,0.06303
1191.99633,0.06481
1190.06753,0.06688
1188.13874,0.06916
1186.20994,0.07154
1184.28114,0.07403
1182.35235,0.07681
1180.42355,0.08009
1178.49475,0.08388
1176.56596,0.08806
1174.63716,0.09251
1172.70836,0.09722
1170.77957,0.10218
1168.85077,0.10726
1166.92197,0.11224
1164.99318,0.11694
1163.06438,0.12112
1161.13558,0.12444
1159.20679,0.12660
1157.27799,0.12750
1155.34919,0.12710
1153.42040,0.12543
1151.49160,0.12271
1149.56280,0.11912
1147.63401,0.11484
1145.70521,0.11012
1143.77641,0.10518
1141.84762,0.10026
1139.91882,0.09548
1137.99002,0.09091
1136.06123,0.08660
1134.13243,0.08261
1132.20363,0.07902
1130.27484,0.07594
1128.34604,0.07330
1126.41724,0.07095
1124.48845,0.06888
1122.55965,0.06712
1120.63085,0.06571
1118.70206,0.06455
1116.77326,0.06353
1114.84446,0.06266
1112.91567,0.06199
1110.98687,0.06143
1109.05807,0.06095
1107.12928,0.06059
1105.20048,0.06039
1103.27168,0.06026
1101.34289,0.06016
1099.41409,0.06011
1097.48529,0.06012
1095.55650,0.06018
1093.62770,0.06025
1091.69890,0.06035
1089.77011,0.06054
1087.84131,0.06078
1085.91251,0.06092
1083.98372,0.06100
1082.05492,0.06116
1080.12612,0.06141
1078.19733,0.06175
1076.26853,0.06215
1074.33973,0.06260
1072.41094,0.06308
1070.48214,0.06350
1068.55334,0.06376
1066.62455,0.06395
1064.69575,0.06417
1062.76695,0.06428
1060.83816,0.06411
1058.90936,0.06380
1056.98056,0.06349
1055.05177,0.06313
1053.12297,0.06263
1051.19417,0.06203
1049.26538,0.06137
1047.33658,0.06070
1045.40778,0.06006
1043.47899,0.05938
1041.55019,0.05855
1039.62139,0.05761
1037.69260,0.05672
1035.76380,0.05589
1033.83500,0.05501
1031.90621,0.05413
1029.97741,0.05337
1028.04861,0.05268
1026.11982,0.05202
1024.19102,0.05153
1022.26222,0.05121
1020.33343,0.05089
1018.40463,0.05053
1016.47583,0.05030
1014.54704,0.05024
1012.61824,0.05024
1010.68944,0.05016
1008.76065,0.04990
1006.83185,0.04948
1004.90305,0.04891
1002.97426,0.04825
1001.04546,0.04764
999.11666,0.04713
997.18787,0.04670
995.25907,0.04624
993.33027,0.04572
991.40148,0.04521
989.47268,0.04474
987.54388,0.04417
985.61509,0.04351
983.68629,0.04290
981.75749,0.04238
979.82870,0.04182
977.89990,0.04117
975.97110,0.04056
974.04231,0.04009
972.11351,0.03966
970.18471,0.03923
968.25592,0.03896
966.32712,0.03893
964.39832,0.03897
962.46953,0.03892
960.54073,0.03873
958.61193,0.03839
956.68314,0.03798
954.75434,0.03762
952.82554,0.03745
950.89675,0.03737
948.96795,0.03714
947.03915,0.03670
945.11036,0.03620
943.18156,0.03565
941.25276,0.03500
939.32397,0.03431
937.39517,0.03364
935.46637,0.03299
933.53758,0.03234
931.60878,0.03169
929.67998,0.03107
927.75119,0.03059
925.82239,0.03020
923.89359,0.02970
921.96480,0.02905
920.03600,0.02844
918.10720,0.02803
916.17841,0.02773
914.24961,0.02745
912.32081,0.02724
910.39202,0.02711
908.46322,0.02691
906.53443,0.02651
904.60563,0.02612
902.67683,0.02589
900.74804,0.02573
898.81924,0.02546
896.89044,0.02499
894.96165,0.02441
893.03285,0.02377
891.10405,0.02309
889.17526,0.02237
887.24646,0.02156
885.31766,0.02067
883.38887,0.01980
881.46007,0.01908
879.53127,0.01846
877.60248,0.01792
875.67368,0.01747
873.74488,0.01707
871.81609,0.01674
869.88729,0.01648
867.95849,0.01619
866.02970,0.01597
864.10090,0.01591
862.17210,0.01589
860.24331,0.01575
858.31451,0.01555
856.38571,0.01536
854.45692,0.01526
852.52812,0.01527
850.59932,0.01520
848.67053,0.01493
846.74173,0.01462
844.81293,0.01434
842.88414,0.01390
840.95534,0.01338
839.02654,0.01301
837.09775,0.01270
835.16895,0.01234
833.24015,0.01204
831.31136,0.01184
829.38256,0.01162
827.45376,0.01132
825.52497,0.01109
823.59617,0.01117
821.66737,0.01151
819.73858,0.01181
817.80978,0.01200
815.88098,0.01231
813.95219,0.01282
812.02339,0.01331
810.09459,0.01375
808.16580,0.01433
806.23700,0.01501
804.30820,0.01572
802.37941,0.01653
800.45061,0.01736
798.52181,0.01817
796.59302,0.01909
794.66422,0.02002
792.73542,0.02078
790.80663,0.02138
788.87783,0.02191
786.94903,0.02241
785.02024,0.02275
783.09144,0.02258
781.16264,0.02182
779.23385,0.02063
777.30505,0.01913
775.37625,0.01763
773.44746,0.01660
771.51866,0.01618
769.58986,0.01606
767.66107,0.01587
765.73227,0.01556
763.80347,0.01523
761.87468,0.01496
759.94588,0.01493
758.01708,0.01519
756.08829,0.01548
754.15949,0.01564
752.23069,0.01583
750.30190,0.01599
748.37310,0.01598
