3496.90832,0.06208
3494.97953,0.05768
3493.05073,0.05702
3491.12193,0.06272
3489.19314,0.06930
3487.26434,0.06933
3485.33554,0.06162
3483.40675,0.05538
3481.47795,0.05562
3479.54915,0.05737
3477.62036,0.05923
3475.69156,0.06251
3473.76276,0.06688
3471.83397,0.07138
3469.90517,0.07214
3467.97637,0.06775
3466.04758,0.06358
3464.11878,0.06179
3462.18998,0.05933
3460.26119,0.05622
3458.33239,0.05327
3456.40359,0.05190
3454.47480,0.05473
3452.54600,0.05944
3450.61721,0.06189
3448.68841,0.05827
3446.75961,0.05120
3444.83082,0.05054
3442.90202,0.05314
3440.97322,0.04900
3439.04443,0.04257
3437.11563,0.04051
3435.18683,0.03953
3433.25804,0.03766
3431.32924,0.03770
3429.40044,0.04129
3427.47165,0.04482
3425.54285,0.04726
3423.61405,0.05440
3421.68526,0.06086
3419.75646,0.06022
3417.82766,0.06101
3415.89887,0.06260
3413.97007,0.05821
3412.04127,0.05097
3410.11248,0.04306
3408.18368,0.03437
3406.25488,0.02742
3404.32609,0.02492
3402.39729,0.02797
3400.46849,0.03514
3398.53970,0.04124
3396.61090,0.04054
3394.68210,0.03498
3392.75331,0.03092
3390.82451,0.03034
3388.89571,0.03438
3386.96692,0.04206
3385.03812,0.04570
3383.10932,0.04215
3381.18053,0.03635
3379.25173,0.03454
3377.32293,0.04130
3375.39414,0.05095
3373.46534,0.05608
3371.53654,0.05825
3369.60775,0.05845
3367.67895,0.05968
3365.75015,0.06236
3363.82136,0.05920
3361.89256,0.05293
3359.96376,0.05153
3358.03497,0.05372
3356.10617,0.05806
3354.17737,0.06528
3352.24858,0.06958
3350.31978,0.06848
3348.39098,0.06641
3346.46219,0.06302
3344.53339,0.05904
3342.60459,0.05990
3340.67580,0.06334
3338.74700,0.06017
3336.81820,0.05219
3334.88941,0.05208
3332.96061,0.05875
3331.03181,0.06111
3329.10302,0.05958
3327.17422,0.05533
3325.24542,0.04728
3323.31663,0.04069
3321.38783,0.03902
3319.45903,0.03987
3317.53024,0.03978
3315.60144,0.03649
3313.67264,0.03280
3311.74385,0.03178
3309.81505,0.03337
3307.88625,0.03984
3305.95746,0.04713
3304.02866,0.04441
3302.09986,0.03522
3300.17107,0.03247
3298.24227,0.03570
3296.31347,0.03672
3294.38468,0.03555
3292.45588,0.03458
3290.52708,0.03193
3288.59829,0.02850
3286.66949,0.02554
3284.74069,0.02161
3282.81190,0.01905
3280.88310,0.02118
3278.95430,0.02774
3277.02551,0.03609
3275.09671,0.04235
3273.16791,0.04443
3271.23912,0.04177
3269.31032,0.03395
3267.38152,0.02552
3265.45273,0.02239
3263.52393,0.02358
3261.59513,0.02626
3259.66634,0.02919
3257.73754,0.03198
3255.80874,0.03521
3253.87995,0.03837
3251.95115,0.04081
3250.02235,0.04136
3248.09356,0.03884
3246.16476,0.03499
3244.23596,0.03262
3242.30717,0.02962
3240.37837,0.02652
3238.44957,0.03246
3236.52078,0.04540
3234.59198,0.05279
3232.66318,0.05284
3230.73439,0.05005
3228.80559,0.04557
3226.87679,0.03833
3224.94800,0.03030
3223.01920,0.02843
3221.09040,0.03258
3219.16161,0.03656
3217.23281,0.04145
3215.30401,0.04678
3213.37522,0.04751
3211.44642,0.04744
3209.51762,0.05118
3207.58883,0.05482
3205.66003,0.05527
3203.73123,0.05302
3201.80244,0.04894
3199.87364,0.04416
3197.94484,0.04056
3196.01605,0.03927
3194.08725,0.03974
3192.15845,0.04122
3190.22966,0.04446
3188.30086,0.04886
3186.37206,0.04908
3184.44327,0.04458
3182.51447,0.04172
3180.58567,0.04175
3178.65688,0.04159
3176.72808,0.04048
3174.79928,0.04039
3172.87049,0.04138
3170.94169,0.04021
3169.01289,0.03624
3167.08410,0.03358
3165.15530,0.03521
3163.22650,0.03785
3161.29771,0.03754
3159.36891,0.03447
3157.44011,0.03094
3155.51132,0.03035
3153.58252,0.03349
3151.65372,0.03693
3149.72493,0.03718
3147.79613,0.03510
3145.86733,0.03351
3143.93854,0.03159
3142.00974,0.02969
3140.08094,0.03009
3138.15215,0.03107
3136.22335,0.03147
3134.29455,0.03238
3132.36576,0.03293
3130.43696,0.03295
3128.50816,0.03256
3126.57937,0.03139
3124.65057,0.03070
3122.72177,0.03112
3120.79298,0.03206
3118.86418,0.03293
3116.93538,0.03318
3115.00659,0.03245
3113.07779,0.03118
3111.14899,0.03069
3109.22020,0.03098
3107.29140,0.03141
3105.36260,0.03148
3103.43381,0.03077
3101.50501,0.03051
3099.57621,0.03067
3097.64742,0.02956
3095.71862,0.02752
3093.78982,0.02569
3091.86103,0.02487
3089.93223,0.02597
3088.00344,0.02804
3086.07464,0.02867
3084.14584,0.02841
3082.21705,0.02922
3080.28825,0.02994
3078.35945,0.02907
3076.43066,0.02736
3074.50186,0.02649
3072.57306,0.02703
3070.64427,0.02794
3068.71547,0.02843
3066.78667,0.02837
3064.85788,0.02835
3062.92908,0.02923
3061.00028,0.03008
3059.07149,0.02914
3057.14269,0.02752
3055.21389,0.02805
3053.28510,0.03002
3051.35630,0.03060
3049.42750,0.02946
3047.49871,0.02810
3045.56991,0.02783
3043.64111,0.02881
3041.71232,0.02982
3039.78352,0.02982
3037.85472,0.02953
3035.92593,0.03024
3033.99713,0.03124
3032.06833,0.03174
3030.13954,0.03229
3028.21074,0.03283
3026.28194,0.03300
3024.35315,0.03300
3022.42435,0.03277
3020.49555,0.03235
3018.56676,0.03240
3016.63796,0.03311
3014.70916,0.03371
3012.78037,0.03404
3010.85157,0.03446
3008.92277,0.03452
3006.99398,0.03391
3005.06518,0.03329
3003.13638,0.03285
3001.20759,0.03221
2999.27879,0.03180
2997.34999,0.03218
2995.42120,0.03322
2993.49240,0.03421
2991.56360,0.03432
2989.63481,0.03408
2987.70601,0.03426
2985.77721,0.03433
2983.84842,0.03412
2981.91962,0.03442
2979.99082,0.03504
2978.06203,0.03536
2976.13323,0.03559
2974.20443,0.03573
2972.27564,0.03572
2970.34684,0.03594
2968.41804,0.03613
2966.48925,0.03611
2964.56045,0.03640
2962.63165,0.03687
2960.70286,0.03704
2958.77406,0.03714
2956.84526,0.03757
2954.91647,0.03807
2952.98767,0.03827
2951.05887,0.03827
2949.13008,0.03837
2947.20128,0.03855
2945.27248,0.03866
2943.34369,0.03875
2941.41489,0.03867
2939.48609,0.03858
2937.55730,0.03881
2935.62850,0.03916
2933.69970,0.03951
2931.77091,0.04007
2929.84211,0.04064
2927.91331,0.04083
2925.98452,0.04073
2924.05572,0.04074
2922.12692,0.04111
2920.19813,0.04168
2918.26933,0.04203
2916.34053,0.04186
2914.41174,0.04124
2912.48294,0.04041
2910.55414,0.03973
2908.62535,0.03934
2906.69655,0.03901
2904.76775,0.03877
2902.83896,0.03874
2900.91016,0.03874
2898.98136,0.03886
2897.05257,0.03914
2895.12377,0.03916
2893.19497,0.03889
2891.26618,0.03883
2889.33738,0.03887
2887.40858,0.03835
2885.47979,0.03750
2883.55099,0.03748
2881.62219,0.03842
2879.69340,0.03917
2877.76460,0.03929
2875.83580,0.03942
2873.90701,0.03970
2871.97821,0.03978
2870.04941,0.03972
2868.12062,0.03981
2866.19182,0.04002
2864.26302,0.04025
2862.33423,0.04056
2860.40543,0.04110
2858.47663,0.04181
2856.54784,0.04211
2854.61904,0.04188
2852.69024,0.04166
2850.76145,0.04166
2848.83265,0.04173
2846.90385,0.04151
2844.97506,0.04117
2843.04626,0.04120
2841.11746,0.04126
2839.18867,0.04104
2837.25987,0.04096
2835.33107,0.04106
2833.40228,0.04096
2831.47348,0.04073
2829.54468,0.04076
2827.61589,0.04103
2825.68709,0.04134
2823.75829,0.04160
2821.82950,0.04174
2819.90070,0.04168
2817.97190,0.04149
2816.04311,0.04135
2814.11431,0.04129
2812.18551,0.04119
2810.25672,0.04096
2808.32792,0.04061
2806.39912,0.04035
2804.47033,0.04037
2802.54153,0.04051
2800.61273,0.04055
2798.68394,0.04051
2796.75514,0.04027
2794.82634,0.03982
2792.89755,0.03946
2790.96875,0.03940
2789.03995,0.03950
2787.11116,0.03946
2785.18236,0.03914
2783.25356,0.03879
2781.32477,0.03861
2779.39597,0.03839
2777.46717,0.03818
2775.53838,0.03822
2773.60958,0.03840
2771.68078,0.03848
2769.75199,0.03845
2767.82319,0.03848
2765.89439,0.03860
2763.96560,0.03862
2762.03680,0.03841
2760.10800,0.03808
2758.17921,0.03770
2756.25041,0.03747
2754.32161,0.03745
2752.39282,0.03727
2750.46402,0.03695
2748.53522,0.03693
2746.60643,0.03717
2744.67763,0.03727
2742.74883,0.03712
2740.82004,0.03689
2738.89124,0.03675
2736.96244,0.03692
2735.03365,0.03737
2733.10485,0.03772
2731.17605,0.03780
2729.24726,0.03779
2727.31846,0.03778
2725.38967,0.03769
2723.46087,0.03746
2721.53207,0.03735
2719.60328,0.03747
2717.67448,0.03769
2715.74568,0.03783
2713.81689,0.03785
2711.88809,0.03773
2709.95929,0.03748
2708.03050,0.03729
2706.10170,0.03725
2704.17290,0.03724
2702.24411,0.03712
2700.31531,0.03695
2698.38651,0.03684
2696.45772,0.03672
2694.52892,0.03658
2692.60012,0.03662
2690.67133,0.03681
2688.74253,0.03689
2686.81373,0.03683
2684.88494,0.03684
2682.95614,0.03694
2681.02734,0.03695
2679.09855,0.03692
2677.16975,0.03701
2675.24095,0.03717
2673.31216,0.03717
2671.38336,0.03692
2669.45456,0.03672
2667.52577,0.03677
2665.59697,0.03683
2663.66817,0.03673
2661.73938,0.03656
2659.81058,0.03638
2657.88178,0.03634
2655.95299,0.03635
2654.02419,0.03630
2652.09539,0.03634
2650.16660,0.03642
2648.23780,0.03650
2646.30900,0.03660
2644.38021,0.03669
2642.45141,0.03682
2640.52261,0.03699
2638.59382,0.03705
2636.66502,0.03705
2634.73622,0.03720
2632.80743,0.03756
2630.87863,0.03796
2628.94983,0.03803
2627.02104,0.03783
2625.09224,0.03775
2623.16344,0.03783
2621.23465,0.03797
2619.30585,0.03820
2617.37705,0.03829
2615.44826,0.03811
2613.51946,0.03800
2611.59066,0.03806
2609.66187,0.03809
2607.73307,0.03801
2605.80427,0.03792
2603.87548,0.03790
2601.94668,0.03791
2600.01788,0.03789
2598.08909,0.03803
2596.16029,0.03835
2594.23149,0.03848
2592.30270,0.03828
2590.37390,0.03818
2588.44510,0.03803
2586.51631,0.03753
2584.58751,0.03728
2582.65871,0.03740
2580.72992,0.03746
2578.80112,0.03761
2576.87232,0.03806
2574.94353,0.03838
2573.01473,0.03831
2571.08593,0.03812
2569.15714,0.03794
2567.22834,0.03773
2565.29954,0.03754
2563.37075,0.03712
2561.44195,0.03655
2559.51315,0.03641
2557.58436,0.03686
2555.65556,0.03741
2553.72676,0.03755
2551.79797,0.03727
2549.86917,0.03701
2547.94037,0.03699
2546.01158,0.03695
2544.08278,0.03686
2542.15398,0.03703
2540.22519,0.03732
2538.29639,0.03743
2536.36759,0.03747
2534.43880,0.03747
2532.51000,0.03748
2530.58120,0.03753
2528.65241,0.03743
2526.72361,0.03725
2524.79481,0.03702
2522.86602,0.03663
2520.93722,0.03654
2519.00842,0.03691
2517.07963,0.03716
2515.15083,0.03709
2513.22203,0.03690
2511.29324,0.03663
2509.36444,0.03636
2507.43564,0.03617
2505.50685,0.03598
2503.57805,0.03574
2501.64925,0.03551
2499.72046,0.03548
2497.79166,0.03566
2495.86286,0.03585
2493.93407,0.03602
2492.00527,0.03599
2490.07647,0.03557
2488.14768,0.03516
2486.21888,0.03541
2484.29008,0.03615
2482.36129,0.03656
2480.43249,0.03649
2478.50369,0.03640
2476.57490,0.03644
2474.64610,0.03647
2472.71730,0.03627
2470.78851,0.03580
2468.85971,0.03556
2466.93091,0.03570
2465.00212,0.03585
2463.07332,0.03578
2461.14452,0.03555
2459.21573,0.03543
2457.28693,0.03540
2455.35813,0.03504
2453.42934,0.03453
2451.50054,0.03447
2449.57174,0.03448
2447.64295,0.03416
2445.71415,0.03409
2443.78535,0.03441
2441.85656,0.03449
2439.92776,0.03435
2437.99896,0.03443
2436.07017,0.03452
2434.14137,0.03442
2432.21257,0.03422
2430.28378,0.03396
2428.35498,0.03385
2426.42618,0.03402
2424.49739,0.03428
2422.56859,0.03434
2420.63979,0.03403
2418.71100,0.03345
2416.78220,0.03290
2414.85340,0.03266
2412.92461,0.03252
2410.99581,0.03232
2409.06701,0.03223
2407.13822,0.03211
2405.20942,0.03175
2403.28062,0.03147
2401.35183,0.03138
2399.42303,0.03104
2397.49423,0.03050
2395.56544,0.03030
2393.63664,0.03059
2391.70784,0.03106
2389.77905,0.03176
2387.85025,0.03362
2385.92145,0.03764
2383.99266,0.04436
2382.06386,0.05397
2380.13506,0.06594
2378.20627,0.07916
2376.27747,0.09277
2374.34867,0.10695
2372.41988,0.12188
2370.49108,0.13684
2368.56228,0.15087
2366.63349,0.16334
2364.70469,0.17345
2362.77589,0.18033
2360.84710,0.18316
2358.91830,0.18096
2356.98951,0.17295
2355.06071,0.15950
2353.13191,0.14154
2351.20312,0.12319
2349.27432,0.11346
2347.34552,0.11776
2345.41673,0.13103
2343.48793,0.14044
2341.55913,0.14176
2339.63034,0.13978
2337.70154,0.13708
2335.77274,0.13462
2333.84395,0.13364
2331.91515,0.13350
2329.98635,0.13128
2328.05756,0.12664
2326.12876,0.12238
2324.19996,0.11944
2322.27117,0.11550
2320.34237,0.10840
2318.41357,0.09944
2316.48478,0.09176
2314.55598,0.08695
2312.62718,0.08347
2310.69839,0.07902
2308.76959,0.07338
2306.84079,0.06738
2304.91200,0.06173
2302.98320,0.05720
2301.05440,0.05385
2299.12561,0.05079
2297.19681,0.04780
2295.26801,0.04535
2293.33922,0.04326
2291.41042,0.04105
2289.48162,0.03901
2287.55283,0.03773
2285.62403,0.03695
2283.69523,0.03641
2281.76644,0.03645
2279.83764,0.03695
2277.90884,0.03747
2275.98005,0.03774
2274.05125,0.03773
2272.12245,0.03773
2270.19366,0.03803
2268.26486,0.03866
2266.33606,0.03924
2264.40727,0.03942
2262.47847,0.03950
2260.54967,0.03972
2258.62088,0.04018
2256.69208,0.04081
2254.76328,0.04087
2252.83449,0.03995
2250.90569,0.03846
2248.97689,0.03732
2247.04810,0.03725
2245.11930,0.03807
2243.19050,0.03944
2241.26171,0.04095
2239.33291,0.04196
2237.40411,0.04202
2235.47532,0.04154
2233.54652,0.04146
2231.61772,0.04151
2229.68893,0.04142
2227.76013,0.04170
2225.83133,0.04185
2223.90254,0.04189
2221.97374,0.04269
2220.04494,0.04359
2218.11615,0.04386
2216.18735,0.04424
2214.25855,0.04458
2212.32976,0.04397
2210.40096,0.04339
2208.47216,0.04408
2206.54337,0.04481
2204.61457,0.04473
2202.68577,0.04532
2200.75698,0.04740
2198.82818,0.04936
2196.89938,0.04927
2194.97059,0.04813
2193.04179,0.04806
2191.11299,0.04857
2189.18420,0.04880
2187.25540,0.04904
2185.32660,0.04923
2183.39781,0.04948
2181.46901,0.05043
2179.54021,0.05144
2177.61142,0.05150
2175.68262,0.05155
2173.75382,0.05251
2171.82503,0.05359
2169.89623,0.05415
2167.96743,0.05429
2166.03864,0.05480
2164.10984,0.05725
2162.18104,0.06143
2160.25225,0.06439
2158.32345,0.06407
2156.39465,0.06118
2154.46586,0.05770
2152.53706,0.05470
2150.60826,0.05155
2148.67947,0.04820
2146.75067,0.04545
2144.82187,0.04340
2142.89308,0.04099
2140.96428,0.03832
2139.03548,0.03726
2137.10669,0.03752
2135.17789,0.03667
2133.24909,0.03415
2131.32030,0.03151
2129.39150,0.03004
2127.46270,0.02964
2125.53391,0.02965
2123.60511,0.02935
2121.67631,0.02854
2119.74752,0.02789
2117.81872,0.02779
2115.88992,0.02773
2113.96113,0.02746
2112.03233,0.02741
2110.10353,0.02773
2108.17474,0.02796
2106.24594,0.02785
2104.31714,0.02780
2102.38835,0.02782
2100.45955,0.02768
2098.53075,0.02769
2096.60196,0.02780
2094.67316,0.02748
2092.74436,0.02664
2090.81557,0.02599
2088.88677,0.02627
2086.95797,0.02716
2085.02918,0.02803
2083.10038,0.02880
2081.17158,0.02930
2079.24279,0.02933
2077.31399,0.02945
2075.38519,0.02988
2073.45640,0.03016
2071.52760,0.02990
2069.59880,0.02944
2067.67001,0.02930
2065.74121,0.02902
2063.81241,0.02852
2061.88362,0.02839
2059.95482,0.02870
2058.02602,0.02938
2056.09723,0.02991
2054.16843,0.03023
2052.23963,0.03088
2050.31084,0.03208
2048.38204,0.03386
2046.45324,0.03549
2044.52445,0.03634
2042.59565,0.03717
2040.66685,0.03865
2038.73806,0.03953
2036.80926,0.03922
2034.88046,0.03949
2032.95167,0.04066
2031.02287,0.04110
2029.09407,0.04011
2027.16528,0.03857
2025.23648,0.03771
2023.30768,0.03820
2021.37889,0.03900
2019.45009,0.03813
2017.52129,0.03676
2015.59250,0.03710
2013.66370,0.03752
2011.73490,0.03678
2009.80611,0.03658
2007.87731,0.03647
2005.94851,0.03475
2004.01972,0.03281
2002.09092,0.03228
2000.16212,0.03271
1998.23333,0.03326
1996.30453,0.03343
1994.37574,0.03334
1992.44694,0.03337
1990.51814,0.03314
1988.58935,0.03279
1986.66055,0.03324
1984.73175,0.03384
1982.80296,0.03390
1980.87416,0.03433
1978.94536,0.03502
1977.01657,0.03501
1975.08777,0.03444
1973.15897,0.03315
1971.23018,0.03119
1969.30138,0.02997
1967.37258,0.02999
1965.44379,0.02993
1963.51499,0.02908
1961.58619,0.02812
1959.65740,0.02740
1957.72860,0.02657
1955.79980,0.02579
1953.87101,0.02535
1951.94221,0.02511
1950.01341,0.02510
1948.08462,0.02518
1946.15582,0.02517
1944.22702,0.02538
1942.29823,0.02535
1940.36943,0.02435
1938.44063,0.02295
1936.51184,0.02216
1934.58304,0.02231
1932.65424,0.02255
1930.72545,0.02231
1928.79665,0.02224
1926.86785,0.02271
1924.93906,0.02334
1923.01026,0.02341
1921.08146,0.02295
1919.15267,0.02259
1917.22387,0.02197
1915.29507,0.02086
1913.36628,0.02023
1911.43748,0.02045
1909.50868,0.02078
1907.57989,0.02057
1905.65109,0.02007
1903.72229,0.01976
1901.79350,0.01971
1899.86470,0.01988
1897.93590,0.02034
1896.00711,0.02083
1894.07831,0.02119
1892.14951,0.02172
1890.22072,0.02215
1888.29192,0.02174
1886.36312,0.02092
1884.43433,0.02053
1882.50553,0.02050
1880.57673,0.02042
1878.64794,0.02008
1876.71914,0.01980
1874.79034,0.01983
1872.86155,0.02028
1870.93275,0.02136
1869.00395,0.02217
1867.07516,0.02137
1865.14636,0.01988
1863.21756,0.01899
1861.28877,0.01855
1859.35997,0.01833
1857.43117,0.01830
1855.50238,0.01836
1853.57358,0.01851
1851.64478,0.01880
1849.71599,0.01934
1847.78719,0.02031
1845.85839,0.02168
1843.92960,0.02214
1842.00080,0.02115
1840.07200,0.02041
1838.14321,0.02043
1836.21441,0.02038
1834.28561,0.02035
1832.35682,0.02119
1830.42802,0.02221
1828.49922,0.02215
1826.57043,0.02161
1824.64163,0.02087
1822.71283,0.01972
1820.78404,0.01888
1818.85524,0.01868
1816.92644,0.01858
1814.99765,0.01852
1813.06885,0.01881
1811.14005,0.01910
1809.21126,0.01886
1807.28246,0.01839
1805.35366,0.01846
1803.42487,0.01933
1801.49607,0.02032
1799.56727,0.02051
1797.63848,0.02027
1795.70968,0.02074
1793.78088,0.02208
1791.85209,0.02258
1789.92329,0.02132
1787.99449,0.02029
1786.06570,0.02040
1784.13690,0.02073
1782.20810,0.02088
1780.27931,0.02080
1778.35051,0.02048
1776.42171,0.02070
1774.49292,0.02191
1772.56412,0.02289
1770.63532,0.02233
1768.70653,0.02096
1766.77773,0.01956
1764.84893,0.01898
1762.92014,0.01943
1760.99134,0.01962
1759.06254,0.01938
1757.13375,0.01927
1755.20495,0.01926
1753.27615,0.02023
1751.34736,0.02223
1749.41856,0.02310
1747.48976,0.02239
1745.56097,0.02173
1743.63217,0.02168
1741.70337,0.02197
1739.77458,0.02202
1737.84578,0.02223
1735.91698,0.02374
1733.98819,0.02519
1732.05939,0.02391
1730.13059,0.02167
1728.20180,0.02002
1726.27300,0.01916
1724.34420,0.01911
1722.41541,0.01967
1720.48661,0.02160
1718.55781,0.02488
1716.62902,0.02654
1714.70022,0.02538
1712.77142,0.02399
1710.84263,0.02414
1708.91383,0.02621
1706.98503,0.02988
1705.05624,0.03395
1703.12744,0.03843
1701.19864,0.04504
1699.26985,0.05216
1697.34105,0.05796
1695.41225,0.06419
1693.48346,0.07071
1691.55466,0.07879
1689.62586,0.08995
1687.69707,0.10268
1685.76827,0.11808
1683.83947,0.13638
1681.91068,0.15016
1679.98188,0.16086
1678.05308,0.17313
1676.12429,0.18770
1674.19549,0.20230
1672.26669,0.21449
1670.33790,0.22592
1668.40910,0.23557
1666.48030,0.24163
1664.55151,0.24699
1662.62271,0.25209
1660.69391,0.25487
1658.76512,0.25636
1656.83632,0.25903
1654.90752,0.26374
1652.97873,0.26681
1651.04993,0.26575
1649.12113,0.26692
1647.19234,0.27179
1645.26354,0.27718
1643.33474,0.28289
1641.40595,0.29205
1639.47715,0.30529
1637.54835,0.32277
1635.61956,0.34420
1633.69076,0.36297
1631.76197,0.37791
1629.83317,0.39374
1627.90437,0.40984
1625.97558,0.42285
1624.04678,0.43195
1622.11798,0.43650
1620.18919,0.43756
1618.26039,0.43736
1616.33159,0.43482
1614.40280,0.43068
1612.47400,0.42861
1610.54520,0.42961
1608.61641,0.43332
1606.68761,0.43932
1604.75881,0.44753
1602.83002,0.45740
1600.90122,0.46765
1598.97242,0.47700
1597.04363,0.48442
1595.11483,0.48870
1593.18603,0.48869
1591.25724,0.48426
1589.32844,0.47547
1587.39964,0.46263
1585.47085,0.44648
1583.54205,0.42766
1581.61325,0.40740
1579.68446,0.38794
1577.75566,0.36786
1575.82686,0.34306
1573.89807,0.31984
1571.96927,0.30197
1570.04047,0.28363
1568.11168,0.26431
1566.18288,0.24771
1564.25408,0.23416
1562.32529,0.22490
1560.39649,0.21781
1558.46769,0.20477
1556.53890,0.18961
1554.61010,0.17835
1552.68130,0.16923
1550.75251,0.16155
1548.82371,0.15479
1546.89491,0.14981
1544.96612,0.14697
1543.03732,0.14506
1541.10852,0.14192
1539.17973,0.13467
1537.25093,0.12747
1535.32213,0.12371
1533.39334,0.12065
1531.46454,0.11649
1529.53574,0.11341
1527.60695,0.11188
1525.67815,0.11060
1523.74935,0.10962
1521.82056,0.10845
1519.89176,0.10592
1517.96296,0.10312
1516.03417,0.10031
1514.10537,0.09774
1512.17657,0.09702
1510.24778,0.09900
1508.31898,0.10249
1506.39018,0.10250
1504.46139,0.09852
1502.53259,0.09690
1500.60379,0.09884
1498.67500,0.10290
1496.74620,0.10702
1494.81740,0.11042
1492.88861,0.11532
1490.95981,0.12342
1489.03101,0.13259
1487.10222,0.14023
1485.17342,0.14797
1483.24462,0.15775
1481.31583,0.16960
1479.38703,0.18258
1477.45823,0.19669
1475.52944,0.21206
1473.60064,0.22754
1471.67184,0.24034
1469.74305,0.24891
1467.81425,0.25632
1465.88545,0.26409
1463.95666,0.26951
1462.02786,0.27182
1460.09906,0.27348
1458.17027,0.27309
1456.24147,0.26506
1454.31267,0.25269
1452.38388,0.24102
1450.45508,0.22958
1448.52628,0.21711
1446.59749,0.20314
1444.66869,0.18940
1442.73989,0.17687
1440.81110,0.16605
1438.88230,0.15724
1436.95350,0.14777
1435.02471,0.13675
1433.09591,0.12748
1431.16711,0.12008
1429.23832,0.11293
1427.30952,0.10651
1425.38072,0.10148
1423.45193,0.09738
1421.52313,0.09448
1419.59433,0.09211
1417.66554,0.08802
1415.73674,0.08298
1413.80794,0.07909
1411.87915,0.07640
1409.95035,0.07422
1408.02155,0.07260
1406.09276,0.07147
1404.16396,0.07001
1402.23516,0.06859
1400.30637,0.06815
1398.37757,0.06813
1396.44877,0.06758
1394.51998,0.06601
1392.59118,0.06372
1390.66238,0.06228
1388.73359,0.06200
1386.80479,0.06123
1384.87599,0.05941
1382.94720,0.05784
1381.01840,0.05699
1379.08960,0.05646
1377.16081,0.05625
1375.23201,0.05618
1373.30321,0.05527
1371.37442,0.05372
1369.44562,0.05263
1367.51682,0.05209
1365.58803,0.05221
1363.65923,0.05285
1361.73043,0.05268
1359.80164,0.05145
1357.87284,0.05044
1355.94404,0.05005
1354.01525,0.04985
1352.08645,0.04968
1350.15765,0.04962
1348.22886,0.04958
1346.30006,0.04953
1344.37126,0.04969
1342.44247,0.05042
1340.51367,0.05139
1338.58487,0.05148
1336.65608,0.05058
1334.72728,0.04964
1332.79848,0.04904
1330.86969,0.04856
1328.94089,0.04810
1327.01209,0.04768
1325.08330,0.04729
1323.15450,0.04696
1321.22570,0.04680
1319.29691,0.04671
1317.36811,0.04647
1315.43931,0.04620
1313.51052,0.04602
1311.58172,0.04583
1309.65292,0.04567
1307.72413,0.04559
1305.79533,0.04553
1303.86653,0.04559
1301.93774,0.04579
1300.00894,0.04607
1298.08014,0.04635
1296.15135,0.04654
1294.22255,0.04657
1292.29375,0.04655
1290.36496,0.04659
1288.43616,0.04663
1286.50736,0.04651
1284.57857,0.04629
1282.64977,0.04609
1280.72097,0.04588
1278.79218,0.04560
1276.86338,0.04531
1274.93458,0.04515
1273.00579,0.04515
1271.07699,0.04516
1269.14820,0.04511
1267.21940,0.04516
1265.29060,0.04537
1263.36181,0.04563
1261.43301,0.04586
1259.50421,0.04600
1257.57542,0.04609
1255.64662,0.04619
1253.71782,0.04640
1251.78903,0.04671
1249.86023,0.04706
1247.93143,0.04738
1246.00264,0.04770
1244.07384,0.04804
1242.14504,0.04834
1240.21625,0.04852
1238.28745,0.04863
1236.35865,0.04869
1234.42986,0.04868
1232.50106,0.04871
1230.57226,0.04882
1228.64347,0.04893
1226.71467,0.04898
1224.78587,0.04899
1222.85708,0.04908
1220.92828,0.04932
1218.99948,0.04969
1217.07069,0.05014
1215.14189,0.05065
1213.21309,0.05125
1211.28430,0.05197
1209.35550,0.05280
1207.42670,0.05369
1205.49791,0.05464
1203.56911,0.05566
1201.64031,0.05679
1199.71152,0.05810
1197.78272,0.05958
1195.85392,0.06115
1193.92513,0.06279
1191.99633,0.06464
1190.06753,0.06676
1188.13874,0.06908
1186.20994,0.07148
1184.28114,0.07400
1182.35235,0.07680
1180.42355,0.08004
1178.49475,0.08376
1176.56596,0.08786
1174.63716,0.09225
1172.70836,0.09690
1170.77957,0.10178
1168.85077,0.10678
1166.92197,0.11173
1164.99318,0.11643
1163.06438,0.12062
1161.13558,0.12397
1159.20679,0.12616
1157.27799,0.12709
1155.34919,0.12672
1153.42040,0.12510
1151.49160,0.12245
1149.56280,0.11895
1147.63401,0.11473
1145.70521,0.11008
1143.77641,0.10523
1141.84762,0.10035
1139.91882,0.09560
1137.99002,0.09103
1136.06123,0.08668
1134.13243,0.08263
1132.20363,0.07898
1130.27484,0.07584
1128.34604,0.07311
1126.41724,0.07065
1124.48845,0.06846
1122.55965,0.06660
1120.63085,0.06508
1118.70206,0.06386
1116.77326,0.06280
1114.84446,0.06191
1112.91567,0.06124
1110.98687,0.06071
1109.05807,0.06027
1107.12928,0.05997
1105.20048,0.05983
1103.27168,0.05977
1101.34289,0.05974
1099.41409,0.05975
1097.48529,0.05981
1095.55650,0.05990
1093.62770,0.06004
1091.69890,0.06021
1089.77011,0.06045
1087.84131,0.06071
1085.91251,0.06084
1083.98372,0.06088
1082.05492,0.06100
1080.12612,0.06120
1078.19733,0.06143
1076.26853,0.06170
1074.33973,0.06205
1072.41094,0.06245
1070.48214,0.06280
1068.55334,0.06302
1066.62455,0.06319
1064.69575,0.06341
1062.76695,0.06356
1060.83816,0.06343
1058.90936,0.06314
1056.98056,0.06286
1055.05177,0.06254
1053.12297,0.06209
1051.19417,0.06158
1049.26538,0.06103
1047.33658,0.06045
1045.40778,0.05988
1043.47899,0.05924
1041.55019,0.05842
1039.62139,0.05750
1037.69260,0.05663
1035.76380,0.05578
1033.83500,0.05485
1031.90621,0.05392
1029.97741,0.05307
1028.04861,0.05225
1026.11982,0.05149
1024.19102,0.05091
1022.26222,0.05050
1020.33343,0.05011
1018.40463,0.04972
1016.47583,0.04949
1014.54704,0.04943
1012.61824,0.04944
1010.68944,0.04937
1008.76065,0.04914
1006.83185,0.04877
1004.90305,0.04829
1002.97426,0.04773
1001.04546,0.04719
999.11666,0.04674
997.18787,0.04638
995.25907,0.04599
993.33027,0.04552
991.40148,0.04502
989.47268,0.04452
987.54388,0.04392
985.61509,0.04323
983.68629,0.04257
981.75749,0.04197
979.82870,0.04130
977.89990,0.04057
975.97110,0.03987
974.04231,0.03932
972.11351,0.03883
970.18471,0.03836
968.25592,0.03808
966.32712,0.03805
964.39832,0.03811
962.46953,0.03810
960.54073,0.03794
958.61193,0.03768
956.68314,0.03737
954.75434,0.03710
952.82554,0.03700
950.89675,0.03698
948.96795,0.03679
947.03915,0.03639
945.11036,0.03592
943.18156,0.03543
941.25276,0.03482
939.32397,0.03412
937.39517,0.03340
935.46637,0.03268
933.53758,0.03197
931.60878,0.03123
929.67998,0.03051
927.75119,0.02991
925.82239,0.02942
923.89359,0.02885
921.96480,0.02816
920.03600,0.02754
918.10720,0.02712
916.17841,0.02681
914.24961,0.02652
912.32081,0.02634
910.39202,0.02627
908.46322,0.02613
906.53443,0.02585
904.60563,0.02558
902.67683,0.02546
900.74804,0.02539
898.81924,0.02518
896.89044,0.02474
894.96165,0.02416
893.03285,0.02352
891.10405,0.02282
889.17526,0.02208
887.24646,0.02126
885.31766,0.02032
883.38887,0.01935
881.46007,0.01853
879.53127,0.01783
877.60248,0.01722
875.67368,0.01669
873.74488,0.01621
871.81609,0.01582
869.88729,0.01548
867.95849,0.01513
866.02970,0.01489
864.10090,0.01489
862.17210,0.01496
860.24331,0.01490
858.31451,0.01481
856.38571,0.01477
854.45692,0.01477
852.52812,0.01484
850.59932,0.01483
848.67053,0.01464
846.74173,0.01440
844.81293,0.01413
842.88414,0.01370
840.95534,0.01316
839.02654,0.01274
837.09775,0.01240
835.16895,0.01199
833.24015,0.01156
831.31136,0.01120
829.38256,0.01090
827.45376,0.01059
825.52497,0.01035
823.59617,0.01034
821.66737,0.01053
819.73858,0.01077
817.80978,0.01107
815.88098,0.01152
813.95219,0.01203
812.02339,0.01248
810.09459,0.01296
808.16580,0.01361
806.23700,0.01437
804.30820,0.01524
802.37941,0.01622
800.45061,0.01708
798.52181,0.01779
796.59302,0.01859
794.66422,0.01951
792.73542,0.02040
790.80663,0.02111
788.87783,0.02164
786.94903,0.02202
785.02024,0.02218
783.09144,0.02181
781.16264,0.02083
779.23385,0.01952
777.30505,0.01805
775.37625,0.01660
773.44746,0.01555
771.51866,0.01504
769.58986,0.01473
767.66107,0.01438
765.73227,0.01419
763.80347,0.01422
761.87468,0.01414
759.94588,0.01390
758.01708,0.01397
756.08829,0.01444
754.15949,0.01488
752.23069,0.01531
750.30190,0.01582
748.37310,0.01603
