3496.90832,0.05944
3494.97953,0.05849
3493.05073,0.05780
3491.12193,0.05973
3489.19314,0.06516
3487.26434,0.06968
3485.33554,0.06713
3483.40675,0.06143
3481.47795,0.05969
3479.54915,0.06136
3477.62036,0.06409
3475.69156,0.06588
3473.76276,0.06251
3471.83397,0.05543
3469.90517,0.05363
3467.97637,0.05992
3466.04758,0.06726
3464.11878,0.07060
3462.18998,0.07052
3460.26119,0.06854
3458.33239,0.06184
3456.40359,0.04958
3454.47480,0.04437
3452.54600,0.05186
3450.61721,0.05890
3448.68841,0.05768
3446.75961,0.05508
3444.83082,0.05794
3442.90202,0.06393
3440.97322,0.06552
3439.04443,0.06026
3437.11563,0.05222
3435.18683,0.04452
3433.25804,0.03800
3431.32924,0.03258
3429.40044,0.03339
3427.47165,0.04302
3425.54285,0.05083
3423.61405,0.05161
3421.68526,0.04910
3419.75646,0.04602
3417.82766,0.04908
3415.89887,0.05629
3413.97007,0.05601
3412.04127,0.04754
3410.11248,0.04098
3408.18368,0.04096
3406.25488,0.04382
3404.32609,0.04662
3402.39729,0.05052
3400.46849,0.05559
3398.53970,0.05098
3396.61090,0.03236
3394.68210,0.02180
3392.75331,0.03044
3390.82451,0.03931
3388.89571,0.04237
3386.96692,0.04955
3385.03812,0.05549
3383.10932,0.05588
3381.18053,0.05787
3379.25173,0.05885
3377.32293,0.05500
3375.39414,0.05197
3373.46534,0.05339
3371.53654,0.05649
3369.60775,0.05824
3367.67895,0.06014
3365.75015,0.06309
3363.82136,0.06273
3361.89256,0.05690
3359.96376,0.05063
3358.03497,0.04659
3356.10617,0.04503
3354.17737,0.05075
3352.24858,0.05965
3350.31978,0.06105
3348.39098,0.05626
3346.46219,0.05335
3344.53339,0.05355
3342.60459,0.05498
3340.67580,0.06020
3338.74700,0.06518
3336.81820,0.06155
3334.88941,0.05266
3332.96061,0.04627
3331.03181,0.04767
3329.10302,0.05545
3327.17422,0.05759
3325.24542,0.05018
3323.31663,0.04127
3321.38783,0.03594
3319.45903,0.03968
3317.53024,0.04936
3315.60144,0.04978
3313.67264,0.03931
3311.74385,0.03128
3309.81505,0.03041
3307.88625,0.03470
3305.95746,0.03952
3304.02866,0.03694
3302.09986,0.03013
3300.17107,0.02997
3298.24227,0.03492
3296.31347,0.03733
3294.38468,0.03737
3292.45588,0.03728
3290.52708,0.03519
3288.59829,0.03091
3286.66949,0.02783
3284.74069,0.02788
3282.81190,0.03107
3280.88310,0.03540
3278.95430,0.03782
3277.02551,0.03770
3275.09671,0.03714
3273.16791,0.03722
3271.23912,0.03693
3269.31032,0.03602
3267.38152,0.03525
3265.45273,0.03346
3263.52393,0.03006
3261.59513,0.02665
3259.66634,0.02557
3257.73754,0.02888
3255.80874,0.03517
3253.87995,0.03765
3251.95115,0.03353
3250.02235,0.02846
3248.09356,0.02661
3246.16476,0.02919
3244.23596,0.03543
3242.30717,0.03613
3240.37837,0.02859
3238.44957,0.02736
3236.52078,0.03537
3234.59198,0.03886
3232.66318,0.03757
3230.73439,0.03950
3228.80559,0.04027
3226.87679,0.03443
3224.94800,0.02796
3223.01920,0.02919
3221.09040,0.03607
3219.16161,0.04099
3217.23281,0.04326
3215.30401,0.04448
3213.37522,0.04372
3211.44642,0.04369
3209.51762,0.04609
3207.58883,0.04737
3205.66003,0.04722
3203.73123,0.04737
3201.80244,0.04729
3199.87364,0.04685
3197.94484,0.04644
3196.01605,0.04569
3194.08725,0.04449
3192.15845,0.04398
3190.22966,0.04609
3188.30086,0.04841
3186.37206,0.04611
3184.44327,0.04306
3182.51447,0.04384
3180.58567,0.04414
3178.65688,0.04198
3176.72808,0.03996
3174.79928,0.03865
3172.87049,0.03600
3170.94169,0.03170
3169.01289,0.03007
3167.08410,0.03231
3165.15530,0.03595
3163.22650,0.03866
3161.29771,0.03811
3159.36891,0.03535
3157.44011,0.03418
3155.51132,0.03666
3153.58252,0.03993
3151.65372,0.03925
3149.72493,0.03523
3147.79613,0.03304
3145.86733,0.03407
3143.93854,0.03488
3142.00974,0.03448
3140.08094,0.03392
3138.15215,0.03217
3136.22335,0.02959
3134.29455,0.02890
3132.36576,0.03064
3130.43696,0.03216
3128.50816,0.03110
3126.57937,0.02861
3124.65057,0.02820
3122.72177,0.03043
3120.79298,0.03258
3118.86418,0.03361
3116.93538,0.03422
3115.00659,0.03453
3113.07779,0.03415
3111.14899,0.03316
3109.22020,0.03230
3107.29140,0.03271
3105.36260,0.03376
3103.43381,0.03297
3101.50501,0.03103
3099.57621,0.03024
3097.64742,0.02944
3095.71862,0.02772
3093.78982,0.02618
3091.86103,0.02518
3089.93223,0.02520
3088.00344,0.02687
3086.07464,0.02904
3084.14584,0.03037
3082.21705,0.03116
3080.28825,0.03175
3078.35945,0.03176
3076.43066,0.03103
3074.50186,0.02982
3072.57306,0.02895
3070.64427,0.02931
3068.71547,0.02973
3066.78667,0.02890
3064.85788,0.02827
3062.92908,0.02882
3061.00028,0.02970
3059.07149,0.03024
3057.14269,0.03033
3055.21389,0.03064
3053.28510,0.03166
3051.35630,0.03269
3049.42750,0.03269
3047.49871,0.03141
3045.56991,0.03022
3043.64111,0.03017
3041.71232,0.03086
3039.78352,0.03150
3037.85472,0.03175
3035.92593,0.03211
3033.99713,0.03272
3032.06833,0.03317
3030.13954,0.03342
3028.21074,0.03348
3026.28194,0.03362
3024.35315,0.03388
3022.42435,0.03396
3020.49555,0.03394
3018.56676,0.03395
3016.63796,0.03395
3014.70916,0.03424
3012.78037,0.03485
3010.85157,0.03500
3008.92277,0.03457
3006.99398,0.03428
3005.06518,0.03426
3003.13638,0.03397
3001.20759,0.03328
2999.27879,0.03261
2997.34999,0.03275
2995.42120,0.03385
2993.49240,0.03463
2991.56360,0.03435
2989.63481,0.03428
2987.70601,0.03500
2985.77721,0.03558
2983.84842,0.03586
2981.91962,0.03648
2979.99082,0.03725
2978.06203,0.03731
2976.13323,0.03673
2974.20443,0.03601
2972.27564,0.03571
2970.34684,0.03620
2968.41804,0.03670
2966.48925,0.03667
2964.56045,0.03664
2962.63165,0.03680
2960.70286,0.03699
2958.77406,0.03731
2956.84526,0.03769
2954.91647,0.03795
2952.98767,0.03787
2951.05887,0.03756
2949.13008,0.03769
2947.20128,0.03856
2945.27248,0.03942
2943.34369,0.03936
2941.41489,0.03874
2939.48609,0.03873
2937.55730,0.03934
2935.62850,0.03987
2933.69970,0.04028
2931.77091,0.04073
2929.84211,0.04113
2927.91331,0.04123
2925.98452,0.04108
2924.05572,0.04103
2922.12692,0.04120
2920.19813,0.04156
2918.26933,0.04172
2916.34053,0.04153
2914.41174,0.04134
2912.48294,0.04119
2910.55414,0.04087
2908.62535,0.04042
2906.69655,0.04010
2904.76775,0.03997
2902.83896,0.03978
2900.91016,0.03960
2898.98136,0.03971
2897.05257,0.03990
2895.12377,0.03975
2893.19497,0.03957
2891.26618,0.03992
2889.33738,0.04044
2887.40858,0.04041
2885.47979,0.03985
2883.55099,0.03954
2881.62219,0.03997
2879.69340,0.04056
2877.76460,0.04063
2875.83580,0.04042
2873.90701,0.04033
2871.97821,0.04036
2870.04941,0.04041
2868.12062,0.04056
2866.19182,0.04090
2864.26302,0.04116
2862.33423,0.04118
2860.40543,0.04127
2858.47663,0.04163
2856.54784,0.04197
2854.61904,0.04207
2852.69024,0.04203
2850.76145,0.04214
2848.83265,0.04240
2846.90385,0.04247
2844.97506,0.04237
2843.04626,0.04237
2841.11746,0.04230
2839.18867,0.04192
2837.25987,0.04153
2835.33107,0.04154
2833.40228,0.04187
2831.47348,0.04210
2829.54468,0.04208
2827.61589,0.04211
2825.68709,0.04241
2823.75829,0.04264
2821.82950,0.04254
2819.90070,0.04239
2817.97190,0.04231
2816.04311,0.04213
2814.11431,0.04196
2812.18551,0.04189
2810.25672,0.04181
2808.32792,0.04173
2806.39912,0.04179
2804.47033,0.04187
2802.54153,0.04173
2800.61273,0.04147
2798.68394,0.04131
2796.75514,0.04112
2794.82634,0.04092
2792.89755,0.04075
2790.96875,0.04059
2789.03995,0.04053
2787.11116,0.04062
2785.18236,0.04063
2783.25356,0.04050
2781.32477,0.04040
2779.39597,0.04040
2777.46717,0.04025
2775.53838,0.03995
2773.60958,0.03967
2771.68078,0.03935
2769.75199,0.03913
2767.82319,0.03932
2765.89439,0.03960
2763.96560,0.03937
2762.03680,0.03879
2760.10800,0.03842
2758.17921,0.03839
2756.25041,0.03847
2754.32161,0.03844
2752.39282,0.03814
2750.46402,0.03786
2748.53522,0.03799
2746.60643,0.03839
2744.67763,0.03855
2742.74883,0.03841
2740.82004,0.03837
2738.89124,0.03846
2736.96244,0.03852
2735.03365,0.03863
2733.10485,0.03877
2731.17605,0.03882
2729.24726,0.03882
2727.31846,0.03885
2725.38967,0.03891
2723.46087,0.03883
2721.53207,0.03865
2719.60328,0.03858
2717.67448,0.03861
2715.74568,0.03863
2713.81689,0.03857
2711.88809,0.03837
2709.95929,0.03818
2708.03050,0.03811
2706.10170,0.03816
2704.17290,0.03827
2702.24411,0.03828
2700.31531,0.03815
2698.38651,0.03812
2696.45772,0.03819
2694.52892,0.03823
2692.60012,0.03839
2690.67133,0.03862
2688.74253,0.03866
2686.81373,0.03851
2684.88494,0.03844
2682.95614,0.03850
2681.02734,0.03853
2679.09855,0.03851
2677.16975,0.03843
2675.24095,0.03826
2673.31216,0.03807
2671.38336,0.03790
2669.45456,0.03777
2667.52577,0.03770
2665.59697,0.03766
2663.66817,0.03761
2661.73938,0.03745
2659.81058,0.03725
2657.88178,0.03718
2655.95299,0.03717
2654.02419,0.03723
2652.09539,0.03746
2650.16660,0.03768
2648.23780,0.03783
2646.30900,0.03802
2644.38021,0.03824
2642.45141,0.03842
2640.52261,0.03854
2638.59382,0.03858
2636.66502,0.03859
2634.73622,0.03861
2632.80743,0.03859
2630.87863,0.03854
2628.94983,0.03872
2627.02104,0.03911
2625.09224,0.03933
2623.16344,0.03926
2621.23465,0.03908
2619.30585,0.03892
2617.37705,0.03877
2615.44826,0.03848
2613.51946,0.03824
2611.59066,0.03830
2609.66187,0.03839
2607.73307,0.03826
2605.80427,0.03811
2603.87548,0.03824
2601.94668,0.03850
2600.01788,0.03854
2598.08909,0.03854
2596.16029,0.03879
2594.23149,0.03904
2592.30270,0.03929
2590.37390,0.03974
2588.44510,0.03994
2586.51631,0.03947
2584.58751,0.03896
2582.65871,0.03888
2580.72992,0.03869
2578.80112,0.03833
2576.87232,0.03852
2574.94353,0.03915
2573.01473,0.03949
2571.08593,0.03930
2569.15714,0.03899
2567.22834,0.03894
2565.29954,0.03899
2563.37075,0.03877
2561.44195,0.03844
2559.51315,0.03819
2557.58436,0.03805
2555.65556,0.03823
2553.72676,0.03857
2551.79797,0.03866
2549.86917,0.03866
2547.94037,0.03873
2546.01158,0.03870
2544.08278,0.03855
2542.15398,0.03841
2540.22519,0.03835
2538.29639,0.03848
2536.36759,0.03870
2534.43880,0.03896
2532.51000,0.03916
2530.58120,0.03905
2528.65241,0.03887
2526.72361,0.03883
2524.79481,0.03850
2522.86602,0.03780
2520.93722,0.03736
2519.00842,0.03745
2517.07963,0.03759
2515.15083,0.03750
2513.22203,0.03726
2511.29324,0.03693
2509.36444,0.03673
2507.43564,0.03678
2505.50685,0.03701
2503.57805,0.03726
2501.64925,0.03735
2499.72046,0.03731
2497.79166,0.03722
2495.86286,0.03717
2493.93407,0.03732
2492.00527,0.03746
2490.07647,0.03743
2488.14768,0.03758
2486.21888,0.03783
2484.29008,0.03789
2482.36129,0.03768
2480.43249,0.03732
2478.50369,0.03718
2476.57490,0.03736
2474.64610,0.03739
2472.71730,0.03698
2470.78851,0.03658
2468.85971,0.03659
2466.93091,0.03672
2465.00212,0.03674
2463.07332,0.03674
2461.14452,0.03659
2459.21573,0.03632
2457.28693,0.03621
2455.35813,0.03612
2453.42934,0.03596
2451.50054,0.03593
2449.57174,0.03591
2447.64295,0.03570
2445.71415,0.03552
2443.78535,0.03543
2441.85656,0.03545
2439.92776,0.03569
2437.99896,0.03595
2436.07017,0.03592
2434.14137,0.03570
2432.21257,0.03556
2430.28378,0.03548
2428.35498,0.03550
2426.42618,0.03564
2424.49739,0.03565
2422.56859,0.03530
2420.63979,0.03465
2418.71100,0.03397
2416.78220,0.03344
2414.85340,0.03314
2412.92461,0.03303
2410.99581,0.03307
2409.06701,0.03326
2407.13822,0.03334
2405.20942,0.03293
2403.28062,0.03241
2401.35183,0.03217
2399.42303,0.03198
2397.49423,0.03189
2395.56544,0.03212
2393.63664,0.03245
2391.70784,0.03283
2389.77905,0.03364
2387.85025,0.03567
2385.92145,0.03984
2383.99266,0.04690
2382.06386,0.05706
2380.13506,0.06980
2378.20627,0.08404
2376.27747,0.09882
2374.34867,0.11392
2372.41988,0.12935
2370.49108,0.14470
2368.56228,0.15938
2366.63349,0.17280
2364.70469,0.18373
2362.77589,0.19081
2360.84710,0.19366
2358.91830,0.19177
2356.98951,0.18389
2355.06071,0.16972
2353.13191,0.15049
2351.20312,0.13106
2349.27432,0.12086
2347.34552,0.12559
2345.41673,0.14012
2343.48793,0.15067
2341.55913,0.15217
2339.63034,0.14977
2337.70154,0.14655
2335.77274,0.14350
2333.84395,0.14198
2331.91515,0.14169
2329.98635,0.13945
2328.05756,0.13448
2326.12876,0.12977
2324.19996,0.12659
2322.27117,0.12240
2320.34237,0.11483
2318.41357,0.10523
2316.48478,0.09697
2314.55598,0.09185
2312.62718,0.08822
2310.69839,0.08366
2308.76959,0.07783
2306.84079,0.07147
2304.91200,0.06552
2302.98320,0.06075
2301.05440,0.05692
2299.12561,0.05347
2297.19681,0.05049
2295.26801,0.04806
2293.33922,0.04570
2291.41042,0.04337
2289.48162,0.04159
2287.55283,0.04023
2285.62403,0.03876
2283.69523,0.03769
2281.76644,0.03763
2279.83764,0.03817
2277.90884,0.03881
2275.98005,0.03940
2274.05125,0.03971
2272.12245,0.03973
2270.19366,0.03996
2268.26486,0.04070
2266.33606,0.04125
2264.40727,0.04083
2262.47847,0.04013
2260.54967,0.04011
2258.62088,0.04059
2256.69208,0.04119
2254.76328,0.04150
2252.83449,0.04084
2250.90569,0.03987
2248.97689,0.03999
2247.04810,0.04075
2245.11930,0.04129
2243.19050,0.04197
2241.26171,0.04286
2239.33291,0.04316
2237.40411,0.04245
2235.47532,0.04186
2233.54652,0.04182
2231.61772,0.04138
2229.68893,0.04131
2227.76013,0.04229
2225.83133,0.04299
2223.90254,0.04303
2221.97374,0.04311
2220.04494,0.04357
2218.11615,0.04488
2216.18735,0.04658
2214.25855,0.04722
2212.32976,0.04680
2210.40096,0.04668
2208.47216,0.04699
2206.54337,0.04663
2204.61457,0.04566
2202.68577,0.04536
2200.75698,0.04636
2198.82818,0.04773
2196.89938,0.04787
2194.97059,0.04718
2193.04179,0.04724
2191.11299,0.04790
2189.18420,0.04843
2187.25540,0.04878
2185.32660,0.04893
2183.39781,0.04891
2181.46901,0.04964
2179.54021,0.05195
2177.61142,0.05426
2175.68262,0.05522
2173.75382,0.05553
2171.82503,0.05547
2169.89623,0.05533
2167.96743,0.05558
2166.03864,0.05579
2164.10984,0.05664
2162.18104,0.05991
2160.25225,0.06478
2158.32345,0.06691
2156.39465,0.06330
2154.46586,0.05697
2152.53706,0.05235
2150.60826,0.05016
2148.67947,0.04850
2146.75067,0.04624
2144.82187,0.04410
2142.89308,0.04243
2140.96428,0.04089
2139.03548,0.03997
2137.10669,0.03944
2135.17789,0.03811
2133.24909,0.03606
2131.32030,0.03423
2129.39150,0.03287
2127.46270,0.03197
2125.53391,0.03128
2123.60511,0.02997
2121.67631,0.02850
2119.74752,0.02809
2117.81872,0.02841
2115.88992,0.02869
2113.96113,0.02899
2112.03233,0.02924
2110.10353,0.02924
2108.17474,0.02922
2106.24594,0.02944
2104.31714,0.02996
2102.38835,0.03076
2100.45955,0.03120
2098.53075,0.03053
2096.60196,0.02929
2094.67316,0.02853
2092.74436,0.02829
2090.81557,0.02833
2088.88677,0.02864
2086.95797,0.02903
2085.02918,0.02930
2083.10038,0.02959
2081.17158,0.02993
2079.24279,0.02984
2077.31399,0.02955
2075.38519,0.02999
2073.45640,0.03101
2071.52760,0.03142
2069.59880,0.03073
2067.67001,0.03007
2065.74121,0.03022
2063.81241,0.03050
2061.88362,0.03037
2059.95482,0.02999
2058.02602,0.02955
2056.09723,0.02973
2054.16843,0.03107
2052.23963,0.03250
2050.31084,0.03350
2048.38204,0.03524
2046.45324,0.03771
2044.52445,0.03969
2042.59565,0.04103
2040.66685,0.04169
2038.73806,0.04136
2036.80926,0.04107
2034.88046,0.04177
2032.95167,0.04295
2031.02287,0.04358
2029.09407,0.04287
2027.16528,0.04179
2025.23648,0.04136
2023.30768,0.04070
2021.37889,0.03932
2019.45009,0.03876
2017.52129,0.03966
2015.59250,0.03989
2013.66370,0.03886
2011.73490,0.03831
2009.80611,0.03871
2007.87731,0.03846
2005.94851,0.03610
2004.01972,0.03393
2002.09092,0.03446
2000.16212,0.03593
1998.23333,0.03607
1996.30453,0.03509
1994.37574,0.03415
1992.44694,0.03402
1990.51814,0.03401
1988.58935,0.03335
1986.66055,0.03269
1984.73175,0.03236
1982.80296,0.03260
1980.87416,0.03407
1978.94536,0.03595
1977.01657,0.03623
1975.08777,0.03501
1973.15897,0.03396
1971.23018,0.03315
1969.30138,0.03254
1967.37258,0.03237
1965.44379,0.03232
1963.51499,0.03167
1961.58619,0.03011
1959.65740,0.02890
1957.72860,0.02862
1955.79980,0.02822
1953.87101,0.02749
1951.94221,0.02714
1950.01341,0.02731
1948.08462,0.02736
1946.15582,0.02726
1944.22702,0.02751
1942.29823,0.02736
1940.36943,0.02616
1938.44063,0.02480
1936.51184,0.02407
1934.58304,0.02400
1932.65424,0.02396
1930.72545,0.02357
1928.79665,0.02314
1926.86785,0.02295
1924.93906,0.02313
1923.01026,0.02340
1921.08146,0.02359
1919.15267,0.02373
1917.22387,0.02323
1915.29507,0.02218
1913.36628,0.02169
1911.43748,0.02195
1909.50868,0.02221
1907.57989,0.02198
1905.65109,0.02161
1903.72229,0.02156
1901.79350,0.02177
1899.86470,0.02201
1897.93590,0.02230
1896.00711,0.02248
1894.07831,0.02243
1892.14951,0.02257
1890.22072,0.02297
1888.29192,0.02294
1886.36312,0.02242
1884.43433,0.02196
1882.50553,0.02178
1880.57673,0.02162
1878.64794,0.02126
1876.71914,0.02092
1874.79034,0.02080
1872.86155,0.02122
1870.93275,0.02244
1869.00395,0.02333
1867.07516,0.02267
1865.14636,0.02137
1863.21756,0.02061
1861.28877,0.02030
1859.35997,0.02019
1857.43117,0.02016
1855.50238,0.02020
1853.57358,0.02049
1851.64478,0.02098
1849.71599,0.02165
1847.78719,0.02269
1845.85839,0.02387
1843.92960,0.02395
1842.00080,0.02276
1840.07200,0.02191
1838.14321,0.02174
1836.21441,0.02158
1834.28561,0.02155
1832.35682,0.02233
1830.42802,0.02320
1828.49922,0.02304
1826.57043,0.02249
1824.64163,0.02180
1822.71283,0.02068
1820.78404,0.01980
1818.85524,0.01962
1816.92644,0.01974
1814.99765,0.01991
1813.06885,0.02033
1811.14005,0.02074
1809.21126,0.02066
1807.28246,0.02036
1805.35366,0.02052
1803.42487,0.02141
1801.49607,0.02237
1799.56727,0.02247
1797.63848,0.02217
1795.70968,0.02262
1793.78088,0.02386
1791.85209,0.02419
1789.92329,0.02275
1787.99449,0.02155
1786.06570,0.02150
1784.13690,0.02170
1782.20810,0.02176
1780.27931,0.02163
1778.35051,0.02130
1776.42171,0.02154
1774.49292,0.02280
1772.56412,0.02389
1770.63532,0.02347
1768.70653,0.02222
1766.77773,0.02093
1764.84893,0.02046
1762.92014,0.02105
1760.99134,0.02140
1759.06254,0.02132
1757.13375,0.02132
1755.20495,0.02138
1753.27615,0.02237
1751.34736,0.02428
1749.41856,0.02505
1747.48976,0.02425
1745.56097,0.02344
1743.63217,0.02325
1741.70337,0.02333
1739.77458,0.02314
1737.84578,0.02320
1735.91698,0.02464
1733.98819,0.02596
1732.05939,0.02459
1730.13059,0.02234
1728.20180,0.02070
1726.27300,0.01988
1724.34420,0.01993
1722.41541,0.02063
1720.48661,0.02273
1718.55781,0.02614
1716.62902,0.02789
1714.70022,0.02684
1712.77142,0.02560
1710.84263,0.02591
1708.91383,0.02808
1706.98503,0.03176
1705.05624,0.03582
1703.12744,0.04023
1701.19864,0.04670
1699.26985,0.05374
1697.34105,0.05946
1695.41225,0.06550
1693.48346,0.07180
1691.55466,0.07970
1689.62586,0.09068
1687.69707,0.10326
1685.76827,0.11848
1683.83947,0.13654
1681.91068,0.15017
1679.98188,0.16079
1678.05308,0.17296
1676.12429,0.18745
1674.19549,0.20208
1672.26669,0.21443
1670.33790,0.22601
1668.40910,0.23578
1666.48030,0.24207
1664.55151,0.24765
1662.62271,0.25275
1660.69391,0.25543
1658.76512,0.25697
1656.83632,0.25976
1654.90752,0.26450
1652.97873,0.26738
1651.04993,0.26607
1649.12113,0.26710
1647.19234,0.27178
1645.26354,0.27703
1643.33474,0.28276
1641.40595,0.29189
1639.47715,0.30493
1637.54835,0.32214
1635.61956,0.34329
1633.69076,0.36178
1631.76197,0.37654
1629.83317,0.39216
1627.90437,0.40804
1625.97558,0.42102
1624.04678,0.43027
1622.11798,0.43500
1620.18919,0.43611
1618.26039,0.43594
1616.33159,0.43361
1614.40280,0.42982
1612.47400,0.42793
1610.54520,0.42893
1608.61641,0.43270
1606.68761,0.43883
1604.75881,0.44709
1602.83002,0.45689
1600.90122,0.46692
1598.97242,0.47594
1597.04363,0.48299
1595.11483,0.48695
1593.18603,0.48670
1591.25724,0.48213
1589.32844,0.47319
1587.39964,0.46006
1585.47085,0.44355
1583.54205,0.42457
1581.61325,0.40435
1579.68446,0.38496
1577.75566,0.36501
1575.82686,0.34047
1573.89807,0.31751
1571.96927,0.29981
1570.04047,0.28179
1568.11168,0.26297
1566.18288,0.24680
1564.25408,0.23360
1562.32529,0.22458
1560.39649,0.21759
1558.46769,0.20462
1556.53890,0.18964
1554.61010,0.17853
1552.68130,0.16947
1550.75251,0.16173
1548.82371,0.15485
1546.89491,0.14977
1544.96612,0.14683
1543.03732,0.14480
1541.10852,0.14152
1539.17973,0.13418
1537.25093,0.12696
1535.32213,0.12317
1533.39334,0.12009
1531.46454,0.11601
1529.53574,0.11304
1527.60695,0.11164
1525.67815,0.11047
1523.74935,0.10959
1521.82056,0.10859
1519.89176,0.10632
1517.96296,0.10377
1516.03417,0.10121
1514.10537,0.09883
1512.17657,0.09822
1510.24778,0.10018
1508.31898,0.10356
1506.39018,0.10349
1504.46139,0.09957
1502.53259,0.09796
1500.60379,0.09978
1498.67500,0.10364
1496.74620,0.10752
1494.81740,0.11077
1492.88861,0.11556
1490.95981,0.12350
1489.03101,0.13242
1487.10222,0.13983
1485.17342,0.14743
1483.24462,0.15712
1481.31583,0.16892
1479.38703,0.18189
1477.45823,0.19598
1475.52944,0.21131
1473.60064,0.22674
1471.67184,0.23957
1469.74305,0.24827
1467.81425,0.25582
1465.88545,0.26369
1463.95666,0.26922
1462.02786,0.27162
1460.09906,0.27330
1458.17027,0.27289
1456.24147,0.26494
1454.31267,0.25265
1452.38388,0.24096
1450.45508,0.22947
1448.52628,0.21694
1446.59749,0.20293
1444.66869,0.18914
1442.73989,0.17653
1440.81110,0.16564
1438.88230,0.15681
1436.95350,0.14733
1435.02471,0.13635
1433.09591,0.12715
1431.16711,0.11984
1429.23832,0.11284
1427.30952,0.10658
1425.38072,0.10170
1423.45193,0.09776
1421.52313,0.09502
1419.59433,0.09284
1417.66554,0.08896
1415.73674,0.08410
1413.80794,0.08035
1411.87915,0.07775
1409.95035,0.07562
1408.02155,0.07400
1406.09276,0.07285
1404.16396,0.07135
1402.23516,0.06982
1400.30637,0.06926
1398.37757,0.06911
1396.44877,0.06845
1394.51998,0.06676
1392.59118,0.06435
1390.66238,0.06281
1388.73359,0.06243
1386.80479,0.06158
1384.87599,0.05972
1382.94720,0.05818
1381.01840,0.05741
1379.08960,0.05697
1377.16081,0.05686
1375.23201,0.05692
1373.30321,0.05617
1371.37442,0.05477
1369.44562,0.05385
1367.51682,0.05346
1365.58803,0.05368
1363.65923,0.05439
1361.73043,0.05425
1359.80164,0.05299
1357.87284,0.05195
1355.94404,0.05152
1354.01525,0.05128
1352.08645,0.05103
1350.15765,0.05085
1348.22886,0.05067
1346.30006,0.05048
1344.37126,0.05050
1342.44247,0.05113
1340.51367,0.05203
1338.58487,0.05205
1336.65608,0.05107
1334.72728,0.05008
1332.79848,0.04948
1330.86969,0.04907
1328.94089,0.04872
1327.01209,0.04842
1325.08330,0.04819
1323.15450,0.04804
1321.22570,0.04806
1319.29691,0.04813
1317.36811,0.04800
1315.43931,0.04779
1313.51052,0.04765
1311.58172,0.04750
1309.65292,0.04733
1307.72413,0.04719
1305.79533,0.04705
1303.86653,0.04700
1301.93774,0.04707
1300.00894,0.04719
1298.08014,0.04732
1296.15135,0.04739
1294.22255,0.04732
1292.29375,0.04721
1290.36496,0.04717
1288.43616,0.04715
1286.50736,0.04700
1284.57857,0.04679
1282.64977,0.04664
1280.72097,0.04653
1278.79218,0.04637
1276.86338,0.04623
1274.93458,0.04623
1273.00579,0.04639
1271.07699,0.04655
1269.14820,0.04663
1267.21940,0.04679
1265.29060,0.04706
1263.36181,0.04735
1261.43301,0.04757
1259.50421,0.04767
1257.57542,0.04768
1255.64662,0.04769
1253.71782,0.04779
1251.78903,0.04798
1249.86023,0.04819
1247.93143,0.04838
1246.00264,0.04855
1244.07384,0.04876
1242.14504,0.04896
1240.21625,0.04906
1238.28745,0.04912
1236.35865,0.04918
1234.42986,0.04921
1232.50106,0.04930
1230.57226,0.04951
1228.64347,0.04975
1226.71467,0.04995
1224.78587,0.05013
1222.85708,0.05038
1220.92828,0.05077
1218.99948,0.05125
1217.07069,0.05176
1215.14189,0.05230
1213.21309,0.05291
1211.28430,0.05362
1209.35550,0.05439
1207.42670,0.05517
1205.49791,0.05602
1203.56911,0.05693
1201.64031,0.05792
1199.71152,0.05908
1197.78272,0.06042
1195.85392,0.06184
1193.92513,0.06332
1191.99633,0.06503
1190.06753,0.06708
1188.13874,0.06937
1186.20994,0.07178
1184.28114,0.07433
1182.35235,0.07718
1180.42355,0.08051
1178.49475,0.08435
1176.56596,0.08860
1174.63716,0.09313
1172.70836,0.09790
1170.77957,0.10287
1168.85077,0.10795
1166.92197,0.11294
1164.99318,0.11764
1163.06438,0.12178
1161.13558,0.12502
1159.20679,0.12709
1157.27799,0.12793
1155.34919,0.12747
1153.42040,0.12574
1151.49160,0.12298
1149.56280,0.11935
1147.63401,0.11500
1145.70521,0.11021
1143.77641,0.10524
1141.84762,0.10033
1139.91882,0.09560
1137.99002,0.09108
1136.06123,0.08683
1134.13243,0.08292
1132.20363,0.07944
1130.27484,0.07647
1128.34604,0.07391
1126.41724,0.07163
1124.48845,0.06963
1122.55965,0.06794
1120.63085,0.06657
1118.70206,0.06542
1116.77326,0.06439
1114.84446,0.06351
1112.91567,0.06281
1110.98687,0.06223
1109.05807,0.06171
1107.12928,0.06131
1105.20048,0.06106
1103.27168,0.06086
1101.34289,0.06070
1099.41409,0.06060
1097.48529,0.06056
1095.55650,0.06056
1093.62770,0.06060
1091.69890,0.06068
1089.77011,0.06087
1087.84131,0.06112
1085.91251,0.06129
1083.98372,0.06143
1082.05492,0.06168
1080.12612,0.06204
1078.19733,0.06246
1076.26853,0.06292
1074.33973,0.06341
1072.41094,0.06394
1070.48214,0.06440
1068.55334,0.06468
1066.62455,0.06484
1064.69575,0.06502
1062.76695,0.06511
1060.83816,0.06491
1058.90936,0.06454
1056.98056,0.06415
1055.05177,0.06371
1053.12297,0.06314
1051.19417,0.06248
1049.26538,0.06178
1047.33658,0.06109
1045.40778,0.06044
1043.47899,0.05973
1041.55019,0.05888
1039.62139,0.05796
1037.69260,0.05713
1035.76380,0.05637
1033.83500,0.05556
1031.90621,0.05477
1029.97741,0.05410
1028.04861,0.05347
1026.11982,0.05288
1024.19102,0.05244
1022.26222,0.05216
1020.33343,0.05185
1018.40463,0.05149
1016.47583,0.05125
1014.54704,0.05117
1012.61824,0.05113
1010.68944,0.05098
1008.76065,0.05065
1006.83185,0.05016
1004.90305,0.04954
1002.97426,0.04884
1001.04546,0.04816
999.11666,0.04761
997.18787,0.04715
995.25907,0.04666
993.33027,0.04612
991.40148,0.04562
989.47268,0.04517
987.54388,0.04464
985.61509,0.04407
983.68629,0.04358
981.75749,0.04316
979.82870,0.04268
977.89990,0.04211
975.97110,0.04157
974.04231,0.04112
972.11351,0.04068
970.18471,0.04024
968.25592,0.03997
966.32712,0.03991
964.39832,0.03990
962.46953,0.03979
960.54073,0.03954
958.61193,0.03915
956.68314,0.03869
954.75434,0.03827
952.82554,0.03804
950.89675,0.03790
948.96795,0.03760
947.03915,0.03711
945.11036,0.03659
943.18156,0.03606
941.25276,0.03547
939.32397,0.03483
937.39517,0.03422
935.46637,0.03364
933.53758,0.03307
931.60878,0.03249
929.67998,0.03194
927.75119,0.03151
925.82239,0.03117
923.89359,0.03073
921.96480,0.03011
920.03600,0.02950
918.10720,0.02907
916.17841,0.02874
914.24961,0.02841
912.32081,0.02815
910.39202,0.02795
908.46322,0.02765
906.53443,0.02717
904.60563,0.02672
902.67683,0.02647
900.74804,0.02630
898.81924,0.02601
896.89044,0.02551
894.96165,0.02487
893.03285,0.02419
891.10405,0.02352
889.17526,0.02288
887.24646,0.02220
885.31766,0.02142
883.38887,0.02068
881.46007,0.02006
879.53127,0.01953
877.60248,0.01905
875.67368,0.01865
873.74488,0.01831
871.81609,0.01798
869.88729,0.01761
867.95849,0.01718
866.02970,0.01688
864.10090,0.01682
862.17210,0.01681
860.24331,0.01667
858.31451,0.01646
856.38571,0.01621
854.45692,0.01598
852.52812,0.01588
850.59932,0.01574
848.67053,0.01545
846.74173,0.01511
844.81293,0.01479
842.88414,0.01441
840.95534,0.01399
839.02654,0.01369
837.09775,0.01348
835.16895,0.01324
833.24015,0.01301
831.31136,0.01281
829.38256,0.01259
827.45376,0.01236
825.52497,0.01220
823.59617,0.01232
821.66737,0.01268
819.73858,0.01300
817.80978,0.01319
815.88098,0.01337
813.95219,0.01360
812.02339,0.01391
810.09459,0.01440
808.16580,0.01504
806.23700,0.01564
804.30820,0.01628
802.37941,0.01705
800.45061,0.01782
798.52181,0.01859
796.59302,0.01947
794.66422,0.02035
792.73542,0.02117
790.80663,0.02201
788.87783,0.02279
786.94903,0.02330
785.02024,0.02352
783.09144,0.02337
781.16264,0.02273
779.23385,0.02167
777.30505,0.02032
775.37625,0.01893
773.44746,0.01795
771.51866,0.01746
769.58986,0.01700
767.66107,0.01651
765.73227,0.01634
763.80347,0.01638
761.87468,0.01618
759.94588,0.01589
758.01708,0.01594
756.08829,0.01622
754.15949,0.01643
752.23069,0.01664
750.30190,0.01678
748.37310,0.01676
