3496.90832,0.07952
3494.97953,0.07523
3493.05073,0.06635
3491.12193,0.06315
3489.19314,0.07067
3487.26434,0.07942
3485.33554,0.07963
3483.40675,0.07801
3481.47795,0.07836
3479.54915,0.07569
3477.62036,0.07521
3475.69156,0.08064
3473.76276,0.08406
3471.83397,0.08054
3469.90517,0.07478
3467.97637,0.07395
3466.04758,0.07659
3464.11878,0.07302
3462.18998,0.06393
3460.26119,0.06189
3458.33239,0.06790
3456.40359,0.07312
3454.47480,0.07589
3452.54600,0.07494
3450.61721,0.06976
3448.68841,0.06711
3446.75961,0.07086
3444.83082,0.07728
3442.90202,0.08007
3440.97322,0.07706
3439.04443,0.06980
3437.11563,0.05964
3435.18683,0.05296
3433.25804,0.05423
3431.32924,0.05671
3429.40044,0.05913
3427.47165,0.06684
3425.54285,0.07202
3423.61405,0.06920
3421.68526,0.06672
3419.75646,0.06834
3417.82766,0.06908
3415.89887,0.06160
3413.97007,0.04774
3412.04127,0.04183
3410.11248,0.05026
3408.18368,0.06021
3406.25488,0.05944
3404.32609,0.05205
3402.39729,0.04868
3400.46849,0.05459
3398.53970,0.06025
3396.61090,0.05420
3394.68210,0.04604
3392.75331,0.04705
3390.82451,0.05288
3388.89571,0.05869
3386.96692,0.06115
3385.03812,0.05694
3383.10932,0.05015
3381.18053,0.05169
3379.25173,0.06209
3377.32293,0.06878
3375.39414,0.06737
3373.46534,0.06600
3371.53654,0.06832
3369.60775,0.06842
3367.67895,0.06922
3365.75015,0.07687
3363.82136,0.08230
3361.89256,0.07830
3359.96376,0.07152
3358.03497,0.06957
3356.10617,0.07424
3354.17737,0.07998
3352.24858,0.08407
3350.31978,0.08694
3348.39098,0.08437
3346.46219,0.07553
3344.53339,0.06666
3342.60459,0.06217
3340.67580,0.06535
3338.74700,0.07108
3336.81820,0.07015
3334.88941,0.06791
3332.96061,0.06789
3331.03181,0.06407
3329.10302,0.06107
3327.17422,0.06149
3325.24542,0.05785
3323.31663,0.05043
3321.38783,0.05057
3319.45903,0.05912
3317.53024,0.06341
3315.60144,0.05834
3313.67264,0.05108
3311.74385,0.04832
3309.81505,0.04841
3307.88625,0.04979
3305.95746,0.05092
3304.02866,0.04665
3302.09986,0.03991
3300.17107,0.03539
3298.24227,0.03230
3296.31347,0.03170
3294.38468,0.03353
3292.45588,0.03686
3290.52708,0.04205
3288.59829,0.04793
3286.66949,0.04845
3284.74069,0.03998
3282.81190,0.03205
3280.88310,0.03373
3278.95430,0.04199
3277.02551,0.04977
3275.09671,0.05194
3273.16791,0.04973
3271.23912,0.04866
3269.31032,0.04807
3267.38152,0.04597
3265.45273,0.04643
3263.52393,0.05040
3261.59513,0.05228
3259.66634,0.05062
3257.73754,0.05016
3255.80874,0.05147
3253.87995,0.04926
3251.95115,0.04270
3250.02235,0.03931
3248.09356,0.04204
3246.16476,0.04532
3244.23596,0.04738
3242.30717,0.04638
3240.37837,0.04111
3238.44957,0.04064
3236.52078,0.04595
3234.59198,0.05027
3232.66318,0.05394
3230.73439,0.05454
3228.80559,0.05005
3226.87679,0.04338
3224.94800,0.03677
3223.01920,0.03719
3221.09040,0.04716
3219.16161,0.05571
3217.23281,0.05641
3215.30401,0.05490
3213.37522,0.05445
3211.44642,0.05550
3209.51762,0.05813
3207.58883,0.05859
3205.66003,0.05603
3203.73123,0.05409
3201.80244,0.05423
3199.87364,0.05564
3197.94484,0.05731
3196.01605,0.05777
3194.08725,0.05634
3192.15845,0.05459
3190.22966,0.05543
3188.30086,0.05750
3186.37206,0.05560
3184.44327,0.05208
3182.51447,0.05290
3180.58567,0.05593
3178.65688,0.05724
3176.72808,0.05524
3174.79928,0.04978
3172.87049,0.04372
3170.94169,0.03912
3169.01289,0.03612
3167.08410,0.03578
3165.15530,0.03873
3163.22650,0.04322
3161.29771,0.04616
3159.36891,0.04517
3157.44011,0.04196
3155.51132,0.04193
3153.58252,0.04568
3151.65372,0.04718
3149.72493,0.04398
3147.79613,0.04092
3145.86733,0.04163
3143.93854,0.04408
3142.00974,0.04558
3140.08094,0.04523
3138.15215,0.04270
3136.22335,0.03960
3134.29455,0.03935
3132.36576,0.04210
3130.43696,0.04393
3128.50816,0.04272
3126.57937,0.04035
3124.65057,0.03963
3122.72177,0.04131
3120.79298,0.04319
3118.86418,0.04354
3116.93538,0.04335
3115.00659,0.04268
3113.07779,0.04120
3111.14899,0.04065
3109.22020,0.04128
3107.29140,0.04184
3105.36260,0.04146
3103.43381,0.04029
3101.50501,0.04069
3099.57621,0.04199
3097.64742,0.04053
3095.71862,0.03786
3093.78982,0.03728
3091.86103,0.03756
3089.93223,0.03785
3088.00344,0.03900
3086.07464,0.04008
3084.14584,0.04009
3082.21705,0.03948
3080.28825,0.03917
3078.35945,0.03951
3076.43066,0.04006
3074.50186,0.04020
3072.57306,0.03972
3070.64427,0.03890
3068.71547,0.03801
3066.78667,0.03755
3064.85788,0.03767
3062.92908,0.03779
3061.00028,0.03830
3059.07149,0.03913
3057.14269,0.03926
3055.21389,0.03955
3053.28510,0.04059
3051.35630,0.04091
3049.42750,0.03983
3047.49871,0.03841
3045.56991,0.03794
3043.64111,0.03884
3041.71232,0.03992
3039.78352,0.03975
3037.85472,0.03930
3035.92593,0.04021
3033.99713,0.04150
3032.06833,0.04203
3030.13954,0.04263
3028.21074,0.04350
3026.28194,0.04374
3024.35315,0.04328
3022.42435,0.04285
3020.49555,0.04282
3018.56676,0.04311
3016.63796,0.04362
3014.70916,0.04412
3012.78037,0.04436
3010.85157,0.04429
3008.92277,0.04398
3006.99398,0.04381
3005.06518,0.04384
3003.13638,0.04344
3001.20759,0.04247
2999.27879,0.04192
2997.34999,0.04236
2995.42120,0.04347
2993.49240,0.04425
2991.56360,0.04375
2989.63481,0.04293
2987.70601,0.04310
2985.77721,0.04367
2983.84842,0.04408
2981.91962,0.04441
2979.99082,0.04452
2978.06203,0.04477
2976.13323,0.04531
2974.20443,0.04557
2972.27564,0.04558
2970.34684,0.04575
2968.41804,0.04560
2966.48925,0.04504
2964.56045,0.04488
2962.63165,0.04538
2960.70286,0.04602
2958.77406,0.04669
2956.84526,0.04741
2954.91647,0.04759
2952.98767,0.04707
2951.05887,0.04671
2949.13008,0.04713
2947.20128,0.04777
2945.27248,0.04778
2943.34369,0.04735
2941.41489,0.04720
2939.48609,0.04744
2937.55730,0.04785
2935.62850,0.04820
2933.69970,0.04840
2931.77091,0.04855
2929.84211,0.04884
2927.91331,0.04936
2925.98452,0.04989
2924.05572,0.05026
2922.12692,0.05056
2920.19813,0.05084
2918.26933,0.05097
2916.34053,0.05085
2914.41174,0.05039
2912.48294,0.04960
2910.55414,0.04877
2908.62535,0.04814
2906.69655,0.04781
2904.76775,0.04790
2902.83896,0.04807
2900.91016,0.04798
2898.98136,0.04799
2897.05257,0.04820
2895.12377,0.04816
2893.19497,0.04801
2891.26618,0.04822
2889.33738,0.04838
2887.40858,0.04792
2885.47979,0.04733
2883.55099,0.04742
2881.62219,0.04814
2879.69340,0.04872
2877.76460,0.04875
2875.83580,0.04869
2873.90701,0.04893
2871.97821,0.04928
2870.04941,0.04950
2868.12062,0.04957
2866.19182,0.04961
2864.26302,0.04978
2862.33423,0.05000
2860.40543,0.05021
2858.47663,0.05047
2856.54784,0.05059
2854.61904,0.05041
2852.69024,0.05013
2850.76145,0.05020
2848.83265,0.05064
2846.90385,0.05092
2844.97506,0.05090
2843.04626,0.05085
2841.11746,0.05072
2839.18867,0.05057
2837.25987,0.05059
2835.33107,0.05075
2833.40228,0.05087
2831.47348,0.05095
2829.54468,0.05101
2827.61589,0.05097
2825.68709,0.05088
2823.75829,0.05090
2821.82950,0.05105
2819.90070,0.05115
2817.97190,0.05096
2816.04311,0.05065
2814.11431,0.05049
2812.18551,0.05038
2810.25672,0.05020
2808.32792,0.05011
2806.39912,0.05012
2804.47033,0.05002
2802.54153,0.04987
2800.61273,0.04997
2798.68394,0.05018
2796.75514,0.05020
2794.82634,0.04991
2792.89755,0.04947
2790.96875,0.04929
2789.03995,0.04951
2787.11116,0.04969
2785.18236,0.04952
2783.25356,0.04920
2781.32477,0.04894
2779.39597,0.04873
2777.46717,0.04845
2775.53838,0.04797
2773.60958,0.04760
2771.68078,0.04769
2769.75199,0.04793
2767.82319,0.04805
2765.89439,0.04806
2763.96560,0.04798
2762.03680,0.04783
2760.10800,0.04761
2758.17921,0.04730
2756.25041,0.04707
2754.32161,0.04695
2752.39282,0.04677
2750.46402,0.04665
2748.53522,0.04687
2746.60643,0.04721
2744.67763,0.04737
2742.74883,0.04732
2740.82004,0.04720
2738.89124,0.04706
2736.96244,0.04702
2735.03365,0.04720
2733.10485,0.04738
2731.17605,0.04735
2729.24726,0.04726
2727.31846,0.04724
2725.38967,0.04713
2723.46087,0.04695
2721.53207,0.04688
2719.60328,0.04700
2717.67448,0.04710
2715.74568,0.04717
2713.81689,0.04724
2711.88809,0.04707
2709.95929,0.04665
2708.03050,0.04637
2706.10170,0.04644
2704.17290,0.04665
2702.24411,0.04662
2700.31531,0.04643
2698.38651,0.04647
2696.45772,0.04673
2694.52892,0.04689
2692.60012,0.04697
2690.67133,0.04700
2688.74253,0.04697
2686.81373,0.04694
2684.88494,0.04696
2682.95614,0.04708
2681.02734,0.04720
2679.09855,0.04721
2677.16975,0.04712
2675.24095,0.04695
2673.31216,0.04672
2671.38336,0.04646
2669.45456,0.04639
2667.52577,0.04647
2665.59697,0.04640
2663.66817,0.04621
2661.73938,0.04605
2659.81058,0.04594
2657.88178,0.04587
2655.95299,0.04583
2654.02419,0.04586
2652.09539,0.04604
2650.16660,0.04621
2648.23780,0.04627
2646.30900,0.04633
2644.38021,0.04639
2642.45141,0.04651
2640.52261,0.04661
2638.59382,0.04661
2636.66502,0.04668
2634.73622,0.04697
2632.80743,0.04736
2630.87863,0.04765
2628.94983,0.04757
2627.02104,0.04715
2625.09224,0.04676
2623.16344,0.04662
2621.23465,0.04679
2619.30585,0.04705
2617.37705,0.04703
2615.44826,0.04684
2613.51946,0.04694
2611.59066,0.04718
2609.66187,0.04713
2607.73307,0.04685
2605.80427,0.04667
2603.87548,0.04679
2601.94668,0.04720
2600.01788,0.04780
2598.08909,0.04846
2596.16029,0.04873
2594.23149,0.04842
2592.30270,0.04807
2590.37390,0.04806
2588.44510,0.04806
2586.51631,0.04768
2584.58751,0.04741
2582.65871,0.04755
2580.72992,0.04747
2578.80112,0.04720
2576.87232,0.04740
2574.94353,0.04774
2573.01473,0.04754
2571.08593,0.04723
2569.15714,0.04748
2567.22834,0.04788
2565.29954,0.04763
2563.37075,0.04682
2561.44195,0.04618
2559.51315,0.04594
2557.58436,0.04595
2555.65556,0.04618
2553.72676,0.04641
2551.79797,0.04656
2549.86917,0.04684
2547.94037,0.04708
2546.01158,0.04706
2544.08278,0.04712
2542.15398,0.04743
2540.22519,0.04763
2538.29639,0.04753
2536.36759,0.04728
2534.43880,0.04704
2532.51000,0.04677
2530.58120,0.04642
2528.65241,0.04610
2526.72361,0.04601
2524.79481,0.04606
2522.86602,0.04605
2520.93722,0.04608
2519.00842,0.04609
2517.07963,0.04595
2515.15083,0.04605
2513.22203,0.04633
2511.29324,0.04625
2509.36444,0.04594
2507.43564,0.04579
2505.50685,0.04556
2503.57805,0.04502
2501.64925,0.04482
2499.72046,0.04530
2497.79166,0.04564
2495.86286,0.04545
2493.93407,0.04530
2492.00527,0.04530
2490.07647,0.04526
2488.14768,0.04549
2486.21888,0.04586
2484.29008,0.04594
2482.36129,0.04597
2480.43249,0.04616
2478.50369,0.04627
2476.57490,0.04634
2474.64610,0.04632
2472.71730,0.04581
2470.78851,0.04494
2468.85971,0.04443
2466.93091,0.04456
2465.00212,0.04492
2463.07332,0.04516
2461.14452,0.04521
2459.21573,0.04508
2457.28693,0.04486
2455.35813,0.04460
2453.42934,0.04431
2451.50054,0.04412
2449.57174,0.04411
2447.64295,0.04421
2445.71415,0.04444
2443.78535,0.04460
2441.85656,0.04460
2439.92776,0.04458
2437.99896,0.04451
2436.07017,0.04421
2434.14137,0.04395
2432.21257,0.04395
2430.28378,0.04393
2428.35498,0.04378
2426.42618,0.04371
2424.49739,0.04356
2422.56859,0.04320
2420.63979,0.04269
2418.71100,0.04214
2416.78220,0.04173
2414.85340,0.04145
2412.92461,0.04110
2410.99581,0.04079
2409.06701,0.04080
2407.13822,0.04105
2405.20942,0.04118
2403.28062,0.04114
2401.35183,0.04103
2399.42303,0.04083
2397.49423,0.04062
2395.56544,0.04069
2393.63664,0.04101
2391.70784,0.04142
2389.77905,0.04219
2387.85025,0.04417
2385.92145,0.04836
2383.99266,0.05548
2382.06386,0.06579
2380.13506,0.07895
2378.20627,0.09378
2376.27747,0.10899
2374.34867,0.12425
2372.41988,0.13986
2370.49108,0.15575
2368.56228,0.17111
2366.63349,0.18482
2364.70469,0.19574
2362.77589,0.20313
2360.84710,0.20662
2358.91830,0.20504
2356.98951,0.19702
2355.06071,0.18253
2353.13191,0.16276
2351.20312,0.14278
2349.27432,0.13245
2347.34552,0.13748
2345.41673,0.15233
2343.48793,0.16274
2341.55913,0.16402
2339.63034,0.16144
2337.70154,0.15791
2335.77274,0.15492
2333.84395,0.15381
2331.91515,0.15375
2329.98635,0.15136
2328.05756,0.14604
2326.12876,0.14101
2324.19996,0.13766
2322.27117,0.13346
2320.34237,0.12579
2318.41357,0.11586
2316.48478,0.10721
2314.55598,0.10165
2312.62718,0.09773
2310.69839,0.09316
2308.76959,0.08750
2306.84079,0.08126
2304.91200,0.07516
2302.98320,0.07016
2301.05440,0.06634
2299.12561,0.06294
2297.19681,0.05981
2295.26801,0.05723
2293.33922,0.05482
2291.41042,0.05221
2289.48162,0.04987
2287.55283,0.04824
2285.62403,0.04699
2283.69523,0.04606
2281.76644,0.04573
2279.83764,0.04600
2277.90884,0.04684
2275.98005,0.04763
2274.05125,0.04751
2272.12245,0.04690
2270.19366,0.04691
2268.26486,0.04740
2266.33606,0.04772
2264.40727,0.04816
2262.47847,0.04881
2260.54967,0.04937
2258.62088,0.05029
2256.69208,0.05122
2254.76328,0.05101
2252.83449,0.05008
2250.90569,0.04931
2248.97689,0.04847
2247.04810,0.04794
2245.11930,0.04841
2243.19050,0.04946
2241.26171,0.05020
2239.33291,0.05022
2237.40411,0.04985
2235.47532,0.04970
2233.54652,0.05001
2231.61772,0.05066
2229.68893,0.05157
2227.76013,0.05209
2225.83133,0.05157
2223.90254,0.05076
2221.97374,0.05057
2220.04494,0.05088
2218.11615,0.05154
2216.18735,0.05240
2214.25855,0.05325
2212.32976,0.05404
2210.40096,0.05471
2208.47216,0.05479
2206.54337,0.05365
2204.61457,0.05208
2202.68577,0.05155
2200.75698,0.05206
2198.82818,0.05329
2196.89938,0.05456
2194.97059,0.05510
2193.04179,0.05566
2191.11299,0.05719
2189.18420,0.05922
2187.25540,0.06041
2185.32660,0.05988
2183.39781,0.05819
2181.46901,0.05713
2179.54021,0.05725
2177.61142,0.05755
2175.68262,0.05784
2173.75382,0.05760
2171.82503,0.05681
2169.89623,0.05724
2167.96743,0.05958
2166.03864,0.06299
2164.10984,0.06688
2162.18104,0.07074
2160.25225,0.07258
2158.32345,0.07110
2156.39465,0.06754
2154.46586,0.06366
2152.53706,0.06130
2150.60826,0.05986
2148.67947,0.05759
2146.75067,0.05517
2144.82187,0.05340
2142.89308,0.05098
2140.96428,0.04810
2139.03548,0.04689
2137.10669,0.04677
2135.17789,0.04578
2133.24909,0.04401
2131.32030,0.04216
2129.39150,0.04074
2127.46270,0.03994
2125.53391,0.03911
2123.60511,0.03786
2121.67631,0.03680
2119.74752,0.03599
2117.81872,0.03525
2115.88992,0.03498
2113.96113,0.03533
2112.03233,0.03595
2110.10353,0.03651
2108.17474,0.03702
2106.24594,0.03728
2104.31714,0.03730
2102.38835,0.03754
2100.45955,0.03763
2098.53075,0.03706
2096.60196,0.03655
2094.67316,0.03672
2092.74436,0.03691
2090.81557,0.03685
2088.88677,0.03710
2086.95797,0.03758
2085.02918,0.03758
2083.10038,0.03717
2081.17158,0.03704
2079.24279,0.03740
2077.31399,0.03802
2075.38519,0.03848
2073.45640,0.03861
2071.52760,0.03870
2069.59880,0.03864
2067.67001,0.03838
2065.74121,0.03823
2063.81241,0.03849
2061.88362,0.03898
2059.95482,0.03902
2058.02602,0.03877
2056.09723,0.03891
2054.16843,0.03947
2052.23963,0.04009
2050.31084,0.04078
2048.38204,0.04202
2046.45324,0.04406
2044.52445,0.04617
2042.59565,0.04723
2040.66685,0.04744
2038.73806,0.04674
2036.80926,0.04521
2034.88046,0.04545
2032.95167,0.04793
2031.02287,0.04953
2029.09407,0.04917
2027.16528,0.04857
2025.23648,0.04846
2023.30768,0.04825
2021.37889,0.04755
2019.45009,0.04627
2017.52129,0.04545
2015.59250,0.04570
2013.66370,0.04572
2011.73490,0.04470
2009.80611,0.04377
2007.87731,0.04317
2005.94851,0.04148
2004.01972,0.03970
2002.09092,0.03965
2000.16212,0.04045
1998.23333,0.04095
1996.30453,0.04127
1994.37574,0.04125
1992.44694,0.04053
1990.51814,0.03957
1988.58935,0.03934
1986.66055,0.04015
1984.73175,0.04090
1982.80296,0.04138
1980.87416,0.04272
1978.94536,0.04387
1977.01657,0.04305
1975.08777,0.04186
1973.15897,0.04151
1971.23018,0.04054
1969.30138,0.03902
1967.37258,0.03870
1965.44379,0.03929
1963.51499,0.03903
1961.58619,0.03773
1959.65740,0.03667
1957.72860,0.03605
1955.79980,0.03516
1953.87101,0.03459
1951.94221,0.03489
1950.01341,0.03515
1948.08462,0.03480
1946.15582,0.03474
1944.22702,0.03544
1942.29823,0.03575
1940.36943,0.03477
1938.44063,0.03299
1936.51184,0.03156
1934.58304,0.03140
1932.65424,0.03173
1930.72545,0.03163
1928.79665,0.03133
1926.86785,0.03117
1924.93906,0.03127
1923.01026,0.03142
1921.08146,0.03156
1919.15267,0.03189
1917.22387,0.03164
1915.29507,0.03070
1913.36628,0.03025
1911.43748,0.03058
1909.50868,0.03088
1907.57989,0.03071
1905.65109,0.03040
1903.72229,0.03023
1901.79350,0.03009
1899.86470,0.03004
1897.93590,0.03032
1896.00711,0.03067
1894.07831,0.03076
1892.14951,0.03096
1890.22072,0.03128
1888.29192,0.03103
1886.36312,0.03036
1884.43433,0.02998
1882.50553,0.02987
1880.57673,0.02972
1878.64794,0.02932
1876.71914,0.02890
1874.79034,0.02877
1872.86155,0.02926
1870.93275,0.03045
1869.00395,0.03126
1867.07516,0.03064
1865.14636,0.02956
1863.21756,0.02909
1861.28877,0.02894
1859.35997,0.02881
1857.43117,0.02870
1855.50238,0.02861
1853.57358,0.02862
1851.64478,0.02890
1849.71599,0.02954
1847.78719,0.03054
1845.85839,0.03174
1843.92960,0.03200
1842.00080,0.03090
1840.07200,0.03002
1838.14321,0.02982
1836.21441,0.02964
1834.28561,0.02961
1832.35682,0.03044
1830.42802,0.03134
1828.49922,0.03115
1826.57043,0.03060
1824.64163,0.02993
1822.71283,0.02885
1820.78404,0.02806
1818.85524,0.02796
1816.92644,0.02804
1814.99765,0.02815
1813.06885,0.02859
1811.14005,0.02907
1809.21126,0.02900
1807.28246,0.02863
1805.35366,0.02879
1803.42487,0.02973
1801.49607,0.03065
1799.56727,0.03068
1797.63848,0.03035
1795.70968,0.03076
1793.78088,0.03196
1791.85209,0.03231
1789.92329,0.03093
1787.99449,0.02973
1786.06570,0.02966
1784.13690,0.02987
1782.20810,0.02996
1780.27931,0.02981
1778.35051,0.02938
1776.42171,0.02951
1774.49292,0.03068
1772.56412,0.03175
1770.63532,0.03146
1768.70653,0.03037
1766.77773,0.02914
1764.84893,0.02866
1762.92014,0.02923
1760.99134,0.02959
1759.06254,0.02955
1757.13375,0.02959
1755.20495,0.02964
1753.27615,0.03055
1751.34736,0.03243
1749.41856,0.03319
1747.48976,0.03240
1745.56097,0.03162
1743.63217,0.03146
1741.70337,0.03156
1739.77458,0.03137
1737.84578,0.03142
1735.91698,0.03279
1733.98819,0.03407
1732.05939,0.03274
1730.13059,0.03057
1728.20180,0.02898
1726.27300,0.02819
1724.34420,0.02824
1722.41541,0.02889
1720.48661,0.03089
1718.55781,0.03421
1716.62902,0.03599
1714.70022,0.03505
1712.77142,0.03387
1710.84263,0.03417
1708.91383,0.03629
1706.98503,0.03993
1705.05624,0.04399
1703.12744,0.04842
1701.19864,0.05480
1699.26985,0.06165
1697.34105,0.06726
1695.41225,0.07331
1693.48346,0.07971
1691.55466,0.08765
1689.62586,0.09856
1687.69707,0.11099
1685.76827,0.12608
1683.83947,0.14415
1681.91068,0.15789
1679.98188,0.16855
1678.05308,0.18071
1676.12429,0.19523
1674.19549,0.20993
1672.26669,0.22229
1670.33790,0.23377
1668.40910,0.24349
1666.48030,0.24977
1664.55151,0.25539
1662.62271,0.26068
1660.69391,0.26357
1658.76512,0.26509
1656.83632,0.26767
1654.90752,0.27211
1652.97873,0.27482
1651.04993,0.27364
1649.12113,0.27476
1647.19234,0.27944
1645.26354,0.28479
1643.33474,0.29068
1641.40595,0.29977
1639.47715,0.31252
1637.54835,0.32934
1635.61956,0.35021
1633.69076,0.36875
1631.76197,0.38368
1629.83317,0.39942
1627.90437,0.41537
1625.97558,0.42840
1624.04678,0.43764
1622.11798,0.44240
1620.18919,0.44365
1618.26039,0.44353
1616.33159,0.44106
1614.40280,0.43715
1612.47400,0.43526
1610.54520,0.43629
1608.61641,0.44004
1606.68761,0.44609
1604.75881,0.45426
1602.83002,0.46401
1600.90122,0.47408
1598.97242,0.48312
1597.04363,0.49014
1595.11483,0.49417
1593.18603,0.49396
1591.25724,0.48917
1589.32844,0.47997
1587.39964,0.46682
1585.47085,0.45042
1583.54205,0.43144
1581.61325,0.41118
1579.68446,0.39185
1577.75566,0.37197
1575.82686,0.34749
1573.89807,0.32466
1571.96927,0.30706
1570.04047,0.28905
1568.11168,0.27023
1566.18288,0.25409
1564.25408,0.24090
1562.32529,0.23182
1560.39649,0.22470
1558.46769,0.21169
1556.53890,0.19683
1554.61010,0.18584
1552.68130,0.17686
1550.75251,0.16918
1548.82371,0.16238
1546.89491,0.15733
1544.96612,0.15434
1543.03732,0.15217
1541.10852,0.14877
1539.17973,0.14152
1537.25093,0.13446
1535.32213,0.13071
1533.39334,0.12763
1531.46454,0.12356
1529.53574,0.12063
1527.60695,0.11927
1525.67815,0.11812
1523.74935,0.11722
1521.82056,0.11618
1519.89176,0.11392
1517.96296,0.11141
1516.03417,0.10887
1514.10537,0.10652
1512.17657,0.10593
1510.24778,0.10788
1508.31898,0.11117
1506.39018,0.11106
1504.46139,0.10722
1502.53259,0.10568
1500.60379,0.10752
1498.67500,0.11133
1496.74620,0.11514
1494.81740,0.11835
1492.88861,0.12310
1490.95981,0.13096
1489.03101,0.13982
1487.10222,0.14724
1485.17342,0.15487
1483.24462,0.16455
1481.31583,0.17632
1479.38703,0.18924
1477.45823,0.20329
1475.52944,0.21856
1473.60064,0.23394
1471.67184,0.24681
1469.74305,0.25554
1467.81425,0.26305
1465.88545,0.27086
1463.95666,0.27634
1462.02786,0.27870
1460.09906,0.28033
1458.17027,0.27988
1456.24147,0.27191
1454.31267,0.25964
1452.38388,0.24800
1450.45508,0.23652
1448.52628,0.22401
1446.59749,0.21003
1444.66869,0.19630
1442.73989,0.18375
1440.81110,0.17286
1438.88230,0.16397
1436.95350,0.15449
1435.02471,0.14358
1433.09591,0.13448
1431.16711,0.12727
1429.23832,0.12032
1427.30952,0.11410
1425.38072,0.10926
1423.45193,0.10538
1421.52313,0.10267
1419.59433,0.10051
1417.66554,0.09667
1415.73674,0.09188
1413.80794,0.08814
1411.87915,0.08551
1409.95035,0.08335
1408.02155,0.08170
1406.09276,0.08051
1404.16396,0.07898
1402.23516,0.07746
1400.30637,0.07692
1398.37757,0.07677
1396.44877,0.07610
1394.51998,0.07442
1392.59118,0.07200
1390.66238,0.07045
1388.73359,0.07007
1386.80479,0.06922
1384.87599,0.06736
1382.94720,0.06581
1381.01840,0.06503
1379.08960,0.06460
1377.16081,0.06450
1375.23201,0.06451
1373.30321,0.06374
1371.37442,0.06239
1369.44562,0.06148
1367.51682,0.06108
1365.58803,0.06129
1363.65923,0.06202
1361.73043,0.06189
1359.80164,0.06064
1357.87284,0.05958
1355.94404,0.05910
1354.01525,0.05880
1352.08645,0.05854
1350.15765,0.05837
1348.22886,0.05819
1346.30006,0.05797
1344.37126,0.05798
1342.44247,0.05860
1340.51367,0.05949
1338.58487,0.05951
1336.65608,0.05853
1334.72728,0.05754
1332.79848,0.05696
1330.86969,0.05659
1328.94089,0.05627
1327.01209,0.05601
1325.08330,0.05580
1323.15450,0.05568
1321.22570,0.05574
1319.29691,0.05584
1317.36811,0.05572
1315.43931,0.05549
1313.51052,0.05531
1311.58172,0.05509
1309.65292,0.05488
1307.72413,0.05473
1305.79533,0.05460
1303.86653,0.05454
1301.93774,0.05460
1300.00894,0.05471
1298.08014,0.05482
1296.15135,0.05486
1294.22255,0.05479
1292.29375,0.05466
1290.36496,0.05461
1288.43616,0.05458
1286.50736,0.05444
1284.57857,0.05423
1282.64977,0.05409
1280.72097,0.05399
1278.79218,0.05385
1276.86338,0.05372
1274.93458,0.05373
1273.00579,0.05389
1271.07699,0.05405
1269.14820,0.05414
1267.21940,0.05429
1265.29060,0.05455
1263.36181,0.05482
1261.43301,0.05502
1259.50421,0.05513
1257.57542,0.05515
1255.64662,0.05514
1253.71782,0.05520
1251.78903,0.05537
1249.86023,0.05558
1247.93143,0.05573
1246.00264,0.05587
1244.07384,0.05607
1242.14504,0.05627
1240.21625,0.05637
1238.28745,0.05643
1236.35865,0.05651
1234.42986,0.05656
1232.50106,0.05669
1230.57226,0.05694
1228.64347,0.05720
1226.71467,0.05740
1224.78587,0.05760
1222.85708,0.05786
1220.92828,0.05824
1218.99948,0.05873
1217.07069,0.05927
1215.14189,0.05982
1213.21309,0.06040
1211.28430,0.06105
1209.35550,0.06178
1207.42670,0.06255
1205.49791,0.06339
1203.56911,0.06428
1201.64031,0.06525
1199.71152,0.06639
1197.78272,0.06770
1195.85392,0.06911
1193.92513,0.07062
1191.99633,0.07236
1190.06753,0.07438
1188.13874,0.07662
1186.20994,0.07899
1184.28114,0.08151
1182.35235,0.08437
1180.42355,0.08774
1178.49475,0.09164
1176.56596,0.09590
1174.63716,0.10043
1172.70836,0.10519
1170.77957,0.11015
1168.85077,0.11519
1166.92197,0.12010
1164.99318,0.12470
1163.06438,0.12877
1161.13558,0.13200
1159.20679,0.13408
1157.27799,0.13490
1155.34919,0.13437
1153.42040,0.13258
1151.49160,0.12977
1149.56280,0.12612
1147.63401,0.12179
1145.70521,0.11702
1143.77641,0.11205
1141.84762,0.10712
1139.91882,0.10240
1137.99002,0.09793
1136.06123,0.09373
1134.13243,0.08985
1132.20363,0.08640
1130.27484,0.08346
1128.34604,0.08091
1126.41724,0.07864
1124.48845,0.07666
1122.55965,0.07498
1120.63085,0.07359
1118.70206,0.07243
1116.77326,0.07140
1114.84446,0.07053
1112.91567,0.06986
1110.98687,0.06927
1109.05807,0.06874
1107.12928,0.06833
1105.20048,0.06807
1103.27168,0.06787
1101.34289,0.06771
1099.41409,0.06761
1097.48529,0.06757
1095.55650,0.06755
1093.62770,0.06757
1091.69890,0.06767
1089.77011,0.06788
1087.84131,0.06813
1085.91251,0.06829
1083.98372,0.06844
1082.05492,0.06872
1080.12612,0.06909
1078.19733,0.06951
1076.26853,0.06997
1074.33973,0.07048
1072.41094,0.07101
1070.48214,0.07146
1068.55334,0.07170
1066.62455,0.07182
1064.69575,0.07195
1062.76695,0.07196
1060.83816,0.07168
1058.90936,0.07123
1056.98056,0.07081
1055.05177,0.07034
1053.12297,0.06974
1051.19417,0.06907
1049.26538,0.06837
1047.33658,0.06765
1045.40778,0.06692
1043.47899,0.06617
1041.55019,0.06534
1039.62139,0.06446
1037.69260,0.06366
1035.76380,0.06291
1033.83500,0.06212
1031.90621,0.06136
1029.97741,0.06073
1028.04861,0.06015
1026.11982,0.05960
1024.19102,0.05918
1022.26222,0.05891
1020.33343,0.05862
1018.40463,0.05827
1016.47583,0.05801
1014.54704,0.05790
1012.61824,0.05785
1010.68944,0.05771
1008.76065,0.05737
1006.83185,0.05688
1004.90305,0.05626
1002.97426,0.05554
1001.04546,0.05485
999.11666,0.05430
997.18787,0.05384
995.25907,0.05337
993.33027,0.05285
991.40148,0.05234
989.47268,0.05189
987.54388,0.05140
985.61509,0.05086
983.68629,0.05039
981.75749,0.04997
979.82870,0.04948
977.89990,0.04891
975.97110,0.04836
974.04231,0.04788
972.11351,0.04743
970.18471,0.04699
968.25592,0.04671
966.32712,0.04662
964.39832,0.04656
962.46953,0.04639
960.54073,0.04605
958.61193,0.04560
956.68314,0.04511
954.75434,0.04465
952.82554,0.04435
950.89675,0.04414
948.96795,0.04378
947.03915,0.04325
945.11036,0.04272
943.18156,0.04219
941.25276,0.04160
939.32397,0.04094
937.39517,0.04031
935.46637,0.03971
933.53758,0.03915
931.60878,0.03860
929.67998,0.03809
927.75119,0.03768
925.82239,0.03736
923.89359,0.03693
921.96480,0.03631
920.03600,0.03571
918.10720,0.03530
916.17841,0.03498
914.24961,0.03465
912.32081,0.03439
910.39202,0.03420
908.46322,0.03393
906.53443,0.03352
904.60563,0.03312
902.67683,0.03287
900.74804,0.03269
898.81924,0.03241
896.89044,0.03194
894.96165,0.03133
893.03285,0.03071
891.10405,0.03010
889.17526,0.02949
887.24646,0.02881
885.31766,0.02807
883.38887,0.02737
881.46007,0.02679
879.53127,0.02626
877.60248,0.02578
875.67368,0.02538
873.74488,0.02502
871.81609,0.02468
869.88729,0.02430
867.95849,0.02385
866.02970,0.02348
864.10090,0.02336
862.17210,0.02325
860.24331,0.02296
858.31451,0.02264
856.38571,0.02232
854.45692,0.02204
852.52812,0.02191
850.59932,0.02175
848.67053,0.02139
846.74173,0.02100
844.81293,0.02066
842.88414,0.02028
840.95534,0.01985
839.02654,0.01951
837.09775,0.01923
835.16895,0.01892
833.24015,0.01863
831.31136,0.01844
829.38256,0.01826
827.45376,0.01809
825.52497,0.01800
823.59617,0.01813
821.66737,0.01850
819.73858,0.01884
817.80978,0.01903
815.88098,0.01924
813.95219,0.01957
812.02339,0.01989
810.09459,0.02020
808.16580,0.02072
806.23700,0.02141
804.30820,0.02210
802.37941,0.02285
800.45061,0.02357
798.52181,0.02432
796.59302,0.02530
794.66422,0.02638
792.73542,0.02729
790.80663,0.02812
788.87783,0.02896
786.94903,0.02966
785.02024,0.03002
783.09144,0.02990
781.16264,0.02929
779.23385,0.02836
777.30505,0.02718
775.37625,0.02590
773.44746,0.02488
771.51866,0.02427
769.58986,0.02380
767.66107,0.02333
765.73227,0.02310
763.80347,0.02307
761.87468,0.02295
759.94588,0.02283
758.01708,0.02299
756.08829,0.02329
754.15949,0.02336
752.23069,0.02321
750.30190,0.02300
748.37310,0.02276
