3496.90832,0.09626
3494.97953,0.09163
3493.05073,0.08458
3491.12193,0.08560
3489.19314,0.09001
3487.26434,0.08980
3485.33554,0.08315
3483.40675,0.07758
3481.47795,0.08196
3479.54915,0.08950
3477.62036,0.09231
3475.69156,0.09338
3473.76276,0.09127
3471.83397,0.08447
3469.90517,0.07942
3467.97637,0.07803
3466.04758,0.07764
3464.11878,0.07975
3462.18998,0.08411
3460.26119,0.08676
3458.33239,0.08551
3456.40359,0.08261
3454.47480,0.08313
3452.54600,0.08503
3450.61721,0.08470
3448.68841,0.08525
3446.75961,0.08753
3444.83082,0.08786
3442.90202,0.08374
3440.97322,0.07755
3439.04443,0.07203
3437.11563,0.06325
3435.18683,0.05519
3433.25804,0.05972
3431.32924,0.07056
3429.40044,0.07387
3427.47165,0.07353
3425.54285,0.07591
3423.61405,0.07833
3421.68526,0.07844
3419.75646,0.07636
3417.82766,0.07356
3415.89887,0.06843
3413.97007,0.05863
3412.04127,0.05211
3410.11248,0.05591
3408.18368,0.06469
3406.25488,0.07022
3404.32609,0.07005
3402.39729,0.06867
3400.46849,0.07001
3398.53970,0.06925
3396.61090,0.06040
3394.68210,0.05136
3392.75331,0.05119
3390.82451,0.05360
3388.89571,0.05736
3386.96692,0.06710
3385.03812,0.07282
3383.10932,0.06972
3381.18053,0.07147
3379.25173,0.08079
3377.32293,0.08500
3375.39414,0.08017
3373.46534,0.07569
3371.53654,0.07637
3369.60775,0.07637
3367.67895,0.07414
3365.75015,0.07248
3363.82136,0.07132
3361.89256,0.06871
3359.96376,0.06243
3358.03497,0.05965
3356.10617,0.06721
3354.17737,0.07828
3352.24858,0.08478
3350.31978,0.08629
3348.39098,0.08706
3346.46219,0.08792
3344.53339,0.08549
3342.60459,0.07818
3340.67580,0.06890
3338.74700,0.06427
3336.81820,0.06421
3334.88941,0.06493
3332.96061,0.06820
3331.03181,0.07319
3329.10302,0.07478
3327.17422,0.07325
3325.24542,0.07087
3323.31663,0.06483
3321.38783,0.05636
3319.45903,0.05322
3317.53024,0.05415
3315.60144,0.05057
3313.67264,0.04345
3311.74385,0.04112
3309.81505,0.04745
3307.88625,0.05843
3305.95746,0.06139
3304.02866,0.05271
3302.09986,0.04634
3300.17107,0.04975
3298.24227,0.05620
3296.31347,0.05919
3294.38468,0.05883
3292.45588,0.05711
3290.52708,0.05392
3288.59829,0.04928
3286.66949,0.04469
3284.74069,0.04627
3282.81190,0.05597
3280.88310,0.06410
3278.95430,0.06870
3277.02551,0.07011
3275.09671,0.06173
3273.16791,0.05211
3271.23912,0.05272
3269.31032,0.05612
3267.38152,0.05377
3265.45273,0.04808
3263.52393,0.04396
3261.59513,0.04611
3259.66634,0.05489
3257.73754,0.06313
3255.80874,0.06555
3253.87995,0.06264
3251.95115,0.05669
3250.02235,0.05180
3248.09356,0.05063
3246.16476,0.05117
3244.23596,0.05165
3242.30717,0.05004
3240.37837,0.04604
3238.44957,0.04610
3236.52078,0.05163
3234.59198,0.05795
3232.66318,0.06212
3230.73439,0.06129
3228.80559,0.05799
3226.87679,0.05548
3224.94800,0.05223
3223.01920,0.05185
3221.09040,0.05696
3219.16161,0.06277
3217.23281,0.06723
3215.30401,0.07209
3213.37522,0.07616
3211.44642,0.07689
3209.51762,0.07334
3207.58883,0.06758
3205.66003,0.06459
3203.73123,0.06546
3201.80244,0.06481
3199.87364,0.05996
3197.94484,0.05720
3196.01605,0.06030
3194.08725,0.06226
3192.15845,0.06053
3190.22966,0.06329
3188.30086,0.07135
3186.37206,0.07446
3184.44327,0.07043
3182.51447,0.06595
3180.58567,0.06306
3178.65688,0.06096
3176.72808,0.05967
3174.79928,0.05849
3172.87049,0.05644
3170.94169,0.05325
3169.01289,0.04983
3167.08410,0.04898
3165.15530,0.05372
3163.22650,0.06031
3161.29771,0.06111
3159.36891,0.05572
3157.44011,0.04980
3155.51132,0.04830
3153.58252,0.05197
3151.65372,0.05692
3149.72493,0.05836
3147.79613,0.05631
3145.86733,0.05420
3143.93854,0.05287
3142.00974,0.05167
3140.08094,0.05114
3138.15215,0.05179
3136.22335,0.05278
3134.29455,0.05201
3132.36576,0.04960
3130.43696,0.04881
3128.50816,0.05027
3126.57937,0.05091
3124.65057,0.05049
3122.72177,0.05160
3120.79298,0.05332
3118.86418,0.05321
3116.93538,0.05158
3115.00659,0.04924
3113.07779,0.04723
3111.14899,0.04717
3109.22020,0.04828
3107.29140,0.04941
3105.36260,0.05044
3103.43381,0.05018
3101.50501,0.04856
3099.57621,0.04717
3097.64742,0.04620
3095.71862,0.04599
3093.78982,0.04682
3091.86103,0.04675
3089.93223,0.04576
3088.00344,0.04620
3086.07464,0.04788
3084.14584,0.04889
3082.21705,0.04889
3080.28825,0.04892
3078.35945,0.04931
3076.43066,0.04969
3074.50186,0.04988
3072.57306,0.04919
3070.64427,0.04786
3068.71547,0.04708
3066.78667,0.04702
3064.85788,0.04712
3062.92908,0.04694
3061.00028,0.04664
3059.07149,0.04639
3057.14269,0.04640
3055.21389,0.04740
3053.28510,0.04862
3051.35630,0.04842
3049.42750,0.04714
3047.49871,0.04625
3045.56991,0.04639
3043.64111,0.04741
3041.71232,0.04848
3039.78352,0.04860
3037.85472,0.04818
3035.92593,0.04838
3033.99713,0.04917
3032.06833,0.05002
3030.13954,0.05078
3028.21074,0.05123
3026.28194,0.05122
3024.35315,0.05077
3022.42435,0.05025
3020.49555,0.04999
3018.56676,0.04989
3016.63796,0.04994
3014.70916,0.05016
3012.78037,0.05070
3010.85157,0.05129
3008.92277,0.05154
3006.99398,0.05175
3005.06518,0.05168
3003.13638,0.05083
3001.20759,0.04979
2999.27879,0.04961
2997.34999,0.05030
2995.42120,0.05110
2993.49240,0.05151
2991.56360,0.05160
2989.63481,0.05204
2987.70601,0.05275
2985.77721,0.05296
2983.84842,0.05300
2981.91962,0.05360
2979.99082,0.05417
2978.06203,0.05385
2976.13323,0.05324
2974.20443,0.05310
2972.27564,0.05329
2970.34684,0.05340
2968.41804,0.05319
2966.48925,0.05290
2964.56045,0.05301
2962.63165,0.05342
2960.70286,0.05388
2958.77406,0.05454
2956.84526,0.05539
2954.91647,0.05584
2952.98767,0.05551
2951.05887,0.05521
2949.13008,0.05570
2947.20128,0.05612
2945.27248,0.05592
2943.34369,0.05581
2941.41489,0.05583
2939.48609,0.05570
2937.55730,0.05586
2935.62850,0.05640
2933.69970,0.05691
2931.77091,0.05734
2929.84211,0.05763
2927.91331,0.05752
2925.98452,0.05735
2924.05572,0.05762
2922.12692,0.05815
2920.19813,0.05846
2918.26933,0.05845
2916.34053,0.05833
2914.41174,0.05793
2912.48294,0.05715
2910.55414,0.05647
2908.62535,0.05610
2906.69655,0.05579
2904.76775,0.05556
2902.83896,0.05549
2900.91016,0.05556
2898.98136,0.05592
2897.05257,0.05631
2895.12377,0.05622
2893.19497,0.05593
2891.26618,0.05592
2889.33738,0.05608
2887.40858,0.05600
2885.47979,0.05564
2883.55099,0.05555
2881.62219,0.05598
2879.69340,0.05636
2877.76460,0.05658
2875.83580,0.05690
2873.90701,0.05693
2871.97821,0.05649
2870.04941,0.05624
2868.12062,0.05650
2866.19182,0.05685
2864.26302,0.05714
2862.33423,0.05746
2860.40543,0.05773
2858.47663,0.05800
2856.54784,0.05821
2854.61904,0.05809
2852.69024,0.05776
2850.76145,0.05772
2848.83265,0.05808
2846.90385,0.05837
2844.97506,0.05851
2843.04626,0.05879
2841.11746,0.05902
2839.18867,0.05889
2837.25987,0.05853
2835.33107,0.05814
2833.40228,0.05793
2831.47348,0.05810
2829.54468,0.05849
2827.61589,0.05867
2825.68709,0.05869
2823.75829,0.05887
2821.82950,0.05912
2819.90070,0.05918
2817.97190,0.05896
2816.04311,0.05865
2814.11431,0.05858
2812.18551,0.05865
2810.25672,0.05852
2808.32792,0.05826
2806.39912,0.05807
2804.47033,0.05792
2802.54153,0.05782
2800.61273,0.05779
2798.68394,0.05776
2796.75514,0.05765
2794.82634,0.05747
2792.89755,0.05743
2790.96875,0.05756
2789.03995,0.05758
2787.11116,0.05729
2785.18236,0.05688
2783.25356,0.05669
2781.32477,0.05659
2779.39597,0.05629
2777.46717,0.05587
2775.53838,0.05557
2773.60958,0.05551
2771.68078,0.05567
2769.75199,0.05586
2767.82319,0.05600
2765.89439,0.05605
2763.96560,0.05583
2762.03680,0.05539
2760.10800,0.05502
2758.17921,0.05480
2756.25041,0.05472
2754.32161,0.05463
2752.39282,0.05433
2750.46402,0.05408
2748.53522,0.05424
2746.60643,0.05461
2744.67763,0.05484
2742.74883,0.05494
2740.82004,0.05501
2738.89124,0.05499
2736.96244,0.05497
2735.03365,0.05501
2733.10485,0.05498
2731.17605,0.05484
2729.24726,0.05474
2727.31846,0.05483
2725.38967,0.05495
2723.46087,0.05471
2721.53207,0.05435
2719.60328,0.05438
2717.67448,0.05468
2715.74568,0.05490
2713.81689,0.05496
2711.88809,0.05479
2709.95929,0.05451
2708.03050,0.05434
2706.10170,0.05433
2704.17290,0.05431
2702.24411,0.05417
2700.31531,0.05406
2698.38651,0.05417
2696.45772,0.05436
2694.52892,0.05448
2692.60012,0.05461
2690.67133,0.05481
2688.74253,0.05496
2686.81373,0.05494
2684.88494,0.05487
2682.95614,0.05487
2681.02734,0.05491
2679.09855,0.05490
2677.16975,0.05482
2675.24095,0.05477
2673.31216,0.05466
2671.38336,0.05438
2669.45456,0.05417
2667.52577,0.05414
2665.59697,0.05414
2663.66817,0.05413
2661.73938,0.05398
2659.81058,0.05372
2657.88178,0.05363
2655.95299,0.05369
2654.02419,0.05387
2652.09539,0.05413
2650.16660,0.05422
2648.23780,0.05417
2646.30900,0.05427
2644.38021,0.05450
2642.45141,0.05465
2640.52261,0.05465
2638.59382,0.05461
2636.66502,0.05481
2634.73622,0.05517
2632.80743,0.05539
2630.87863,0.05553
2628.94983,0.05558
2627.02104,0.05537
2625.09224,0.05506
2623.16344,0.05489
2621.23465,0.05487
2619.30585,0.05503
2617.37705,0.05514
2615.44826,0.05501
2613.51946,0.05480
2611.59066,0.05463
2609.66187,0.05453
2607.73307,0.05458
2605.80427,0.05477
2603.87548,0.05507
2601.94668,0.05545
2600.01788,0.05571
2598.08909,0.05579
2596.16029,0.05573
2594.23149,0.05557
2592.30270,0.05567
2590.37390,0.05617
2588.44510,0.05663
2586.51631,0.05655
2584.58751,0.05617
2582.65871,0.05586
2580.72992,0.05565
2578.80112,0.05562
2576.87232,0.05581
2574.94353,0.05578
2573.01473,0.05527
2571.08593,0.05483
2569.15714,0.05485
2567.22834,0.05504
2565.29954,0.05505
2563.37075,0.05482
2561.44195,0.05465
2559.51315,0.05470
2557.58436,0.05476
2555.65556,0.05481
2553.72676,0.05487
2551.79797,0.05481
2549.86917,0.05478
2547.94037,0.05498
2546.01158,0.05512
2544.08278,0.05508
2542.15398,0.05516
2540.22519,0.05539
2538.29639,0.05550
2536.36759,0.05540
2534.43880,0.05531
2532.51000,0.05518
2530.58120,0.05475
2528.65241,0.05421
2526.72361,0.05397
2524.79481,0.05383
2522.86602,0.05354
2520.93722,0.05333
2519.00842,0.05320
2517.07963,0.05306
2515.15083,0.05306
2513.22203,0.05309
2511.29324,0.05299
2509.36444,0.05290
2507.43564,0.05298
2505.50685,0.05298
2503.57805,0.05280
2501.64925,0.05272
2499.72046,0.05293
2497.79166,0.05322
2495.86286,0.05338
2493.93407,0.05369
2492.00527,0.05403
2490.07647,0.05389
2488.14768,0.05370
2486.21888,0.05403
2484.29008,0.05438
2482.36129,0.05419
2480.43249,0.05374
2478.50369,0.05359
2476.57490,0.05375
2474.64610,0.05376
2472.71730,0.05328
2470.78851,0.05273
2468.85971,0.05259
2466.93091,0.05276
2465.00212,0.05291
2463.07332,0.05284
2461.14452,0.05251
2459.21573,0.05225
2457.28693,0.05221
2455.35813,0.05209
2453.42934,0.05190
2451.50054,0.05192
2449.57174,0.05202
2447.64295,0.05195
2445.71415,0.05185
2443.78535,0.05202
2441.85656,0.05234
2439.92776,0.05252
2437.99896,0.05240
2436.07017,0.05198
2434.14137,0.05161
2432.21257,0.05157
2430.28378,0.05163
2428.35498,0.05144
2426.42618,0.05125
2424.49739,0.05145
2422.56859,0.05156
2420.63979,0.05093
2418.71100,0.05007
2416.78220,0.04979
2414.85340,0.04986
2412.92461,0.04964
2410.99581,0.04925
2409.06701,0.04914
2407.13822,0.04925
2405.20942,0.04928
2403.28062,0.04928
2401.35183,0.04930
2399.42303,0.04895
2397.49423,0.04841
2395.56544,0.04826
2393.63664,0.04846
2391.70784,0.04881
2389.77905,0.04965
2387.85025,0.05184
2385.92145,0.05626
2383.99266,0.06357
2382.06386,0.07397
2380.13506,0.08705
2378.20627,0.10183
2376.27747,0.11729
2374.34867,0.13305
2372.41988,0.14905
2370.49108,0.16497
2368.56228,0.18019
2366.63349,0.19396
2364.70469,0.20529
2362.77589,0.21318
2360.84710,0.21663
2358.91830,0.21425
2356.98951,0.20529
2355.06071,0.19049
2353.13191,0.17102
2351.20312,0.15128
2349.27432,0.14081
2347.34552,0.14559
2345.41673,0.16052
2343.48793,0.17127
2341.55913,0.17247
2339.63034,0.16972
2337.70154,0.16662
2335.77274,0.16406
2333.84395,0.16277
2331.91515,0.16212
2329.98635,0.15927
2328.05756,0.15405
2326.12876,0.14942
2324.19996,0.14612
2322.27117,0.14168
2320.34237,0.13398
2318.41357,0.12422
2316.48478,0.11561
2314.55598,0.11010
2312.62718,0.10628
2310.69839,0.10164
2308.76959,0.09568
2306.84079,0.08917
2304.91200,0.08292
2302.98320,0.07780
2301.05440,0.07395
2299.12561,0.07072
2297.19681,0.06784
2295.26801,0.06522
2293.33922,0.06256
2291.41042,0.05979
2289.48162,0.05728
2287.55283,0.05547
2285.62403,0.05437
2283.69523,0.05371
2281.76644,0.05350
2279.83764,0.05372
2277.90884,0.05397
2275.98005,0.05413
2274.05125,0.05441
2272.12245,0.05474
2270.19366,0.05492
2268.26486,0.05523
2266.33606,0.05599
2264.40727,0.05680
2262.47847,0.05703
2260.54967,0.05669
2258.62088,0.05657
2256.69208,0.05693
2254.76328,0.05689
2252.83449,0.05606
2250.90569,0.05553
2248.97689,0.05591
2247.04810,0.05638
2245.11930,0.05637
2243.19050,0.05625
2241.26171,0.05635
2239.33291,0.05678
2237.40411,0.05737
2235.47532,0.05795
2233.54652,0.05808
2231.61772,0.05741
2229.68893,0.05700
2227.76013,0.05757
2225.83133,0.05800
2223.90254,0.05809
2221.97374,0.05869
2220.04494,0.05942
2218.11615,0.05954
2216.18735,0.05945
2214.25855,0.05931
2212.32976,0.05874
2210.40096,0.05862
2208.47216,0.05967
2206.54337,0.06066
2204.61457,0.06108
2202.68577,0.06185
2200.75698,0.06312
2198.82818,0.06409
2196.89938,0.06345
2194.97059,0.06173
2193.04179,0.06145
2191.11299,0.06327
2189.18420,0.06572
2187.25540,0.06706
2185.32660,0.06645
2183.39781,0.06481
2181.46901,0.06433
2179.54021,0.06598
2177.61142,0.06715
2175.68262,0.06614
2173.75382,0.06493
2171.82503,0.06487
2169.89623,0.06603
2167.96743,0.06825
2166.03864,0.07040
2164.10984,0.07162
2162.18104,0.07263
2160.25225,0.07378
2158.32345,0.07371
2156.39465,0.07147
2154.46586,0.06874
2152.53706,0.06752
2150.60826,0.06640
2148.67947,0.06341
2146.75067,0.06014
2144.82187,0.05844
2142.89308,0.05718
2140.96428,0.05532
2139.03548,0.05366
2137.10669,0.05279
2135.17789,0.05243
2133.24909,0.05185
2131.32030,0.05051
2129.39150,0.04874
2127.46270,0.04702
2125.53391,0.04579
2123.60511,0.04497
2121.67631,0.04418
2119.74752,0.04356
2117.81872,0.04335
2115.88992,0.04361
2113.96113,0.04402
2112.03233,0.04430
2110.10353,0.04467
2108.17474,0.04492
2106.24594,0.04464
2104.31714,0.04434
2102.38835,0.04459
2100.45955,0.04502
2098.53075,0.04511
2096.60196,0.04471
2094.67316,0.04406
2092.74436,0.04352
2090.81557,0.04340
2088.88677,0.04382
2086.95797,0.04417
2085.02918,0.04403
2083.10038,0.04421
2081.17158,0.04499
2079.24279,0.04541
2077.31399,0.04524
2075.38519,0.04511
2073.45640,0.04555
2071.52760,0.04649
2069.59880,0.04723
2067.67001,0.04734
2065.74121,0.04674
2063.81241,0.04596
2061.88362,0.04569
2059.95482,0.04588
2058.02602,0.04641
2056.09723,0.04709
2054.16843,0.04741
2052.23963,0.04752
2050.31084,0.04868
2048.38204,0.05124
2046.45324,0.05384
2044.52445,0.05580
2042.59565,0.05690
2040.66685,0.05671
2038.73806,0.05506
2036.80926,0.05261
2034.88046,0.05158
2032.95167,0.05342
2031.02287,0.05578
2029.09407,0.05541
2027.16528,0.05348
2025.23648,0.05328
2023.30768,0.05493
2021.37889,0.05555
2019.45009,0.05453
2017.52129,0.05464
2015.59250,0.05584
2013.66370,0.05572
2011.73490,0.05443
2009.80611,0.05378
2007.87731,0.05343
2005.94851,0.05136
2004.01972,0.04922
2002.09092,0.04958
2000.16212,0.05065
1998.23333,0.05027
1996.30453,0.04884
1994.37574,0.04764
1992.44694,0.04748
1990.51814,0.04790
1988.58935,0.04780
1986.66055,0.04702
1984.73175,0.04577
1982.80296,0.04517
1980.87416,0.04649
1978.94536,0.04786
1977.01657,0.04712
1975.08777,0.04598
1973.15897,0.04534
1971.23018,0.04449
1969.30138,0.04437
1967.37258,0.04514
1965.44379,0.04519
1963.51499,0.04432
1961.58619,0.04416
1959.65740,0.04479
1957.72860,0.04461
1955.79980,0.04363
1953.87101,0.04306
1951.94221,0.04315
1950.01341,0.04313
1948.08462,0.04251
1946.15582,0.04203
1944.22702,0.04255
1942.29823,0.04305
1940.36943,0.04213
1938.44063,0.04053
1936.51184,0.03968
1934.58304,0.03976
1932.65424,0.03969
1930.72545,0.03904
1928.79665,0.03862
1926.86785,0.03881
1924.93906,0.03936
1923.01026,0.03975
1921.08146,0.03970
1919.15267,0.03936
1917.22387,0.03855
1915.29507,0.03769
1913.36628,0.03771
1911.43748,0.03825
1909.50868,0.03840
1907.57989,0.03803
1905.65109,0.03763
1903.72229,0.03740
1901.79350,0.03730
1899.86470,0.03746
1897.93590,0.03797
1896.00711,0.03858
1894.07831,0.03890
1892.14951,0.03906
1890.22072,0.03928
1888.29192,0.03911
1886.36312,0.03850
1884.43433,0.03799
1882.50553,0.03780
1880.57673,0.03768
1878.64794,0.03736
1876.71914,0.03691
1874.79034,0.03664
1872.86155,0.03707
1870.93275,0.03840
1869.00395,0.03943
1867.07516,0.03877
1865.14636,0.03747
1863.21756,0.03690
1861.28877,0.03682
1859.35997,0.03674
1857.43117,0.03658
1855.50238,0.03645
1853.57358,0.03646
1851.64478,0.03672
1849.71599,0.03733
1847.78719,0.03837
1845.85839,0.03962
1843.92960,0.03983
1842.00080,0.03865
1840.07200,0.03775
1838.14321,0.03756
1836.21441,0.03734
1834.28561,0.03725
1832.35682,0.03805
1830.42802,0.03897
1828.49922,0.03881
1826.57043,0.03830
1824.64163,0.03771
1822.71283,0.03669
1820.78404,0.03597
1818.85524,0.03592
1816.92644,0.03602
1814.99765,0.03613
1813.06885,0.03653
1811.14005,0.03695
1809.21126,0.03683
1807.28246,0.03642
1805.35366,0.03654
1803.42487,0.03747
1801.49607,0.03840
1799.56727,0.03844
1797.63848,0.03811
1795.70968,0.03858
1793.78088,0.03982
1791.85209,0.04012
1789.92329,0.03869
1787.99449,0.03753
1786.06570,0.03752
1784.13690,0.03773
1782.20810,0.03777
1780.27931,0.03760
1778.35051,0.03722
1776.42171,0.03742
1774.49292,0.03864
1772.56412,0.03975
1770.63532,0.03948
1768.70653,0.03834
1766.77773,0.03704
1764.84893,0.03656
1762.92014,0.03714
1760.99134,0.03749
1759.06254,0.03740
1757.13375,0.03740
1755.20495,0.03744
1753.27615,0.03842
1751.34736,0.04040
1749.41856,0.04123
1747.48976,0.04040
1745.56097,0.03953
1743.63217,0.03934
1741.70337,0.03948
1739.77458,0.03931
1737.84578,0.03931
1735.91698,0.04064
1733.98819,0.04191
1732.05939,0.04060
1730.13059,0.03837
1728.20180,0.03672
1726.27300,0.03594
1724.34420,0.03605
1722.41541,0.03672
1720.48661,0.03877
1718.55781,0.04220
1716.62902,0.04403
1714.70022,0.04301
1712.77142,0.04172
1710.84263,0.04195
1708.91383,0.04406
1706.98503,0.04769
1705.05624,0.05177
1703.12744,0.05628
1701.19864,0.06276
1699.26985,0.06958
1697.34105,0.07509
1695.41225,0.08113
1693.48346,0.08758
1691.55466,0.09557
1689.62586,0.10648
1687.69707,0.11889
1685.76827,0.13404
1683.83947,0.15219
1681.91068,0.16587
1679.98188,0.17640
1678.05308,0.18847
1676.12429,0.20294
1674.19549,0.21758
1672.26669,0.22990
1670.33790,0.24142
1668.40910,0.25122
1666.48030,0.25757
1664.55151,0.26321
1662.62271,0.26845
1660.69391,0.27130
1658.76512,0.27285
1656.83632,0.27548
1654.90752,0.28008
1652.97873,0.28293
1651.04993,0.28163
1649.12113,0.28264
1647.19234,0.28724
1645.26354,0.29238
1643.33474,0.29811
1641.40595,0.30729
1639.47715,0.32030
1637.54835,0.33740
1635.61956,0.35843
1633.69076,0.37684
1631.76197,0.39156
1629.83317,0.40722
1627.90437,0.42321
1625.97558,0.43624
1624.04678,0.44533
1622.11798,0.44992
1620.18919,0.45107
1618.26039,0.45096
1616.33159,0.44869
1614.40280,0.44489
1612.47400,0.44294
1610.54520,0.44393
1608.61641,0.44770
1606.68761,0.45376
1604.75881,0.46190
1602.83002,0.47157
1600.90122,0.48150
1598.97242,0.49052
1597.04363,0.49769
1595.11483,0.50177
1593.18603,0.50155
1591.25724,0.49687
1589.32844,0.48783
1587.39964,0.47473
1585.47085,0.45829
1583.54205,0.43921
1581.61325,0.41887
1579.68446,0.39956
1577.75566,0.37976
1575.82686,0.35526
1573.89807,0.33233
1571.96927,0.31473
1570.04047,0.29679
1568.11168,0.27801
1566.18288,0.26186
1564.25408,0.24863
1562.32529,0.23955
1560.39649,0.23252
1558.46769,0.21965
1556.53890,0.20480
1554.61010,0.19373
1552.68130,0.18467
1550.75251,0.17695
1548.82371,0.17011
1546.89491,0.16506
1544.96612,0.16213
1543.03732,0.16003
1541.10852,0.15666
1539.17973,0.14937
1537.25093,0.14226
1535.32213,0.13854
1533.39334,0.13551
1531.46454,0.13146
1529.53574,0.12851
1527.60695,0.12712
1525.67815,0.12595
1523.74935,0.12507
1521.82056,0.12407
1519.89176,0.12178
1517.96296,0.11923
1516.03417,0.11668
1514.10537,0.11434
1512.17657,0.11375
1510.24778,0.11572
1508.31898,0.11905
1506.39018,0.11890
1504.46139,0.11501
1502.53259,0.11348
1500.60379,0.11532
1498.67500,0.11910
1496.74620,0.12288
1494.81740,0.12605
1492.88861,0.13078
1490.95981,0.13866
1489.03101,0.14758
1487.10222,0.15503
1485.17342,0.16266
1483.24462,0.17234
1481.31583,0.18411
1479.38703,0.19705
1477.45823,0.21112
1475.52944,0.22641
1473.60064,0.24184
1471.67184,0.25468
1469.74305,0.26334
1467.81425,0.27080
1465.88545,0.27859
1463.95666,0.28402
1462.02786,0.28634
1460.09906,0.28798
1458.17027,0.28754
1456.24147,0.27955
1454.31267,0.26725
1452.38388,0.25560
1450.45508,0.24411
1448.52628,0.23155
1446.59749,0.21753
1444.66869,0.20381
1442.73989,0.19127
1440.81110,0.18040
1438.88230,0.17156
1436.95350,0.16216
1435.02471,0.15126
1433.09591,0.14215
1431.16711,0.13491
1429.23832,0.12794
1427.30952,0.12171
1425.38072,0.11687
1423.45193,0.11298
1421.52313,0.11028
1419.59433,0.10813
1417.66554,0.10427
1415.73674,0.09946
1413.80794,0.09574
1411.87915,0.09313
1409.95035,0.09096
1408.02155,0.08931
1406.09276,0.08816
1404.16396,0.08668
1402.23516,0.08520
1400.30637,0.08467
1398.37757,0.08451
1396.44877,0.08379
1394.51998,0.08204
1392.59118,0.07959
1390.66238,0.07803
1388.73359,0.07766
1386.80479,0.07683
1384.87599,0.07500
1382.94720,0.07345
1381.01840,0.07263
1379.08960,0.07214
1377.16081,0.07203
1375.23201,0.07209
1373.30321,0.07134
1371.37442,0.06998
1369.44562,0.06905
1367.51682,0.06863
1365.58803,0.06880
1363.65923,0.06949
1361.73043,0.06936
1359.80164,0.06813
1357.87284,0.06710
1355.94404,0.06663
1354.01525,0.06630
1352.08645,0.06601
1350.15765,0.06584
1348.22886,0.06570
1346.30006,0.06551
1344.37126,0.06551
1342.44247,0.06611
1340.51367,0.06704
1338.58487,0.06709
1336.65608,0.06609
1334.72728,0.06507
1332.79848,0.06449
1330.86969,0.06411
1328.94089,0.06378
1327.01209,0.06351
1325.08330,0.06331
1323.15450,0.06321
1321.22570,0.06327
1319.29691,0.06335
1317.36811,0.06321
1315.43931,0.06299
1313.51052,0.06281
1311.58172,0.06259
1309.65292,0.06239
1307.72413,0.06226
1305.79533,0.06215
1303.86653,0.06211
1301.93774,0.06216
1300.00894,0.06228
1298.08014,0.06239
1296.15135,0.06242
1294.22255,0.06233
1292.29375,0.06219
1290.36496,0.06213
1288.43616,0.06210
1286.50736,0.06195
1284.57857,0.06172
1282.64977,0.06154
1280.72097,0.06139
1278.79218,0.06123
1276.86338,0.06109
1274.93458,0.06110
1273.00579,0.06127
1271.07699,0.06143
1269.14820,0.06151
1267.21940,0.06163
1265.29060,0.06187
1263.36181,0.06214
1261.43301,0.06237
1259.50421,0.06251
1257.57542,0.06253
1255.64662,0.06250
1253.71782,0.06255
1251.78903,0.06272
1249.86023,0.06294
1247.93143,0.06310
1246.00264,0.06326
1244.07384,0.06348
1242.14504,0.06365
1240.21625,0.06373
1238.28745,0.06379
1236.35865,0.06386
1234.42986,0.06391
1232.50106,0.06401
1230.57226,0.06426
1228.64347,0.06454
1226.71467,0.06477
1224.78587,0.06496
1222.85708,0.06520
1220.92828,0.06560
1218.99948,0.06612
1217.07069,0.06667
1215.14189,0.06723
1213.21309,0.06781
1211.28430,0.06844
1209.35550,0.06915
1207.42670,0.06992
1205.49791,0.07076
1203.56911,0.07166
1201.64031,0.07263
1199.71152,0.07378
1197.78272,0.07512
1195.85392,0.07654
1193.92513,0.07803
1191.99633,0.07976
1190.06753,0.08180
1188.13874,0.08405
1186.20994,0.08641
1184.28114,0.08891
1182.35235,0.09176
1180.42355,0.09510
1178.49475,0.09892
1176.56596,0.10313
1174.63716,0.10765
1172.70836,0.11240
1170.77957,0.11732
1168.85077,0.12231
1166.92197,0.12723
1164.99318,0.13187
1163.06438,0.13596
1161.13558,0.13917
1159.20679,0.14122
1157.27799,0.14199
1155.34919,0.14142
1153.42040,0.13960
1151.49160,0.13679
1149.56280,0.13318
1147.63401,0.12888
1145.70521,0.12412
1143.77641,0.11915
1141.84762,0.11420
1139.91882,0.10944
1137.99002,0.10491
1136.06123,0.10067
1134.13243,0.09679
1132.20363,0.09336
1130.27484,0.09041
1128.34604,0.08789
1126.41724,0.08565
1124.48845,0.08367
1122.55965,0.08199
1120.63085,0.08061
1118.70206,0.07946
1116.77326,0.07844
1114.84446,0.07759
1112.91567,0.07693
1110.98687,0.07637
1109.05807,0.07585
1107.12928,0.07545
1105.20048,0.07522
1103.27168,0.07506
1101.34289,0.07493
1099.41409,0.07486
1097.48529,0.07483
1095.55650,0.07480
1093.62770,0.07482
1091.69890,0.07490
1089.77011,0.07507
1087.84131,0.07529
1085.91251,0.07547
1083.98372,0.07565
1082.05492,0.07594
1080.12612,0.07635
1078.19733,0.07676
1076.26853,0.07716
1074.33973,0.07760
1072.41094,0.07808
1070.48214,0.07851
1068.55334,0.07877
1066.62455,0.07888
1064.69575,0.07895
1062.76695,0.07889
1060.83816,0.07857
1058.90936,0.07810
1056.98056,0.07765
1055.05177,0.07717
1053.12297,0.07658
1051.19417,0.07591
1049.26538,0.07519
1047.33658,0.07443
1045.40778,0.07364
1043.47899,0.07286
1041.55019,0.07202
1039.62139,0.07114
1037.69260,0.07035
1035.76380,0.06963
1033.83500,0.06886
1031.90621,0.06808
1029.97741,0.06739
1028.04861,0.06679
1026.11982,0.06625
1024.19102,0.06586
1022.26222,0.06560
1020.33343,0.06533
1018.40463,0.06500
1016.47583,0.06476
1014.54704,0.06466
1012.61824,0.06460
1010.68944,0.06446
1008.76065,0.06417
1006.83185,0.06373
1004.90305,0.06315
1002.97426,0.06246
1001.04546,0.06179
999.11666,0.06123
997.18787,0.06078
995.25907,0.06036
993.33027,0.05989
991.40148,0.05940
989.47268,0.05893
987.54388,0.05842
985.61509,0.05787
983.68629,0.05737
981.75749,0.05692
979.82870,0.05642
977.89990,0.05584
975.97110,0.05527
974.04231,0.05477
972.11351,0.05429
970.18471,0.05383
968.25592,0.05352
966.32712,0.05338
964.39832,0.05326
962.46953,0.05305
960.54073,0.05270
958.61193,0.05225
956.68314,0.05176
954.75434,0.05129
952.82554,0.05096
950.89675,0.05069
948.96795,0.05024
947.03915,0.04963
945.11036,0.04905
943.18156,0.04847
941.25276,0.04783
939.32397,0.04716
937.39517,0.04652
935.46637,0.04593
933.53758,0.04534
931.60878,0.04474
929.67998,0.04420
927.75119,0.04378
925.82239,0.04347
923.89359,0.04307
921.96480,0.04249
920.03600,0.04193
918.10720,0.04154
916.17841,0.04124
914.24961,0.04094
912.32081,0.04071
910.39202,0.04056
908.46322,0.04036
906.53443,0.04002
904.60563,0.03969
902.67683,0.03947
900.74804,0.03929
898.81924,0.03903
896.89044,0.03862
894.96165,0.03808
893.03285,0.03746
891.10405,0.03682
889.17526,0.03620
887.24646,0.03559
885.31766,0.03493
883.38887,0.03427
881.46007,0.03370
879.53127,0.03315
877.60248,0.03264
875.67368,0.03226
873.74488,0.03191
871.81609,0.03151
869.88729,0.03104
867.95849,0.03054
866.02970,0.03017
864.10090,0.03001
862.17210,0.02985
860.24331,0.02954
858.31451,0.02919
856.38571,0.02884
854.45692,0.02850
852.52812,0.02822
850.59932,0.02795
848.67053,0.02757
846.74173,0.02714
844.81293,0.02669
842.88414,0.02615
840.95534,0.02562
839.02654,0.02523
837.09775,0.02488
835.16895,0.02448
833.24015,0.02412
831.31136,0.02387
829.38256,0.02370
827.45376,0.02352
825.52497,0.02334
823.59617,0.02343
821.66737,0.02384
819.73858,0.02423
817.80978,0.02445
815.88098,0.02472
813.95219,0.02511
812.02339,0.02545
810.09459,0.02581
808.16580,0.02636
806.23700,0.02701
804.30820,0.02772
802.37941,0.02863
800.45061,0.02955
798.52181,0.03035
796.59302,0.03125
794.66422,0.03227
792.73542,0.03322
790.80663,0.03404
788.87783,0.03478
786.94903,0.03546
785.02024,0.03597
783.09144,0.03600
781.16264,0.03541
779.23385,0.03438
777.30505,0.03315
775.37625,0.03195
773.44746,0.03109
771.51866,0.03061
769.58986,0.03032
767.66107,0.03000
765.73227,0.02964
763.80347,0.02930
761.87468,0.02891
759.94588,0.02857
758.01708,0.02851
756.08829,0.02853
754.15949,0.02837
752.23069,0.02826
750.30190,0.02824
748.37310,0.02784
