3496.90832,0.07279
3494.97953,0.06762
3493.05073,0.05949
3491.12193,0.05651
3489.19314,0.05916
3487.26434,0.06187
3485.33554,0.05727
3483.40675,0.05182
3481.47795,0.05567
3479.54915,0.06268
3477.62036,0.06594
3475.69156,0.07001
3473.76276,0.07482
3471.83397,0.07323
3469.90517,0.06912
3467.97637,0.07107
3466.04758,0.07640
3464.11878,0.07695
3462.18998,0.07034
3460.26119,0.06488
3458.33239,0.06547
3456.40359,0.06529
3454.47480,0.06246
3452.54600,0.05920
3450.61721,0.05383
3448.68841,0.05043
3446.75961,0.05178
3444.83082,0.05219
3442.90202,0.05155
3440.97322,0.05261
3439.04443,0.05127
3437.11563,0.04695
3435.18683,0.04672
3433.25804,0.05061
3431.32924,0.05048
3429.40044,0.05045
3427.47165,0.05884
3425.54285,0.06674
3423.61405,0.06447
3421.68526,0.05810
3419.75646,0.05666
3417.82766,0.05858
3415.89887,0.05332
3413.97007,0.03931
3412.04127,0.02754
3410.11248,0.02633
3408.18368,0.03095
3406.25488,0.03208
3404.32609,0.03227
3402.39729,0.03743
3400.46849,0.04515
3398.53970,0.04880
3396.61090,0.04205
3394.68210,0.03145
3392.75331,0.03213
3390.82451,0.04377
3388.89571,0.05435
3386.96692,0.05675
3385.03812,0.05407
3383.10932,0.05311
3381.18053,0.05474
3379.25173,0.05637
3377.32293,0.05820
3375.39414,0.05881
3373.46534,0.05634
3371.53654,0.05229
3369.60775,0.04827
3367.67895,0.04717
3365.75015,0.04951
3363.82136,0.05105
3361.89256,0.04977
3359.96376,0.04671
3358.03497,0.04477
3356.10617,0.04766
3354.17737,0.05257
3352.24858,0.05494
3350.31978,0.05672
3348.39098,0.05782
3346.46219,0.05592
3344.53339,0.05302
3342.60459,0.05256
3340.67580,0.05433
3338.74700,0.05361
3336.81820,0.04685
3334.88941,0.04026
3332.96061,0.04098
3331.03181,0.04675
3329.10302,0.05193
3327.17422,0.05166
3325.24542,0.04690
3323.31663,0.04407
3321.38783,0.04306
3319.45903,0.04021
3317.53024,0.03671
3315.60144,0.03530
3313.67264,0.03692
3311.74385,0.03647
3309.81505,0.03207
3307.88625,0.03179
3305.95746,0.03430
3304.02866,0.03097
3302.09986,0.02648
3300.17107,0.02846
3298.24227,0.03265
3296.31347,0.03409
3294.38468,0.03428
3292.45588,0.03415
3290.52708,0.03155
3288.59829,0.02747
3286.66949,0.02566
3284.74069,0.02681
3282.81190,0.02972
3280.88310,0.03206
3278.95430,0.03450
3277.02551,0.03989
3275.09671,0.04470
3273.16791,0.04558
3271.23912,0.04370
3269.31032,0.03944
3267.38152,0.03444
3265.45273,0.02928
3263.52393,0.02163
3261.59513,0.01649
3259.66634,0.02029
3257.73754,0.02851
3255.80874,0.03490
3253.87995,0.03663
3251.95115,0.03281
3250.02235,0.02752
3248.09356,0.02392
3246.16476,0.02413
3244.23596,0.02998
3242.30717,0.03583
3240.37837,0.03865
3238.44957,0.04248
3236.52078,0.04421
3234.59198,0.04028
3232.66318,0.03635
3230.73439,0.03643
3228.80559,0.03784
3226.87679,0.03557
3224.94800,0.03124
3223.01920,0.03328
3221.09040,0.04195
3219.16161,0.05023
3217.23281,0.05615
3215.30401,0.05896
3213.37522,0.05585
3211.44642,0.05094
3209.51762,0.05073
3207.58883,0.05187
3205.66003,0.05176
3203.73123,0.05414
3201.80244,0.05715
3199.87364,0.05575
3197.94484,0.05099
3196.01605,0.04666
3194.08725,0.04309
3192.15845,0.03965
3190.22966,0.03973
3188.30086,0.04397
3186.37206,0.04536
3184.44327,0.04236
3182.51447,0.04121
3180.58567,0.04243
3178.65688,0.04205
3176.72808,0.04019
3174.79928,0.03893
3172.87049,0.03752
3170.94169,0.03525
3169.01289,0.03330
3167.08410,0.03194
3165.15530,0.03182
3163.22650,0.03229
3161.29771,0.03171
3159.36891,0.03058
3157.44011,0.03072
3155.51132,0.03275
3153.58252,0.03384
3151.65372,0.03305
3149.72493,0.03263
3147.79613,0.03320
3145.86733,0.03432
3143.93854,0.03507
3142.00974,0.03519
3140.08094,0.03520
3138.15215,0.03478
3136.22335,0.03434
3134.29455,0.03448
3132.36576,0.03471
3130.43696,0.03442
3128.50816,0.03255
3126.57937,0.02920
3124.65057,0.02782
3122.72177,0.03022
3120.79298,0.03265
3118.86418,0.03242
3116.93538,0.03161
3115.00659,0.03171
3113.07779,0.03179
3111.14899,0.03135
3109.22020,0.03058
3107.29140,0.03036
3105.36260,0.03129
3103.43381,0.03171
3101.50501,0.03096
3099.57621,0.03062
3097.64742,0.03041
3095.71862,0.02935
3093.78982,0.02818
3091.86103,0.02754
3089.93223,0.02793
3088.00344,0.02959
3086.07464,0.03122
3084.14584,0.03166
3082.21705,0.03127
3080.28825,0.03091
3078.35945,0.03071
3076.43066,0.03050
3074.50186,0.03054
3072.57306,0.03081
3070.64427,0.03099
3068.71547,0.03080
3066.78667,0.03043
3064.85788,0.03088
3062.92908,0.03191
3061.00028,0.03183
3059.07149,0.03046
3057.14269,0.02932
3055.21389,0.02954
3053.28510,0.03074
3051.35630,0.03193
3049.42750,0.03237
3047.49871,0.03166
3045.56991,0.03073
3043.64111,0.03097
3041.71232,0.03203
3039.78352,0.03259
3037.85472,0.03267
3035.92593,0.03319
3033.99713,0.03386
3032.06833,0.03384
3030.13954,0.03351
3028.21074,0.03355
3026.28194,0.03373
3024.35315,0.03353
3022.42435,0.03320
3020.49555,0.03300
3018.56676,0.03288
3016.63796,0.03305
3014.70916,0.03354
3012.78037,0.03408
3010.85157,0.03425
3008.92277,0.03383
3006.99398,0.03333
3005.06518,0.03343
3003.13638,0.03393
3001.20759,0.03425
2999.27879,0.03430
2997.34999,0.03413
2995.42120,0.03419
2993.49240,0.03495
2991.56360,0.03568
2989.63481,0.03598
2987.70601,0.03614
2985.77721,0.03583
2983.84842,0.03536
2981.91962,0.03574
2979.99082,0.03661
2978.06203,0.03698
2976.13323,0.03680
2974.20443,0.03623
2972.27564,0.03579
2970.34684,0.03616
2968.41804,0.03679
2966.48925,0.03699
2964.56045,0.03716
2962.63165,0.03752
2960.70286,0.03769
2958.77406,0.03753
2956.84526,0.03760
2954.91647,0.03821
2952.98767,0.03879
2951.05887,0.03905
2949.13008,0.03929
2947.20128,0.03950
2945.27248,0.03960
2943.34369,0.03952
2941.41489,0.03920
2939.48609,0.03913
2937.55730,0.03967
2935.62850,0.04042
2933.69970,0.04078
2931.77091,0.04075
2929.84211,0.04073
2927.91331,0.04081
2925.98452,0.04085
2924.05572,0.04101
2922.12692,0.04158
2920.19813,0.04222
2918.26933,0.04231
2916.34053,0.04191
2914.41174,0.04142
2912.48294,0.04100
2910.55414,0.04063
2908.62535,0.04011
2906.69655,0.03963
2904.76775,0.03955
2902.83896,0.03957
2900.91016,0.03947
2898.98136,0.03963
2897.05257,0.03997
2895.12377,0.04004
2893.19497,0.04004
2891.26618,0.04035
2889.33738,0.04063
2887.40858,0.04030
2885.47979,0.03964
2883.55099,0.03946
2881.62219,0.03986
2879.69340,0.04016
2877.76460,0.04005
2875.83580,0.03990
2873.90701,0.03996
2871.97821,0.04016
2870.04941,0.04036
2868.12062,0.04061
2866.19182,0.04094
2864.26302,0.04119
2862.33423,0.04132
2860.40543,0.04152
2858.47663,0.04194
2856.54784,0.04242
2854.61904,0.04258
2852.69024,0.04236
2850.76145,0.04203
2848.83265,0.04199
2846.90385,0.04217
2844.97506,0.04222
2843.04626,0.04224
2841.11746,0.04240
2839.18867,0.04261
2837.25987,0.04258
2835.33107,0.04230
2833.40228,0.04210
2831.47348,0.04218
2829.54468,0.04242
2827.61589,0.04257
2825.68709,0.04251
2823.75829,0.04240
2821.82950,0.04239
2819.90070,0.04236
2817.97190,0.04217
2816.04311,0.04194
2814.11431,0.04175
2812.18551,0.04164
2810.25672,0.04168
2808.32792,0.04161
2806.39912,0.04143
2804.47033,0.04144
2802.54153,0.04164
2800.61273,0.04173
2798.68394,0.04158
2796.75514,0.04133
2794.82634,0.04110
2792.89755,0.04087
2790.96875,0.04072
2789.03995,0.04084
2787.11116,0.04105
2785.18236,0.04093
2783.25356,0.04050
2781.32477,0.04016
2779.39597,0.04001
2777.46717,0.03983
2775.53838,0.03958
2773.60958,0.03957
2771.68078,0.03982
2769.75199,0.03995
2767.82319,0.03994
2765.89439,0.03995
2763.96560,0.03977
2762.03680,0.03925
2760.10800,0.03873
2758.17921,0.03851
2756.25041,0.03852
2754.32161,0.03856
2752.39282,0.03848
2750.46402,0.03839
2748.53522,0.03848
2746.60643,0.03874
2744.67763,0.03881
2742.74883,0.03864
2740.82004,0.03852
2738.89124,0.03862
2736.96244,0.03893
2735.03365,0.03930
2733.10485,0.03944
2731.17605,0.03928
2729.24726,0.03893
2727.31846,0.03867
2725.38967,0.03857
2723.46087,0.03851
2721.53207,0.03856
2719.60328,0.03865
2717.67448,0.03860
2715.74568,0.03857
2713.81689,0.03854
2711.88809,0.03835
2709.95929,0.03811
2708.03050,0.03798
2706.10170,0.03801
2704.17290,0.03809
2702.24411,0.03813
2700.31531,0.03823
2698.38651,0.03839
2696.45772,0.03841
2694.52892,0.03838
2692.60012,0.03849
2690.67133,0.03863
2688.74253,0.03863
2686.81373,0.03860
2684.88494,0.03871
2682.95614,0.03880
2681.02734,0.03871
2679.09855,0.03861
2677.16975,0.03849
2675.24095,0.03830
2673.31216,0.03811
2671.38336,0.03799
2669.45456,0.03797
2667.52577,0.03799
2665.59697,0.03797
2663.66817,0.03788
2661.73938,0.03767
2659.81058,0.03741
2657.88178,0.03730
2655.95299,0.03729
2654.02419,0.03730
2652.09539,0.03749
2650.16660,0.03779
2648.23780,0.03799
2646.30900,0.03812
2644.38021,0.03822
2642.45141,0.03839
2640.52261,0.03857
2638.59382,0.03860
2636.66502,0.03862
2634.73622,0.03876
2632.80743,0.03885
2630.87863,0.03894
2628.94983,0.03912
2627.02104,0.03916
2625.09224,0.03910
2623.16344,0.03913
2621.23465,0.03916
2619.30585,0.03923
2617.37705,0.03937
2615.44826,0.03935
2613.51946,0.03915
2611.59066,0.03881
2609.66187,0.03844
2607.73307,0.03832
2605.80427,0.03853
2603.87548,0.03884
2601.94668,0.03900
2600.01788,0.03902
2598.08909,0.03931
2596.16029,0.03990
2594.23149,0.04026
2592.30270,0.04022
2590.37390,0.04015
2588.44510,0.04005
2586.51631,0.03968
2584.58751,0.03944
2582.65871,0.03957
2580.72992,0.03958
2578.80112,0.03945
2576.87232,0.03954
2574.94353,0.03958
2573.01473,0.03928
2571.08593,0.03892
2569.15714,0.03879
2567.22834,0.03891
2565.29954,0.03912
2563.37075,0.03908
2561.44195,0.03883
2559.51315,0.03870
2557.58436,0.03854
2555.65556,0.03815
2553.72676,0.03788
2551.79797,0.03805
2549.86917,0.03843
2547.94037,0.03873
2546.01158,0.03890
2544.08278,0.03904
2542.15398,0.03897
2540.22519,0.03864
2538.29639,0.03856
2536.36759,0.03873
2534.43880,0.03873
2532.51000,0.03870
2530.58120,0.03857
2528.65241,0.03819
2526.72361,0.03795
2524.79481,0.03792
2522.86602,0.03772
2520.93722,0.03756
2519.00842,0.03758
2517.07963,0.03751
2515.15083,0.03754
2513.22203,0.03775
2511.29324,0.03760
2509.36444,0.03691
2507.43564,0.03631
2505.50685,0.03631
2503.57805,0.03668
2501.64925,0.03712
2499.72046,0.03748
2497.79166,0.03747
2495.86286,0.03733
2493.93407,0.03746
2492.00527,0.03757
2490.07647,0.03725
2488.14768,0.03686
2486.21888,0.03692
2484.29008,0.03715
2482.36129,0.03709
2480.43249,0.03707
2478.50369,0.03744
2476.57490,0.03789
2474.64610,0.03797
2472.71730,0.03747
2470.78851,0.03671
2468.85971,0.03629
2466.93091,0.03648
2465.00212,0.03695
2463.07332,0.03709
2461.14452,0.03681
2459.21573,0.03653
2457.28693,0.03657
2455.35813,0.03668
2453.42934,0.03676
2451.50054,0.03695
2449.57174,0.03686
2447.64295,0.03632
2445.71415,0.03597
2443.78535,0.03600
2441.85656,0.03608
2439.92776,0.03618
2437.99896,0.03627
2436.07017,0.03606
2434.14137,0.03572
2432.21257,0.03562
2430.28378,0.03559
2428.35498,0.03556
2426.42618,0.03562
2424.49739,0.03558
2422.56859,0.03512
2420.63979,0.03432
2418.71100,0.03375
2416.78220,0.03381
2414.85340,0.03416
2412.92461,0.03405
2410.99581,0.03343
2409.06701,0.03309
2407.13822,0.03330
2405.20942,0.03351
2403.28062,0.03359
2401.35183,0.03364
2399.42303,0.03334
2397.49423,0.03285
2395.56544,0.03268
2393.63664,0.03276
2391.70784,0.03294
2389.77905,0.03372
2387.85025,0.03578
2385.92145,0.03986
2383.99266,0.04676
2382.06386,0.05684
2380.13506,0.06960
2378.20627,0.08394
2376.27747,0.09883
2374.34867,0.11406
2372.41988,0.12964
2370.49108,0.14503
2368.56228,0.15963
2366.63349,0.17297
2364.70469,0.18390
2362.77589,0.19136
2360.84710,0.19468
2358.91830,0.19241
2356.98951,0.18353
2355.06071,0.16883
2353.13191,0.14987
2351.20312,0.13096
2349.27432,0.12107
2347.34552,0.12574
2345.41673,0.13979
2343.48793,0.14976
2341.55913,0.15121
2339.63034,0.14908
2337.70154,0.14612
2335.77274,0.14341
2333.84395,0.14220
2331.91515,0.14199
2329.98635,0.13973
2328.05756,0.13464
2326.12876,0.12965
2324.19996,0.12628
2322.27117,0.12236
2320.34237,0.11524
2318.41357,0.10576
2316.48478,0.09733
2314.55598,0.09189
2312.62718,0.08801
2310.69839,0.08343
2308.76959,0.07772
2306.84079,0.07133
2304.91200,0.06507
2302.98320,0.06010
2301.05440,0.05643
2299.12561,0.05327
2297.19681,0.05058
2295.26801,0.04836
2293.33922,0.04611
2291.41042,0.04377
2289.48162,0.04169
2287.55283,0.04001
2285.62403,0.03873
2283.69523,0.03802
2281.76644,0.03793
2279.83764,0.03815
2277.90884,0.03854
2275.98005,0.03908
2274.05125,0.03959
2272.12245,0.04009
2270.19366,0.04079
2268.26486,0.04165
2266.33606,0.04214
2264.40727,0.04193
2262.47847,0.04152
2260.54967,0.04127
2258.62088,0.04140
2256.69208,0.04210
2254.76328,0.04216
2252.83449,0.04078
2250.90569,0.03973
2248.97689,0.04040
2247.04810,0.04188
2245.11930,0.04316
2243.19050,0.04403
2241.26171,0.04405
2239.33291,0.04328
2237.40411,0.04251
2235.47532,0.04197
2233.54652,0.04140
2231.61772,0.04115
2229.68893,0.04199
2227.76013,0.04339
2225.83133,0.04391
2223.90254,0.04405
2221.97374,0.04485
2220.04494,0.04558
2218.11615,0.04542
2216.18735,0.04501
2214.25855,0.04502
2212.32976,0.04500
2210.40096,0.04475
2208.47216,0.04496
2206.54337,0.04527
2204.61457,0.04509
2202.68577,0.04532
2200.75698,0.04622
2198.82818,0.04721
2196.89938,0.04840
2194.97059,0.04970
2193.04179,0.05135
2191.11299,0.05342
2189.18420,0.05477
2187.25540,0.05458
2185.32660,0.05345
2183.39781,0.05310
2181.46901,0.05473
2179.54021,0.05719
2177.61142,0.05848
2175.68262,0.05843
2173.75382,0.05749
2171.82503,0.05594
2169.89623,0.05516
2167.96743,0.05578
2166.03864,0.05688
2164.10984,0.05855
2162.18104,0.06159
2160.25225,0.06526
2158.32345,0.06654
2156.39465,0.06293
2154.46586,0.05749
2152.53706,0.05449
2150.60826,0.05283
2148.67947,0.04988
2146.75067,0.04654
2144.82187,0.04475
2142.89308,0.04381
2140.96428,0.04210
2139.03548,0.04063
2137.10669,0.04002
2135.17789,0.03831
2133.24909,0.03557
2131.32030,0.03396
2129.39150,0.03353
2127.46270,0.03281
2125.53391,0.03139
2123.60511,0.02986
2121.67631,0.02900
2119.74752,0.02892
2117.81872,0.02875
2115.88992,0.02835
2113.96113,0.02839
2112.03233,0.02886
2110.10353,0.02943
2108.17474,0.02993
2106.24594,0.03001
2104.31714,0.02965
2102.38835,0.02940
2100.45955,0.02956
2098.53075,0.03000
2096.60196,0.03007
2094.67316,0.02946
2092.74436,0.02875
2090.81557,0.02853
2088.88677,0.02902
2086.95797,0.02975
2085.02918,0.02995
2083.10038,0.02986
2081.17158,0.02991
2079.24279,0.02999
2077.31399,0.03014
2075.38519,0.03000
2073.45640,0.02957
2071.52760,0.02988
2069.59880,0.03087
2067.67001,0.03133
2065.74121,0.03116
2063.81241,0.03115
2061.88362,0.03132
2059.95482,0.03118
2058.02602,0.03099
2056.09723,0.03137
2054.16843,0.03270
2052.23963,0.03432
2050.31084,0.03514
2048.38204,0.03567
2046.45324,0.03741
2044.52445,0.04022
2042.59565,0.04224
2040.66685,0.04297
2038.73806,0.04310
2036.80926,0.04285
2034.88046,0.04331
2032.95167,0.04445
2031.02287,0.04409
2029.09407,0.04243
2027.16528,0.04156
2025.23648,0.04201
2023.30768,0.04277
2021.37889,0.04243
2019.45009,0.04156
2017.52129,0.04220
2015.59250,0.04292
2013.66370,0.04133
2011.73490,0.03940
2009.80611,0.03971
2007.87731,0.04039
2005.94851,0.03893
2004.01972,0.03723
2002.09092,0.03712
2000.16212,0.03725
1998.23333,0.03666
1996.30453,0.03591
1994.37574,0.03552
1992.44694,0.03553
1990.51814,0.03524
1988.58935,0.03428
1986.66055,0.03330
1984.73175,0.03290
1982.80296,0.03374
1980.87416,0.03570
1978.94536,0.03751
1977.01657,0.03809
1975.08777,0.03722
1973.15897,0.03539
1971.23018,0.03303
1969.30138,0.03123
1967.37258,0.03115
1965.44379,0.03211
1963.51499,0.03256
1961.58619,0.03181
1959.65740,0.03035
1957.72860,0.02924
1955.79980,0.02860
1953.87101,0.02809
1951.94221,0.02804
1950.01341,0.02817
1948.08462,0.02766
1946.15582,0.02697
1944.22702,0.02699
1942.29823,0.02718
1940.36943,0.02645
1938.44063,0.02499
1936.51184,0.02409
1934.58304,0.02447
1932.65424,0.02500
1930.72545,0.02462
1928.79665,0.02378
1926.86785,0.02315
1924.93906,0.02310
1923.01026,0.02348
1921.08146,0.02389
1919.15267,0.02407
1917.22387,0.02348
1915.29507,0.02244
1913.36628,0.02212
1911.43748,0.02267
1909.50868,0.02312
1907.57989,0.02266
1905.65109,0.02179
1903.72229,0.02148
1901.79350,0.02172
1899.86470,0.02203
1897.93590,0.02245
1896.00711,0.02288
1894.07831,0.02302
1892.14951,0.02324
1890.22072,0.02348
1888.29192,0.02298
1886.36312,0.02226
1884.43433,0.02204
1882.50553,0.02200
1880.57673,0.02185
1878.64794,0.02157
1876.71914,0.02124
1874.79034,0.02099
1872.86155,0.02139
1870.93275,0.02266
1869.00395,0.02352
1867.07516,0.02270
1865.14636,0.02127
1863.21756,0.02051
1861.28877,0.02033
1859.35997,0.02038
1857.43117,0.02050
1855.50238,0.02059
1853.57358,0.02067
1851.64478,0.02089
1849.71599,0.02151
1847.78719,0.02261
1845.85839,0.02388
1843.92960,0.02412
1842.00080,0.02288
1840.07200,0.02180
1838.14321,0.02155
1836.21441,0.02153
1834.28561,0.02161
1832.35682,0.02236
1830.42802,0.02313
1828.49922,0.02291
1826.57043,0.02239
1824.64163,0.02179
1822.71283,0.02076
1820.78404,0.02002
1818.85524,0.01998
1816.92644,0.02009
1814.99765,0.02016
1813.06885,0.02055
1811.14005,0.02099
1809.21126,0.02097
1807.28246,0.02073
1805.35366,0.02091
1803.42487,0.02174
1801.49607,0.02256
1799.56727,0.02258
1797.63848,0.02228
1795.70968,0.02273
1793.78088,0.02395
1791.85209,0.02424
1789.92329,0.02279
1787.99449,0.02164
1786.06570,0.02161
1784.13690,0.02177
1782.20810,0.02179
1780.27931,0.02167
1778.35051,0.02139
1776.42171,0.02169
1774.49292,0.02295
1772.56412,0.02398
1770.63532,0.02355
1768.70653,0.02234
1766.77773,0.02110
1764.84893,0.02068
1762.92014,0.02130
1760.99134,0.02164
1759.06254,0.02152
1757.13375,0.02150
1755.20495,0.02153
1753.27615,0.02248
1751.34736,0.02444
1749.41856,0.02523
1747.48976,0.02437
1745.56097,0.02352
1743.63217,0.02333
1741.70337,0.02347
1739.77458,0.02333
1737.84578,0.02340
1735.91698,0.02480
1733.98819,0.02606
1732.05939,0.02465
1730.13059,0.02240
1728.20180,0.02077
1726.27300,0.01998
1724.34420,0.02008
1722.41541,0.02077
1720.48661,0.02284
1718.55781,0.02624
1716.62902,0.02801
1714.70022,0.02700
1712.77142,0.02581
1710.84263,0.02612
1708.91383,0.02825
1706.98503,0.03193
1705.05624,0.03604
1703.12744,0.04056
1701.19864,0.04710
1699.26985,0.05408
1697.34105,0.05973
1695.41225,0.06575
1693.48346,0.07205
1691.55466,0.07989
1689.62586,0.09078
1687.69707,0.10335
1685.76827,0.11864
1683.83947,0.13673
1681.91068,0.15025
1679.98188,0.16079
1678.05308,0.17299
1676.12429,0.18758
1674.19549,0.20235
1672.26669,0.21478
1670.33790,0.22631
1668.40910,0.23598
1666.48030,0.24219
1664.55151,0.24773
1662.62271,0.25292
1660.69391,0.25573
1658.76512,0.25729
1656.83632,0.26005
1654.90752,0.26479
1652.97873,0.26768
1651.04993,0.26636
1649.12113,0.26736
1647.19234,0.27206
1645.26354,0.27737
1643.33474,0.28316
1641.40595,0.29231
1639.47715,0.30530
1637.54835,0.32239
1635.61956,0.34342
1633.69076,0.36183
1631.76197,0.37653
1629.83317,0.39213
1627.90437,0.40802
1625.97558,0.42113
1624.04678,0.43068
1622.11798,0.43563
1620.18919,0.43677
1618.26039,0.43653
1616.33159,0.43407
1614.40280,0.43012
1612.47400,0.42820
1610.54520,0.42927
1608.61641,0.43295
1606.68761,0.43889
1604.75881,0.44711
1602.83002,0.45705
1600.90122,0.46726
1598.97242,0.47638
1597.04363,0.48347
1595.11483,0.48745
1593.18603,0.48711
1591.25724,0.48237
1589.32844,0.47336
1587.39964,0.46030
1585.47085,0.44391
1583.54205,0.42499
1581.61325,0.40475
1579.68446,0.38535
1577.75566,0.36536
1575.82686,0.34077
1573.89807,0.31786
1571.96927,0.30026
1570.04047,0.28219
1568.11168,0.26324
1566.18288,0.24702
1564.25408,0.23379
1562.32529,0.22475
1560.39649,0.21780
1558.46769,0.20491
1556.53890,0.18993
1554.61010,0.17878
1552.68130,0.16972
1550.75251,0.16201
1548.82371,0.15516
1546.89491,0.15007
1544.96612,0.14713
1543.03732,0.14510
1541.10852,0.14184
1539.17973,0.13445
1537.25093,0.12717
1535.32213,0.12338
1533.39334,0.12032
1531.46454,0.11622
1529.53574,0.11323
1527.60695,0.11182
1525.67815,0.11069
1523.74935,0.10988
1521.82056,0.10893
1519.89176,0.10661
1517.96296,0.10397
1516.03417,0.10133
1514.10537,0.09893
1512.17657,0.09835
1510.24778,0.10040
1508.31898,0.10387
1506.39018,0.10376
1504.46139,0.09973
1502.53259,0.09812
1500.60379,0.09999
1498.67500,0.10387
1496.74620,0.10774
1494.81740,0.11095
1492.88861,0.11570
1490.95981,0.12363
1489.03101,0.13255
1487.10222,0.13996
1485.17342,0.14754
1483.24462,0.15722
1481.31583,0.16901
1479.38703,0.18199
1477.45823,0.19612
1475.52944,0.21152
1473.60064,0.22703
1471.67184,0.23989
1469.74305,0.24854
1467.81425,0.25607
1465.88545,0.26399
1463.95666,0.26953
1462.02786,0.27193
1460.09906,0.27364
1458.17027,0.27330
1456.24147,0.26533
1454.31267,0.25292
1452.38388,0.24117
1450.45508,0.22965
1448.52628,0.21711
1446.59749,0.20308
1444.66869,0.18930
1442.73989,0.17672
1440.81110,0.16583
1438.88230,0.15698
1436.95350,0.14753
1435.02471,0.13655
1433.09591,0.12735
1431.16711,0.12003
1429.23832,0.11301
1427.30952,0.10675
1425.38072,0.10190
1423.45193,0.09797
1421.52313,0.09522
1419.59433,0.09303
1417.66554,0.08913
1415.73674,0.08427
1413.80794,0.08051
1411.87915,0.07790
1409.95035,0.07575
1408.02155,0.07409
1406.09276,0.07293
1404.16396,0.07143
1402.23516,0.06994
1400.30637,0.06941
1398.37757,0.06928
1396.44877,0.06861
1394.51998,0.06690
1392.59118,0.06446
1390.66238,0.06291
1388.73359,0.06255
1386.80479,0.06171
1384.87599,0.05985
1382.94720,0.05828
1381.01840,0.05750
1379.08960,0.05707
1377.16081,0.05700
1375.23201,0.05710
1373.30321,0.05637
1371.37442,0.05498
1369.44562,0.05402
1367.51682,0.05360
1365.58803,0.05379
1363.65923,0.05451
1361.73043,0.05438
1359.80164,0.05313
1357.87284,0.05209
1355.94404,0.05165
1354.01525,0.05137
1352.08645,0.05109
1350.15765,0.05091
1348.22886,0.05075
1346.30006,0.05056
1344.37126,0.05061
1342.44247,0.05124
1340.51367,0.05214
1338.58487,0.05215
1336.65608,0.05116
1334.72728,0.05017
1332.79848,0.04956
1330.86969,0.04914
1328.94089,0.04880
1327.01209,0.04853
1325.08330,0.04831
1323.15450,0.04816
1321.22570,0.04819
1319.29691,0.04827
1317.36811,0.04816
1315.43931,0.04795
1313.51052,0.04781
1311.58172,0.04763
1309.65292,0.04744
1307.72413,0.04729
1305.79533,0.04713
1303.86653,0.04708
1301.93774,0.04717
1300.00894,0.04732
1298.08014,0.04746
1296.15135,0.04752
1294.22255,0.04744
1292.29375,0.04730
1290.36496,0.04724
1288.43616,0.04723
1286.50736,0.04710
1284.57857,0.04688
1282.64977,0.04673
1280.72097,0.04663
1278.79218,0.04650
1276.86338,0.04638
1274.93458,0.04637
1273.00579,0.04653
1271.07699,0.04667
1269.14820,0.04676
1267.21940,0.04692
1265.29060,0.04719
1263.36181,0.04747
1261.43301,0.04768
1259.50421,0.04778
1257.57542,0.04778
1255.64662,0.04779
1253.71782,0.04788
1251.78903,0.04808
1249.86023,0.04830
1247.93143,0.04849
1246.00264,0.04866
1244.07384,0.04887
1242.14504,0.04906
1240.21625,0.04914
1238.28745,0.04919
1236.35865,0.04925
1234.42986,0.04930
1232.50106,0.04940
1230.57226,0.04961
1228.64347,0.04985
1226.71467,0.05005
1224.78587,0.05023
1222.85708,0.05050
1220.92828,0.05092
1218.99948,0.05144
1217.07069,0.05196
1215.14189,0.05249
1213.21309,0.05308
1211.28430,0.05378
1209.35550,0.05453
1207.42670,0.05530
1205.49791,0.05615
1203.56911,0.05709
1201.64031,0.05809
1199.71152,0.05923
1197.78272,0.06054
1195.85392,0.06195
1193.92513,0.06346
1191.99633,0.06519
1190.06753,0.06723
1188.13874,0.06950
1186.20994,0.07189
1184.28114,0.07442
1182.35235,0.07726
1180.42355,0.08061
1178.49475,0.08448
1176.56596,0.08876
1174.63716,0.09331
1172.70836,0.09810
1170.77957,0.10308
1168.85077,0.10814
1166.92197,0.11313
1164.99318,0.11782
1163.06438,0.12197
1161.13558,0.12523
1159.20679,0.12731
1157.27799,0.12813
1155.34919,0.12765
1153.42040,0.12590
1151.49160,0.12314
1149.56280,0.11950
1147.63401,0.11514
1145.70521,0.11034
1143.77641,0.10540
1141.84762,0.10050
1139.91882,0.09576
1137.99002,0.09122
1136.06123,0.08696
1134.13243,0.08305
1132.20363,0.07960
1130.27484,0.07664
1128.34604,0.07408
1126.41724,0.07179
1124.48845,0.06978
1122.55965,0.06810
1120.63085,0.06673
1118.70206,0.06559
1116.77326,0.06456
1114.84446,0.06366
1112.91567,0.06294
1110.98687,0.06232
1109.05807,0.06181
1107.12928,0.06144
1105.20048,0.06118
1103.27168,0.06097
1101.34289,0.06079
1099.41409,0.06067
1097.48529,0.06061
1095.55650,0.06061
1093.62770,0.06066
1091.69890,0.06077
1089.77011,0.06098
1087.84131,0.06124
1085.91251,0.06141
1083.98372,0.06155
1082.05492,0.06182
1080.12612,0.06218
1078.19733,0.06259
1076.26853,0.06305
1074.33973,0.06355
1072.41094,0.06409
1070.48214,0.06456
1068.55334,0.06487
1066.62455,0.06505
1064.69575,0.06522
1062.76695,0.06527
1060.83816,0.06503
1058.90936,0.06463
1056.98056,0.06424
1055.05177,0.06379
1053.12297,0.06323
1051.19417,0.06260
1049.26538,0.06191
1047.33658,0.06119
1045.40778,0.06051
1043.47899,0.05980
1041.55019,0.05897
1039.62139,0.05806
1037.69260,0.05723
1035.76380,0.05648
1033.83500,0.05570
1031.90621,0.05493
1029.97741,0.05427
1028.04861,0.05363
1026.11982,0.05303
1024.19102,0.05258
1022.26222,0.05231
1020.33343,0.05201
1018.40463,0.05165
1016.47583,0.05141
1014.54704,0.05131
1012.61824,0.05125
1010.68944,0.05109
1008.76065,0.05075
1006.83185,0.05024
1004.90305,0.04962
1002.97426,0.04894
1001.04546,0.04829
999.11666,0.04774
997.18787,0.04726
995.25907,0.04677
993.33027,0.04623
991.40148,0.04572
989.47268,0.04528
987.54388,0.04478
985.61509,0.04421
983.68629,0.04370
981.75749,0.04327
979.82870,0.04280
977.89990,0.04224
975.97110,0.04168
974.04231,0.04124
972.11351,0.04083
970.18471,0.04042
968.25592,0.04015
966.32712,0.04007
964.39832,0.04005
962.46953,0.03993
960.54073,0.03967
958.61193,0.03928
956.68314,0.03882
954.75434,0.03839
952.82554,0.03813
950.89675,0.03797
948.96795,0.03766
947.03915,0.03717
945.11036,0.03666
943.18156,0.03616
941.25276,0.03555
939.32397,0.03489
937.39517,0.03429
935.46637,0.03374
933.53758,0.03317
931.60878,0.03257
929.67998,0.03203
927.75119,0.03164
925.82239,0.03133
923.89359,0.03088
921.96480,0.03023
920.03600,0.02960
918.10720,0.02915
916.17841,0.02881
914.24961,0.02848
912.32081,0.02822
910.39202,0.02804
908.46322,0.02778
906.53443,0.02733
904.60563,0.02688
902.67683,0.02659
900.74804,0.02638
898.81924,0.02606
896.89044,0.02556
894.96165,0.02494
893.03285,0.02432
891.10405,0.02369
889.17526,0.02300
887.24646,0.02225
885.31766,0.02145
883.38887,0.02072
881.46007,0.02013
879.53127,0.01960
877.60248,0.01911
875.67368,0.01871
873.74488,0.01837
871.81609,0.01804
869.88729,0.01770
867.95849,0.01730
866.02970,0.01697
864.10090,0.01685
862.17210,0.01679
860.24331,0.01662
858.31451,0.01642
856.38571,0.01620
854.45692,0.01599
852.52812,0.01587
850.59932,0.01572
848.67053,0.01542
846.74173,0.01510
844.81293,0.01486
842.88414,0.01451
840.95534,0.01406
839.02654,0.01375
837.09775,0.01351
835.16895,0.01323
833.24015,0.01302
831.31136,0.01289
829.38256,0.01273
827.45376,0.01252
825.52497,0.01238
823.59617,0.01251
821.66737,0.01288
819.73858,0.01318
817.80978,0.01335
815.88098,0.01357
813.95219,0.01384
812.02339,0.01412
810.09459,0.01454
808.16580,0.01512
806.23700,0.01566
804.30820,0.01621
802.37941,0.01699
800.45061,0.01787
798.52181,0.01867
796.59302,0.01948
794.66422,0.02033
792.73542,0.02113
790.80663,0.02193
788.87783,0.02279
786.94903,0.02350
785.02024,0.02384
783.09144,0.02360
781.16264,0.02277
779.23385,0.02158
777.30505,0.02025
775.37625,0.01895
773.44746,0.01806
771.51866,0.01767
769.58986,0.01730
767.66107,0.01674
765.73227,0.01633
763.80347,0.01617
761.87468,0.01601
759.94588,0.01585
758.01708,0.01592
756.08829,0.01621
754.15949,0.01646
752.23069,0.01676
750.30190,0.01709
748.37310,0.01697
