3496.90832,0.05959
3494.97953,0.05904
3493.05073,0.05964
3491.12193,0.05904
3489.19314,0.05989
3487.26434,0.06137
3485.33554,0.05684
3483.40675,0.05503
3481.47795,0.06249
3479.54915,0.06586
3477.62036,0.06112
3475.69156,0.05854
3473.76276,0.06146
3471.83397,0.06435
3469.90517,0.06354
3467.97637,0.06309
3466.04758,0.06578
3464.11878,0.06790
3462.18998,0.06593
3460.26119,0.06086
3458.33239,0.05625
3456.40359,0.05322
3454.47480,0.05202
3452.54600,0.05495
3450.61721,0.06034
3448.68841,0.06176
3446.75961,0.05848
3444.83082,0.05600
3442.90202,0.05484
3440.97322,0.05278
3439.04443,0.05037
3437.11563,0.04674
3435.18683,0.04332
3433.25804,0.04356
3431.32924,0.04374
3429.40044,0.04448
3427.47165,0.05165
3425.54285,0.05869
3423.61405,0.05822
3421.68526,0.05339
3419.75646,0.05001
3417.82766,0.05225
3415.89887,0.05441
3413.97007,0.04990
3412.04127,0.04370
3410.11248,0.04310
3408.18368,0.04987
3406.25488,0.05696
3404.32609,0.05354
3402.39729,0.04311
3400.46849,0.03956
3398.53970,0.04082
3396.61090,0.03571
3394.68210,0.03003
3392.75331,0.03292
3390.82451,0.03926
3388.89571,0.04544
3386.96692,0.05000
3385.03812,0.04952
3383.10932,0.04934
3381.18053,0.05661
3379.25173,0.06568
3377.32293,0.06929
3375.39414,0.06497
3373.46534,0.05502
3371.53654,0.04924
3369.60775,0.04878
3367.67895,0.05015
3365.75015,0.05568
3363.82136,0.06018
3361.89256,0.05528
3359.96376,0.04766
3358.03497,0.04707
3356.10617,0.05086
3354.17737,0.05482
3352.24858,0.05671
3350.31978,0.05535
3348.39098,0.05630
3346.46219,0.05784
3344.53339,0.05308
3342.60459,0.04723
3340.67580,0.04749
3338.74700,0.05120
3336.81820,0.05284
3334.88941,0.05074
3332.96061,0.04424
3331.03181,0.04036
3329.10302,0.04658
3327.17422,0.05203
3325.24542,0.04576
3323.31663,0.03728
3321.38783,0.04030
3319.45903,0.05141
3317.53024,0.05239
3315.60144,0.03875
3313.67264,0.02839
3311.74385,0.03212
3309.81505,0.03996
3307.88625,0.04352
3305.95746,0.04277
3304.02866,0.03909
3302.09986,0.03616
3300.17107,0.03418
3298.24227,0.03165
3296.31347,0.03042
3294.38468,0.02937
3292.45588,0.02602
3290.52708,0.02215
3288.59829,0.02220
3286.66949,0.02716
3284.74069,0.03070
3282.81190,0.02908
3280.88310,0.02998
3278.95430,0.03814
3277.02551,0.04677
3275.09671,0.04849
3273.16791,0.04426
3271.23912,0.03974
3269.31032,0.03741
3267.38152,0.03528
3265.45273,0.03023
3263.52393,0.02517
3261.59513,0.02714
3259.66634,0.03280
3257.73754,0.03526
3255.80874,0.03534
3253.87995,0.03365
3251.95115,0.03039
3250.02235,0.02844
3248.09356,0.02945
3246.16476,0.03134
3244.23596,0.03165
3242.30717,0.03149
3240.37837,0.03420
3238.44957,0.03997
3236.52078,0.04279
3234.59198,0.04237
3232.66318,0.04417
3230.73439,0.04600
3228.80559,0.04242
3226.87679,0.03383
3224.94800,0.02704
3223.01920,0.02936
3221.09040,0.03708
3219.16161,0.04236
3217.23281,0.04614
3215.30401,0.05087
3213.37522,0.05454
3211.44642,0.05705
3209.51762,0.05930
3207.58883,0.05891
3205.66003,0.05457
3203.73123,0.04853
3201.80244,0.04581
3199.87364,0.04693
3197.94484,0.04719
3196.01605,0.04724
3194.08725,0.04657
3192.15845,0.04326
3190.22966,0.04342
3188.30086,0.04632
3186.37206,0.04338
3184.44327,0.03701
3182.51447,0.03556
3180.58567,0.03974
3178.65688,0.04497
3176.72808,0.04692
3174.79928,0.04390
3172.87049,0.03883
3170.94169,0.03555
3169.01289,0.03377
3167.08410,0.03305
3165.15530,0.03448
3163.22650,0.03681
3161.29771,0.03792
3159.36891,0.03672
3157.44011,0.03477
3155.51132,0.03547
3153.58252,0.03745
3151.65372,0.03605
3149.72493,0.03149
3147.79613,0.02840
3145.86733,0.02937
3143.93854,0.03215
3142.00974,0.03364
3140.08094,0.03286
3138.15215,0.03124
3136.22335,0.03046
3134.29455,0.02981
3132.36576,0.02944
3130.43696,0.03072
3128.50816,0.03216
3126.57937,0.03197
3124.65057,0.03097
3122.72177,0.03109
3120.79298,0.03244
3118.86418,0.03332
3116.93538,0.03337
3115.00659,0.03285
3113.07779,0.03166
3111.14899,0.03041
3109.22020,0.02891
3107.29140,0.02759
3105.36260,0.02807
3103.43381,0.02956
3101.50501,0.03075
3099.57621,0.03126
3097.64742,0.02996
3095.71862,0.02821
3093.78982,0.02829
3091.86103,0.02862
3089.93223,0.02838
3088.00344,0.02882
3086.07464,0.02920
3084.14584,0.02895
3082.21705,0.02891
3080.28825,0.02891
3078.35945,0.02895
3076.43066,0.02940
3074.50186,0.02957
3072.57306,0.02920
3070.64427,0.02913
3068.71547,0.02969
3066.78667,0.03005
3064.85788,0.02992
3062.92908,0.03004
3061.00028,0.03014
3059.07149,0.02965
3057.14269,0.02939
3055.21389,0.02998
3053.28510,0.03067
3051.35630,0.03085
3049.42750,0.03069
3047.49871,0.03040
3045.56991,0.03033
3043.64111,0.03062
3041.71232,0.03085
3039.78352,0.03101
3037.85472,0.03142
3035.92593,0.03199
3033.99713,0.03255
3032.06833,0.03329
3030.13954,0.03384
3028.21074,0.03349
3026.28194,0.03279
3024.35315,0.03253
3022.42435,0.03274
3020.49555,0.03312
3018.56676,0.03321
3016.63796,0.03305
3014.70916,0.03294
3012.78037,0.03301
3010.85157,0.03345
3008.92277,0.03403
3006.99398,0.03447
3005.06518,0.03471
3003.13638,0.03414
3001.20759,0.03290
2999.27879,0.03221
2997.34999,0.03237
2995.42120,0.03304
2993.49240,0.03363
2991.56360,0.03357
2989.63481,0.03365
2987.70601,0.03436
2985.77721,0.03457
2983.84842,0.03413
2981.91962,0.03426
2979.99082,0.03513
2978.06203,0.03581
2976.13323,0.03597
2974.20443,0.03584
2972.27564,0.03574
2970.34684,0.03589
2968.41804,0.03618
2966.48925,0.03634
2964.56045,0.03644
2962.63165,0.03674
2960.70286,0.03710
2958.77406,0.03747
2956.84526,0.03818
2954.91647,0.03896
2952.98767,0.03919
2951.05887,0.03887
2949.13008,0.03849
2947.20128,0.03834
2945.27248,0.03846
2943.34369,0.03866
2941.41489,0.03877
2939.48609,0.03898
2937.55730,0.03926
2935.62850,0.03956
2933.69970,0.04011
2931.77091,0.04081
2929.84211,0.04126
2927.91331,0.04130
2925.98452,0.04114
2924.05572,0.04109
2922.12692,0.04132
2920.19813,0.04182
2918.26933,0.04226
2916.34053,0.04225
2914.41174,0.04175
2912.48294,0.04101
2910.55414,0.04040
2908.62535,0.04005
2906.69655,0.03972
2904.76775,0.03936
2902.83896,0.03913
2900.91016,0.03909
2898.98136,0.03935
2897.05257,0.03957
2895.12377,0.03934
2893.19497,0.03911
2891.26618,0.03944
2889.33738,0.03987
2887.40858,0.03967
2885.47979,0.03898
2883.55099,0.03865
2881.62219,0.03908
2879.69340,0.03955
2877.76460,0.03953
2875.83580,0.03953
2873.90701,0.03996
2871.97821,0.04038
2870.04941,0.04045
2868.12062,0.04039
2866.19182,0.04046
2864.26302,0.04069
2862.33423,0.04102
2860.40543,0.04138
2858.47663,0.04181
2856.54784,0.04212
2854.61904,0.04214
2852.69024,0.04195
2850.76145,0.04167
2848.83265,0.04155
2846.90385,0.04157
2844.97506,0.04159
2843.04626,0.04165
2841.11746,0.04175
2839.18867,0.04174
2837.25987,0.04150
2835.33107,0.04117
2833.40228,0.04116
2831.47348,0.04142
2829.54468,0.04163
2827.61589,0.04175
2825.68709,0.04181
2823.75829,0.04186
2821.82950,0.04207
2819.90070,0.04227
2817.97190,0.04220
2816.04311,0.04195
2814.11431,0.04175
2812.18551,0.04167
2810.25672,0.04157
2808.32792,0.04136
2806.39912,0.04122
2804.47033,0.04120
2802.54153,0.04106
2800.61273,0.04078
2798.68394,0.04064
2796.75514,0.04054
2794.82634,0.04023
2792.89755,0.03988
2790.96875,0.03977
2789.03995,0.03994
2787.11116,0.04011
2785.18236,0.04008
2783.25356,0.03998
2781.32477,0.03990
2779.39597,0.03975
2777.46717,0.03959
2775.53838,0.03943
2773.60958,0.03924
2771.68078,0.03914
2769.75199,0.03923
2767.82319,0.03945
2765.89439,0.03954
2763.96560,0.03928
2762.03680,0.03885
2760.10800,0.03856
2758.17921,0.03842
2756.25041,0.03837
2754.32161,0.03814
2752.39282,0.03760
2750.46402,0.03727
2748.53522,0.03745
2746.60643,0.03779
2744.67763,0.03788
2742.74883,0.03779
2740.82004,0.03777
2738.89124,0.03779
2736.96244,0.03781
2735.03365,0.03792
2733.10485,0.03807
2731.17605,0.03817
2729.24726,0.03827
2727.31846,0.03841
2725.38967,0.03842
2723.46087,0.03826
2721.53207,0.03817
2719.60328,0.03818
2717.67448,0.03813
2715.74568,0.03806
2713.81689,0.03804
2711.88809,0.03793
2709.95929,0.03774
2708.03050,0.03759
2706.10170,0.03750
2704.17290,0.03738
2702.24411,0.03721
2700.31531,0.03706
2698.38651,0.03702
2696.45772,0.03706
2694.52892,0.03719
2692.60012,0.03745
2690.67133,0.03766
2688.74253,0.03770
2686.81373,0.03768
2684.88494,0.03769
2682.95614,0.03779
2681.02734,0.03790
2679.09855,0.03797
2677.16975,0.03801
2675.24095,0.03795
2673.31216,0.03778
2671.38336,0.03762
2669.45456,0.03750
2667.52577,0.03740
2665.59697,0.03739
2663.66817,0.03745
2661.73938,0.03731
2659.81058,0.03695
2657.88178,0.03668
2655.95299,0.03659
2654.02419,0.03664
2652.09539,0.03680
2650.16660,0.03684
2648.23780,0.03677
2646.30900,0.03690
2644.38021,0.03717
2642.45141,0.03742
2640.52261,0.03759
2638.59382,0.03756
2636.66502,0.03751
2634.73622,0.03772
2632.80743,0.03814
2630.87863,0.03849
2628.94983,0.03863
2627.02104,0.03855
2625.09224,0.03854
2623.16344,0.03875
2621.23465,0.03894
2619.30585,0.03899
2617.37705,0.03885
2615.44826,0.03851
2613.51946,0.03815
2611.59066,0.03795
2609.66187,0.03792
2607.73307,0.03794
2605.80427,0.03799
2603.87548,0.03811
2601.94668,0.03811
2600.01788,0.03798
2598.08909,0.03805
2596.16029,0.03838
2594.23149,0.03869
2592.30270,0.03882
2590.37390,0.03906
2588.44510,0.03921
2586.51631,0.03882
2584.58751,0.03848
2582.65871,0.03862
2580.72992,0.03867
2578.80112,0.03859
2576.87232,0.03876
2574.94353,0.03900
2573.01473,0.03898
2571.08593,0.03889
2569.15714,0.03888
2567.22834,0.03865
2565.29954,0.03836
2563.37075,0.03829
2561.44195,0.03815
2559.51315,0.03775
2557.58436,0.03738
2555.65556,0.03737
2553.72676,0.03736
2551.79797,0.03729
2549.86917,0.03766
2547.94037,0.03815
2546.01158,0.03817
2544.08278,0.03795
2542.15398,0.03763
2540.22519,0.03728
2538.29639,0.03737
2536.36759,0.03784
2534.43880,0.03821
2532.51000,0.03836
2530.58120,0.03825
2528.65241,0.03792
2526.72361,0.03756
2524.79481,0.03721
2522.86602,0.03700
2520.93722,0.03712
2519.00842,0.03739
2517.07963,0.03757
2515.15083,0.03763
2513.22203,0.03745
2511.29324,0.03703
2509.36444,0.03658
2507.43564,0.03643
2505.50685,0.03662
2503.57805,0.03659
2501.64925,0.03608
2499.72046,0.03582
2497.79166,0.03611
2495.86286,0.03640
2493.93407,0.03632
2492.00527,0.03599
2490.07647,0.03564
2488.14768,0.03573
2486.21888,0.03636
2484.29008,0.03701
2482.36129,0.03729
2480.43249,0.03745
2478.50369,0.03774
2476.57490,0.03791
2474.64610,0.03759
2472.71730,0.03698
2470.78851,0.03668
2468.85971,0.03665
2466.93091,0.03646
2465.00212,0.03623
2463.07332,0.03616
2461.14452,0.03605
2459.21573,0.03578
2457.28693,0.03546
2455.35813,0.03503
2453.42934,0.03464
2451.50054,0.03465
2449.57174,0.03492
2447.64295,0.03500
2445.71415,0.03505
2443.78535,0.03535
2441.85656,0.03553
2439.92776,0.03543
2437.99896,0.03524
2436.07017,0.03498
2434.14137,0.03474
2432.21257,0.03475
2430.28378,0.03487
2428.35498,0.03492
2426.42618,0.03499
2424.49739,0.03504
2422.56859,0.03477
2420.63979,0.03428
2418.71100,0.03388
2416.78220,0.03356
2414.85340,0.03321
2412.92461,0.03280
2410.99581,0.03253
2409.06701,0.03265
2407.13822,0.03286
2405.20942,0.03269
2403.28062,0.03236
2401.35183,0.03221
2399.42303,0.03192
2397.49423,0.03158
2395.56544,0.03174
2393.63664,0.03217
2391.70784,0.03240
2389.77905,0.03290
2387.85025,0.03474
2385.92145,0.03877
2383.99266,0.04563
2382.06386,0.05558
2380.13506,0.06809
2378.20627,0.08189
2376.27747,0.09598
2374.34867,0.11025
2372.41988,0.12471
2370.49108,0.13911
2368.56228,0.15317
2366.63349,0.16618
2364.70469,0.17676
2362.77589,0.18372
2360.84710,0.18646
2358.91830,0.18436
2356.98951,0.17655
2355.06071,0.16296
2353.13191,0.14462
2351.20312,0.12613
2349.27432,0.11651
2347.34552,0.12094
2345.41673,0.13420
2343.48793,0.14364
2341.55913,0.14539
2339.63034,0.14379
2337.70154,0.14080
2335.77274,0.13784
2333.84395,0.13680
2331.91515,0.13688
2329.98635,0.13460
2328.05756,0.12968
2326.12876,0.12528
2324.19996,0.12232
2322.27117,0.11838
2320.34237,0.11120
2318.41357,0.10184
2316.48478,0.09362
2314.55598,0.08843
2312.62718,0.08482
2310.69839,0.08043
2308.76959,0.07482
2306.84079,0.06885
2304.91200,0.06323
2302.98320,0.05849
2301.05440,0.05471
2299.12561,0.05137
2297.19681,0.04840
2295.26801,0.04614
2293.33922,0.04433
2291.41042,0.04246
2289.48162,0.04053
2287.55283,0.03882
2285.62403,0.03748
2283.69523,0.03670
2281.76644,0.03655
2279.83764,0.03690
2277.90884,0.03760
2275.98005,0.03832
2274.05125,0.03873
2272.12245,0.03891
2270.19366,0.03923
2268.26486,0.03977
2266.33606,0.04024
2264.40727,0.04038
2262.47847,0.04023
2260.54967,0.04036
2258.62088,0.04102
2256.69208,0.04139
2254.76328,0.04101
2252.83449,0.04036
2250.90569,0.04009
2248.97689,0.04025
2247.04810,0.04024
2245.11930,0.04020
2243.19050,0.04086
2241.26171,0.04209
2239.33291,0.04307
2237.40411,0.04340
2235.47532,0.04325
2233.54652,0.04270
2231.61772,0.04229
2229.68893,0.04284
2227.76013,0.04348
2225.83133,0.04314
2223.90254,0.04296
2221.97374,0.04383
2220.04494,0.04476
2218.11615,0.04539
2216.18735,0.04601
2214.25855,0.04649
2212.32976,0.04673
2210.40096,0.04710
2208.47216,0.04767
2206.54337,0.04762
2204.61457,0.04725
2202.68577,0.04745
2200.75698,0.04790
2198.82818,0.04845
2196.89938,0.04921
2194.97059,0.05021
2193.04179,0.05154
2191.11299,0.05302
2189.18420,0.05426
2187.25540,0.05462
2185.32660,0.05323
2183.39781,0.05134
2181.46901,0.05221
2179.54021,0.05476
2177.61142,0.05458
2175.68262,0.05241
2173.75382,0.05198
2171.82503,0.05387
2169.89623,0.05656
2167.96743,0.05844
2166.03864,0.05853
2164.10984,0.05900
2162.18104,0.06304
2160.25225,0.06787
2158.32345,0.06770
2156.39465,0.06274
2154.46586,0.05686
2152.53706,0.05238
2150.60826,0.04992
2148.67947,0.04822
2146.75067,0.04602
2144.82187,0.04409
2142.89308,0.04228
2140.96428,0.03989
2139.03548,0.03822
2137.10669,0.03765
2135.17789,0.03701
2133.24909,0.03569
2131.32030,0.03409
2129.39150,0.03294
2127.46270,0.03208
2125.53391,0.03079
2123.60511,0.02942
2121.67631,0.02864
2119.74752,0.02800
2117.81872,0.02724
2115.88992,0.02699
2113.96113,0.02736
2112.03233,0.02791
2110.10353,0.02851
2108.17474,0.02908
2106.24594,0.02928
2104.31714,0.02934
2102.38835,0.02957
2100.45955,0.02933
2098.53075,0.02849
2096.60196,0.02792
2094.67316,0.02781
2092.74436,0.02747
2090.81557,0.02696
2088.88677,0.02702
2086.95797,0.02763
2085.02918,0.02836
2083.10038,0.02902
2081.17158,0.02959
2079.24279,0.02997
2077.31399,0.03015
2075.38519,0.02996
2073.45640,0.02941
2071.52760,0.02939
2069.59880,0.03036
2067.67001,0.03139
2065.74121,0.03159
2063.81241,0.03111
2061.88362,0.03071
2059.95482,0.03094
2058.02602,0.03173
2056.09723,0.03234
2054.16843,0.03276
2052.23963,0.03383
2050.31084,0.03580
2048.38204,0.03787
2046.45324,0.03880
2044.52445,0.03871
2042.59565,0.03864
2040.66685,0.03864
2038.73806,0.03864
2036.80926,0.03966
2034.88046,0.04196
2032.95167,0.04383
2031.02287,0.04433
2029.09407,0.04349
2027.16528,0.04174
2025.23648,0.04090
2023.30768,0.04111
2021.37889,0.03999
2019.45009,0.03849
2017.52129,0.03943
2015.59250,0.04054
2013.66370,0.03929
2011.73490,0.03703
2009.80611,0.03529
2007.87731,0.03421
2005.94851,0.03279
2004.01972,0.03158
2002.09092,0.03246
2000.16212,0.03439
1998.23333,0.03464
1996.30453,0.03364
1994.37574,0.03329
1992.44694,0.03322
1990.51814,0.03286
1988.58935,0.03293
1986.66055,0.03314
1984.73175,0.03279
1982.80296,0.03284
1980.87416,0.03450
1978.94536,0.03602
1977.01657,0.03499
1975.08777,0.03366
1973.15897,0.03380
1971.23018,0.03312
1969.30138,0.03132
1967.37258,0.03053
1965.44379,0.03124
1963.51499,0.03166
1961.58619,0.03063
1959.65740,0.02902
1957.72860,0.02800
1955.79980,0.02755
1953.87101,0.02717
1951.94221,0.02690
1950.01341,0.02705
1948.08462,0.02725
1946.15582,0.02726
1944.22702,0.02714
1942.29823,0.02647
1940.36943,0.02504
1938.44063,0.02364
1936.51184,0.02317
1934.58304,0.02346
1932.65424,0.02333
1930.72545,0.02283
1928.79665,0.02277
1926.86785,0.02293
1924.93906,0.02308
1923.01026,0.02322
1921.08146,0.02327
1919.15267,0.02313
1917.22387,0.02233
1915.29507,0.02124
1913.36628,0.02094
1911.43748,0.02138
1909.50868,0.02154
1907.57989,0.02109
1905.65109,0.02066
1903.72229,0.02054
1901.79350,0.02065
1899.86470,0.02086
1897.93590,0.02112
1896.00711,0.02153
1894.07831,0.02189
1892.14951,0.02231
1890.22072,0.02280
1888.29192,0.02266
1886.36312,0.02206
1884.43433,0.02169
1882.50553,0.02156
1880.57673,0.02129
1878.64794,0.02084
1876.71914,0.02053
1874.79034,0.02047
1872.86155,0.02079
1870.93275,0.02178
1869.00395,0.02261
1867.07516,0.02198
1865.14636,0.02068
1863.21756,0.01988
1861.28877,0.01947
1859.35997,0.01922
1857.43117,0.01905
1855.50238,0.01899
1853.57358,0.01915
1851.64478,0.01956
1849.71599,0.02029
1847.78719,0.02139
1845.85839,0.02273
1843.92960,0.02307
1842.00080,0.02200
1840.07200,0.02113
1838.14321,0.02100
1836.21441,0.02095
1834.28561,0.02101
1832.35682,0.02187
1830.42802,0.02277
1828.49922,0.02258
1826.57043,0.02197
1824.64163,0.02123
1822.71283,0.02014
1820.78404,0.01938
1818.85524,0.01921
1816.92644,0.01911
1814.99765,0.01906
1813.06885,0.01943
1811.14005,0.01985
1809.21126,0.01970
1807.28246,0.01934
1805.35366,0.01955
1803.42487,0.02049
1801.49607,0.02143
1799.56727,0.02155
1797.63848,0.02134
1795.70968,0.02189
1793.78088,0.02320
1791.85209,0.02355
1789.92329,0.02215
1787.99449,0.02105
1786.06570,0.02106
1784.13690,0.02127
1782.20810,0.02137
1780.27931,0.02124
1778.35051,0.02087
1776.42171,0.02109
1774.49292,0.02233
1772.56412,0.02337
1770.63532,0.02290
1768.70653,0.02156
1766.77773,0.02014
1764.84893,0.01959
1762.92014,0.02012
1760.99134,0.02045
1759.06254,0.02036
1757.13375,0.02036
1755.20495,0.02043
1753.27615,0.02150
1751.34736,0.02354
1749.41856,0.02434
1747.48976,0.02351
1745.56097,0.02273
1743.63217,0.02261
1741.70337,0.02279
1739.77458,0.02269
1737.84578,0.02284
1735.91698,0.02434
1733.98819,0.02569
1732.05939,0.02429
1730.13059,0.02201
1728.20180,0.02035
1726.27300,0.01951
1724.34420,0.01950
1722.41541,0.02009
1720.48661,0.02205
1718.55781,0.02536
1716.62902,0.02704
1714.70022,0.02594
1712.77142,0.02467
1710.84263,0.02497
1708.91383,0.02714
1706.98503,0.03084
1705.05624,0.03501
1703.12744,0.03963
1701.19864,0.04624
1699.26985,0.05321
1697.34105,0.05886
1695.41225,0.06499
1693.48346,0.07148
1691.55466,0.07952
1689.62586,0.09056
1687.69707,0.10316
1685.76827,0.11843
1683.83947,0.13657
1681.91068,0.15020
1679.98188,0.16081
1678.05308,0.17303
1676.12429,0.18760
1674.19549,0.20228
1672.26669,0.21456
1670.33790,0.22592
1668.40910,0.23552
1666.48030,0.24174
1664.55151,0.24733
1662.62271,0.25251
1660.69391,0.25531
1658.76512,0.25685
1656.83632,0.25963
1654.90752,0.26445
1652.97873,0.26747
1651.04993,0.26622
1649.12113,0.26728
1647.19234,0.27202
1645.26354,0.27733
1643.33474,0.28312
1641.40595,0.29238
1639.47715,0.30564
1637.54835,0.32302
1635.61956,0.34416
1633.69076,0.36255
1631.76197,0.37735
1629.83317,0.39318
1627.90437,0.40926
1625.97558,0.42231
1624.04678,0.43144
1622.11798,0.43598
1620.18919,0.43707
1618.26039,0.43692
1616.33159,0.43443
1614.40280,0.43037
1612.47400,0.42835
1610.54520,0.42939
1608.61641,0.43324
1606.68761,0.43944
1604.75881,0.44785
1602.83002,0.45779
1600.90122,0.46790
1598.97242,0.47700
1597.04363,0.48423
1595.11483,0.48846
1593.18603,0.48840
1591.25724,0.48382
1589.32844,0.47483
1587.39964,0.46176
1585.47085,0.44540
1583.54205,0.42645
1581.61325,0.40618
1579.68446,0.38681
1577.75566,0.36685
1575.82686,0.34212
1573.89807,0.31896
1571.96927,0.30114
1570.04047,0.28291
1568.11168,0.26380
1566.18288,0.24741
1564.25408,0.23401
1562.32529,0.22487
1560.39649,0.21788
1558.46769,0.20493
1556.53890,0.18986
1554.61010,0.17868
1552.68130,0.16962
1550.75251,0.16192
1548.82371,0.15512
1546.89491,0.15011
1544.96612,0.14724
1543.03732,0.14525
1541.10852,0.14198
1539.17973,0.13461
1537.25093,0.12736
1535.32213,0.12358
1533.39334,0.12050
1531.46454,0.11635
1529.53574,0.11327
1527.60695,0.11176
1525.67815,0.11049
1523.74935,0.10954
1521.82056,0.10848
1519.89176,0.10609
1517.96296,0.10341
1516.03417,0.10069
1514.10537,0.09823
1512.17657,0.09764
1510.24778,0.09971
1508.31898,0.10319
1506.39018,0.10309
1504.46139,0.09908
1502.53259,0.09751
1500.60379,0.09948
1498.67500,0.10347
1496.74620,0.10744
1494.81740,0.11074
1492.88861,0.11559
1490.95981,0.12359
1489.03101,0.13260
1487.10222,0.14010
1485.17342,0.14776
1483.24462,0.15750
1481.31583,0.16932
1479.38703,0.18228
1477.45823,0.19638
1475.52944,0.21173
1473.60064,0.22719
1471.67184,0.24001
1469.74305,0.24865
1467.81425,0.25616
1465.88545,0.26406
1463.95666,0.26958
1462.02786,0.27195
1460.09906,0.27369
1458.17027,0.27338
1456.24147,0.26542
1454.31267,0.25306
1452.38388,0.24139
1450.45508,0.22996
1448.52628,0.21746
1446.59749,0.20344
1444.66869,0.18964
1442.73989,0.17706
1440.81110,0.16618
1438.88230,0.15731
1436.95350,0.14776
1435.02471,0.13671
1433.09591,0.12748
1431.16711,0.12010
1429.23832,0.11296
1427.30952,0.10656
1425.38072,0.10156
1423.45193,0.09755
1421.52313,0.09475
1419.59433,0.09247
1417.66554,0.08846
1415.73674,0.08355
1413.80794,0.07979
1411.87915,0.07715
1409.95035,0.07498
1408.02155,0.07335
1406.09276,0.07222
1404.16396,0.07076
1402.23516,0.06933
1400.30637,0.06886
1398.37757,0.06876
1396.44877,0.06812
1394.51998,0.06647
1392.59118,0.06411
1390.66238,0.06261
1388.73359,0.06228
1386.80479,0.06145
1384.87599,0.05959
1382.94720,0.05803
1381.01840,0.05720
1379.08960,0.05668
1377.16081,0.05651
1375.23201,0.05650
1373.30321,0.05567
1371.37442,0.05422
1369.44562,0.05321
1367.51682,0.05274
1365.58803,0.05290
1363.65923,0.05360
1361.73043,0.05347
1359.80164,0.05225
1357.87284,0.05126
1355.94404,0.05088
1354.01525,0.05066
1352.08645,0.05043
1350.15765,0.05029
1348.22886,0.05019
1346.30006,0.05007
1344.37126,0.05018
1342.44247,0.05085
1340.51367,0.05178
1338.58487,0.05184
1336.65608,0.05089
1334.72728,0.04990
1332.79848,0.04925
1330.86969,0.04876
1328.94089,0.04833
1327.01209,0.04796
1325.08330,0.04762
1323.15450,0.04738
1321.22570,0.04735
1319.29691,0.04739
1317.36811,0.04724
1315.43931,0.04700
1313.51052,0.04684
1311.58172,0.04669
1309.65292,0.04656
1307.72413,0.04647
1305.79533,0.04638
1303.86653,0.04639
1301.93774,0.04653
1300.00894,0.04672
1298.08014,0.04692
1296.15135,0.04704
1294.22255,0.04701
1292.29375,0.04693
1290.36496,0.04690
1288.43616,0.04689
1286.50736,0.04675
1284.57857,0.04651
1282.64977,0.04633
1280.72097,0.04616
1278.79218,0.04593
1276.86338,0.04571
1274.93458,0.04563
1273.00579,0.04570
1271.07699,0.04577
1269.14820,0.04580
1267.21940,0.04593
1265.29060,0.04619
1263.36181,0.04649
1261.43301,0.04674
1259.50421,0.04688
1257.57542,0.04694
1255.64662,0.04703
1253.71782,0.04722
1251.78903,0.04748
1249.86023,0.04775
1247.93143,0.04798
1246.00264,0.04820
1244.07384,0.04848
1242.14504,0.04873
1240.21625,0.04884
1238.28745,0.04888
1236.35865,0.04891
1234.42986,0.04891
1232.50106,0.04896
1230.57226,0.04911
1228.64347,0.04927
1226.71467,0.04938
1224.78587,0.04949
1222.85708,0.04970
1220.92828,0.05005
1218.99948,0.05049
1217.07069,0.05097
1215.14189,0.05151
1213.21309,0.05212
1211.28430,0.05287
1209.35550,0.05370
1207.42670,0.05455
1205.49791,0.05546
1203.56911,0.05644
1201.64031,0.05750
1199.71152,0.05872
1197.78272,0.06011
1195.85392,0.06160
1193.92513,0.06315
1191.99633,0.06492
1190.06753,0.06699
1188.13874,0.06926
1186.20994,0.07164
1184.28114,0.07415
1182.35235,0.07695
1180.42355,0.08024
1178.49475,0.08404
1176.56596,0.08825
1174.63716,0.09273
1172.70836,0.09746
1170.77957,0.10241
1168.85077,0.10745
1166.92197,0.11243
1164.99318,0.11715
1163.06438,0.12134
1161.13558,0.12466
1159.20679,0.12683
1157.27799,0.12774
1155.34919,0.12731
1153.42040,0.12561
1151.49160,0.12292
1149.56280,0.11935
1147.63401,0.11504
1145.70521,0.11027
1143.77641,0.10533
1141.84762,0.10043
1139.91882,0.09568
1137.99002,0.09110
1136.06123,0.08676
1134.13243,0.08277
1132.20363,0.07920
1130.27484,0.07613
1128.34604,0.07345
1126.41724,0.07106
1124.48845,0.06899
1122.55965,0.06725
1120.63085,0.06584
1118.70206,0.06469
1116.77326,0.06366
1114.84446,0.06279
1112.91567,0.06211
1110.98687,0.06155
1109.05807,0.06108
1107.12928,0.06074
1105.20048,0.06054
1103.27168,0.06042
1101.34289,0.06032
1099.41409,0.06027
1097.48529,0.06027
1095.55650,0.06032
1093.62770,0.06040
1091.69890,0.06051
1089.77011,0.06069
1087.84131,0.06092
1085.91251,0.06106
1083.98372,0.06113
1082.05492,0.06127
1080.12612,0.06153
1078.19733,0.06185
1076.26853,0.06224
1074.33973,0.06269
1072.41094,0.06320
1070.48214,0.06366
1068.55334,0.06393
1066.62455,0.06411
1064.69575,0.06433
1062.76695,0.06445
1060.83816,0.06429
1058.90936,0.06395
1056.98056,0.06363
1055.05177,0.06324
1053.12297,0.06273
1051.19417,0.06214
1049.26538,0.06150
1047.33658,0.06085
1045.40778,0.06020
1043.47899,0.05952
1041.55019,0.05869
1039.62139,0.05776
1037.69260,0.05690
1035.76380,0.05609
1033.83500,0.05519
1031.90621,0.05429
1029.97741,0.05352
1028.04861,0.05281
1026.11982,0.05214
1024.19102,0.05163
1022.26222,0.05130
1020.33343,0.05098
1018.40463,0.05064
1016.47583,0.05043
1014.54704,0.05038
1012.61824,0.05037
1010.68944,0.05025
1008.76065,0.04997
1006.83185,0.04953
1004.90305,0.04898
1002.97426,0.04835
1001.04546,0.04774
999.11666,0.04724
997.18787,0.04681
995.25907,0.04635
993.33027,0.04583
991.40148,0.04531
989.47268,0.04483
987.54388,0.04427
985.61509,0.04362
983.68629,0.04302
981.75749,0.04250
979.82870,0.04192
977.89990,0.04126
975.97110,0.04065
974.04231,0.04018
972.11351,0.03975
970.18471,0.03933
968.25592,0.03907
966.32712,0.03903
964.39832,0.03906
962.46953,0.03900
960.54073,0.03880
958.61193,0.03847
956.68314,0.03808
954.75434,0.03775
952.82554,0.03759
950.89675,0.03749
948.96795,0.03723
947.03915,0.03677
945.11036,0.03628
943.18156,0.03576
941.25276,0.03514
939.32397,0.03442
937.39517,0.03372
935.46637,0.03306
933.53758,0.03240
931.60878,0.03173
929.67998,0.03111
927.75119,0.03063
925.82239,0.03024
923.89359,0.02975
921.96480,0.02909
920.03600,0.02848
918.10720,0.02805
916.17841,0.02775
914.24961,0.02748
912.32081,0.02726
910.39202,0.02711
908.46322,0.02690
906.53443,0.02654
904.60563,0.02618
902.67683,0.02597
900.74804,0.02583
898.81924,0.02557
896.89044,0.02510
894.96165,0.02449
893.03285,0.02382
891.10405,0.02312
889.17526,0.02238
887.24646,0.02156
885.31766,0.02065
883.38887,0.01979
881.46007,0.01911
879.53127,0.01853
877.60248,0.01799
875.67368,0.01753
873.74488,0.01712
871.81609,0.01681
869.88729,0.01653
867.95849,0.01620
866.02970,0.01592
864.10090,0.01585
862.17210,0.01582
860.24331,0.01569
858.31451,0.01553
856.38571,0.01538
854.45692,0.01527
852.52812,0.01525
850.59932,0.01519
848.67053,0.01495
846.74173,0.01461
844.81293,0.01427
842.88414,0.01384
840.95534,0.01337
839.02654,0.01304
837.09775,0.01274
835.16895,0.01236
833.24015,0.01202
831.31136,0.01178
829.38256,0.01153
827.45376,0.01124
825.52497,0.01115
823.59617,0.01136
821.66737,0.01162
819.73858,0.01174
817.80978,0.01188
815.88098,0.01224
813.95219,0.01274
812.02339,0.01318
810.09459,0.01359
808.16580,0.01418
806.23700,0.01492
804.30820,0.01570
802.37941,0.01656
800.45061,0.01742
798.52181,0.01824
796.59302,0.01910
794.66422,0.01991
792.73542,0.02054
790.80663,0.02112
788.87783,0.02178
786.94903,0.02237
785.02024,0.02264
783.09144,0.02235
781.16264,0.02145
779.23385,0.02020
777.30505,0.01881
775.37625,0.01744
773.44746,0.01646
771.51866,0.01599
769.58986,0.01565
767.66107,0.01528
765.73227,0.01512
763.80347,0.01509
761.87468,0.01502
759.94588,0.01510
758.01708,0.01541
756.08829,0.01565
754.15949,0.01576
752.23069,0.01590
750.30190,0.01598
748.37310,0.01590
