3496.90832,0.05885
3494.97953,0.05592
3493.05073,0.05393
3491.12193,0.05511
3489.19314,0.05967
3487.26434,0.06377
3485.33554,0.05910
3483.40675,0.05285
3481.47795,0.05785
3479.54915,0.06854
3477.62036,0.07439
3475.69156,0.07511
3473.76276,0.07363
3471.83397,0.07061
3469.90517,0.06840
3467.97637,0.07090
3466.04758,0.07496
3464.11878,0.07265
3462.18998,0.06561
3460.26119,0.06149
3458.33239,0.05893
3456.40359,0.05396
3454.47480,0.04990
3452.54600,0.04991
3450.61721,0.05197
3448.68841,0.05469
3446.75961,0.05796
3444.83082,0.05761
3442.90202,0.05089
3440.97322,0.04455
3439.04443,0.04296
3437.11563,0.04124
3435.18683,0.03833
3433.25804,0.03732
3431.32924,0.03789
3429.40044,0.04196
3427.47165,0.04883
3425.54285,0.05356
3423.61405,0.05711
3421.68526,0.05809
3419.75646,0.05621
3417.82766,0.05728
3415.89887,0.05502
3413.97007,0.04397
3412.04127,0.03484
3410.11248,0.03406
3408.18368,0.03564
3406.25488,0.03475
3404.32609,0.03319
3402.39729,0.03602
3400.46849,0.04286
3398.53970,0.04301
3396.61090,0.03219
3394.68210,0.02552
3392.75331,0.03369
3390.82451,0.04568
3388.89571,0.05280
3386.96692,0.05683
3385.03812,0.05371
3383.10932,0.04356
3381.18053,0.03903
3379.25173,0.04375
3377.32293,0.04842
3375.39414,0.04889
3373.46534,0.05043
3371.53654,0.05329
3369.60775,0.05259
3367.67895,0.05291
3365.75015,0.05694
3363.82136,0.05627
3361.89256,0.05208
3359.96376,0.05094
3358.03497,0.05235
3356.10617,0.05844
3354.17737,0.06758
3352.24858,0.06975
3350.31978,0.06468
3348.39098,0.05968
3346.46219,0.05754
3344.53339,0.05849
3342.60459,0.05956
3340.67580,0.05833
3338.74700,0.05699
3336.81820,0.05273
3334.88941,0.04468
3332.96061,0.04043
3331.03181,0.04195
3329.10302,0.04621
3327.17422,0.05114
3325.24542,0.05155
3323.31663,0.04550
3321.38783,0.04246
3319.45903,0.04641
3317.53024,0.04863
3315.60144,0.04353
3313.67264,0.03662
3311.74385,0.03459
3309.81505,0.03513
3307.88625,0.03626
3305.95746,0.03849
3304.02866,0.04036
3302.09986,0.04112
3300.17107,0.03677
3298.24227,0.03079
3296.31347,0.03068
3294.38468,0.02941
3292.45588,0.02234
3290.52708,0.02015
3288.59829,0.02474
3286.66949,0.02584
3284.74069,0.02412
3282.81190,0.02731
3280.88310,0.03266
3278.95430,0.03645
3277.02551,0.03982
3275.09671,0.03935
3273.16791,0.03499
3271.23912,0.03332
3269.31032,0.03446
3267.38152,0.03393
3265.45273,0.03017
3263.52393,0.02533
3261.59513,0.02408
3259.66634,0.02801
3257.73754,0.03430
3255.80874,0.03774
3253.87995,0.03598
3251.95115,0.03369
3250.02235,0.03365
3248.09356,0.03247
3246.16476,0.03064
3244.23596,0.03266
3242.30717,0.03394
3240.37837,0.02959
3238.44957,0.02882
3236.52078,0.03519
3234.59198,0.03887
3232.66318,0.03610
3230.73439,0.03233
3228.80559,0.02995
3226.87679,0.02627
3224.94800,0.02310
3223.01920,0.02569
3221.09040,0.03201
3219.16161,0.03783
3217.23281,0.04339
3215.30401,0.04732
3213.37522,0.04814
3211.44642,0.05054
3209.51762,0.05511
3207.58883,0.05334
3205.66003,0.04619
3203.73123,0.04500
3201.80244,0.04988
3199.87364,0.05185
3197.94484,0.05016
3196.01605,0.04886
3194.08725,0.04666
3192.15845,0.04319
3190.22966,0.04395
3188.30086,0.04847
3186.37206,0.04844
3184.44327,0.04497
3182.51447,0.04473
3180.58567,0.04616
3178.65688,0.04710
3176.72808,0.04759
3174.79928,0.04508
3172.87049,0.04000
3170.94169,0.03644
3169.01289,0.03442
3167.08410,0.03153
3165.15530,0.03090
3163.22650,0.03421
3161.29771,0.03656
3159.36891,0.03564
3157.44011,0.03362
3155.51132,0.03246
3153.58252,0.03260
3151.65372,0.03259
3149.72493,0.03046
3147.79613,0.02837
3145.86733,0.03012
3143.93854,0.03301
3142.00974,0.03349
3140.08094,0.03288
3138.15215,0.03255
3136.22335,0.03307
3134.29455,0.03451
3132.36576,0.03505
3130.43696,0.03353
3128.50816,0.03109
3126.57937,0.02933
3124.65057,0.02919
3122.72177,0.03093
3120.79298,0.03331
3118.86418,0.03417
3116.93538,0.03223
3115.00659,0.02894
3113.07779,0.02741
3111.14899,0.02791
3109.22020,0.02830
3107.29140,0.02907
3105.36260,0.03072
3103.43381,0.03104
3101.50501,0.02982
3099.57621,0.02859
3097.64742,0.02740
3095.71862,0.02687
3093.78982,0.02752
3091.86103,0.02794
3089.93223,0.02799
3088.00344,0.02854
3086.07464,0.02952
3084.14584,0.03124
3082.21705,0.03295
3080.28825,0.03295
3078.35945,0.03192
3076.43066,0.03107
3074.50186,0.02977
3072.57306,0.02807
3070.64427,0.02752
3068.71547,0.02795
3066.78667,0.02832
3064.85788,0.02890
3062.92908,0.02949
3061.00028,0.02959
3059.07149,0.02958
3057.14269,0.03001
3055.21389,0.03084
3053.28510,0.03125
3051.35630,0.03078
3049.42750,0.02993
3047.49871,0.02915
3045.56991,0.02891
3043.64111,0.02961
3041.71232,0.03085
3039.78352,0.03151
3037.85472,0.03135
3035.92593,0.03127
3033.99713,0.03153
3032.06833,0.03185
3030.13954,0.03226
3028.21074,0.03307
3026.28194,0.03393
3024.35315,0.03363
3022.42435,0.03251
3020.49555,0.03206
3018.56676,0.03265
3016.63796,0.03379
3014.70916,0.03454
3012.78037,0.03450
3010.85157,0.03418
3008.92277,0.03365
3006.99398,0.03306
3005.06518,0.03314
3003.13638,0.03358
3001.20759,0.03345
2999.27879,0.03293
2997.34999,0.03252
2995.42120,0.03280
2993.49240,0.03369
2991.56360,0.03392
2989.63481,0.03361
2987.70601,0.03378
2985.77721,0.03402
2983.84842,0.03408
2981.91962,0.03456
2979.99082,0.03533
2978.06203,0.03569
2976.13323,0.03579
2974.20443,0.03597
2972.27564,0.03617
2970.34684,0.03640
2968.41804,0.03645
2966.48925,0.03620
2964.56045,0.03619
2962.63165,0.03661
2960.70286,0.03723
2958.77406,0.03806
2956.84526,0.03888
2954.91647,0.03913
2952.98767,0.03873
2951.05887,0.03839
2949.13008,0.03880
2947.20128,0.03936
2945.27248,0.03930
2943.34369,0.03896
2941.41489,0.03876
2939.48609,0.03869
2937.55730,0.03888
2935.62850,0.03935
2933.69970,0.03973
2931.77091,0.03997
2929.84211,0.04038
2927.91331,0.04075
2925.98452,0.04089
2924.05572,0.04103
2922.12692,0.04143
2920.19813,0.04203
2918.26933,0.04243
2916.34053,0.04237
2914.41174,0.04184
2912.48294,0.04112
2910.55414,0.04061
2908.62535,0.04019
2906.69655,0.03950
2904.76775,0.03885
2902.83896,0.03865
2900.91016,0.03874
2898.98136,0.03910
2897.05257,0.03946
2895.12377,0.03912
2893.19497,0.03853
2891.26618,0.03869
2889.33738,0.03922
2887.40858,0.03916
2885.47979,0.03879
2883.55099,0.03888
2881.62219,0.03926
2879.69340,0.03937
2877.76460,0.03928
2875.83580,0.03939
2873.90701,0.03967
2871.97821,0.03988
2870.04941,0.03999
2868.12062,0.04020
2866.19182,0.04053
2864.26302,0.04090
2862.33423,0.04116
2860.40543,0.04126
2858.47663,0.04144
2856.54784,0.04185
2854.61904,0.04223
2852.69024,0.04228
2850.76145,0.04200
2848.83265,0.04174
2846.90385,0.04164
2844.97506,0.04168
2843.04626,0.04172
2841.11746,0.04157
2839.18867,0.04137
2837.25987,0.04121
2835.33107,0.04112
2833.40228,0.04116
2831.47348,0.04133
2829.54468,0.04158
2827.61589,0.04181
2825.68709,0.04197
2823.75829,0.04220
2821.82950,0.04249
2819.90070,0.04259
2817.97190,0.04229
2816.04311,0.04174
2814.11431,0.04132
2812.18551,0.04130
2810.25672,0.04150
2808.32792,0.04153
2806.39912,0.04135
2804.47033,0.04115
2802.54153,0.04098
2800.61273,0.04082
2798.68394,0.04063
2796.75514,0.04046
2794.82634,0.04027
2792.89755,0.03999
2790.96875,0.03977
2789.03995,0.03991
2787.11116,0.04014
2785.18236,0.04006
2783.25356,0.03996
2781.32477,0.04002
2779.39597,0.03998
2777.46717,0.03978
2775.53838,0.03945
2773.60958,0.03905
2771.68078,0.03884
2769.75199,0.03897
2767.82319,0.03914
2765.89439,0.03930
2763.96560,0.03933
2762.03680,0.03894
2760.10800,0.03837
2758.17921,0.03807
2756.25041,0.03797
2754.32161,0.03782
2752.39282,0.03756
2750.46402,0.03742
2748.53522,0.03749
2746.60643,0.03762
2744.67763,0.03763
2742.74883,0.03765
2740.82004,0.03784
2738.89124,0.03805
2736.96244,0.03812
2735.03365,0.03816
2733.10485,0.03829
2731.17605,0.03841
2729.24726,0.03850
2727.31846,0.03860
2725.38967,0.03849
2723.46087,0.03814
2721.53207,0.03794
2719.60328,0.03803
2717.67448,0.03809
2715.74568,0.03805
2713.81689,0.03803
2711.88809,0.03801
2709.95929,0.03786
2708.03050,0.03755
2706.10170,0.03731
2704.17290,0.03735
2702.24411,0.03742
2700.31531,0.03726
2698.38651,0.03707
2696.45772,0.03707
2694.52892,0.03723
2692.60012,0.03753
2690.67133,0.03775
2688.74253,0.03774
2686.81373,0.03768
2684.88494,0.03771
2682.95614,0.03779
2681.02734,0.03792
2679.09855,0.03802
2677.16975,0.03799
2675.24095,0.03790
2673.31216,0.03778
2671.38336,0.03755
2669.45456,0.03738
2667.52577,0.03739
2665.59697,0.03740
2663.66817,0.03726
2661.73938,0.03701
2659.81058,0.03680
2657.88178,0.03678
2655.95299,0.03689
2654.02419,0.03698
2652.09539,0.03698
2650.16660,0.03682
2648.23780,0.03670
2646.30900,0.03678
2644.38021,0.03700
2642.45141,0.03731
2640.52261,0.03754
2638.59382,0.03753
2636.66502,0.03751
2634.73622,0.03764
2632.80743,0.03787
2630.87863,0.03825
2628.94983,0.03873
2627.02104,0.03891
2625.09224,0.03858
2623.16344,0.03816
2621.23465,0.03807
2619.30585,0.03823
2617.37705,0.03839
2615.44826,0.03844
2613.51946,0.03839
2611.59066,0.03831
2609.66187,0.03831
2607.73307,0.03825
2605.80427,0.03799
2603.87548,0.03767
2601.94668,0.03758
2600.01788,0.03780
2598.08909,0.03817
2596.16029,0.03855
2594.23149,0.03881
2592.30270,0.03891
2590.37390,0.03900
2588.44510,0.03897
2586.51631,0.03863
2584.58751,0.03842
2582.65871,0.03849
2580.72992,0.03832
2578.80112,0.03825
2576.87232,0.03883
2574.94353,0.03941
2573.01473,0.03910
2571.08593,0.03838
2569.15714,0.03818
2567.22834,0.03839
2565.29954,0.03831
2563.37075,0.03774
2561.44195,0.03716
2559.51315,0.03691
2557.58436,0.03698
2555.65556,0.03725
2553.72676,0.03743
2551.79797,0.03736
2549.86917,0.03741
2547.94037,0.03780
2546.01158,0.03815
2544.08278,0.03812
2542.15398,0.03785
2540.22519,0.03778
2538.29639,0.03799
2536.36759,0.03818
2534.43880,0.03832
2532.51000,0.03846
2530.58120,0.03816
2528.65241,0.03735
2526.72361,0.03673
2524.79481,0.03667
2522.86602,0.03676
2520.93722,0.03687
2519.00842,0.03707
2517.07963,0.03701
2515.15083,0.03668
2513.22203,0.03647
2511.29324,0.03621
2509.36444,0.03575
2507.43564,0.03563
2505.50685,0.03602
2503.57805,0.03630
2501.64925,0.03605
2499.72046,0.03574
2497.79166,0.03573
2495.86286,0.03582
2493.93407,0.03591
2492.00527,0.03594
2490.07647,0.03601
2488.14768,0.03648
2486.21888,0.03714
2484.29008,0.03731
2482.36129,0.03693
2480.43249,0.03663
2478.50369,0.03672
2476.57490,0.03700
2474.64610,0.03711
2472.71730,0.03667
2470.78851,0.03595
2468.85971,0.03572
2466.93091,0.03600
2465.00212,0.03608
2463.07332,0.03570
2461.14452,0.03520
2459.21573,0.03502
2457.28693,0.03508
2455.35813,0.03506
2453.42934,0.03515
2451.50054,0.03551
2449.57174,0.03554
2447.64295,0.03509
2445.71415,0.03485
2443.78535,0.03496
2441.85656,0.03494
2439.92776,0.03491
2437.99896,0.03508
2436.07017,0.03514
2434.14137,0.03514
2432.21257,0.03526
2430.28378,0.03523
2428.35498,0.03499
2426.42618,0.03488
2424.49739,0.03485
2422.56859,0.03464
2420.63979,0.03427
2418.71100,0.03374
2416.78220,0.03314
2414.85340,0.03275
2412.92461,0.03257
2410.99581,0.03243
2409.06701,0.03249
2407.13822,0.03268
2405.20942,0.03252
2403.28062,0.03212
2401.35183,0.03184
2399.42303,0.03147
2397.49423,0.03104
2395.56544,0.03099
2393.63664,0.03136
2391.70784,0.03177
2389.77905,0.03250
2387.85025,0.03455
2385.92145,0.03878
2383.99266,0.04553
2382.06386,0.05508
2380.13506,0.06733
2378.20627,0.08111
2376.27747,0.09505
2374.34867,0.10925
2372.41988,0.12433
2370.49108,0.13973
2368.56228,0.15407
2366.63349,0.16657
2364.70469,0.17668
2362.77589,0.18354
2360.84710,0.18624
2358.91830,0.18391
2356.98951,0.17582
2355.06071,0.16211
2353.13191,0.14394
2351.20312,0.12572
2349.27432,0.11618
2347.34552,0.12062
2345.41673,0.13395
2343.48793,0.14314
2341.55913,0.14430
2339.63034,0.14250
2337.70154,0.14008
2335.77274,0.13776
2333.84395,0.13688
2331.91515,0.13703
2329.98635,0.13503
2328.05756,0.13017
2326.12876,0.12552
2324.19996,0.12237
2322.27117,0.11835
2320.34237,0.11108
2318.41357,0.10173
2316.48478,0.09359
2314.55598,0.08844
2312.62718,0.08500
2310.69839,0.08089
2308.76959,0.07528
2306.84079,0.06895
2304.91200,0.06292
2302.98320,0.05799
2301.05440,0.05433
2299.12561,0.05133
2297.19681,0.04870
2295.26801,0.04653
2293.33922,0.04454
2291.41042,0.04241
2289.48162,0.04041
2287.55283,0.03878
2285.62403,0.03762
2283.69523,0.03717
2281.76644,0.03742
2279.83764,0.03792
2277.90884,0.03833
2275.98005,0.03858
2274.05125,0.03880
2272.12245,0.03906
2270.19366,0.03923
2268.26486,0.03951
2266.33606,0.04004
2264.40727,0.04041
2262.47847,0.04030
2260.54967,0.03992
2258.62088,0.03998
2256.69208,0.04047
2254.76328,0.04043
2252.83449,0.03986
2250.90569,0.03973
2248.97689,0.04009
2247.04810,0.03997
2245.11930,0.03981
2243.19050,0.04074
2241.26171,0.04211
2239.33291,0.04312
2237.40411,0.04359
2235.47532,0.04342
2233.54652,0.04272
2231.61772,0.04169
2229.68893,0.04151
2227.76013,0.04269
2225.83133,0.04351
2223.90254,0.04345
2221.97374,0.04383
2220.04494,0.04459
2218.11615,0.04506
2216.18735,0.04550
2214.25855,0.04588
2212.32976,0.04551
2210.40096,0.04506
2208.47216,0.04552
2206.54337,0.04589
2204.61457,0.04591
2202.68577,0.04662
2200.75698,0.04781
2198.82818,0.04923
2196.89938,0.05034
2194.97059,0.05002
2193.04179,0.04919
2191.11299,0.04938
2189.18420,0.05044
2187.25540,0.05121
2185.32660,0.05082
2183.39781,0.04988
2181.46901,0.05028
2179.54021,0.05248
2177.61142,0.05453
2175.68262,0.05503
2173.75382,0.05454
2171.82503,0.05448
2169.89623,0.05546
2167.96743,0.05703
2166.03864,0.05879
2164.10984,0.06005
2162.18104,0.06013
2160.25225,0.06032
2158.32345,0.06133
2156.39465,0.05961
2154.46586,0.05489
2152.53706,0.05210
2150.60826,0.05132
2148.67947,0.04906
2146.75067,0.04559
2144.82187,0.04324
2142.89308,0.04211
2140.96428,0.04106
2139.03548,0.04002
2137.10669,0.03872
2135.17789,0.03677
2133.24909,0.03502
2131.32030,0.03384
2129.39150,0.03256
2127.46270,0.03120
2125.53391,0.03053
2123.60511,0.03038
2121.67631,0.02979
2119.74752,0.02871
2117.81872,0.02798
2115.88992,0.02777
2113.96113,0.02769
2112.03233,0.02790
2110.10353,0.02847
2108.17474,0.02875
2106.24594,0.02851
2104.31714,0.02837
2102.38835,0.02881
2100.45955,0.02940
2098.53075,0.02934
2096.60196,0.02850
2094.67316,0.02770
2092.74436,0.02748
2090.81557,0.02760
2088.88677,0.02788
2086.95797,0.02841
2085.02918,0.02915
2083.10038,0.02972
2081.17158,0.02961
2079.24279,0.02899
2077.31399,0.02902
2075.38519,0.02981
2073.45640,0.03017
2071.52760,0.03023
2069.59880,0.03075
2067.67001,0.03113
2065.74121,0.03060
2063.81241,0.02985
2061.88362,0.02957
2059.95482,0.02939
2058.02602,0.02926
2056.09723,0.02932
2054.16843,0.02978
2052.23963,0.03104
2050.31084,0.03335
2048.38204,0.03637
2046.45324,0.03883
2044.52445,0.04016
2042.59565,0.04104
2040.66685,0.04177
2038.73806,0.04195
2036.80926,0.04120
2034.88046,0.04030
2032.95167,0.04092
2031.02287,0.04302
2029.09407,0.04398
2027.16528,0.04213
2025.23648,0.03992
2023.30768,0.03936
2021.37889,0.03824
2019.45009,0.03644
2017.52129,0.03654
2015.59250,0.03722
2013.66370,0.03692
2011.73490,0.03726
2009.80611,0.03852
2007.87731,0.03789
2005.94851,0.03482
2004.01972,0.03305
2002.09092,0.03384
2000.16212,0.03536
1998.23333,0.03628
1996.30453,0.03572
1994.37574,0.03441
1992.44694,0.03393
1990.51814,0.03383
1988.58935,0.03358
1986.66055,0.03378
1984.73175,0.03386
1982.80296,0.03355
1980.87416,0.03433
1978.94536,0.03598
1977.01657,0.03619
1975.08777,0.03504
1973.15897,0.03334
1971.23018,0.03098
1969.30138,0.02974
1967.37258,0.03049
1965.44379,0.03099
1963.51499,0.02989
1961.58619,0.02834
1959.65740,0.02734
1957.72860,0.02664
1955.79980,0.02619
1953.87101,0.02631
1951.94221,0.02664
1950.01341,0.02649
1948.08462,0.02599
1946.15582,0.02590
1944.22702,0.02622
1942.29823,0.02585
1940.36943,0.02458
1938.44063,0.02355
1936.51184,0.02334
1934.58304,0.02356
1932.65424,0.02348
1930.72545,0.02303
1928.79665,0.02269
1926.86785,0.02262
1924.93906,0.02285
1923.01026,0.02304
1921.08146,0.02304
1919.15267,0.02308
1917.22387,0.02265
1915.29507,0.02178
1913.36628,0.02151
1911.43748,0.02184
1909.50868,0.02175
1907.57989,0.02116
1905.65109,0.02083
1903.72229,0.02082
1901.79350,0.02082
1899.86470,0.02099
1897.93590,0.02137
1896.00711,0.02158
1894.07831,0.02161
1892.14951,0.02203
1890.22072,0.02262
1888.29192,0.02240
1886.36312,0.02169
1884.43433,0.02133
1882.50553,0.02126
1880.57673,0.02114
1878.64794,0.02087
1876.71914,0.02054
1874.79034,0.02031
1872.86155,0.02062
1870.93275,0.02173
1869.00395,0.02255
1867.07516,0.02175
1865.14636,0.02030
1863.21756,0.01951
1861.28877,0.01933
1859.35997,0.01933
1857.43117,0.01926
1855.50238,0.01915
1853.57358,0.01926
1851.64478,0.01974
1849.71599,0.02053
1847.78719,0.02161
1845.85839,0.02281
1843.92960,0.02300
1842.00080,0.02194
1840.07200,0.02119
1838.14321,0.02110
1836.21441,0.02096
1834.28561,0.02092
1832.35682,0.02173
1830.42802,0.02267
1828.49922,0.02254
1826.57043,0.02200
1824.64163,0.02128
1822.71283,0.02007
1820.78404,0.01917
1818.85524,0.01901
1816.92644,0.01900
1814.99765,0.01898
1813.06885,0.01930
1811.14005,0.01970
1809.21126,0.01960
1807.28246,0.01925
1805.35366,0.01942
1803.42487,0.02033
1801.49607,0.02128
1799.56727,0.02143
1797.63848,0.02123
1795.70968,0.02176
1793.78088,0.02305
1791.85209,0.02341
1789.92329,0.02204
1787.99449,0.02093
1786.06570,0.02094
1784.13690,0.02116
1782.20810,0.02124
1780.27931,0.02114
1778.35051,0.02082
1776.42171,0.02100
1774.49292,0.02214
1772.56412,0.02311
1770.63532,0.02264
1768.70653,0.02135
1766.77773,0.02001
1764.84893,0.01951
1762.92014,0.02005
1760.99134,0.02036
1759.06254,0.02026
1757.13375,0.02026
1755.20495,0.02031
1753.27615,0.02132
1751.34736,0.02332
1749.41856,0.02416
1747.48976,0.02338
1745.56097,0.02257
1743.63217,0.02245
1741.70337,0.02270
1739.77458,0.02264
1737.84578,0.02275
1735.91698,0.02422
1733.98819,0.02554
1732.05939,0.02412
1730.13059,0.02183
1728.20180,0.02018
1726.27300,0.01938
1724.34420,0.01942
1722.41541,0.02005
1720.48661,0.02201
1718.55781,0.02526
1716.62902,0.02691
1714.70022,0.02584
1712.77142,0.02458
1710.84263,0.02484
1708.91383,0.02699
1706.98503,0.03072
1705.05624,0.03490
1703.12744,0.03947
1701.19864,0.04607
1699.26985,0.05314
1697.34105,0.05885
1695.41225,0.06495
1693.48346,0.07141
1691.55466,0.07947
1689.62586,0.09051
1687.69707,0.10308
1685.76827,0.11833
1683.83947,0.13649
1681.91068,0.15013
1679.98188,0.16069
1678.05308,0.17288
1676.12429,0.18748
1674.19549,0.20216
1672.26669,0.21442
1670.33790,0.22585
1668.40910,0.23552
1666.48030,0.24167
1664.55151,0.24716
1662.62271,0.25237
1660.69391,0.25518
1658.76512,0.25672
1656.83632,0.25960
1654.90752,0.26453
1652.97873,0.26737
1651.04993,0.26588
1649.12113,0.26702
1647.19234,0.27199
1645.26354,0.27740
1643.33474,0.28318
1641.40595,0.29240
1639.47715,0.30555
1637.54835,0.32280
1635.61956,0.34397
1633.69076,0.36255
1631.76197,0.37737
1629.83317,0.39303
1627.90437,0.40898
1625.97558,0.42198
1624.04678,0.43115
1622.11798,0.43578
1620.18919,0.43692
1618.26039,0.43680
1616.33159,0.43444
1614.40280,0.43057
1612.47400,0.42861
1610.54520,0.42959
1608.61641,0.43330
1606.68761,0.43932
1604.75881,0.44757
1602.83002,0.45756
1600.90122,0.46788
1598.97242,0.47714
1597.04363,0.48436
1595.11483,0.48853
1593.18603,0.48851
1591.25724,0.48401
1589.32844,0.47502
1587.39964,0.46187
1585.47085,0.44538
1583.54205,0.42640
1581.61325,0.40621
1579.68446,0.38695
1577.75566,0.36706
1575.82686,0.34232
1573.89807,0.31911
1571.96927,0.30125
1570.04047,0.28296
1568.11168,0.26379
1566.18288,0.24737
1564.25408,0.23398
1562.32529,0.22485
1560.39649,0.21788
1558.46769,0.20494
1556.53890,0.18988
1554.61010,0.17867
1552.68130,0.16956
1550.75251,0.16185
1548.82371,0.15504
1546.89491,0.15006
1544.96612,0.14725
1543.03732,0.14531
1541.10852,0.14204
1539.17973,0.13465
1537.25093,0.12739
1535.32213,0.12359
1533.39334,0.12047
1531.46454,0.11630
1529.53574,0.11324
1527.60695,0.11176
1525.67815,0.11050
1523.74935,0.10955
1521.82056,0.10843
1519.89176,0.10601
1517.96296,0.10335
1516.03417,0.10066
1514.10537,0.09819
1512.17657,0.09756
1510.24778,0.09959
1508.31898,0.10307
1506.39018,0.10305
1504.46139,0.09912
1502.53259,0.09757
1500.60379,0.09953
1498.67500,0.10352
1496.74620,0.10750
1494.81740,0.11079
1492.88861,0.11562
1490.95981,0.12362
1489.03101,0.13263
1487.10222,0.14012
1485.17342,0.14775
1483.24462,0.15746
1481.31583,0.16929
1479.38703,0.18227
1477.45823,0.19638
1475.52944,0.21173
1473.60064,0.22719
1471.67184,0.23998
1469.74305,0.24859
1467.81425,0.25612
1465.88545,0.26402
1463.95666,0.26954
1462.02786,0.27191
1460.09906,0.27360
1458.17027,0.27323
1456.24147,0.26528
1454.31267,0.25298
1452.38388,0.24134
1450.45508,0.22989
1448.52628,0.21738
1446.59749,0.20336
1444.66869,0.18959
1442.73989,0.17701
1440.81110,0.16611
1438.88230,0.15722
1436.95350,0.14768
1435.02471,0.13664
1433.09591,0.12741
1431.16711,0.12004
1429.23832,0.11292
1427.30952,0.10652
1425.38072,0.10152
1423.45193,0.09750
1421.52313,0.09469
1419.59433,0.09243
1417.66554,0.08844
1415.73674,0.08350
1413.80794,0.07971
1411.87915,0.07710
1409.95035,0.07495
1408.02155,0.07330
1406.09276,0.07215
1404.16396,0.07068
1402.23516,0.06925
1400.30637,0.06877
1398.37757,0.06869
1396.44877,0.06809
1394.51998,0.06647
1392.59118,0.06410
1390.66238,0.06259
1388.73359,0.06226
1386.80479,0.06143
1384.87599,0.05957
1382.94720,0.05798
1381.01840,0.05715
1379.08960,0.05665
1377.16081,0.05649
1375.23201,0.05647
1373.30321,0.05564
1371.37442,0.05417
1369.44562,0.05316
1367.51682,0.05269
1365.58803,0.05286
1363.65923,0.05355
1361.73043,0.05340
1359.80164,0.05219
1357.87284,0.05120
1355.94404,0.05081
1354.01525,0.05059
1352.08645,0.05038
1350.15765,0.05027
1348.22886,0.05016
1346.30006,0.05003
1344.37126,0.05013
1342.44247,0.05083
1340.51367,0.05176
1338.58487,0.05179
1336.65608,0.05082
1334.72728,0.04983
1332.79848,0.04920
1330.86969,0.04874
1328.94089,0.04831
1327.01209,0.04794
1325.08330,0.04762
1323.15450,0.04738
1321.22570,0.04732
1319.29691,0.04734
1317.36811,0.04717
1315.43931,0.04693
1313.51052,0.04676
1311.58172,0.04659
1309.65292,0.04646
1307.72413,0.04639
1305.79533,0.04633
1303.86653,0.04636
1301.93774,0.04649
1300.00894,0.04666
1298.08014,0.04686
1296.15135,0.04699
1294.22255,0.04698
1292.29375,0.04691
1290.36496,0.04689
1288.43616,0.04686
1286.50736,0.04670
1284.57857,0.04646
1282.64977,0.04629
1280.72097,0.04612
1278.79218,0.04588
1276.86338,0.04566
1274.93458,0.04559
1273.00579,0.04569
1271.07699,0.04577
1269.14820,0.04578
1267.21940,0.04589
1265.29060,0.04615
1263.36181,0.04645
1261.43301,0.04668
1259.50421,0.04682
1257.57542,0.04689
1255.64662,0.04697
1253.71782,0.04714
1251.78903,0.04740
1249.86023,0.04767
1247.93143,0.04792
1246.00264,0.04819
1244.07384,0.04848
1242.14504,0.04871
1240.21625,0.04881
1238.28745,0.04885
1236.35865,0.04889
1234.42986,0.04888
1232.50106,0.04892
1230.57226,0.04906
1228.64347,0.04921
1226.71467,0.04931
1224.78587,0.04943
1222.85708,0.04964
1220.92828,0.04999
1218.99948,0.05045
1217.07069,0.05096
1215.14189,0.05150
1213.21309,0.05209
1211.28430,0.05280
1209.35550,0.05361
1207.42670,0.05446
1205.49791,0.05540
1203.56911,0.05640
1201.64031,0.05745
1199.71152,0.05866
1197.78272,0.06007
1195.85392,0.06155
1193.92513,0.06312
1191.99633,0.06490
1190.06753,0.06697
1188.13874,0.06925
1186.20994,0.07164
1184.28114,0.07415
1182.35235,0.07695
1180.42355,0.08024
1178.49475,0.08403
1176.56596,0.08821
1174.63716,0.09266
1172.70836,0.09737
1170.77957,0.10232
1168.85077,0.10739
1166.92197,0.11239
1164.99318,0.11711
1163.06438,0.12129
1161.13558,0.12460
1159.20679,0.12676
1157.27799,0.12766
1155.34919,0.12726
1153.42040,0.12562
1151.49160,0.12291
1149.56280,0.11931
1147.63401,0.11500
1145.70521,0.11026
1143.77641,0.10534
1141.84762,0.10044
1139.91882,0.09568
1137.99002,0.09109
1136.06123,0.08676
1134.13243,0.08276
1132.20363,0.07919
1130.27484,0.07611
1128.34604,0.07343
1126.41724,0.07102
1124.48845,0.06893
1122.55965,0.06719
1120.63085,0.06578
1118.70206,0.06462
1116.77326,0.06359
1114.84446,0.06274
1112.91567,0.06208
1110.98687,0.06152
1109.05807,0.06103
1107.12928,0.06067
1105.20048,0.06046
1103.27168,0.06032
1101.34289,0.06022
1099.41409,0.06019
1097.48529,0.06020
1095.55650,0.06026
1093.62770,0.06034
1091.69890,0.06045
1089.77011,0.06066
1087.84131,0.06092
1085.91251,0.06107
1083.98372,0.06112
1082.05492,0.06125
1080.12612,0.06149
1078.19733,0.06183
1076.26853,0.06222
1074.33973,0.06267
1072.41094,0.06317
1070.48214,0.06362
1068.55334,0.06391
1066.62455,0.06409
1064.69575,0.06428
1062.76695,0.06436
1060.83816,0.06419
1058.90936,0.06387
1056.98056,0.06356
1055.05177,0.06318
1053.12297,0.06268
1051.19417,0.06209
1049.26538,0.06145
1047.33658,0.06079
1045.40778,0.06015
1043.47899,0.05945
1041.55019,0.05861
1039.62139,0.05768
1037.69260,0.05680
1035.76380,0.05599
1033.83500,0.05513
1031.90621,0.05426
1029.97741,0.05349
1028.04861,0.05277
1026.11982,0.05210
1024.19102,0.05159
1022.26222,0.05126
1020.33343,0.05093
1018.40463,0.05058
1016.47583,0.05036
1014.54704,0.05030
1012.61824,0.05030
1010.68944,0.05020
1008.76065,0.04993
1006.83185,0.04951
1004.90305,0.04896
1002.97426,0.04831
1001.04546,0.04770
999.11666,0.04721
997.18787,0.04678
995.25907,0.04631
993.33027,0.04577
991.40148,0.04525
989.47268,0.04477
987.54388,0.04421
985.61509,0.04356
983.68629,0.04296
981.75749,0.04244
979.82870,0.04186
977.89990,0.04119
975.97110,0.04059
974.04231,0.04012
972.11351,0.03971
970.18471,0.03930
968.25592,0.03903
966.32712,0.03900
964.39832,0.03900
962.46953,0.03893
960.54073,0.03873
958.61193,0.03841
956.68314,0.03802
954.75434,0.03766
952.82554,0.03749
950.89675,0.03743
948.96795,0.03720
947.03915,0.03675
945.11036,0.03624
943.18156,0.03567
941.25276,0.03502
939.32397,0.03435
937.39517,0.03370
935.46637,0.03304
933.53758,0.03237
931.60878,0.03169
929.67998,0.03106
927.75119,0.03057
925.82239,0.03020
923.89359,0.02971
921.96480,0.02903
920.03600,0.02840
918.10720,0.02798
916.17841,0.02770
914.24961,0.02744
912.32081,0.02725
910.39202,0.02714
908.46322,0.02692
906.53443,0.02652
904.60563,0.02612
902.67683,0.02590
900.74804,0.02576
898.81924,0.02551
896.89044,0.02505
894.96165,0.02443
893.03285,0.02376
891.10405,0.02307
889.17526,0.02235
887.24646,0.02156
885.31766,0.02068
883.38887,0.01981
881.46007,0.01910
879.53127,0.01850
877.60248,0.01796
875.67368,0.01747
873.74488,0.01706
871.81609,0.01674
869.88729,0.01645
867.95849,0.01613
866.02970,0.01588
864.10090,0.01581
862.17210,0.01578
860.24331,0.01565
858.31451,0.01548
856.38571,0.01532
854.45692,0.01523
852.52812,0.01522
850.59932,0.01514
848.67053,0.01488
846.74173,0.01455
844.81293,0.01423
842.88414,0.01383
840.95534,0.01337
839.02654,0.01300
837.09775,0.01269
835.16895,0.01232
833.24015,0.01200
831.31136,0.01179
829.38256,0.01158
827.45376,0.01129
825.52497,0.01107
823.59617,0.01114
821.66737,0.01147
819.73858,0.01178
817.80978,0.01200
815.88098,0.01230
813.95219,0.01270
812.02339,0.01309
810.09459,0.01353
808.16580,0.01415
806.23700,0.01488
804.30820,0.01561
802.37941,0.01637
800.45061,0.01716
798.52181,0.01796
796.59302,0.01879
794.66422,0.01954
792.73542,0.02025
790.80663,0.02106
788.87783,0.02195
786.94903,0.02268
785.02024,0.02293
783.09144,0.02253
781.16264,0.02166
779.23385,0.02050
777.30505,0.01908
775.37625,0.01765
773.44746,0.01664
771.51866,0.01613
769.58986,0.01580
767.66107,0.01549
765.73227,0.01536
763.80347,0.01537
761.87468,0.01526
759.94588,0.01513
758.01708,0.01535
756.08829,0.01572
754.15949,0.01599
752.23069,0.01631
750.30190,0.01648
748.37310,0.01611
