3496.90832,0.06264
3494.97953,0.06334
3493.05073,0.06193
3491.12193,0.05878
3489.19314,0.05755
3487.26434,0.05824
3485.33554,0.05548
3483.40675,0.05302
3481.47795,0.05701
3479.54915,0.06270
3477.62036,0.06614
3475.69156,0.06925
3473.76276,0.07134
3471.83397,0.06925
3469.90517,0.06435
3467.97637,0.06065
3466.04758,0.06110
3464.11878,0.06710
3462.18998,0.07026
3460.26119,0.06341
3458.33239,0.05554
3456.40359,0.05500
3454.47480,0.05854
3452.54600,0.05865
3450.61721,0.05649
3448.68841,0.05867
3446.75961,0.06320
3444.83082,0.06330
3442.90202,0.05794
3440.97322,0.05160
3439.04443,0.04630
3437.11563,0.03952
3435.18683,0.03091
3433.25804,0.02452
3431.32924,0.02592
3429.40044,0.03500
3427.47165,0.04768
3425.54285,0.05995
3423.61405,0.06412
3421.68526,0.05776
3419.75646,0.05147
3417.82766,0.05353
3415.89887,0.05658
3413.97007,0.05242
3412.04127,0.04346
3410.11248,0.03568
3408.18368,0.03416
3406.25488,0.03627
3404.32609,0.03391
3402.39729,0.02989
3400.46849,0.03227
3398.53970,0.03756
3396.61090,0.03667
3394.68210,0.03234
3392.75331,0.03474
3390.82451,0.04448
3388.89571,0.05795
3386.96692,0.06911
3385.03812,0.06820
3383.10932,0.05984
3381.18053,0.05757
3379.25173,0.06130
3377.32293,0.06586
3375.39414,0.06793
3373.46534,0.06422
3371.53654,0.05681
3369.60775,0.04985
3367.67895,0.04890
3365.75015,0.05445
3363.82136,0.05895
3361.89256,0.05947
3359.96376,0.05658
3358.03497,0.05322
3356.10617,0.05581
3354.17737,0.06287
3352.24858,0.06535
3350.31978,0.06232
3348.39098,0.06087
3346.46219,0.05829
3344.53339,0.05023
3342.60459,0.04516
3340.67580,0.04989
3338.74700,0.05767
3336.81820,0.05674
3334.88941,0.04840
3332.96061,0.04200
3331.03181,0.04126
3329.10302,0.04517
3327.17422,0.04817
3325.24542,0.04554
3323.31663,0.03926
3321.38783,0.03738
3319.45903,0.04248
3317.53024,0.04473
3315.60144,0.04000
3313.67264,0.03554
3311.74385,0.03373
3309.81505,0.03439
3307.88625,0.03929
3305.95746,0.04185
3304.02866,0.03917
3302.09986,0.04008
3300.17107,0.04310
3298.24227,0.03932
3296.31347,0.03176
3294.38468,0.02808
3292.45588,0.03023
3290.52708,0.03390
3288.59829,0.03539
3286.66949,0.03239
3284.74069,0.02546
3282.81190,0.02361
3280.88310,0.02884
3278.95430,0.03490
3277.02551,0.04249
3275.09671,0.04987
3273.16791,0.05006
3271.23912,0.04359
3269.31032,0.03434
3267.38152,0.02565
3265.45273,0.02239
3263.52393,0.02476
3261.59513,0.03148
3259.66634,0.03972
3257.73754,0.04309
3255.80874,0.04371
3253.87995,0.04407
3251.95115,0.04122
3250.02235,0.03892
3248.09356,0.04038
3246.16476,0.04056
3244.23596,0.03863
3242.30717,0.03766
3240.37837,0.03503
3238.44957,0.03236
3236.52078,0.03448
3234.59198,0.03763
3232.66318,0.03959
3230.73439,0.04056
3228.80559,0.03701
3226.87679,0.03128
3224.94800,0.02979
3223.01920,0.03373
3221.09040,0.03912
3219.16161,0.04284
3217.23281,0.04671
3215.30401,0.05137
3213.37522,0.05163
3211.44642,0.04810
3209.51762,0.04666
3207.58883,0.04532
3205.66003,0.04228
3203.73123,0.04005
3201.80244,0.03884
3199.87364,0.03865
3197.94484,0.04008
3196.01605,0.04228
3194.08725,0.04340
3192.15845,0.04325
3190.22966,0.04469
3188.30086,0.04670
3186.37206,0.04373
3184.44327,0.03717
3182.51447,0.03373
3180.58567,0.03560
3178.65688,0.04075
3176.72808,0.04401
3174.79928,0.04053
3172.87049,0.03249
3170.94169,0.02600
3169.01289,0.02346
3167.08410,0.02441
3165.15530,0.02928
3163.22650,0.03544
3161.29771,0.03741
3159.36891,0.03388
3157.44011,0.02915
3155.51132,0.02911
3153.58252,0.03346
3151.65372,0.03570
3149.72493,0.03328
3147.79613,0.03015
3145.86733,0.02944
3143.93854,0.02985
3142.00974,0.03057
3140.08094,0.03191
3138.15215,0.03227
3136.22335,0.03156
3134.29455,0.03149
3132.36576,0.03175
3130.43696,0.03137
3128.50816,0.03030
3126.57937,0.02976
3124.65057,0.03116
3122.72177,0.03340
3120.79298,0.03472
3118.86418,0.03502
3116.93538,0.03488
3115.00659,0.03398
3113.07779,0.03203
3111.14899,0.03067
3109.22020,0.03063
3107.29140,0.03151
3105.36260,0.03317
3103.43381,0.03398
3101.50501,0.03349
3099.57621,0.03259
3097.64742,0.03039
3095.71862,0.02768
3093.78982,0.02677
3091.86103,0.02667
3089.93223,0.02625
3088.00344,0.02675
3086.07464,0.02824
3084.14584,0.02965
3082.21705,0.03067
3080.28825,0.03091
3078.35945,0.03045
3076.43066,0.03028
3074.50186,0.03037
3072.57306,0.03022
3070.64427,0.03038
3068.71547,0.03054
3066.78667,0.02970
3064.85788,0.02888
3062.92908,0.02954
3061.00028,0.03083
3059.07149,0.03100
3057.14269,0.03054
3055.21389,0.03086
3053.28510,0.03106
3051.35630,0.03047
3049.42750,0.02998
3047.49871,0.02950
3045.56991,0.02925
3043.64111,0.02973
3041.71232,0.03033
3039.78352,0.03064
3037.85472,0.03077
3035.92593,0.03107
3033.99713,0.03162
3032.06833,0.03213
3030.13954,0.03252
3028.21074,0.03300
3026.28194,0.03334
3024.35315,0.03303
3022.42435,0.03252
3020.49555,0.03244
3018.56676,0.03253
3016.63796,0.03266
3014.70916,0.03290
3012.78037,0.03333
3010.85157,0.03389
3008.92277,0.03409
3006.99398,0.03379
3005.06518,0.03359
3003.13638,0.03369
3001.20759,0.03337
2999.27879,0.03276
2997.34999,0.03276
2995.42120,0.03338
2993.49240,0.03390
2991.56360,0.03408
2989.63481,0.03434
2987.70601,0.03467
2985.77721,0.03456
2983.84842,0.03427
2981.91962,0.03446
2979.99082,0.03497
2978.06203,0.03531
2976.13323,0.03569
2974.20443,0.03638
2972.27564,0.03703
2970.34684,0.03726
2968.41804,0.03709
2966.48925,0.03698
2964.56045,0.03716
2962.63165,0.03749
2960.70286,0.03756
2958.77406,0.03736
2956.84526,0.03759
2954.91647,0.03829
2952.98767,0.03865
2951.05887,0.03853
2949.13008,0.03854
2947.20128,0.03882
2945.27248,0.03907
2943.34369,0.03911
2941.41489,0.03899
2939.48609,0.03881
2937.55730,0.03881
2935.62850,0.03913
2933.69970,0.03961
2931.77091,0.04012
2929.84211,0.04062
2927.91331,0.04084
2925.98452,0.04075
2924.05572,0.04077
2922.12692,0.04113
2920.19813,0.04153
2918.26933,0.04162
2916.34053,0.04143
2914.41174,0.04096
2912.48294,0.04025
2910.55414,0.03977
2908.62535,0.03959
2906.69655,0.03939
2904.76775,0.03918
2902.83896,0.03903
2900.91016,0.03886
2898.98136,0.03873
2897.05257,0.03869
2895.12377,0.03868
2893.19497,0.03884
2891.26618,0.03937
2889.33738,0.03975
2887.40858,0.03935
2885.47979,0.03868
2883.55099,0.03856
2881.62219,0.03904
2879.69340,0.03961
2877.76460,0.03976
2875.83580,0.03954
2873.90701,0.03949
2871.97821,0.03981
2870.04941,0.04015
2868.12062,0.04024
2866.19182,0.04033
2864.26302,0.04059
2862.33423,0.04077
2860.40543,0.04095
2858.47663,0.04134
2856.54784,0.04158
2854.61904,0.04146
2852.69024,0.04129
2850.76145,0.04126
2848.83265,0.04137
2846.90385,0.04156
2844.97506,0.04183
2843.04626,0.04206
2841.11746,0.04186
2839.18867,0.04129
2837.25987,0.04090
2835.33107,0.04100
2833.40228,0.04142
2831.47348,0.04182
2829.54468,0.04211
2827.61589,0.04227
2825.68709,0.04230
2823.75829,0.04240
2821.82950,0.04257
2819.90070,0.04252
2817.97190,0.04206
2816.04311,0.04163
2814.11431,0.04168
2812.18551,0.04180
2810.25672,0.04147
2808.32792,0.04102
2806.39912,0.04088
2804.47033,0.04097
2802.54153,0.04099
2800.61273,0.04092
2798.68394,0.04090
2796.75514,0.04074
2794.82634,0.04041
2792.89755,0.04016
2790.96875,0.04016
2789.03995,0.04038
2787.11116,0.04047
2785.18236,0.04025
2783.25356,0.03998
2781.32477,0.03979
2779.39597,0.03959
2777.46717,0.03939
2775.53838,0.03921
2773.60958,0.03903
2771.68078,0.03880
2769.75199,0.03869
2767.82319,0.03888
2765.89439,0.03912
2763.96560,0.03903
2762.03680,0.03855
2760.10800,0.03807
2758.17921,0.03794
2756.25041,0.03799
2754.32161,0.03779
2752.39282,0.03743
2750.46402,0.03735
2748.53522,0.03758
2746.60643,0.03770
2744.67763,0.03755
2742.74883,0.03748
2740.82004,0.03764
2738.89124,0.03774
2736.96244,0.03776
2735.03365,0.03793
2733.10485,0.03816
2731.17605,0.03825
2729.24726,0.03821
2727.31846,0.03819
2725.38967,0.03825
2723.46087,0.03816
2721.53207,0.03801
2719.60328,0.03808
2717.67448,0.03821
2715.74568,0.03821
2713.81689,0.03813
2711.88809,0.03790
2709.95929,0.03758
2708.03050,0.03740
2706.10170,0.03742
2704.17290,0.03742
2702.24411,0.03730
2700.31531,0.03725
2698.38651,0.03741
2696.45772,0.03755
2694.52892,0.03753
2692.60012,0.03754
2690.67133,0.03757
2688.74253,0.03756
2686.81373,0.03758
2684.88494,0.03775
2682.95614,0.03792
2681.02734,0.03797
2679.09855,0.03803
2677.16975,0.03806
2675.24095,0.03794
2673.31216,0.03777
2671.38336,0.03759
2669.45456,0.03749
2667.52577,0.03747
2665.59697,0.03729
2663.66817,0.03700
2661.73938,0.03685
2659.81058,0.03681
2657.88178,0.03671
2655.95299,0.03654
2654.02419,0.03645
2652.09539,0.03658
2650.16660,0.03679
2648.23780,0.03691
2646.30900,0.03702
2644.38021,0.03713
2642.45141,0.03725
2640.52261,0.03743
2638.59382,0.03749
2636.66502,0.03744
2634.73622,0.03759
2632.80743,0.03794
2630.87863,0.03833
2628.94983,0.03865
2627.02104,0.03876
2625.09224,0.03866
2623.16344,0.03863
2621.23465,0.03875
2619.30585,0.03878
2617.37705,0.03845
2615.44826,0.03807
2613.51946,0.03806
2611.59066,0.03826
2609.66187,0.03828
2607.73307,0.03804
2605.80427,0.03776
2603.87548,0.03770
2601.94668,0.03786
2600.01788,0.03804
2598.08909,0.03826
2596.16029,0.03837
2594.23149,0.03821
2592.30270,0.03824
2590.37390,0.03870
2588.44510,0.03889
2586.51631,0.03852
2584.58751,0.03831
2582.65871,0.03849
2580.72992,0.03846
2578.80112,0.03820
2576.87232,0.03829
2574.94353,0.03861
2573.01473,0.03855
2571.08593,0.03835
2569.15714,0.03834
2567.22834,0.03827
2565.29954,0.03804
2563.37075,0.03781
2561.44195,0.03773
2559.51315,0.03760
2557.58436,0.03742
2555.65556,0.03738
2553.72676,0.03717
2551.79797,0.03684
2549.86917,0.03712
2547.94037,0.03784
2546.01158,0.03804
2544.08278,0.03786
2542.15398,0.03785
2540.22519,0.03792
2538.29639,0.03822
2536.36759,0.03872
2534.43880,0.03892
2532.51000,0.03883
2530.58120,0.03869
2528.65241,0.03832
2526.72361,0.03777
2524.79481,0.03733
2522.86602,0.03715
2520.93722,0.03728
2519.00842,0.03731
2517.07963,0.03704
2515.15083,0.03696
2513.22203,0.03705
2511.29324,0.03675
2509.36444,0.03602
2507.43564,0.03537
2505.50685,0.03532
2503.57805,0.03567
2501.64925,0.03579
2499.72046,0.03579
2497.79166,0.03600
2495.86286,0.03619
2493.93407,0.03619
2492.00527,0.03601
2490.07647,0.03581
2488.14768,0.03593
2486.21888,0.03635
2484.29008,0.03670
2482.36129,0.03682
2480.43249,0.03697
2478.50369,0.03716
2476.57490,0.03712
2474.64610,0.03687
2472.71730,0.03655
2470.78851,0.03612
2468.85971,0.03564
2466.93091,0.03541
2465.00212,0.03551
2463.07332,0.03577
2461.14452,0.03596
2459.21573,0.03585
2457.28693,0.03544
2455.35813,0.03494
2453.42934,0.03468
2451.50054,0.03484
2449.57174,0.03506
2447.64295,0.03498
2445.71415,0.03472
2443.78535,0.03453
2441.85656,0.03453
2439.92776,0.03472
2437.99896,0.03495
2436.07017,0.03510
2434.14137,0.03529
2432.21257,0.03549
2430.28378,0.03542
2428.35498,0.03508
2426.42618,0.03490
2424.49739,0.03498
2422.56859,0.03491
2420.63979,0.03447
2418.71100,0.03383
2416.78220,0.03329
2414.85340,0.03300
2412.92461,0.03274
2410.99581,0.03252
2409.06701,0.03265
2407.13822,0.03286
2405.20942,0.03264
2403.28062,0.03223
2401.35183,0.03184
2399.42303,0.03130
2397.49423,0.03099
2395.56544,0.03121
2393.63664,0.03145
2391.70784,0.03164
2389.77905,0.03232
2387.85025,0.03422
2385.92145,0.03839
2383.99266,0.04544
2382.06386,0.05544
2380.13506,0.06802
2378.20627,0.08185
2376.27747,0.09589
2374.34867,0.11044
2372.41988,0.12555
2370.49108,0.14050
2368.56228,0.15459
2366.63349,0.16729
2364.70469,0.17762
2362.77589,0.18450
2360.84710,0.18727
2358.91830,0.18533
2356.98951,0.17773
2355.06071,0.16403
2353.13191,0.14541
2351.20312,0.12672
2349.27432,0.11689
2347.34552,0.12125
2345.41673,0.13501
2343.48793,0.14511
2341.55913,0.14680
2339.63034,0.14477
2337.70154,0.14176
2335.77274,0.13899
2333.84395,0.13782
2331.91515,0.13769
2329.98635,0.13545
2328.05756,0.13045
2326.12876,0.12565
2324.19996,0.12241
2322.27117,0.11851
2320.34237,0.11147
2318.41357,0.10225
2316.48478,0.09419
2314.55598,0.08903
2312.62718,0.08527
2310.69839,0.08094
2308.76959,0.07563
2306.84079,0.06954
2304.91200,0.06335
2302.98320,0.05827
2301.05440,0.05450
2299.12561,0.05128
2297.19681,0.04848
2295.26801,0.04643
2293.33922,0.04467
2291.41042,0.04264
2289.48162,0.04054
2287.55283,0.03870
2285.62403,0.03714
2283.69523,0.03617
2281.76644,0.03630
2279.83764,0.03733
2277.90884,0.03844
2275.98005,0.03901
2274.05125,0.03890
2272.12245,0.03866
2270.19366,0.03895
2268.26486,0.03942
2266.33606,0.03946
2264.40727,0.03954
2262.47847,0.03994
2260.54967,0.04024
2258.62088,0.04055
2256.69208,0.04096
2254.76328,0.04064
2252.83449,0.03919
2250.90569,0.03765
2248.97689,0.03713
2247.04810,0.03758
2245.11930,0.03867
2243.19050,0.04014
2241.26171,0.04140
2239.33291,0.04208
2237.40411,0.04209
2235.47532,0.04190
2233.54652,0.04210
2231.61772,0.04238
2229.68893,0.04255
2227.76013,0.04251
2225.83133,0.04222
2223.90254,0.04244
2221.97374,0.04316
2220.04494,0.04385
2218.11615,0.04468
2216.18735,0.04567
2214.25855,0.04619
2212.32976,0.04537
2210.40096,0.04431
2208.47216,0.04513
2206.54337,0.04670
2204.61457,0.04697
2202.68577,0.04632
2200.75698,0.04643
2198.82818,0.04820
2196.89938,0.04989
2194.97059,0.04979
2193.04179,0.04953
2191.11299,0.05068
2189.18420,0.05229
2187.25540,0.05349
2185.32660,0.05394
2183.39781,0.05366
2181.46901,0.05454
2179.54021,0.05684
2177.61142,0.05801
2175.68262,0.05783
2173.75382,0.05722
2171.82503,0.05571
2169.89623,0.05407
2167.96743,0.05435
2166.03864,0.05689
2164.10984,0.06042
2162.18104,0.06368
2160.25225,0.06515
2158.32345,0.06352
2156.39465,0.05910
2154.46586,0.05406
2152.53706,0.05132
2150.60826,0.05064
2148.67947,0.04837
2146.75067,0.04440
2144.82187,0.04232
2142.89308,0.04170
2140.96428,0.04007
2139.03548,0.03860
2137.10669,0.03808
2135.17789,0.03686
2133.24909,0.03465
2131.32030,0.03313
2129.39150,0.03274
2127.46270,0.03217
2125.53391,0.03103
2123.60511,0.02995
2121.67631,0.02900
2119.74752,0.02801
2117.81872,0.02731
2115.88992,0.02709
2113.96113,0.02715
2112.03233,0.02741
2110.10353,0.02805
2108.17474,0.02885
2106.24594,0.02930
2104.31714,0.02934
2102.38835,0.02897
2100.45955,0.02858
2098.53075,0.02873
2096.60196,0.02902
2094.67316,0.02876
2092.74436,0.02819
2090.81557,0.02787
2088.88677,0.02801
2086.95797,0.02856
2085.02918,0.02919
2083.10038,0.02933
2081.17158,0.02915
2079.24279,0.02919
2077.31399,0.02960
2075.38519,0.03003
2073.45640,0.03000
2071.52760,0.02946
2069.59880,0.02879
2067.67001,0.02866
2065.74121,0.02916
2063.81241,0.02984
2061.88362,0.03042
2059.95482,0.03062
2058.02602,0.03040
2056.09723,0.03023
2054.16843,0.03083
2052.23963,0.03191
2050.31084,0.03303
2048.38204,0.03537
2046.45324,0.03875
2044.52445,0.04057
2042.59565,0.04074
2040.66685,0.04115
2038.73806,0.04106
2036.80926,0.03973
2034.88046,0.03912
2032.95167,0.04003
2031.02287,0.04123
2029.09407,0.04188
2027.16528,0.04248
2025.23648,0.04251
2023.30768,0.04142
2021.37889,0.04021
2019.45009,0.03923
2017.52129,0.03907
2015.59250,0.03980
2013.66370,0.04034
2011.73490,0.04024
2009.80611,0.03915
2007.87731,0.03591
2005.94851,0.03141
2004.01972,0.02961
2002.09092,0.03101
2000.16212,0.03267
1998.23333,0.03355
1996.30453,0.03326
1994.37574,0.03211
1992.44694,0.03186
1990.51814,0.03218
1988.58935,0.03214
1986.66055,0.03236
1984.73175,0.03275
1982.80296,0.03357
1980.87416,0.03576
1978.94536,0.03770
1977.01657,0.03708
1975.08777,0.03559
1973.15897,0.03479
1971.23018,0.03315
1969.30138,0.03131
1967.37258,0.03131
1965.44379,0.03199
1963.51499,0.03129
1961.58619,0.02996
1959.65740,0.02926
1957.72860,0.02893
1955.79980,0.02821
1953.87101,0.02714
1951.94221,0.02648
1950.01341,0.02636
1948.08462,0.02594
1946.15582,0.02539
1944.22702,0.02551
1942.29823,0.02570
1940.36943,0.02511
1938.44063,0.02404
1936.51184,0.02323
1934.58304,0.02314
1932.65424,0.02307
1930.72545,0.02260
1928.79665,0.02233
1926.86785,0.02235
1924.93906,0.02247
1923.01026,0.02264
1921.08146,0.02280
1919.15267,0.02286
1917.22387,0.02229
1915.29507,0.02130
1913.36628,0.02093
1911.43748,0.02121
1909.50868,0.02139
1907.57989,0.02103
1905.65109,0.02049
1903.72229,0.02031
1901.79350,0.02049
1899.86470,0.02076
1897.93590,0.02105
1896.00711,0.02120
1894.07831,0.02124
1892.14951,0.02166
1890.22072,0.02232
1888.29192,0.02231
1886.36312,0.02184
1884.43433,0.02160
1882.50553,0.02146
1880.57673,0.02114
1878.64794,0.02073
1876.71914,0.02044
1874.79034,0.02028
1872.86155,0.02058
1870.93275,0.02164
1869.00395,0.02240
1867.07516,0.02165
1865.14636,0.02036
1863.21756,0.01964
1861.28877,0.01928
1859.35997,0.01906
1857.43117,0.01901
1855.50238,0.01902
1853.57358,0.01912
1851.64478,0.01947
1849.71599,0.02023
1847.78719,0.02140
1845.85839,0.02269
1843.92960,0.02296
1842.00080,0.02188
1840.07200,0.02106
1838.14321,0.02093
1836.21441,0.02079
1834.28561,0.02075
1832.35682,0.02151
1830.42802,0.02236
1828.49922,0.02219
1826.57043,0.02167
1824.64163,0.02106
1822.71283,0.01999
1820.78404,0.01915
1818.85524,0.01892
1816.92644,0.01882
1814.99765,0.01876
1813.06885,0.01913
1811.14005,0.01961
1809.21126,0.01954
1807.28246,0.01916
1805.35366,0.01927
1803.42487,0.02015
1801.49607,0.02113
1799.56727,0.02127
1797.63848,0.02099
1795.70968,0.02145
1793.78088,0.02274
1791.85209,0.02322
1789.92329,0.02196
1787.99449,0.02088
1786.06570,0.02086
1784.13690,0.02103
1782.20810,0.02106
1780.27931,0.02091
1778.35051,0.02058
1776.42171,0.02084
1774.49292,0.02210
1772.56412,0.02313
1770.63532,0.02264
1768.70653,0.02132
1766.77773,0.01994
1764.84893,0.01937
1762.92014,0.01986
1760.99134,0.02012
1759.06254,0.01994
1757.13375,0.01986
1755.20495,0.01990
1753.27615,0.02094
1751.34736,0.02298
1749.41856,0.02387
1747.48976,0.02315
1745.56097,0.02241
1743.63217,0.02228
1741.70337,0.02250
1739.77458,0.02250
1737.84578,0.02267
1735.91698,0.02410
1733.98819,0.02536
1732.05939,0.02396
1730.13059,0.02174
1728.20180,0.02014
1726.27300,0.01932
1724.34420,0.01933
1722.41541,0.01992
1720.48661,0.02187
1718.55781,0.02514
1716.62902,0.02676
1714.70022,0.02569
1712.77142,0.02446
1710.84263,0.02473
1708.91383,0.02680
1706.98503,0.03042
1705.05624,0.03451
1703.12744,0.03907
1701.19864,0.04568
1699.26985,0.05279
1697.34105,0.05856
1695.41225,0.06472
1693.48346,0.07119
1691.55466,0.07921
1689.62586,0.09022
1687.69707,0.10280
1685.76827,0.11811
1683.83947,0.13635
1681.91068,0.15005
1679.98188,0.16063
1678.05308,0.17279
1676.12429,0.18730
1674.19549,0.20191
1672.26669,0.21415
1670.33790,0.22560
1668.40910,0.23530
1666.48030,0.24150
1664.55151,0.24703
1662.62271,0.25223
1660.69391,0.25500
1658.76512,0.25642
1656.83632,0.25907
1654.90752,0.26384
1652.97873,0.26691
1651.04993,0.26578
1649.12113,0.26686
1647.19234,0.27158
1645.26354,0.27696
1643.33474,0.28288
1641.40595,0.29215
1639.47715,0.30527
1637.54835,0.32252
1635.61956,0.34365
1633.69076,0.36205
1631.76197,0.37678
1629.83317,0.39249
1627.90437,0.40848
1625.97558,0.42157
1624.04678,0.43090
1622.11798,0.43561
1620.18919,0.43670
1618.26039,0.43649
1616.33159,0.43403
1614.40280,0.43000
1612.47400,0.42791
1610.54520,0.42884
1608.61641,0.43258
1606.68761,0.43872
1604.75881,0.44707
1602.83002,0.45698
1600.90122,0.46721
1598.97242,0.47651
1597.04363,0.48378
1595.11483,0.48789
1593.18603,0.48783
1591.25724,0.48340
1589.32844,0.47455
1587.39964,0.46154
1585.47085,0.44519
1583.54205,0.42631
1581.61325,0.40611
1579.68446,0.38672
1577.75566,0.36663
1575.82686,0.34180
1573.89807,0.31862
1571.96927,0.30078
1570.04047,0.28253
1568.11168,0.26344
1566.18288,0.24705
1564.25408,0.23362
1562.32529,0.22444
1560.39649,0.21740
1558.46769,0.20445
1556.53890,0.18949
1554.61010,0.17838
1552.68130,0.16931
1550.75251,0.16159
1548.82371,0.15479
1546.89491,0.14979
1544.96612,0.14690
1543.03732,0.14492
1541.10852,0.14170
1539.17973,0.13436
1537.25093,0.12711
1535.32213,0.12330
1533.39334,0.12020
1531.46454,0.11605
1529.53574,0.11296
1527.60695,0.11141
1525.67815,0.11013
1523.74935,0.10919
1521.82056,0.10809
1519.89176,0.10568
1517.96296,0.10301
1516.03417,0.10033
1514.10537,0.09791
1512.17657,0.09728
1510.24778,0.09925
1508.31898,0.10268
1506.39018,0.10270
1504.46139,0.09884
1502.53259,0.09730
1500.60379,0.09923
1498.67500,0.10323
1496.74620,0.10725
1494.81740,0.11056
1492.88861,0.11536
1490.95981,0.12334
1489.03101,0.13237
1487.10222,0.13992
1485.17342,0.14761
1483.24462,0.15737
1481.31583,0.16920
1479.38703,0.18216
1477.45823,0.19622
1475.52944,0.21150
1473.60064,0.22694
1471.67184,0.23978
1469.74305,0.24840
1467.81425,0.25585
1465.88545,0.26365
1463.95666,0.26912
1462.02786,0.27149
1460.09906,0.27316
1458.17027,0.27274
1456.24147,0.26471
1454.31267,0.25237
1452.38388,0.24075
1450.45508,0.22935
1448.52628,0.21689
1446.59749,0.20294
1444.66869,0.18923
1442.73989,0.17669
1440.81110,0.16582
1438.88230,0.15695
1436.95350,0.14741
1435.02471,0.13639
1433.09591,0.12718
1431.16711,0.11983
1429.23832,0.11272
1427.30952,0.10634
1425.38072,0.10132
1423.45193,0.09726
1421.52313,0.09442
1419.59433,0.09210
1417.66554,0.08811
1415.73674,0.08322
1413.80794,0.07944
1411.87915,0.07680
1409.95035,0.07466
1408.02155,0.07307
1406.09276,0.07194
1404.16396,0.07047
1402.23516,0.06901
1400.30637,0.06854
1398.37757,0.06847
1396.44877,0.06785
1394.51998,0.06622
1392.59118,0.06388
1390.66238,0.06242
1388.73359,0.06210
1386.80479,0.06128
1384.87599,0.05943
1382.94720,0.05787
1381.01840,0.05703
1379.08960,0.05650
1377.16081,0.05630
1375.23201,0.05625
1373.30321,0.05541
1371.37442,0.05394
1369.44562,0.05294
1367.51682,0.05249
1365.58803,0.05265
1363.65923,0.05333
1361.73043,0.05318
1359.80164,0.05198
1357.87284,0.05099
1355.94404,0.05060
1354.01525,0.05038
1352.08645,0.05020
1350.15765,0.05010
1348.22886,0.05000
1346.30006,0.04986
1344.37126,0.04996
1342.44247,0.05064
1340.51367,0.05155
1338.58487,0.05159
1336.65608,0.05065
1334.72728,0.04970
1332.79848,0.04909
1330.86969,0.04862
1328.94089,0.04817
1327.01209,0.04779
1325.08330,0.04747
1323.15450,0.04722
1321.22570,0.04712
1319.29691,0.04710
1317.36811,0.04695
1315.43931,0.04673
1313.51052,0.04658
1311.58172,0.04643
1309.65292,0.04630
1307.72413,0.04620
1305.79533,0.04613
1303.86653,0.04617
1301.93774,0.04632
1300.00894,0.04651
1298.08014,0.04671
1296.15135,0.04685
1294.22255,0.04685
1292.29375,0.04678
1290.36496,0.04675
1288.43616,0.04674
1286.50736,0.04660
1284.57857,0.04636
1282.64977,0.04616
1280.72097,0.04598
1278.79218,0.04574
1276.86338,0.04550
1274.93458,0.04540
1273.00579,0.04548
1271.07699,0.04556
1269.14820,0.04558
1267.21940,0.04570
1265.29060,0.04596
1263.36181,0.04624
1261.43301,0.04647
1259.50421,0.04662
1257.57542,0.04669
1255.64662,0.04675
1253.71782,0.04693
1251.78903,0.04721
1249.86023,0.04752
1247.93143,0.04777
1246.00264,0.04802
1244.07384,0.04831
1242.14504,0.04855
1240.21625,0.04866
1238.28745,0.04872
1236.35865,0.04876
1234.42986,0.04876
1232.50106,0.04880
1230.57226,0.04893
1228.64347,0.04905
1226.71467,0.04912
1224.78587,0.04921
1222.85708,0.04939
1220.92828,0.04972
1218.99948,0.05018
1217.07069,0.05070
1215.14189,0.05123
1213.21309,0.05183
1211.28430,0.05256
1209.35550,0.05339
1207.42670,0.05426
1205.49791,0.05518
1203.56911,0.05617
1201.64031,0.05725
1199.71152,0.05848
1197.78272,0.05987
1195.85392,0.06136
1193.92513,0.06295
1191.99633,0.06474
1190.06753,0.06681
1188.13874,0.06910
1186.20994,0.07151
1184.28114,0.07401
1182.35235,0.07678
1180.42355,0.08003
1178.49475,0.08381
1176.56596,0.08798
1174.63716,0.09242
1172.70836,0.09712
1170.77957,0.10206
1168.85077,0.10712
1166.92197,0.11213
1164.99318,0.11685
1163.06438,0.12103
1161.13558,0.12433
1159.20679,0.12647
1157.27799,0.12738
1155.34919,0.12700
1153.42040,0.12534
1151.49160,0.12263
1149.56280,0.11905
1147.63401,0.11477
1145.70521,0.11007
1143.77641,0.10515
1141.84762,0.10024
1139.91882,0.09548
1137.99002,0.09091
1136.06123,0.08658
1134.13243,0.08257
1132.20363,0.07897
1130.27484,0.07589
1128.34604,0.07321
1126.41724,0.07081
1124.48845,0.06872
1122.55965,0.06695
1120.63085,0.06551
1118.70206,0.06434
1116.77326,0.06332
1114.84446,0.06246
1112.91567,0.06180
1110.98687,0.06126
1109.05807,0.06079
1107.12928,0.06044
1105.20048,0.06024
1103.27168,0.06010
1101.34289,0.06001
1099.41409,0.05998
1097.48529,0.06002
1095.55650,0.06009
1093.62770,0.06016
1091.69890,0.06027
1089.77011,0.06047
1087.84131,0.06073
1085.91251,0.06086
1083.98372,0.06092
1082.05492,0.06106
1080.12612,0.06130
1078.19733,0.06161
1076.26853,0.06198
1074.33973,0.06242
1072.41094,0.06290
1070.48214,0.06333
1068.55334,0.06363
1066.62455,0.06384
1064.69575,0.06405
1062.76695,0.06415
1060.83816,0.06397
1058.90936,0.06362
1056.98056,0.06330
1055.05177,0.06294
1053.12297,0.06245
1051.19417,0.06186
1049.26538,0.06124
1047.33658,0.06060
1045.40778,0.05998
1043.47899,0.05929
1041.55019,0.05845
1039.62139,0.05752
1037.69260,0.05666
1035.76380,0.05586
1033.83500,0.05498
1031.90621,0.05409
1029.97741,0.05329
1028.04861,0.05255
1026.11982,0.05188
1024.19102,0.05137
1022.26222,0.05102
1020.33343,0.05067
1018.40463,0.05031
1016.47583,0.05012
1014.54704,0.05008
1012.61824,0.05007
1010.68944,0.04998
1008.76065,0.04972
1006.83185,0.04931
1004.90305,0.04877
1002.97426,0.04814
1001.04546,0.04753
999.11666,0.04704
997.18787,0.04663
995.25907,0.04618
993.33027,0.04564
991.40148,0.04511
989.47268,0.04461
987.54388,0.04403
985.61509,0.04338
983.68629,0.04279
981.75749,0.04226
979.82870,0.04167
977.89990,0.04100
975.97110,0.04038
974.04231,0.03989
972.11351,0.03945
970.18471,0.03905
968.25592,0.03879
966.32712,0.03875
964.39832,0.03878
962.46953,0.03873
960.54073,0.03854
958.61193,0.03823
956.68314,0.03786
954.75434,0.03752
952.82554,0.03735
950.89675,0.03728
948.96795,0.03703
947.03915,0.03657
945.11036,0.03607
943.18156,0.03555
941.25276,0.03493
939.32397,0.03424
937.39517,0.03356
935.46637,0.03290
933.53758,0.03223
931.60878,0.03155
929.67998,0.03089
927.75119,0.03038
925.82239,0.02999
923.89359,0.02951
921.96480,0.02887
920.03600,0.02827
918.10720,0.02787
916.17841,0.02759
914.24961,0.02731
912.32081,0.02708
910.39202,0.02694
908.46322,0.02673
906.53443,0.02635
904.60563,0.02599
902.67683,0.02578
900.74804,0.02566
898.81924,0.02542
896.89044,0.02496
894.96165,0.02435
893.03285,0.02368
891.10405,0.02296
889.17526,0.02221
887.24646,0.02143
885.31766,0.02058
883.38887,0.01974
881.46007,0.01899
879.53127,0.01832
877.60248,0.01775
875.67368,0.01732
873.74488,0.01692
871.81609,0.01656
869.88729,0.01627
867.95849,0.01598
866.02970,0.01574
864.10090,0.01569
862.17210,0.01568
860.24331,0.01556
858.31451,0.01539
856.38571,0.01525
854.45692,0.01520
852.52812,0.01521
850.59932,0.01512
848.67053,0.01491
846.74173,0.01468
844.81293,0.01440
842.88414,0.01393
840.95534,0.01343
839.02654,0.01311
837.09775,0.01284
835.16895,0.01246
833.24015,0.01207
831.31136,0.01175
829.38256,0.01148
827.45376,0.01119
825.52497,0.01095
823.59617,0.01102
821.66737,0.01145
819.73858,0.01184
817.80978,0.01203
815.88098,0.01226
813.95219,0.01265
812.02339,0.01307
810.09459,0.01355
808.16580,0.01420
806.23700,0.01491
804.30820,0.01565
802.37941,0.01648
800.45061,0.01731
798.52181,0.01808
796.59302,0.01893
794.66422,0.01985
792.73542,0.02067
790.80663,0.02136
788.87783,0.02197
786.94903,0.02244
785.02024,0.02270
783.09144,0.02249
781.16264,0.02171
779.23385,0.02059
777.30505,0.01924
775.37625,0.01779
773.44746,0.01666
771.51866,0.01599
769.58986,0.01557
767.66107,0.01533
765.73227,0.01526
763.80347,0.01527
761.87468,0.01521
759.94588,0.01526
758.01708,0.01567
756.08829,0.01615
754.15949,0.01624
752.23069,0.01619
750.30190,0.01617
748.37310,0.01589
