3496.90832,0.06779
3494.97953,0.06730
3493.05073,0.06280
3491.12193,0.05826
3489.19314,0.05838
3487.26434,0.06269
3485.33554,0.06361
3483.40675,0.06278
3481.47795,0.06614
3479.54915,0.06926
3477.62036,0.06888
3475.69156,0.06715
3473.76276,0.06301
3471.83397,0.05654
3469.90517,0.05349
3467.97637,0.05688
3466.04758,0.06207
3464.11878,0.06511
3462.18998,0.06454
3460.26119,0.06155
3458.33239,0.05971
3456.40359,0.05849
3454.47480,0.05646
3452.54600,0.05490
3450.61721,0.05519
3448.68841,0.05722
3446.75961,0.05768
3444.83082,0.05405
3442.90202,0.05142
3440.97322,0.05376
3439.04443,0.05603
3437.11563,0.05285
3435.18683,0.04632
3433.25804,0.04131
3431.32924,0.03959
3429.40044,0.04338
3427.47165,0.05119
3425.54285,0.05427
3423.61405,0.05256
3421.68526,0.05180
3419.75646,0.05447
3417.82766,0.06050
3415.89887,0.06089
3413.97007,0.05300
3412.04127,0.04749
3410.11248,0.04779
3408.18368,0.04731
3406.25488,0.04252
3404.32609,0.03588
3402.39729,0.03182
3400.46849,0.03392
3398.53970,0.03852
3396.61090,0.03697
3394.68210,0.03255
3392.75331,0.03499
3390.82451,0.03833
3388.89571,0.03584
3386.96692,0.03342
3385.03812,0.03318
3383.10932,0.03501
3381.18053,0.04031
3379.25173,0.04438
3377.32293,0.04569
3375.39414,0.04773
3373.46534,0.04851
3371.53654,0.04474
3369.60775,0.04237
3367.67895,0.04917
3365.75015,0.06104
3363.82136,0.06586
3361.89256,0.06001
3359.96376,0.05042
3358.03497,0.04479
3356.10617,0.05005
3354.17737,0.06086
3352.24858,0.06192
3350.31978,0.05561
3348.39098,0.05230
3346.46219,0.05106
3344.53339,0.04814
3342.60459,0.04499
3340.67580,0.04491
3338.74700,0.04820
3336.81820,0.05225
3334.88941,0.05237
3332.96061,0.04772
3331.03181,0.04591
3329.10302,0.04994
3327.17422,0.05341
3325.24542,0.05297
3323.31663,0.04998
3321.38783,0.04667
3319.45903,0.04644
3317.53024,0.04897
3315.60144,0.04797
3313.67264,0.04191
3311.74385,0.03490
3309.81505,0.03057
3307.88625,0.03527
3305.95746,0.04546
3304.02866,0.04837
3302.09986,0.04539
3300.17107,0.04341
3298.24227,0.04072
3296.31347,0.03688
3294.38468,0.03228
3292.45588,0.02708
3290.52708,0.02466
3288.59829,0.02621
3286.66949,0.02724
3284.74069,0.02668
3282.81190,0.02769
3280.88310,0.02703
3278.95430,0.02661
3277.02551,0.03390
3275.09671,0.03998
3273.16791,0.03687
3271.23912,0.03440
3269.31032,0.03451
3267.38152,0.03044
3265.45273,0.02380
3263.52393,0.01826
3261.59513,0.01507
3259.66634,0.01795
3257.73754,0.02859
3255.80874,0.03993
3253.87995,0.04369
3251.95115,0.04114
3250.02235,0.03789
3248.09356,0.03342
3246.16476,0.02708
3244.23596,0.02586
3242.30717,0.02796
3240.37837,0.02567
3238.44957,0.02554
3236.52078,0.03068
3234.59198,0.03520
3232.66318,0.03793
3230.73439,0.03888
3228.80559,0.03810
3226.87679,0.03568
3224.94800,0.03380
3223.01920,0.03638
3221.09040,0.04199
3219.16161,0.04690
3217.23281,0.05065
3215.30401,0.05115
3213.37522,0.04647
3211.44642,0.04397
3209.51762,0.04737
3207.58883,0.04736
3205.66003,0.04281
3203.73123,0.04157
3201.80244,0.04076
3199.87364,0.03583
3197.94484,0.03344
3196.01605,0.03751
3194.08725,0.04066
3192.15845,0.03939
3190.22966,0.04155
3188.30086,0.04793
3186.37206,0.04945
3184.44327,0.04599
3182.51447,0.04259
3180.58567,0.04175
3178.65688,0.04388
3176.72808,0.04370
3174.79928,0.03970
3172.87049,0.03750
3170.94169,0.03736
3169.01289,0.03568
3167.08410,0.03344
3165.15530,0.03438
3163.22650,0.03803
3161.29771,0.03923
3159.36891,0.03479
3157.44011,0.02910
3155.51132,0.02866
3153.58252,0.03239
3151.65372,0.03405
3149.72493,0.03120
3147.79613,0.02780
3145.86733,0.02725
3143.93854,0.02780
3142.00974,0.02858
3140.08094,0.03079
3138.15215,0.03291
3136.22335,0.03251
3134.29455,0.03023
3132.36576,0.02931
3130.43696,0.03094
3128.50816,0.03204
3126.57937,0.03148
3124.65057,0.03213
3122.72177,0.03437
3120.79298,0.03605
3118.86418,0.03612
3116.93538,0.03451
3115.00659,0.03132
3113.07779,0.02803
3111.14899,0.02714
3109.22020,0.02839
3107.29140,0.03020
3105.36260,0.03174
3103.43381,0.03174
3101.50501,0.03029
3099.57621,0.02885
3097.64742,0.02807
3095.71862,0.02804
3093.78982,0.02841
3091.86103,0.02851
3089.93223,0.02844
3088.00344,0.02866
3086.07464,0.02895
3084.14584,0.02920
3082.21705,0.02955
3080.28825,0.02973
3078.35945,0.02943
3076.43066,0.02902
3074.50186,0.02964
3072.57306,0.03143
3070.64427,0.03269
3068.71547,0.03207
3066.78667,0.03066
3064.85788,0.03053
3062.92908,0.03121
3061.00028,0.03113
3059.07149,0.03079
3057.14269,0.03068
3055.21389,0.03047
3053.28510,0.03057
3051.35630,0.03091
3049.42750,0.03077
3047.49871,0.03014
3045.56991,0.02976
3043.64111,0.03022
3041.71232,0.03116
3039.78352,0.03184
3037.85472,0.03221
3035.92593,0.03272
3033.99713,0.03320
3032.06833,0.03336
3030.13954,0.03342
3028.21074,0.03345
3026.28194,0.03343
3024.35315,0.03334
3022.42435,0.03330
3020.49555,0.03354
3018.56676,0.03394
3016.63796,0.03441
3014.70916,0.03478
3012.78037,0.03486
3010.85157,0.03488
3008.92277,0.03475
3006.99398,0.03423
3005.06518,0.03381
3003.13638,0.03372
3001.20759,0.03361
2999.27879,0.03373
2997.34999,0.03430
2995.42120,0.03495
2993.49240,0.03523
2991.56360,0.03495
2989.63481,0.03474
2987.70601,0.03497
2985.77721,0.03517
2983.84842,0.03535
2981.91962,0.03582
2979.99082,0.03620
2978.06203,0.03610
2976.13323,0.03609
2974.20443,0.03645
2972.27564,0.03674
2970.34684,0.03698
2968.41804,0.03712
2966.48925,0.03695
2964.56045,0.03690
2962.63165,0.03715
2960.70286,0.03748
2958.77406,0.03797
2956.84526,0.03860
2954.91647,0.03886
2952.98767,0.03866
2951.05887,0.03849
2949.13008,0.03861
2947.20128,0.03890
2945.27248,0.03930
2943.34369,0.03968
2941.41489,0.03973
2939.48609,0.03981
2937.55730,0.04021
2935.62850,0.04048
2933.69970,0.04064
2931.77091,0.04101
2929.84211,0.04134
2927.91331,0.04141
2925.98452,0.04138
2924.05572,0.04158
2922.12692,0.04205
2920.19813,0.04248
2918.26933,0.04261
2916.34053,0.04240
2914.41174,0.04189
2912.48294,0.04125
2910.55414,0.04073
2908.62535,0.04021
2906.69655,0.03964
2904.76775,0.03948
2902.83896,0.03980
2900.91016,0.03992
2898.98136,0.03988
2897.05257,0.04005
2895.12377,0.03995
2893.19497,0.03960
2891.26618,0.03974
2889.33738,0.04031
2887.40858,0.04046
2885.47979,0.03993
2883.55099,0.03961
2881.62219,0.04004
2879.69340,0.04055
2877.76460,0.04057
2875.83580,0.04049
2873.90701,0.04063
2871.97821,0.04076
2870.04941,0.04081
2868.12062,0.04087
2866.19182,0.04087
2864.26302,0.04092
2862.33423,0.04116
2860.40543,0.04145
2858.47663,0.04162
2856.54784,0.04162
2854.61904,0.04164
2852.69024,0.04184
2850.76145,0.04203
2848.83265,0.04208
2846.90385,0.04222
2844.97506,0.04262
2843.04626,0.04283
2841.11746,0.04255
2839.18867,0.04237
2837.25987,0.04246
2835.33107,0.04246
2833.40228,0.04236
2831.47348,0.04224
2829.54468,0.04228
2827.61589,0.04252
2825.68709,0.04269
2823.75829,0.04279
2821.82950,0.04290
2819.90070,0.04293
2817.97190,0.04279
2816.04311,0.04248
2814.11431,0.04223
2812.18551,0.04204
2810.25672,0.04177
2808.32792,0.04162
2806.39912,0.04176
2804.47033,0.04189
2802.54153,0.04181
2800.61273,0.04165
2798.68394,0.04145
2796.75514,0.04121
2794.82634,0.04104
2792.89755,0.04098
2790.96875,0.04109
2789.03995,0.04131
2787.11116,0.04126
2785.18236,0.04087
2783.25356,0.04058
2781.32477,0.04053
2779.39597,0.04049
2777.46717,0.04028
2775.53838,0.03993
2773.60958,0.03962
2771.68078,0.03951
2769.75199,0.03956
2767.82319,0.03967
2765.89439,0.03978
2763.96560,0.03972
2762.03680,0.03937
2760.10800,0.03895
2758.17921,0.03864
2756.25041,0.03842
2754.32161,0.03824
2752.39282,0.03804
2750.46402,0.03809
2748.53522,0.03853
2746.60643,0.03894
2744.67763,0.03896
2742.74883,0.03875
2740.82004,0.03860
2738.89124,0.03862
2736.96244,0.03881
2735.03365,0.03909
2733.10485,0.03925
2731.17605,0.03918
2729.24726,0.03898
2727.31846,0.03885
2725.38967,0.03880
2723.46087,0.03873
2721.53207,0.03881
2719.60328,0.03912
2717.67448,0.03926
2715.74568,0.03905
2713.81689,0.03878
2711.88809,0.03851
2709.95929,0.03810
2708.03050,0.03780
2706.10170,0.03789
2704.17290,0.03811
2702.24411,0.03808
2700.31531,0.03793
2698.38651,0.03797
2696.45772,0.03811
2694.52892,0.03823
2692.60012,0.03846
2690.67133,0.03869
2688.74253,0.03873
2686.81373,0.03871
2684.88494,0.03871
2682.95614,0.03857
2681.02734,0.03839
2679.09855,0.03848
2677.16975,0.03871
2675.24095,0.03870
2673.31216,0.03849
2671.38336,0.03833
2669.45456,0.03822
2667.52577,0.03803
2665.59697,0.03783
2663.66817,0.03771
2661.73938,0.03756
2659.81058,0.03740
2657.88178,0.03737
2655.95299,0.03740
2654.02419,0.03748
2652.09539,0.03770
2650.16660,0.03790
2648.23780,0.03803
2646.30900,0.03819
2644.38021,0.03838
2642.45141,0.03864
2640.52261,0.03885
2638.59382,0.03876
2636.66502,0.03864
2634.73622,0.03875
2632.80743,0.03894
2630.87863,0.03911
2628.94983,0.03916
2627.02104,0.03899
2625.09224,0.03880
2623.16344,0.03874
2621.23465,0.03868
2619.30585,0.03856
2617.37705,0.03834
2615.44826,0.03808
2613.51946,0.03807
2611.59066,0.03829
2609.66187,0.03845
2607.73307,0.03845
2605.80427,0.03845
2603.87548,0.03864
2601.94668,0.03894
2600.01788,0.03918
2598.08909,0.03940
2596.16029,0.03953
2594.23149,0.03954
2592.30270,0.03975
2590.37390,0.04021
2588.44510,0.04040
2586.51631,0.03996
2584.58751,0.03950
2582.65871,0.03949
2580.72992,0.03942
2578.80112,0.03914
2576.87232,0.03917
2574.94353,0.03924
2573.01473,0.03885
2571.08593,0.03854
2569.15714,0.03881
2567.22834,0.03925
2565.29954,0.03940
2563.37075,0.03908
2561.44195,0.03838
2559.51315,0.03771
2557.58436,0.03747
2555.65556,0.03769
2553.72676,0.03793
2551.79797,0.03786
2549.86917,0.03787
2547.94037,0.03829
2546.01158,0.03878
2544.08278,0.03900
2542.15398,0.03894
2540.22519,0.03886
2538.29639,0.03901
2536.36759,0.03913
2534.43880,0.03886
2532.51000,0.03861
2530.58120,0.03871
2528.65241,0.03877
2526.72361,0.03848
2524.79481,0.03796
2522.86602,0.03740
2520.93722,0.03716
2519.00842,0.03717
2517.07963,0.03712
2515.15083,0.03717
2513.22203,0.03742
2511.29324,0.03741
2509.36444,0.03704
2507.43564,0.03708
2505.50685,0.03777
2503.57805,0.03822
2501.64925,0.03809
2499.72046,0.03804
2497.79166,0.03812
2495.86286,0.03797
2493.93407,0.03781
2492.00527,0.03765
2490.07647,0.03736
2488.14768,0.03735
2486.21888,0.03778
2484.29008,0.03812
2482.36129,0.03802
2480.43249,0.03774
2478.50369,0.03769
2476.57490,0.03785
2474.64610,0.03782
2472.71730,0.03741
2470.78851,0.03690
2468.85971,0.03675
2466.93091,0.03689
2465.00212,0.03679
2463.07332,0.03653
2461.14452,0.03646
2459.21573,0.03658
2457.28693,0.03665
2455.35813,0.03635
2453.42934,0.03589
2451.50054,0.03584
2449.57174,0.03602
2447.64295,0.03588
2445.71415,0.03553
2443.78535,0.03533
2441.85656,0.03546
2439.92776,0.03593
2437.99896,0.03627
2436.07017,0.03611
2434.14137,0.03574
2432.21257,0.03551
2430.28378,0.03554
2428.35498,0.03572
2426.42618,0.03582
2424.49739,0.03574
2422.56859,0.03525
2420.63979,0.03435
2418.71100,0.03368
2416.78220,0.03367
2414.85340,0.03382
2412.92461,0.03354
2410.99581,0.03309
2409.06701,0.03305
2407.13822,0.03321
2405.20942,0.03314
2403.28062,0.03306
2401.35183,0.03309
2399.42303,0.03298
2397.49423,0.03283
2395.56544,0.03274
2393.63664,0.03260
2391.70784,0.03271
2389.77905,0.03370
2387.85025,0.03604
2385.92145,0.04021
2383.99266,0.04699
2382.06386,0.05686
2380.13506,0.06951
2378.20627,0.08378
2376.27747,0.09840
2374.34867,0.11332
2372.41988,0.12890
2370.49108,0.14456
2368.56228,0.15919
2366.63349,0.17213
2364.70469,0.18267
2362.77589,0.18982
2360.84710,0.19287
2358.91830,0.19100
2356.98951,0.18313
2355.06071,0.16905
2353.13191,0.14999
2351.20312,0.13076
2349.27432,0.12060
2347.34552,0.12518
2345.41673,0.13945
2343.48793,0.14962
2341.55913,0.15085
2339.63034,0.14841
2337.70154,0.14528
2335.77274,0.14269
2333.84395,0.14187
2331.91515,0.14190
2329.98635,0.13958
2328.05756,0.13463
2326.12876,0.12995
2324.19996,0.12663
2322.27117,0.12234
2320.34237,0.11478
2318.41357,0.10517
2316.48478,0.09668
2314.55598,0.09118
2312.62718,0.08750
2310.69839,0.08326
2308.76959,0.07769
2306.84079,0.07133
2304.91200,0.06520
2302.98320,0.06043
2301.05440,0.05692
2299.12561,0.05375
2297.19681,0.05072
2295.26801,0.04808
2293.33922,0.04580
2291.41042,0.04375
2289.48162,0.04193
2287.55283,0.04031
2285.62403,0.03886
2283.69523,0.03783
2281.76644,0.03755
2279.83764,0.03788
2277.90884,0.03852
2275.98005,0.03920
2274.05125,0.03944
2272.12245,0.03935
2270.19366,0.03955
2268.26486,0.04004
2266.33606,0.04041
2264.40727,0.04067
2262.47847,0.04106
2260.54967,0.04157
2258.62088,0.04224
2256.69208,0.04302
2254.76328,0.04320
2252.83449,0.04219
2250.90569,0.04096
2248.97689,0.04064
2247.04810,0.04103
2245.11930,0.04177
2243.19050,0.04258
2241.26171,0.04301
2239.33291,0.04306
2237.40411,0.04303
2235.47532,0.04356
2233.54652,0.04432
2231.61772,0.04422
2229.68893,0.04388
2227.76013,0.04370
2225.83133,0.04315
2223.90254,0.04323
2221.97374,0.04433
2220.04494,0.04531
2218.11615,0.04568
2216.18735,0.04543
2214.25855,0.04459
2212.32976,0.04367
2210.40096,0.04391
2208.47216,0.04578
2206.54337,0.04719
2204.61457,0.04723
2202.68577,0.04741
2200.75698,0.04824
2198.82818,0.04961
2196.89938,0.05081
2194.97059,0.05058
2193.04179,0.04978
2191.11299,0.05013
2189.18420,0.05162
2187.25540,0.05272
2185.32660,0.05243
2183.39781,0.05154
2181.46901,0.05191
2179.54021,0.05370
2177.61142,0.05486
2175.68262,0.05492
2173.75382,0.05426
2171.82503,0.05278
2169.89623,0.05247
2167.96743,0.05449
2166.03864,0.05713
2164.10984,0.05970
2162.18104,0.06305
2160.25225,0.06643
2158.32345,0.06704
2156.39465,0.06336
2154.46586,0.05723
2152.53706,0.05199
2150.60826,0.04935
2148.67947,0.04799
2146.75067,0.04656
2144.82187,0.04563
2142.89308,0.04453
2140.96428,0.04208
2139.03548,0.03989
2137.10669,0.03892
2135.17789,0.03791
2133.24909,0.03659
2131.32030,0.03534
2129.39150,0.03389
2127.46270,0.03230
2125.53391,0.03131
2123.60511,0.03076
2121.67631,0.02980
2119.74752,0.02855
2117.81872,0.02814
2115.88992,0.02874
2113.96113,0.02916
2112.03233,0.02895
2110.10353,0.02891
2108.17474,0.02939
2106.24594,0.02975
2104.31714,0.02961
2102.38835,0.02938
2100.45955,0.02950
2098.53075,0.02971
2096.60196,0.02948
2094.67316,0.02896
2092.74436,0.02866
2090.81557,0.02876
2088.88677,0.02934
2086.95797,0.03016
2085.02918,0.03069
2083.10038,0.03096
2081.17158,0.03105
2079.24279,0.03078
2077.31399,0.03048
2075.38519,0.03034
2073.45640,0.03013
2071.52760,0.03019
2069.59880,0.03069
2067.67001,0.03145
2065.74121,0.03225
2063.81241,0.03264
2061.88362,0.03251
2059.95482,0.03223
2058.02602,0.03202
2056.09723,0.03194
2054.16843,0.03201
2052.23963,0.03199
2050.31084,0.03255
2048.38204,0.03482
2046.45324,0.03753
2044.52445,0.03907
2042.59565,0.04015
2040.66685,0.04090
2038.73806,0.04011
2036.80926,0.03849
2034.88046,0.03883
2032.95167,0.04120
2031.02287,0.04313
2029.09407,0.04357
2027.16528,0.04288
2025.23648,0.04233
2023.30768,0.04241
2021.37889,0.04111
2019.45009,0.03803
2017.52129,0.03651
2015.59250,0.03770
2013.66370,0.03880
2011.73490,0.03869
2009.80611,0.03859
2007.87731,0.03759
2005.94851,0.03474
2004.01972,0.03285
2002.09092,0.03377
2000.16212,0.03559
1998.23333,0.03591
1996.30453,0.03447
1994.37574,0.03290
1992.44694,0.03264
1990.51814,0.03328
1988.58935,0.03363
1986.66055,0.03375
1984.73175,0.03403
1982.80296,0.03465
1980.87416,0.03570
1978.94536,0.03636
1977.01657,0.03590
1975.08777,0.03489
1973.15897,0.03356
1971.23018,0.03183
1969.30138,0.03098
1967.37258,0.03195
1965.44379,0.03256
1963.51499,0.03102
1961.58619,0.02961
1959.65740,0.02977
1957.72860,0.02931
1955.79980,0.02762
1953.87101,0.02672
1951.94221,0.02728
1950.01341,0.02784
1948.08462,0.02714
1946.15582,0.02613
1944.22702,0.02644
1942.29823,0.02712
1940.36943,0.02659
1938.44063,0.02532
1936.51184,0.02427
1934.58304,0.02390
1932.65424,0.02384
1930.72545,0.02350
1928.79665,0.02317
1926.86785,0.02321
1924.93906,0.02342
1923.01026,0.02346
1921.08146,0.02354
1919.15267,0.02371
1917.22387,0.02316
1915.29507,0.02220
1913.36628,0.02206
1911.43748,0.02265
1909.50868,0.02296
1907.57989,0.02261
1905.65109,0.02213
1903.72229,0.02199
1901.79350,0.02199
1899.86470,0.02202
1897.93590,0.02231
1896.00711,0.02270
1894.07831,0.02291
1892.14951,0.02327
1890.22072,0.02368
1888.29192,0.02334
1886.36312,0.02256
1884.43433,0.02203
1882.50553,0.02169
1880.57673,0.02143
1878.64794,0.02127
1876.71914,0.02124
1874.79034,0.02125
1872.86155,0.02151
1870.93275,0.02241
1869.00395,0.02322
1867.07516,0.02262
1865.14636,0.02131
1863.21756,0.02047
1861.28877,0.02011
1859.35997,0.02008
1857.43117,0.02028
1855.50238,0.02049
1853.57358,0.02063
1851.64478,0.02087
1849.71599,0.02147
1847.78719,0.02254
1845.85839,0.02379
1843.92960,0.02392
1842.00080,0.02269
1840.07200,0.02181
1838.14321,0.02170
1836.21441,0.02159
1834.28561,0.02156
1832.35682,0.02229
1830.42802,0.02311
1828.49922,0.02292
1826.57043,0.02235
1824.64163,0.02173
1822.71283,0.02076
1820.78404,0.02001
1818.85524,0.01982
1816.92644,0.01984
1814.99765,0.01997
1813.06885,0.02046
1811.14005,0.02094
1809.21126,0.02084
1807.28246,0.02048
1805.35366,0.02067
1803.42487,0.02163
1801.49607,0.02257
1799.56727,0.02263
1797.63848,0.02230
1795.70968,0.02274
1793.78088,0.02400
1791.85209,0.02433
1789.92329,0.02289
1787.99449,0.02168
1786.06570,0.02160
1784.13690,0.02176
1782.20810,0.02181
1780.27931,0.02167
1778.35051,0.02131
1776.42171,0.02154
1774.49292,0.02281
1772.56412,0.02392
1770.63532,0.02352
1768.70653,0.02227
1766.77773,0.02097
1764.84893,0.02051
1762.92014,0.02112
1760.99134,0.02149
1759.06254,0.02141
1757.13375,0.02142
1755.20495,0.02149
1753.27615,0.02249
1751.34736,0.02445
1749.41856,0.02524
1747.48976,0.02440
1745.56097,0.02356
1743.63217,0.02338
1741.70337,0.02352
1739.77458,0.02335
1737.84578,0.02338
1735.91698,0.02474
1733.98819,0.02606
1732.05939,0.02474
1730.13059,0.02247
1728.20180,0.02076
1726.27300,0.01992
1724.34420,0.02000
1722.41541,0.02069
1720.48661,0.02276
1718.55781,0.02619
1716.62902,0.02796
1714.70022,0.02689
1712.77142,0.02566
1710.84263,0.02602
1708.91383,0.02821
1706.98503,0.03190
1705.05624,0.03599
1703.12744,0.04044
1701.19864,0.04690
1699.26985,0.05387
1697.34105,0.05956
1695.41225,0.06561
1693.48346,0.07193
1691.55466,0.07985
1689.62586,0.09082
1687.69707,0.10335
1685.76827,0.11853
1683.83947,0.13664
1681.91068,0.15029
1679.98188,0.16085
1678.05308,0.17300
1676.12429,0.18757
1674.19549,0.20236
1672.26669,0.21483
1670.33790,0.22642
1668.40910,0.23606
1666.48030,0.24215
1664.55151,0.24770
1662.62271,0.25299
1660.69391,0.25587
1658.76512,0.25743
1656.83632,0.26009
1654.90752,0.26468
1652.97873,0.26751
1651.04993,0.26637
1649.12113,0.26756
1647.19234,0.27230
1645.26354,0.27748
1643.33474,0.28310
1641.40595,0.29219
1639.47715,0.30528
1637.54835,0.32260
1635.61956,0.34383
1633.69076,0.36221
1631.76197,0.37677
1629.83317,0.39238
1627.90437,0.40847
1625.97558,0.42162
1624.04678,0.43083
1622.11798,0.43547
1620.18919,0.43663
1618.26039,0.43658
1616.33159,0.43424
1614.40280,0.43029
1612.47400,0.42841
1610.54520,0.42954
1608.61641,0.43327
1606.68761,0.43922
1604.75881,0.44740
1602.83002,0.45719
1600.90122,0.46723
1598.97242,0.47636
1597.04363,0.48355
1595.11483,0.48761
1593.18603,0.48735
1591.25724,0.48259
1589.32844,0.47344
1587.39964,0.46036
1585.47085,0.44403
1583.54205,0.42509
1581.61325,0.40484
1579.68446,0.38547
1577.75566,0.36554
1575.82686,0.34101
1573.89807,0.31811
1571.96927,0.30049
1570.04047,0.28242
1568.11168,0.26346
1566.18288,0.24721
1564.25408,0.23400
1562.32529,0.22500
1560.39649,0.21804
1558.46769,0.20502
1556.53890,0.18993
1554.61010,0.17875
1552.68130,0.16969
1550.75251,0.16200
1548.82371,0.15519
1546.89491,0.15018
1544.96612,0.14728
1543.03732,0.14525
1541.10852,0.14198
1539.17973,0.13459
1537.25093,0.12729
1535.32213,0.12350
1533.39334,0.12043
1531.46454,0.11630
1529.53574,0.11326
1527.60695,0.11183
1525.67815,0.11068
1523.74935,0.10985
1521.82056,0.10888
1519.89176,0.10658
1517.96296,0.10401
1516.03417,0.10143
1514.10537,0.09906
1512.17657,0.09848
1510.24778,0.10052
1508.31898,0.10399
1506.39018,0.10387
1504.46139,0.09980
1502.53259,0.09815
1500.60379,0.10003
1498.67500,0.10393
1496.74620,0.10781
1494.81740,0.11099
1492.88861,0.11572
1490.95981,0.12368
1489.03101,0.13264
1487.10222,0.14005
1485.17342,0.14762
1483.24462,0.15730
1481.31583,0.16914
1479.38703,0.18212
1477.45823,0.19622
1475.52944,0.21158
1473.60064,0.22708
1471.67184,0.23995
1469.74305,0.24861
1467.81425,0.25613
1465.88545,0.26401
1463.95666,0.26954
1462.02786,0.27194
1460.09906,0.27368
1458.17027,0.27341
1456.24147,0.26548
1454.31267,0.25305
1452.38388,0.24127
1450.45508,0.22975
1448.52628,0.21722
1446.59749,0.20318
1444.66869,0.18938
1442.73989,0.17679
1440.81110,0.16589
1438.88230,0.15703
1436.95350,0.14756
1435.02471,0.13655
1433.09591,0.12734
1431.16711,0.12006
1429.23832,0.11306
1427.30952,0.10676
1425.38072,0.10188
1423.45193,0.09799
1421.52313,0.09529
1419.59433,0.09310
1417.66554,0.08916
1415.73674,0.08424
1413.80794,0.08046
1411.87915,0.07785
1409.95035,0.07571
1408.02155,0.07408
1406.09276,0.07293
1404.16396,0.07143
1402.23516,0.06994
1400.30637,0.06943
1398.37757,0.06933
1396.44877,0.06866
1394.51998,0.06693
1392.59118,0.06447
1390.66238,0.06292
1388.73359,0.06258
1386.80479,0.06173
1384.87599,0.05984
1382.94720,0.05829
1381.01840,0.05752
1379.08960,0.05709
1377.16081,0.05700
1375.23201,0.05708
1373.30321,0.05634
1371.37442,0.05495
1369.44562,0.05400
1367.51682,0.05357
1365.58803,0.05375
1363.65923,0.05448
1361.73043,0.05437
1359.80164,0.05312
1357.87284,0.05207
1355.94404,0.05162
1354.01525,0.05134
1352.08645,0.05107
1350.15765,0.05090
1348.22886,0.05074
1346.30006,0.05056
1344.37126,0.05059
1342.44247,0.05122
1340.51367,0.05213
1338.58487,0.05217
1336.65608,0.05119
1334.72728,0.05020
1332.79848,0.04960
1330.86969,0.04919
1328.94089,0.04882
1327.01209,0.04854
1325.08330,0.04831
1323.15450,0.04816
1321.22570,0.04818
1319.29691,0.04826
1317.36811,0.04815
1315.43931,0.04794
1313.51052,0.04778
1311.58172,0.04760
1309.65292,0.04740
1307.72413,0.04726
1305.79533,0.04713
1303.86653,0.04710
1301.93774,0.04719
1300.00894,0.04732
1298.08014,0.04746
1296.15135,0.04751
1294.22255,0.04742
1292.29375,0.04729
1290.36496,0.04725
1288.43616,0.04723
1286.50736,0.04709
1284.57857,0.04689
1282.64977,0.04676
1280.72097,0.04665
1278.79218,0.04649
1276.86338,0.04636
1274.93458,0.04636
1273.00579,0.04651
1271.07699,0.04665
1269.14820,0.04672
1267.21940,0.04686
1265.29060,0.04714
1263.36181,0.04745
1261.43301,0.04770
1259.50421,0.04783
1257.57542,0.04784
1255.64662,0.04783
1253.71782,0.04791
1251.78903,0.04809
1249.86023,0.04830
1247.93143,0.04847
1246.00264,0.04867
1244.07384,0.04889
1242.14504,0.04908
1240.21625,0.04918
1238.28745,0.04922
1236.35865,0.04925
1234.42986,0.04928
1232.50106,0.04937
1230.57226,0.04957
1228.64347,0.04981
1226.71467,0.05002
1224.78587,0.05020
1222.85708,0.05046
1220.92828,0.05086
1218.99948,0.05137
1217.07069,0.05191
1215.14189,0.05247
1213.21309,0.05306
1211.28430,0.05373
1209.35550,0.05448
1207.42670,0.05529
1205.49791,0.05617
1203.56911,0.05709
1201.64031,0.05807
1199.71152,0.05920
1197.78272,0.06053
1195.85392,0.06195
1193.92513,0.06345
1191.99633,0.06518
1190.06753,0.06722
1188.13874,0.06949
1186.20994,0.07187
1184.28114,0.07441
1182.35235,0.07726
1180.42355,0.08061
1178.49475,0.08447
1176.56596,0.08875
1174.63716,0.09331
1172.70836,0.09810
1170.77957,0.10309
1168.85077,0.10818
1166.92197,0.11318
1164.99318,0.11785
1163.06438,0.12196
1161.13558,0.12520
1159.20679,0.12728
1157.27799,0.12812
1155.34919,0.12766
1153.42040,0.12593
1151.49160,0.12315
1149.56280,0.11950
1147.63401,0.11515
1145.70521,0.11036
1143.77641,0.10541
1141.84762,0.10051
1139.91882,0.09577
1137.99002,0.09124
1136.06123,0.08698
1134.13243,0.08306
1132.20363,0.07958
1130.27484,0.07662
1128.34604,0.07408
1126.41724,0.07178
1124.48845,0.06975
1122.55965,0.06804
1120.63085,0.06668
1118.70206,0.06555
1116.77326,0.06452
1114.84446,0.06363
1112.91567,0.06294
1110.98687,0.06235
1109.05807,0.06182
1107.12928,0.06141
1105.20048,0.06116
1103.27168,0.06097
1101.34289,0.06082
1099.41409,0.06071
1097.48529,0.06065
1095.55650,0.06065
1093.62770,0.06069
1091.69890,0.06077
1089.77011,0.06097
1087.84131,0.06123
1085.91251,0.06142
1083.98372,0.06157
1082.05492,0.06181
1080.12612,0.06215
1078.19733,0.06257
1076.26853,0.06304
1074.33973,0.06355
1072.41094,0.06407
1070.48214,0.06454
1068.55334,0.06483
1066.62455,0.06501
1064.69575,0.06518
1062.76695,0.06524
1060.83816,0.06501
1058.90936,0.06462
1056.98056,0.06424
1055.05177,0.06381
1053.12297,0.06324
1051.19417,0.06261
1049.26538,0.06192
1047.33658,0.06120
1045.40778,0.06052
1043.47899,0.05982
1041.55019,0.05899
1039.62139,0.05807
1037.69260,0.05723
1035.76380,0.05649
1033.83500,0.05570
1031.90621,0.05490
1029.97741,0.05422
1028.04861,0.05360
1026.11982,0.05302
1024.19102,0.05257
1022.26222,0.05228
1020.33343,0.05197
1018.40463,0.05162
1016.47583,0.05138
1014.54704,0.05130
1012.61824,0.05124
1010.68944,0.05106
1008.76065,0.05071
1006.83185,0.05023
1004.90305,0.04964
1002.97426,0.04897
1001.04546,0.04830
999.11666,0.04773
997.18787,0.04725
995.25907,0.04676
993.33027,0.04622
991.40148,0.04572
989.47268,0.04526
987.54388,0.04474
985.61509,0.04416
983.68629,0.04367
981.75749,0.04325
979.82870,0.04277
977.89990,0.04220
975.97110,0.04164
974.04231,0.04120
972.11351,0.04079
970.18471,0.04038
968.25592,0.04011
966.32712,0.04005
964.39832,0.04002
962.46953,0.03989
960.54073,0.03962
958.61193,0.03923
956.68314,0.03879
954.75434,0.03837
952.82554,0.03814
950.89675,0.03799
948.96795,0.03768
947.03915,0.03719
945.11036,0.03669
943.18156,0.03616
941.25276,0.03553
939.32397,0.03487
937.39517,0.03427
935.46637,0.03372
933.53758,0.03316
931.60878,0.03258
929.67998,0.03203
927.75119,0.03160
925.82239,0.03126
923.89359,0.03083
921.96480,0.03019
920.03600,0.02956
918.10720,0.02913
916.17841,0.02882
914.24961,0.02852
912.32081,0.02825
910.39202,0.02806
908.46322,0.02778
906.53443,0.02733
904.60563,0.02687
902.67683,0.02658
900.74804,0.02637
898.81924,0.02605
896.89044,0.02555
894.96165,0.02494
893.03285,0.02430
891.10405,0.02365
889.17526,0.02298
887.24646,0.02226
885.31766,0.02145
883.38887,0.02067
881.46007,0.02006
879.53127,0.01956
877.60248,0.01910
875.67368,0.01869
873.74488,0.01831
871.81609,0.01796
869.88729,0.01764
867.95849,0.01727
866.02970,0.01698
864.10090,0.01689
862.17210,0.01683
860.24331,0.01665
858.31451,0.01641
856.38571,0.01617
854.45692,0.01599
852.52812,0.01592
850.59932,0.01580
848.67053,0.01552
846.74173,0.01519
844.81293,0.01488
842.88414,0.01447
840.95534,0.01400
839.02654,0.01369
837.09775,0.01344
835.16895,0.01316
833.24015,0.01295
831.31136,0.01283
829.38256,0.01268
827.45376,0.01250
825.52497,0.01240
823.59617,0.01258
821.66737,0.01295
819.73858,0.01318
817.80978,0.01326
815.88098,0.01347
813.95219,0.01389
812.02339,0.01432
810.09459,0.01471
808.16580,0.01523
806.23700,0.01583
804.30820,0.01644
802.37941,0.01712
800.45061,0.01781
798.52181,0.01857
796.59302,0.01950
794.66422,0.02042
792.73542,0.02124
790.80663,0.02207
788.87783,0.02286
786.94903,0.02341
785.02024,0.02367
783.09144,0.02356
781.16264,0.02291
779.23385,0.02174
777.30505,0.02034
775.37625,0.01902
773.44746,0.01812
771.51866,0.01764
769.58986,0.01717
767.66107,0.01658
765.73227,0.01619
763.80347,0.01598
761.87468,0.01567
759.94588,0.01553
758.01708,0.01584
756.08829,0.01620
754.15949,0.01638
752.23069,0.01655
750.30190,0.01677
748.37310,0.01689
