3496.90832,0.06172
3494.97953,0.06093
3493.05073,0.05414
3491.12193,0.05362
3489.19314,0.06353
3487.26434,0.07106
3485.33554,0.06651
3483.40675,0.06124
3481.47795,0.06400
3479.54915,0.06549
3477.62036,0.06252
3475.69156,0.06402
3473.76276,0.06996
3471.83397,0.07192
3469.90517,0.07013
3467.97637,0.06907
3466.04758,0.06800
3464.11878,0.06638
3462.18998,0.06486
3460.26119,0.06319
3458.33239,0.06144
3456.40359,0.05906
3454.47480,0.05710
3452.54600,0.05708
3450.61721,0.05746
3448.68841,0.05595
3446.75961,0.05662
3444.83082,0.06199
3442.90202,0.06247
3440.97322,0.05348
3439.04443,0.04425
3437.11563,0.03870
3435.18683,0.03663
3433.25804,0.04130
3431.32924,0.04836
3429.40044,0.05365
3427.47165,0.06020
3425.54285,0.06414
3423.61405,0.06136
3421.68526,0.05505
3419.75646,0.04827
3417.82766,0.04524
3415.89887,0.04432
3413.97007,0.03934
3412.04127,0.03335
3410.11248,0.03082
3408.18368,0.03006
3406.25488,0.03086
3404.32609,0.03266
3402.39729,0.03480
3400.46849,0.04081
3398.53970,0.04586
3396.61090,0.03874
3394.68210,0.02747
3392.75331,0.02654
3390.82451,0.03105
3388.89571,0.03649
3386.96692,0.04615
3385.03812,0.05506
3383.10932,0.05690
3381.18053,0.05538
3379.25173,0.05557
3377.32293,0.05586
3375.39414,0.05360
3373.46534,0.05056
3371.53654,0.05081
3369.60775,0.05388
3367.67895,0.05821
3365.75015,0.06217
3363.82136,0.05854
3361.89256,0.04777
3359.96376,0.03939
3358.03497,0.03718
3356.10617,0.04278
3354.17737,0.05413
3352.24858,0.06163
3350.31978,0.06162
3348.39098,0.05871
3346.46219,0.05513
3344.53339,0.05294
3342.60459,0.05435
3340.67580,0.05642
3338.74700,0.05627
3336.81820,0.05567
3334.88941,0.05544
3332.96061,0.05143
3331.03181,0.04611
3329.10302,0.04877
3327.17422,0.05351
3325.24542,0.04991
3323.31663,0.04349
3321.38783,0.04360
3319.45903,0.04938
3317.53024,0.05142
3315.60144,0.04428
3313.67264,0.03465
3311.74385,0.03148
3309.81505,0.03557
3307.88625,0.04292
3305.95746,0.04854
3304.02866,0.04865
3302.09986,0.04308
3300.17107,0.03692
3298.24227,0.03579
3296.31347,0.03769
3294.38468,0.03698
3292.45588,0.03356
3290.52708,0.03190
3288.59829,0.03328
3286.66949,0.03308
3284.74069,0.02943
3282.81190,0.02768
3280.88310,0.02942
3278.95430,0.03438
3277.02551,0.04300
3275.09671,0.04794
3273.16791,0.04548
3271.23912,0.04202
3269.31032,0.03872
3267.38152,0.03266
3265.45273,0.02617
3263.52393,0.02257
3261.59513,0.02180
3259.66634,0.02441
3257.73754,0.03079
3255.80874,0.03696
3253.87995,0.03886
3251.95115,0.03662
3250.02235,0.03327
3248.09356,0.03018
3246.16476,0.02675
3244.23596,0.02582
3242.30717,0.02651
3240.37837,0.02688
3238.44957,0.03286
3236.52078,0.04166
3234.59198,0.04359
3232.66318,0.04104
3230.73439,0.04021
3228.80559,0.03943
3226.87679,0.03521
3224.94800,0.02965
3223.01920,0.03055
3221.09040,0.04264
3219.16161,0.05604
3217.23281,0.05890
3215.30401,0.05573
3213.37522,0.05335
3211.44642,0.05225
3209.51762,0.05293
3207.58883,0.05268
3205.66003,0.05032
3203.73123,0.04950
3201.80244,0.04981
3199.87364,0.04763
3197.94484,0.04427
3196.01605,0.04286
3194.08725,0.04221
3192.15845,0.04102
3190.22966,0.04280
3188.30086,0.04774
3186.37206,0.04959
3184.44327,0.04713
3182.51447,0.04471
3180.58567,0.04467
3178.65688,0.04544
3176.72808,0.04327
3174.79928,0.03876
3172.87049,0.03579
3170.94169,0.03430
3169.01289,0.03260
3167.08410,0.03091
3165.15530,0.03066
3163.22650,0.03284
3161.29771,0.03606
3159.36891,0.03710
3157.44011,0.03566
3155.51132,0.03431
3153.58252,0.03357
3151.65372,0.03286
3149.72493,0.03186
3147.79613,0.03099
3145.86733,0.03152
3143.93854,0.03270
3142.00974,0.03308
3140.08094,0.03279
3138.15215,0.03199
3136.22335,0.03076
3134.29455,0.03018
3132.36576,0.03070
3130.43696,0.03051
3128.50816,0.02899
3126.57937,0.02892
3124.65057,0.03098
3122.72177,0.03273
3120.79298,0.03388
3118.86418,0.03462
3116.93538,0.03361
3115.00659,0.03111
3113.07779,0.02936
3111.14899,0.02955
3109.22020,0.02993
3107.29140,0.02995
3105.36260,0.03134
3103.43381,0.03302
3101.50501,0.03308
3099.57621,0.03184
3097.64742,0.02992
3095.71862,0.02853
3093.78982,0.02885
3091.86103,0.02987
3089.93223,0.03021
3088.00344,0.03024
3086.07464,0.03058
3084.14584,0.03093
3082.21705,0.03075
3080.28825,0.02979
3078.35945,0.02860
3076.43066,0.02824
3074.50186,0.02859
3072.57306,0.02877
3070.64427,0.02856
3068.71547,0.02788
3066.78667,0.02750
3064.85788,0.02880
3062.92908,0.03099
3061.00028,0.03206
3059.07149,0.03145
3057.14269,0.03043
3055.21389,0.03054
3053.28510,0.03129
3051.35630,0.03151
3049.42750,0.03084
3047.49871,0.02957
3045.56991,0.02892
3043.64111,0.02932
3041.71232,0.02984
3039.78352,0.03022
3037.85472,0.03070
3035.92593,0.03137
3033.99713,0.03206
3032.06833,0.03243
3030.13954,0.03235
3028.21074,0.03226
3026.28194,0.03246
3024.35315,0.03269
3022.42435,0.03294
3020.49555,0.03294
3018.56676,0.03244
3016.63796,0.03229
3014.70916,0.03290
3012.78037,0.03374
3010.85157,0.03442
3008.92277,0.03456
3006.99398,0.03411
3005.06518,0.03372
3003.13638,0.03348
3001.20759,0.03298
2999.27879,0.03260
2997.34999,0.03274
2995.42120,0.03324
2993.49240,0.03356
2991.56360,0.03343
2989.63481,0.03351
2987.70601,0.03383
2985.77721,0.03369
2983.84842,0.03344
2981.91962,0.03374
2979.99082,0.03422
2978.06203,0.03441
2976.13323,0.03460
2974.20443,0.03487
2972.27564,0.03520
2970.34684,0.03576
2968.41804,0.03597
2966.48925,0.03565
2964.56045,0.03568
2962.63165,0.03630
2960.70286,0.03679
2958.77406,0.03703
2956.84526,0.03757
2954.91647,0.03818
2952.98767,0.03832
2951.05887,0.03812
2949.13008,0.03790
2947.20128,0.03788
2945.27248,0.03804
2943.34369,0.03807
2941.41489,0.03792
2939.48609,0.03812
2937.55730,0.03878
2935.62850,0.03942
2933.69970,0.03968
2931.77091,0.03968
2929.84211,0.03974
2927.91331,0.03996
2925.98452,0.04029
2924.05572,0.04089
2922.12692,0.04165
2920.19813,0.04222
2918.26933,0.04241
2916.34053,0.04225
2914.41174,0.04170
2912.48294,0.04090
2910.55414,0.04017
2908.62535,0.03971
2906.69655,0.03933
2904.76775,0.03888
2902.83896,0.03855
2900.91016,0.03863
2898.98136,0.03913
2897.05257,0.03940
2895.12377,0.03901
2893.19497,0.03861
2891.26618,0.03869
2889.33738,0.03866
2887.40858,0.03817
2885.47979,0.03779
2883.55099,0.03809
2881.62219,0.03879
2879.69340,0.03893
2877.76460,0.03856
2875.83580,0.03846
2873.90701,0.03878
2871.97821,0.03925
2870.04941,0.03960
2868.12062,0.03975
2866.19182,0.03999
2864.26302,0.04032
2862.33423,0.04049
2860.40543,0.04061
2858.47663,0.04091
2856.54784,0.04126
2854.61904,0.04149
2852.69024,0.04154
2850.76145,0.04152
2848.83265,0.04162
2846.90385,0.04160
2844.97506,0.04132
2843.04626,0.04102
2841.11746,0.04083
2839.18867,0.04079
2837.25987,0.04068
2835.33107,0.04041
2833.40228,0.04031
2831.47348,0.04062
2829.54468,0.04096
2827.61589,0.04095
2825.68709,0.04078
2823.75829,0.04082
2821.82950,0.04100
2819.90070,0.04111
2817.97190,0.04106
2816.04311,0.04095
2814.11431,0.04095
2812.18551,0.04092
2810.25672,0.04075
2808.32792,0.04073
2806.39912,0.04088
2804.47033,0.04089
2802.54153,0.04068
2800.61273,0.04052
2798.68394,0.04040
2796.75514,0.04017
2794.82634,0.03992
2792.89755,0.03967
2790.96875,0.03935
2789.03995,0.03916
2787.11116,0.03911
2785.18236,0.03906
2783.25356,0.03909
2781.32477,0.03906
2779.39597,0.03879
2777.46717,0.03843
2775.53838,0.03814
2773.60958,0.03812
2771.68078,0.03834
2769.75199,0.03840
2767.82319,0.03828
2765.89439,0.03824
2763.96560,0.03828
2762.03680,0.03821
2760.10800,0.03790
2758.17921,0.03748
2756.25041,0.03722
2754.32161,0.03707
2752.39282,0.03674
2750.46402,0.03653
2748.53522,0.03676
2746.60643,0.03713
2744.67763,0.03724
2742.74883,0.03718
2740.82004,0.03719
2738.89124,0.03725
2736.96244,0.03734
2735.03365,0.03750
2733.10485,0.03763
2731.17605,0.03761
2729.24726,0.03744
2727.31846,0.03729
2725.38967,0.03721
2723.46087,0.03715
2721.53207,0.03712
2719.60328,0.03718
2717.67448,0.03728
2715.74568,0.03737
2713.81689,0.03743
2711.88809,0.03735
2709.95929,0.03715
2708.03050,0.03706
2706.10170,0.03714
2704.17290,0.03717
2702.24411,0.03699
2700.31531,0.03681
2698.38651,0.03686
2696.45772,0.03697
2694.52892,0.03697
2692.60012,0.03695
2690.67133,0.03695
2688.74253,0.03696
2686.81373,0.03692
2684.88494,0.03683
2682.95614,0.03684
2681.02734,0.03697
2679.09855,0.03713
2677.16975,0.03725
2675.24095,0.03726
2673.31216,0.03711
2671.38336,0.03688
2669.45456,0.03677
2667.52577,0.03678
2665.59697,0.03674
2663.66817,0.03668
2661.73938,0.03662
2659.81058,0.03651
2657.88178,0.03643
2655.95299,0.03636
2654.02419,0.03629
2652.09539,0.03634
2650.16660,0.03645
2648.23780,0.03651
2646.30900,0.03663
2644.38021,0.03679
2642.45141,0.03688
2640.52261,0.03689
2638.59382,0.03686
2636.66502,0.03685
2634.73622,0.03699
2632.80743,0.03721
2630.87863,0.03744
2628.94983,0.03767
2627.02104,0.03786
2625.09224,0.03802
2623.16344,0.03819
2621.23465,0.03835
2619.30585,0.03847
2617.37705,0.03848
2615.44826,0.03828
2613.51946,0.03798
2611.59066,0.03771
2609.66187,0.03757
2607.73307,0.03761
2605.80427,0.03770
2603.87548,0.03770
2601.94668,0.03762
2600.01788,0.03768
2598.08909,0.03804
2596.16029,0.03835
2594.23149,0.03833
2592.30270,0.03811
2590.37390,0.03797
2588.44510,0.03794
2586.51631,0.03791
2584.58751,0.03773
2582.65871,0.03746
2580.72992,0.03730
2578.80112,0.03730
2576.87232,0.03757
2574.94353,0.03813
2573.01473,0.03838
2571.08593,0.03801
2569.15714,0.03757
2567.22834,0.03766
2565.29954,0.03794
2563.37075,0.03766
2561.44195,0.03711
2559.51315,0.03698
2557.58436,0.03706
2555.65556,0.03721
2553.72676,0.03723
2551.79797,0.03686
2549.86917,0.03653
2547.94037,0.03667
2546.01158,0.03700
2544.08278,0.03717
2542.15398,0.03704
2540.22519,0.03683
2538.29639,0.03701
2536.36759,0.03730
2534.43880,0.03713
2532.51000,0.03681
2530.58120,0.03685
2528.65241,0.03704
2526.72361,0.03704
2524.79481,0.03667
2522.86602,0.03625
2520.93722,0.03634
2519.00842,0.03667
2517.07963,0.03678
2515.15083,0.03685
2513.22203,0.03692
2511.29324,0.03675
2509.36444,0.03630
2507.43564,0.03587
2505.50685,0.03583
2503.57805,0.03595
2501.64925,0.03582
2499.72046,0.03556
2497.79166,0.03534
2495.86286,0.03524
2493.93407,0.03544
2492.00527,0.03564
2490.07647,0.03557
2488.14768,0.03563
2486.21888,0.03588
2484.29008,0.03584
2482.36129,0.03571
2480.43249,0.03590
2478.50369,0.03619
2476.57490,0.03631
2474.64610,0.03623
2472.71730,0.03596
2470.78851,0.03578
2468.85971,0.03587
2466.93091,0.03597
2465.00212,0.03588
2463.07332,0.03562
2461.14452,0.03529
2459.21573,0.03502
2457.28693,0.03494
2455.35813,0.03485
2453.42934,0.03479
2451.50054,0.03499
2449.57174,0.03505
2447.64295,0.03461
2445.71415,0.03410
2443.78535,0.03402
2441.85656,0.03411
2439.92776,0.03406
2437.99896,0.03400
2436.07017,0.03379
2434.14137,0.03354
2432.21257,0.03357
2430.28378,0.03364
2428.35498,0.03364
2426.42618,0.03381
2424.49739,0.03411
2422.56859,0.03415
2420.63979,0.03371
2418.71100,0.03318
2416.78220,0.03299
2414.85340,0.03296
2412.92461,0.03268
2410.99581,0.03224
2409.06701,0.03208
2407.13822,0.03215
2405.20942,0.03194
2403.28062,0.03165
2401.35183,0.03151
2399.42303,0.03095
2397.49423,0.03026
2395.56544,0.03015
2393.63664,0.03044
2391.70784,0.03082
2389.77905,0.03161
2387.85025,0.03356
2385.92145,0.03745
2383.99266,0.04372
2382.06386,0.05277
2380.13506,0.06446
2378.20627,0.07759
2376.27747,0.09105
2374.34867,0.10499
2372.41988,0.11945
2370.49108,0.13384
2368.56228,0.14762
2366.63349,0.15983
2364.70469,0.16929
2362.77589,0.17548
2360.84710,0.17807
2358.91830,0.17610
2356.98951,0.16835
2355.06071,0.15501
2353.13191,0.13749
2351.20312,0.11991
2349.27432,0.11065
2347.34552,0.11485
2345.41673,0.12764
2343.48793,0.13674
2341.55913,0.13827
2339.63034,0.13660
2337.70154,0.13400
2335.77274,0.13145
2333.84395,0.13012
2331.91515,0.12972
2329.98635,0.12777
2328.05756,0.12355
2326.12876,0.11956
2324.19996,0.11687
2322.27117,0.11323
2320.34237,0.10636
2318.41357,0.09732
2316.48478,0.08953
2314.55598,0.08485
2312.62718,0.08158
2310.69839,0.07736
2308.76959,0.07196
2306.84079,0.06623
2304.91200,0.06075
2302.98320,0.05613
2301.05440,0.05267
2299.12561,0.04979
2297.19681,0.04706
2295.26801,0.04469
2293.33922,0.04251
2291.41042,0.04035
2289.48162,0.03856
2287.55283,0.03713
2285.62403,0.03586
2283.69523,0.03526
2281.76644,0.03566
2279.83764,0.03652
2277.90884,0.03731
2275.98005,0.03792
2274.05125,0.03820
2272.12245,0.03820
2270.19366,0.03816
2268.26486,0.03830
2266.33606,0.03872
2264.40727,0.03913
2262.47847,0.03947
2260.54967,0.03981
2258.62088,0.03995
2256.69208,0.03998
2254.76328,0.03990
2252.83449,0.03943
2250.90569,0.03869
2248.97689,0.03820
2247.04810,0.03826
2245.11930,0.03874
2243.19050,0.03972
2241.26171,0.04095
2239.33291,0.04173
2237.40411,0.04193
2235.47532,0.04240
2233.54652,0.04319
2231.61772,0.04331
2229.68893,0.04317
2227.76013,0.04330
2225.83133,0.04303
2223.90254,0.04305
2221.97374,0.04416
2220.04494,0.04506
2218.11615,0.04506
2216.18735,0.04510
2214.25855,0.04515
2212.32976,0.04473
2210.40096,0.04483
2208.47216,0.04568
2206.54337,0.04597
2204.61457,0.04547
2202.68577,0.04567
2200.75698,0.04722
2198.82818,0.04844
2196.89938,0.04821
2194.97059,0.04775
2193.04179,0.04790
2191.11299,0.04824
2189.18420,0.04889
2187.25540,0.05015
2185.32660,0.05107
2183.39781,0.05078
2181.46901,0.05072
2179.54021,0.05229
2177.61142,0.05449
2175.68262,0.05660
2173.75382,0.05785
2171.82503,0.05746
2169.89623,0.05692
2167.96743,0.05661
2166.03864,0.05581
2164.10984,0.05698
2162.18104,0.06103
2160.25225,0.06381
2158.32345,0.06273
2156.39465,0.05868
2154.46586,0.05359
2152.53706,0.05021
2150.60826,0.04903
2148.67947,0.04810
2146.75067,0.04636
2144.82187,0.04401
2142.89308,0.04120
2140.96428,0.03869
2139.03548,0.03746
2137.10669,0.03686
2135.17789,0.03585
2133.24909,0.03469
2131.32030,0.03395
2129.39150,0.03317
2127.46270,0.03178
2125.53391,0.03021
2123.60511,0.02885
2121.67631,0.02794
2119.74752,0.02775
2117.81872,0.02789
2115.88992,0.02779
2113.96113,0.02754
2112.03233,0.02746
2110.10353,0.02754
2108.17474,0.02768
2106.24594,0.02793
2104.31714,0.02830
2102.38835,0.02854
2100.45955,0.02855
2098.53075,0.02825
2096.60196,0.02765
2094.67316,0.02711
2092.74436,0.02677
2090.81557,0.02675
2088.88677,0.02735
2086.95797,0.02840
2085.02918,0.02927
2083.10038,0.02950
2081.17158,0.02910
2079.24279,0.02845
2077.31399,0.02808
2075.38519,0.02829
2073.45640,0.02895
2071.52760,0.02982
2069.59880,0.03041
2067.67001,0.03029
2065.74121,0.02961
2063.81241,0.02907
2061.88362,0.02919
2059.95482,0.02984
2058.02602,0.03064
2056.09723,0.03141
2054.16843,0.03212
2052.23963,0.03264
2050.31084,0.03320
2048.38204,0.03432
2046.45324,0.03578
2044.52445,0.03686
2042.59565,0.03771
2040.66685,0.03874
2038.73806,0.03892
2036.80926,0.03823
2034.88046,0.03902
2032.95167,0.04065
2031.02287,0.04057
2029.09407,0.03982
2027.16528,0.04012
2025.23648,0.04054
2023.30768,0.03987
2021.37889,0.03806
2019.45009,0.03682
2017.52129,0.03800
2015.59250,0.03978
2013.66370,0.04017
2011.73490,0.04017
2009.80611,0.04010
2007.87731,0.03832
2005.94851,0.03456
2004.01972,0.03167
2002.09092,0.03202
2000.16212,0.03443
1998.23333,0.03577
1996.30453,0.03501
1994.37574,0.03386
1992.44694,0.03331
1990.51814,0.03300
1988.58935,0.03302
1986.66055,0.03376
1984.73175,0.03468
1982.80296,0.03538
1980.87416,0.03604
1978.94536,0.03615
1977.01657,0.03517
1975.08777,0.03407
1973.15897,0.03290
1971.23018,0.03110
1969.30138,0.03062
1967.37258,0.03243
1965.44379,0.03366
1963.51499,0.03192
1961.58619,0.02833
1959.65740,0.02566
1957.72860,0.02496
1955.79980,0.02521
1953.87101,0.02529
1951.94221,0.02507
1950.01341,0.02476
1948.08462,0.02418
1946.15582,0.02367
1944.22702,0.02379
1942.29823,0.02400
1940.36943,0.02354
1938.44063,0.02253
1936.51184,0.02172
1934.58304,0.02183
1932.65424,0.02225
1930.72545,0.02238
1928.79665,0.02253
1926.86785,0.02278
1924.93906,0.02297
1923.01026,0.02282
1921.08146,0.02250
1919.15267,0.02255
1917.22387,0.02228
1915.29507,0.02125
1913.36628,0.02052
1911.43748,0.02059
1909.50868,0.02087
1907.57989,0.02076
1905.65109,0.02022
1903.72229,0.01966
1901.79350,0.01940
1899.86470,0.01953
1897.93590,0.01997
1896.00711,0.02043
1894.07831,0.02072
1892.14951,0.02115
1890.22072,0.02166
1888.29192,0.02152
1886.36312,0.02093
1884.43433,0.02071
1882.50553,0.02086
1880.57673,0.02086
1878.64794,0.02050
1876.71914,0.02012
1874.79034,0.02004
1872.86155,0.02043
1870.93275,0.02138
1869.00395,0.02195
1867.07516,0.02114
1865.14636,0.01978
1863.21756,0.01889
1861.28877,0.01838
1859.35997,0.01813
1857.43117,0.01803
1855.50238,0.01790
1853.57358,0.01782
1851.64478,0.01803
1849.71599,0.01869
1847.78719,0.01981
1845.85839,0.02118
1843.92960,0.02159
1842.00080,0.02057
1840.07200,0.01983
1838.14321,0.01992
1836.21441,0.02002
1834.28561,0.02009
1832.35682,0.02094
1830.42802,0.02200
1828.49922,0.02210
1826.57043,0.02164
1824.64163,0.02084
1822.71283,0.01963
1820.78404,0.01877
1818.85524,0.01855
1816.92644,0.01844
1814.99765,0.01836
1813.06885,0.01861
1811.14005,0.01886
1809.21126,0.01857
1807.28246,0.01810
1805.35366,0.01822
1803.42487,0.01912
1801.49607,0.02006
1799.56727,0.02018
1797.63848,0.01989
1795.70968,0.02037
1793.78088,0.02177
1791.85209,0.02234
1789.92329,0.02113
1787.99449,0.02010
1786.06570,0.02020
1784.13690,0.02053
1782.20810,0.02071
1780.27931,0.02065
1778.35051,0.02034
1776.42171,0.02057
1774.49292,0.02182
1772.56412,0.02291
1770.63532,0.02246
1768.70653,0.02108
1766.77773,0.01960
1764.84893,0.01897
1762.92014,0.01937
1760.99134,0.01948
1759.06254,0.01919
1757.13375,0.01906
1755.20495,0.01903
1753.27615,0.01998
1751.34736,0.02200
1749.41856,0.02292
1747.48976,0.02219
1745.56097,0.02142
1743.63217,0.02132
1741.70337,0.02164
1739.77458,0.02175
1737.84578,0.02201
1735.91698,0.02355
1733.98819,0.02500
1732.05939,0.02374
1730.13059,0.02156
1728.20180,0.01995
1726.27300,0.01910
1724.34420,0.01910
1722.41541,0.01971
1720.48661,0.02171
1718.55781,0.02506
1716.62902,0.02668
1714.70022,0.02538
1712.77142,0.02389
1710.84263,0.02402
1708.91383,0.02606
1706.98503,0.02964
1705.05624,0.03372
1703.12744,0.03830
1701.19864,0.04501
1699.26985,0.05212
1697.34105,0.05784
1695.41225,0.06403
1693.48346,0.07058
1691.55466,0.07873
1689.62586,0.08992
1687.69707,0.10264
1685.76827,0.11814
1683.83947,0.13666
1681.91068,0.15056
1679.98188,0.16125
1678.05308,0.17351
1676.12429,0.18814
1674.19549,0.20286
1672.26669,0.21512
1670.33790,0.22649
1668.40910,0.23601
1666.48030,0.24209
1664.55151,0.24757
1662.62271,0.25263
1660.69391,0.25521
1658.76512,0.25657
1656.83632,0.25929
1654.90752,0.26421
1652.97873,0.26732
1651.04993,0.26597
1649.12113,0.26694
1647.19234,0.27175
1645.26354,0.27718
1643.33474,0.28304
1641.40595,0.29235
1639.47715,0.30568
1637.54835,0.32323
1635.61956,0.34472
1633.69076,0.36344
1631.76197,0.37833
1629.83317,0.39422
1627.90437,0.41047
1625.97558,0.42379
1624.04678,0.43325
1622.11798,0.43791
1620.18919,0.43877
1618.26039,0.43842
1616.33159,0.43587
1614.40280,0.43170
1612.47400,0.42957
1610.54520,0.43056
1608.61641,0.43426
1606.68761,0.44017
1604.75881,0.44832
1602.83002,0.45819
1600.90122,0.46849
1598.97242,0.47791
1597.04363,0.48536
1595.11483,0.48970
1593.18603,0.48979
1591.25724,0.48545
1589.32844,0.47675
1587.39964,0.46398
1585.47085,0.44781
1583.54205,0.42898
1581.61325,0.40883
1579.68446,0.38952
1577.75566,0.36946
1575.82686,0.34454
1573.89807,0.32121
1571.96927,0.30323
1570.04047,0.28474
1568.11168,0.26531
1566.18288,0.24863
1564.25408,0.23500
1562.32529,0.22566
1560.39649,0.21855
1558.46769,0.20550
1556.53890,0.19024
1554.61010,0.17882
1552.68130,0.16955
1550.75251,0.16173
1548.82371,0.15489
1546.89491,0.14990
1544.96612,0.14713
1543.03732,0.14533
1541.10852,0.14236
1539.17973,0.13514
1537.25093,0.12783
1535.32213,0.12398
1533.39334,0.12089
1531.46454,0.11673
1529.53574,0.11366
1527.60695,0.11218
1525.67815,0.11091
1523.74935,0.10994
1521.82056,0.10879
1519.89176,0.10624
1517.96296,0.10338
1516.03417,0.10050
1514.10537,0.09787
1512.17657,0.09708
1510.24778,0.09897
1508.31898,0.10242
1506.39018,0.10249
1504.46139,0.09854
1502.53259,0.09690
1500.60379,0.09883
1498.67500,0.10290
1496.74620,0.10704
1494.81740,0.11048
1492.88861,0.11542
1490.95981,0.12358
1489.03101,0.13282
1487.10222,0.14051
1485.17342,0.14827
1483.24462,0.15809
1481.31583,0.17002
1479.38703,0.18311
1477.45823,0.19732
1475.52944,0.21275
1473.60064,0.22823
1471.67184,0.24099
1469.74305,0.24953
1467.81425,0.25695
1465.88545,0.26473
1463.95666,0.27012
1462.02786,0.27240
1460.09906,0.27405
1458.17027,0.27371
1456.24147,0.26572
1454.31267,0.25327
1452.38388,0.24153
1450.45508,0.23008
1448.52628,0.21762
1446.59749,0.20365
1444.66869,0.18990
1442.73989,0.17735
1440.81110,0.16651
1438.88230,0.15770
1436.95350,0.14824
1435.02471,0.13718
1433.09591,0.12786
1431.16711,0.12044
1429.23832,0.11327
1427.30952,0.10681
1425.38072,0.10175
1423.45193,0.09766
1421.52313,0.09477
1419.59433,0.09238
1417.66554,0.08821
1415.73674,0.08310
1413.80794,0.07916
1411.87915,0.07642
1409.95035,0.07419
1408.02155,0.07253
1406.09276,0.07140
1404.16396,0.06994
1402.23516,0.06850
1400.30637,0.06805
1398.37757,0.06803
1396.44877,0.06749
1394.51998,0.06594
1392.59118,0.06366
1390.66238,0.06225
1388.73359,0.06201
1386.80479,0.06126
1384.87599,0.05946
1382.94720,0.05791
1381.01840,0.05710
1379.08960,0.05658
1377.16081,0.05635
1375.23201,0.05625
1373.30321,0.05532
1371.37442,0.05375
1369.44562,0.05263
1367.51682,0.05207
1365.58803,0.05214
1363.65923,0.05275
1361.73043,0.05254
1359.80164,0.05127
1357.87284,0.05023
1355.94404,0.04983
1354.01525,0.04963
1352.08645,0.04947
1350.15765,0.04942
1348.22886,0.04939
1346.30006,0.04933
1344.37126,0.04952
1342.44247,0.05029
1340.51367,0.05131
1338.58487,0.05145
1336.65608,0.05059
1334.72728,0.04969
1332.79848,0.04911
1330.86969,0.04862
1328.94089,0.04815
1327.01209,0.04772
1325.08330,0.04732
1323.15450,0.04697
1321.22570,0.04677
1319.29691,0.04664
1317.36811,0.04635
1315.43931,0.04602
1313.51052,0.04579
1311.58172,0.04559
1309.65292,0.04543
1307.72413,0.04534
1305.79533,0.04527
1303.86653,0.04534
1301.93774,0.04556
1300.00894,0.04583
1298.08014,0.04612
1296.15135,0.04635
1294.22255,0.04645
1292.29375,0.04649
1290.36496,0.04656
1288.43616,0.04661
1286.50736,0.04651
1284.57857,0.04629
1282.64977,0.04611
1280.72097,0.04591
1278.79218,0.04563
1276.86338,0.04534
1274.93458,0.04517
1273.00579,0.04515
1271.07699,0.04511
1269.14820,0.04501
1267.21940,0.04503
1265.29060,0.04520
1263.36181,0.04542
1261.43301,0.04562
1259.50421,0.04576
1257.57542,0.04585
1255.64662,0.04597
1253.71782,0.04620
1251.78903,0.04655
1249.86023,0.04693
1247.93143,0.04727
1246.00264,0.04760
1244.07384,0.04797
1242.14504,0.04830
1240.21625,0.04849
1238.28745,0.04861
1236.35865,0.04871
1234.42986,0.04875
1232.50106,0.04879
1230.57226,0.04888
1228.64347,0.04896
1226.71467,0.04897
1224.78587,0.04898
1222.85708,0.04908
1220.92828,0.04932
1218.99948,0.04966
1217.07069,0.05004
1215.14189,0.05047
1213.21309,0.05101
1211.28430,0.05172
1209.35550,0.05258
1207.42670,0.05349
1205.49791,0.05446
1203.56911,0.05549
1201.64031,0.05662
1199.71152,0.05795
1197.78272,0.05948
1195.85392,0.06111
1193.92513,0.06280
1191.99633,0.06467
1190.06753,0.06681
1188.13874,0.06916
1186.20994,0.07163
1184.28114,0.07420
1182.35235,0.07700
1180.42355,0.08022
1178.49475,0.08392
1176.56596,0.08799
1174.63716,0.09234
1172.70836,0.09696
1170.77957,0.10181
1168.85077,0.10679
1166.92197,0.11175
1164.99318,0.11646
1163.06438,0.12066
1161.13558,0.12399
1159.20679,0.12617
1157.27799,0.12712
1155.34919,0.12678
1153.42040,0.12517
1151.49160,0.12254
1149.56280,0.11905
1147.63401,0.11486
1145.70521,0.11023
1143.77641,0.10539
1141.84762,0.10052
1139.91882,0.09577
1137.99002,0.09120
1136.06123,0.08686
1134.13243,0.08282
1132.20363,0.07916
1130.27484,0.07598
1128.34604,0.07319
1126.41724,0.07067
1124.48845,0.06844
1122.55965,0.06654
1120.63085,0.06499
1118.70206,0.06372
1116.77326,0.06262
1114.84446,0.06171
1112.91567,0.06102
1110.98687,0.06048
1109.05807,0.06005
1107.12928,0.05977
1105.20048,0.05966
1103.27168,0.05962
1101.34289,0.05961
1099.41409,0.05965
1097.48529,0.05973
1095.55650,0.05987
1093.62770,0.06004
1091.69890,0.06024
1089.77011,0.06051
1087.84131,0.06078
1085.91251,0.06092
1083.98372,0.06097
1082.05492,0.06109
1080.12612,0.06128
1078.19733,0.06148
1076.26853,0.06171
1074.33973,0.06199
1072.41094,0.06233
1070.48214,0.06266
1068.55334,0.06289
1066.62455,0.06306
1064.69575,0.06326
1062.76695,0.06337
1060.83816,0.06324
1058.90936,0.06298
1056.98056,0.06274
1055.05177,0.06245
1053.12297,0.06200
1051.19417,0.06148
1049.26538,0.06092
1047.33658,0.06037
1045.40778,0.05982
1043.47899,0.05921
1041.55019,0.05842
1039.62139,0.05751
1037.69260,0.05665
1035.76380,0.05584
1033.83500,0.05492
1031.90621,0.05396
1029.97741,0.05307
1028.04861,0.05221
1026.11982,0.05140
1024.19102,0.05076
1022.26222,0.05031
1020.33343,0.04988
1018.40463,0.04947
1016.47583,0.04925
1014.54704,0.04922
1012.61824,0.04924
1010.68944,0.04916
1008.76065,0.04892
1006.83185,0.04857
1004.90305,0.04811
1002.97426,0.04757
1001.04546,0.04707
999.11666,0.04667
997.18787,0.04635
995.25907,0.04597
993.33027,0.04550
991.40148,0.04501
989.47268,0.04454
987.54388,0.04396
985.61509,0.04325
983.68629,0.04256
981.75749,0.04191
979.82870,0.04121
977.89990,0.04044
975.97110,0.03971
974.04231,0.03913
972.11351,0.03861
970.18471,0.03811
968.25592,0.03781
966.32712,0.03777
964.39832,0.03780
962.46953,0.03779
960.54073,0.03766
958.61193,0.03741
956.68314,0.03709
954.75434,0.03683
952.82554,0.03677
950.89675,0.03680
948.96795,0.03665
947.03915,0.03628
945.11036,0.03586
943.18156,0.03538
941.25276,0.03479
939.32397,0.03409
937.39517,0.03338
935.46637,0.03267
933.53758,0.03194
931.60878,0.03117
929.67998,0.03040
927.75119,0.02975
925.82239,0.02920
923.89359,0.02859
921.96480,0.02785
920.03600,0.02718
918.10720,0.02675
916.17841,0.02647
914.24961,0.02623
912.32081,0.02607
910.39202,0.02600
908.46322,0.02586
906.53443,0.02558
904.60563,0.02532
902.67683,0.02521
900.74804,0.02517
898.81924,0.02499
896.89044,0.02460
894.96165,0.02406
893.03285,0.02345
891.10405,0.02276
889.17526,0.02201
887.24646,0.02118
885.31766,0.02022
883.38887,0.01923
881.46007,0.01836
879.53127,0.01761
877.60248,0.01695
875.67368,0.01639
873.74488,0.01589
871.81609,0.01547
869.88729,0.01510
867.95849,0.01477
866.02970,0.01459
864.10090,0.01464
862.17210,0.01472
860.24331,0.01466
858.31451,0.01456
856.38571,0.01451
854.45692,0.01451
852.52812,0.01459
850.59932,0.01457
848.67053,0.01440
846.74173,0.01422
844.81293,0.01401
842.88414,0.01361
840.95534,0.01310
839.02654,0.01269
837.09775,0.01231
835.16895,0.01183
833.24015,0.01136
831.31136,0.01098
829.38256,0.01058
827.45376,0.01017
825.52497,0.00991
823.59617,0.00999
821.66737,0.01028
819.73858,0.01050
817.80978,0.01068
815.88098,0.01101
813.95219,0.01143
812.02339,0.01185
810.09459,0.01242
808.16580,0.01326
806.23700,0.01415
804.30820,0.01497
802.37941,0.01582
800.45061,0.01666
798.52181,0.01750
796.59302,0.01847
794.66422,0.01946
792.73542,0.02025
790.80663,0.02092
788.87783,0.02157
786.94903,0.02201
785.02024,0.02202
783.09144,0.02149
781.16264,0.02046
779.23385,0.01914
777.30505,0.01761
775.37625,0.01613
773.44746,0.01520
771.51866,0.01478
769.58986,0.01444
767.66107,0.01411
765.73227,0.01403
763.80347,0.01403
761.87468,0.01392
759.94588,0.01405
758.01708,0.01455
756.08829,0.01495
754.15949,0.01496
752.23069,0.01483
750.30190,0.01479
748.37310,0.01495
