3496.90832,0.05912
3494.97953,0.05911
3493.05073,0.06075
3491.12193,0.06471
3489.19314,0.06915
3487.26434,0.06958
3485.33554,0.06547
3483.40675,0.06461
3481.47795,0.06702
3479.54915,0.06737
3477.62036,0.06937
3475.69156,0.07232
3473.76276,0.07012
3471.83397,0.06665
3469.90517,0.06735
3467.97637,0.06857
3466.04758,0.06665
3464.11878,0.06431
3462.18998,0.06466
3460.26119,0.06697
3458.33239,0.06594
3456.40359,0.05836
3454.47480,0.05221
3452.54600,0.05530
3450.61721,0.06133
3448.68841,0.06249
3446.75961,0.06199
3444.83082,0.06227
3442.90202,0.05939
3440.97322,0.05335
3439.04443,0.04679
3437.11563,0.04193
3435.18683,0.04115
3433.25804,0.04198
3431.32924,0.04369
3429.40044,0.05211
3427.47165,0.06090
3425.54285,0.05976
3423.61405,0.05807
3421.68526,0.06011
3419.75646,0.05924
3417.82766,0.05614
3415.89887,0.04822
3413.97007,0.03871
3412.04127,0.03924
3410.11248,0.04503
3408.18368,0.04355
3406.25488,0.03564
3404.32609,0.03038
3402.39729,0.03228
3400.46849,0.03748
3398.53970,0.04091
3396.61090,0.03842
3394.68210,0.03277
3392.75331,0.03296
3390.82451,0.03771
3388.89571,0.04267
3386.96692,0.04828
3385.03812,0.05129
3383.10932,0.05120
3381.18053,0.05076
3379.25173,0.05076
3377.32293,0.05128
3375.39414,0.05013
3373.46534,0.05039
3371.53654,0.05496
3369.60775,0.05709
3367.67895,0.05672
3365.75015,0.06073
3363.82136,0.06719
3361.89256,0.06660
3359.96376,0.05608
3358.03497,0.04780
3356.10617,0.05239
3354.17737,0.06171
3352.24858,0.06269
3350.31978,0.05784
3348.39098,0.05658
3346.46219,0.05848
3344.53339,0.05813
3342.60459,0.05611
3340.67580,0.05657
3338.74700,0.05838
3336.81820,0.05675
3334.88941,0.05140
3332.96061,0.04385
3331.03181,0.04030
3329.10302,0.04727
3327.17422,0.05549
3325.24542,0.05361
3323.31663,0.04438
3321.38783,0.03770
3319.45903,0.04064
3317.53024,0.04682
3315.60144,0.04476
3313.67264,0.03798
3311.74385,0.03272
3309.81505,0.02772
3307.88625,0.02863
3305.95746,0.03648
3304.02866,0.03933
3302.09986,0.03439
3300.17107,0.03037
3298.24227,0.03120
3296.31347,0.03419
3294.38468,0.03382
3292.45588,0.02736
3290.52708,0.02097
3288.59829,0.02072
3286.66949,0.02269
3284.74069,0.02428
3282.81190,0.02891
3280.88310,0.03428
3278.95430,0.03743
3277.02551,0.03981
3275.09671,0.04125
3273.16791,0.04160
3271.23912,0.03960
3269.31032,0.03306
3267.38152,0.02746
3265.45273,0.02656
3263.52393,0.02301
3261.59513,0.01702
3259.66634,0.01885
3257.73754,0.02802
3255.80874,0.03570
3253.87995,0.03857
3251.95115,0.03901
3250.02235,0.03964
3248.09356,0.03828
3246.16476,0.03185
3244.23596,0.02645
3242.30717,0.02632
3240.37837,0.02780
3238.44957,0.03166
3236.52078,0.03749
3234.59198,0.04050
3232.66318,0.04019
3230.73439,0.03774
3228.80559,0.03404
3226.87679,0.03109
3224.94800,0.03004
3223.01920,0.03149
3221.09040,0.03593
3219.16161,0.04252
3217.23281,0.04772
3215.30401,0.04847
3213.37522,0.04646
3211.44642,0.04623
3209.51762,0.04983
3207.58883,0.05396
3205.66003,0.05493
3203.73123,0.05448
3201.80244,0.05393
3199.87364,0.04940
3197.94484,0.04377
3196.01605,0.04440
3194.08725,0.04680
3192.15845,0.04364
3190.22966,0.04020
3188.30086,0.04183
3186.37206,0.04243
3184.44327,0.03928
3182.51447,0.03728
3180.58567,0.03789
3178.65688,0.04077
3176.72808,0.04432
3174.79928,0.04436
3172.87049,0.03949
3170.94169,0.03297
3169.01289,0.03033
3167.08410,0.03254
3165.15530,0.03629
3163.22650,0.03868
3161.29771,0.03673
3159.36891,0.03174
3157.44011,0.02959
3155.51132,0.03164
3153.58252,0.03400
3151.65372,0.03360
3149.72493,0.03009
3147.79613,0.02683
3145.86733,0.02713
3143.93854,0.02977
3142.00974,0.03281
3140.08094,0.03467
3138.15215,0.03321
3136.22335,0.02990
3134.29455,0.02868
3132.36576,0.03050
3130.43696,0.03316
3128.50816,0.03348
3126.57937,0.03166
3124.65057,0.03179
3122.72177,0.03438
3120.79298,0.03646
3118.86418,0.03632
3116.93538,0.03391
3115.00659,0.03108
3113.07779,0.02955
3111.14899,0.02916
3109.22020,0.02912
3107.29140,0.02924
3105.36260,0.02934
3103.43381,0.02911
3101.50501,0.02934
3099.57621,0.02993
3097.64742,0.02967
3095.71862,0.02915
3093.78982,0.02865
3091.86103,0.02745
3089.93223,0.02697
3088.00344,0.02787
3086.07464,0.02833
3084.14584,0.02841
3082.21705,0.02886
3080.28825,0.02883
3078.35945,0.02834
3076.43066,0.02813
3074.50186,0.02855
3072.57306,0.02963
3070.64427,0.03044
3068.71547,0.03010
3066.78667,0.02954
3064.85788,0.02989
3062.92908,0.03039
3061.00028,0.03059
3059.07149,0.03071
3057.14269,0.03051
3055.21389,0.03070
3053.28510,0.03141
3051.35630,0.03154
3049.42750,0.03073
3047.49871,0.02924
3045.56991,0.02808
3043.64111,0.02849
3041.71232,0.03012
3039.78352,0.03105
3037.85472,0.03071
3035.92593,0.03070
3033.99713,0.03147
3032.06833,0.03212
3030.13954,0.03259
3028.21074,0.03312
3026.28194,0.03338
3024.35315,0.03298
3022.42435,0.03242
3020.49555,0.03212
3018.56676,0.03213
3016.63796,0.03269
3014.70916,0.03344
3012.78037,0.03394
3010.85157,0.03422
3008.92277,0.03386
3006.99398,0.03317
3005.06518,0.03327
3003.13638,0.03364
3001.20759,0.03316
2999.27879,0.03243
2997.34999,0.03222
2995.42120,0.03246
2993.49240,0.03289
2991.56360,0.03316
2989.63481,0.03338
2987.70601,0.03376
2985.77721,0.03391
2983.84842,0.03385
2981.91962,0.03430
2979.99082,0.03510
2978.06203,0.03566
2976.13323,0.03629
2974.20443,0.03681
2972.27564,0.03663
2970.34684,0.03626
2968.41804,0.03633
2966.48925,0.03681
2964.56045,0.03729
2962.63165,0.03748
2960.70286,0.03774
2958.77406,0.03834
2956.84526,0.03881
2954.91647,0.03872
2952.98767,0.03830
2951.05887,0.03813
2949.13008,0.03856
2947.20128,0.03903
2945.27248,0.03894
2943.34369,0.03863
2941.41489,0.03859
2939.48609,0.03890
2937.55730,0.03912
2935.62850,0.03902
2933.69970,0.03914
2931.77091,0.03964
2929.84211,0.04006
2927.91331,0.04035
2925.98452,0.04069
2924.05572,0.04101
2922.12692,0.04143
2920.19813,0.04191
2918.26933,0.04206
2916.34053,0.04195
2914.41174,0.04164
2912.48294,0.04089
2910.55414,0.03991
2908.62535,0.03924
2906.69655,0.03891
2904.76775,0.03867
2902.83896,0.03842
2900.91016,0.03832
2898.98136,0.03869
2897.05257,0.03910
2895.12377,0.03892
2893.19497,0.03857
2891.26618,0.03877
2889.33738,0.03918
2887.40858,0.03919
2885.47979,0.03878
2883.55099,0.03838
2881.62219,0.03849
2879.69340,0.03910
2877.76460,0.03962
2875.83580,0.03987
2873.90701,0.04014
2871.97821,0.04042
2870.04941,0.04042
2868.12062,0.04037
2866.19182,0.04059
2864.26302,0.04085
2862.33423,0.04093
2860.40543,0.04101
2858.47663,0.04121
2856.54784,0.04121
2854.61904,0.04106
2852.69024,0.04107
2850.76145,0.04106
2848.83265,0.04108
2846.90385,0.04126
2844.97506,0.04134
2843.04626,0.04122
2841.11746,0.04111
2839.18867,0.04115
2837.25987,0.04128
2835.33107,0.04135
2833.40228,0.04139
2831.47348,0.04149
2829.54468,0.04153
2827.61589,0.04138
2825.68709,0.04133
2823.75829,0.04162
2821.82950,0.04206
2819.90070,0.04230
2817.97190,0.04208
2816.04311,0.04166
2814.11431,0.04142
2812.18551,0.04129
2810.25672,0.04112
2808.32792,0.04098
2806.39912,0.04094
2804.47033,0.04095
2802.54153,0.04090
2800.61273,0.04077
2798.68394,0.04060
2796.75514,0.04033
2794.82634,0.03991
2792.89755,0.03954
2790.96875,0.03948
2789.03995,0.03970
2787.11116,0.03987
2785.18236,0.03981
2783.25356,0.03969
2781.32477,0.03960
2779.39597,0.03954
2777.46717,0.03945
2775.53838,0.03930
2773.60958,0.03913
2771.68078,0.03905
2769.75199,0.03909
2767.82319,0.03917
2765.89439,0.03916
2763.96560,0.03892
2762.03680,0.03843
2760.10800,0.03796
2758.17921,0.03773
2756.25041,0.03770
2754.32161,0.03763
2752.39282,0.03741
2750.46402,0.03725
2748.53522,0.03734
2746.60643,0.03764
2744.67763,0.03788
2742.74883,0.03794
2740.82004,0.03791
2738.89124,0.03783
2736.96244,0.03778
2735.03365,0.03795
2733.10485,0.03816
2731.17605,0.03815
2729.24726,0.03805
2727.31846,0.03804
2725.38967,0.03800
2723.46087,0.03789
2721.53207,0.03794
2719.60328,0.03818
2717.67448,0.03830
2715.74568,0.03822
2713.81689,0.03804
2711.88809,0.03781
2709.95929,0.03752
2708.03050,0.03722
2706.10170,0.03709
2704.17290,0.03719
2702.24411,0.03730
2700.31531,0.03726
2698.38651,0.03721
2696.45772,0.03716
2694.52892,0.03714
2692.60012,0.03731
2690.67133,0.03749
2688.74253,0.03747
2686.81373,0.03734
2684.88494,0.03733
2682.95614,0.03749
2681.02734,0.03763
2679.09855,0.03779
2677.16975,0.03794
2675.24095,0.03790
2673.31216,0.03773
2671.38336,0.03753
2669.45456,0.03739
2667.52577,0.03732
2665.59697,0.03731
2663.66817,0.03723
2661.73938,0.03696
2659.81058,0.03667
2657.88178,0.03652
2655.95299,0.03646
2654.02419,0.03661
2652.09539,0.03694
2650.16660,0.03715
2648.23780,0.03721
2646.30900,0.03733
2644.38021,0.03746
2642.45141,0.03750
2640.52261,0.03753
2638.59382,0.03747
2636.66502,0.03745
2634.73622,0.03766
2632.80743,0.03801
2630.87863,0.03833
2628.94983,0.03848
2627.02104,0.03839
2625.09224,0.03821
2623.16344,0.03809
2621.23465,0.03805
2619.30585,0.03821
2617.37705,0.03835
2615.44826,0.03817
2613.51946,0.03789
2611.59066,0.03779
2609.66187,0.03779
2607.73307,0.03769
2605.80427,0.03750
2603.87548,0.03751
2601.94668,0.03770
2600.01788,0.03781
2598.08909,0.03805
2596.16029,0.03845
2594.23149,0.03860
2592.30270,0.03860
2590.37390,0.03876
2588.44510,0.03877
2586.51631,0.03839
2584.58751,0.03829
2582.65871,0.03869
2580.72992,0.03885
2578.80112,0.03868
2576.87232,0.03875
2574.94353,0.03894
2573.01473,0.03891
2571.08593,0.03884
2569.15714,0.03864
2567.22834,0.03812
2565.29954,0.03776
2563.37075,0.03781
2561.44195,0.03775
2559.51315,0.03728
2557.58436,0.03702
2555.65556,0.03725
2553.72676,0.03734
2551.79797,0.03696
2549.86917,0.03672
2547.94037,0.03703
2546.01158,0.03743
2544.08278,0.03764
2542.15398,0.03762
2540.22519,0.03739
2538.29639,0.03721
2536.36759,0.03712
2534.43880,0.03717
2532.51000,0.03763
2530.58120,0.03809
2528.65241,0.03805
2526.72361,0.03776
2524.79481,0.03738
2522.86602,0.03687
2520.93722,0.03657
2519.00842,0.03666
2517.07963,0.03697
2515.15083,0.03724
2513.22203,0.03700
2511.29324,0.03616
2509.36444,0.03559
2507.43564,0.03601
2505.50685,0.03661
2503.57805,0.03638
2501.64925,0.03572
2499.72046,0.03553
2497.79166,0.03569
2495.86286,0.03579
2493.93407,0.03595
2492.00527,0.03618
2490.07647,0.03632
2488.14768,0.03647
2486.21888,0.03671
2484.29008,0.03684
2482.36129,0.03673
2480.43249,0.03661
2478.50369,0.03660
2476.57490,0.03654
2474.64610,0.03634
2472.71730,0.03598
2470.78851,0.03570
2468.85971,0.03565
2466.93091,0.03574
2465.00212,0.03597
2463.07332,0.03605
2461.14452,0.03573
2459.21573,0.03535
2457.28693,0.03519
2455.35813,0.03513
2453.42934,0.03516
2451.50054,0.03528
2449.57174,0.03510
2447.64295,0.03459
2445.71415,0.03443
2443.78535,0.03467
2441.85656,0.03479
2439.92776,0.03478
2437.99896,0.03471
2436.07017,0.03446
2434.14137,0.03440
2432.21257,0.03457
2430.28378,0.03457
2428.35498,0.03440
2426.42618,0.03431
2424.49739,0.03442
2422.56859,0.03448
2420.63979,0.03407
2418.71100,0.03329
2416.78220,0.03274
2414.85340,0.03253
2412.92461,0.03237
2410.99581,0.03232
2409.06701,0.03242
2407.13822,0.03233
2405.20942,0.03192
2403.28062,0.03158
2401.35183,0.03147
2399.42303,0.03128
2397.49423,0.03099
2395.56544,0.03096
2393.63664,0.03121
2391.70784,0.03159
2389.77905,0.03241
2387.85025,0.03449
2385.92145,0.03871
2383.99266,0.04579
2382.06386,0.05588
2380.13506,0.06828
2378.20627,0.08187
2376.27747,0.09617
2374.34867,0.11129
2372.41988,0.12684
2370.49108,0.14198
2368.56228,0.15612
2366.63349,0.16886
2364.70469,0.17946
2362.77589,0.18683
2360.84710,0.18992
2358.91830,0.18777
2356.98951,0.17954
2355.06071,0.16554
2353.13191,0.14693
2351.20312,0.12803
2349.27432,0.11810
2347.34552,0.12270
2345.41673,0.13656
2343.48793,0.14635
2341.55913,0.14786
2339.63034,0.14594
2337.70154,0.14309
2335.77274,0.14040
2333.84395,0.13922
2331.91515,0.13900
2329.98635,0.13686
2328.05756,0.13214
2326.12876,0.12741
2324.19996,0.12389
2322.27117,0.11955
2320.34237,0.11211
2318.41357,0.10257
2316.48478,0.09430
2314.55598,0.08931
2312.62718,0.08591
2310.69839,0.08139
2308.76959,0.07563
2306.84079,0.06965
2304.91200,0.06390
2302.98320,0.05899
2301.05440,0.05519
2299.12561,0.05211
2297.19681,0.04944
2295.26801,0.04694
2293.33922,0.04437
2291.41042,0.04192
2289.48162,0.03986
2287.55283,0.03815
2285.62403,0.03678
2283.69523,0.03625
2281.76644,0.03664
2279.83764,0.03731
2277.90884,0.03780
2275.98005,0.03811
2274.05125,0.03836
2272.12245,0.03851
2270.19366,0.03870
2268.26486,0.03935
2266.33606,0.04018
2264.40727,0.04046
2262.47847,0.04001
2260.54967,0.03939
2258.62088,0.03963
2256.69208,0.04106
2254.76328,0.04224
2252.83449,0.04177
2250.90569,0.04031
2248.97689,0.03933
2247.04810,0.03904
2245.11930,0.03940
2243.19050,0.04066
2241.26171,0.04210
2239.33291,0.04294
2237.40411,0.04292
2235.47532,0.04234
2233.54652,0.04200
2231.61772,0.04192
2229.68893,0.04204
2227.76013,0.04227
2225.83133,0.04206
2223.90254,0.04203
2221.97374,0.04324
2220.04494,0.04489
2218.11615,0.04538
2216.18735,0.04482
2214.25855,0.04433
2212.32976,0.04403
2210.40096,0.04421
2208.47216,0.04482
2206.54337,0.04472
2204.61457,0.04447
2202.68577,0.04527
2200.75698,0.04634
2198.82818,0.04672
2196.89938,0.04667
2194.97059,0.04710
2193.04179,0.04852
2191.11299,0.05013
2189.18420,0.05118
2187.25540,0.05182
2185.32660,0.05160
2183.39781,0.05100
2181.46901,0.05243
2179.54021,0.05510
2177.61142,0.05573
2175.68262,0.05438
2173.75382,0.05246
2171.82503,0.05070
2169.89623,0.05032
2167.96743,0.05142
2166.03864,0.05328
2164.10984,0.05689
2162.18104,0.06284
2160.25225,0.06767
2158.32345,0.06714
2156.39465,0.06231
2154.46586,0.05665
2152.53706,0.05210
2150.60826,0.04954
2148.67947,0.04818
2146.75067,0.04674
2144.82187,0.04536
2142.89308,0.04378
2140.96428,0.04149
2139.03548,0.03972
2137.10669,0.03843
2135.17789,0.03652
2133.24909,0.03475
2131.32030,0.03375
2129.39150,0.03289
2127.46270,0.03170
2125.53391,0.03063
2123.60511,0.02978
2121.67631,0.02864
2119.74752,0.02751
2117.81872,0.02721
2115.88992,0.02759
2113.96113,0.02789
2112.03233,0.02774
2110.10353,0.02755
2108.17474,0.02801
2106.24594,0.02903
2104.31714,0.02980
2102.38835,0.02979
2100.45955,0.02926
2098.53075,0.02880
2096.60196,0.02852
2094.67316,0.02814
2092.74436,0.02775
2090.81557,0.02764
2088.88677,0.02794
2086.95797,0.02856
2085.02918,0.02939
2083.10038,0.03022
2081.17158,0.03046
2079.24279,0.02984
2077.31399,0.02924
2075.38519,0.02915
2073.45640,0.02933
2071.52760,0.02995
2069.59880,0.03066
2067.67001,0.03076
2065.74121,0.03058
2063.81241,0.03053
2061.88362,0.03046
2059.95482,0.03006
2058.02602,0.02926
2056.09723,0.02876
2054.16843,0.02899
2052.23963,0.02976
2050.31084,0.03141
2048.38204,0.03357
2046.45324,0.03500
2044.52445,0.03629
2042.59565,0.03830
2040.66685,0.03999
2038.73806,0.03959
2036.80926,0.03762
2034.88046,0.03752
2032.95167,0.04071
2031.02287,0.04360
2029.09407,0.04357
2027.16528,0.04266
2025.23648,0.04287
2023.30768,0.04317
2021.37889,0.04127
2019.45009,0.03817
2017.52129,0.03777
2015.59250,0.03942
2013.66370,0.03959
2011.73490,0.03825
2009.80611,0.03715
2007.87731,0.03617
2005.94851,0.03376
2004.01972,0.03125
2002.09092,0.03138
2000.16212,0.03356
1998.23333,0.03546
1996.30453,0.03565
1994.37574,0.03427
1992.44694,0.03304
1990.51814,0.03301
1988.58935,0.03366
1986.66055,0.03421
1984.73175,0.03380
1982.80296,0.03325
1980.87416,0.03401
1978.94536,0.03472
1977.01657,0.03378
1975.08777,0.03312
1973.15897,0.03359
1971.23018,0.03295
1969.30138,0.03095
1967.37258,0.02992
1965.44379,0.03015
1963.51499,0.03001
1961.58619,0.02955
1959.65740,0.02910
1957.72860,0.02806
1955.79980,0.02689
1953.87101,0.02630
1951.94221,0.02639
1950.01341,0.02685
1948.08462,0.02670
1946.15582,0.02613
1944.22702,0.02641
1942.29823,0.02675
1940.36943,0.02604
1938.44063,0.02509
1936.51184,0.02453
1934.58304,0.02418
1932.65424,0.02348
1930.72545,0.02260
1928.79665,0.02240
1926.86785,0.02280
1924.93906,0.02317
1923.01026,0.02316
1921.08146,0.02303
1919.15267,0.02294
1917.22387,0.02222
1915.29507,0.02107
1913.36628,0.02076
1911.43748,0.02131
1909.50868,0.02164
1907.57989,0.02122
1905.65109,0.02061
1903.72229,0.02033
1901.79350,0.02036
1899.86470,0.02063
1897.93590,0.02119
1896.00711,0.02175
1894.07831,0.02196
1892.14951,0.02225
1890.22072,0.02276
1888.29192,0.02262
1886.36312,0.02189
1884.43433,0.02140
1882.50553,0.02124
1880.57673,0.02110
1878.64794,0.02087
1876.71914,0.02066
1874.79034,0.02058
1872.86155,0.02095
1870.93275,0.02199
1869.00395,0.02258
1867.07516,0.02163
1865.14636,0.02028
1863.21756,0.01960
1861.28877,0.01931
1859.35997,0.01920
1857.43117,0.01923
1855.50238,0.01926
1853.57358,0.01941
1851.64478,0.01983
1849.71599,0.02053
1847.78719,0.02151
1845.85839,0.02267
1843.92960,0.02291
1842.00080,0.02187
1840.07200,0.02111
1838.14321,0.02109
1836.21441,0.02106
1834.28561,0.02110
1832.35682,0.02190
1830.42802,0.02274
1828.49922,0.02245
1826.57043,0.02181
1824.64163,0.02114
1822.71283,0.02004
1820.78404,0.01916
1818.85524,0.01896
1816.92644,0.01895
1814.99765,0.01899
1813.06885,0.01942
1811.14005,0.01986
1809.21126,0.01972
1807.28246,0.01936
1805.35366,0.01957
1803.42487,0.02053
1801.49607,0.02146
1799.56727,0.02158
1797.63848,0.02135
1795.70968,0.02185
1793.78088,0.02311
1791.85209,0.02350
1789.92329,0.02216
1787.99449,0.02103
1786.06570,0.02105
1784.13690,0.02131
1782.20810,0.02135
1780.27931,0.02116
1778.35051,0.02077
1776.42171,0.02098
1774.49292,0.02219
1772.56412,0.02321
1770.63532,0.02271
1768.70653,0.02135
1766.77773,0.01998
1764.84893,0.01953
1762.92014,0.02018
1760.99134,0.02057
1759.06254,0.02046
1757.13375,0.02039
1755.20495,0.02039
1753.27615,0.02137
1751.34736,0.02337
1749.41856,0.02421
1747.48976,0.02343
1745.56097,0.02264
1743.63217,0.02245
1741.70337,0.02260
1739.77458,0.02254
1737.84578,0.02272
1735.91698,0.02422
1733.98819,0.02557
1732.05939,0.02417
1730.13059,0.02188
1728.20180,0.02022
1726.27300,0.01943
1724.34420,0.01950
1722.41541,0.02012
1720.48661,0.02208
1718.55781,0.02539
1716.62902,0.02709
1714.70022,0.02601
1712.77142,0.02475
1710.84263,0.02503
1708.91383,0.02715
1706.98503,0.03081
1705.05624,0.03495
1703.12744,0.03952
1701.19864,0.04611
1699.26985,0.05312
1697.34105,0.05884
1695.41225,0.06498
1693.48346,0.07139
1691.55466,0.07935
1689.62586,0.09039
1687.69707,0.10299
1685.76827,0.11825
1683.83947,0.13642
1681.91068,0.15005
1679.98188,0.16055
1678.05308,0.17265
1676.12429,0.18715
1674.19549,0.20181
1672.26669,0.21415
1670.33790,0.22565
1668.40910,0.23531
1666.48030,0.24150
1664.55151,0.24702
1662.62271,0.25223
1660.69391,0.25509
1658.76512,0.25663
1656.83632,0.25925
1654.90752,0.26377
1652.97873,0.26666
1651.04993,0.26567
1649.12113,0.26693
1647.19234,0.27179
1645.26354,0.27721
1643.33474,0.28306
1641.40595,0.29223
1639.47715,0.30528
1637.54835,0.32248
1635.61956,0.34358
1633.69076,0.36205
1631.76197,0.37685
1629.83317,0.39251
1627.90437,0.40845
1625.97558,0.42163
1624.04678,0.43095
1622.11798,0.43548
1620.18919,0.43648
1618.26039,0.43630
1616.33159,0.43383
1614.40280,0.42977
1612.47400,0.42776
1610.54520,0.42879
1608.61641,0.43251
1606.68761,0.43854
1604.75881,0.44686
1602.83002,0.45681
1600.90122,0.46702
1598.97242,0.47625
1597.04363,0.48355
1595.11483,0.48776
1593.18603,0.48765
1591.25724,0.48308
1589.32844,0.47411
1587.39964,0.46100
1585.47085,0.44456
1583.54205,0.42561
1581.61325,0.40538
1579.68446,0.38604
1577.75566,0.36608
1575.82686,0.34142
1573.89807,0.31836
1571.96927,0.30059
1570.04047,0.28236
1568.11168,0.26326
1566.18288,0.24689
1564.25408,0.23355
1562.32529,0.22448
1560.39649,0.21751
1558.46769,0.20459
1556.53890,0.18959
1554.61010,0.17840
1552.68130,0.16930
1550.75251,0.16158
1548.82371,0.15480
1546.89491,0.14982
1544.96612,0.14698
1543.03732,0.14503
1541.10852,0.14180
1539.17973,0.13442
1537.25093,0.12715
1535.32213,0.12334
1533.39334,0.12022
1531.46454,0.11606
1529.53574,0.11303
1527.60695,0.11156
1525.67815,0.11032
1523.74935,0.10939
1521.82056,0.10831
1519.89176,0.10591
1517.96296,0.10324
1516.03417,0.10055
1514.10537,0.09811
1512.17657,0.09753
1510.24778,0.09959
1508.31898,0.10308
1506.39018,0.10302
1504.46139,0.09905
1502.53259,0.09747
1500.60379,0.09940
1498.67500,0.10337
1496.74620,0.10734
1494.81740,0.11064
1492.88861,0.11546
1490.95981,0.12342
1489.03101,0.13242
1487.10222,0.13992
1485.17342,0.14757
1483.24462,0.15726
1481.31583,0.16905
1479.38703,0.18200
1477.45823,0.19609
1475.52944,0.21146
1473.60064,0.22692
1471.67184,0.23970
1469.74305,0.24828
1467.81425,0.25576
1465.88545,0.26360
1463.95666,0.26911
1462.02786,0.27150
1460.09906,0.27319
1458.17027,0.27279
1456.24147,0.26479
1454.31267,0.25245
1452.38388,0.24080
1450.45508,0.22939
1448.52628,0.21691
1446.59749,0.20290
1444.66869,0.18914
1442.73989,0.17658
1440.81110,0.16570
1438.88230,0.15685
1436.95350,0.14737
1435.02471,0.13637
1433.09591,0.12716
1431.16711,0.11983
1429.23832,0.11272
1427.30952,0.10632
1425.38072,0.10134
1423.45193,0.09736
1421.52313,0.09457
1419.59433,0.09228
1417.66554,0.08827
1415.73674,0.08337
1413.80794,0.07962
1411.87915,0.07701
1409.95035,0.07488
1408.02155,0.07327
1406.09276,0.07215
1404.16396,0.07070
1402.23516,0.06926
1400.30637,0.06880
1398.37757,0.06872
1396.44877,0.06807
1394.51998,0.06641
1392.59118,0.06403
1390.66238,0.06254
1388.73359,0.06221
1386.80479,0.06138
1384.87599,0.05951
1382.94720,0.05792
1381.01840,0.05708
1379.08960,0.05659
1377.16081,0.05645
1375.23201,0.05646
1373.30321,0.05562
1371.37442,0.05413
1369.44562,0.05312
1367.51682,0.05268
1365.58803,0.05287
1363.65923,0.05359
1361.73043,0.05346
1359.80164,0.05223
1357.87284,0.05123
1355.94404,0.05082
1354.01525,0.05060
1352.08645,0.05041
1350.15765,0.05029
1348.22886,0.05017
1346.30006,0.05001
1344.37126,0.05009
1342.44247,0.05079
1340.51367,0.05174
1338.58487,0.05177
1336.65608,0.05078
1334.72728,0.04978
1332.79848,0.04916
1330.86969,0.04871
1328.94089,0.04829
1327.01209,0.04791
1325.08330,0.04760
1323.15450,0.04739
1321.22570,0.04734
1319.29691,0.04736
1317.36811,0.04721
1315.43931,0.04699
1313.51052,0.04685
1311.58172,0.04669
1309.65292,0.04652
1307.72413,0.04642
1305.79533,0.04633
1303.86653,0.04635
1301.93774,0.04649
1300.00894,0.04666
1298.08014,0.04685
1296.15135,0.04697
1294.22255,0.04695
1292.29375,0.04687
1290.36496,0.04685
1288.43616,0.04683
1286.50736,0.04669
1284.57857,0.04645
1282.64977,0.04627
1280.72097,0.04610
1278.79218,0.04587
1276.86338,0.04565
1274.93458,0.04558
1273.00579,0.04568
1271.07699,0.04577
1269.14820,0.04579
1267.21940,0.04592
1265.29060,0.04618
1263.36181,0.04647
1261.43301,0.04673
1259.50421,0.04690
1257.57542,0.04696
1255.64662,0.04703
1253.71782,0.04720
1251.78903,0.04745
1249.86023,0.04770
1247.93143,0.04793
1246.00264,0.04816
1244.07384,0.04844
1242.14504,0.04868
1240.21625,0.04879
1238.28745,0.04882
1236.35865,0.04883
1234.42986,0.04882
1232.50106,0.04886
1230.57226,0.04899
1228.64347,0.04915
1226.71467,0.04928
1224.78587,0.04941
1222.85708,0.04962
1220.92828,0.04998
1218.99948,0.05045
1217.07069,0.05098
1215.14189,0.05151
1213.21309,0.05209
1211.28430,0.05281
1209.35550,0.05362
1207.42670,0.05448
1205.49791,0.05540
1203.56911,0.05637
1201.64031,0.05741
1199.71152,0.05861
1197.78272,0.06001
1195.85392,0.06148
1193.92513,0.06304
1191.99633,0.06483
1190.06753,0.06689
1188.13874,0.06917
1186.20994,0.07154
1184.28114,0.07404
1182.35235,0.07683
1180.42355,0.08010
1178.49475,0.08387
1176.56596,0.08805
1174.63716,0.09252
1172.70836,0.09724
1170.77957,0.10221
1168.85077,0.10729
1166.92197,0.11228
1164.99318,0.11698
1163.06438,0.12116
1161.13558,0.12447
1159.20679,0.12663
1157.27799,0.12754
1155.34919,0.12712
1153.42040,0.12542
1151.49160,0.12271
1149.56280,0.11914
1147.63401,0.11485
1145.70521,0.11010
1143.77641,0.10516
1141.84762,0.10025
1139.91882,0.09549
1137.99002,0.09091
1136.06123,0.08659
1134.13243,0.08262
1132.20363,0.07907
1130.27484,0.07600
1128.34604,0.07335
1126.41724,0.07099
1124.48845,0.06891
1122.55965,0.06717
1120.63085,0.06576
1118.70206,0.06461
1116.77326,0.06359
1114.84446,0.06272
1112.91567,0.06204
1110.98687,0.06148
1109.05807,0.06102
1107.12928,0.06068
1105.20048,0.06047
1103.27168,0.06032
1101.34289,0.06019
1099.41409,0.06012
1097.48529,0.06013
1095.55650,0.06018
1093.62770,0.06027
1091.69890,0.06037
1089.77011,0.06055
1087.84131,0.06077
1085.91251,0.06090
1083.98372,0.06099
1082.05492,0.06119
1080.12612,0.06146
1078.19733,0.06179
1076.26853,0.06217
1074.33973,0.06262
1072.41094,0.06310
1070.48214,0.06354
1068.55334,0.06384
1066.62455,0.06405
1064.69575,0.06427
1062.76695,0.06438
1060.83816,0.06422
1058.90936,0.06388
1056.98056,0.06356
1055.05177,0.06319
1053.12297,0.06266
1051.19417,0.06204
1049.26538,0.06140
1047.33658,0.06076
1045.40778,0.06013
1043.47899,0.05943
1041.55019,0.05859
1039.62139,0.05765
1037.69260,0.05676
1035.76380,0.05594
1033.83500,0.05507
1031.90621,0.05420
1029.97741,0.05345
1028.04861,0.05276
1026.11982,0.05212
1024.19102,0.05164
1022.26222,0.05131
1020.33343,0.05097
1018.40463,0.05061
1016.47583,0.05039
1014.54704,0.05033
1012.61824,0.05033
1010.68944,0.05023
1008.76065,0.04994
1006.83185,0.04950
1004.90305,0.04895
1002.97426,0.04829
1001.04546,0.04767
999.11666,0.04717
997.18787,0.04675
995.25907,0.04630
993.33027,0.04578
991.40148,0.04527
989.47268,0.04478
987.54388,0.04420
985.61509,0.04355
983.68629,0.04298
981.75749,0.04246
979.82870,0.04188
977.89990,0.04123
975.97110,0.04063
974.04231,0.04017
972.11351,0.03976
970.18471,0.03934
968.25592,0.03908
966.32712,0.03904
964.39832,0.03904
962.46953,0.03896
960.54073,0.03875
958.61193,0.03844
956.68314,0.03806
954.75434,0.03772
952.82554,0.03756
950.89675,0.03748
948.96795,0.03722
947.03915,0.03676
945.11036,0.03625
943.18156,0.03570
941.25276,0.03507
939.32397,0.03436
937.39517,0.03367
935.46637,0.03303
933.53758,0.03241
931.60878,0.03178
929.67998,0.03118
927.75119,0.03069
925.82239,0.03029
923.89359,0.02982
921.96480,0.02919
920.03600,0.02858
918.10720,0.02816
916.17841,0.02786
914.24961,0.02757
912.32081,0.02734
910.39202,0.02719
908.46322,0.02697
906.53443,0.02660
904.60563,0.02624
902.67683,0.02602
900.74804,0.02586
898.81924,0.02558
896.89044,0.02511
894.96165,0.02450
893.03285,0.02385
891.10405,0.02318
889.17526,0.02245
887.24646,0.02166
885.31766,0.02080
883.38887,0.01997
881.46007,0.01929
879.53127,0.01870
877.60248,0.01816
875.67368,0.01771
873.74488,0.01733
871.81609,0.01700
869.88729,0.01667
867.95849,0.01631
866.02970,0.01607
864.10090,0.01605
862.17210,0.01606
860.24331,0.01592
858.31451,0.01569
856.38571,0.01548
854.45692,0.01536
852.52812,0.01531
850.59932,0.01521
848.67053,0.01500
846.74173,0.01476
844.81293,0.01450
842.88414,0.01407
840.95534,0.01353
839.02654,0.01311
837.09775,0.01279
835.16895,0.01245
833.24015,0.01217
831.31136,0.01193
829.38256,0.01167
827.45376,0.01140
825.52497,0.01123
823.59617,0.01134
821.66737,0.01170
819.73858,0.01202
817.80978,0.01227
815.88098,0.01264
813.95219,0.01309
812.02339,0.01344
810.09459,0.01382
808.16580,0.01445
806.23700,0.01519
804.30820,0.01594
802.37941,0.01671
800.45061,0.01746
798.52181,0.01824
796.59302,0.01914
794.66422,0.02003
792.73542,0.02080
790.80663,0.02155
788.87783,0.02234
786.94903,0.02290
785.02024,0.02301
783.09144,0.02265
781.16264,0.02185
779.23385,0.02065
777.30505,0.01915
775.37625,0.01772
773.44746,0.01681
771.51866,0.01648
769.58986,0.01629
767.66107,0.01595
765.73227,0.01564
763.80347,0.01551
761.87468,0.01539
759.94588,0.01527
758.01708,0.01535
756.08829,0.01561
754.15949,0.01598
752.23069,0.01643
750.30190,0.01671
748.37310,0.01653
