3496.90832,0.06524
3494.97953,0.06414
3493.05073,0.05895
3491.12193,0.05715
3489.19314,0.06412
3487.26434,0.07432
3485.33554,0.07454
3483.40675,0.06890
3481.47795,0.07040
3479.54915,0.07574
3477.62036,0.07865
3475.69156,0.08163
3473.76276,0.08335
3471.83397,0.07887
3469.90517,0.07100
3467.97637,0.06547
3466.04758,0.06544
3464.11878,0.06966
3462.18998,0.07164
3460.26119,0.06930
3458.33239,0.06411
3456.40359,0.05977
3454.47480,0.06107
3452.54600,0.06257
3450.61721,0.05691
3448.68841,0.05110
3446.75961,0.05618
3444.83082,0.06814
3442.90202,0.07306
3440.97322,0.06719
3439.04443,0.05786
3437.11563,0.05023
3435.18683,0.04232
3433.25804,0.03443
3431.32924,0.03432
3429.40044,0.04354
3427.47165,0.05270
3425.54285,0.05494
3423.61405,0.05328
3421.68526,0.05259
3419.75646,0.05328
3417.82766,0.05342
3415.89887,0.05073
3413.97007,0.04563
3412.04127,0.04212
3410.11248,0.04213
3408.18368,0.04325
3406.25488,0.04080
3404.32609,0.03285
3402.39729,0.02784
3400.46849,0.03354
3398.53970,0.03979
3396.61090,0.03373
3394.68210,0.02797
3392.75331,0.03609
3390.82451,0.04693
3388.89571,0.05195
3386.96692,0.05588
3385.03812,0.05760
3383.10932,0.05464
3381.18053,0.05169
3379.25173,0.05190
3377.32293,0.05486
3375.39414,0.05785
3373.46534,0.05602
3371.53654,0.05241
3369.60775,0.05484
3367.67895,0.06277
3365.75015,0.07051
3363.82136,0.07183
3361.89256,0.06382
3359.96376,0.05392
3358.03497,0.04990
3356.10617,0.05139
3354.17737,0.05681
3352.24858,0.06260
3350.31978,0.06328
3348.39098,0.06090
3346.46219,0.06149
3344.53339,0.06429
3342.60459,0.06519
3340.67580,0.06377
3338.74700,0.05710
3336.81820,0.04449
3334.88941,0.03785
3332.96061,0.04185
3331.03181,0.04492
3329.10302,0.04604
3327.17422,0.05062
3325.24542,0.05384
3323.31663,0.05183
3321.38783,0.04912
3319.45903,0.05110
3317.53024,0.05471
3315.60144,0.05163
3313.67264,0.04332
3311.74385,0.03707
3309.81505,0.03333
3307.88625,0.03413
3305.95746,0.03949
3304.02866,0.04148
3302.09986,0.03885
3300.17107,0.03671
3298.24227,0.03576
3296.31347,0.03339
3294.38468,0.02812
3292.45588,0.02312
3290.52708,0.02310
3288.59829,0.02737
3286.66949,0.03011
3284.74069,0.02914
3282.81190,0.02861
3280.88310,0.03214
3278.95430,0.03867
3277.02551,0.04304
3275.09671,0.04427
3273.16791,0.04761
3271.23912,0.05137
3269.31032,0.04696
3267.38152,0.03636
3265.45273,0.02975
3263.52393,0.02772
3261.59513,0.02737
3259.66634,0.02966
3257.73754,0.03293
3255.80874,0.03575
3253.87995,0.03681
3251.95115,0.03466
3250.02235,0.03126
3248.09356,0.02734
3246.16476,0.02442
3244.23596,0.02707
3242.30717,0.03124
3240.37837,0.03269
3238.44957,0.03719
3236.52078,0.04326
3234.59198,0.04546
3232.66318,0.04439
3230.73439,0.04062
3228.80559,0.03753
3226.87679,0.03624
3224.94800,0.03551
3223.01920,0.04043
3221.09040,0.04887
3219.16161,0.05228
3217.23281,0.05293
3215.30401,0.05335
3213.37522,0.05194
3211.44642,0.05329
3209.51762,0.05750
3207.58883,0.05725
3205.66003,0.05342
3203.73123,0.05122
3201.80244,0.05001
3199.87364,0.04857
3197.94484,0.04905
3196.01605,0.05044
3194.08725,0.04847
3192.15845,0.04476
3190.22966,0.04661
3188.30086,0.05405
3186.37206,0.05750
3184.44327,0.05353
3182.51447,0.04703
3180.58567,0.04109
3178.65688,0.03813
3176.72808,0.03868
3174.79928,0.03901
3172.87049,0.03749
3170.94169,0.03634
3169.01289,0.03605
3167.08410,0.03514
3165.15530,0.03554
3163.22650,0.03877
3161.29771,0.04107
3159.36891,0.03894
3157.44011,0.03519
3155.51132,0.03471
3153.58252,0.03687
3151.65372,0.03754
3149.72493,0.03514
3147.79613,0.03259
3145.86733,0.03229
3143.93854,0.03245
3142.00974,0.03214
3140.08094,0.03167
3138.15215,0.03061
3136.22335,0.02998
3134.29455,0.03068
3132.36576,0.03198
3130.43696,0.03262
3128.50816,0.03210
3126.57937,0.03186
3124.65057,0.03300
3122.72177,0.03486
3120.79298,0.03613
3118.86418,0.03602
3116.93538,0.03545
3115.00659,0.03433
3113.07779,0.03191
3111.14899,0.03072
3109.22020,0.03187
3107.29140,0.03299
3105.36260,0.03336
3103.43381,0.03384
3101.50501,0.03450
3099.57621,0.03432
3097.64742,0.03247
3095.71862,0.03053
3093.78982,0.03011
3091.86103,0.03017
3089.93223,0.03032
3088.00344,0.03101
3086.07464,0.03139
3084.14584,0.03160
3082.21705,0.03244
3080.28825,0.03339
3078.35945,0.03369
3076.43066,0.03294
3074.50186,0.03171
3072.57306,0.03123
3070.64427,0.03155
3068.71547,0.03165
3066.78667,0.03153
3064.85788,0.03178
3062.92908,0.03204
3061.00028,0.03175
3059.07149,0.03093
3057.14269,0.03029
3055.21389,0.03095
3053.28510,0.03266
3051.35630,0.03378
3049.42750,0.03348
3047.49871,0.03227
3045.56991,0.03126
3043.64111,0.03118
3041.71232,0.03172
3039.78352,0.03226
3037.85472,0.03292
3035.92593,0.03400
3033.99713,0.03511
3032.06833,0.03584
3030.13954,0.03608
3028.21074,0.03602
3026.28194,0.03595
3024.35315,0.03554
3022.42435,0.03473
3020.49555,0.03396
3018.56676,0.03368
3016.63796,0.03451
3014.70916,0.03583
3012.78037,0.03646
3010.85157,0.03666
3008.92277,0.03662
3006.99398,0.03591
3005.06518,0.03513
3003.13638,0.03488
3001.20759,0.03457
2999.27879,0.03403
2997.34999,0.03393
2995.42120,0.03486
2993.49240,0.03642
2991.56360,0.03743
2989.63481,0.03770
2987.70601,0.03753
2985.77721,0.03689
2983.84842,0.03633
2981.91962,0.03663
2979.99082,0.03742
2978.06203,0.03788
2976.13323,0.03786
2974.20443,0.03753
2972.27564,0.03722
2970.34684,0.03749
2968.41804,0.03814
2966.48925,0.03853
2964.56045,0.03837
2962.63165,0.03821
2960.70286,0.03853
2958.77406,0.03899
2956.84526,0.03924
2954.91647,0.03954
2952.98767,0.03984
2951.05887,0.03967
2949.13008,0.03936
2947.20128,0.03953
2945.27248,0.03990
2943.34369,0.04006
2941.41489,0.04003
2939.48609,0.04008
2937.55730,0.04029
2935.62850,0.04051
2933.69970,0.04089
2931.77091,0.04151
2929.84211,0.04179
2927.91331,0.04157
2925.98452,0.04159
2924.05572,0.04203
2922.12692,0.04229
2920.19813,0.04234
2918.26933,0.04243
2916.34053,0.04265
2914.41174,0.04273
2912.48294,0.04230
2910.55414,0.04156
2908.62535,0.04083
2906.69655,0.04021
2904.76775,0.03990
2902.83896,0.03995
2900.91016,0.04021
2898.98136,0.04076
2897.05257,0.04135
2895.12377,0.04147
2893.19497,0.04124
2891.26618,0.04125
2889.33738,0.04152
2887.40858,0.04149
2885.47979,0.04115
2883.55099,0.04110
2881.62219,0.04142
2879.69340,0.04156
2877.76460,0.04134
2875.83580,0.04120
2873.90701,0.04140
2871.97821,0.04166
2870.04941,0.04173
2868.12062,0.04181
2866.19182,0.04205
2864.26302,0.04221
2862.33423,0.04229
2860.40543,0.04257
2858.47663,0.04295
2856.54784,0.04302
2854.61904,0.04284
2852.69024,0.04291
2850.76145,0.04323
2848.83265,0.04344
2846.90385,0.04351
2844.97506,0.04361
2843.04626,0.04384
2841.11746,0.04403
2839.18867,0.04401
2837.25987,0.04384
2835.33107,0.04379
2833.40228,0.04397
2831.47348,0.04415
2829.54468,0.04420
2827.61589,0.04410
2825.68709,0.04396
2823.75829,0.04415
2821.82950,0.04453
2819.90070,0.04461
2817.97190,0.04436
2816.04311,0.04405
2814.11431,0.04387
2812.18551,0.04379
2810.25672,0.04370
2808.32792,0.04365
2806.39912,0.04370
2804.47033,0.04375
2802.54153,0.04377
2800.61273,0.04366
2798.68394,0.04322
2796.75514,0.04268
2794.82634,0.04245
2792.89755,0.04248
2790.96875,0.04255
2789.03995,0.04260
2787.11116,0.04250
2785.18236,0.04229
2783.25356,0.04214
2781.32477,0.04196
2779.39597,0.04173
2777.46717,0.04161
2775.53838,0.04147
2773.60958,0.04128
2771.68078,0.04117
2769.75199,0.04122
2767.82319,0.04143
2765.89439,0.04163
2763.96560,0.04149
2762.03680,0.04105
2760.10800,0.04063
2758.17921,0.04037
2756.25041,0.04026
2754.32161,0.04022
2752.39282,0.04016
2750.46402,0.04020
2748.53522,0.04042
2746.60643,0.04059
2744.67763,0.04065
2742.74883,0.04071
2740.82004,0.04068
2738.89124,0.04047
2736.96244,0.04042
2735.03365,0.04072
2733.10485,0.04095
2731.17605,0.04088
2729.24726,0.04076
2727.31846,0.04070
2725.38967,0.04054
2723.46087,0.04028
2721.53207,0.04017
2719.60328,0.04031
2717.67448,0.04043
2715.74568,0.04036
2713.81689,0.04025
2711.88809,0.04013
2709.95929,0.04001
2708.03050,0.04000
2706.10170,0.04013
2704.17290,0.04031
2702.24411,0.04037
2700.31531,0.04024
2698.38651,0.04017
2696.45772,0.04033
2694.52892,0.04053
2692.60012,0.04060
2690.67133,0.04043
2688.74253,0.04013
2686.81373,0.04001
2684.88494,0.04018
2682.95614,0.04043
2681.02734,0.04049
2679.09855,0.04042
2677.16975,0.04035
2675.24095,0.04013
2673.31216,0.03982
2671.38336,0.03963
2669.45456,0.03956
2667.52577,0.03959
2665.59697,0.03968
2663.66817,0.03970
2661.73938,0.03953
2659.81058,0.03934
2657.88178,0.03934
2655.95299,0.03947
2654.02419,0.03958
2652.09539,0.03972
2650.16660,0.03989
2648.23780,0.03999
2646.30900,0.04006
2644.38021,0.04008
2642.45141,0.04021
2640.52261,0.04048
2638.59382,0.04053
2636.66502,0.04038
2634.73622,0.04044
2632.80743,0.04080
2630.87863,0.04113
2628.94983,0.04124
2627.02104,0.04101
2625.09224,0.04058
2623.16344,0.04028
2621.23465,0.04012
2619.30585,0.04006
2617.37705,0.04027
2615.44826,0.04066
2613.51946,0.04088
2611.59066,0.04082
2609.66187,0.04066
2607.73307,0.04066
2605.80427,0.04078
2603.87548,0.04084
2601.94668,0.04086
2600.01788,0.04095
2598.08909,0.04126
2596.16029,0.04169
2594.23149,0.04204
2592.30270,0.04235
2590.37390,0.04259
2588.44510,0.04248
2586.51631,0.04198
2584.58751,0.04169
2582.65871,0.04177
2580.72992,0.04145
2578.80112,0.04093
2576.87232,0.04097
2574.94353,0.04122
2573.01473,0.04113
2571.08593,0.04095
2569.15714,0.04087
2567.22834,0.04084
2565.29954,0.04098
2563.37075,0.04101
2561.44195,0.04069
2559.51315,0.04035
2557.58436,0.04036
2555.65556,0.04052
2553.72676,0.04038
2551.79797,0.04017
2549.86917,0.04048
2547.94037,0.04107
2546.01158,0.04132
2544.08278,0.04116
2542.15398,0.04076
2540.22519,0.04034
2538.29639,0.04020
2536.36759,0.04032
2534.43880,0.04054
2532.51000,0.04073
2530.58120,0.04060
2528.65241,0.04024
2526.72361,0.03992
2524.79481,0.03954
2522.86602,0.03915
2520.93722,0.03894
2519.00842,0.03883
2517.07963,0.03888
2515.15083,0.03928
2513.22203,0.03977
2511.29324,0.03973
2509.36444,0.03914
2507.43564,0.03860
2505.50685,0.03861
2503.57805,0.03897
2501.64925,0.03934
2499.72046,0.03974
2497.79166,0.04008
2495.86286,0.04004
2493.93407,0.03982
2492.00527,0.03957
2490.07647,0.03920
2488.14768,0.03900
2486.21888,0.03916
2484.29008,0.03942
2482.36129,0.03963
2480.43249,0.03971
2478.50369,0.03962
2476.57490,0.03955
2474.64610,0.03943
2472.71730,0.03905
2470.78851,0.03860
2468.85971,0.03844
2466.93091,0.03843
2465.00212,0.03837
2463.07332,0.03839
2461.14452,0.03849
2459.21573,0.03857
2457.28693,0.03852
2455.35813,0.03828
2453.42934,0.03822
2451.50054,0.03853
2449.57174,0.03849
2447.64295,0.03781
2445.71415,0.03729
2443.78535,0.03736
2441.85656,0.03769
2439.92776,0.03806
2437.99896,0.03824
2436.07017,0.03803
2434.14137,0.03768
2432.21257,0.03737
2430.28378,0.03699
2428.35498,0.03675
2426.42618,0.03699
2424.49739,0.03730
2422.56859,0.03711
2420.63979,0.03655
2418.71100,0.03598
2416.78220,0.03560
2414.85340,0.03549
2412.92461,0.03547
2410.99581,0.03541
2409.06701,0.03546
2407.13822,0.03551
2405.20942,0.03534
2403.28062,0.03512
2401.35183,0.03493
2399.42303,0.03456
2397.49423,0.03413
2395.56544,0.03409
2393.63664,0.03440
2391.70784,0.03475
2389.77905,0.03557
2387.85025,0.03779
2385.92145,0.04228
2383.99266,0.04983
2382.06386,0.06071
2380.13506,0.07431
2378.20627,0.08939
2376.27747,0.10498
2374.34867,0.12115
2372.41988,0.13818
2370.49108,0.15532
2368.56228,0.17133
2366.63349,0.18558
2364.70469,0.19746
2362.77589,0.20550
2360.84710,0.20857
2358.91830,0.20627
2356.98951,0.19764
2355.06071,0.18245
2353.13191,0.16200
2351.20312,0.14131
2349.27432,0.13036
2347.34552,0.13520
2345.41673,0.15021
2343.48793,0.16084
2341.55913,0.16225
2339.63034,0.15975
2337.70154,0.15633
2335.77274,0.15335
2333.84395,0.15213
2331.91515,0.15188
2329.98635,0.14936
2328.05756,0.14398
2326.12876,0.13882
2324.19996,0.13543
2322.27117,0.13129
2320.34237,0.12343
2318.41357,0.11315
2316.48478,0.10423
2314.55598,0.09845
2312.62718,0.09439
2310.69839,0.08970
2308.76959,0.08370
2306.84079,0.07694
2304.91200,0.07038
2302.98320,0.06513
2301.05440,0.06112
2299.12561,0.05747
2297.19681,0.05424
2295.26801,0.05168
2293.33922,0.04924
2291.41042,0.04660
2289.48162,0.04410
2287.55283,0.04198
2285.62403,0.04032
2283.69523,0.03942
2281.76644,0.03952
2279.83764,0.04018
2277.90884,0.04092
2275.98005,0.04155
2274.05125,0.04181
2272.12245,0.04196
2270.19366,0.04254
2268.26486,0.04332
2266.33606,0.04372
2264.40727,0.04365
2262.47847,0.04360
2260.54967,0.04397
2258.62088,0.04462
2256.69208,0.04512
2254.76328,0.04514
2252.83449,0.04465
2250.90569,0.04385
2248.97689,0.04296
2247.04810,0.04249
2245.11930,0.04311
2243.19050,0.04444
2241.26171,0.04516
2239.33291,0.04491
2237.40411,0.04446
2235.47532,0.04462
2233.54652,0.04526
2231.61772,0.04588
2229.68893,0.04681
2227.76013,0.04770
2225.83133,0.04724
2223.90254,0.04628
2221.97374,0.04647
2220.04494,0.04749
2218.11615,0.04824
2216.18735,0.04839
2214.25855,0.04817
2212.32976,0.04783
2210.40096,0.04795
2208.47216,0.04875
2206.54337,0.04931
2204.61457,0.04958
2202.68577,0.05058
2200.75698,0.05243
2198.82818,0.05430
2196.89938,0.05451
2194.97059,0.05356
2193.04179,0.05407
2191.11299,0.05553
2189.18420,0.05619
2187.25540,0.05636
2185.32660,0.05603
2183.39781,0.05540
2181.46901,0.05585
2179.54021,0.05716
2177.61142,0.05779
2175.68262,0.05789
2173.75382,0.05840
2171.82503,0.05886
2169.89623,0.05911
2167.96743,0.05991
2166.03864,0.06083
2164.10984,0.06115
2162.18104,0.06193
2160.25225,0.06473
2158.32345,0.06821
2156.39465,0.06687
2154.46586,0.06041
2152.53706,0.05531
2150.60826,0.05391
2148.67947,0.05287
2146.75067,0.05034
2144.82187,0.04780
2142.89308,0.04543
2140.96428,0.04249
2139.03548,0.04045
2137.10669,0.04019
2135.17789,0.04023
2133.24909,0.03952
2131.32030,0.03826
2129.39150,0.03659
2127.46270,0.03472
2125.53391,0.03334
2123.60511,0.03240
2121.67631,0.03124
2119.74752,0.03005
2117.81872,0.02957
2115.88992,0.03005
2113.96113,0.03077
2112.03233,0.03091
2110.10353,0.03073
2108.17474,0.03084
2106.24594,0.03120
2104.31714,0.03176
2102.38835,0.03244
2100.45955,0.03251
2098.53075,0.03204
2096.60196,0.03169
2094.67316,0.03150
2092.74436,0.03132
2090.81557,0.03109
2088.88677,0.03101
2086.95797,0.03116
2085.02918,0.03130
2083.10038,0.03163
2081.17158,0.03228
2079.24279,0.03263
2077.31399,0.03252
2075.38519,0.03222
2073.45640,0.03201
2071.52760,0.03248
2069.59880,0.03331
2067.67001,0.03398
2065.74121,0.03465
2063.81241,0.03504
2061.88362,0.03491
2059.95482,0.03473
2058.02602,0.03479
2056.09723,0.03497
2054.16843,0.03523
2052.23963,0.03581
2050.31084,0.03729
2048.38204,0.03952
2046.45324,0.04169
2044.52445,0.04321
2042.59565,0.04352
2040.66685,0.04375
2038.73806,0.04509
2036.80926,0.04586
2034.88046,0.04541
2032.95167,0.04581
2031.02287,0.04751
2029.09407,0.04822
2027.16528,0.04669
2025.23648,0.04456
2023.30768,0.04355
2021.37889,0.04346
2019.45009,0.04406
2017.52129,0.04526
2015.59250,0.04544
2013.66370,0.04433
2011.73490,0.04351
2009.80611,0.04300
2007.87731,0.04086
2005.94851,0.03718
2004.01972,0.03555
2002.09092,0.03716
2000.16212,0.03894
1998.23333,0.03884
1996.30453,0.03762
1994.37574,0.03630
1992.44694,0.03547
1990.51814,0.03506
1988.58935,0.03487
1986.66055,0.03526
1984.73175,0.03544
1982.80296,0.03519
1980.87416,0.03611
1978.94536,0.03796
1977.01657,0.03845
1975.08777,0.03742
1973.15897,0.03613
1971.23018,0.03477
1969.30138,0.03426
1967.37258,0.03511
1965.44379,0.03569
1963.51499,0.03487
1961.58619,0.03333
1959.65740,0.03182
1957.72860,0.03040
1955.79980,0.02912
1953.87101,0.02845
1951.94221,0.02876
1950.01341,0.02929
1948.08462,0.02899
1946.15582,0.02839
1944.22702,0.02835
1942.29823,0.02837
1940.36943,0.02781
1938.44063,0.02670
1936.51184,0.02565
1934.58304,0.02545
1932.65424,0.02541
1930.72545,0.02477
1928.79665,0.02430
1926.86785,0.02450
1924.93906,0.02508
1923.01026,0.02542
1921.08146,0.02542
1919.15267,0.02545
1917.22387,0.02501
1915.29507,0.02416
1913.36628,0.02401
1911.43748,0.02466
1909.50868,0.02510
1907.57989,0.02472
1905.65109,0.02399
1903.72229,0.02359
1901.79350,0.02353
1899.86470,0.02361
1897.93590,0.02386
1896.00711,0.02416
1894.07831,0.02417
1892.14951,0.02419
1890.22072,0.02448
1888.29192,0.02434
1886.36312,0.02369
1884.43433,0.02314
1882.50553,0.02285
1880.57673,0.02268
1878.64794,0.02240
1876.71914,0.02211
1874.79034,0.02207
1872.86155,0.02261
1870.93275,0.02394
1869.00395,0.02496
1867.07516,0.02430
1865.14636,0.02299
1863.21756,0.02235
1861.28877,0.02220
1859.35997,0.02217
1857.43117,0.02220
1855.50238,0.02218
1853.57358,0.02218
1851.64478,0.02235
1849.71599,0.02293
1847.78719,0.02399
1845.85839,0.02526
1843.92960,0.02543
1842.00080,0.02409
1840.07200,0.02305
1838.14321,0.02287
1836.21441,0.02277
1834.28561,0.02273
1832.35682,0.02345
1830.42802,0.02431
1828.49922,0.02421
1826.57043,0.02379
1824.64163,0.02329
1822.71283,0.02231
1820.78404,0.02158
1818.85524,0.02151
1816.92644,0.02158
1814.99765,0.02171
1813.06885,0.02225
1811.14005,0.02275
1809.21126,0.02258
1807.28246,0.02212
1805.35366,0.02223
1803.42487,0.02313
1801.49607,0.02403
1799.56727,0.02403
1797.63848,0.02369
1795.70968,0.02415
1793.78088,0.02538
1791.85209,0.02563
1789.92329,0.02409
1787.99449,0.02283
1786.06570,0.02279
1784.13690,0.02305
1782.20810,0.02320
1780.27931,0.02309
1778.35051,0.02272
1776.42171,0.02299
1774.49292,0.02431
1772.56412,0.02546
1770.63532,0.02516
1768.70653,0.02403
1766.77773,0.02276
1764.84893,0.02226
1762.92014,0.02286
1760.99134,0.02327
1759.06254,0.02321
1757.13375,0.02316
1755.20495,0.02314
1753.27615,0.02414
1751.34736,0.02617
1749.41856,0.02691
1747.48976,0.02592
1745.56097,0.02500
1743.63217,0.02479
1741.70337,0.02488
1739.77458,0.02469
1737.84578,0.02471
1735.91698,0.02612
1733.98819,0.02747
1732.05939,0.02607
1730.13059,0.02377
1728.20180,0.02212
1726.27300,0.02139
1724.34420,0.02162
1722.41541,0.02247
1720.48661,0.02468
1718.55781,0.02826
1716.62902,0.03025
1714.70022,0.02936
1712.77142,0.02815
1710.84263,0.02845
1708.91383,0.03067
1706.98503,0.03452
1705.05624,0.03889
1703.12744,0.04370
1701.19864,0.05056
1699.26985,0.05788
1697.34105,0.06386
1695.41225,0.07039
1693.48346,0.07732
1691.55466,0.08585
1689.62586,0.09751
1687.69707,0.11081
1685.76827,0.12687
1683.83947,0.14600
1681.91068,0.16045
1679.98188,0.17157
1678.05308,0.18424
1676.12429,0.19942
1674.19549,0.21490
1672.26669,0.22804
1670.33790,0.24030
1668.40910,0.25060
1666.48030,0.25711
1664.55151,0.26295
1662.62271,0.26857
1660.69391,0.27164
1658.76512,0.27320
1656.83632,0.27590
1654.90752,0.28067
1652.97873,0.28352
1651.04993,0.28208
1649.12113,0.28311
1647.19234,0.28784
1645.26354,0.29308
1643.33474,0.29894
1641.40595,0.30844
1639.47715,0.32201
1637.54835,0.33982
1635.61956,0.36176
1633.69076,0.38127
1631.76197,0.39716
1629.83317,0.41410
1627.90437,0.43144
1625.97558,0.44583
1624.04678,0.45640
1622.11798,0.46223
1620.18919,0.46405
1618.26039,0.46434
1616.33159,0.46235
1614.40280,0.45868
1612.47400,0.45690
1610.54520,0.45815
1608.61641,0.46218
1606.68761,0.46849
1604.75881,0.47698
1602.83002,0.48714
1600.90122,0.49776
1598.97242,0.50760
1597.04363,0.51541
1595.11483,0.51989
1593.18603,0.52012
1591.25724,0.51603
1589.32844,0.50740
1587.39964,0.49436
1585.47085,0.47774
1583.54205,0.45834
1581.61325,0.43742
1579.68446,0.41722
1577.75566,0.39622
1575.82686,0.37022
1573.89807,0.34595
1571.96927,0.32720
1570.04047,0.30783
1568.11168,0.28742
1566.18288,0.26979
1564.25408,0.25528
1562.32529,0.24522
1560.39649,0.23724
1558.46769,0.22290
1556.53890,0.20665
1554.61010,0.19453
1552.68130,0.18457
1550.75251,0.17603
1548.82371,0.16841
1546.89491,0.16269
1544.96612,0.15920
1543.03732,0.15660
1541.10852,0.15269
1539.17973,0.14468
1537.25093,0.13703
1535.32213,0.13303
1533.39334,0.12970
1531.46454,0.12528
1529.53574,0.12207
1527.60695,0.12055
1525.67815,0.11925
1523.74935,0.11823
1521.82056,0.11712
1519.89176,0.11474
1517.96296,0.11208
1516.03417,0.10935
1514.10537,0.10682
1512.17657,0.10617
1510.24778,0.10822
1508.31898,0.11162
1506.39018,0.11123
1504.46139,0.10696
1502.53259,0.10528
1500.60379,0.10718
1498.67500,0.11113
1496.74620,0.11509
1494.81740,0.11842
1492.88861,0.12344
1490.95981,0.13179
1489.03101,0.14117
1487.10222,0.14896
1485.17342,0.15696
1483.24462,0.16722
1481.31583,0.17976
1479.38703,0.19357
1477.45823,0.20860
1475.52944,0.22502
1473.60064,0.24169
1471.67184,0.25570
1469.74305,0.26528
1467.81425,0.27367
1465.88545,0.28258
1463.95666,0.28912
1462.02786,0.29230
1460.09906,0.29464
1458.17027,0.29483
1456.24147,0.28705
1454.31267,0.27446
1452.38388,0.26230
1450.45508,0.25018
1448.52628,0.23682
1446.59749,0.22180
1444.66869,0.20695
1442.73989,0.19327
1440.81110,0.18136
1438.88230,0.17163
1436.95350,0.16120
1435.02471,0.14919
1433.09591,0.13919
1431.16711,0.13124
1429.23832,0.12359
1427.30952,0.11675
1425.38072,0.11143
1423.45193,0.10715
1421.52313,0.10412
1419.59433,0.10166
1417.66554,0.09739
1415.73674,0.09212
1413.80794,0.08803
1411.87915,0.08515
1409.95035,0.08272
1408.02155,0.08082
1406.09276,0.07944
1404.16396,0.07770
1402.23516,0.07596
1400.30637,0.07526
1398.37757,0.07500
1396.44877,0.07417
1394.51998,0.07225
1392.59118,0.06961
1390.66238,0.06796
1388.73359,0.06758
1386.80479,0.06666
1384.87599,0.06468
1382.94720,0.06303
1381.01840,0.06222
1379.08960,0.06178
1377.16081,0.06174
1375.23201,0.06187
1373.30321,0.06111
1371.37442,0.05966
1369.44562,0.05868
1367.51682,0.05824
1365.58803,0.05844
1363.65923,0.05920
1361.73043,0.05902
1359.80164,0.05762
1357.87284,0.05643
1355.94404,0.05588
1354.01525,0.05553
1352.08645,0.05519
1350.15765,0.05494
1348.22886,0.05469
1346.30006,0.05445
1344.37126,0.05447
1342.44247,0.05519
1340.51367,0.05624
1338.58487,0.05632
1336.65608,0.05529
1334.72728,0.05426
1332.79848,0.05368
1330.86969,0.05333
1328.94089,0.05305
1327.01209,0.05282
1325.08330,0.05263
1323.15450,0.05251
1321.22570,0.05254
1319.29691,0.05261
1317.36811,0.05244
1315.43931,0.05217
1313.51052,0.05196
1311.58172,0.05169
1309.65292,0.05141
1307.72413,0.05119
1305.79533,0.05099
1303.86653,0.05088
1301.93774,0.05088
1300.00894,0.05095
1298.08014,0.05105
1296.15135,0.05108
1294.22255,0.05099
1292.29375,0.05087
1290.36496,0.05084
1288.43616,0.05084
1286.50736,0.05072
1284.57857,0.05054
1282.64977,0.05045
1280.72097,0.05040
1278.79218,0.05030
1276.86338,0.05022
1274.93458,0.05030
1273.00579,0.05054
1271.07699,0.05072
1269.14820,0.05078
1267.21940,0.05092
1265.29060,0.05118
1263.36181,0.05143
1261.43301,0.05161
1259.50421,0.05169
1257.57542,0.05166
1255.64662,0.05162
1253.71782,0.05165
1251.78903,0.05177
1249.86023,0.05194
1247.93143,0.05209
1246.00264,0.05225
1244.07384,0.05245
1242.14504,0.05263
1240.21625,0.05273
1238.28745,0.05282
1236.35865,0.05293
1234.42986,0.05304
1232.50106,0.05321
1230.57226,0.05349
1228.64347,0.05381
1226.71467,0.05408
1224.78587,0.05432
1222.85708,0.05462
1220.92828,0.05505
1218.99948,0.05558
1217.07069,0.05616
1215.14189,0.05673
1213.21309,0.05732
1211.28430,0.05801
1209.35550,0.05874
1207.42670,0.05952
1205.49791,0.06038
1203.56911,0.06132
1201.64031,0.06232
1199.71152,0.06350
1197.78272,0.06487
1195.85392,0.06635
1193.92513,0.06795
1191.99633,0.06982
1190.06753,0.07203
1188.13874,0.07449
1186.20994,0.07712
1184.28114,0.07994
1182.35235,0.08309
1180.42355,0.08678
1178.49475,0.09104
1176.56596,0.09572
1174.63716,0.10065
1172.70836,0.10580
1170.77957,0.11112
1168.85077,0.11651
1166.92197,0.12181
1164.99318,0.12681
1163.06438,0.13123
1161.13558,0.13469
1159.20679,0.13690
1157.27799,0.13777
1155.34919,0.13721
1153.42040,0.13531
1151.49160,0.13232
1149.56280,0.12840
1147.63401,0.12372
1145.70521,0.11855
1143.77641,0.11319
1141.84762,0.10792
1139.91882,0.10288
1137.99002,0.09809
1136.06123,0.09362
1134.13243,0.08953
1132.20363,0.08589
1130.27484,0.08275
1128.34604,0.08002
1126.41724,0.07759
1124.48845,0.07546
1122.55965,0.07364
1120.63085,0.07214
1118.70206,0.07087
1116.77326,0.06972
1114.84446,0.06871
1112.91567,0.06789
1110.98687,0.06718
1109.05807,0.06654
1107.12928,0.06604
1105.20048,0.06569
1103.27168,0.06541
1101.34289,0.06516
1099.41409,0.06498
1097.48529,0.06488
1095.55650,0.06485
1093.62770,0.06488
1091.69890,0.06498
1089.77011,0.06520
1087.84131,0.06548
1085.91251,0.06567
1083.98372,0.06587
1082.05492,0.06619
1080.12612,0.06661
1078.19733,0.06709
1076.26853,0.06760
1074.33973,0.06815
1072.41094,0.06870
1070.48214,0.06916
1068.55334,0.06942
1066.62455,0.06957
1064.69575,0.06972
1062.76695,0.06975
1060.83816,0.06949
1058.90936,0.06907
1056.98056,0.06867
1055.05177,0.06820
1053.12297,0.06758
1051.19417,0.06686
1049.26538,0.06609
1047.33658,0.06531
1045.40778,0.06457
1043.47899,0.06383
1041.55019,0.06299
1039.62139,0.06211
1037.69260,0.06130
1035.76380,0.06057
1033.83500,0.05980
1031.90621,0.05905
1029.97741,0.05841
1028.04861,0.05781
1026.11982,0.05723
1024.19102,0.05679
1022.26222,0.05650
1020.33343,0.05618
1018.40463,0.05580
1016.47583,0.05553
1014.54704,0.05539
1012.61824,0.05529
1010.68944,0.05509
1008.76065,0.05468
1006.83185,0.05409
1004.90305,0.05338
1002.97426,0.05260
1001.04546,0.05185
999.11666,0.05124
997.18787,0.05074
995.25907,0.05024
993.33027,0.04970
991.40148,0.04920
989.47268,0.04877
987.54388,0.04831
985.61509,0.04779
983.68629,0.04733
981.75749,0.04694
979.82870,0.04649
977.89990,0.04593
975.97110,0.04537
974.04231,0.04488
972.11351,0.04440
970.18471,0.04392
968.25592,0.04358
966.32712,0.04343
964.39832,0.04331
962.46953,0.04310
960.54073,0.04276
958.61193,0.04230
956.68314,0.04179
954.75434,0.04131
952.82554,0.04100
950.89675,0.04077
948.96795,0.04039
947.03915,0.03987
945.11036,0.03936
943.18156,0.03885
941.25276,0.03827
939.32397,0.03766
937.39517,0.03710
935.46637,0.03658
933.53758,0.03602
931.60878,0.03545
929.67998,0.03492
927.75119,0.03450
925.82239,0.03416
923.89359,0.03369
921.96480,0.03302
920.03600,0.03236
918.10720,0.03186
916.17841,0.03145
914.24961,0.03102
912.32081,0.03066
910.39202,0.03038
908.46322,0.03002
906.53443,0.02950
904.60563,0.02897
902.67683,0.02861
900.74804,0.02834
898.81924,0.02799
896.89044,0.02748
894.96165,0.02686
893.03285,0.02621
891.10405,0.02557
889.17526,0.02493
887.24646,0.02428
885.31766,0.02358
883.38887,0.02289
881.46007,0.02228
879.53127,0.02173
877.60248,0.02123
875.67368,0.02079
873.74488,0.02040
871.81609,0.02004
869.88729,0.01966
867.95849,0.01921
866.02970,0.01884
864.10090,0.01866
862.17210,0.01850
860.24331,0.01821
858.31451,0.01791
856.38571,0.01765
854.45692,0.01742
852.52812,0.01725
850.59932,0.01705
848.67053,0.01672
846.74173,0.01639
844.81293,0.01608
842.88414,0.01569
840.95534,0.01532
839.02654,0.01509
837.09775,0.01489
835.16895,0.01466
833.24015,0.01451
831.31136,0.01443
829.38256,0.01431
827.45376,0.01410
825.52497,0.01397
823.59617,0.01409
821.66737,0.01442
819.73858,0.01463
817.80978,0.01471
815.88098,0.01494
813.95219,0.01532
812.02339,0.01565
810.09459,0.01604
808.16580,0.01664
806.23700,0.01732
804.30820,0.01795
802.37941,0.01863
800.45061,0.01937
798.52181,0.02017
796.59302,0.02109
794.66422,0.02208
792.73542,0.02310
790.80663,0.02417
788.87783,0.02518
786.94903,0.02597
785.02024,0.02641
783.09144,0.02628
781.16264,0.02550
779.23385,0.02419
777.30505,0.02261
775.37625,0.02117
773.44746,0.02021
771.51866,0.01965
769.58986,0.01907
767.66107,0.01841
765.73227,0.01806
763.80347,0.01795
761.87468,0.01762
759.94588,0.01720
758.01708,0.01720
756.08829,0.01745
754.15949,0.01754
752.23069,0.01771
750.30190,0.01800
748.37310,0.01798
