3496.90832,0.07337
3494.97953,0.07288
3493.05073,0.06813
3491.12193,0.06289
3489.19314,0.06316
3487.26434,0.06695
3485.33554,0.06481
3483.40675,0.06095
3481.47795,0.06580
3479.54915,0.07367
3477.62036,0.07469
3475.69156,0.07008
3473.76276,0.06466
3471.83397,0.06055
3469.90517,0.05848
3467.97637,0.06067
3466.04758,0.06779
3464.11878,0.07329
3462.18998,0.07081
3460.26119,0.06371
3458.33239,0.05931
3456.40359,0.05850
3454.47480,0.05916
3452.54600,0.06066
3450.61721,0.06070
3448.68841,0.05705
3446.75961,0.05339
3444.83082,0.05511
3442.90202,0.06013
3440.97322,0.06337
3439.04443,0.06339
3437.11563,0.06069
3435.18683,0.05682
3433.25804,0.05357
3431.32924,0.05121
3429.40044,0.05090
3427.47165,0.05199
3425.54285,0.04926
3423.61405,0.04264
3421.68526,0.03844
3419.75646,0.04171
3417.82766,0.05362
3415.89887,0.06165
3413.97007,0.05293
3412.04127,0.03964
3410.11248,0.03683
3408.18368,0.04059
3406.25488,0.04182
3404.32609,0.03624
3402.39729,0.03134
3400.46849,0.03836
3398.53970,0.04921
3396.61090,0.04997
3394.68210,0.04778
3392.75331,0.05180
3390.82451,0.05494
3388.89571,0.05281
3386.96692,0.04886
3385.03812,0.04351
3383.10932,0.03841
3381.18053,0.03914
3379.25173,0.04456
3377.32293,0.04877
3375.39414,0.05031
3373.46534,0.05224
3371.53654,0.05749
3369.60775,0.06493
3367.67895,0.07268
3365.75015,0.07715
3363.82136,0.07288
3361.89256,0.06153
3359.96376,0.04991
3358.03497,0.04293
3356.10617,0.04442
3354.17737,0.05368
3352.24858,0.06218
3350.31978,0.06368
3348.39098,0.06121
3346.46219,0.05989
3344.53339,0.06144
3342.60459,0.06432
3340.67580,0.06262
3338.74700,0.05446
3336.81820,0.04687
3334.88941,0.04364
3332.96061,0.04402
3331.03181,0.04884
3329.10302,0.05441
3327.17422,0.05271
3325.24542,0.04472
3323.31663,0.04030
3321.38783,0.04438
3319.45903,0.05198
3317.53024,0.05238
3315.60144,0.04130
3313.67264,0.02939
3311.74385,0.02508
3309.81505,0.02706
3307.88625,0.03517
3305.95746,0.04389
3304.02866,0.04509
3302.09986,0.04052
3300.17107,0.03493
3298.24227,0.03013
3296.31347,0.02845
3294.38468,0.02786
3292.45588,0.02462
3290.52708,0.02292
3288.59829,0.02525
3286.66949,0.02478
3284.74069,0.02294
3282.81190,0.02817
3280.88310,0.03568
3278.95430,0.03946
3277.02551,0.04246
3275.09671,0.04201
3273.16791,0.03785
3271.23912,0.03730
3269.31032,0.03881
3267.38152,0.03753
3265.45273,0.03515
3263.52393,0.03290
3261.59513,0.03244
3259.66634,0.03450
3257.73754,0.03534
3255.80874,0.03574
3253.87995,0.03798
3251.95115,0.03950
3250.02235,0.03960
3248.09356,0.03843
3246.16476,0.03463
3244.23596,0.03207
3242.30717,0.03329
3240.37837,0.03456
3238.44957,0.03631
3236.52078,0.03964
3234.59198,0.04076
3232.66318,0.03987
3230.73439,0.04106
3228.80559,0.04192
3226.87679,0.03656
3224.94800,0.02852
3223.01920,0.02723
3221.09040,0.03564
3219.16161,0.04789
3217.23281,0.05609
3215.30401,0.05746
3213.37522,0.05417
3211.44642,0.05108
3209.51762,0.05097
3207.58883,0.05095
3205.66003,0.04921
3203.73123,0.04731
3201.80244,0.04659
3199.87364,0.04744
3197.94484,0.04868
3196.01605,0.04833
3194.08725,0.04732
3192.15845,0.04748
3190.22966,0.04886
3188.30086,0.05048
3186.37206,0.04868
3184.44327,0.04307
3182.51447,0.03952
3180.58567,0.04039
3178.65688,0.04306
3176.72808,0.04322
3174.79928,0.04041
3172.87049,0.03923
3170.94169,0.03925
3169.01289,0.03631
3167.08410,0.03137
3165.15530,0.02916
3163.22650,0.03113
3161.29771,0.03359
3159.36891,0.03290
3157.44011,0.03121
3155.51132,0.03243
3153.58252,0.03486
3151.65372,0.03595
3149.72493,0.03561
3147.79613,0.03367
3145.86733,0.03152
3143.93854,0.03099
3142.00974,0.03158
3140.08094,0.03171
3138.15215,0.03076
3136.22335,0.02871
3134.29455,0.02674
3132.36576,0.02744
3130.43696,0.03045
3128.50816,0.03262
3126.57937,0.03330
3124.65057,0.03375
3122.72177,0.03392
3120.79298,0.03366
3118.86418,0.03371
3116.93538,0.03438
3115.00659,0.03479
3113.07779,0.03356
3111.14899,0.03183
3109.22020,0.03151
3107.29140,0.03170
3105.36260,0.03170
3103.43381,0.03160
3101.50501,0.03099
3099.57621,0.03038
3097.64742,0.02955
3095.71862,0.02804
3093.78982,0.02721
3091.86103,0.02797
3089.93223,0.02990
3088.00344,0.03204
3086.07464,0.03297
3084.14584,0.03232
3082.21705,0.03121
3080.28825,0.03052
3078.35945,0.03014
3076.43066,0.02975
3074.50186,0.02937
3072.57306,0.02951
3070.64427,0.03022
3068.71547,0.03038
3066.78667,0.02979
3064.85788,0.02982
3062.92908,0.03073
3061.00028,0.03127
3059.07149,0.03078
3057.14269,0.02975
3055.21389,0.02922
3053.28510,0.02961
3051.35630,0.03049
3049.42750,0.03100
3047.49871,0.03063
3045.56991,0.03005
3043.64111,0.03020
3041.71232,0.03091
3039.78352,0.03130
3037.85472,0.03140
3035.92593,0.03219
3033.99713,0.03345
3032.06833,0.03415
3030.13954,0.03424
3028.21074,0.03400
3026.28194,0.03345
3024.35315,0.03291
3022.42435,0.03281
3020.49555,0.03300
3018.56676,0.03311
3016.63796,0.03353
3014.70916,0.03432
3012.78037,0.03490
3010.85157,0.03503
3008.92277,0.03469
3006.99398,0.03426
3005.06518,0.03413
3003.13638,0.03408
3001.20759,0.03384
2999.27879,0.03358
2997.34999,0.03356
2995.42120,0.03416
2993.49240,0.03506
2991.56360,0.03550
2989.63481,0.03564
2987.70601,0.03555
2985.77721,0.03509
2983.84842,0.03476
2981.91962,0.03484
2979.99082,0.03519
2978.06203,0.03557
2976.13323,0.03587
2974.20443,0.03618
2972.27564,0.03650
2970.34684,0.03678
2968.41804,0.03678
2966.48925,0.03661
2964.56045,0.03685
2962.63165,0.03743
2960.70286,0.03783
2958.77406,0.03816
2956.84526,0.03852
2954.91647,0.03852
2952.98767,0.03805
2951.05887,0.03772
2949.13008,0.03807
2947.20128,0.03878
2945.27248,0.03926
2943.34369,0.03940
2941.41489,0.03941
2939.48609,0.03955
2937.55730,0.03999
2935.62850,0.04068
2933.69970,0.04153
2931.77091,0.04218
2929.84211,0.04223
2927.91331,0.04192
2925.98452,0.04188
2924.05572,0.04221
2922.12692,0.04237
2920.19813,0.04214
2918.26933,0.04213
2916.34053,0.04244
2914.41174,0.04223
2912.48294,0.04135
2910.55414,0.04038
2908.62535,0.03956
2906.69655,0.03907
2904.76775,0.03914
2902.83896,0.03943
2900.91016,0.03964
2898.98136,0.03996
2897.05257,0.04013
2895.12377,0.03975
2893.19497,0.03936
2891.26618,0.03956
2889.33738,0.03985
2887.40858,0.03965
2885.47979,0.03933
2883.55099,0.03945
2881.62219,0.03996
2879.69340,0.04031
2877.76460,0.04024
2875.83580,0.04008
2873.90701,0.04005
2871.97821,0.04009
2870.04941,0.04023
2868.12062,0.04044
2866.19182,0.04062
2864.26302,0.04094
2862.33423,0.04146
2860.40543,0.04185
2858.47663,0.04189
2856.54784,0.04174
2854.61904,0.04167
2852.69024,0.04178
2850.76145,0.04194
2848.83265,0.04200
2846.90385,0.04202
2844.97506,0.04208
2843.04626,0.04214
2841.11746,0.04216
2839.18867,0.04218
2837.25987,0.04212
2835.33107,0.04211
2833.40228,0.04232
2831.47348,0.04248
2829.54468,0.04244
2827.61589,0.04236
2825.68709,0.04253
2823.75829,0.04285
2821.82950,0.04293
2819.90070,0.04260
2817.97190,0.04214
2816.04311,0.04190
2814.11431,0.04195
2812.18551,0.04211
2810.25672,0.04213
2808.32792,0.04191
2806.39912,0.04171
2804.47033,0.04168
2802.54153,0.04166
2800.61273,0.04155
2798.68394,0.04132
2796.75514,0.04107
2794.82634,0.04094
2792.89755,0.04086
2790.96875,0.04077
2789.03995,0.04088
2787.11116,0.04106
2785.18236,0.04089
2783.25356,0.04054
2781.32477,0.04038
2779.39597,0.04030
2777.46717,0.03998
2775.53838,0.03955
2773.60958,0.03938
2771.68078,0.03938
2769.75199,0.03938
2767.82319,0.03948
2765.89439,0.03963
2763.96560,0.03953
2762.03680,0.03919
2760.10800,0.03886
2758.17921,0.03864
2756.25041,0.03843
2754.32161,0.03820
2752.39282,0.03802
2750.46402,0.03794
2748.53522,0.03806
2746.60643,0.03835
2744.67763,0.03860
2742.74883,0.03871
2740.82004,0.03874
2738.89124,0.03862
2736.96244,0.03856
2735.03365,0.03881
2733.10485,0.03901
2731.17605,0.03894
2729.24726,0.03882
2727.31846,0.03879
2725.38967,0.03875
2723.46087,0.03864
2721.53207,0.03853
2719.60328,0.03846
2717.67448,0.03835
2715.74568,0.03823
2713.81689,0.03816
2711.88809,0.03812
2709.95929,0.03806
2708.03050,0.03799
2706.10170,0.03800
2704.17290,0.03812
2702.24411,0.03819
2700.31531,0.03819
2698.38651,0.03821
2696.45772,0.03817
2694.52892,0.03810
2692.60012,0.03815
2690.67133,0.03823
2688.74253,0.03821
2686.81373,0.03820
2684.88494,0.03831
2682.95614,0.03843
2681.02734,0.03853
2679.09855,0.03866
2677.16975,0.03862
2675.24095,0.03828
2673.31216,0.03796
2671.38336,0.03782
2669.45456,0.03777
2667.52577,0.03780
2665.59697,0.03780
2663.66817,0.03768
2661.73938,0.03748
2659.81058,0.03730
2657.88178,0.03722
2655.95299,0.03717
2654.02419,0.03713
2652.09539,0.03719
2650.16660,0.03735
2648.23780,0.03764
2646.30900,0.03791
2644.38021,0.03790
2642.45141,0.03781
2640.52261,0.03797
2638.59382,0.03813
2636.66502,0.03809
2634.73622,0.03819
2632.80743,0.03856
2630.87863,0.03888
2628.94983,0.03891
2627.02104,0.03874
2625.09224,0.03865
2623.16344,0.03871
2621.23465,0.03887
2619.30585,0.03903
2617.37705,0.03901
2615.44826,0.03872
2613.51946,0.03841
2611.59066,0.03830
2609.66187,0.03836
2607.73307,0.03841
2605.80427,0.03831
2603.87548,0.03824
2601.94668,0.03834
2600.01788,0.03853
2598.08909,0.03888
2596.16029,0.03933
2594.23149,0.03959
2592.30270,0.03969
2590.37390,0.03996
2588.44510,0.04014
2586.51631,0.03986
2584.58751,0.03953
2582.65871,0.03947
2580.72992,0.03936
2578.80112,0.03919
2576.87232,0.03934
2574.94353,0.03958
2573.01473,0.03923
2571.08593,0.03870
2569.15714,0.03867
2567.22834,0.03884
2565.29954,0.03884
2563.37075,0.03868
2561.44195,0.03858
2559.51315,0.03856
2557.58436,0.03838
2555.65556,0.03810
2553.72676,0.03789
2551.79797,0.03782
2549.86917,0.03811
2547.94037,0.03853
2546.01158,0.03878
2544.08278,0.03913
2542.15398,0.03943
2540.22519,0.03933
2538.29639,0.03904
2536.36759,0.03868
2534.43880,0.03862
2532.51000,0.03902
2530.58120,0.03914
2528.65241,0.03871
2526.72361,0.03828
2524.79481,0.03789
2522.86602,0.03744
2520.93722,0.03724
2519.00842,0.03729
2517.07963,0.03740
2515.15083,0.03759
2513.22203,0.03767
2511.29324,0.03745
2509.36444,0.03720
2507.43564,0.03720
2505.50685,0.03718
2503.57805,0.03689
2501.64925,0.03669
2499.72046,0.03695
2497.79166,0.03722
2495.86286,0.03716
2493.93407,0.03705
2492.00527,0.03694
2490.07647,0.03684
2488.14768,0.03701
2486.21888,0.03726
2484.29008,0.03741
2482.36129,0.03747
2480.43249,0.03735
2478.50369,0.03723
2476.57490,0.03734
2474.64610,0.03739
2472.71730,0.03712
2470.78851,0.03679
2468.85971,0.03662
2466.93091,0.03658
2465.00212,0.03663
2463.07332,0.03671
2461.14452,0.03655
2459.21573,0.03613
2457.28693,0.03583
2455.35813,0.03577
2453.42934,0.03593
2451.50054,0.03628
2449.57174,0.03629
2447.64295,0.03580
2445.71415,0.03551
2443.78535,0.03578
2441.85656,0.03613
2439.92776,0.03632
2437.99896,0.03637
2436.07017,0.03611
2434.14137,0.03573
2432.21257,0.03550
2430.28378,0.03540
2428.35498,0.03552
2426.42618,0.03579
2424.49739,0.03586
2422.56859,0.03549
2420.63979,0.03476
2418.71100,0.03401
2416.78220,0.03362
2414.85340,0.03361
2412.92461,0.03355
2410.99581,0.03337
2409.06701,0.03344
2407.13822,0.03358
2405.20942,0.03327
2403.28062,0.03282
2401.35183,0.03264
2399.42303,0.03253
2397.49423,0.03231
2395.56544,0.03210
2393.63664,0.03207
2391.70784,0.03238
2389.77905,0.03336
2387.85025,0.03561
2385.92145,0.03983
2383.99266,0.04674
2382.06386,0.05678
2380.13506,0.06955
2378.20627,0.08372
2376.27747,0.09815
2374.34867,0.11293
2372.41988,0.12846
2370.49108,0.14408
2368.56228,0.15848
2366.63349,0.17105
2364.70469,0.18142
2362.77589,0.18883
2360.84710,0.19197
2358.91830,0.18973
2356.98951,0.18177
2355.06071,0.16786
2353.13191,0.14885
2351.20312,0.12987
2349.27432,0.12004
2347.34552,0.12464
2345.41673,0.13860
2343.48793,0.14864
2341.55913,0.15015
2339.63034,0.14797
2337.70154,0.14485
2335.77274,0.14205
2333.84395,0.14078
2331.91515,0.14046
2329.98635,0.13820
2328.05756,0.13345
2326.12876,0.12903
2324.19996,0.12596
2322.27117,0.12185
2320.34237,0.11440
2318.41357,0.10477
2316.48478,0.09630
2314.55598,0.09102
2312.62718,0.08743
2310.69839,0.08278
2308.76959,0.07672
2306.84079,0.07044
2304.91200,0.06472
2302.98320,0.06004
2301.05440,0.05634
2299.12561,0.05316
2297.19681,0.05048
2295.26801,0.04836
2293.33922,0.04630
2291.41042,0.04380
2289.48162,0.04121
2287.55283,0.03929
2285.62403,0.03806
2283.69523,0.03723
2281.76644,0.03710
2279.83764,0.03783
2277.90884,0.03878
2275.98005,0.03904
2274.05125,0.03852
2272.12245,0.03821
2270.19366,0.03904
2268.26486,0.04031
2266.33606,0.04082
2264.40727,0.04063
2262.47847,0.04063
2260.54967,0.04113
2258.62088,0.04150
2256.69208,0.04136
2254.76328,0.04105
2252.83449,0.04090
2250.90569,0.04088
2248.97689,0.04071
2247.04810,0.04039
2245.11930,0.04065
2243.19050,0.04162
2241.26171,0.04251
2239.33291,0.04290
2237.40411,0.04317
2235.47532,0.04385
2233.54652,0.04464
2231.61772,0.04493
2229.68893,0.04512
2227.76013,0.04517
2225.83133,0.04409
2223.90254,0.04279
2221.97374,0.04272
2220.04494,0.04345
2218.11615,0.04444
2216.18735,0.04560
2214.25855,0.04619
2212.32976,0.04587
2210.40096,0.04576
2208.47216,0.04665
2206.54337,0.04717
2204.61457,0.04642
2202.68577,0.04603
2200.75698,0.04745
2198.82818,0.04948
2196.89938,0.05013
2194.97059,0.04968
2193.04179,0.04965
2191.11299,0.05084
2189.18420,0.05286
2187.25540,0.05428
2185.32660,0.05420
2183.39781,0.05318
2181.46901,0.05297
2179.54021,0.05412
2177.61142,0.05512
2175.68262,0.05540
2173.75382,0.05525
2171.82503,0.05512
2169.89623,0.05588
2167.96743,0.05664
2166.03864,0.05631
2164.10984,0.05696
2162.18104,0.06104
2160.25225,0.06752
2158.32345,0.07126
2156.39465,0.06712
2154.46586,0.05874
2152.53706,0.05286
2150.60826,0.05026
2148.67947,0.04849
2146.75067,0.04631
2144.82187,0.04406
2142.89308,0.04217
2140.96428,0.04023
2139.03548,0.03857
2137.10669,0.03816
2135.17789,0.03831
2133.24909,0.03732
2131.32030,0.03546
2129.39150,0.03401
2127.46270,0.03281
2125.53391,0.03150
2123.60511,0.03034
2121.67631,0.02928
2119.74752,0.02838
2117.81872,0.02809
2115.88992,0.02840
2113.96113,0.02856
2112.03233,0.02826
2110.10353,0.02829
2108.17474,0.02867
2106.24594,0.02856
2104.31714,0.02852
2102.38835,0.02917
2100.45955,0.02966
2098.53075,0.02953
2096.60196,0.02916
2094.67316,0.02886
2092.74436,0.02867
2090.81557,0.02872
2088.88677,0.02904
2086.95797,0.02935
2085.02918,0.02963
2083.10038,0.03020
2081.17158,0.03074
2079.24279,0.03050
2077.31399,0.02971
2075.38519,0.02932
2073.45640,0.02958
2071.52760,0.03045
2069.59880,0.03159
2067.67001,0.03229
2065.74121,0.03226
2063.81241,0.03185
2061.88362,0.03128
2059.95482,0.03080
2058.02602,0.03077
2056.09723,0.03096
2054.16843,0.03146
2052.23963,0.03265
2050.31084,0.03451
2048.38204,0.03670
2046.45324,0.03841
2044.52445,0.03934
2042.59565,0.04041
2040.66685,0.04193
2038.73806,0.04222
2036.80926,0.04084
2034.88046,0.04008
2032.95167,0.04075
2031.02287,0.04181
2029.09407,0.04248
2027.16528,0.04183
2025.23648,0.04016
2023.30768,0.03923
2021.37889,0.03872
2019.45009,0.03806
2017.52129,0.03881
2015.59250,0.04021
2013.66370,0.03994
2011.73490,0.03897
2009.80611,0.03928
2007.87731,0.03893
2005.94851,0.03572
2004.01972,0.03350
2002.09092,0.03546
2000.16212,0.03828
1998.23333,0.03818
1996.30453,0.03573
1994.37574,0.03376
1992.44694,0.03376
1990.51814,0.03444
1988.58935,0.03434
1986.66055,0.03385
1984.73175,0.03349
1982.80296,0.03395
1980.87416,0.03566
1978.94536,0.03708
1977.01657,0.03628
1975.08777,0.03419
1973.15897,0.03264
1971.23018,0.03143
1969.30138,0.03067
1967.37258,0.03089
1965.44379,0.03112
1963.51499,0.03029
1961.58619,0.02943
1959.65740,0.02962
1957.72860,0.02988
1955.79980,0.02948
1953.87101,0.02879
1951.94221,0.02805
1950.01341,0.02751
1948.08462,0.02728
1946.15582,0.02737
1944.22702,0.02783
1942.29823,0.02791
1940.36943,0.02695
1938.44063,0.02565
1936.51184,0.02494
1934.58304,0.02496
1932.65424,0.02507
1930.72545,0.02456
1928.79665,0.02359
1926.86785,0.02299
1924.93906,0.02314
1923.01026,0.02322
1921.08146,0.02303
1919.15267,0.02317
1917.22387,0.02304
1915.29507,0.02228
1913.36628,0.02189
1911.43748,0.02219
1909.50868,0.02247
1907.57989,0.02225
1905.65109,0.02187
1903.72229,0.02181
1901.79350,0.02197
1899.86470,0.02210
1897.93590,0.02228
1896.00711,0.02257
1894.07831,0.02276
1892.14951,0.02307
1890.22072,0.02342
1888.29192,0.02299
1886.36312,0.02212
1884.43433,0.02168
1882.50553,0.02164
1880.57673,0.02157
1878.64794,0.02130
1876.71914,0.02110
1874.79034,0.02103
1872.86155,0.02130
1870.93275,0.02239
1869.00395,0.02331
1867.07516,0.02264
1865.14636,0.02129
1863.21756,0.02047
1861.28877,0.02014
1859.35997,0.02004
1857.43117,0.02004
1855.50238,0.02010
1853.57358,0.02032
1851.64478,0.02076
1849.71599,0.02151
1847.78719,0.02258
1845.85839,0.02373
1843.92960,0.02387
1842.00080,0.02264
1840.07200,0.02168
1838.14321,0.02154
1836.21441,0.02145
1834.28561,0.02134
1832.35682,0.02200
1830.42802,0.02291
1828.49922,0.02289
1826.57043,0.02242
1824.64163,0.02173
1822.71283,0.02059
1820.78404,0.01976
1818.85524,0.01964
1816.92644,0.01973
1814.99765,0.01990
1813.06885,0.02041
1811.14005,0.02084
1809.21126,0.02065
1807.28246,0.02028
1805.35366,0.02051
1803.42487,0.02151
1801.49607,0.02248
1799.56727,0.02254
1797.63848,0.02217
1795.70968,0.02259
1793.78088,0.02387
1791.85209,0.02425
1789.92329,0.02278
1787.99449,0.02153
1786.06570,0.02147
1784.13690,0.02170
1782.20810,0.02175
1780.27931,0.02154
1778.35051,0.02114
1776.42171,0.02137
1774.49292,0.02267
1772.56412,0.02379
1770.63532,0.02338
1768.70653,0.02212
1766.77773,0.02079
1764.84893,0.02031
1762.92014,0.02095
1760.99134,0.02138
1759.06254,0.02132
1757.13375,0.02130
1755.20495,0.02134
1753.27615,0.02238
1751.34736,0.02443
1749.41856,0.02523
1747.48976,0.02433
1745.56097,0.02348
1743.63217,0.02329
1741.70337,0.02340
1739.77458,0.02324
1737.84578,0.02331
1735.91698,0.02469
1733.98819,0.02594
1732.05939,0.02457
1730.13059,0.02232
1728.20180,0.02065
1726.27300,0.01979
1724.34420,0.01983
1722.41541,0.02050
1720.48661,0.02257
1718.55781,0.02601
1716.62902,0.02785
1714.70022,0.02688
1712.77142,0.02563
1710.84263,0.02590
1708.91383,0.02808
1706.98503,0.03181
1705.05624,0.03593
1703.12744,0.04048
1701.19864,0.04707
1699.26985,0.05401
1697.34105,0.05962
1695.41225,0.06564
1693.48346,0.07195
1691.55466,0.07987
1689.62586,0.09085
1687.69707,0.10340
1685.76827,0.11866
1683.83947,0.13683
1681.91068,0.15042
1679.98188,0.16092
1678.05308,0.17307
1676.12429,0.18762
1674.19549,0.20226
1672.26669,0.21451
1670.33790,0.22601
1668.40910,0.23580
1666.48030,0.24211
1664.55151,0.24777
1662.62271,0.25310
1660.69391,0.25593
1658.76512,0.25744
1656.83632,0.26015
1654.90752,0.26494
1652.97873,0.26792
1651.04993,0.26657
1649.12113,0.26754
1647.19234,0.27226
1645.26354,0.27756
1643.33474,0.28335
1641.40595,0.29244
1639.47715,0.30533
1637.54835,0.32241
1635.61956,0.34352
1633.69076,0.36195
1631.76197,0.37667
1629.83317,0.39240
1627.90437,0.40853
1625.97558,0.42178
1624.04678,0.43110
1622.11798,0.43571
1620.18919,0.43674
1618.26039,0.43659
1616.33159,0.43426
1614.40280,0.43035
1612.47400,0.42841
1610.54520,0.42948
1608.61641,0.43320
1606.68761,0.43914
1604.75881,0.44740
1602.83002,0.45739
1600.90122,0.46760
1598.97242,0.47665
1597.04363,0.48371
1595.11483,0.48781
1593.18603,0.48768
1591.25724,0.48299
1589.32844,0.47386
1587.39964,0.46067
1585.47085,0.44425
1583.54205,0.42536
1581.61325,0.40515
1579.68446,0.38580
1577.75566,0.36589
1575.82686,0.34128
1573.89807,0.31826
1571.96927,0.30060
1570.04047,0.28251
1568.11168,0.26352
1566.18288,0.24728
1564.25408,0.23403
1562.32529,0.22500
1560.39649,0.21811
1558.46769,0.20529
1556.53890,0.19025
1554.61010,0.17901
1552.68130,0.16987
1550.75251,0.16212
1548.82371,0.15526
1546.89491,0.15021
1544.96612,0.14730
1543.03732,0.14529
1541.10852,0.14202
1539.17973,0.13463
1537.25093,0.12733
1535.32213,0.12354
1533.39334,0.12047
1531.46454,0.11631
1529.53574,0.11329
1527.60695,0.11192
1525.67815,0.11079
1523.74935,0.10996
1521.82056,0.10900
1519.89176,0.10668
1517.96296,0.10403
1516.03417,0.10138
1514.10537,0.09898
1512.17657,0.09840
1510.24778,0.10048
1508.31898,0.10399
1506.39018,0.10392
1504.46139,0.09986
1502.53259,0.09818
1500.60379,0.10003
1498.67500,0.10392
1496.74620,0.10782
1494.81740,0.11103
1492.88861,0.11580
1490.95981,0.12376
1489.03101,0.13267
1487.10222,0.14004
1485.17342,0.14760
1483.24462,0.15730
1481.31583,0.16913
1479.38703,0.18212
1477.45823,0.19626
1475.52944,0.21165
1473.60064,0.22715
1471.67184,0.24000
1469.74305,0.24863
1467.81425,0.25615
1465.88545,0.26408
1463.95666,0.26965
1462.02786,0.27207
1460.09906,0.27380
1458.17027,0.27345
1456.24147,0.26543
1454.31267,0.25300
1452.38388,0.24127
1450.45508,0.22981
1448.52628,0.21731
1446.59749,0.20328
1444.66869,0.18947
1442.73989,0.17685
1440.81110,0.16594
1438.88230,0.15708
1436.95350,0.14762
1435.02471,0.13662
1433.09591,0.12741
1431.16711,0.12011
1429.23832,0.11305
1427.30952,0.10671
1425.38072,0.10182
1423.45193,0.09794
1421.52313,0.09525
1419.59433,0.09307
1417.66554,0.08912
1415.73674,0.08419
1413.80794,0.08040
1411.87915,0.07778
1409.95035,0.07566
1408.02155,0.07404
1406.09276,0.07289
1404.16396,0.07138
1402.23516,0.06988
1400.30637,0.06937
1398.37757,0.06926
1396.44877,0.06860
1394.51998,0.06689
1392.59118,0.06443
1390.66238,0.06286
1388.73359,0.06250
1386.80479,0.06165
1384.87599,0.05977
1382.94720,0.05820
1381.01840,0.05744
1379.08960,0.05703
1377.16081,0.05695
1375.23201,0.05701
1373.30321,0.05624
1371.37442,0.05485
1369.44562,0.05391
1367.51682,0.05350
1365.58803,0.05370
1363.65923,0.05443
1361.73043,0.05429
1359.80164,0.05302
1357.87284,0.05197
1355.94404,0.05155
1354.01525,0.05128
1352.08645,0.05102
1350.15765,0.05084
1348.22886,0.05067
1346.30006,0.05049
1344.37126,0.05055
1342.44247,0.05121
1340.51367,0.05212
1338.58487,0.05213
1336.65608,0.05112
1334.72728,0.05011
1332.79848,0.04949
1330.86969,0.04906
1328.94089,0.04872
1327.01209,0.04844
1325.08330,0.04821
1323.15450,0.04803
1321.22570,0.04803
1319.29691,0.04811
1317.36811,0.04800
1315.43931,0.04780
1313.51052,0.04766
1311.58172,0.04746
1309.65292,0.04727
1307.72413,0.04713
1305.79533,0.04701
1303.86653,0.04697
1301.93774,0.04704
1300.00894,0.04717
1298.08014,0.04731
1296.15135,0.04739
1294.22255,0.04733
1292.29375,0.04722
1290.36496,0.04718
1288.43616,0.04718
1286.50736,0.04704
1284.57857,0.04680
1282.64977,0.04664
1280.72097,0.04652
1278.79218,0.04636
1276.86338,0.04621
1274.93458,0.04620
1273.00579,0.04635
1271.07699,0.04650
1269.14820,0.04659
1267.21940,0.04675
1265.29060,0.04704
1263.36181,0.04734
1261.43301,0.04756
1259.50421,0.04766
1257.57542,0.04767
1255.64662,0.04767
1253.71782,0.04776
1251.78903,0.04796
1249.86023,0.04819
1247.93143,0.04838
1246.00264,0.04856
1244.07384,0.04878
1242.14504,0.04897
1240.21625,0.04906
1238.28745,0.04911
1236.35865,0.04917
1234.42986,0.04920
1232.50106,0.04929
1230.57226,0.04950
1228.64347,0.04972
1226.71467,0.04991
1224.78587,0.05009
1222.85708,0.05036
1220.92828,0.05075
1218.99948,0.05125
1217.07069,0.05180
1215.14189,0.05234
1213.21309,0.05292
1211.28430,0.05362
1209.35550,0.05440
1207.42670,0.05520
1205.49791,0.05606
1203.56911,0.05699
1201.64031,0.05797
1199.71152,0.05911
1197.78272,0.06043
1195.85392,0.06184
1193.92513,0.06337
1191.99633,0.06513
1190.06753,0.06718
1188.13874,0.06943
1186.20994,0.07182
1184.28114,0.07437
1182.35235,0.07721
1180.42355,0.08056
1178.49475,0.08442
1176.56596,0.08867
1174.63716,0.09319
1172.70836,0.09797
1170.77957,0.10299
1168.85077,0.10808
1166.92197,0.11305
1164.99318,0.11773
1163.06438,0.12187
1161.13558,0.12514
1159.20679,0.12723
1157.27799,0.12808
1155.34919,0.12761
1153.42040,0.12586
1151.49160,0.12309
1149.56280,0.11946
1147.63401,0.11512
1145.70521,0.11033
1143.77641,0.10536
1141.84762,0.10045
1139.91882,0.09571
1137.99002,0.09117
1136.06123,0.08689
1134.13243,0.08296
1132.20363,0.07948
1130.27484,0.07652
1128.34604,0.07395
1126.41724,0.07164
1124.48845,0.06962
1122.55965,0.06793
1120.63085,0.06657
1118.70206,0.06544
1116.77326,0.06441
1114.84446,0.06352
1112.91567,0.06281
1110.98687,0.06222
1109.05807,0.06171
1107.12928,0.06132
1105.20048,0.06106
1103.27168,0.06086
1101.34289,0.06068
1099.41409,0.06057
1097.48529,0.06053
1095.55650,0.06056
1093.62770,0.06063
1091.69890,0.06072
1089.77011,0.06090
1087.84131,0.06115
1085.91251,0.06132
1083.98372,0.06146
1082.05492,0.06169
1080.12612,0.06203
1078.19733,0.06243
1076.26853,0.06289
1074.33973,0.06339
1072.41094,0.06394
1070.48214,0.06441
1068.55334,0.06470
1066.62455,0.06488
1064.69575,0.06506
1062.76695,0.06513
1060.83816,0.06492
1058.90936,0.06454
1056.98056,0.06416
1055.05177,0.06373
1053.12297,0.06315
1051.19417,0.06249
1049.26538,0.06181
1047.33658,0.06113
1045.40778,0.06047
1043.47899,0.05974
1041.55019,0.05888
1039.62139,0.05794
1037.69260,0.05709
1035.76380,0.05633
1033.83500,0.05554
1031.90621,0.05476
1029.97741,0.05408
1028.04861,0.05345
1026.11982,0.05286
1024.19102,0.05243
1022.26222,0.05213
1020.33343,0.05182
1018.40463,0.05147
1016.47583,0.05123
1014.54704,0.05113
1012.61824,0.05108
1010.68944,0.05094
1008.76065,0.05061
1006.83185,0.05013
1004.90305,0.04953
1002.97426,0.04884
1001.04546,0.04817
999.11666,0.04761
997.18787,0.04713
995.25907,0.04665
993.33027,0.04613
991.40148,0.04563
989.47268,0.04516
987.54388,0.04462
985.61509,0.04404
983.68629,0.04354
981.75749,0.04310
979.82870,0.04262
977.89990,0.04205
975.97110,0.04150
974.04231,0.04104
972.11351,0.04063
970.18471,0.04022
968.25592,0.03994
966.32712,0.03986
964.39832,0.03984
962.46953,0.03973
960.54073,0.03947
958.61193,0.03911
956.68314,0.03867
954.75434,0.03825
952.82554,0.03801
950.89675,0.03787
948.96795,0.03756
947.03915,0.03707
945.11036,0.03657
943.18156,0.03605
941.25276,0.03544
939.32397,0.03478
937.39517,0.03414
935.46637,0.03355
933.53758,0.03299
931.60878,0.03242
929.67998,0.03187
927.75119,0.03144
925.82239,0.03110
923.89359,0.03064
921.96480,0.03001
920.03600,0.02940
918.10720,0.02896
916.17841,0.02861
914.24961,0.02828
912.32081,0.02802
910.39202,0.02784
908.46322,0.02757
906.53443,0.02714
904.60563,0.02671
902.67683,0.02643
900.74804,0.02622
898.81924,0.02591
896.89044,0.02542
894.96165,0.02480
893.03285,0.02415
891.10405,0.02351
889.17526,0.02284
887.24646,0.02209
885.31766,0.02128
883.38887,0.02053
881.46007,0.01992
879.53127,0.01940
877.60248,0.01894
875.67368,0.01855
873.74488,0.01818
871.81609,0.01784
869.88729,0.01752
867.95849,0.01712
866.02970,0.01679
864.10090,0.01668
862.17210,0.01665
860.24331,0.01652
858.31451,0.01630
856.38571,0.01606
854.45692,0.01586
852.52812,0.01576
850.59932,0.01564
848.67053,0.01536
846.74173,0.01506
844.81293,0.01480
842.88414,0.01438
840.95534,0.01389
839.02654,0.01357
837.09775,0.01336
835.16895,0.01308
833.24015,0.01279
831.31136,0.01258
829.38256,0.01241
827.45376,0.01225
825.52497,0.01214
823.59617,0.01226
821.66737,0.01255
819.73858,0.01281
817.80978,0.01300
815.88098,0.01328
813.95219,0.01373
812.02339,0.01420
810.09459,0.01465
808.16580,0.01519
806.23700,0.01582
804.30820,0.01644
802.37941,0.01708
800.45061,0.01775
798.52181,0.01851
796.59302,0.01936
794.66422,0.02025
792.73542,0.02108
790.80663,0.02191
788.87783,0.02269
786.94903,0.02325
785.02024,0.02353
783.09144,0.02343
781.16264,0.02279
779.23385,0.02169
777.30505,0.02027
775.37625,0.01881
773.44746,0.01772
771.51866,0.01718
769.58986,0.01682
767.66107,0.01640
765.73227,0.01613
763.80347,0.01605
761.87468,0.01597
759.94588,0.01594
758.01708,0.01609
756.08829,0.01628
754.15949,0.01641
752.23069,0.01667
750.30190,0.01693
748.37310,0.01684
