3496.90832,0.07997
3494.97953,0.08185
3493.05073,0.07833
3491.12193,0.07164
3489.19314,0.06449
3487.26434,0.05951
3485.33554,0.05591
3483.40675,0.05787
3481.47795,0.06618
3479.54915,0.06964
3477.62036,0.06637
3475.69156,0.06482
3473.76276,0.06569
3471.83397,0.06572
3469.90517,0.06584
3467.97637,0.06645
3466.04758,0.06548
3464.11878,0.06455
3462.18998,0.06579
3460.26119,0.06751
3458.33239,0.06691
3456.40359,0.06352
3454.47480,0.06285
3452.54600,0.06675
3450.61721,0.06680
3448.68841,0.05834
3446.75961,0.05095
3444.83082,0.05359
3442.90202,0.05991
3440.97322,0.06128
3439.04443,0.05739
3437.11563,0.05241
3435.18683,0.05024
3433.25804,0.04963
3431.32924,0.04787
3429.40044,0.04809
3427.47165,0.05189
3425.54285,0.05460
3423.61405,0.05639
3421.68526,0.06003
3419.75646,0.06226
3417.82766,0.06162
3415.89887,0.05523
3413.97007,0.04278
3412.04127,0.03585
3410.11248,0.03839
3408.18368,0.04152
3406.25488,0.04076
3404.32609,0.03774
3402.39729,0.03841
3400.46849,0.04596
3398.53970,0.05026
3396.61090,0.04272
3394.68210,0.03521
3392.75331,0.04012
3390.82451,0.04854
3388.89571,0.05239
3386.96692,0.05477
3385.03812,0.05181
3383.10932,0.04380
3381.18053,0.04269
3379.25173,0.04766
3377.32293,0.05045
3375.39414,0.05084
3373.46534,0.05263
3371.53654,0.05729
3369.60775,0.05969
3367.67895,0.06207
3365.75015,0.07132
3363.82136,0.07511
3361.89256,0.06174
3359.96376,0.04651
3358.03497,0.04451
3356.10617,0.05019
3354.17737,0.05387
3352.24858,0.05712
3350.31978,0.06391
3348.39098,0.06836
3346.46219,0.06285
3344.53339,0.05635
3342.60459,0.05890
3340.67580,0.06424
3338.74700,0.06447
3336.81820,0.05867
3334.88941,0.05046
3332.96061,0.04475
3331.03181,0.04380
3329.10302,0.04871
3327.17422,0.05260
3325.24542,0.04811
3323.31663,0.04283
3321.38783,0.04381
3319.45903,0.04690
3317.53024,0.04828
3315.60144,0.04604
3313.67264,0.04203
3311.74385,0.04124
3309.81505,0.04402
3307.88625,0.05030
3305.95746,0.05617
3304.02866,0.05168
3302.09986,0.03863
3300.17107,0.02954
3298.24227,0.02831
3296.31347,0.03086
3294.38468,0.03274
3292.45588,0.03277
3290.52708,0.03368
3288.59829,0.03656
3286.66949,0.03907
3284.74069,0.03852
3282.81190,0.03544
3280.88310,0.03528
3278.95430,0.04107
3277.02551,0.04822
3275.09671,0.05117
3273.16791,0.04898
3271.23912,0.04414
3269.31032,0.03898
3267.38152,0.03660
3265.45273,0.03851
3263.52393,0.03947
3261.59513,0.03622
3259.66634,0.03233
3257.73754,0.03186
3255.80874,0.03552
3253.87995,0.03893
3251.95115,0.03875
3250.02235,0.03785
3248.09356,0.03900
3246.16476,0.03865
3244.23596,0.03451
3242.30717,0.03033
3240.37837,0.02987
3238.44957,0.03606
3236.52078,0.04703
3234.59198,0.05556
3232.66318,0.05739
3230.73439,0.05312
3228.80559,0.04562
3226.87679,0.03898
3224.94800,0.03753
3223.01920,0.04380
3221.09040,0.05373
3219.16161,0.05868
3217.23281,0.05767
3215.30401,0.05509
3213.37522,0.05189
3211.44642,0.05202
3209.51762,0.05742
3207.58883,0.06013
3205.66003,0.05879
3203.73123,0.05847
3201.80244,0.05696
3199.87364,0.05324
3197.94484,0.05108
3196.01605,0.04998
3194.08725,0.04798
3192.15845,0.04763
3190.22966,0.05099
3188.30086,0.05256
3186.37206,0.04743
3184.44327,0.04201
3182.51447,0.04213
3180.58567,0.04511
3178.65688,0.04864
3176.72808,0.05050
3174.79928,0.04821
3172.87049,0.04390
3170.94169,0.04098
3169.01289,0.03951
3167.08410,0.03909
3165.15530,0.04121
3163.22650,0.04410
3161.29771,0.04410
3159.36891,0.04138
3157.44011,0.03913
3155.51132,0.03963
3153.58252,0.04106
3151.65372,0.04036
3149.72493,0.03776
3147.79613,0.03639
3145.86733,0.03754
3143.93854,0.03852
3142.00974,0.03847
3140.08094,0.03939
3138.15215,0.04093
3136.22335,0.04116
3134.29455,0.04062
3132.36576,0.04102
3130.43696,0.04090
3128.50816,0.03822
3126.57937,0.03569
3124.65057,0.03704
3122.72177,0.04092
3120.79298,0.04320
3118.86418,0.04332
3116.93538,0.04312
3115.00659,0.04170
3113.07779,0.03869
3111.14899,0.03687
3109.22020,0.03669
3107.29140,0.03732
3105.36260,0.03880
3103.43381,0.03917
3101.50501,0.03757
3099.57621,0.03619
3097.64742,0.03573
3095.71862,0.03565
3093.78982,0.03539
3091.86103,0.03457
3089.93223,0.03456
3088.00344,0.03550
3086.07464,0.03586
3084.14584,0.03597
3082.21705,0.03670
3080.28825,0.03775
3078.35945,0.03802
3076.43066,0.03687
3074.50186,0.03545
3072.57306,0.03494
3070.64427,0.03523
3068.71547,0.03549
3066.78667,0.03531
3064.85788,0.03565
3062.92908,0.03661
3061.00028,0.03666
3059.07149,0.03559
3057.14269,0.03493
3055.21389,0.03555
3053.28510,0.03667
3051.35630,0.03702
3049.42750,0.03645
3047.49871,0.03605
3045.56991,0.03634
3043.64111,0.03668
3041.71232,0.03680
3039.78352,0.03706
3037.85472,0.03787
3035.92593,0.03953
3033.99713,0.04103
3032.06833,0.04100
3030.13954,0.04003
3028.21074,0.03947
3026.28194,0.03950
3024.35315,0.03958
3022.42435,0.03955
3020.49555,0.03922
3018.56676,0.03860
3016.63796,0.03876
3014.70916,0.04003
3012.78037,0.04123
3010.85157,0.04147
3008.92277,0.04111
3006.99398,0.04068
3005.06518,0.04028
3003.13638,0.03959
3001.20759,0.03844
2999.27879,0.03762
2997.34999,0.03779
2995.42120,0.03879
2993.49240,0.03986
2991.56360,0.04017
2989.63481,0.04031
2987.70601,0.04082
2985.77721,0.04105
2983.84842,0.04103
2981.91962,0.04134
2979.99082,0.04162
2978.06203,0.04156
2976.13323,0.04165
2974.20443,0.04193
2972.27564,0.04213
2970.34684,0.04239
2968.41804,0.04238
2966.48925,0.04205
2964.56045,0.04213
2962.63165,0.04275
2960.70286,0.04345
2958.77406,0.04403
2956.84526,0.04460
2954.91647,0.04518
2952.98767,0.04555
2951.05887,0.04553
2949.13008,0.04554
2947.20128,0.04591
2945.27248,0.04622
2943.34369,0.04615
2941.41489,0.04596
2939.48609,0.04622
2937.55730,0.04682
2935.62850,0.04738
2933.69970,0.04809
2931.77091,0.04907
2929.84211,0.04991
2927.91331,0.05030
2925.98452,0.05043
2924.05572,0.05059
2922.12692,0.05093
2920.19813,0.05114
2918.26933,0.05089
2916.34053,0.05044
2914.41174,0.04987
2912.48294,0.04891
2910.55414,0.04761
2908.62535,0.04653
2906.69655,0.04610
2904.76775,0.04614
2902.83896,0.04619
2900.91016,0.04609
2898.98136,0.04608
2897.05257,0.04619
2895.12377,0.04621
2893.19497,0.04617
2891.26618,0.04622
2889.33738,0.04628
2887.40858,0.04615
2885.47979,0.04587
2883.55099,0.04576
2881.62219,0.04593
2879.69340,0.04598
2877.76460,0.04581
2875.83580,0.04590
2873.90701,0.04626
2871.97821,0.04641
2870.04941,0.04638
2868.12062,0.04668
2866.19182,0.04723
2864.26302,0.04745
2862.33423,0.04744
2860.40543,0.04780
2858.47663,0.04846
2856.54784,0.04886
2854.61904,0.04895
2852.69024,0.04899
2850.76145,0.04913
2848.83265,0.04928
2846.90385,0.04916
2844.97506,0.04889
2843.04626,0.04871
2841.11746,0.04835
2839.18867,0.04777
2837.25987,0.04743
2835.33107,0.04747
2833.40228,0.04757
2831.47348,0.04756
2829.54468,0.04753
2827.61589,0.04741
2825.68709,0.04735
2823.75829,0.04770
2821.82950,0.04816
2819.90070,0.04811
2817.97190,0.04767
2816.04311,0.04739
2814.11431,0.04746
2812.18551,0.04765
2810.25672,0.04769
2808.32792,0.04752
2806.39912,0.04733
2804.47033,0.04714
2802.54153,0.04694
2800.61273,0.04694
2798.68394,0.04708
2796.75514,0.04696
2794.82634,0.04657
2792.89755,0.04623
2790.96875,0.04613
2789.03995,0.04632
2787.11116,0.04644
2785.18236,0.04612
2783.25356,0.04567
2781.32477,0.04548
2779.39597,0.04538
2777.46717,0.04513
2775.53838,0.04477
2773.60958,0.04458
2771.68078,0.04472
2769.75199,0.04492
2767.82319,0.04497
2765.89439,0.04496
2763.96560,0.04482
2762.03680,0.04448
2760.10800,0.04420
2758.17921,0.04406
2756.25041,0.04392
2754.32161,0.04368
2752.39282,0.04345
2750.46402,0.04340
2748.53522,0.04361
2746.60643,0.04384
2744.67763,0.04390
2742.74883,0.04384
2740.82004,0.04387
2738.89124,0.04391
2736.96244,0.04391
2735.03365,0.04400
2733.10485,0.04402
2731.17605,0.04387
2729.24726,0.04371
2727.31846,0.04363
2725.38967,0.04360
2723.46087,0.04356
2721.53207,0.04358
2719.60328,0.04370
2717.67448,0.04387
2715.74568,0.04396
2713.81689,0.04399
2711.88809,0.04394
2709.95929,0.04372
2708.03050,0.04343
2706.10170,0.04330
2704.17290,0.04340
2702.24411,0.04353
2700.31531,0.04351
2698.38651,0.04343
2696.45772,0.04338
2694.52892,0.04340
2692.60012,0.04348
2690.67133,0.04350
2688.74253,0.04342
2686.81373,0.04343
2684.88494,0.04353
2682.95614,0.04356
2681.02734,0.04357
2679.09855,0.04367
2677.16975,0.04368
2675.24095,0.04343
2673.31216,0.04314
2671.38336,0.04297
2669.45456,0.04289
2667.52577,0.04292
2665.59697,0.04303
2663.66817,0.04314
2661.73938,0.04318
2659.81058,0.04311
2657.88178,0.04306
2655.95299,0.04305
2654.02419,0.04304
2652.09539,0.04302
2650.16660,0.04300
2648.23780,0.04309
2646.30900,0.04332
2644.38021,0.04354
2642.45141,0.04377
2640.52261,0.04391
2638.59382,0.04374
2636.66502,0.04348
2634.73622,0.04347
2632.80743,0.04370
2630.87863,0.04399
2628.94983,0.04415
2627.02104,0.04413
2625.09224,0.04398
2623.16344,0.04381
2621.23465,0.04368
2619.30585,0.04367
2617.37705,0.04383
2615.44826,0.04398
2613.51946,0.04403
2611.59066,0.04406
2609.66187,0.04402
2607.73307,0.04399
2605.80427,0.04414
2603.87548,0.04453
2601.94668,0.04487
2600.01788,0.04469
2598.08909,0.04439
2596.16029,0.04462
2594.23149,0.04497
2592.30270,0.04501
2590.37390,0.04508
2588.44510,0.04514
2586.51631,0.04474
2584.58751,0.04424
2582.65871,0.04420
2580.72992,0.04422
2578.80112,0.04407
2576.87232,0.04417
2574.94353,0.04442
2573.01473,0.04434
2571.08593,0.04421
2569.15714,0.04441
2567.22834,0.04470
2565.29954,0.04462
2563.37075,0.04402
2561.44195,0.04355
2559.51315,0.04371
2557.58436,0.04396
2555.65556,0.04411
2553.72676,0.04428
2551.79797,0.04417
2549.86917,0.04395
2547.94037,0.04420
2546.01158,0.04460
2544.08278,0.04443
2542.15398,0.04388
2540.22519,0.04354
2538.29639,0.04370
2536.36759,0.04400
2534.43880,0.04412
2532.51000,0.04415
2530.58120,0.04394
2528.65241,0.04344
2526.72361,0.04286
2524.79481,0.04242
2522.86602,0.04235
2520.93722,0.04264
2519.00842,0.04283
2517.07963,0.04271
2515.15083,0.04281
2513.22203,0.04319
2511.29324,0.04312
2509.36444,0.04273
2507.43564,0.04274
2505.50685,0.04300
2503.57805,0.04289
2501.64925,0.04260
2499.72046,0.04275
2497.79166,0.04305
2495.86286,0.04289
2493.93407,0.04242
2492.00527,0.04194
2490.07647,0.04178
2488.14768,0.04213
2486.21888,0.04264
2484.29008,0.04293
2482.36129,0.04280
2480.43249,0.04240
2478.50369,0.04226
2476.57490,0.04231
2474.64610,0.04211
2472.71730,0.04174
2470.78851,0.04159
2468.85971,0.04180
2466.93091,0.04204
2465.00212,0.04209
2463.07332,0.04214
2461.14452,0.04213
2459.21573,0.04190
2457.28693,0.04149
2455.35813,0.04110
2453.42934,0.04107
2451.50054,0.04139
2449.57174,0.04145
2447.64295,0.04115
2445.71415,0.04103
2443.78535,0.04117
2441.85656,0.04122
2439.92776,0.04106
2437.99896,0.04070
2436.07017,0.04032
2434.14137,0.04029
2432.21257,0.04042
2430.28378,0.04024
2428.35498,0.04003
2426.42618,0.04024
2424.49739,0.04060
2422.56859,0.04058
2420.63979,0.04000
2418.71100,0.03933
2416.78220,0.03904
2414.85340,0.03908
2412.92461,0.03900
2410.99581,0.03878
2409.06701,0.03880
2407.13822,0.03897
2405.20942,0.03886
2403.28062,0.03852
2401.35183,0.03813
2399.42303,0.03757
2397.49423,0.03717
2395.56544,0.03713
2393.63664,0.03721
2391.70784,0.03737
2389.77905,0.03796
2387.85025,0.03963
2385.92145,0.04319
2383.99266,0.04932
2382.06386,0.05822
2380.13506,0.06927
2378.20627,0.08121
2376.27747,0.09338
2374.34867,0.10584
2372.41988,0.11845
2370.49108,0.13085
2368.56228,0.14261
2366.63349,0.15317
2364.70469,0.16172
2362.77589,0.16732
2360.84710,0.16951
2358.91830,0.16784
2356.98951,0.16137
2355.06071,0.14977
2353.13191,0.13412
2351.20312,0.11861
2349.27432,0.11063
2347.34552,0.11441
2345.41673,0.12549
2343.48793,0.13286
2341.55913,0.13345
2339.63034,0.13160
2337.70154,0.12921
2335.77274,0.12711
2333.84395,0.12651
2331.91515,0.12686
2329.98635,0.12524
2328.05756,0.12106
2326.12876,0.11734
2324.19996,0.11531
2322.27117,0.11255
2320.34237,0.10686
2318.41357,0.09925
2316.48478,0.09232
2314.55598,0.08769
2312.62718,0.08443
2310.69839,0.08062
2308.76959,0.07594
2306.84079,0.07090
2304.91200,0.06592
2302.98320,0.06163
2301.05440,0.05827
2299.12561,0.05544
2297.19681,0.05286
2295.26801,0.05057
2293.33922,0.04841
2291.41042,0.04636
2289.48162,0.04466
2287.55283,0.04329
2285.62403,0.04216
2283.69523,0.04147
2281.76644,0.04132
2279.83764,0.04174
2277.90884,0.04264
2275.98005,0.04355
2274.05125,0.04402
2272.12245,0.04422
2270.19366,0.04462
2268.26486,0.04530
2266.33606,0.04600
2264.40727,0.04651
2262.47847,0.04657
2260.54967,0.04623
2258.62088,0.04644
2256.69208,0.04740
2254.76328,0.04770
2252.83449,0.04662
2250.90569,0.04540
2248.97689,0.04533
2247.04810,0.04579
2245.11930,0.04565
2243.19050,0.04562
2241.26171,0.04618
2239.33291,0.04630
2237.40411,0.04606
2235.47532,0.04631
2233.54652,0.04674
2231.61772,0.04682
2229.68893,0.04675
2227.76013,0.04696
2225.83133,0.04748
2223.90254,0.04785
2221.97374,0.04786
2220.04494,0.04827
2218.11615,0.04988
2216.18735,0.05180
2214.25855,0.05209
2212.32976,0.05048
2210.40096,0.04975
2208.47216,0.05162
2206.54337,0.05348
2204.61457,0.05362
2202.68577,0.05377
2200.75698,0.05430
2198.82818,0.05409
2196.89938,0.05319
2194.97059,0.05242
2193.04179,0.05234
2191.11299,0.05281
2189.18420,0.05411
2187.25540,0.05641
2185.32660,0.05784
2183.39781,0.05756
2181.46901,0.05755
2179.54021,0.05852
2177.61142,0.05915
2175.68262,0.05917
2173.75382,0.05924
2171.82503,0.06010
2169.89623,0.06153
2167.96743,0.06223
2166.03864,0.06217
2164.10984,0.06293
2162.18104,0.06560
2160.25225,0.06889
2158.32345,0.06999
2156.39465,0.06713
2154.46586,0.06150
2152.53706,0.05688
2150.60826,0.05467
2148.67947,0.05291
2146.75067,0.05076
2144.82187,0.04881
2142.89308,0.04705
2140.96428,0.04519
2139.03548,0.04372
2137.10669,0.04304
2135.17789,0.04247
2133.24909,0.04135
2131.32030,0.03977
2129.39150,0.03798
2127.46270,0.03633
2125.53391,0.03552
2123.60511,0.03535
2121.67631,0.03469
2119.74752,0.03374
2117.81872,0.03368
2115.88992,0.03451
2113.96113,0.03511
2112.03233,0.03512
2110.10353,0.03502
2108.17474,0.03505
2106.24594,0.03527
2104.31714,0.03550
2102.38835,0.03542
2100.45955,0.03486
2098.53075,0.03414
2096.60196,0.03374
2094.67316,0.03334
2092.74436,0.03244
2090.81557,0.03184
2088.88677,0.03247
2086.95797,0.03361
2085.02918,0.03420
2083.10038,0.03454
2081.17158,0.03510
2079.24279,0.03544
2077.31399,0.03538
2075.38519,0.03516
2073.45640,0.03486
2071.52760,0.03495
2069.59880,0.03581
2067.67001,0.03711
2065.74121,0.03797
2063.81241,0.03786
2061.88362,0.03717
2059.95482,0.03641
2058.02602,0.03591
2056.09723,0.03580
2054.16843,0.03625
2052.23963,0.03764
2050.31084,0.03967
2048.38204,0.04138
2046.45324,0.04253
2044.52445,0.04438
2042.59565,0.04716
2040.66685,0.04913
2038.73806,0.04909
2036.80926,0.04775
2034.88046,0.04673
2032.95167,0.04610
2031.02287,0.04538
2029.09407,0.04517
2027.16528,0.04520
2025.23648,0.04452
2023.30768,0.04326
2021.37889,0.04230
2019.45009,0.04242
2017.52129,0.04387
2015.59250,0.04537
2013.66370,0.04526
2011.73490,0.04397
2009.80611,0.04323
2007.87731,0.04257
2005.94851,0.03997
2004.01972,0.03702
2002.09092,0.03707
2000.16212,0.03896
1998.23333,0.03928
1996.30453,0.03788
1994.37574,0.03723
1992.44694,0.03803
1990.51814,0.03853
1988.58935,0.03798
1986.66055,0.03717
1984.73175,0.03664
1982.80296,0.03740
1980.87416,0.04002
1978.94536,0.04245
1977.01657,0.04224
1975.08777,0.04061
1973.15897,0.03949
1971.23018,0.03842
1969.30138,0.03767
1967.37258,0.03777
1965.44379,0.03736
1963.51499,0.03607
1961.58619,0.03523
1959.65740,0.03461
1957.72860,0.03353
1955.79980,0.03252
1953.87101,0.03197
1951.94221,0.03188
1950.01341,0.03186
1948.08462,0.03152
1946.15582,0.03185
1944.22702,0.03314
1942.29823,0.03298
1940.36943,0.03081
1938.44063,0.02900
1936.51184,0.02834
1934.58304,0.02819
1932.65424,0.02783
1930.72545,0.02735
1928.79665,0.02742
1926.86785,0.02831
1924.93906,0.03002
1923.01026,0.03129
1921.08146,0.03157
1919.15267,0.03171
1917.22387,0.03074
1915.29507,0.02849
1913.36628,0.02751
1911.43748,0.02842
1909.50868,0.02910
1907.57989,0.02825
1905.65109,0.02685
1903.72229,0.02607
1901.79350,0.02577
1899.86470,0.02573
1897.93590,0.02626
1896.00711,0.02692
1894.07831,0.02720
1892.14951,0.02815
1890.22072,0.02964
1888.29192,0.02933
1886.36312,0.02764
1884.43433,0.02658
1882.50553,0.02631
1880.57673,0.02635
1878.64794,0.02622
1876.71914,0.02591
1874.79034,0.02600
1872.86155,0.02761
1870.93275,0.03136
1869.00395,0.03420
1867.07516,0.03236
1865.14636,0.02848
1863.21756,0.02634
1861.28877,0.02574
1859.35997,0.02541
1857.43117,0.02494
1855.50238,0.02452
1853.57358,0.02446
1851.64478,0.02499
1849.71599,0.02643
1847.78719,0.02911
1845.85839,0.03262
1843.92960,0.03341
1842.00080,0.02996
1840.07200,0.02700
1838.14321,0.02654
1836.21441,0.02668
1834.28561,0.02722
1832.35682,0.02992
1830.42802,0.03307
1828.49922,0.03323
1826.57043,0.03208
1824.64163,0.03072
1822.71283,0.02813
1820.78404,0.02608
1818.85524,0.02570
1816.92644,0.02576
1814.99765,0.02599
1813.06885,0.02727
1811.14005,0.02850
1809.21126,0.02787
1807.28246,0.02633
1805.35366,0.02625
1803.42487,0.02849
1801.49607,0.03099
1799.56727,0.03105
1797.63848,0.02991
1795.70968,0.03092
1793.78088,0.03437
1791.85209,0.03541
1789.92329,0.03146
1787.99449,0.02807
1786.06570,0.02801
1784.13690,0.02903
1782.20810,0.02988
1780.27931,0.03011
1778.35051,0.02961
1776.42171,0.03078
1774.49292,0.03508
1772.56412,0.03897
1770.63532,0.03796
1768.70653,0.03391
1766.77773,0.02987
1764.84893,0.02845
1762.92014,0.03011
1760.99134,0.03103
1759.06254,0.03044
1757.13375,0.02995
1755.20495,0.02946
1753.27615,0.03166
1751.34736,0.03705
1749.41856,0.03960
1747.48976,0.03724
1745.56097,0.03455
1743.63217,0.03384
1741.70337,0.03438
1739.77458,0.03436
1737.84578,0.03465
1735.91698,0.03878
1733.98819,0.04314
1732.05939,0.03986
1730.13059,0.03378
1728.20180,0.02927
1726.27300,0.02719
1724.34420,0.02755
1722.41541,0.02949
1720.48661,0.03507
1718.55781,0.04416
1716.62902,0.04792
1714.70022,0.04274
1712.77142,0.03661
1710.84263,0.03448
1708.91383,0.03722
1706.98503,0.04339
1705.05624,0.04936
1703.12744,0.05572
1701.19864,0.06600
1699.26985,0.07489
1697.34105,0.07855
1695.41225,0.08036
1693.48346,0.08176
1691.55466,0.08777
1689.62586,0.10001
1687.69707,0.11561
1685.76827,0.13630
1683.83947,0.15774
1681.91068,0.16706
1679.98188,0.17260
1678.05308,0.18347
1676.12429,0.19949
1674.19549,0.21524
1672.26669,0.22809
1670.33790,0.24059
1668.40910,0.24830
1666.48030,0.25074
1664.55151,0.25545
1662.62271,0.26114
1660.69391,0.26233
1658.76512,0.26251
1656.83632,0.26804
1654.90752,0.28044
1652.97873,0.28778
1651.04993,0.28195
1649.12113,0.28132
1647.19234,0.28712
1645.26354,0.28901
1643.33474,0.28972
1641.40595,0.29725
1639.47715,0.31251
1637.54835,0.33468
1635.61956,0.35819
1633.69076,0.37211
1631.76197,0.38258
1629.83317,0.39806
1627.90437,0.41543
1625.97558,0.42954
1624.04678,0.43941
1622.11798,0.44294
1620.18919,0.44297
1618.26039,0.44425
1616.33159,0.44220
1614.40280,0.43511
1612.47400,0.43070
1610.54520,0.43137
1608.61641,0.43521
1606.68761,0.44076
1604.75881,0.44843
1602.83002,0.45795
1600.90122,0.46768
1598.97242,0.47659
1597.04363,0.48415
1595.11483,0.48882
1593.18603,0.48884
1591.25724,0.48421
1589.32844,0.47523
1587.39964,0.46228
1585.47085,0.44621
1583.54205,0.42773
1581.61325,0.40837
1579.68446,0.39154
1577.75566,0.37579
1575.82686,0.35261
1573.89807,0.32756
1571.96927,0.31006
1570.04047,0.29379
1568.11168,0.27407
1566.18288,0.25606
1564.25408,0.24288
1562.32529,0.23779
1560.39649,0.24021
1558.46769,0.23200
1556.53890,0.21012
1554.61010,0.19264
1552.68130,0.18077
1550.75251,0.17220
1548.82371,0.16505
1546.89491,0.16152
1544.96612,0.16351
1543.03732,0.16810
1541.10852,0.16933
1539.17973,0.15824
1537.25093,0.14422
1535.32213,0.13876
1533.39334,0.13618
1531.46454,0.13033
1529.53574,0.12659
1527.60695,0.12739
1525.67815,0.12889
1523.74935,0.13076
1521.82056,0.13193
1519.89176,0.12883
1517.96296,0.12428
1516.03417,0.11893
1514.10537,0.11335
1512.17657,0.11255
1510.24778,0.11922
1508.31898,0.12974
1506.39018,0.12871
1504.46139,0.11491
1502.53259,0.10759
1500.60379,0.10962
1498.67500,0.11598
1496.74620,0.12014
1494.81740,0.12101
1492.88861,0.12586
1490.95981,0.13767
1489.03101,0.14886
1487.10222,0.15326
1485.17342,0.15682
1483.24462,0.16473
1481.31583,0.17649
1479.38703,0.19035
1477.45823,0.20699
1475.52944,0.22633
1473.60064,0.24444
1471.67184,0.25470
1469.74305,0.25805
1467.81425,0.26340
1465.88545,0.27214
1463.95666,0.27740
1462.02786,0.27915
1460.09906,0.28425
1458.17027,0.28984
1456.24147,0.28112
1454.31267,0.26243
1452.38388,0.24684
1450.45508,0.23483
1448.52628,0.22295
1446.59749,0.20830
1444.66869,0.19311
1442.73989,0.18010
1440.81110,0.17040
1438.88230,0.16483
1436.95350,0.15854
1435.02471,0.14677
1433.09591,0.13573
1431.16711,0.12832
1429.23832,0.12108
1427.30952,0.11411
1425.38072,0.10964
1423.45193,0.10680
1421.52313,0.10595
1419.59433,0.10629
1417.66554,0.10149
1415.73674,0.09261
1413.80794,0.08615
1411.87915,0.08276
1409.95035,0.08040
1408.02155,0.07910
1406.09276,0.07893
1404.16396,0.07766
1402.23516,0.07615
1400.30637,0.07726
1398.37757,0.07936
1396.44877,0.07968
1394.51998,0.07699
1392.59118,0.07217
1390.66238,0.06967
1388.73359,0.07059
1386.80479,0.07032
1384.87599,0.06702
1382.94720,0.06429
1381.01840,0.06361
1379.08960,0.06386
1377.16081,0.06498
1375.23201,0.06637
1373.30321,0.06524
1371.37442,0.06212
1369.44562,0.06008
1367.51682,0.05936
1365.58803,0.06033
1363.65923,0.06276
1361.73043,0.06263
1359.80164,0.05927
1357.87284,0.05660
1355.94404,0.05574
1354.01525,0.05533
1352.08645,0.05494
1350.15765,0.05484
1348.22886,0.05480
1346.30006,0.05468
1344.37126,0.05519
1342.44247,0.05752
1340.51367,0.06082
1338.58487,0.06158
1336.65608,0.05912
1334.72728,0.05644
1332.79848,0.05508
1330.86969,0.05454
1328.94089,0.05417
1327.01209,0.05377
1325.08330,0.05340
1323.15450,0.05326
1321.22570,0.05363
1319.29691,0.05408
1317.36811,0.05382
1315.43931,0.05317
1313.51052,0.05260
1311.58172,0.05186
1309.65292,0.05115
1307.72413,0.05076
1305.79533,0.05053
1303.86653,0.05047
1301.93774,0.05065
1300.00894,0.05100
1298.08014,0.05142
1296.15135,0.05172
1294.22255,0.05182
1292.29375,0.05196
1290.36496,0.05231
1288.43616,0.05261
1286.50736,0.05253
1284.57857,0.05222
1282.64977,0.05205
1280.72097,0.05194
1278.79218,0.05170
1276.86338,0.05138
1274.93458,0.05127
1273.00579,0.05144
1271.07699,0.05151
1269.14820,0.05127
1267.21940,0.05098
1265.29060,0.05090
1263.36181,0.05099
1261.43301,0.05113
1259.50421,0.05112
1257.57542,0.05095
1255.64662,0.05089
1253.71782,0.05106
1251.78903,0.05139
1249.86023,0.05183
1247.93143,0.05230
1246.00264,0.05279
1244.07384,0.05327
1242.14504,0.05367
1240.21625,0.05392
1238.28745,0.05412
1236.35865,0.05428
1234.42986,0.05440
1232.50106,0.05453
1230.57226,0.05472
1228.64347,0.05489
1226.71467,0.05496
1224.78587,0.05495
1222.85708,0.05493
1220.92828,0.05506
1218.99948,0.05535
1217.07069,0.05570
1215.14189,0.05604
1213.21309,0.05645
1211.28430,0.05699
1209.35550,0.05767
1207.42670,0.05851
1205.49791,0.05950
1203.56911,0.06058
1201.64031,0.06174
1199.71152,0.06307
1197.78272,0.06461
1195.85392,0.06625
1193.92513,0.06799
1191.99633,0.06994
1190.06753,0.07217
1188.13874,0.07461
1186.20994,0.07709
1184.28114,0.07960
1182.35235,0.08238
1180.42355,0.08564
1178.49475,0.08939
1176.56596,0.09345
1174.63716,0.09768
1172.70836,0.10208
1170.77957,0.10668
1168.85077,0.11144
1166.92197,0.11616
1164.99318,0.12062
1163.06438,0.12460
1161.13558,0.12779
1159.20679,0.12990
1157.27799,0.13079
1155.34919,0.13043
1153.42040,0.12890
1151.49160,0.12641
1149.56280,0.12306
1147.63401,0.11900
1145.70521,0.11452
1143.77641,0.10985
1141.84762,0.10519
1139.91882,0.10065
1137.99002,0.09627
1136.06123,0.09209
1134.13243,0.08818
1132.20363,0.08462
1130.27484,0.08149
1128.34604,0.07875
1126.41724,0.07624
1124.48845,0.07397
1122.55965,0.07200
1120.63085,0.07037
1118.70206,0.06899
1116.77326,0.06777
1114.84446,0.06676
1112.91567,0.06602
1110.98687,0.06544
1109.05807,0.06499
1107.12928,0.06473
1105.20048,0.06463
1103.27168,0.06462
1101.34289,0.06469
1099.41409,0.06484
1097.48529,0.06504
1095.55650,0.06526
1093.62770,0.06553
1091.69890,0.06583
1089.77011,0.06616
1087.84131,0.06648
1085.91251,0.06670
1083.98372,0.06683
1082.05492,0.06698
1080.12612,0.06715
1078.19733,0.06732
1076.26853,0.06746
1074.33973,0.06763
1072.41094,0.06786
1070.48214,0.06808
1068.55334,0.06819
1066.62455,0.06823
1064.69575,0.06831
1062.76695,0.06834
1060.83816,0.06814
1058.90936,0.06783
1056.98056,0.06758
1055.05177,0.06737
1053.12297,0.06707
1051.19417,0.06669
1049.26538,0.06627
1047.33658,0.06584
1045.40778,0.06538
1043.47899,0.06486
1041.55019,0.06416
1039.62139,0.06334
1037.69260,0.06251
1035.76380,0.06169
1033.83500,0.06080
1031.90621,0.05991
1029.97741,0.05906
1028.04861,0.05816
1026.11982,0.05726
1024.19102,0.05653
1022.26222,0.05596
1020.33343,0.05540
1018.40463,0.05485
1016.47583,0.05450
1014.54704,0.05436
1012.61824,0.05433
1010.68944,0.05426
1008.76065,0.05406
1006.83185,0.05375
1004.90305,0.05333
1002.97426,0.05287
1001.04546,0.05245
999.11666,0.05212
997.18787,0.05189
995.25907,0.05161
993.33027,0.05125
991.40148,0.05089
989.47268,0.05053
987.54388,0.05001
985.61509,0.04933
983.68629,0.04865
981.75749,0.04798
979.82870,0.04722
977.89990,0.04637
975.97110,0.04552
974.04231,0.04478
972.11351,0.04413
970.18471,0.04358
968.25592,0.04323
966.32712,0.04308
964.39832,0.04302
962.46953,0.04295
960.54073,0.04282
958.61193,0.04261
956.68314,0.04237
954.75434,0.04221
952.82554,0.04225
950.89675,0.04237
948.96795,0.04230
947.03915,0.04204
945.11036,0.04172
943.18156,0.04136
941.25276,0.04084
939.32397,0.04024
937.39517,0.03958
935.46637,0.03885
933.53758,0.03804
931.60878,0.03721
929.67998,0.03644
927.75119,0.03579
925.82239,0.03516
923.89359,0.03437
921.96480,0.03343
920.03600,0.03262
918.10720,0.03208
916.17841,0.03172
914.24961,0.03144
912.32081,0.03128
910.39202,0.03125
908.46322,0.03118
906.53443,0.03097
904.60563,0.03077
902.67683,0.03075
900.74804,0.03083
898.81924,0.03077
896.89044,0.03048
894.96165,0.03006
893.03285,0.02955
891.10405,0.02893
889.17526,0.02822
887.24646,0.02738
885.31766,0.02637
883.38887,0.02533
881.46007,0.02442
879.53127,0.02359
877.60248,0.02281
875.67368,0.02209
873.74488,0.02142
871.81609,0.02084
869.88729,0.02039
867.95849,0.02002
866.02970,0.01981
864.10090,0.01982
862.17210,0.01987
860.24331,0.01983
858.31451,0.01980
856.38571,0.01987
854.45692,0.02004
852.52812,0.02024
850.59932,0.02029
848.67053,0.02019
846.74173,0.02009
844.81293,0.01997
842.88414,0.01966
840.95534,0.01925
839.02654,0.01891
837.09775,0.01857
835.16895,0.01811
833.24015,0.01757
831.31136,0.01702
829.38256,0.01647
827.45376,0.01595
825.52497,0.01554
823.59617,0.01540
821.66737,0.01552
819.73858,0.01568
817.80978,0.01586
815.88098,0.01620
813.95219,0.01669
812.02339,0.01724
810.09459,0.01790
808.16580,0.01872
806.23700,0.01964
804.30820,0.02066
802.37941,0.02178
800.45061,0.02285
798.52181,0.02386
796.59302,0.02485
794.66422,0.02573
792.73542,0.02647
790.80663,0.02720
788.87783,0.02788
786.94903,0.02833
785.02024,0.02845
783.09144,0.02807
781.16264,0.02709
779.23385,0.02566
777.30505,0.02404
775.37625,0.02252
773.44746,0.02130
771.51866,0.02049
769.58986,0.01998
767.66107,0.01970
765.73227,0.01981
763.80347,0.02012
761.87468,0.02023
759.94588,0.02035
758.01708,0.02092
756.08829,0.02161
754.15949,0.02196
752.23069,0.02221
750.30190,0.02263
748.37310,0.02304
