3496.90832,0.06087
3494.97953,0.06399
3493.05073,0.06259
3491.12193,0.05978
3489.19314,0.06170
3487.26434,0.06546
3485.33554,0.06151
3483.40675,0.05915
3481.47795,0.06645
3479.54915,0.06983
3477.62036,0.06550
3475.69156,0.06327
3473.76276,0.06495
3471.83397,0.06575
3469.90517,0.06558
3467.97637,0.06961
3466.04758,0.07678
3464.11878,0.08023
3462.18998,0.07734
3460.26119,0.07017
3458.33239,0.06189
3456.40359,0.05547
3454.47480,0.05359
3452.54600,0.05555
3450.61721,0.05777
3448.68841,0.05737
3446.75961,0.05688
3444.83082,0.06141
3442.90202,0.06589
3440.97322,0.06267
3439.04443,0.05371
3437.11563,0.04778
3435.18683,0.05123
3433.25804,0.05883
3431.32924,0.05997
3429.40044,0.05568
3427.47165,0.05403
3425.54285,0.05458
3423.61405,0.05418
3421.68526,0.05323
3419.75646,0.05299
3417.82766,0.05626
3415.89887,0.05772
3413.97007,0.05164
3412.04127,0.04590
3410.11248,0.04373
3408.18368,0.03837
3406.25488,0.03127
3404.32609,0.02966
3402.39729,0.03548
3400.46849,0.04437
3398.53970,0.04746
3396.61090,0.03868
3394.68210,0.02900
3392.75331,0.03132
3390.82451,0.03920
3388.89571,0.04727
3386.96692,0.05588
3385.03812,0.05618
3383.10932,0.05014
3381.18053,0.05180
3379.25173,0.05793
3377.32293,0.05696
3375.39414,0.05102
3373.46534,0.04913
3371.53654,0.05192
3369.60775,0.05515
3367.67895,0.06162
3365.75015,0.06996
3363.82136,0.07136
3361.89256,0.06470
3359.96376,0.05582
3358.03497,0.05240
3356.10617,0.05867
3354.17737,0.06604
3352.24858,0.06532
3350.31978,0.06130
3348.39098,0.05948
3346.46219,0.05785
3344.53339,0.05834
3342.60459,0.06319
3340.67580,0.06635
3338.74700,0.06489
3336.81820,0.06285
3334.88941,0.06326
3332.96061,0.06357
3331.03181,0.05979
3329.10302,0.05325
3327.17422,0.04656
3325.24542,0.04035
3323.31663,0.03558
3321.38783,0.03362
3319.45903,0.03660
3317.53024,0.04326
3315.60144,0.04678
3313.67264,0.04385
3311.74385,0.03681
3309.81505,0.02903
3307.88625,0.02875
3305.95746,0.03556
3304.02866,0.03604
3302.09986,0.03044
3300.17107,0.02699
3298.24227,0.02401
3296.31347,0.02392
3294.38468,0.02990
3292.45588,0.03406
3290.52708,0.03120
3288.59829,0.02746
3286.66949,0.02589
3284.74069,0.02526
3282.81190,0.02729
3280.88310,0.02854
3278.95430,0.02861
3277.02551,0.03328
3275.09671,0.03967
3273.16791,0.04437
3271.23912,0.04740
3269.31032,0.04392
3267.38152,0.03542
3265.45273,0.03083
3263.52393,0.02994
3261.59513,0.02715
3259.66634,0.02279
3257.73754,0.02060
3255.80874,0.02370
3253.87995,0.02973
3251.95115,0.03373
3250.02235,0.03648
3248.09356,0.03772
3246.16476,0.03541
3244.23596,0.03442
3242.30717,0.03643
3240.37837,0.03501
3238.44957,0.03019
3236.52078,0.02900
3234.59198,0.03245
3232.66318,0.03616
3230.73439,0.03728
3228.80559,0.03512
3226.87679,0.03023
3224.94800,0.02632
3223.01920,0.02849
3221.09040,0.03715
3219.16161,0.04804
3217.23281,0.05736
3215.30401,0.06234
3213.37522,0.06146
3211.44642,0.05875
3209.51762,0.05740
3207.58883,0.05588
3205.66003,0.05485
3203.73123,0.05515
3201.80244,0.05622
3199.87364,0.05647
3197.94484,0.05369
3196.01605,0.05016
3194.08725,0.04799
3192.15845,0.04733
3190.22966,0.05117
3188.30086,0.05654
3186.37206,0.05440
3184.44327,0.04638
3182.51447,0.04237
3180.58567,0.04488
3178.65688,0.04758
3176.72808,0.04398
3174.79928,0.03630
3172.87049,0.03201
3170.94169,0.03306
3169.01289,0.03540
3167.08410,0.03566
3165.15530,0.03539
3163.22650,0.03672
3161.29771,0.03796
3159.36891,0.03650
3157.44011,0.03379
3155.51132,0.03369
3153.58252,0.03610
3151.65372,0.03744
3149.72493,0.03538
3147.79613,0.03231
3145.86733,0.03197
3143.93854,0.03318
3142.00974,0.03387
3140.08094,0.03391
3138.15215,0.03229
3136.22335,0.02935
3134.29455,0.02806
3132.36576,0.03008
3130.43696,0.03342
3128.50816,0.03475
3126.57937,0.03361
3124.65057,0.03229
3122.72177,0.03241
3120.79298,0.03365
3118.86418,0.03483
3116.93538,0.03483
3115.00659,0.03338
3113.07779,0.03170
3111.14899,0.03039
3109.22020,0.02878
3107.29140,0.02838
3105.36260,0.02992
3103.43381,0.03086
3101.50501,0.03079
3099.57621,0.03052
3097.64742,0.02907
3095.71862,0.02751
3093.78982,0.02786
3091.86103,0.02921
3089.93223,0.03042
3088.00344,0.03125
3086.07464,0.03101
3084.14584,0.03062
3082.21705,0.03150
3080.28825,0.03246
3078.35945,0.03180
3076.43066,0.03042
3074.50186,0.02994
3072.57306,0.03007
3070.64427,0.02998
3068.71547,0.02946
3066.78667,0.02866
3064.85788,0.02832
3062.92908,0.02862
3061.00028,0.02900
3059.07149,0.02903
3057.14269,0.02871
3055.21389,0.02908
3053.28510,0.03017
3051.35630,0.03057
3049.42750,0.02978
3047.49871,0.02834
3045.56991,0.02765
3043.64111,0.02855
3041.71232,0.03003
3039.78352,0.03100
3037.85472,0.03156
3035.92593,0.03223
3033.99713,0.03293
3032.06833,0.03313
3030.13954,0.03312
3028.21074,0.03334
3026.28194,0.03351
3024.35315,0.03320
3022.42435,0.03286
3020.49555,0.03284
3018.56676,0.03277
3016.63796,0.03264
3014.70916,0.03279
3012.78037,0.03341
3010.85157,0.03423
3008.92277,0.03463
3006.99398,0.03434
3005.06518,0.03375
3003.13638,0.03330
3001.20759,0.03307
2999.27879,0.03307
2997.34999,0.03320
2995.42120,0.03349
2993.49240,0.03385
2991.56360,0.03397
2989.63481,0.03410
2987.70601,0.03447
2985.77721,0.03464
2983.84842,0.03474
2981.91962,0.03533
2979.99082,0.03607
2978.06203,0.03641
2976.13323,0.03668
2974.20443,0.03698
2972.27564,0.03693
2970.34684,0.03672
2968.41804,0.03661
2966.48925,0.03673
2964.56045,0.03725
2962.63165,0.03813
2960.70286,0.03870
2958.77406,0.03855
2956.84526,0.03865
2954.91647,0.03939
2952.98767,0.03961
2951.05887,0.03913
2949.13008,0.03905
2947.20128,0.03931
2945.27248,0.03925
2943.34369,0.03919
2941.41489,0.03964
2939.48609,0.04052
2937.55730,0.04141
2935.62850,0.04199
2933.69970,0.04245
2931.77091,0.04298
2929.84211,0.04323
2927.91331,0.04298
2925.98452,0.04284
2924.05572,0.04313
2922.12692,0.04354
2920.19813,0.04383
2918.26933,0.04400
2916.34053,0.04395
2914.41174,0.04332
2912.48294,0.04238
2910.55414,0.04177
2908.62535,0.04132
2906.69655,0.04074
2904.76775,0.04049
2902.83896,0.04062
2900.91016,0.04054
2898.98136,0.04039
2897.05257,0.04058
2895.12377,0.04078
2893.19497,0.04073
2891.26618,0.04071
2889.33738,0.04088
2887.40858,0.04093
2885.47979,0.04063
2883.55099,0.04050
2881.62219,0.04101
2879.69340,0.04162
2877.76460,0.04182
2875.83580,0.04186
2873.90701,0.04189
2871.97821,0.04178
2870.04941,0.04176
2868.12062,0.04211
2866.19182,0.04259
2864.26302,0.04288
2862.33423,0.04308
2860.40543,0.04354
2858.47663,0.04415
2856.54784,0.04443
2854.61904,0.04446
2852.69024,0.04466
2850.76145,0.04471
2848.83265,0.04448
2846.90385,0.04420
2844.97506,0.04406
2843.04626,0.04405
2841.11746,0.04401
2839.18867,0.04395
2837.25987,0.04407
2835.33107,0.04434
2833.40228,0.04453
2831.47348,0.04452
2829.54468,0.04450
2827.61589,0.04452
2825.68709,0.04445
2823.75829,0.04437
2821.82950,0.04447
2819.90070,0.04463
2817.97190,0.04446
2816.04311,0.04415
2814.11431,0.04414
2812.18551,0.04429
2810.25672,0.04414
2808.32792,0.04370
2806.39912,0.04349
2804.47033,0.04359
2802.54153,0.04365
2800.61273,0.04361
2798.68394,0.04355
2796.75514,0.04340
2794.82634,0.04303
2792.89755,0.04259
2790.96875,0.04236
2789.03995,0.04249
2787.11116,0.04275
2785.18236,0.04274
2783.25356,0.04249
2781.32477,0.04225
2779.39597,0.04209
2777.46717,0.04193
2775.53838,0.04172
2773.60958,0.04151
2771.68078,0.04136
2769.75199,0.04121
2767.82319,0.04116
2765.89439,0.04132
2763.96560,0.04140
2762.03680,0.04112
2760.10800,0.04065
2758.17921,0.04024
2756.25041,0.03997
2754.32161,0.03981
2752.39282,0.03963
2750.46402,0.03963
2748.53522,0.03996
2746.60643,0.04023
2744.67763,0.04024
2742.74883,0.04026
2740.82004,0.04029
2738.89124,0.04016
2736.96244,0.04015
2735.03365,0.04047
2733.10485,0.04070
2731.17605,0.04048
2729.24726,0.04021
2727.31846,0.04035
2725.38967,0.04058
2723.46087,0.04049
2721.53207,0.04040
2719.60328,0.04056
2717.67448,0.04062
2715.74568,0.04051
2713.81689,0.04049
2711.88809,0.04052
2709.95929,0.04032
2708.03050,0.03991
2706.10170,0.03965
2704.17290,0.03971
2702.24411,0.03984
2700.31531,0.03990
2698.38651,0.04002
2696.45772,0.04009
2694.52892,0.04006
2692.60012,0.04003
2690.67133,0.04009
2688.74253,0.04028
2686.81373,0.04054
2684.88494,0.04065
2682.95614,0.04060
2681.02734,0.04053
2679.09855,0.04053
2677.16975,0.04055
2675.24095,0.04047
2673.31216,0.04026
2671.38336,0.03996
2669.45456,0.03973
2667.52577,0.03974
2665.59697,0.03978
2663.66817,0.03963
2661.73938,0.03932
2659.81058,0.03903
2657.88178,0.03897
2655.95299,0.03909
2654.02419,0.03924
2652.09539,0.03941
2650.16660,0.03951
2648.23780,0.03962
2646.30900,0.03983
2644.38021,0.04006
2642.45141,0.04027
2640.52261,0.04037
2638.59382,0.04031
2636.66502,0.04032
2634.73622,0.04047
2632.80743,0.04066
2630.87863,0.04096
2628.94983,0.04129
2627.02104,0.04133
2625.09224,0.04108
2623.16344,0.04096
2621.23465,0.04119
2619.30585,0.04147
2617.37705,0.04140
2615.44826,0.04107
2613.51946,0.04077
2611.59066,0.04056
2609.66187,0.04055
2607.73307,0.04065
2605.80427,0.04065
2603.87548,0.04064
2601.94668,0.04075
2600.01788,0.04082
2598.08909,0.04099
2596.16029,0.04144
2594.23149,0.04175
2592.30270,0.04167
2590.37390,0.04163
2588.44510,0.04167
2586.51631,0.04135
2584.58751,0.04097
2582.65871,0.04094
2580.72992,0.04106
2578.80112,0.04141
2576.87232,0.04196
2574.94353,0.04212
2573.01473,0.04161
2571.08593,0.04112
2569.15714,0.04106
2567.22834,0.04090
2565.29954,0.04040
2563.37075,0.04005
2561.44195,0.04016
2559.51315,0.04046
2557.58436,0.04061
2555.65556,0.04059
2553.72676,0.04036
2551.79797,0.04004
2549.86917,0.04009
2547.94037,0.04055
2546.01158,0.04093
2544.08278,0.04108
2542.15398,0.04093
2540.22519,0.04052
2538.29639,0.04036
2536.36759,0.04054
2534.43880,0.04073
2532.51000,0.04092
2530.58120,0.04097
2528.65241,0.04069
2526.72361,0.04029
2524.79481,0.03991
2522.86602,0.03953
2520.93722,0.03930
2519.00842,0.03932
2517.07963,0.03940
2515.15083,0.03957
2513.22203,0.03994
2511.29324,0.04005
2509.36444,0.03948
2507.43564,0.03888
2505.50685,0.03887
2503.57805,0.03911
2501.64925,0.03916
2499.72046,0.03927
2497.79166,0.03962
2495.86286,0.04000
2493.93407,0.04015
2492.00527,0.03995
2490.07647,0.03981
2488.14768,0.04014
2486.21888,0.04053
2484.29008,0.04049
2482.36129,0.04004
2480.43249,0.03958
2478.50369,0.03944
2476.57490,0.03953
2474.64610,0.03945
2472.71730,0.03904
2470.78851,0.03870
2468.85971,0.03872
2466.93091,0.03890
2465.00212,0.03913
2463.07332,0.03928
2461.14452,0.03915
2459.21573,0.03879
2457.28693,0.03843
2455.35813,0.03795
2453.42934,0.03748
2451.50054,0.03742
2449.57174,0.03757
2447.64295,0.03753
2445.71415,0.03759
2443.78535,0.03789
2441.85656,0.03816
2439.92776,0.03841
2437.99896,0.03865
2436.07017,0.03863
2434.14137,0.03826
2432.21257,0.03764
2430.28378,0.03712
2428.35498,0.03700
2426.42618,0.03723
2424.49739,0.03751
2422.56859,0.03734
2420.63979,0.03651
2418.71100,0.03570
2416.78220,0.03540
2414.85340,0.03534
2412.92461,0.03510
2410.99581,0.03481
2409.06701,0.03485
2407.13822,0.03506
2405.20942,0.03491
2403.28062,0.03445
2401.35183,0.03412
2399.42303,0.03388
2397.49423,0.03369
2395.56544,0.03365
2393.63664,0.03376
2391.70784,0.03410
2389.77905,0.03489
2387.85025,0.03648
2385.92145,0.03941
2383.99266,0.04436
2382.06386,0.05188
2380.13506,0.06168
2378.20627,0.07263
2376.27747,0.08380
2374.34867,0.09497
2372.41988,0.10617
2370.49108,0.11738
2368.56228,0.12830
2366.63349,0.13820
2364.70469,0.14602
2362.77589,0.15096
2360.84710,0.15267
2358.91830,0.15078
2356.98951,0.14475
2355.06071,0.13434
2353.13191,0.12021
2351.20312,0.10604
2349.27432,0.09872
2347.34552,0.10225
2345.41673,0.11248
2343.48793,0.11956
2341.55913,0.12061
2339.63034,0.11912
2337.70154,0.11685
2335.77274,0.11474
2333.84395,0.11395
2331.91515,0.11419
2329.98635,0.11286
2328.05756,0.10916
2326.12876,0.10555
2324.19996,0.10327
2322.27117,0.10056
2320.34237,0.09548
2318.41357,0.08861
2316.48478,0.08230
2314.55598,0.07807
2312.62718,0.07498
2310.69839,0.07136
2308.76959,0.06717
2306.84079,0.06281
2304.91200,0.05828
2302.98320,0.05424
2301.05440,0.05139
2299.12561,0.04931
2297.19681,0.04750
2295.26801,0.04597
2293.33922,0.04453
2291.41042,0.04285
2289.48162,0.04122
2287.55283,0.04006
2285.62403,0.03934
2283.69523,0.03896
2281.76644,0.03895
2279.83764,0.03915
2277.90884,0.03966
2275.98005,0.04050
2274.05125,0.04105
2272.12245,0.04124
2270.19366,0.04156
2268.26486,0.04201
2266.33606,0.04257
2264.40727,0.04307
2262.47847,0.04316
2260.54967,0.04305
2258.62088,0.04330
2256.69208,0.04401
2254.76328,0.04424
2252.83449,0.04347
2250.90569,0.04302
2248.97689,0.04353
2247.04810,0.04401
2245.11930,0.04420
2243.19050,0.04472
2241.26171,0.04584
2239.33291,0.04690
2237.40411,0.04692
2235.47532,0.04658
2233.54652,0.04701
2231.61772,0.04762
2229.68893,0.04782
2227.76013,0.04769
2225.83133,0.04779
2223.90254,0.04830
2221.97374,0.04831
2220.04494,0.04829
2218.11615,0.04928
2216.18735,0.05036
2214.25855,0.05053
2212.32976,0.05034
2210.40096,0.05097
2208.47216,0.05218
2206.54337,0.05237
2204.61457,0.05196
2202.68577,0.05256
2200.75698,0.05387
2198.82818,0.05466
2196.89938,0.05456
2194.97059,0.05461
2193.04179,0.05597
2191.11299,0.05771
2189.18420,0.05878
2187.25540,0.05953
2185.32660,0.05971
2183.39781,0.05987
2181.46901,0.06190
2179.54021,0.06440
2177.61142,0.06446
2175.68262,0.06330
2173.75382,0.06269
2171.82503,0.06236
2169.89623,0.06306
2167.96743,0.06448
2166.03864,0.06576
2164.10984,0.06854
2162.18104,0.07340
2160.25225,0.07713
2158.32345,0.07677
2156.39465,0.07287
2154.46586,0.06690
2152.53706,0.06127
2150.60826,0.05780
2148.67947,0.05539
2146.75067,0.05348
2144.82187,0.05185
2142.89308,0.04868
2140.96428,0.04470
2139.03548,0.04287
2137.10669,0.04279
2135.17789,0.04208
2133.24909,0.04043
2131.32030,0.03882
2129.39150,0.03733
2127.46270,0.03548
2125.53391,0.03354
2123.60511,0.03194
2121.67631,0.03069
2119.74752,0.02988
2117.81872,0.02972
2115.88992,0.02999
2113.96113,0.03022
2112.03233,0.03028
2110.10353,0.03049
2108.17474,0.03097
2106.24594,0.03141
2104.31714,0.03169
2102.38835,0.03183
2100.45955,0.03172
2098.53075,0.03151
2096.60196,0.03128
2094.67316,0.03092
2092.74436,0.03045
2090.81557,0.03005
2088.88677,0.03012
2086.95797,0.03078
2085.02918,0.03164
2083.10038,0.03229
2081.17158,0.03262
2079.24279,0.03252
2077.31399,0.03232
2075.38519,0.03257
2073.45640,0.03294
2071.52760,0.03281
2069.59880,0.03266
2067.67001,0.03347
2065.74121,0.03455
2063.81241,0.03446
2061.88362,0.03360
2059.95482,0.03355
2058.02602,0.03446
2056.09723,0.03507
2054.16843,0.03548
2052.23963,0.03617
2050.31084,0.03727
2048.38204,0.03922
2046.45324,0.04145
2044.52445,0.04330
2042.59565,0.04515
2040.66685,0.04673
2038.73806,0.04704
2036.80926,0.04638
2034.88046,0.04641
2032.95167,0.04740
2031.02287,0.04750
2029.09407,0.04605
2027.16528,0.04486
2025.23648,0.04515
2023.30768,0.04605
2021.37889,0.04536
2019.45009,0.04321
2017.52129,0.04295
2015.59250,0.04429
2013.66370,0.04391
2011.73490,0.04199
2009.80611,0.04105
2007.87731,0.04070
2005.94851,0.03886
2004.01972,0.03708
2002.09092,0.03730
2000.16212,0.03821
1998.23333,0.03803
1996.30453,0.03701
1994.37574,0.03639
1992.44694,0.03623
1990.51814,0.03581
1988.58935,0.03522
1986.66055,0.03532
1984.73175,0.03604
1982.80296,0.03698
1980.87416,0.03841
1978.94536,0.03941
1977.01657,0.03876
1975.08777,0.03768
1973.15897,0.03753
1971.23018,0.03737
1969.30138,0.03662
1967.37258,0.03621
1965.44379,0.03601
1963.51499,0.03508
1961.58619,0.03354
1959.65740,0.03186
1957.72860,0.03038
1955.79980,0.02934
1953.87101,0.02897
1951.94221,0.02931
1950.01341,0.02982
1948.08462,0.02996
1946.15582,0.02985
1944.22702,0.02961
1942.29823,0.02859
1940.36943,0.02695
1938.44063,0.02566
1936.51184,0.02513
1934.58304,0.02528
1932.65424,0.02525
1930.72545,0.02464
1928.79665,0.02419
1926.86785,0.02426
1924.93906,0.02462
1923.01026,0.02485
1921.08146,0.02490
1919.15267,0.02493
1917.22387,0.02430
1915.29507,0.02322
1913.36628,0.02283
1911.43748,0.02305
1909.50868,0.02310
1907.57989,0.02270
1905.65109,0.02229
1903.72229,0.02215
1901.79350,0.02208
1899.86470,0.02203
1897.93590,0.02233
1896.00711,0.02290
1894.07831,0.02318
1892.14951,0.02344
1890.22072,0.02394
1888.29192,0.02388
1886.36312,0.02325
1884.43433,0.02272
1882.50553,0.02238
1880.57673,0.02215
1878.64794,0.02189
1876.71914,0.02154
1874.79034,0.02139
1872.86155,0.02200
1870.93275,0.02351
1869.00395,0.02463
1867.07516,0.02388
1865.14636,0.02223
1863.21756,0.02111
1861.28877,0.02059
1859.35997,0.02040
1857.43117,0.02039
1855.50238,0.02044
1853.57358,0.02058
1851.64478,0.02090
1849.71599,0.02168
1847.78719,0.02310
1845.85839,0.02484
1843.92960,0.02515
1842.00080,0.02351
1840.07200,0.02223
1838.14321,0.02204
1836.21441,0.02195
1834.28561,0.02200
1832.35682,0.02306
1830.42802,0.02425
1828.49922,0.02410
1826.57043,0.02347
1824.64163,0.02271
1822.71283,0.02142
1820.78404,0.02042
1818.85524,0.02018
1816.92644,0.02016
1814.99765,0.02025
1813.06885,0.02081
1811.14005,0.02138
1809.21126,0.02125
1807.28246,0.02083
1805.35366,0.02105
1803.42487,0.02221
1801.49607,0.02342
1799.56727,0.02358
1797.63848,0.02317
1795.70968,0.02365
1793.78088,0.02519
1791.85209,0.02559
1789.92329,0.02373
1787.99449,0.02221
1786.06570,0.02221
1784.13690,0.02255
1782.20810,0.02272
1780.27931,0.02260
1778.35051,0.02220
1776.42171,0.02258
1774.49292,0.02431
1772.56412,0.02581
1770.63532,0.02529
1768.70653,0.02358
1766.77773,0.02184
1764.84893,0.02126
1762.92014,0.02207
1760.99134,0.02252
1759.06254,0.02232
1757.13375,0.02223
1755.20495,0.02223
1753.27615,0.02349
1751.34736,0.02608
1749.41856,0.02720
1747.48976,0.02617
1745.56097,0.02504
1743.63217,0.02468
1741.70337,0.02478
1739.77458,0.02458
1737.84578,0.02467
1735.91698,0.02653
1733.98819,0.02823
1732.05939,0.02645
1730.13059,0.02359
1728.20180,0.02156
1726.27300,0.02063
1724.34420,0.02084
1722.41541,0.02182
1720.48661,0.02449
1718.55781,0.02885
1716.62902,0.03113
1714.70022,0.02983
1712.77142,0.02822
1710.84263,0.02853
1708.91383,0.03126
1706.98503,0.03601
1705.05624,0.04121
1703.12744,0.04684
1701.19864,0.05505
1699.26985,0.06375
1697.34105,0.07063
1695.41225,0.07787
1693.48346,0.08538
1691.55466,0.09483
1689.62586,0.10806
1687.69707,0.12320
1685.76827,0.14146
1683.83947,0.16268
1681.91068,0.17785
1679.98188,0.18928
1678.05308,0.20284
1676.12429,0.21938
1674.19549,0.23600
1672.26669,0.24986
1670.33790,0.26284
1668.40910,0.27359
1666.48030,0.28029
1664.55151,0.28663
1662.62271,0.29280
1660.69391,0.29592
1658.76512,0.29751
1656.83632,0.30088
1654.90752,0.30702
1652.97873,0.31065
1651.04993,0.30854
1649.12113,0.30929
1647.19234,0.31426
1645.26354,0.31925
1643.33474,0.32472
1641.40595,0.33448
1639.47715,0.34915
1637.54835,0.36896
1635.61956,0.39315
1633.69076,0.41388
1631.76197,0.43079
1629.83317,0.44969
1627.90437,0.46967
1625.97558,0.48670
1624.04678,0.49964
1622.11798,0.50732
1620.18919,0.51070
1618.26039,0.51264
1616.33159,0.51161
1614.40280,0.50783
1612.47400,0.50590
1610.54520,0.50729
1608.61641,0.51153
1606.68761,0.51816
1604.75881,0.52727
1602.83002,0.53836
1600.90122,0.55006
1598.97242,0.56113
1597.04363,0.57052
1595.11483,0.57698
1593.18603,0.57901
1591.25724,0.57618
1589.32844,0.56833
1587.39964,0.55585
1585.47085,0.53957
1583.54205,0.51996
1581.61325,0.49821
1579.68446,0.47691
1577.75566,0.45451
1575.82686,0.42593
1573.89807,0.39867
1571.96927,0.37755
1570.04047,0.35556
1568.11168,0.33204
1566.18288,0.31160
1564.25408,0.29482
1562.32529,0.28337
1560.39649,0.27460
1558.46769,0.25799
1556.53890,0.23841
1554.61010,0.22370
1552.68130,0.21172
1550.75251,0.20149
1548.82371,0.19240
1546.89491,0.18570
1544.96612,0.18183
1543.03732,0.17913
1541.10852,0.17484
1539.17973,0.16517
1537.25093,0.15563
1535.32213,0.15059
1533.39334,0.14646
1531.46454,0.14100
1529.53574,0.13703
1527.60695,0.13514
1525.67815,0.13361
1523.74935,0.13256
1521.82056,0.13134
1519.89176,0.12838
1517.96296,0.12502
1516.03417,0.12154
1514.10537,0.11826
1512.17657,0.11733
1510.24778,0.11987
1508.31898,0.12430
1506.39018,0.12398
1504.46139,0.11841
1502.53259,0.11593
1500.60379,0.11797
1498.67500,0.12254
1496.74620,0.12689
1494.81740,0.13023
1492.88861,0.13559
1490.95981,0.14494
1489.03101,0.15534
1487.10222,0.16358
1485.17342,0.17196
1483.24462,0.18297
1481.31583,0.19664
1479.38703,0.21187
1477.45823,0.22867
1475.52944,0.24724
1473.60064,0.26625
1471.67184,0.28226
1469.74305,0.29331
1467.81425,0.30337
1465.88545,0.31449
1463.95666,0.32317
1462.02786,0.32808
1460.09906,0.33235
1458.17027,0.33467
1456.24147,0.32775
1454.31267,0.31456
1452.38388,0.30166
1450.45508,0.28878
1448.52628,0.27427
1446.59749,0.25743
1444.66869,0.24050
1442.73989,0.22479
1440.81110,0.21101
1438.88230,0.19962
1436.95350,0.18725
1435.02471,0.17290
1433.09591,0.16092
1431.16711,0.15132
1429.23832,0.14202
1427.30952,0.13370
1425.38072,0.12724
1423.45193,0.12204
1421.52313,0.11839
1419.59433,0.11546
1417.66554,0.11031
1415.73674,0.10393
1413.80794,0.09901
1411.87915,0.09558
1409.95035,0.09273
1408.02155,0.09052
1406.09276,0.08889
1404.16396,0.08681
1402.23516,0.08477
1400.30637,0.08401
1398.37757,0.08373
1396.44877,0.08273
1394.51998,0.08042
1392.59118,0.07722
1390.66238,0.07522
1388.73359,0.07475
1386.80479,0.07364
1384.87599,0.07124
1382.94720,0.06925
1381.01840,0.06825
1379.08960,0.06769
1377.16081,0.06759
1375.23201,0.06770
1373.30321,0.06673
1371.37442,0.06493
1369.44562,0.06371
1367.51682,0.06315
1365.58803,0.06340
1363.65923,0.06431
1361.73043,0.06407
1359.80164,0.06237
1357.87284,0.06098
1355.94404,0.06038
1354.01525,0.06000
1352.08645,0.05968
1350.15765,0.05950
1348.22886,0.05933
1346.30006,0.05909
1344.37126,0.05913
1342.44247,0.05999
1340.51367,0.06128
1338.58487,0.06145
1336.65608,0.06026
1334.72728,0.05903
1332.79848,0.05832
1330.86969,0.05787
1328.94089,0.05743
1327.01209,0.05699
1325.08330,0.05659
1323.15450,0.05632
1321.22570,0.05632
1319.29691,0.05641
1317.36811,0.05623
1315.43931,0.05589
1313.51052,0.05563
1311.58172,0.05536
1309.65292,0.05510
1307.72413,0.05490
1305.79533,0.05472
1303.86653,0.05463
1301.93774,0.05468
1300.00894,0.05478
1298.08014,0.05493
1296.15135,0.05499
1294.22255,0.05488
1292.29375,0.05474
1290.36496,0.05473
1288.43616,0.05472
1286.50736,0.05456
1284.57857,0.05431
1282.64977,0.05416
1280.72097,0.05403
1278.79218,0.05386
1276.86338,0.05370
1274.93458,0.05370
1273.00579,0.05387
1271.07699,0.05402
1269.14820,0.05407
1267.21940,0.05418
1265.29060,0.05443
1263.36181,0.05474
1261.43301,0.05499
1259.50421,0.05510
1257.57542,0.05506
1255.64662,0.05504
1253.71782,0.05515
1251.78903,0.05538
1249.86023,0.05565
1247.93143,0.05589
1246.00264,0.05613
1244.07384,0.05642
1242.14504,0.05666
1240.21625,0.05677
1238.28745,0.05682
1236.35865,0.05687
1234.42986,0.05691
1232.50106,0.05702
1230.57226,0.05727
1228.64347,0.05755
1226.71467,0.05777
1224.78587,0.05799
1222.85708,0.05830
1220.92828,0.05879
1218.99948,0.05942
1217.07069,0.06012
1215.14189,0.06079
1213.21309,0.06146
1211.28430,0.06224
1209.35550,0.06315
1207.42670,0.06414
1205.49791,0.06523
1203.56911,0.06639
1201.64031,0.06758
1199.71152,0.06892
1197.78272,0.07050
1195.85392,0.07225
1193.92513,0.07413
1191.99633,0.07625
1190.06753,0.07872
1188.13874,0.08149
1186.20994,0.08443
1184.28114,0.08756
1182.35235,0.09107
1180.42355,0.09521
1178.49475,0.09997
1176.56596,0.10518
1174.63716,0.11069
1172.70836,0.11648
1170.77957,0.12250
1168.85077,0.12863
1166.92197,0.13468
1164.99318,0.14038
1163.06438,0.14540
1161.13558,0.14937
1159.20679,0.15198
1157.27799,0.15309
1155.34919,0.15261
1153.42040,0.15063
1151.49160,0.14742
1149.56280,0.14314
1147.63401,0.13797
1145.70521,0.13223
1143.77641,0.12620
1141.84762,0.12016
1139.91882,0.11434
1137.99002,0.10882
1136.06123,0.10367
1134.13243,0.09896
1132.20363,0.09472
1130.27484,0.09104
1128.34604,0.08787
1126.41724,0.08507
1124.48845,0.08262
1122.55965,0.08053
1120.63085,0.07880
1118.70206,0.07733
1116.77326,0.07601
1114.84446,0.07487
1112.91567,0.07394
1110.98687,0.07316
1109.05807,0.07249
1107.12928,0.07198
1105.20048,0.07159
1103.27168,0.07128
1101.34289,0.07102
1099.41409,0.07085
1097.48529,0.07073
1095.55650,0.07067
1093.62770,0.07067
1091.69890,0.07071
1089.77011,0.07081
1087.84131,0.07096
1085.91251,0.07106
1083.98372,0.07115
1082.05492,0.07137
1080.12612,0.07172
1078.19733,0.07213
1076.26853,0.07256
1074.33973,0.07300
1072.41094,0.07352
1070.48214,0.07406
1068.55334,0.07446
1066.62455,0.07471
1064.69575,0.07494
1062.76695,0.07505
1060.83816,0.07486
1058.90936,0.07447
1056.98056,0.07410
1055.05177,0.07367
1053.12297,0.07309
1051.19417,0.07237
1049.26538,0.07158
1047.33658,0.07078
1045.40778,0.07001
1043.47899,0.06920
1041.55019,0.06823
1039.62139,0.06715
1037.69260,0.06612
1035.76380,0.06517
1033.83500,0.06424
1031.90621,0.06338
1029.97741,0.06262
1028.04861,0.06188
1026.11982,0.06116
1024.19102,0.06061
1022.26222,0.06026
1020.33343,0.05992
1018.40463,0.05954
1016.47583,0.05930
1014.54704,0.05920
1012.61824,0.05915
1010.68944,0.05898
1008.76065,0.05862
1006.83185,0.05807
1004.90305,0.05738
1002.97426,0.05659
1001.04546,0.05581
999.11666,0.05512
997.18787,0.05453
995.25907,0.05397
993.33027,0.05340
991.40148,0.05285
989.47268,0.05233
987.54388,0.05171
985.61509,0.05101
983.68629,0.05036
981.75749,0.04982
979.82870,0.04924
977.89990,0.04857
975.97110,0.04789
974.04231,0.04731
972.11351,0.04680
970.18471,0.04634
968.25592,0.04600
966.32712,0.04583
964.39832,0.04568
962.46953,0.04546
960.54073,0.04511
958.61193,0.04466
956.68314,0.04414
954.75434,0.04365
952.82554,0.04333
950.89675,0.04310
948.96795,0.04269
947.03915,0.04212
945.11036,0.04154
943.18156,0.04092
941.25276,0.04020
939.32397,0.03946
937.39517,0.03878
935.46637,0.03809
933.53758,0.03738
931.60878,0.03666
929.67998,0.03602
927.75119,0.03554
925.82239,0.03512
923.89359,0.03451
921.96480,0.03370
920.03600,0.03294
918.10720,0.03236
916.17841,0.03188
914.24961,0.03144
912.32081,0.03106
910.39202,0.03075
908.46322,0.03036
906.53443,0.02981
904.60563,0.02926
902.67683,0.02886
900.74804,0.02855
898.81924,0.02813
896.89044,0.02751
894.96165,0.02679
893.03285,0.02604
891.10405,0.02521
889.17526,0.02431
887.24646,0.02339
885.31766,0.02246
883.38887,0.02157
881.46007,0.02080
879.53127,0.02010
877.60248,0.01946
875.67368,0.01891
873.74488,0.01841
871.81609,0.01799
869.88729,0.01758
867.95849,0.01710
866.02970,0.01671
864.10090,0.01654
862.17210,0.01640
860.24331,0.01611
858.31451,0.01573
856.38571,0.01539
854.45692,0.01516
852.52812,0.01500
850.59932,0.01476
848.67053,0.01438
846.74173,0.01401
844.81293,0.01366
842.88414,0.01316
840.95534,0.01263
839.02654,0.01227
837.09775,0.01198
835.16895,0.01162
833.24015,0.01128
831.31136,0.01104
829.38256,0.01082
827.45376,0.01058
825.52497,0.01045
823.59617,0.01063
821.66737,0.01099
819.73858,0.01122
817.80978,0.01134
815.88098,0.01163
813.95219,0.01216
812.02339,0.01268
810.09459,0.01313
808.16580,0.01366
806.23700,0.01427
804.30820,0.01495
802.37941,0.01580
800.45061,0.01677
798.52181,0.01779
796.59302,0.01891
794.66422,0.02002
792.73542,0.02095
790.80663,0.02187
788.87783,0.02283
786.94903,0.02361
785.02024,0.02398
783.09144,0.02375
781.16264,0.02281
779.23385,0.02136
777.30505,0.01967
775.37625,0.01807
773.44746,0.01688
771.51866,0.01605
769.58986,0.01527
767.66107,0.01457
765.73227,0.01421
763.80347,0.01410
761.87468,0.01379
759.94588,0.01338
758.01708,0.01336
756.08829,0.01367
754.15949,0.01386
752.23069,0.01393
750.30190,0.01396
748.37310,0.01378
