3496.90832,0.08127
3494.97953,0.07620
3493.05073,0.06806
3491.12193,0.06334
3489.19314,0.06346
3487.26434,0.06657
3485.33554,0.06730
3483.40675,0.06711
3481.47795,0.07006
3479.54915,0.07176
3477.62036,0.06982
3475.69156,0.06797
3473.76276,0.06790
3471.83397,0.06726
3469.90517,0.06423
3467.97637,0.06095
3466.04758,0.05988
3464.11878,0.06096
3462.18998,0.06249
3460.26119,0.06428
3458.33239,0.06539
3456.40359,0.06222
3454.47480,0.05894
3452.54600,0.05976
3450.61721,0.05968
3448.68841,0.05997
3446.75961,0.06711
3444.83082,0.07523
3442.90202,0.07338
3440.97322,0.06499
3439.04443,0.05903
3437.11563,0.05471
3435.18683,0.04989
3433.25804,0.04687
3431.32924,0.04981
3429.40044,0.05870
3427.47165,0.06382
3425.54285,0.06176
3423.61405,0.06095
3421.68526,0.06096
3419.75646,0.05790
3417.82766,0.05902
3415.89887,0.06422
3413.97007,0.06091
3412.04127,0.04681
3410.11248,0.03456
3408.18368,0.03209
3406.25488,0.03487
3404.32609,0.03686
3402.39729,0.03846
3400.46849,0.04387
3398.53970,0.04864
3396.61090,0.04431
3394.68210,0.03859
3392.75331,0.04032
3390.82451,0.04287
3388.89571,0.04397
3386.96692,0.04583
3385.03812,0.04597
3383.10932,0.04746
3381.18053,0.05403
3379.25173,0.06097
3377.32293,0.06435
3375.39414,0.06309
3373.46534,0.05997
3371.53654,0.06081
3369.60775,0.06290
3367.67895,0.06549
3365.75015,0.07262
3363.82136,0.07710
3361.89256,0.07154
3359.96376,0.06028
3358.03497,0.05180
3356.10617,0.05288
3354.17737,0.05972
3352.24858,0.06167
3350.31978,0.05972
3348.39098,0.06171
3346.46219,0.06492
3344.53339,0.06519
3342.60459,0.06543
3340.67580,0.06429
3338.74700,0.06096
3336.81820,0.06043
3334.88941,0.06285
3332.96061,0.06118
3331.03181,0.05583
3329.10302,0.05299
3327.17422,0.05082
3325.24542,0.04715
3323.31663,0.04554
3321.38783,0.04687
3319.45903,0.05037
3317.53024,0.05255
3315.60144,0.04675
3313.67264,0.03674
3311.74385,0.03165
3309.81505,0.03345
3307.88625,0.04052
3305.95746,0.04473
3304.02866,0.04281
3302.09986,0.04440
3300.17107,0.04829
3298.24227,0.04650
3296.31347,0.04403
3294.38468,0.04521
3292.45588,0.04447
3290.52708,0.03888
3288.59829,0.03401
3286.66949,0.03399
3284.74069,0.03591
3282.81190,0.03627
3280.88310,0.03705
3278.95430,0.04095
3277.02551,0.04548
3275.09671,0.04666
3273.16791,0.04364
3271.23912,0.03868
3269.31032,0.03266
3267.38152,0.02708
3265.45273,0.02634
3263.52393,0.03010
3261.59513,0.03407
3259.66634,0.03698
3257.73754,0.04062
3255.80874,0.04349
3253.87995,0.04205
3251.95115,0.03874
3250.02235,0.03772
3248.09356,0.03762
3246.16476,0.03706
3244.23596,0.03822
3242.30717,0.03933
3240.37837,0.03795
3238.44957,0.03912
3236.52078,0.04586
3234.59198,0.05279
3232.66318,0.05279
3230.73439,0.04768
3228.80559,0.04489
3226.87679,0.04241
3224.94800,0.03610
3223.01920,0.03176
3221.09040,0.03578
3219.16161,0.04521
3217.23281,0.05457
3215.30401,0.06029
3213.37522,0.05955
3211.44642,0.05864
3209.51762,0.06205
3207.58883,0.05990
3205.66003,0.05146
3203.73123,0.04830
3201.80244,0.04939
3199.87364,0.04777
3197.94484,0.04749
3196.01605,0.05152
3194.08725,0.05361
3192.15845,0.05109
3190.22966,0.05094
3188.30086,0.05546
3186.37206,0.05613
3184.44327,0.05082
3182.51447,0.04622
3180.58567,0.04655
3178.65688,0.05244
3176.72808,0.05739
3174.79928,0.05485
3172.87049,0.04980
3170.94169,0.04714
3169.01289,0.04455
3167.08410,0.04190
3165.15530,0.04161
3163.22650,0.04304
3161.29771,0.04354
3159.36891,0.04074
3157.44011,0.03662
3155.51132,0.03635
3153.58252,0.04036
3151.65372,0.04482
3149.72493,0.04621
3147.79613,0.04410
3145.86733,0.04139
3143.93854,0.04087
3142.00974,0.04240
3140.08094,0.04222
3138.15215,0.03870
3136.22335,0.03643
3134.29455,0.03742
3132.36576,0.03779
3130.43696,0.03710
3128.50816,0.03718
3126.57937,0.03729
3124.65057,0.03791
3122.72177,0.03969
3120.79298,0.04073
3118.86418,0.04063
3116.93538,0.04021
3115.00659,0.03895
3113.07779,0.03770
3111.14899,0.03734
3109.22020,0.03680
3107.29140,0.03726
3105.36260,0.03954
3103.43381,0.04039
3101.50501,0.03837
3099.57621,0.03568
3097.64742,0.03428
3095.71862,0.03487
3093.78982,0.03652
3091.86103,0.03697
3089.93223,0.03615
3088.00344,0.03611
3086.07464,0.03713
3084.14584,0.03765
3082.21705,0.03734
3080.28825,0.03703
3078.35945,0.03669
3076.43066,0.03593
3074.50186,0.03522
3072.57306,0.03499
3070.64427,0.03506
3068.71547,0.03500
3066.78667,0.03510
3064.85788,0.03611
3062.92908,0.03763
3061.00028,0.03822
3059.07149,0.03731
3057.14269,0.03620
3055.21389,0.03637
3053.28510,0.03747
3051.35630,0.03832
3049.42750,0.03809
3047.49871,0.03675
3045.56991,0.03583
3043.64111,0.03653
3041.71232,0.03760
3039.78352,0.03763
3037.85472,0.03736
3035.92593,0.03814
3033.99713,0.03936
3032.06833,0.03989
3030.13954,0.03984
3028.21074,0.03972
3026.28194,0.03975
3024.35315,0.03974
3022.42435,0.03960
3020.49555,0.03942
3018.56676,0.03943
3016.63796,0.04004
3014.70916,0.04064
3012.78037,0.04081
3010.85157,0.04113
3008.92277,0.04104
3006.99398,0.04042
3005.06518,0.04039
3003.13638,0.04071
3001.20759,0.04054
2999.27879,0.04014
2997.34999,0.04024
2995.42120,0.04129
2993.49240,0.04242
2991.56360,0.04244
2989.63481,0.04206
2987.70601,0.04207
2985.77721,0.04203
2983.84842,0.04210
2981.91962,0.04256
2979.99082,0.04264
2978.06203,0.04205
2976.13323,0.04184
2974.20443,0.04239
2972.27564,0.04308
2970.34684,0.04347
2968.41804,0.04344
2966.48925,0.04338
2964.56045,0.04383
2962.63165,0.04455
2960.70286,0.04512
2958.77406,0.04574
2956.84526,0.04635
2954.91647,0.04662
2952.98767,0.04668
2951.05887,0.04662
2949.13008,0.04654
2947.20128,0.04676
2945.27248,0.04711
2943.34369,0.04728
2941.41489,0.04723
2939.48609,0.04707
2937.55730,0.04709
2935.62850,0.04762
2933.69970,0.04838
2931.77091,0.04905
2929.84211,0.04976
2927.91331,0.05043
2925.98452,0.05090
2924.05572,0.05132
2922.12692,0.05166
2920.19813,0.05170
2918.26933,0.05136
2916.34053,0.05072
2914.41174,0.04974
2912.48294,0.04854
2910.55414,0.04755
2908.62535,0.04705
2906.69655,0.04687
2904.76775,0.04687
2902.83896,0.04678
2900.91016,0.04659
2898.98136,0.04686
2897.05257,0.04747
2895.12377,0.04747
2893.19497,0.04700
2891.26618,0.04694
2889.33738,0.04710
2887.40858,0.04696
2885.47979,0.04657
2883.55099,0.04626
2881.62219,0.04635
2879.69340,0.04672
2877.76460,0.04697
2875.83580,0.04717
2873.90701,0.04749
2871.97821,0.04766
2870.04941,0.04765
2868.12062,0.04765
2866.19182,0.04778
2864.26302,0.04818
2862.33423,0.04863
2860.40543,0.04894
2858.47663,0.04932
2856.54784,0.04975
2854.61904,0.05001
2852.69024,0.05008
2850.76145,0.05002
2848.83265,0.05002
2846.90385,0.04995
2844.97506,0.04956
2843.04626,0.04900
2841.11746,0.04853
2839.18867,0.04821
2837.25987,0.04804
2835.33107,0.04809
2833.40228,0.04829
2831.47348,0.04840
2829.54468,0.04831
2827.61589,0.04815
2825.68709,0.04819
2823.75829,0.04845
2821.82950,0.04867
2819.90070,0.04871
2817.97190,0.04854
2816.04311,0.04832
2814.11431,0.04825
2812.18551,0.04827
2810.25672,0.04823
2808.32792,0.04813
2806.39912,0.04812
2804.47033,0.04827
2802.54153,0.04832
2800.61273,0.04811
2798.68394,0.04794
2796.75514,0.04795
2794.82634,0.04780
2792.89755,0.04730
2790.96875,0.04674
2789.03995,0.04664
2787.11116,0.04691
2785.18236,0.04697
2783.25356,0.04667
2781.32477,0.04630
2779.39597,0.04599
2777.46717,0.04578
2775.53838,0.04570
2773.60958,0.04567
2771.68078,0.04554
2769.75199,0.04544
2767.82319,0.04560
2765.89439,0.04588
2763.96560,0.04595
2762.03680,0.04564
2760.10800,0.04518
2758.17921,0.04493
2756.25041,0.04496
2754.32161,0.04492
2752.39282,0.04461
2750.46402,0.04437
2748.53522,0.04440
2746.60643,0.04452
2744.67763,0.04463
2742.74883,0.04465
2740.82004,0.04459
2738.89124,0.04446
2736.96244,0.04441
2735.03365,0.04456
2733.10485,0.04473
2731.17605,0.04474
2729.24726,0.04465
2727.31846,0.04454
2725.38967,0.04440
2723.46087,0.04426
2721.53207,0.04425
2719.60328,0.04444
2717.67448,0.04464
2715.74568,0.04478
2713.81689,0.04489
2711.88809,0.04496
2709.95929,0.04481
2708.03050,0.04448
2706.10170,0.04435
2704.17290,0.04452
2702.24411,0.04471
2700.31531,0.04482
2698.38651,0.04484
2696.45772,0.04467
2694.52892,0.04443
2692.60012,0.04440
2690.67133,0.04447
2688.74253,0.04446
2686.81373,0.04443
2684.88494,0.04443
2682.95614,0.04438
2681.02734,0.04433
2679.09855,0.04441
2677.16975,0.04451
2675.24095,0.04445
2673.31216,0.04429
2671.38336,0.04419
2669.45456,0.04430
2667.52577,0.04441
2665.59697,0.04427
2663.66817,0.04413
2661.73938,0.04416
2659.81058,0.04413
2657.88178,0.04402
2655.95299,0.04395
2654.02419,0.04391
2652.09539,0.04390
2650.16660,0.04392
2648.23780,0.04397
2646.30900,0.04405
2644.38021,0.04412
2642.45141,0.04422
2640.52261,0.04428
2638.59382,0.04430
2636.66502,0.04447
2634.73622,0.04475
2632.80743,0.04492
2630.87863,0.04503
2628.94983,0.04530
2627.02104,0.04558
2625.09224,0.04556
2623.16344,0.04545
2621.23465,0.04543
2619.30585,0.04538
2617.37705,0.04528
2615.44826,0.04508
2613.51946,0.04498
2611.59066,0.04524
2609.66187,0.04551
2607.73307,0.04540
2605.80427,0.04525
2603.87548,0.04542
2601.94668,0.04558
2600.01788,0.04540
2598.08909,0.04537
2596.16029,0.04575
2594.23149,0.04595
2592.30270,0.04572
2590.37390,0.04568
2588.44510,0.04574
2586.51631,0.04537
2584.58751,0.04518
2582.65871,0.04548
2580.72992,0.04536
2578.80112,0.04482
2576.87232,0.04491
2574.94353,0.04566
2573.01473,0.04615
2571.08593,0.04618
2569.15714,0.04615
2567.22834,0.04598
2565.29954,0.04555
2563.37075,0.04501
2561.44195,0.04465
2559.51315,0.04476
2557.58436,0.04507
2555.65556,0.04515
2553.72676,0.04503
2551.79797,0.04474
2549.86917,0.04452
2547.94037,0.04452
2546.01158,0.04456
2544.08278,0.04462
2542.15398,0.04468
2540.22519,0.04455
2538.29639,0.04432
2536.36759,0.04419
2534.43880,0.04428
2532.51000,0.04443
2530.58120,0.04419
2528.65241,0.04372
2526.72361,0.04348
2524.79481,0.04352
2522.86602,0.04372
2520.93722,0.04408
2519.00842,0.04450
2517.07963,0.04481
2515.15083,0.04506
2513.22203,0.04513
2511.29324,0.04483
2509.36444,0.04443
2507.43564,0.04416
2505.50685,0.04394
2503.57805,0.04375
2501.64925,0.04372
2499.72046,0.04355
2497.79166,0.04294
2495.86286,0.04256
2493.93407,0.04305
2492.00527,0.04352
2490.07647,0.04319
2488.14768,0.04281
2486.21888,0.04296
2484.29008,0.04334
2482.36129,0.04355
2480.43249,0.04349
2478.50369,0.04336
2476.57490,0.04329
2474.64610,0.04329
2472.71730,0.04332
2470.78851,0.04321
2468.85971,0.04314
2466.93091,0.04337
2465.00212,0.04372
2463.07332,0.04373
2461.14452,0.04323
2459.21573,0.04268
2457.28693,0.04238
2455.35813,0.04217
2453.42934,0.04212
2451.50054,0.04212
2449.57174,0.04187
2447.64295,0.04154
2445.71415,0.04146
2443.78535,0.04167
2441.85656,0.04199
2439.92776,0.04221
2437.99896,0.04220
2436.07017,0.04191
2434.14137,0.04156
2432.21257,0.04148
2430.28378,0.04167
2428.35498,0.04180
2426.42618,0.04170
2424.49739,0.04166
2422.56859,0.04174
2420.63979,0.04143
2418.71100,0.04072
2416.78220,0.04026
2414.85340,0.04006
2412.92461,0.03958
2410.99581,0.03915
2409.06701,0.03935
2407.13822,0.03971
2405.20942,0.03954
2403.28062,0.03906
2401.35183,0.03866
2399.42303,0.03815
2397.49423,0.03769
2395.56544,0.03770
2393.63664,0.03801
2391.70784,0.03842
2389.77905,0.03925
2387.85025,0.04122
2385.92145,0.04511
2383.99266,0.05146
2382.06386,0.06054
2380.13506,0.07203
2378.20627,0.08485
2376.27747,0.09786
2374.34867,0.11084
2372.41988,0.12412
2370.49108,0.13741
2368.56228,0.14983
2366.63349,0.16087
2364.70469,0.16998
2362.77589,0.17633
2360.84710,0.17915
2358.91830,0.17745
2356.98951,0.17032
2355.06071,0.15792
2353.13191,0.14133
2351.20312,0.12464
2349.27432,0.11591
2347.34552,0.11992
2345.41673,0.13190
2343.48793,0.14006
2341.55913,0.14081
2339.63034,0.13862
2337.70154,0.13579
2335.77274,0.13353
2333.84395,0.13298
2331.91515,0.13334
2329.98635,0.13180
2328.05756,0.12781
2326.12876,0.12396
2324.19996,0.12153
2322.27117,0.11843
2320.34237,0.11226
2318.41357,0.10405
2316.48478,0.09693
2314.55598,0.09239
2312.62718,0.08894
2310.69839,0.08467
2308.76959,0.07952
2306.84079,0.07399
2304.91200,0.06851
2302.98320,0.06386
2301.05440,0.06019
2299.12561,0.05707
2297.19681,0.05453
2295.26801,0.05248
2293.33922,0.05034
2291.41042,0.04799
2289.48162,0.04579
2287.55283,0.04394
2285.62403,0.04257
2283.69523,0.04203
2281.76644,0.04256
2279.83764,0.04369
2277.90884,0.04465
2275.98005,0.04519
2274.05125,0.04547
2272.12245,0.04574
2270.19366,0.04627
2268.26486,0.04702
2266.33606,0.04767
2264.40727,0.04781
2262.47847,0.04742
2260.54967,0.04715
2258.62088,0.04743
2256.69208,0.04807
2254.76328,0.04850
2252.83449,0.04798
2250.90569,0.04661
2248.97689,0.04559
2247.04810,0.04557
2245.11930,0.04641
2243.19050,0.04750
2241.26171,0.04795
2239.33291,0.04773
2237.40411,0.04743
2235.47532,0.04749
2233.54652,0.04782
2231.61772,0.04818
2229.68893,0.04897
2227.76013,0.04985
2225.83133,0.05009
2223.90254,0.05040
2221.97374,0.05109
2220.04494,0.05152
2218.11615,0.05169
2216.18735,0.05213
2214.25855,0.05279
2212.32976,0.05310
2210.40096,0.05358
2208.47216,0.05486
2206.54337,0.05552
2204.61457,0.05495
2202.68577,0.05448
2200.75698,0.05467
2198.82818,0.05502
2196.89938,0.05466
2194.97059,0.05392
2193.04179,0.05467
2191.11299,0.05664
2189.18420,0.05802
2187.25540,0.05835
2185.32660,0.05762
2183.39781,0.05667
2181.46901,0.05768
2179.54021,0.05982
2177.61142,0.06008
2175.68262,0.05911
2173.75382,0.05889
2171.82503,0.05933
2169.89623,0.06037
2167.96743,0.06221
2166.03864,0.06453
2164.10984,0.06647
2162.18104,0.06789
2160.25225,0.06923
2158.32345,0.06973
2156.39465,0.06808
2154.46586,0.06470
2152.53706,0.06153
2150.60826,0.05882
2148.67947,0.05544
2146.75067,0.05169
2144.82187,0.04869
2142.89308,0.04609
2140.96428,0.04394
2139.03548,0.04354
2137.10669,0.04412
2135.17789,0.04355
2133.24909,0.04173
2131.32030,0.04002
2129.39150,0.03901
2127.46270,0.03831
2125.53391,0.03764
2123.60511,0.03697
2121.67631,0.03628
2119.74752,0.03554
2117.81872,0.03501
2115.88992,0.03506
2113.96113,0.03526
2112.03233,0.03505
2110.10353,0.03476
2108.17474,0.03479
2106.24594,0.03517
2104.31714,0.03555
2102.38835,0.03570
2100.45955,0.03572
2098.53075,0.03534
2096.60196,0.03453
2094.67316,0.03399
2092.74436,0.03392
2090.81557,0.03398
2088.88677,0.03422
2086.95797,0.03480
2085.02918,0.03551
2083.10038,0.03600
2081.17158,0.03616
2079.24279,0.03615
2077.31399,0.03625
2075.38519,0.03630
2073.45640,0.03604
2071.52760,0.03626
2069.59880,0.03743
2067.67001,0.03874
2065.74121,0.03906
2063.81241,0.03829
2061.88362,0.03735
2059.95482,0.03663
2058.02602,0.03628
2056.09723,0.03667
2054.16843,0.03769
2052.23963,0.03913
2050.31084,0.04081
2048.38204,0.04227
2046.45324,0.04347
2044.52445,0.04488
2042.59565,0.04670
2040.66685,0.04845
2038.73806,0.04898
2036.80926,0.04797
2034.88046,0.04737
2032.95167,0.04861
2031.02287,0.04939
2029.09407,0.04853
2027.16528,0.04795
2025.23648,0.04775
2023.30768,0.04751
2021.37889,0.04722
2019.45009,0.04649
2017.52129,0.04626
2015.59250,0.04637
2013.66370,0.04537
2011.73490,0.04360
2009.80611,0.04251
2007.87731,0.04173
2005.94851,0.03994
2004.01972,0.03844
2002.09092,0.03902
2000.16212,0.04052
1998.23333,0.04058
1996.30453,0.03919
1994.37574,0.03881
1992.44694,0.03995
1990.51814,0.04029
1988.58935,0.03968
1986.66055,0.03961
1984.73175,0.04012
1982.80296,0.04125
1980.87416,0.04275
1978.94536,0.04314
1977.01657,0.04171
1975.08777,0.03995
1973.15897,0.03888
1971.23018,0.03809
1969.30138,0.03772
1967.37258,0.03839
1965.44379,0.03932
1963.51499,0.03840
1961.58619,0.03609
1959.65740,0.03467
1957.72860,0.03418
1955.79980,0.03376
1953.87101,0.03336
1951.94221,0.03297
1950.01341,0.03264
1948.08462,0.03269
1946.15582,0.03351
1944.22702,0.03491
1942.29823,0.03492
1940.36943,0.03289
1938.44063,0.03083
1936.51184,0.02999
1934.58304,0.03024
1932.65424,0.03030
1930.72545,0.02959
1928.79665,0.02905
1926.86785,0.02957
1924.93906,0.03111
1923.01026,0.03215
1921.08146,0.03240
1919.15267,0.03288
1917.22387,0.03212
1915.29507,0.02981
1913.36628,0.02874
1911.43748,0.02936
1909.50868,0.02963
1907.57989,0.02872
1905.65109,0.02769
1903.72229,0.02715
1901.79350,0.02662
1899.86470,0.02630
1897.93590,0.02704
1896.00711,0.02833
1894.07831,0.02899
1892.14951,0.02982
1890.22072,0.03107
1888.29192,0.03065
1886.36312,0.02892
1884.43433,0.02793
1882.50553,0.02776
1880.57673,0.02781
1878.64794,0.02779
1876.71914,0.02770
1874.79034,0.02781
1872.86155,0.02933
1870.93275,0.03311
1869.00395,0.03599
1867.07516,0.03402
1865.14636,0.02989
1863.21756,0.02752
1861.28877,0.02684
1859.35997,0.02663
1857.43117,0.02636
1855.50238,0.02602
1853.57358,0.02584
1851.64478,0.02626
1849.71599,0.02786
1847.78719,0.03086
1845.85839,0.03450
1843.92960,0.03514
1842.00080,0.03153
1840.07200,0.02860
1838.14321,0.02821
1836.21441,0.02838
1834.28561,0.02892
1832.35682,0.03167
1830.42802,0.03488
1828.49922,0.03505
1826.57043,0.03388
1824.64163,0.03236
1822.71283,0.02949
1820.78404,0.02727
1818.85524,0.02688
1816.92644,0.02689
1814.99765,0.02710
1813.06885,0.02846
1811.14005,0.02976
1809.21126,0.02909
1807.28246,0.02749
1805.35366,0.02744
1803.42487,0.02982
1801.49607,0.03246
1799.56727,0.03255
1797.63848,0.03141
1795.70968,0.03260
1793.78088,0.03639
1791.85209,0.03757
1789.92329,0.03343
1787.99449,0.02988
1786.06570,0.02983
1784.13690,0.03085
1782.20810,0.03165
1780.27931,0.03181
1778.35051,0.03120
1776.42171,0.03234
1774.49292,0.03678
1772.56412,0.04083
1770.63532,0.03968
1768.70653,0.03536
1766.77773,0.03113
1764.84893,0.02968
1762.92014,0.03141
1760.99134,0.03231
1759.06254,0.03163
1757.13375,0.03115
1755.20495,0.03073
1753.27615,0.03312
1751.34736,0.03887
1749.41856,0.04169
1747.48976,0.03940
1745.56097,0.03666
1743.63217,0.03586
1741.70337,0.03635
1739.77458,0.03632
1737.84578,0.03667
1735.91698,0.04105
1733.98819,0.04564
1732.05939,0.04216
1730.13059,0.03569
1728.20180,0.03085
1726.27300,0.02858
1724.34420,0.02887
1722.41541,0.03081
1720.48661,0.03660
1718.55781,0.04609
1716.62902,0.04996
1714.70022,0.04446
1712.77142,0.03802
1710.84263,0.03572
1708.91383,0.03847
1706.98503,0.04481
1705.05624,0.05098
1703.12744,0.05757
1701.19864,0.06823
1699.26985,0.07734
1697.34105,0.08095
1695.41225,0.08253
1693.48346,0.08362
1691.55466,0.08948
1689.62586,0.10166
1687.69707,0.11727
1685.76827,0.13826
1683.83947,0.15999
1681.91068,0.16890
1679.98188,0.17388
1678.05308,0.18447
1676.12429,0.20046
1674.19549,0.21611
1672.26669,0.22888
1670.33790,0.24139
1668.40910,0.24885
1666.48030,0.25089
1664.55151,0.25553
1662.62271,0.26129
1660.69391,0.26241
1658.76512,0.26260
1656.83632,0.26844
1654.90752,0.28150
1652.97873,0.28940
1651.04993,0.28341
1649.12113,0.28282
1647.19234,0.28893
1645.26354,0.29057
1643.33474,0.29066
1641.40595,0.29785
1639.47715,0.31323
1637.54835,0.33583
1635.61956,0.35948
1633.69076,0.37276
1631.76197,0.38248
1629.83317,0.39753
1627.90437,0.41480
1625.97558,0.42900
1624.04678,0.43892
1622.11798,0.44236
1620.18919,0.44230
1618.26039,0.44365
1616.33159,0.44153
1614.40280,0.43411
1612.47400,0.42958
1610.54520,0.43039
1608.61641,0.43434
1606.68761,0.43989
1604.75881,0.44751
1602.83002,0.45696
1600.90122,0.46669
1598.97242,0.47568
1597.04363,0.48328
1595.11483,0.48785
1593.18603,0.48770
1591.25724,0.48289
1589.32844,0.47381
1587.39964,0.46087
1585.47085,0.44488
1583.54205,0.42647
1581.61325,0.40708
1579.68446,0.39022
1577.75566,0.37458
1575.82686,0.35139
1573.89807,0.32618
1571.96927,0.30879
1570.04047,0.29287
1568.11168,0.27331
1566.18288,0.25531
1564.25408,0.24228
1562.32529,0.23764
1560.39649,0.24097
1558.46769,0.23340
1556.53890,0.21117
1554.61010,0.19334
1552.68130,0.18143
1550.75251,0.17295
1548.82371,0.16592
1546.89491,0.16262
1544.96612,0.16502
1543.03732,0.17002
1541.10852,0.17152
1539.17973,0.16018
1537.25093,0.14570
1535.32213,0.14010
1533.39334,0.13747
1531.46454,0.13140
1529.53574,0.12760
1527.60695,0.12855
1525.67815,0.13018
1523.74935,0.13220
1521.82056,0.13355
1519.89176,0.13042
1517.96296,0.12573
1516.03417,0.12024
1514.10537,0.11452
1512.17657,0.11379
1510.24778,0.12087
1508.31898,0.13202
1506.39018,0.13103
1504.46139,0.11656
1502.53259,0.10887
1500.60379,0.11096
1498.67500,0.11755
1496.74620,0.12177
1494.81740,0.12247
1492.88861,0.12728
1490.95981,0.13928
1489.03101,0.15043
1487.10222,0.15436
1485.17342,0.15745
1483.24462,0.16511
1481.31583,0.17677
1479.38703,0.19056
1477.45823,0.20723
1475.52944,0.22676
1473.60064,0.24498
1471.67184,0.25494
1469.74305,0.25783
1467.81425,0.26301
1465.88545,0.27187
1463.95666,0.27717
1462.02786,0.27893
1460.09906,0.28436
1458.17027,0.29054
1456.24147,0.28194
1454.31267,0.26288
1452.38388,0.24707
1450.45508,0.23509
1448.52628,0.22334
1446.59749,0.20872
1444.66869,0.19346
1442.73989,0.18041
1440.81110,0.17078
1438.88230,0.16545
1436.95350,0.15940
1435.02471,0.14757
1433.09591,0.13638
1431.16711,0.12896
1429.23832,0.12170
1427.30952,0.11468
1425.38072,0.11022
1423.45193,0.10745
1421.52313,0.10674
1419.59433,0.10734
1417.66554,0.10256
1415.73674,0.09344
1413.80794,0.08684
1411.87915,0.08346
1409.95035,0.08116
1408.02155,0.07999
1406.09276,0.08003
1404.16396,0.07888
1402.23516,0.07742
1400.30637,0.07867
1398.37757,0.08099
1396.44877,0.08140
1394.51998,0.07858
1392.59118,0.07351
1390.66238,0.07090
1388.73359,0.07187
1386.80479,0.07156
1384.87599,0.06806
1382.94720,0.06516
1381.01840,0.06441
1379.08960,0.06465
1377.16081,0.06581
1375.23201,0.06730
1373.30321,0.06617
1371.37442,0.06295
1369.44562,0.06087
1367.51682,0.06017
1365.58803,0.06127
1363.65923,0.06394
1361.73043,0.06392
1359.80164,0.06048
1357.87284,0.05776
1355.94404,0.05693
1354.01525,0.05655
1352.08645,0.05617
1350.15765,0.05611
1348.22886,0.05608
1346.30006,0.05594
1344.37126,0.05645
1342.44247,0.05888
1340.51367,0.06232
1338.58487,0.06305
1336.65608,0.06035
1334.72728,0.05741
1332.79848,0.05589
1330.86969,0.05527
1328.94089,0.05486
1327.01209,0.05444
1325.08330,0.05406
1323.15450,0.05396
1321.22570,0.05442
1319.29691,0.05497
1317.36811,0.05477
1315.43931,0.05416
1313.51052,0.05363
1311.58172,0.05295
1309.65292,0.05231
1307.72413,0.05198
1305.79533,0.05181
1303.86653,0.05179
1301.93774,0.05198
1300.00894,0.05229
1298.08014,0.05267
1296.15135,0.05293
1294.22255,0.05301
1292.29375,0.05312
1290.36496,0.05343
1288.43616,0.05369
1286.50736,0.05353
1284.57857,0.05314
1282.64977,0.05290
1280.72097,0.05273
1278.79218,0.05243
1276.86338,0.05209
1274.93458,0.05199
1273.00579,0.05217
1271.07699,0.05226
1269.14820,0.05207
1267.21940,0.05185
1265.29060,0.05184
1263.36181,0.05201
1261.43301,0.05225
1259.50421,0.05232
1257.57542,0.05219
1255.64662,0.05215
1253.71782,0.05233
1251.78903,0.05268
1249.86023,0.05314
1247.93143,0.05360
1246.00264,0.05404
1244.07384,0.05447
1242.14504,0.05479
1240.21625,0.05496
1238.28745,0.05508
1236.35865,0.05518
1234.42986,0.05523
1232.50106,0.05532
1230.57226,0.05546
1228.64347,0.05560
1226.71467,0.05566
1224.78587,0.05567
1222.85708,0.05568
1220.92828,0.05584
1218.99948,0.05617
1217.07069,0.05656
1215.14189,0.05699
1213.21309,0.05751
1211.28430,0.05816
1209.35550,0.05891
1207.42670,0.05976
1205.49791,0.06076
1203.56911,0.06185
1201.64031,0.06299
1199.71152,0.06429
1197.78272,0.06579
1195.85392,0.06739
1193.92513,0.06906
1191.99633,0.07093
1190.06753,0.07309
1188.13874,0.07544
1186.20994,0.07783
1184.28114,0.08025
1182.35235,0.08294
1180.42355,0.08611
1178.49475,0.08978
1176.56596,0.09380
1174.63716,0.09805
1172.70836,0.10246
1170.77957,0.10709
1168.85077,0.11191
1166.92197,0.11670
1164.99318,0.12121
1163.06438,0.12522
1161.13558,0.12845
1159.20679,0.13061
1157.27799,0.13157
1155.34919,0.13123
1153.42040,0.12970
1151.49160,0.12720
1149.56280,0.12383
1147.63401,0.11974
1145.70521,0.11524
1143.77641,0.11054
1141.84762,0.10582
1139.91882,0.10124
1137.99002,0.09684
1136.06123,0.09265
1134.13243,0.08871
1132.20363,0.08511
1130.27484,0.08198
1128.34604,0.07925
1126.41724,0.07679
1124.48845,0.07458
1122.55965,0.07270
1120.63085,0.07117
1118.70206,0.06989
1116.77326,0.06875
1114.84446,0.06781
1112.91567,0.06713
1110.98687,0.06663
1109.05807,0.06626
1107.12928,0.06603
1105.20048,0.06591
1103.27168,0.06584
1101.34289,0.06586
1099.41409,0.06598
1097.48529,0.06614
1095.55650,0.06629
1093.62770,0.06649
1091.69890,0.06672
1089.77011,0.06700
1087.84131,0.06725
1085.91251,0.06739
1083.98372,0.06747
1082.05492,0.06760
1080.12612,0.06778
1078.19733,0.06798
1076.26853,0.06817
1074.33973,0.06839
1072.41094,0.06867
1070.48214,0.06896
1068.55334,0.06915
1066.62455,0.06927
1064.69575,0.06943
1062.76695,0.06955
1060.83816,0.06944
1058.90936,0.06915
1056.98056,0.06890
1055.05177,0.06864
1053.12297,0.06827
1051.19417,0.06781
1049.26538,0.06734
1047.33658,0.06687
1045.40778,0.06640
1043.47899,0.06582
1041.55019,0.06506
1039.62139,0.06417
1037.69260,0.06332
1035.76380,0.06248
1033.83500,0.06158
1031.90621,0.06068
1029.97741,0.05983
1028.04861,0.05895
1026.11982,0.05810
1024.19102,0.05744
1022.26222,0.05695
1020.33343,0.05648
1018.40463,0.05601
1016.47583,0.05574
1014.54704,0.05567
1012.61824,0.05568
1010.68944,0.05562
1008.76065,0.05543
1006.83185,0.05511
1004.90305,0.05468
1002.97426,0.05417
1001.04546,0.05370
999.11666,0.05333
997.18787,0.05303
995.25907,0.05269
993.33027,0.05225
991.40148,0.05181
989.47268,0.05139
987.54388,0.05085
985.61509,0.05016
983.68629,0.04950
981.75749,0.04886
979.82870,0.04814
977.89990,0.04733
975.97110,0.04655
974.04231,0.04588
972.11351,0.04531
970.18471,0.04482
968.25592,0.04454
966.32712,0.04447
964.39832,0.04447
962.46953,0.04443
960.54073,0.04428
958.61193,0.04406
956.68314,0.04380
954.75434,0.04357
952.82554,0.04352
950.89675,0.04359
948.96795,0.04349
947.03915,0.04318
945.11036,0.04282
943.18156,0.04239
941.25276,0.04181
939.32397,0.04114
937.39517,0.04046
935.46637,0.03974
933.53758,0.03895
931.60878,0.03813
929.67998,0.03738
927.75119,0.03678
925.82239,0.03623
923.89359,0.03555
921.96480,0.03476
920.03600,0.03407
918.10720,0.03360
916.17841,0.03328
914.24961,0.03303
912.32081,0.03288
910.39202,0.03282
908.46322,0.03272
906.53443,0.03246
904.60563,0.03221
902.67683,0.03214
900.74804,0.03216
898.81924,0.03204
896.89044,0.03170
894.96165,0.03123
893.03285,0.03067
891.10405,0.03001
889.17526,0.02924
887.24646,0.02837
885.31766,0.02738
883.38887,0.02639
881.46007,0.02553
879.53127,0.02476
877.60248,0.02403
875.67368,0.02339
873.74488,0.02281
871.81609,0.02234
869.88729,0.02196
867.95849,0.02164
866.02970,0.02146
864.10090,0.02146
862.17210,0.02151
860.24331,0.02149
858.31451,0.02148
856.38571,0.02153
854.45692,0.02165
852.52812,0.02180
850.59932,0.02180
848.67053,0.02163
846.74173,0.02147
844.81293,0.02132
842.88414,0.02099
840.95534,0.02053
839.02654,0.02013
837.09775,0.01976
835.16895,0.01927
833.24015,0.01870
831.31136,0.01821
829.38256,0.01782
827.45376,0.01740
825.52497,0.01705
823.59617,0.01700
821.66737,0.01723
819.73858,0.01746
817.80978,0.01767
815.88098,0.01807
813.95219,0.01865
812.02339,0.01928
810.09459,0.01998
808.16580,0.02077
806.23700,0.02156
804.30820,0.02235
802.37941,0.02324
800.45061,0.02416
798.52181,0.02511
796.59302,0.02615
794.66422,0.02716
792.73542,0.02794
790.80663,0.02860
788.87783,0.02922
786.94903,0.02970
785.02024,0.02985
783.09144,0.02942
781.16264,0.02838
779.23385,0.02703
777.30505,0.02557
775.37625,0.02416
773.44746,0.02315
771.51866,0.02269
769.58986,0.02245
767.66107,0.02213
765.73227,0.02204
763.80347,0.02229
761.87468,0.02248
759.94588,0.02260
758.01708,0.02291
756.08829,0.02330
754.15949,0.02361
752.23069,0.02396
750.30190,0.02427
748.37310,0.02436
