3496.90832,0.06946
3494.97953,0.06696
3493.05073,0.06808
3491.12193,0.07390
3489.19314,0.07564
3487.26434,0.07133
3485.33554,0.06272
3483.40675,0.05480
3481.47795,0.05547
3479.54915,0.06249
3477.62036,0.06795
3475.69156,0.06923
3473.76276,0.06842
3471.83397,0.06717
3469.90517,0.06559
3467.97637,0.06579
3466.04758,0.07087
3464.11878,0.07693
3462.18998,0.07581
3460.26119,0.07092
3458.33239,0.06690
3456.40359,0.06117
3454.47480,0.05702
3452.54600,0.05655
3450.61721,0.05829
3448.68841,0.06139
3446.75961,0.06180
3444.83082,0.05980
3442.90202,0.05812
3440.97322,0.05482
3439.04443,0.04760
3437.11563,0.03876
3435.18683,0.03578
3433.25804,0.04276
3431.32924,0.04963
3429.40044,0.04798
3427.47165,0.04632
3425.54285,0.05020
3423.61405,0.05604
3421.68526,0.05973
3419.75646,0.05809
3417.82766,0.05408
3415.89887,0.05103
3413.97007,0.04660
3412.04127,0.03987
3410.11248,0.03271
3408.18368,0.02773
3406.25488,0.02850
3404.32609,0.03553
3402.39729,0.04649
3400.46849,0.05903
3398.53970,0.06596
3396.61090,0.05952
3394.68210,0.04630
3392.75331,0.03873
3390.82451,0.03900
3388.89571,0.04626
3386.96692,0.05774
3385.03812,0.06225
3383.10932,0.05693
3381.18053,0.05503
3379.25173,0.06069
3377.32293,0.06160
3375.39414,0.05407
3373.46534,0.05034
3371.53654,0.05665
3369.60775,0.06621
3367.67895,0.07293
3365.75015,0.07378
3363.82136,0.06950
3361.89256,0.06383
3359.96376,0.05678
3358.03497,0.05319
3356.10617,0.05791
3354.17737,0.06391
3352.24858,0.06433
3350.31978,0.06182
3348.39098,0.06123
3346.46219,0.06105
3344.53339,0.05732
3342.60459,0.05384
3340.67580,0.05617
3338.74700,0.06087
3336.81820,0.06052
3334.88941,0.05780
3332.96061,0.05863
3331.03181,0.06171
3329.10302,0.06400
3327.17422,0.06076
3325.24542,0.05341
3323.31663,0.04766
3321.38783,0.04231
3319.45903,0.03652
3317.53024,0.03393
3315.60144,0.03363
3313.67264,0.03329
3311.74385,0.03369
3309.81505,0.03493
3307.88625,0.03918
3305.95746,0.04370
3304.02866,0.03972
3302.09986,0.03247
3300.17107,0.03124
3298.24227,0.03280
3296.31347,0.03413
3294.38468,0.03541
3292.45588,0.03370
3290.52708,0.03123
3288.59829,0.03265
3286.66949,0.03262
3284.74069,0.03151
3282.81190,0.03667
3280.88310,0.04126
3278.95430,0.04154
3277.02551,0.04537
3275.09671,0.04987
3273.16791,0.04788
3271.23912,0.04258
3269.31032,0.03739
3267.38152,0.03266
3265.45273,0.03031
3263.52393,0.02990
3261.59513,0.03182
3259.66634,0.03950
3257.73754,0.04830
3255.80874,0.04848
3253.87995,0.04101
3251.95115,0.03419
3250.02235,0.03044
3248.09356,0.02728
3246.16476,0.02670
3244.23596,0.03219
3242.30717,0.03599
3240.37837,0.03422
3238.44957,0.03913
3236.52078,0.05140
3234.59198,0.05686
3232.66318,0.05114
3230.73439,0.04340
3228.80559,0.04054
3226.87679,0.03910
3224.94800,0.03597
3223.01920,0.03452
3221.09040,0.03701
3219.16161,0.04305
3217.23281,0.05101
3215.30401,0.05605
3213.37522,0.05496
3211.44642,0.05299
3209.51762,0.05364
3207.58883,0.05260
3205.66003,0.04981
3203.73123,0.04861
3201.80244,0.04907
3199.87364,0.05007
3197.94484,0.04833
3196.01605,0.04429
3194.08725,0.04362
3192.15845,0.04381
3190.22966,0.04239
3188.30086,0.04430
3186.37206,0.04714
3184.44327,0.04763
3182.51447,0.04816
3180.58567,0.04896
3178.65688,0.04998
3176.72808,0.04960
3174.79928,0.04640
3172.87049,0.04341
3170.94169,0.04117
3169.01289,0.03861
3167.08410,0.03726
3165.15530,0.03882
3163.22650,0.04241
3161.29771,0.04391
3159.36891,0.04117
3157.44011,0.03660
3155.51132,0.03311
3153.58252,0.03325
3151.65372,0.03646
3149.72493,0.03682
3147.79613,0.03352
3145.86733,0.03274
3143.93854,0.03478
3142.00974,0.03557
3140.08094,0.03503
3138.15215,0.03500
3136.22335,0.03595
3134.29455,0.03683
3132.36576,0.03705
3130.43696,0.03735
3128.50816,0.03742
3126.57937,0.03703
3124.65057,0.03733
3122.72177,0.03873
3120.79298,0.03997
3118.86418,0.03979
3116.93538,0.03830
3115.00659,0.03649
3113.07779,0.03557
3111.14899,0.03582
3109.22020,0.03580
3107.29140,0.03563
3105.36260,0.03625
3103.43381,0.03642
3101.50501,0.03575
3099.57621,0.03519
3097.64742,0.03480
3095.71862,0.03492
3093.78982,0.03537
3091.86103,0.03508
3089.93223,0.03450
3088.00344,0.03443
3086.07464,0.03462
3084.14584,0.03481
3082.21705,0.03466
3080.28825,0.03443
3078.35945,0.03461
3076.43066,0.03487
3074.50186,0.03526
3072.57306,0.03581
3070.64427,0.03558
3068.71547,0.03447
3066.78667,0.03331
3064.85788,0.03300
3062.92908,0.03394
3061.00028,0.03495
3059.07149,0.03503
3057.14269,0.03529
3055.21389,0.03674
3053.28510,0.03799
3051.35630,0.03780
3049.42750,0.03699
3047.49871,0.03595
3045.56991,0.03512
3043.64111,0.03567
3041.71232,0.03694
3039.78352,0.03751
3037.85472,0.03736
3035.92593,0.03754
3033.99713,0.03846
3032.06833,0.03942
3030.13954,0.04013
3028.21074,0.04050
3026.28194,0.03996
3024.35315,0.03893
3022.42435,0.03861
3020.49555,0.03883
3018.56676,0.03890
3016.63796,0.03913
3014.70916,0.03962
3012.78037,0.04017
3010.85157,0.04067
3008.92277,0.04080
3006.99398,0.04071
3005.06518,0.04061
3003.13638,0.04009
3001.20759,0.03939
2999.27879,0.03922
2997.34999,0.03940
2995.42120,0.03985
2993.49240,0.04045
2991.56360,0.04071
2989.63481,0.04112
2987.70601,0.04182
2985.77721,0.04184
2983.84842,0.04135
2981.91962,0.04149
2979.99082,0.04216
2978.06203,0.04269
2976.13323,0.04291
2974.20443,0.04275
2972.27564,0.04268
2970.34684,0.04302
2968.41804,0.04320
2966.48925,0.04335
2964.56045,0.04402
2962.63165,0.04477
2960.70286,0.04524
2958.77406,0.04562
2956.84526,0.04598
2954.91647,0.04634
2952.98767,0.04650
2951.05887,0.04636
2949.13008,0.04641
2947.20128,0.04666
2945.27248,0.04666
2943.34369,0.04658
2941.41489,0.04674
2939.48609,0.04715
2937.55730,0.04774
2935.62850,0.04837
2933.69970,0.04898
2931.77091,0.04952
2929.84211,0.04995
2927.91331,0.05024
2925.98452,0.05030
2924.05572,0.05033
2922.12692,0.05066
2920.19813,0.05100
2918.26933,0.05094
2916.34053,0.05049
2914.41174,0.04979
2912.48294,0.04892
2910.55414,0.04826
2908.62535,0.04801
2906.69655,0.04768
2904.76775,0.04718
2902.83896,0.04695
2900.91016,0.04710
2898.98136,0.04747
2897.05257,0.04757
2895.12377,0.04711
2893.19497,0.04666
2891.26618,0.04676
2889.33738,0.04707
2887.40858,0.04715
2885.47979,0.04708
2883.55099,0.04711
2881.62219,0.04726
2879.69340,0.04745
2877.76460,0.04757
2875.83580,0.04752
2873.90701,0.04742
2871.97821,0.04751
2870.04941,0.04776
2868.12062,0.04808
2866.19182,0.04845
2864.26302,0.04879
2862.33423,0.04897
2860.40543,0.04911
2858.47663,0.04939
2856.54784,0.04967
2854.61904,0.04999
2852.69024,0.05025
2850.76145,0.05017
2848.83265,0.05003
2846.90385,0.04999
2844.97506,0.04979
2843.04626,0.04951
2841.11746,0.04928
2839.18867,0.04911
2837.25987,0.04899
2835.33107,0.04896
2833.40228,0.04895
2831.47348,0.04884
2829.54468,0.04876
2827.61589,0.04891
2825.68709,0.04914
2823.75829,0.04926
2821.82950,0.04932
2819.90070,0.04928
2817.97190,0.04904
2816.04311,0.04876
2814.11431,0.04867
2812.18551,0.04860
2810.25672,0.04834
2808.32792,0.04797
2806.39912,0.04782
2804.47033,0.04806
2802.54153,0.04843
2800.61273,0.04853
2798.68394,0.04839
2796.75514,0.04821
2794.82634,0.04792
2792.89755,0.04742
2790.96875,0.04704
2789.03995,0.04707
2787.11116,0.04719
2785.18236,0.04711
2783.25356,0.04712
2781.32477,0.04714
2779.39597,0.04685
2777.46717,0.04645
2775.53838,0.04626
2773.60958,0.04616
2771.68078,0.04610
2769.75199,0.04622
2767.82319,0.04637
2765.89439,0.04631
2763.96560,0.04601
2762.03680,0.04564
2760.10800,0.04542
2758.17921,0.04534
2756.25041,0.04522
2754.32161,0.04498
2752.39282,0.04475
2750.46402,0.04477
2748.53522,0.04507
2746.60643,0.04537
2744.67763,0.04543
2742.74883,0.04534
2740.82004,0.04527
2738.89124,0.04528
2736.96244,0.04548
2735.03365,0.04572
2733.10485,0.04561
2731.17605,0.04528
2729.24726,0.04518
2727.31846,0.04536
2725.38967,0.04551
2723.46087,0.04545
2721.53207,0.04531
2719.60328,0.04521
2717.67448,0.04509
2715.74568,0.04496
2713.81689,0.04490
2711.88809,0.04494
2709.95929,0.04492
2708.03050,0.04472
2706.10170,0.04456
2704.17290,0.04463
2702.24411,0.04480
2700.31531,0.04484
2698.38651,0.04474
2696.45772,0.04465
2694.52892,0.04467
2692.60012,0.04476
2690.67133,0.04475
2688.74253,0.04471
2686.81373,0.04481
2684.88494,0.04500
2682.95614,0.04519
2681.02734,0.04535
2679.09855,0.04541
2677.16975,0.04531
2675.24095,0.04512
2673.31216,0.04498
2671.38336,0.04488
2669.45456,0.04475
2667.52577,0.04463
2665.59697,0.04457
2663.66817,0.04452
2661.73938,0.04434
2659.81058,0.04413
2657.88178,0.04415
2655.95299,0.04431
2654.02419,0.04431
2652.09539,0.04427
2650.16660,0.04430
2648.23780,0.04440
2646.30900,0.04453
2644.38021,0.04464
2642.45141,0.04482
2640.52261,0.04508
2638.59382,0.04527
2636.66502,0.04537
2634.73622,0.04542
2632.80743,0.04557
2630.87863,0.04590
2628.94983,0.04611
2627.02104,0.04605
2625.09224,0.04607
2623.16344,0.04621
2621.23465,0.04609
2619.30585,0.04576
2617.37705,0.04550
2615.44826,0.04530
2613.51946,0.04521
2611.59066,0.04534
2609.66187,0.04547
2607.73307,0.04545
2605.80427,0.04536
2603.87548,0.04535
2601.94668,0.04555
2600.01788,0.04569
2598.08909,0.04551
2596.16029,0.04526
2594.23149,0.04529
2592.30270,0.04572
2590.37390,0.04648
2588.44510,0.04712
2586.51631,0.04712
2584.58751,0.04671
2582.65871,0.04638
2580.72992,0.04603
2578.80112,0.04574
2576.87232,0.04585
2574.94353,0.04616
2573.01473,0.04622
2571.08593,0.04622
2569.15714,0.04631
2567.22834,0.04621
2565.29954,0.04584
2563.37075,0.04523
2561.44195,0.04465
2559.51315,0.04430
2557.58436,0.04409
2555.65556,0.04413
2553.72676,0.04425
2551.79797,0.04402
2549.86917,0.04402
2547.94037,0.04471
2546.01158,0.04520
2544.08278,0.04508
2542.15398,0.04490
2540.22519,0.04487
2538.29639,0.04500
2536.36759,0.04526
2534.43880,0.04560
2532.51000,0.04586
2530.58120,0.04568
2528.65241,0.04512
2526.72361,0.04460
2524.79481,0.04432
2522.86602,0.04424
2520.93722,0.04427
2519.00842,0.04435
2517.07963,0.04455
2515.15083,0.04488
2513.22203,0.04489
2511.29324,0.04425
2509.36444,0.04349
2507.43564,0.04341
2505.50685,0.04383
2503.57805,0.04387
2501.64925,0.04352
2499.72046,0.04358
2497.79166,0.04393
2495.86286,0.04401
2493.93407,0.04410
2492.00527,0.04426
2490.07647,0.04411
2488.14768,0.04403
2486.21888,0.04448
2484.29008,0.04506
2482.36129,0.04518
2480.43249,0.04500
2478.50369,0.04495
2476.57490,0.04486
2474.64610,0.04446
2472.71730,0.04395
2470.78851,0.04358
2468.85971,0.04340
2466.93091,0.04336
2465.00212,0.04333
2463.07332,0.04326
2461.14452,0.04313
2459.21573,0.04286
2457.28693,0.04259
2455.35813,0.04235
2453.42934,0.04206
2451.50054,0.04189
2449.57174,0.04179
2447.64295,0.04156
2445.71415,0.04152
2443.78535,0.04196
2441.85656,0.04256
2439.92776,0.04305
2437.99896,0.04329
2436.07017,0.04308
2434.14137,0.04262
2432.21257,0.04228
2430.28378,0.04201
2428.35498,0.04184
2426.42618,0.04201
2424.49739,0.04225
2422.56859,0.04192
2420.63979,0.04110
2418.71100,0.04052
2416.78220,0.04047
2414.85340,0.04045
2412.92461,0.04006
2410.99581,0.03967
2409.06701,0.03975
2407.13822,0.04005
2405.20942,0.04009
2403.28062,0.03997
2401.35183,0.03981
2399.42303,0.03939
2397.49423,0.03892
2395.56544,0.03879
2393.63664,0.03905
2391.70784,0.03954
2389.77905,0.04041
2387.85025,0.04237
2385.92145,0.04641
2383.99266,0.05304
2382.06386,0.06242
2380.13506,0.07422
2378.20627,0.08722
2376.27747,0.10022
2374.34867,0.11327
2372.41988,0.12670
2370.49108,0.14006
2368.56228,0.15253
2366.63349,0.16371
2364.70469,0.17305
2362.77589,0.17939
2360.84710,0.18195
2358.91830,0.18014
2356.98951,0.17307
2355.06071,0.16075
2353.13191,0.14430
2351.20312,0.12776
2349.27432,0.11909
2347.34552,0.12321
2345.41673,0.13557
2343.48793,0.14415
2341.55913,0.14486
2339.63034,0.14221
2337.70154,0.13912
2335.77274,0.13701
2333.84395,0.13675
2331.91515,0.13728
2329.98635,0.13564
2328.05756,0.13135
2326.12876,0.12728
2324.19996,0.12457
2322.27117,0.12087
2320.34237,0.11420
2318.41357,0.10576
2316.48478,0.09829
2314.55598,0.09353
2312.62718,0.09040
2310.69839,0.08651
2308.76959,0.08114
2306.84079,0.07515
2304.91200,0.06963
2302.98320,0.06535
2301.05440,0.06197
2299.12561,0.05875
2297.19681,0.05582
2295.26801,0.05350
2293.33922,0.05154
2291.41042,0.04975
2289.48162,0.04800
2287.55283,0.04620
2285.62403,0.04472
2283.69523,0.04391
2281.76644,0.04371
2279.83764,0.04420
2277.90884,0.04523
2275.98005,0.04574
2274.05125,0.04528
2272.12245,0.04491
2270.19366,0.04531
2268.26486,0.04595
2266.33606,0.04622
2264.40727,0.04625
2262.47847,0.04638
2260.54967,0.04659
2258.62088,0.04691
2256.69208,0.04759
2254.76328,0.04808
2252.83449,0.04764
2250.90569,0.04706
2248.97689,0.04725
2247.04810,0.04777
2245.11930,0.04814
2243.19050,0.04867
2241.26171,0.04938
2239.33291,0.04978
2237.40411,0.04957
2235.47532,0.04927
2233.54652,0.04936
2231.61772,0.04956
2229.68893,0.05003
2227.76013,0.05073
2225.83133,0.05095
2223.90254,0.05099
2221.97374,0.05120
2220.04494,0.05134
2218.11615,0.05166
2216.18735,0.05206
2214.25855,0.05195
2212.32976,0.05158
2210.40096,0.05241
2208.47216,0.05461
2206.54337,0.05614
2204.61457,0.05622
2202.68577,0.05554
2200.75698,0.05484
2198.82818,0.05485
2196.89938,0.05464
2194.97059,0.05424
2193.04179,0.05577
2191.11299,0.05871
2189.18420,0.06079
2187.25540,0.06124
2185.32660,0.06033
2183.39781,0.05892
2181.46901,0.05842
2179.54021,0.05928
2177.61142,0.05975
2175.68262,0.05973
2173.75382,0.06045
2171.82503,0.06082
2169.89623,0.06043
2167.96743,0.06102
2166.03864,0.06269
2164.10984,0.06399
2162.18104,0.06521
2160.25225,0.06664
2158.32345,0.06726
2156.39465,0.06684
2154.46586,0.06482
2152.53706,0.06148
2150.60826,0.05818
2148.67947,0.05526
2146.75067,0.05270
2144.82187,0.05104
2142.89308,0.05012
2140.96428,0.04909
2139.03548,0.04789
2137.10669,0.04651
2135.17789,0.04511
2133.24909,0.04383
2131.32030,0.04225
2129.39150,0.04053
2127.46270,0.03929
2125.53391,0.03839
2123.60511,0.03718
2121.67631,0.03568
2119.74752,0.03452
2117.81872,0.03411
2115.88992,0.03447
2113.96113,0.03507
2112.03233,0.03543
2110.10353,0.03575
2108.17474,0.03625
2106.24594,0.03636
2104.31714,0.03583
2102.38835,0.03564
2100.45955,0.03622
2098.53075,0.03663
2096.60196,0.03622
2094.67316,0.03557
2092.74436,0.03516
2090.81557,0.03506
2088.88677,0.03544
2086.95797,0.03609
2085.02918,0.03632
2083.10038,0.03612
2081.17158,0.03608
2079.24279,0.03633
2077.31399,0.03665
2075.38519,0.03681
2073.45640,0.03669
2071.52760,0.03677
2069.59880,0.03750
2067.67001,0.03848
2065.74121,0.03887
2063.81241,0.03842
2061.88362,0.03757
2059.95482,0.03684
2058.02602,0.03661
2056.09723,0.03692
2054.16843,0.03763
2052.23963,0.03833
2050.31084,0.03932
2048.38204,0.04190
2046.45324,0.04573
2044.52445,0.04866
2042.59565,0.04965
2040.66685,0.04963
2038.73806,0.04907
2036.80926,0.04770
2034.88046,0.04720
2032.95167,0.04859
2031.02287,0.04924
2029.09407,0.04844
2027.16528,0.04798
2025.23648,0.04739
2023.30768,0.04647
2021.37889,0.04583
2019.45009,0.04536
2017.52129,0.04577
2015.59250,0.04632
2013.66370,0.04568
2011.73490,0.04502
2009.80611,0.04521
2007.87731,0.04436
2005.94851,0.04145
2004.01972,0.03985
2002.09092,0.04149
2000.16212,0.04324
1998.23333,0.04265
1996.30453,0.04122
1994.37574,0.04074
1992.44694,0.04113
1990.51814,0.04141
1988.58935,0.04093
1986.66055,0.04030
1984.73175,0.04046
1982.80296,0.04180
1980.87416,0.04412
1978.94536,0.04549
1977.01657,0.04426
1975.08777,0.04216
1973.15897,0.04032
1971.23018,0.03859
1969.30138,0.03840
1967.37258,0.03917
1965.44379,0.03853
1963.51499,0.03701
1961.58619,0.03619
1959.65740,0.03577
1957.72860,0.03523
1955.79980,0.03449
1953.87101,0.03382
1951.94221,0.03361
1950.01341,0.03387
1948.08462,0.03427
1946.15582,0.03489
1944.22702,0.03609
1942.29823,0.03635
1940.36943,0.03433
1938.44063,0.03193
1936.51184,0.03096
1934.58304,0.03108
1932.65424,0.03102
1930.72545,0.03057
1928.79665,0.03027
1926.86785,0.03057
1924.93906,0.03189
1923.01026,0.03300
1921.08146,0.03307
1919.15267,0.03296
1917.22387,0.03199
1915.29507,0.03003
1913.36628,0.02916
1911.43748,0.02985
1909.50868,0.03057
1907.57989,0.03017
1905.65109,0.02922
1903.72229,0.02870
1901.79350,0.02862
1899.86470,0.02886
1897.93590,0.02957
1896.00711,0.03035
1894.07831,0.03069
1892.14951,0.03140
1890.22072,0.03243
1888.29192,0.03187
1886.36312,0.03025
1884.43433,0.02939
1882.50553,0.02920
1880.57673,0.02911
1878.64794,0.02877
1876.71914,0.02831
1874.79034,0.02818
1872.86155,0.02952
1870.93275,0.03310
1869.00395,0.03593
1867.07516,0.03416
1865.14636,0.03028
1863.21756,0.02812
1861.28877,0.02761
1859.35997,0.02752
1857.43117,0.02737
1855.50238,0.02718
1853.57358,0.02723
1851.64478,0.02794
1849.71599,0.02973
1847.78719,0.03271
1845.85839,0.03628
1843.92960,0.03701
1842.00080,0.03342
1840.07200,0.03028
1838.14321,0.02960
1836.21441,0.02944
1834.28561,0.02962
1832.35682,0.03205
1830.42802,0.03509
1828.49922,0.03526
1826.57043,0.03412
1824.64163,0.03254
1822.71283,0.02966
1820.78404,0.02753
1818.85524,0.02725
1816.92644,0.02741
1814.99765,0.02771
1813.06885,0.02911
1811.14005,0.03054
1809.21126,0.03017
1807.28246,0.02886
1805.35366,0.02898
1803.42487,0.03142
1801.49607,0.03408
1799.56727,0.03423
1797.63848,0.03313
1795.70968,0.03417
1793.78088,0.03766
1791.85209,0.03870
1789.92329,0.03464
1787.99449,0.03110
1786.06570,0.03088
1784.13690,0.03167
1782.20810,0.03228
1780.27931,0.03233
1778.35051,0.03165
1776.42171,0.03263
1774.49292,0.03681
1772.56412,0.04065
1770.63532,0.03959
1768.70653,0.03555
1766.77773,0.03162
1764.84893,0.03032
1762.92014,0.03210
1760.99134,0.03314
1759.06254,0.03270
1757.13375,0.03243
1755.20495,0.03223
1753.27615,0.03472
1751.34736,0.04040
1749.41856,0.04310
1747.48976,0.04077
1745.56097,0.03806
1743.63217,0.03725
1741.70337,0.03754
1739.77458,0.03723
1737.84578,0.03739
1735.91698,0.04151
1733.98819,0.04578
1732.05939,0.04226
1730.13059,0.03587
1728.20180,0.03107
1726.27300,0.02880
1724.34420,0.02906
1722.41541,0.03093
1720.48661,0.03651
1718.55781,0.04575
1716.62902,0.04974
1714.70022,0.04473
1712.77142,0.03869
1710.84263,0.03663
1708.91383,0.03951
1706.98503,0.04590
1705.05624,0.05210
1703.12744,0.05865
1701.19864,0.06904
1699.26985,0.07783
1697.34105,0.08131
1695.41225,0.08295
1693.48346,0.08416
1691.55466,0.09002
1689.62586,0.10201
1687.69707,0.11724
1685.76827,0.13755
1683.83947,0.15873
1681.91068,0.16786
1679.98188,0.17313
1678.05308,0.18361
1676.12429,0.19924
1674.19549,0.21471
1672.26669,0.22751
1670.33790,0.24008
1668.40910,0.24778
1666.48030,0.25013
1664.55151,0.25489
1662.62271,0.26073
1660.69391,0.26204
1658.76512,0.26241
1656.83632,0.26816
1654.90752,0.28077
1652.97873,0.28837
1651.04993,0.28279
1649.12113,0.28237
1647.19234,0.28825
1645.26354,0.28984
1643.33474,0.29011
1641.40595,0.29733
1639.47715,0.31237
1637.54835,0.33430
1635.61956,0.35737
1633.69076,0.37066
1631.76197,0.38051
1629.83317,0.39545
1627.90437,0.41245
1625.97558,0.42639
1624.04678,0.43618
1622.11798,0.43964
1620.18919,0.43965
1618.26039,0.44109
1616.33159,0.43931
1614.40280,0.43241
1612.47400,0.42830
1610.54520,0.42942
1608.61641,0.43360
1606.68761,0.43923
1604.75881,0.44689
1602.83002,0.45634
1600.90122,0.46588
1598.97242,0.47450
1597.04363,0.48175
1595.11483,0.48614
1593.18603,0.48581
1591.25724,0.48069
1589.32844,0.47121
1587.39964,0.45781
1585.47085,0.44137
1583.54205,0.42263
1581.61325,0.40311
1579.68446,0.38620
1577.75566,0.37045
1575.82686,0.34737
1573.89807,0.32254
1571.96927,0.30541
1570.04047,0.28971
1568.11168,0.27061
1566.18288,0.25310
1564.25408,0.24039
1562.32529,0.23580
1560.39649,0.23882
1558.46769,0.23129
1556.53890,0.20980
1554.61010,0.19255
1552.68130,0.18092
1550.75251,0.17255
1548.82371,0.16553
1546.89491,0.16214
1544.96612,0.16429
1543.03732,0.16888
1541.10852,0.16989
1539.17973,0.15849
1537.25093,0.14428
1535.32213,0.13876
1533.39334,0.13609
1531.46454,0.13009
1529.53574,0.12630
1527.60695,0.12714
1525.67815,0.12869
1523.74935,0.13064
1521.82056,0.13203
1519.89176,0.12916
1517.96296,0.12478
1516.03417,0.11965
1514.10537,0.11434
1512.17657,0.11385
1510.24778,0.12087
1508.31898,0.13167
1506.39018,0.13066
1504.46139,0.11674
1502.53259,0.10939
1500.60379,0.11141
1498.67500,0.11772
1496.74620,0.12171
1494.81740,0.12235
1492.88861,0.12698
1490.95981,0.13856
1489.03101,0.14933
1487.10222,0.15316
1485.17342,0.15625
1483.24462,0.16383
1481.31583,0.17530
1479.38703,0.18888
1477.45823,0.20531
1475.52944,0.22456
1473.60064,0.24260
1471.67184,0.25274
1469.74305,0.25604
1467.81425,0.26150
1465.88545,0.27042
1463.95666,0.27587
1462.02786,0.27785
1460.09906,0.28326
1458.17027,0.28923
1456.24147,0.28082
1454.31267,0.26225
1452.38388,0.24677
1450.45508,0.23487
1448.52628,0.22306
1446.59749,0.20837
1444.66869,0.19310
1442.73989,0.18000
1440.81110,0.17025
1438.88230,0.16471
1436.95350,0.15848
1435.02471,0.14663
1433.09591,0.13548
1431.16711,0.12806
1429.23832,0.12090
1427.30952,0.11404
1425.38072,0.10970
1423.45193,0.10701
1421.52313,0.10635
1419.59433,0.10700
1417.66554,0.10248
1415.73674,0.09378
1413.80794,0.08751
1411.87915,0.08434
1409.95035,0.08216
1408.02155,0.08102
1406.09276,0.08104
1404.16396,0.07990
1402.23516,0.07840
1400.30637,0.07952
1398.37757,0.08164
1396.44877,0.08188
1394.51998,0.07893
1392.59118,0.07382
1390.66238,0.07115
1388.73359,0.07195
1386.80479,0.07150
1384.87599,0.06797
1382.94720,0.06507
1381.01840,0.06430
1379.08960,0.06454
1377.16081,0.06572
1375.23201,0.06726
1373.30321,0.06630
1371.37442,0.06333
1369.44562,0.06146
1367.51682,0.06093
1365.58803,0.06217
1363.65923,0.06493
1361.73043,0.06503
1359.80164,0.06173
1357.87284,0.05908
1355.94404,0.05824
1354.01525,0.05785
1352.08645,0.05745
1350.15765,0.05729
1348.22886,0.05711
1346.30006,0.05683
1344.37126,0.05720
1342.44247,0.05942
1340.51367,0.06262
1338.58487,0.06319
1336.65608,0.06041
1334.72728,0.05746
1332.79848,0.05595
1330.86969,0.05534
1328.94089,0.05496
1327.01209,0.05461
1325.08330,0.05436
1323.15450,0.05442
1321.22570,0.05506
1319.29691,0.05580
1317.36811,0.05579
1315.43931,0.05535
1313.51052,0.05497
1311.58172,0.05438
1309.65292,0.05378
1307.72413,0.05347
1305.79533,0.05329
1303.86653,0.05319
1301.93774,0.05325
1300.00894,0.05343
1298.08014,0.05367
1296.15135,0.05379
1294.22255,0.05370
1292.29375,0.05367
1290.36496,0.05385
1288.43616,0.05398
1286.50736,0.05370
1284.57857,0.05324
1282.64977,0.05298
1280.72097,0.05286
1278.79218,0.05266
1276.86338,0.05245
1274.93458,0.05248
1273.00579,0.05282
1271.07699,0.05312
1269.14820,0.05313
1267.21940,0.05310
1265.29060,0.05323
1263.36181,0.05349
1261.43301,0.05379
1259.50421,0.05390
1257.57542,0.05377
1255.64662,0.05370
1253.71782,0.05381
1251.78903,0.05404
1249.86023,0.05431
1247.93143,0.05456
1246.00264,0.05481
1244.07384,0.05510
1242.14504,0.05531
1240.21625,0.05537
1238.28745,0.05537
1236.35865,0.05538
1234.42986,0.05538
1232.50106,0.05544
1230.57226,0.05563
1228.64347,0.05584
1226.71467,0.05604
1224.78587,0.05622
1222.85708,0.05645
1220.92828,0.05683
1218.99948,0.05736
1217.07069,0.05794
1215.14189,0.05851
1213.21309,0.05910
1211.28430,0.05975
1209.35550,0.06046
1207.42670,0.06126
1205.49791,0.06217
1203.56911,0.06313
1201.64031,0.06413
1199.71152,0.06525
1197.78272,0.06656
1195.85392,0.06798
1193.92513,0.06948
1191.99633,0.07120
1190.06753,0.07323
1188.13874,0.07548
1186.20994,0.07777
1184.28114,0.08012
1182.35235,0.08279
1180.42355,0.08604
1178.49475,0.08984
1176.56596,0.09403
1174.63716,0.09846
1172.70836,0.10308
1170.77957,0.10788
1168.85077,0.11283
1166.92197,0.11771
1164.99318,0.12228
1163.06438,0.12631
1161.13558,0.12952
1159.20679,0.13162
1157.27799,0.13247
1155.34919,0.13200
1153.42040,0.13030
1151.49160,0.12764
1149.56280,0.12416
1147.63401,0.11997
1145.70521,0.11532
1143.77641,0.11048
1141.84762,0.10567
1139.91882,0.10102
1137.99002,0.09655
1136.06123,0.09236
1134.13243,0.08852
1132.20363,0.08507
1130.27484,0.08209
1128.34604,0.07954
1126.41724,0.07729
1124.48845,0.07533
1122.55965,0.07368
1120.63085,0.07236
1118.70206,0.07126
1116.77326,0.07025
1114.84446,0.06937
1112.91567,0.06870
1110.98687,0.06817
1109.05807,0.06773
1107.12928,0.06740
1105.20048,0.06716
1103.27168,0.06698
1101.34289,0.06686
1099.41409,0.06681
1097.48529,0.06680
1095.55650,0.06681
1093.62770,0.06687
1091.69890,0.06697
1089.77011,0.06713
1087.84131,0.06732
1085.91251,0.06746
1083.98372,0.06757
1082.05492,0.06778
1080.12612,0.06811
1078.19733,0.06851
1076.26853,0.06892
1074.33973,0.06935
1072.41094,0.06983
1070.48214,0.07033
1068.55334,0.07069
1066.62455,0.07091
1064.69575,0.07108
1062.76695,0.07115
1060.83816,0.07095
1058.90936,0.07057
1056.98056,0.07021
1055.05177,0.06984
1053.12297,0.06934
1051.19417,0.06873
1049.26538,0.06808
1047.33658,0.06743
1045.40778,0.06679
1043.47899,0.06610
1041.55019,0.06525
1039.62139,0.06431
1037.69260,0.06345
1035.76380,0.06268
1033.83500,0.06188
1031.90621,0.06108
1029.97741,0.06040
1028.04861,0.05975
1026.11982,0.05911
1024.19102,0.05863
1022.26222,0.05834
1020.33343,0.05803
1018.40463,0.05767
1016.47583,0.05746
1014.54704,0.05741
1012.61824,0.05741
1010.68944,0.05729
1008.76065,0.05700
1006.83185,0.05656
1004.90305,0.05598
1002.97426,0.05531
1001.04546,0.05467
999.11666,0.05413
997.18787,0.05366
995.25907,0.05317
993.33027,0.05264
991.40148,0.05217
989.47268,0.05174
987.54388,0.05120
985.61509,0.05058
983.68629,0.05003
981.75749,0.04956
979.82870,0.04904
977.89990,0.04844
975.97110,0.04788
974.04231,0.04743
972.11351,0.04703
970.18471,0.04666
968.25592,0.04642
966.32712,0.04635
964.39832,0.04632
962.46953,0.04621
960.54073,0.04596
958.61193,0.04561
956.68314,0.04521
954.75434,0.04484
952.82554,0.04465
950.89675,0.04454
948.96795,0.04424
947.03915,0.04376
945.11036,0.04327
943.18156,0.04277
941.25276,0.04214
939.32397,0.04147
937.39517,0.04084
935.46637,0.04021
933.53758,0.03956
931.60878,0.03891
929.67998,0.03836
927.75119,0.03798
925.82239,0.03766
923.89359,0.03716
921.96480,0.03649
920.03600,0.03587
918.10720,0.03546
916.17841,0.03514
914.24961,0.03483
912.32081,0.03456
910.39202,0.03436
908.46322,0.03411
906.53443,0.03372
904.60563,0.03330
902.67683,0.03304
900.74804,0.03286
898.81924,0.03259
896.89044,0.03211
894.96165,0.03151
893.03285,0.03090
891.10405,0.03025
889.17526,0.02953
887.24646,0.02874
885.31766,0.02787
883.38887,0.02707
881.46007,0.02641
879.53127,0.02586
877.60248,0.02538
875.67368,0.02497
873.74488,0.02459
871.81609,0.02425
869.88729,0.02394
867.95849,0.02360
866.02970,0.02333
864.10090,0.02325
862.17210,0.02322
860.24331,0.02306
858.31451,0.02285
856.38571,0.02267
854.45692,0.02255
852.52812,0.02248
850.59932,0.02233
848.67053,0.02200
846.74173,0.02166
844.81293,0.02135
842.88414,0.02098
840.95534,0.02060
839.02654,0.02032
837.09775,0.02003
835.16895,0.01963
833.24015,0.01928
831.31136,0.01908
829.38256,0.01890
827.45376,0.01870
825.52497,0.01862
823.59617,0.01880
821.66737,0.01913
819.73858,0.01943
817.80978,0.01966
815.88098,0.01995
813.95219,0.02032
812.02339,0.02070
810.09459,0.02115
808.16580,0.02174
806.23700,0.02237
804.30820,0.02307
802.37941,0.02394
800.45061,0.02480
798.52181,0.02557
796.59302,0.02633
794.66422,0.02714
792.73542,0.02795
790.80663,0.02871
788.87783,0.02935
786.94903,0.02994
785.02024,0.03044
783.09144,0.03041
781.16264,0.02964
779.23385,0.02847
777.30505,0.02718
775.37625,0.02583
773.44746,0.02483
771.51866,0.02444
769.58986,0.02431
767.66107,0.02405
765.73227,0.02387
763.80347,0.02379
761.87468,0.02356
759.94588,0.02345
758.01708,0.02383
756.08829,0.02436
754.15949,0.02471
752.23069,0.02494
750.30190,0.02505
748.37310,0.02488
