3496.90832,0.06981
3494.97953,0.06636
3493.05073,0.06141
3491.12193,0.06264
3489.19314,0.07059
3487.26434,0.07651
3485.33554,0.07602
3483.40675,0.07614
3481.47795,0.07899
3479.54915,0.07980
3477.62036,0.08155
3475.69156,0.08477
3473.76276,0.08227
3471.83397,0.07530
3469.90517,0.07192
3467.97637,0.07429
3466.04758,0.07703
3464.11878,0.07349
3462.18998,0.06475
3460.26119,0.06054
3458.33239,0.06364
3456.40359,0.06629
3454.47480,0.06424
3452.54600,0.05870
3450.61721,0.05358
3448.68841,0.05517
3446.75961,0.06343
3444.83082,0.06997
3442.90202,0.07115
3440.97322,0.06732
3439.04443,0.05804
3437.11563,0.04922
3435.18683,0.04642
3433.25804,0.04625
3431.32924,0.04513
3429.40044,0.04769
3427.47165,0.05551
3425.54285,0.05919
3423.61405,0.05551
3421.68526,0.04975
3419.75646,0.04745
3417.82766,0.05524
3415.89887,0.06620
3413.97007,0.06616
3412.04127,0.05719
3410.11248,0.04661
3408.18368,0.03596
3406.25488,0.03087
3404.32609,0.03330
3402.39729,0.03938
3400.46849,0.04916
3398.53970,0.05550
3396.61090,0.04869
3394.68210,0.03953
3392.75331,0.03849
3390.82451,0.03850
3388.89571,0.03995
3386.96692,0.04531
3385.03812,0.04569
3383.10932,0.04435
3381.18053,0.05198
3379.25173,0.06284
3377.32293,0.06755
3375.39414,0.06479
3373.46534,0.05805
3371.53654,0.05340
3369.60775,0.05298
3367.67895,0.05678
3365.75015,0.06191
3363.82136,0.06092
3361.89256,0.05481
3359.96376,0.05077
3358.03497,0.04799
3356.10617,0.04640
3354.17737,0.05295
3352.24858,0.06528
3350.31978,0.07287
3348.39098,0.07252
3346.46219,0.06365
3344.53339,0.05335
3342.60459,0.05502
3340.67580,0.06291
3338.74700,0.06366
3336.81820,0.05912
3334.88941,0.05520
3332.96061,0.05215
3331.03181,0.04934
3329.10302,0.05002
3327.17422,0.05482
3325.24542,0.05724
3323.31663,0.05432
3321.38783,0.05331
3319.45903,0.05758
3317.53024,0.05798
3315.60144,0.04984
3313.67264,0.04078
3311.74385,0.03523
3309.81505,0.03284
3307.88625,0.03582
3305.95746,0.03916
3304.02866,0.03624
3302.09986,0.03393
3300.17107,0.03641
3298.24227,0.03499
3296.31347,0.02859
3294.38468,0.02467
3292.45588,0.02511
3290.52708,0.02914
3288.59829,0.03410
3286.66949,0.03379
3284.74069,0.02917
3282.81190,0.02676
3280.88310,0.03015
3278.95430,0.03859
3277.02551,0.04530
3275.09671,0.04691
3273.16791,0.04607
3271.23912,0.04200
3269.31032,0.03525
3267.38152,0.03114
3265.45273,0.02955
3263.52393,0.02700
3261.59513,0.02726
3259.66634,0.03224
3257.73754,0.03506
3255.80874,0.03242
3253.87995,0.03112
3251.95115,0.03534
3250.02235,0.03913
3248.09356,0.03835
3246.16476,0.03582
3244.23596,0.03613
3242.30717,0.03872
3240.37837,0.04038
3238.44957,0.04461
3236.52078,0.05195
3234.59198,0.05646
3232.66318,0.05426
3230.73439,0.04627
3228.80559,0.03901
3226.87679,0.03561
3224.94800,0.03311
3223.01920,0.03142
3221.09040,0.03396
3219.16161,0.04159
3217.23281,0.05056
3215.30401,0.05533
3213.37522,0.05345
3211.44642,0.04953
3209.51762,0.04818
3207.58883,0.04732
3205.66003,0.04583
3203.73123,0.04534
3201.80244,0.04687
3199.87364,0.04988
3197.94484,0.05163
3196.01605,0.05095
3194.08725,0.05080
3192.15845,0.05376
3190.22966,0.05785
3188.30086,0.05872
3186.37206,0.05552
3184.44327,0.05298
3182.51447,0.05322
3180.58567,0.05294
3178.65688,0.05238
3176.72808,0.05155
3174.79928,0.04760
3172.87049,0.04213
3170.94169,0.03769
3169.01289,0.03554
3167.08410,0.03780
3165.15530,0.04259
3163.22650,0.04534
3161.29771,0.04597
3159.36891,0.04464
3157.44011,0.04119
3155.51132,0.03971
3153.58252,0.04204
3151.65372,0.04411
3149.72493,0.04254
3147.79613,0.03959
3145.86733,0.03929
3143.93854,0.04029
3142.00974,0.04035
3140.08094,0.04038
3138.15215,0.04061
3136.22335,0.04043
3134.29455,0.03938
3132.36576,0.03846
3130.43696,0.03862
3128.50816,0.03810
3126.57937,0.03735
3124.65057,0.03864
3122.72177,0.04023
3120.79298,0.04006
3118.86418,0.03915
3116.93538,0.03882
3115.00659,0.03866
3113.07779,0.03825
3111.14899,0.03848
3109.22020,0.03927
3107.29140,0.04010
3105.36260,0.04042
3103.43381,0.03900
3101.50501,0.03768
3099.57621,0.03803
3097.64742,0.03751
3095.71862,0.03582
3093.78982,0.03475
3091.86103,0.03408
3089.93223,0.03429
3088.00344,0.03579
3086.07464,0.03685
3084.14584,0.03689
3082.21705,0.03670
3080.28825,0.03602
3078.35945,0.03483
3076.43066,0.03406
3074.50186,0.03419
3072.57306,0.03467
3070.64427,0.03501
3068.71547,0.03538
3066.78667,0.03606
3064.85788,0.03660
3062.92908,0.03649
3061.00028,0.03605
3059.07149,0.03531
3057.14269,0.03435
3055.21389,0.03455
3053.28510,0.03598
3051.35630,0.03696
3049.42750,0.03696
3047.49871,0.03667
3045.56991,0.03667
3043.64111,0.03700
3041.71232,0.03745
3039.78352,0.03784
3037.85472,0.03815
3035.92593,0.03876
3033.99713,0.03929
3032.06833,0.03924
3030.13954,0.03921
3028.21074,0.03959
3026.28194,0.03963
3024.35315,0.03898
3022.42435,0.03863
3020.49555,0.03905
3018.56676,0.03955
3016.63796,0.03972
3014.70916,0.03980
3012.78037,0.04010
3010.85157,0.04051
3008.92277,0.04063
3006.99398,0.04039
3005.06518,0.03998
3003.13638,0.03949
3001.20759,0.03902
2999.27879,0.03879
2997.34999,0.03896
2995.42120,0.03972
2993.49240,0.04058
2991.56360,0.04048
2989.63481,0.03995
2987.70601,0.04003
2985.77721,0.04022
2983.84842,0.04028
2981.91962,0.04093
2979.99082,0.04172
2978.06203,0.04194
2976.13323,0.04219
2974.20443,0.04267
2972.27564,0.04283
2970.34684,0.04290
2968.41804,0.04311
2966.48925,0.04318
2964.56045,0.04322
2962.63165,0.04342
2960.70286,0.04380
2958.77406,0.04443
2956.84526,0.04515
2954.91647,0.04557
2952.98767,0.04568
2951.05887,0.04578
2949.13008,0.04612
2947.20128,0.04648
2945.27248,0.04642
2943.34369,0.04583
2941.41489,0.04523
2939.48609,0.04539
2937.55730,0.04635
2935.62850,0.04728
2933.69970,0.04778
2931.77091,0.04823
2929.84211,0.04873
2927.91331,0.04903
2925.98452,0.04909
2924.05572,0.04907
2922.12692,0.04926
2920.19813,0.04956
2918.26933,0.04962
2916.34053,0.04942
2914.41174,0.04885
2912.48294,0.04796
2910.55414,0.04724
2908.62535,0.04667
2906.69655,0.04610
2904.76775,0.04585
2902.83896,0.04585
2900.91016,0.04586
2898.98136,0.04607
2897.05257,0.04643
2895.12377,0.04659
2893.19497,0.04669
2891.26618,0.04687
2889.33738,0.04688
2887.40858,0.04646
2885.47979,0.04580
2883.55099,0.04558
2881.62219,0.04617
2879.69340,0.04683
2877.76460,0.04681
2875.83580,0.04640
2873.90701,0.04611
2871.97821,0.04617
2870.04941,0.04663
2868.12062,0.04720
2866.19182,0.04754
2864.26302,0.04771
2862.33423,0.04806
2860.40543,0.04869
2858.47663,0.04920
2856.54784,0.04926
2854.61904,0.04910
2852.69024,0.04910
2850.76145,0.04920
2848.83265,0.04918
2846.90385,0.04907
2844.97506,0.04907
2843.04626,0.04904
2841.11746,0.04872
2839.18867,0.04832
2837.25987,0.04799
2835.33107,0.04769
2833.40228,0.04754
2831.47348,0.04749
2829.54468,0.04748
2827.61589,0.04760
2825.68709,0.04779
2823.75829,0.04791
2821.82950,0.04795
2819.90070,0.04786
2817.97190,0.04770
2816.04311,0.04771
2814.11431,0.04784
2812.18551,0.04790
2810.25672,0.04784
2808.32792,0.04760
2806.39912,0.04736
2804.47033,0.04726
2802.54153,0.04718
2800.61273,0.04712
2798.68394,0.04719
2796.75514,0.04725
2794.82634,0.04706
2792.89755,0.04662
2790.96875,0.04629
2789.03995,0.04633
2787.11116,0.04638
2785.18236,0.04612
2783.25356,0.04575
2781.32477,0.04548
2779.39597,0.04526
2777.46717,0.04509
2775.53838,0.04502
2773.60958,0.04501
2771.68078,0.04493
2769.75199,0.04475
2767.82319,0.04470
2765.89439,0.04485
2763.96560,0.04487
2762.03680,0.04456
2760.10800,0.04422
2758.17921,0.04409
2756.25041,0.04404
2754.32161,0.04400
2752.39282,0.04392
2750.46402,0.04381
2748.53522,0.04374
2746.60643,0.04367
2744.67763,0.04356
2742.74883,0.04360
2740.82004,0.04380
2738.89124,0.04388
2736.96244,0.04392
2735.03365,0.04408
2733.10485,0.04420
2731.17605,0.04419
2729.24726,0.04418
2727.31846,0.04414
2725.38967,0.04400
2723.46087,0.04381
2721.53207,0.04378
2719.60328,0.04395
2717.67448,0.04398
2715.74568,0.04385
2713.81689,0.04380
2711.88809,0.04379
2709.95929,0.04365
2708.03050,0.04344
2706.10170,0.04333
2704.17290,0.04345
2702.24411,0.04364
2700.31531,0.04367
2698.38651,0.04356
2696.45772,0.04345
2694.52892,0.04355
2692.60012,0.04381
2690.67133,0.04387
2688.74253,0.04370
2686.81373,0.04359
2684.88494,0.04371
2682.95614,0.04390
2681.02734,0.04397
2679.09855,0.04393
2677.16975,0.04379
2675.24095,0.04355
2673.31216,0.04334
2671.38336,0.04329
2669.45456,0.04337
2667.52577,0.04345
2665.59697,0.04336
2663.66817,0.04309
2661.73938,0.04279
2659.81058,0.04271
2657.88178,0.04292
2655.95299,0.04315
2654.02419,0.04324
2652.09539,0.04330
2650.16660,0.04338
2648.23780,0.04347
2646.30900,0.04366
2644.38021,0.04381
2642.45141,0.04387
2640.52261,0.04382
2638.59382,0.04364
2636.66502,0.04355
2634.73622,0.04364
2632.80743,0.04378
2630.87863,0.04396
2628.94983,0.04414
2627.02104,0.04417
2625.09224,0.04404
2623.16344,0.04396
2621.23465,0.04403
2619.30585,0.04409
2617.37705,0.04406
2615.44826,0.04403
2613.51946,0.04393
2611.59066,0.04377
2609.66187,0.04375
2607.73307,0.04394
2605.80427,0.04427
2603.87548,0.04462
2601.94668,0.04483
2600.01788,0.04483
2598.08909,0.04490
2596.16029,0.04517
2594.23149,0.04518
2592.30270,0.04484
2590.37390,0.04462
2588.44510,0.04445
2586.51631,0.04411
2584.58751,0.04398
2582.65871,0.04403
2580.72992,0.04382
2578.80112,0.04359
2576.87232,0.04387
2574.94353,0.04446
2573.01473,0.04469
2571.08593,0.04463
2569.15714,0.04465
2567.22834,0.04445
2565.29954,0.04398
2563.37075,0.04374
2561.44195,0.04390
2559.51315,0.04411
2557.58436,0.04396
2555.65556,0.04360
2553.72676,0.04350
2551.79797,0.04361
2549.86917,0.04379
2547.94037,0.04409
2546.01158,0.04429
2544.08278,0.04428
2542.15398,0.04408
2540.22519,0.04370
2538.29639,0.04345
2536.36759,0.04342
2534.43880,0.04346
2532.51000,0.04356
2530.58120,0.04364
2528.65241,0.04360
2526.72361,0.04348
2524.79481,0.04302
2522.86602,0.04225
2520.93722,0.04185
2519.00842,0.04218
2517.07963,0.04290
2515.15083,0.04342
2513.22203,0.04348
2511.29324,0.04307
2509.36444,0.04256
2507.43564,0.04253
2505.50685,0.04291
2503.57805,0.04305
2501.64925,0.04285
2499.72046,0.04283
2497.79166,0.04280
2495.86286,0.04241
2493.93407,0.04222
2492.00527,0.04240
2490.07647,0.04249
2488.14768,0.04256
2486.21888,0.04266
2484.29008,0.04262
2482.36129,0.04239
2480.43249,0.04215
2478.50369,0.04223
2476.57490,0.04244
2474.64610,0.04223
2472.71730,0.04175
2470.78851,0.04143
2468.85971,0.04150
2466.93091,0.04174
2465.00212,0.04189
2463.07332,0.04208
2461.14452,0.04225
2459.21573,0.04219
2457.28693,0.04200
2455.35813,0.04181
2453.42934,0.04183
2451.50054,0.04191
2449.57174,0.04148
2447.64295,0.04071
2445.71415,0.04047
2443.78535,0.04065
2441.85656,0.04069
2439.92776,0.04062
2437.99896,0.04049
2436.07017,0.04027
2434.14137,0.04021
2432.21257,0.04045
2430.28378,0.04068
2428.35498,0.04079
2426.42618,0.04082
2424.49739,0.04073
2422.56859,0.04049
2420.63979,0.04003
2418.71100,0.03946
2416.78220,0.03918
2414.85340,0.03925
2412.92461,0.03921
2410.99581,0.03896
2409.06701,0.03888
2407.13822,0.03898
2405.20942,0.03881
2403.28062,0.03851
2401.35183,0.03827
2399.42303,0.03786
2397.49423,0.03743
2395.56544,0.03722
2393.63664,0.03712
2391.70784,0.03729
2389.77905,0.03813
2387.85025,0.04007
2385.92145,0.04379
2383.99266,0.04984
2382.06386,0.05849
2380.13506,0.06941
2378.20627,0.08148
2376.27747,0.09370
2374.34867,0.10604
2372.41988,0.11859
2370.49108,0.13093
2368.56228,0.14249
2366.63349,0.15294
2364.70469,0.16172
2362.77589,0.16797
2360.84710,0.17093
2358.91830,0.16937
2356.98951,0.16241
2355.06071,0.15071
2353.13191,0.13530
2351.20312,0.11962
2349.27432,0.11131
2347.34552,0.11498
2345.41673,0.12609
2343.48793,0.13357
2341.55913,0.13436
2339.63034,0.13261
2337.70154,0.13022
2335.77274,0.12819
2333.84395,0.12754
2331.91515,0.12740
2329.98635,0.12552
2328.05756,0.12190
2326.12876,0.11865
2324.19996,0.11630
2322.27117,0.11307
2320.34237,0.10714
2318.41357,0.09934
2316.48478,0.09251
2314.55598,0.08827
2312.62718,0.08520
2310.69839,0.08127
2308.76959,0.07639
2306.84079,0.07122
2304.91200,0.06613
2302.98320,0.06170
2301.05440,0.05829
2299.12561,0.05559
2297.19681,0.05329
2295.26801,0.05121
2293.33922,0.04905
2291.41042,0.04674
2289.48162,0.04469
2287.55283,0.04323
2285.62403,0.04226
2283.69523,0.04182
2281.76644,0.04190
2279.83764,0.04213
2277.90884,0.04240
2275.98005,0.04291
2274.05125,0.04342
2272.12245,0.04366
2270.19366,0.04395
2268.26486,0.04468
2266.33606,0.04547
2264.40727,0.04562
2262.47847,0.04529
2260.54967,0.04528
2258.62088,0.04567
2256.69208,0.04620
2254.76328,0.04649
2252.83449,0.04583
2250.90569,0.04489
2248.97689,0.04504
2247.04810,0.04578
2245.11930,0.04638
2243.19050,0.04704
2241.26171,0.04754
2239.33291,0.04746
2237.40411,0.04696
2235.47532,0.04659
2233.54652,0.04645
2231.61772,0.04609
2229.68893,0.04604
2227.76013,0.04694
2225.83133,0.04790
2223.90254,0.04823
2221.97374,0.04879
2220.04494,0.04993
2218.11615,0.05131
2216.18735,0.05278
2214.25855,0.05316
2212.32976,0.05202
2210.40096,0.05161
2208.47216,0.05229
2206.54337,0.05123
2204.61457,0.04860
2202.68577,0.04790
2200.75698,0.04985
2198.82818,0.05192
2196.89938,0.05228
2194.97059,0.05148
2193.04179,0.05156
2191.11299,0.05311
2189.18420,0.05479
2187.25540,0.05603
2185.32660,0.05693
2183.39781,0.05712
2181.46901,0.05732
2179.54021,0.05765
2177.61142,0.05693
2175.68262,0.05617
2173.75382,0.05702
2171.82503,0.05859
2169.89623,0.05987
2167.96743,0.06111
2166.03864,0.06270
2164.10984,0.06550
2162.18104,0.06976
2160.25225,0.07245
2158.32345,0.07037
2156.39465,0.06532
2154.46586,0.06029
2152.53706,0.05680
2150.60826,0.05505
2148.67947,0.05334
2146.75067,0.05035
2144.82187,0.04725
2142.89308,0.04523
2140.96428,0.04422
2139.03548,0.04385
2137.10669,0.04311
2135.17789,0.04177
2133.24909,0.04060
2131.32030,0.03935
2129.39150,0.03768
2127.46270,0.03625
2125.53391,0.03552
2123.60511,0.03521
2121.67631,0.03499
2119.74752,0.03474
2117.81872,0.03451
2115.88992,0.03452
2113.96113,0.03461
2112.03233,0.03444
2110.10353,0.03437
2108.17474,0.03482
2106.24594,0.03530
2104.31714,0.03521
2102.38835,0.03477
2100.45955,0.03414
2098.53075,0.03328
2096.60196,0.03273
2094.67316,0.03295
2092.74436,0.03344
2090.81557,0.03353
2088.88677,0.03345
2086.95797,0.03373
2085.02918,0.03413
2083.10038,0.03433
2081.17158,0.03446
2079.24279,0.03466
2077.31399,0.03533
2075.38519,0.03617
2073.45640,0.03613
2071.52760,0.03561
2069.59880,0.03576
2067.67001,0.03653
2065.74121,0.03720
2063.81241,0.03754
2061.88362,0.03727
2059.95482,0.03631
2058.02602,0.03585
2056.09723,0.03619
2054.16843,0.03639
2052.23963,0.03699
2050.31084,0.03905
2048.38204,0.04188
2046.45324,0.04418
2044.52445,0.04518
2042.59565,0.04464
2040.66685,0.04387
2038.73806,0.04392
2036.80926,0.04472
2034.88046,0.04683
2032.95167,0.04937
2031.02287,0.04971
2029.09407,0.04779
2027.16528,0.04611
2025.23648,0.04565
2023.30768,0.04529
2021.37889,0.04443
2019.45009,0.04408
2017.52129,0.04480
2015.59250,0.04472
2013.66370,0.04330
2011.73490,0.04276
2009.80611,0.04314
2007.87731,0.04196
2005.94851,0.03875
2004.01972,0.03632
2002.09092,0.03694
2000.16212,0.03913
1998.23333,0.04016
1996.30453,0.03983
1994.37574,0.03954
1992.44694,0.03992
1990.51814,0.04019
1988.58935,0.03972
1986.66055,0.03926
1984.73175,0.03990
1982.80296,0.04115
1980.87416,0.04144
1978.94536,0.04049
1977.01657,0.03966
1975.08777,0.04000
1973.15897,0.04017
1971.23018,0.03862
1969.30138,0.03686
1967.37258,0.03668
1965.44379,0.03679
1963.51499,0.03600
1961.58619,0.03524
1959.65740,0.03439
1957.72860,0.03260
1955.79980,0.03081
1953.87101,0.03015
1951.94221,0.03029
1950.01341,0.03044
1948.08462,0.03060
1946.15582,0.03158
1944.22702,0.03344
1942.29823,0.03386
1940.36943,0.03162
1938.44063,0.02906
1936.51184,0.02809
1934.58304,0.02865
1932.65424,0.02956
1930.72545,0.02990
1928.79665,0.02974
1926.86785,0.02968
1924.93906,0.03039
1923.01026,0.03099
1921.08146,0.03119
1919.15267,0.03173
1917.22387,0.03113
1915.29507,0.02909
1913.36628,0.02808
1911.43748,0.02858
1909.50868,0.02892
1907.57989,0.02820
1905.65109,0.02704
1903.72229,0.02631
1901.79350,0.02597
1899.86470,0.02586
1897.93590,0.02637
1896.00711,0.02719
1894.07831,0.02756
1892.14951,0.02839
1890.22072,0.02974
1888.29192,0.02932
1886.36312,0.02761
1884.43433,0.02668
1882.50553,0.02646
1880.57673,0.02636
1878.64794,0.02626
1876.71914,0.02630
1874.79034,0.02673
1872.86155,0.02851
1870.93275,0.03226
1869.00395,0.03496
1867.07516,0.03297
1865.14636,0.02895
1863.21756,0.02666
1861.28877,0.02599
1859.35997,0.02570
1857.43117,0.02526
1855.50238,0.02480
1853.57358,0.02465
1851.64478,0.02509
1849.71599,0.02656
1847.78719,0.02931
1845.85839,0.03277
1843.92960,0.03350
1842.00080,0.03008
1840.07200,0.02724
1838.14321,0.02683
1836.21441,0.02693
1834.28561,0.02737
1832.35682,0.03002
1830.42802,0.03328
1828.49922,0.03360
1826.57043,0.03248
1824.64163,0.03094
1822.71283,0.02820
1820.78404,0.02618
1818.85524,0.02587
1816.92644,0.02587
1814.99765,0.02604
1813.06885,0.02733
1811.14005,0.02860
1809.21126,0.02796
1807.28246,0.02639
1805.35366,0.02632
1803.42487,0.02861
1801.49607,0.03116
1799.56727,0.03125
1797.63848,0.03013
1795.70968,0.03118
1793.78088,0.03469
1791.85209,0.03575
1789.92329,0.03177
1787.99449,0.02840
1786.06570,0.02839
1784.13690,0.02942
1782.20810,0.03022
1780.27931,0.03037
1778.35051,0.02980
1776.42171,0.03092
1774.49292,0.03520
1772.56412,0.03912
1770.63532,0.03812
1768.70653,0.03409
1766.77773,0.03010
1764.84893,0.02872
1762.92014,0.03037
1760.99134,0.03123
1759.06254,0.03058
1757.13375,0.03007
1755.20495,0.02961
1753.27615,0.03188
1751.34736,0.03735
1749.41856,0.03990
1747.48976,0.03752
1745.56097,0.03483
1743.63217,0.03412
1741.70337,0.03466
1739.77458,0.03463
1737.84578,0.03493
1735.91698,0.03915
1733.98819,0.04360
1732.05939,0.04030
1730.13059,0.03412
1728.20180,0.02952
1726.27300,0.02743
1724.34420,0.02782
1722.41541,0.02974
1720.48661,0.03526
1718.55781,0.04433
1716.62902,0.04810
1714.70022,0.04290
1712.77142,0.03672
1710.84263,0.03453
1708.91383,0.03724
1706.98503,0.04342
1705.05624,0.04943
1703.12744,0.05583
1701.19864,0.06614
1699.26985,0.07501
1697.34105,0.07872
1695.41225,0.08066
1693.48346,0.08216
1691.55466,0.08824
1689.62586,0.10042
1687.69707,0.11585
1685.76827,0.13644
1683.83947,0.15794
1681.91068,0.16729
1679.98188,0.17280
1678.05308,0.18366
1676.12429,0.19972
1674.19549,0.21555
1672.26669,0.22847
1670.33790,0.24095
1668.40910,0.24852
1666.48030,0.25084
1664.55151,0.25551
1662.62271,0.26118
1660.69391,0.26235
1658.76512,0.26257
1656.83632,0.26809
1654.90752,0.28040
1652.97873,0.28771
1651.04993,0.28197
1649.12113,0.28151
1647.19234,0.28754
1645.26354,0.28948
1643.33474,0.29006
1641.40595,0.29747
1639.47715,0.31270
1637.54835,0.33489
1635.61956,0.35842
1633.69076,0.37226
1631.76197,0.38258
1629.83317,0.39792
1627.90437,0.41528
1625.97558,0.42952
1624.04678,0.43948
1622.11798,0.44298
1620.18919,0.44294
1618.26039,0.44419
1616.33159,0.44216
1614.40280,0.43511
1612.47400,0.43079
1610.54520,0.43161
1608.61641,0.43546
1606.68761,0.44092
1604.75881,0.44854
1602.83002,0.45801
1600.90122,0.46764
1598.97242,0.47650
1597.04363,0.48406
1595.11483,0.48874
1593.18603,0.48875
1591.25724,0.48406
1589.32844,0.47502
1587.39964,0.46202
1585.47085,0.44591
1583.54205,0.42746
1581.61325,0.40820
1579.68446,0.39136
1577.75566,0.37544
1575.82686,0.35208
1573.89807,0.32700
1571.96927,0.30958
1570.04047,0.29342
1568.11168,0.27379
1566.18288,0.25581
1564.25408,0.24267
1562.32529,0.23764
1560.39649,0.24011
1558.46769,0.23189
1556.53890,0.21000
1554.61010,0.19255
1552.68130,0.18073
1550.75251,0.17220
1548.82371,0.16508
1546.89491,0.16160
1544.96612,0.16370
1543.03732,0.16838
1541.10852,0.16968
1539.17973,0.15853
1537.25093,0.14442
1535.32213,0.13894
1533.39334,0.13636
1531.46454,0.13045
1529.53574,0.12665
1527.60695,0.12741
1525.67815,0.12891
1523.74935,0.13082
1521.82056,0.13204
1519.89176,0.12895
1517.96296,0.12436
1516.03417,0.11898
1514.10537,0.11337
1512.17657,0.11259
1510.24778,0.11929
1508.31898,0.12985
1506.39018,0.12883
1504.46139,0.11500
1502.53259,0.10767
1500.60379,0.10973
1498.67500,0.11616
1496.74620,0.12036
1494.81740,0.12124
1492.88861,0.12607
1490.95981,0.13787
1489.03101,0.14898
1487.10222,0.15325
1485.17342,0.15676
1483.24462,0.16469
1481.31583,0.17645
1479.38703,0.19027
1477.45823,0.20686
1475.52944,0.22618
1473.60064,0.24429
1471.67184,0.25458
1469.74305,0.25795
1467.81425,0.26330
1465.88545,0.27202
1463.95666,0.27727
1462.02786,0.27904
1460.09906,0.28420
1458.17027,0.28989
1456.24147,0.28123
1454.31267,0.26248
1452.38388,0.24682
1450.45508,0.23480
1448.52628,0.22298
1446.59749,0.20837
1444.66869,0.19322
1442.73989,0.18021
1440.81110,0.17048
1438.88230,0.16490
1436.95350,0.15862
1435.02471,0.14686
1433.09591,0.13582
1431.16711,0.12841
1429.23832,0.12119
1427.30952,0.11421
1425.38072,0.10971
1423.45193,0.10686
1421.52313,0.10600
1419.59433,0.10634
1417.66554,0.10151
1415.73674,0.09263
1413.80794,0.08618
1411.87915,0.08279
1409.95035,0.08043
1408.02155,0.07914
1406.09276,0.07901
1404.16396,0.07775
1402.23516,0.07623
1400.30637,0.07733
1398.37757,0.07946
1396.44877,0.07981
1394.51998,0.07713
1392.59118,0.07230
1390.66238,0.06980
1388.73359,0.07071
1386.80479,0.07042
1384.87599,0.06711
1382.94720,0.06437
1381.01840,0.06366
1379.08960,0.06388
1377.16081,0.06497
1375.23201,0.06637
1373.30321,0.06527
1371.37442,0.06217
1369.44562,0.06016
1367.51682,0.05944
1365.58803,0.06041
1363.65923,0.06285
1361.73043,0.06273
1359.80164,0.05939
1357.87284,0.05672
1355.94404,0.05586
1354.01525,0.05546
1352.08645,0.05509
1350.15765,0.05499
1348.22886,0.05494
1346.30006,0.05484
1344.37126,0.05537
1342.44247,0.05771
1340.51367,0.06100
1338.58487,0.06173
1336.65608,0.05924
1334.72728,0.05655
1332.79848,0.05517
1330.86969,0.05461
1328.94089,0.05423
1327.01209,0.05382
1325.08330,0.05345
1323.15450,0.05332
1321.22570,0.05371
1319.29691,0.05417
1317.36811,0.05391
1315.43931,0.05323
1313.51052,0.05265
1311.58172,0.05194
1309.65292,0.05128
1307.72413,0.05093
1305.79533,0.05071
1303.86653,0.05067
1301.93774,0.05084
1300.00894,0.05116
1298.08014,0.05156
1296.15135,0.05184
1294.22255,0.05194
1292.29375,0.05209
1290.36496,0.05246
1288.43616,0.05277
1286.50736,0.05267
1284.57857,0.05232
1282.64977,0.05212
1280.72097,0.05200
1278.79218,0.05174
1276.86338,0.05142
1274.93458,0.05131
1273.00579,0.05148
1271.07699,0.05157
1269.14820,0.05134
1267.21940,0.05107
1265.29060,0.05102
1263.36181,0.05115
1261.43301,0.05133
1259.50421,0.05133
1257.57542,0.05115
1255.64662,0.05109
1253.71782,0.05124
1251.78903,0.05157
1249.86023,0.05200
1247.93143,0.05246
1246.00264,0.05293
1244.07384,0.05341
1242.14504,0.05378
1240.21625,0.05402
1238.28745,0.05420
1236.35865,0.05438
1234.42986,0.05450
1232.50106,0.05461
1230.57226,0.05479
1228.64347,0.05494
1226.71467,0.05501
1224.78587,0.05500
1222.85708,0.05499
1220.92828,0.05512
1218.99948,0.05540
1217.07069,0.05576
1215.14189,0.05616
1213.21309,0.05660
1211.28430,0.05714
1209.35550,0.05780
1207.42670,0.05863
1205.49791,0.05964
1203.56911,0.06073
1201.64031,0.06190
1199.71152,0.06324
1197.78272,0.06477
1195.85392,0.06641
1193.92513,0.06813
1191.99633,0.07005
1190.06753,0.07226
1188.13874,0.07469
1186.20994,0.07719
1184.28114,0.07970
1182.35235,0.08244
1180.42355,0.08567
1178.49475,0.08940
1176.56596,0.09346
1174.63716,0.09772
1172.70836,0.10212
1170.77957,0.10670
1168.85077,0.11146
1166.92197,0.11622
1164.99318,0.12072
1163.06438,0.12471
1161.13558,0.12789
1159.20679,0.12998
1157.27799,0.13087
1155.34919,0.13053
1153.42040,0.12901
1151.49160,0.12652
1149.56280,0.12319
1147.63401,0.11914
1145.70521,0.11466
1143.77641,0.10997
1141.84762,0.10527
1139.91882,0.10069
1137.99002,0.09629
1136.06123,0.09211
1134.13243,0.08822
1132.20363,0.08465
1130.27484,0.08151
1128.34604,0.07876
1126.41724,0.07627
1124.48845,0.07403
1122.55965,0.07208
1120.63085,0.07044
1118.70206,0.06907
1116.77326,0.06788
1114.84446,0.06691
1112.91567,0.06617
1110.98687,0.06559
1109.05807,0.06516
1107.12928,0.06491
1105.20048,0.06482
1103.27168,0.06479
1101.34289,0.06483
1099.41409,0.06498
1097.48529,0.06518
1095.55650,0.06539
1093.62770,0.06563
1091.69890,0.06590
1089.77011,0.06624
1087.84131,0.06657
1085.91251,0.06677
1083.98372,0.06687
1082.05492,0.06701
1080.12612,0.06718
1078.19733,0.06734
1076.26853,0.06750
1074.33973,0.06768
1072.41094,0.06793
1070.48214,0.06817
1068.55334,0.06830
1066.62455,0.06837
1064.69575,0.06846
1062.76695,0.06850
1060.83816,0.06834
1058.90936,0.06805
1056.98056,0.06781
1055.05177,0.06758
1053.12297,0.06724
1051.19417,0.06681
1049.26538,0.06636
1047.33658,0.06590
1045.40778,0.06546
1043.47899,0.06495
1041.55019,0.06425
1039.62139,0.06343
1037.69260,0.06260
1035.76380,0.06179
1033.83500,0.06091
1031.90621,0.06001
1029.97741,0.05916
1028.04861,0.05827
1026.11982,0.05737
1024.19102,0.05662
1022.26222,0.05606
1020.33343,0.05553
1018.40463,0.05502
1016.47583,0.05468
1014.54704,0.05455
1012.61824,0.05452
1010.68944,0.05446
1008.76065,0.05428
1006.83185,0.05398
1004.90305,0.05356
1002.97426,0.05308
1001.04546,0.05264
999.11666,0.05232
997.18787,0.05206
995.25907,0.05176
993.33027,0.05138
991.40148,0.05100
989.47268,0.05062
987.54388,0.05009
985.61509,0.04942
983.68629,0.04875
981.75749,0.04808
979.82870,0.04733
977.89990,0.04647
975.97110,0.04562
974.04231,0.04488
972.11351,0.04426
970.18471,0.04375
968.25592,0.04341
966.32712,0.04327
964.39832,0.04323
962.46953,0.04318
960.54073,0.04304
958.61193,0.04280
956.68314,0.04254
954.75434,0.04236
952.82554,0.04238
950.89675,0.04250
948.96795,0.04244
947.03915,0.04217
945.11036,0.04185
943.18156,0.04147
941.25276,0.04094
939.32397,0.04030
937.39517,0.03965
935.46637,0.03893
933.53758,0.03813
931.60878,0.03729
929.67998,0.03650
927.75119,0.03583
925.82239,0.03521
923.89359,0.03445
921.96480,0.03355
920.03600,0.03275
918.10720,0.03221
916.17841,0.03185
914.24961,0.03160
912.32081,0.03146
910.39202,0.03143
908.46322,0.03134
906.53443,0.03114
904.60563,0.03095
902.67683,0.03093
900.74804,0.03097
898.81924,0.03087
896.89044,0.03058
894.96165,0.03017
893.03285,0.02968
891.10405,0.02905
889.17526,0.02830
887.24646,0.02744
885.31766,0.02645
883.38887,0.02544
881.46007,0.02452
879.53127,0.02366
877.60248,0.02287
875.67368,0.02220
873.74488,0.02161
871.81609,0.02109
869.88729,0.02064
867.95849,0.02022
866.02970,0.01993
864.10090,0.01990
862.17210,0.01997
860.24331,0.01998
858.31451,0.01998
856.38571,0.02006
854.45692,0.02024
852.52812,0.02044
850.59932,0.02044
848.67053,0.02028
846.74173,0.02017
844.81293,0.02007
842.88414,0.01977
840.95534,0.01932
839.02654,0.01898
837.09775,0.01865
835.16895,0.01814
833.24015,0.01755
831.31136,0.01698
829.38256,0.01647
827.45376,0.01599
825.52497,0.01562
823.59617,0.01554
821.66737,0.01570
819.73858,0.01590
817.80978,0.01611
815.88098,0.01655
813.95219,0.01713
812.02339,0.01766
810.09459,0.01823
808.16580,0.01896
806.23700,0.01972
804.30820,0.02064
802.37941,0.02180
800.45061,0.02295
798.52181,0.02397
796.59302,0.02499
794.66422,0.02598
792.73542,0.02684
790.80663,0.02760
788.87783,0.02827
786.94903,0.02865
785.02024,0.02857
783.09144,0.02792
781.16264,0.02683
779.23385,0.02549
777.30505,0.02396
775.37625,0.02240
773.44746,0.02123
771.51866,0.02063
769.58986,0.02029
767.66107,0.01995
765.73227,0.01982
763.80347,0.02004
761.87468,0.02039
759.94588,0.02075
758.01708,0.02121
756.08829,0.02165
754.15949,0.02195
752.23069,0.02224
750.30190,0.02254
748.37310,0.02257
