3496.90832,0.06887
3494.97953,0.06882
3493.05073,0.06547
3491.12193,0.06410
3489.19314,0.06453
3487.26434,0.06490
3485.33554,0.06413
3483.40675,0.06512
3481.47795,0.06881
3479.54915,0.07089
3477.62036,0.07204
3475.69156,0.07523
3473.76276,0.07935
3471.83397,0.08080
3469.90517,0.07586
3467.97637,0.06673
3466.04758,0.06257
3464.11878,0.06639
3462.18998,0.06730
3460.26119,0.06060
3458.33239,0.05523
3456.40359,0.05442
3454.47480,0.05515
3452.54600,0.05633
3450.61721,0.05667
3448.68841,0.05412
3446.75961,0.05205
3444.83082,0.05784
3442.90202,0.06787
3440.97322,0.07076
3439.04443,0.06482
3437.11563,0.05738
3435.18683,0.05378
3433.25804,0.05433
3431.32924,0.05662
3429.40044,0.05893
3427.47165,0.05928
3425.54285,0.05641
3423.61405,0.05515
3421.68526,0.05525
3419.75646,0.05088
3417.82766,0.04794
3415.89887,0.04781
3413.97007,0.04284
3412.04127,0.04012
3410.11248,0.04716
3408.18368,0.05393
3406.25488,0.05246
3404.32609,0.04671
3402.39729,0.04273
3400.46849,0.04592
3398.53970,0.05112
3396.61090,0.04558
3394.68210,0.03537
3392.75331,0.03465
3390.82451,0.03906
3388.89571,0.04337
3386.96692,0.04776
3385.03812,0.04694
3383.10932,0.04458
3381.18053,0.05200
3379.25173,0.06505
3377.32293,0.07140
3375.39414,0.06614
3373.46534,0.05740
3371.53654,0.05507
3369.60775,0.05305
3367.67895,0.04819
3365.75015,0.05116
3363.82136,0.06165
3361.89256,0.06349
3359.96376,0.05152
3358.03497,0.04167
3356.10617,0.04608
3354.17737,0.05910
3352.24858,0.06709
3350.31978,0.06637
3348.39098,0.06671
3346.46219,0.07109
3344.53339,0.07272
3342.60459,0.07257
3340.67580,0.07370
3338.74700,0.07088
3336.81820,0.06329
3334.88941,0.05695
3332.96061,0.05002
3331.03181,0.04275
3329.10302,0.04359
3327.17422,0.04870
3325.24542,0.04865
3323.31663,0.04553
3321.38783,0.04467
3319.45903,0.04567
3317.53024,0.04465
3315.60144,0.03855
3313.67264,0.03167
3311.74385,0.03244
3309.81505,0.03932
3307.88625,0.04600
3305.95746,0.05069
3304.02866,0.05210
3302.09986,0.05134
3300.17107,0.04963
3298.24227,0.04559
3296.31347,0.04115
3294.38468,0.03651
3292.45588,0.03168
3290.52708,0.03032
3288.59829,0.03125
3286.66949,0.03057
3284.74069,0.03037
3282.81190,0.03248
3280.88310,0.03259
3278.95430,0.03245
3277.02551,0.03642
3275.09671,0.04111
3273.16791,0.04530
3271.23912,0.04678
3269.31032,0.04085
3267.38152,0.03271
3265.45273,0.02941
3263.52393,0.02997
3261.59513,0.03385
3259.66634,0.04273
3257.73754,0.05008
3255.80874,0.04987
3253.87995,0.04606
3251.95115,0.04144
3250.02235,0.03913
3248.09356,0.03987
3246.16476,0.03773
3244.23596,0.03574
3242.30717,0.03794
3240.37837,0.04000
3238.44957,0.04296
3236.52078,0.04739
3234.59198,0.04973
3232.66318,0.04955
3230.73439,0.04708
3228.80559,0.04310
3226.87679,0.03701
3224.94800,0.02961
3223.01920,0.02988
3221.09040,0.03961
3219.16161,0.05007
3217.23281,0.05930
3215.30401,0.06548
3213.37522,0.06338
3211.44642,0.05984
3209.51762,0.06001
3207.58883,0.05751
3205.66003,0.05326
3203.73123,0.05208
3201.80244,0.05303
3199.87364,0.05519
3197.94484,0.05520
3196.01605,0.05008
3194.08725,0.04426
3192.15845,0.04329
3190.22966,0.04762
3188.30086,0.05202
3186.37206,0.05173
3184.44327,0.04683
3182.51447,0.04125
3180.58567,0.04043
3178.65688,0.04456
3176.72808,0.04787
3174.79928,0.04618
3172.87049,0.04011
3170.94169,0.03327
3169.01289,0.03007
3167.08410,0.03294
3165.15530,0.03894
3163.22650,0.04276
3161.29771,0.04399
3159.36891,0.04355
3157.44011,0.04078
3155.51132,0.03873
3153.58252,0.04008
3151.65372,0.04096
3149.72493,0.03833
3147.79613,0.03600
3145.86733,0.03664
3143.93854,0.03755
3142.00974,0.03761
3140.08094,0.03798
3138.15215,0.03780
3136.22335,0.03612
3134.29455,0.03397
3132.36576,0.03267
3130.43696,0.03285
3128.50816,0.03367
3126.57937,0.03463
3124.65057,0.03704
3122.72177,0.04020
3120.79298,0.04178
3118.86418,0.04167
3116.93538,0.04066
3115.00659,0.03886
3113.07779,0.03752
3111.14899,0.03770
3109.22020,0.03738
3107.29140,0.03606
3105.36260,0.03624
3103.43381,0.03757
3101.50501,0.03822
3099.57621,0.03778
3097.64742,0.03578
3095.71862,0.03346
3093.78982,0.03247
3091.86103,0.03200
3089.93223,0.03231
3088.00344,0.03448
3086.07464,0.03694
3084.14584,0.03805
3082.21705,0.03771
3080.28825,0.03626
3078.35945,0.03453
3076.43066,0.03344
3074.50186,0.03345
3072.57306,0.03440
3070.64427,0.03505
3068.71547,0.03457
3066.78667,0.03431
3064.85788,0.03558
3062.92908,0.03728
3061.00028,0.03768
3059.07149,0.03638
3057.14269,0.03489
3055.21389,0.03479
3053.28510,0.03560
3051.35630,0.03614
3049.42750,0.03596
3047.49871,0.03511
3045.56991,0.03430
3043.64111,0.03481
3041.71232,0.03690
3039.78352,0.03854
3037.85472,0.03832
3035.92593,0.03760
3033.99713,0.03758
3032.06833,0.03809
3030.13954,0.03899
3028.21074,0.03989
3026.28194,0.04004
3024.35315,0.03965
3022.42435,0.03965
3020.49555,0.03988
3018.56676,0.03973
3016.63796,0.03957
3014.70916,0.03993
3012.78037,0.04074
3010.85157,0.04146
3008.92277,0.04145
3006.99398,0.04090
3005.06518,0.04058
3003.13638,0.04028
3001.20759,0.03958
2999.27879,0.03903
2997.34999,0.03918
2995.42120,0.04007
2993.49240,0.04075
2991.56360,0.04048
2989.63481,0.04052
2987.70601,0.04124
2985.77721,0.04131
2983.84842,0.04107
2981.91962,0.04169
2979.99082,0.04268
2978.06203,0.04305
2976.13323,0.04298
2974.20443,0.04294
2972.27564,0.04309
2970.34684,0.04352
2968.41804,0.04402
2966.48925,0.04442
2964.56045,0.04480
2962.63165,0.04499
2960.70286,0.04495
2958.77406,0.04507
2956.84526,0.04567
2954.91647,0.04620
2952.98767,0.04602
2951.05887,0.04563
2949.13008,0.04571
2947.20128,0.04594
2945.27248,0.04592
2943.34369,0.04603
2941.41489,0.04662
2939.48609,0.04740
2937.55730,0.04798
2935.62850,0.04829
2933.69970,0.04855
2931.77091,0.04907
2929.84211,0.05002
2927.91331,0.05092
2925.98452,0.05131
2924.05572,0.05142
2922.12692,0.05146
2920.19813,0.05153
2918.26933,0.05167
2916.34053,0.05148
2914.41174,0.05063
2912.48294,0.04943
2910.55414,0.04852
2908.62535,0.04805
2906.69655,0.04769
2904.76775,0.04736
2902.83896,0.04700
2900.91016,0.04661
2898.98136,0.04666
2897.05257,0.04704
2895.12377,0.04690
2893.19497,0.04631
2891.26618,0.04610
2889.33738,0.04649
2887.40858,0.04692
2885.47979,0.04695
2883.55099,0.04692
2881.62219,0.04717
2879.69340,0.04727
2877.76460,0.04706
2875.83580,0.04709
2873.90701,0.04739
2871.97821,0.04764
2870.04941,0.04791
2868.12062,0.04818
2866.19182,0.04821
2864.26302,0.04817
2862.33423,0.04838
2860.40543,0.04894
2858.47663,0.04963
2856.54784,0.04988
2854.61904,0.04971
2852.69024,0.04971
2850.76145,0.04976
2848.83265,0.04961
2846.90385,0.04951
2844.97506,0.04955
2843.04626,0.04956
2841.11746,0.04946
2839.18867,0.04936
2837.25987,0.04931
2835.33107,0.04918
2833.40228,0.04903
2831.47348,0.04904
2829.54468,0.04923
2827.61589,0.04924
2825.68709,0.04904
2823.75829,0.04904
2821.82950,0.04911
2819.90070,0.04886
2817.97190,0.04854
2816.04311,0.04843
2814.11431,0.04844
2812.18551,0.04849
2810.25672,0.04845
2808.32792,0.04826
2806.39912,0.04808
2804.47033,0.04810
2802.54153,0.04825
2800.61273,0.04829
2798.68394,0.04802
2796.75514,0.04758
2794.82634,0.04730
2792.89755,0.04716
2790.96875,0.04704
2789.03995,0.04716
2787.11116,0.04739
2785.18236,0.04742
2783.25356,0.04737
2781.32477,0.04734
2779.39597,0.04719
2777.46717,0.04693
2775.53838,0.04663
2773.60958,0.04628
2771.68078,0.04606
2769.75199,0.04607
2767.82319,0.04616
2765.89439,0.04615
2763.96560,0.04600
2762.03680,0.04567
2760.10800,0.04532
2758.17921,0.04512
2756.25041,0.04509
2754.32161,0.04498
2752.39282,0.04468
2750.46402,0.04457
2748.53522,0.04484
2746.60643,0.04507
2744.67763,0.04505
2742.74883,0.04504
2740.82004,0.04521
2738.89124,0.04534
2736.96244,0.04538
2735.03365,0.04553
2733.10485,0.04565
2731.17605,0.04560
2729.24726,0.04559
2727.31846,0.04570
2725.38967,0.04572
2723.46087,0.04558
2721.53207,0.04539
2719.60328,0.04533
2717.67448,0.04532
2715.74568,0.04525
2713.81689,0.04520
2711.88809,0.04507
2709.95929,0.04485
2708.03050,0.04473
2706.10170,0.04471
2704.17290,0.04473
2702.24411,0.04481
2700.31531,0.04481
2698.38651,0.04475
2696.45772,0.04473
2694.52892,0.04483
2692.60012,0.04498
2690.67133,0.04496
2688.74253,0.04481
2686.81373,0.04470
2684.88494,0.04467
2682.95614,0.04470
2681.02734,0.04483
2679.09855,0.04510
2677.16975,0.04532
2675.24095,0.04536
2673.31216,0.04526
2671.38336,0.04509
2669.45456,0.04489
2667.52577,0.04477
2665.59697,0.04473
2663.66817,0.04466
2661.73938,0.04449
2659.81058,0.04419
2657.88178,0.04394
2655.95299,0.04385
2654.02419,0.04392
2652.09539,0.04415
2650.16660,0.04432
2648.23780,0.04437
2646.30900,0.04456
2644.38021,0.04490
2642.45141,0.04518
2640.52261,0.04521
2638.59382,0.04499
2636.66502,0.04486
2634.73622,0.04506
2632.80743,0.04551
2630.87863,0.04589
2628.94983,0.04594
2627.02104,0.04583
2625.09224,0.04583
2623.16344,0.04586
2621.23465,0.04574
2619.30585,0.04561
2617.37705,0.04561
2615.44826,0.04562
2613.51946,0.04548
2611.59066,0.04527
2609.66187,0.04508
2607.73307,0.04488
2605.80427,0.04477
2603.87548,0.04484
2601.94668,0.04511
2600.01788,0.04547
2598.08909,0.04574
2596.16029,0.04575
2594.23149,0.04555
2592.30270,0.04556
2590.37390,0.04602
2588.44510,0.04649
2586.51631,0.04641
2584.58751,0.04603
2582.65871,0.04576
2580.72992,0.04544
2578.80112,0.04515
2576.87232,0.04546
2574.94353,0.04622
2573.01473,0.04652
2571.08593,0.04625
2569.15714,0.04591
2567.22834,0.04568
2565.29954,0.04559
2563.37075,0.04540
2561.44195,0.04499
2559.51315,0.04472
2557.58436,0.04470
2555.65556,0.04465
2553.72676,0.04455
2551.79797,0.04472
2549.86917,0.04515
2547.94037,0.04540
2546.01158,0.04534
2544.08278,0.04538
2542.15398,0.04568
2540.22519,0.04592
2538.29639,0.04603
2536.36759,0.04616
2534.43880,0.04623
2532.51000,0.04613
2530.58120,0.04584
2528.65241,0.04532
2526.72361,0.04467
2524.79481,0.04416
2522.86602,0.04397
2520.93722,0.04403
2519.00842,0.04399
2517.07963,0.04383
2515.15083,0.04387
2513.22203,0.04400
2511.29324,0.04380
2509.36444,0.04344
2507.43564,0.04335
2505.50685,0.04363
2503.57805,0.04397
2501.64925,0.04407
2499.72046,0.04413
2497.79166,0.04434
2495.86286,0.04455
2493.93407,0.04464
2492.00527,0.04436
2490.07647,0.04377
2488.14768,0.04368
2486.21888,0.04425
2484.29008,0.04485
2482.36129,0.04508
2480.43249,0.04498
2478.50369,0.04487
2476.57490,0.04472
2474.64610,0.04422
2472.71730,0.04360
2470.78851,0.04328
2468.85971,0.04336
2466.93091,0.04353
2465.00212,0.04352
2463.07332,0.04334
2461.14452,0.04304
2459.21573,0.04277
2457.28693,0.04266
2455.35813,0.04252
2453.42934,0.04249
2451.50054,0.04283
2449.57174,0.04320
2447.64295,0.04321
2445.71415,0.04291
2443.78535,0.04259
2441.85656,0.04258
2439.92776,0.04279
2437.99896,0.04285
2436.07017,0.04269
2434.14137,0.04241
2432.21257,0.04222
2430.28378,0.04216
2428.35498,0.04220
2426.42618,0.04238
2424.49739,0.04261
2422.56859,0.04252
2420.63979,0.04199
2418.71100,0.04135
2416.78220,0.04083
2414.85340,0.04042
2412.92461,0.04010
2410.99581,0.03989
2409.06701,0.03988
2407.13822,0.04003
2405.20942,0.04004
2403.28062,0.03992
2401.35183,0.03985
2399.42303,0.03956
2397.49423,0.03909
2395.56544,0.03887
2393.63664,0.03907
2391.70784,0.03970
2389.77905,0.04077
2387.85025,0.04268
2385.92145,0.04644
2383.99266,0.05295
2382.06386,0.06252
2380.13506,0.07458
2378.20627,0.08765
2376.27747,0.10073
2374.34867,0.11408
2372.41988,0.12775
2370.49108,0.14096
2368.56228,0.15308
2366.63349,0.16398
2364.70469,0.17315
2362.77589,0.17927
2360.84710,0.18157
2358.91830,0.17986
2356.98951,0.17329
2355.06071,0.16115
2353.13191,0.14439
2351.20312,0.12760
2349.27432,0.11899
2347.34552,0.12336
2345.41673,0.13599
2343.48793,0.14458
2341.55913,0.14525
2339.63034,0.14290
2337.70154,0.14001
2335.77274,0.13762
2333.84395,0.13702
2331.91515,0.13732
2329.98635,0.13534
2328.05756,0.13077
2326.12876,0.12667
2324.19996,0.12417
2322.27117,0.12090
2320.34237,0.11443
2318.41357,0.10572
2316.48478,0.09821
2314.55598,0.09365
2312.62718,0.09031
2310.69839,0.08598
2308.76959,0.08066
2306.84079,0.07515
2304.91200,0.06984
2302.98320,0.06519
2301.05440,0.06148
2299.12561,0.05843
2297.19681,0.05584
2295.26801,0.05362
2293.33922,0.05150
2291.41042,0.04948
2289.48162,0.04775
2287.55283,0.04617
2285.62403,0.04470
2283.69523,0.04377
2281.76644,0.04366
2279.83764,0.04413
2277.90884,0.04478
2275.98005,0.04536
2274.05125,0.04571
2272.12245,0.04589
2270.19366,0.04602
2268.26486,0.04625
2266.33606,0.04681
2264.40727,0.04738
2262.47847,0.04739
2260.54967,0.04702
2258.62088,0.04706
2256.69208,0.04784
2254.76328,0.04828
2252.83449,0.04721
2250.90569,0.04591
2248.97689,0.04607
2247.04810,0.04704
2245.11930,0.04792
2243.19050,0.04888
2241.26171,0.04997
2239.33291,0.05075
2237.40411,0.05066
2235.47532,0.05035
2233.54652,0.05047
2231.61772,0.05046
2229.68893,0.05034
2227.76013,0.05045
2225.83133,0.05030
2223.90254,0.04992
2221.97374,0.04981
2220.04494,0.05022
2218.11615,0.05109
2216.18735,0.05194
2214.25855,0.05225
2212.32976,0.05208
2210.40096,0.05249
2208.47216,0.05425
2206.54337,0.05556
2204.61457,0.05485
2202.68577,0.05377
2200.75698,0.05393
2198.82818,0.05458
2196.89938,0.05440
2194.97059,0.05333
2193.04179,0.05267
2191.11299,0.05396
2189.18420,0.05703
2187.25540,0.05962
2185.32660,0.06000
2183.39781,0.05903
2181.46901,0.05861
2179.54021,0.05938
2177.61142,0.06043
2175.68262,0.06049
2173.75382,0.05931
2171.82503,0.05844
2169.89623,0.05921
2167.96743,0.06133
2166.03864,0.06362
2164.10984,0.06511
2162.18104,0.06706
2160.25225,0.07047
2158.32345,0.07149
2156.39465,0.06812
2154.46586,0.06476
2152.53706,0.06265
2150.60826,0.05990
2148.67947,0.05681
2146.75067,0.05376
2144.82187,0.05020
2142.89308,0.04699
2140.96428,0.04515
2139.03548,0.04490
2137.10669,0.04538
2135.17789,0.04517
2133.24909,0.04394
2131.32030,0.04228
2129.39150,0.04107
2127.46270,0.04003
2125.53391,0.03815
2123.60511,0.03600
2121.67631,0.03486
2119.74752,0.03470
2117.81872,0.03492
2115.88992,0.03509
2113.96113,0.03503
2112.03233,0.03501
2110.10353,0.03536
2108.17474,0.03581
2106.24594,0.03618
2104.31714,0.03684
2102.38835,0.03768
2100.45955,0.03796
2098.53075,0.03759
2096.60196,0.03693
2094.67316,0.03625
2092.74436,0.03571
2090.81557,0.03541
2088.88677,0.03564
2086.95797,0.03639
2085.02918,0.03703
2083.10038,0.03735
2081.17158,0.03761
2079.24279,0.03766
2077.31399,0.03760
2075.38519,0.03773
2073.45640,0.03792
2071.52760,0.03827
2069.59880,0.03887
2067.67001,0.03942
2065.74121,0.03962
2063.81241,0.03935
2061.88362,0.03902
2059.95482,0.03892
2058.02602,0.03895
2056.09723,0.03911
2054.16843,0.03962
2052.23963,0.04051
2050.31084,0.04144
2048.38204,0.04225
2046.45324,0.04354
2044.52445,0.04519
2042.59565,0.04600
2040.66685,0.04602
2038.73806,0.04600
2036.80926,0.04612
2034.88046,0.04745
2032.95167,0.05026
2031.02287,0.05141
2029.09407,0.04922
2027.16528,0.04672
2025.23648,0.04590
2023.30768,0.04587
2021.37889,0.04602
2019.45009,0.04642
2017.52129,0.04703
2015.59250,0.04682
2013.66370,0.04532
2011.73490,0.04401
2009.80611,0.04408
2007.87731,0.04365
2005.94851,0.04133
2004.01972,0.03987
2002.09092,0.04063
2000.16212,0.04145
1998.23333,0.04130
1996.30453,0.04115
1994.37574,0.04173
1992.44694,0.04249
1990.51814,0.04249
1988.58935,0.04161
1986.66055,0.04085
1984.73175,0.04118
1982.80296,0.04240
1980.87416,0.04412
1978.94536,0.04559
1977.01657,0.04472
1975.08777,0.04238
1973.15897,0.04084
1971.23018,0.03936
1969.30138,0.03849
1967.37258,0.03941
1965.44379,0.04012
1963.51499,0.03892
1961.58619,0.03699
1959.65740,0.03547
1957.72860,0.03445
1955.79980,0.03411
1953.87101,0.03452
1951.94221,0.03518
1950.01341,0.03564
1948.08462,0.03583
1946.15582,0.03583
1944.22702,0.03628
1942.29823,0.03627
1940.36943,0.03448
1938.44063,0.03239
1936.51184,0.03156
1934.58304,0.03164
1932.65424,0.03156
1930.72545,0.03113
1928.79665,0.03082
1926.86785,0.03098
1924.93906,0.03186
1923.01026,0.03254
1921.08146,0.03277
1919.15267,0.03319
1917.22387,0.03247
1915.29507,0.03046
1913.36628,0.02971
1911.43748,0.03068
1909.50868,0.03133
1907.57989,0.03044
1905.65109,0.02904
1903.72229,0.02841
1901.79350,0.02847
1899.86470,0.02883
1897.93590,0.02953
1896.00711,0.03025
1894.07831,0.03055
1892.14951,0.03140
1890.22072,0.03272
1888.29192,0.03226
1886.36312,0.03048
1884.43433,0.02931
1882.50553,0.02881
1880.57673,0.02849
1878.64794,0.02812
1876.71914,0.02775
1874.79034,0.02778
1872.86155,0.02933
1870.93275,0.03312
1869.00395,0.03595
1867.07516,0.03403
1865.14636,0.03009
1863.21756,0.02794
1861.28877,0.02746
1859.35997,0.02744
1857.43117,0.02734
1855.50238,0.02720
1853.57358,0.02730
1851.64478,0.02796
1849.71599,0.02961
1847.78719,0.03252
1845.85839,0.03609
1843.92960,0.03672
1842.00080,0.03307
1840.07200,0.03005
1838.14321,0.02956
1836.21441,0.02958
1834.28561,0.02987
1832.35682,0.03233
1830.42802,0.03538
1828.49922,0.03555
1826.57043,0.03440
1824.64163,0.03280
1822.71283,0.02988
1820.78404,0.02765
1818.85524,0.02724
1816.92644,0.02729
1814.99765,0.02760
1813.06885,0.02913
1811.14005,0.03065
1809.21126,0.03025
1807.28246,0.02893
1805.35366,0.02907
1803.42487,0.03149
1801.49607,0.03410
1799.56727,0.03424
1797.63848,0.03319
1795.70968,0.03430
1793.78088,0.03782
1791.85209,0.03883
1789.92329,0.03469
1787.99449,0.03111
1786.06570,0.03094
1784.13690,0.03178
1782.20810,0.03239
1780.27931,0.03237
1778.35051,0.03162
1776.42171,0.03263
1774.49292,0.03687
1772.56412,0.04075
1770.63532,0.03971
1768.70653,0.03568
1766.77773,0.03172
1764.84893,0.03043
1762.92014,0.03227
1760.99134,0.03336
1759.06254,0.03293
1757.13375,0.03261
1755.20495,0.03229
1753.27615,0.03474
1751.34736,0.04052
1749.41856,0.04334
1747.48976,0.04099
1745.56097,0.03816
1743.63217,0.03728
1741.70337,0.03762
1739.77458,0.03738
1737.84578,0.03755
1735.91698,0.04167
1733.98819,0.04592
1732.05939,0.04236
1730.13059,0.03596
1728.20180,0.03118
1726.27300,0.02890
1724.34420,0.02911
1722.41541,0.03095
1720.48661,0.03657
1718.55781,0.04585
1716.62902,0.04983
1714.70022,0.04478
1712.77142,0.03876
1710.84263,0.03672
1708.91383,0.03961
1706.98503,0.04600
1705.05624,0.05221
1703.12744,0.05880
1701.19864,0.06926
1699.26985,0.07807
1697.34105,0.08151
1695.41225,0.08312
1693.48346,0.08434
1691.55466,0.09020
1689.62586,0.10220
1687.69707,0.11746
1685.76827,0.13782
1683.83947,0.15892
1681.91068,0.16787
1679.98188,0.17313
1678.05308,0.18374
1676.12429,0.19951
1674.19549,0.21502
1672.26669,0.22777
1670.33790,0.24030
1668.40910,0.24796
1666.48030,0.25028
1664.55151,0.25500
1662.62271,0.26084
1660.69391,0.26226
1658.76512,0.26275
1656.83632,0.26867
1654.90752,0.28142
1652.97873,0.28887
1651.04993,0.28303
1649.12113,0.28261
1647.19234,0.28859
1645.26354,0.29016
1643.33474,0.29032
1641.40595,0.29745
1639.47715,0.31246
1637.54835,0.33441
1635.61956,0.35750
1633.69076,0.37085
1631.76197,0.38079
1629.83317,0.39573
1627.90437,0.41271
1625.97558,0.42665
1624.04678,0.43639
1622.11798,0.43975
1620.18919,0.43963
1618.26039,0.44096
1616.33159,0.43922
1614.40280,0.43251
1612.47400,0.42845
1610.54520,0.42945
1608.61641,0.43353
1606.68761,0.43919
1604.75881,0.44691
1602.83002,0.45643
1600.90122,0.46603
1598.97242,0.47470
1597.04363,0.48192
1595.11483,0.48614
1593.18603,0.48568
1591.25724,0.48062
1589.32844,0.47118
1587.39964,0.45777
1585.47085,0.44140
1583.54205,0.42281
1581.61325,0.40340
1579.68446,0.38644
1577.75566,0.37057
1575.82686,0.34745
1573.89807,0.32268
1571.96927,0.30561
1570.04047,0.28995
1568.11168,0.27087
1566.18288,0.25337
1564.25408,0.24068
1562.32529,0.23614
1560.39649,0.23923
1558.46769,0.23165
1556.53890,0.21005
1554.61010,0.19280
1552.68130,0.18121
1550.75251,0.17286
1548.82371,0.16580
1546.89491,0.16233
1544.96612,0.16445
1543.03732,0.16903
1541.10852,0.17006
1539.17973,0.15866
1537.25093,0.14443
1535.32213,0.13890
1533.39334,0.13625
1531.46454,0.13026
1529.53574,0.12645
1527.60695,0.12727
1525.67815,0.12882
1523.74935,0.13077
1521.82056,0.13220
1519.89176,0.12938
1517.96296,0.12504
1516.03417,0.11988
1514.10537,0.11451
1512.17657,0.11401
1510.24778,0.12110
1508.31898,0.13199
1506.39018,0.13097
1504.46139,0.11695
1502.53259,0.10953
1500.60379,0.11152
1498.67500,0.11782
1496.74620,0.12180
1494.81740,0.12241
1492.88861,0.12705
1490.95981,0.13871
1489.03101,0.14952
1487.10222,0.15331
1485.17342,0.15634
1483.24462,0.16389
1481.31583,0.17538
1479.38703,0.18899
1477.45823,0.20543
1475.52944,0.22470
1473.60064,0.24279
1471.67184,0.25294
1469.74305,0.25620
1467.81425,0.26158
1465.88545,0.27049
1463.95666,0.27601
1462.02786,0.27805
1460.09906,0.28352
1458.17027,0.28958
1456.24147,0.28116
1454.31267,0.26250
1452.38388,0.24691
1450.45508,0.23495
1448.52628,0.22313
1446.59749,0.20848
1444.66869,0.19321
1442.73989,0.18008
1440.81110,0.17032
1438.88230,0.16479
1436.95350,0.15857
1435.02471,0.14673
1433.09591,0.13559
1431.16711,0.12818
1429.23832,0.12102
1427.30952,0.11414
1425.38072,0.10979
1423.45193,0.10712
1421.52313,0.10651
1419.59433,0.10720
1417.66554,0.10267
1415.73674,0.09390
1413.80794,0.08758
1411.87915,0.08439
1409.95035,0.08223
1408.02155,0.08113
1406.09276,0.08116
1404.16396,0.07998
1402.23516,0.07846
1400.30637,0.07960
1398.37757,0.08175
1396.44877,0.08200
1394.51998,0.07906
1392.59118,0.07393
1390.66238,0.07123
1388.73359,0.07203
1386.80479,0.07158
1384.87599,0.06803
1382.94720,0.06512
1381.01840,0.06437
1379.08960,0.06461
1377.16081,0.06580
1375.23201,0.06734
1373.30321,0.06638
1371.37442,0.06340
1369.44562,0.06153
1367.51682,0.06100
1365.58803,0.06222
1363.65923,0.06498
1361.73043,0.06510
1359.80164,0.06181
1357.87284,0.05916
1355.94404,0.05831
1354.01525,0.05790
1352.08645,0.05749
1350.15765,0.05732
1348.22886,0.05715
1346.30006,0.05687
1344.37126,0.05724
1342.44247,0.05946
1340.51367,0.06269
1338.58487,0.06325
1336.65608,0.06046
1334.72728,0.05750
1332.79848,0.05597
1330.86969,0.05537
1328.94089,0.05500
1327.01209,0.05467
1325.08330,0.05442
1323.15450,0.05448
1321.22570,0.05513
1319.29691,0.05587
1317.36811,0.05586
1315.43931,0.05541
1313.51052,0.05503
1311.58172,0.05445
1309.65292,0.05386
1307.72413,0.05354
1305.79533,0.05332
1303.86653,0.05321
1301.93774,0.05330
1300.00894,0.05351
1298.08014,0.05376
1296.15135,0.05384
1294.22255,0.05373
1292.29375,0.05368
1290.36496,0.05387
1288.43616,0.05403
1286.50736,0.05378
1284.57857,0.05331
1282.64977,0.05303
1280.72097,0.05289
1278.79218,0.05268
1276.86338,0.05247
1274.93458,0.05252
1273.00579,0.05288
1271.07699,0.05318
1269.14820,0.05319
1267.21940,0.05315
1265.29060,0.05326
1263.36181,0.05352
1261.43301,0.05381
1259.50421,0.05390
1257.57542,0.05377
1255.64662,0.05369
1253.71782,0.05380
1251.78903,0.05404
1249.86023,0.05431
1247.93143,0.05456
1246.00264,0.05482
1244.07384,0.05510
1242.14504,0.05530
1240.21625,0.05536
1238.28745,0.05537
1236.35865,0.05539
1234.42986,0.05541
1232.50106,0.05550
1230.57226,0.05568
1228.64347,0.05590
1226.71467,0.05610
1224.78587,0.05628
1222.85708,0.05651
1220.92828,0.05689
1218.99948,0.05741
1217.07069,0.05796
1215.14189,0.05852
1213.21309,0.05912
1211.28430,0.05980
1209.35550,0.06054
1207.42670,0.06133
1205.49791,0.06223
1203.56911,0.06319
1201.64031,0.06420
1199.71152,0.06533
1197.78272,0.06663
1195.85392,0.06804
1193.92513,0.06952
1191.99633,0.07122
1190.06753,0.07322
1188.13874,0.07545
1186.20994,0.07775
1184.28114,0.08014
1182.35235,0.08285
1180.42355,0.08612
1178.49475,0.08995
1176.56596,0.09414
1174.63716,0.09857
1172.70836,0.10316
1170.77957,0.10792
1168.85077,0.11283
1166.92197,0.11772
1164.99318,0.12233
1163.06438,0.12639
1161.13558,0.12959
1159.20679,0.13166
1157.27799,0.13249
1155.34919,0.13202
1153.42040,0.13036
1151.49160,0.12772
1149.56280,0.12421
1147.63401,0.11999
1145.70521,0.11533
1143.77641,0.11049
1141.84762,0.10567
1139.91882,0.10104
1137.99002,0.09661
1136.06123,0.09241
1134.13243,0.08852
1132.20363,0.08505
1130.27484,0.08209
1128.34604,0.07958
1126.41724,0.07736
1124.48845,0.07540
1122.55965,0.07374
1120.63085,0.07241
1118.70206,0.07131
1116.77326,0.07031
1114.84446,0.06944
1112.91567,0.06874
1110.98687,0.06818
1109.05807,0.06774
1107.12928,0.06742
1105.20048,0.06721
1103.27168,0.06705
1101.34289,0.06692
1099.41409,0.06685
1097.48529,0.06682
1095.55650,0.06684
1093.62770,0.06689
1091.69890,0.06698
1089.77011,0.06715
1087.84131,0.06736
1085.91251,0.06750
1083.98372,0.06762
1082.05492,0.06782
1080.12612,0.06813
1078.19733,0.06850
1076.26853,0.06890
1074.33973,0.06934
1072.41094,0.06985
1070.48214,0.07035
1068.55334,0.07071
1066.62455,0.07093
1064.69575,0.07112
1062.76695,0.07119
1060.83816,0.07098
1058.90936,0.07060
1056.98056,0.07026
1055.05177,0.06988
1053.12297,0.06937
1051.19417,0.06876
1049.26538,0.06811
1047.33658,0.06746
1045.40778,0.06683
1043.47899,0.06615
1041.55019,0.06531
1039.62139,0.06436
1037.69260,0.06348
1035.76380,0.06268
1033.83500,0.06186
1031.90621,0.06108
1029.97741,0.06042
1028.04861,0.05979
1026.11982,0.05916
1024.19102,0.05868
1022.26222,0.05838
1020.33343,0.05808
1018.40463,0.05774
1016.47583,0.05753
1014.54704,0.05749
1012.61824,0.05745
1010.68944,0.05730
1008.76065,0.05699
1006.83185,0.05654
1004.90305,0.05597
1002.97426,0.05532
1001.04546,0.05471
999.11666,0.05418
997.18787,0.05370
995.25907,0.05320
993.33027,0.05267
991.40148,0.05220
989.47268,0.05175
987.54388,0.05119
985.61509,0.05055
983.68629,0.05000
981.75749,0.04955
979.82870,0.04905
977.89990,0.04846
975.97110,0.04788
974.04231,0.04742
972.11351,0.04702
970.18471,0.04666
968.25592,0.04643
966.32712,0.04635
964.39832,0.04630
962.46953,0.04619
960.54073,0.04595
958.61193,0.04560
956.68314,0.04520
954.75434,0.04483
952.82554,0.04464
950.89675,0.04454
948.96795,0.04426
947.03915,0.04378
945.11036,0.04329
943.18156,0.04277
941.25276,0.04215
939.32397,0.04149
937.39517,0.04086
935.46637,0.04022
933.53758,0.03957
931.60878,0.03895
929.67998,0.03843
927.75119,0.03806
925.82239,0.03773
923.89359,0.03722
921.96480,0.03652
920.03600,0.03589
918.10720,0.03548
916.17841,0.03515
914.24961,0.03482
912.32081,0.03457
910.39202,0.03441
908.46322,0.03416
906.53443,0.03376
904.60563,0.03336
902.67683,0.03312
900.74804,0.03296
898.81924,0.03265
896.89044,0.03211
894.96165,0.03151
893.03285,0.03090
891.10405,0.03024
889.17526,0.02951
887.24646,0.02875
885.31766,0.02793
883.38887,0.02714
881.46007,0.02648
879.53127,0.02590
877.60248,0.02539
875.67368,0.02498
873.74488,0.02460
871.81609,0.02426
869.88729,0.02392
867.95849,0.02354
866.02970,0.02325
864.10090,0.02319
862.17210,0.02318
860.24331,0.02303
858.31451,0.02281
856.38571,0.02262
854.45692,0.02255
852.52812,0.02253
850.59932,0.02239
848.67053,0.02207
846.74173,0.02175
844.81293,0.02145
842.88414,0.02104
840.95534,0.02058
839.02654,0.02024
837.09775,0.01998
835.16895,0.01969
833.24015,0.01944
831.31136,0.01929
829.38256,0.01912
827.45376,0.01888
825.52497,0.01869
823.59617,0.01875
821.66737,0.01907
819.73858,0.01941
817.80978,0.01964
815.88098,0.01985
813.95219,0.02018
812.02339,0.02061
810.09459,0.02116
808.16580,0.02184
806.23700,0.02254
804.30820,0.02326
802.37941,0.02406
800.45061,0.02487
798.52181,0.02566
796.59302,0.02654
794.66422,0.02742
792.73542,0.02817
790.80663,0.02886
788.87783,0.02952
786.94903,0.03005
785.02024,0.03034
783.09144,0.03018
781.16264,0.02956
779.23385,0.02862
777.30505,0.02737
775.37625,0.02593
773.44746,0.02480
771.51866,0.02429
769.58986,0.02413
767.66107,0.02402
765.73227,0.02391
763.80347,0.02373
761.87468,0.02349
759.94588,0.02344
758.01708,0.02374
756.08829,0.02413
754.15949,0.02445
752.23069,0.02496
750.30190,0.02552
748.37310,0.02547
