3496.90832,0.07379
3494.97953,0.06862
3493.05073,0.06177
3491.12193,0.05945
3489.19314,0.06645
3487.26434,0.07581
3485.33554,0.07565
3483.40675,0.06830
3481.47795,0.06326
3479.54915,0.06420
3477.62036,0.06930
3475.69156,0.07621
3473.76276,0.08127
3471.83397,0.07926
3469.90517,0.07173
3467.97637,0.06581
3466.04758,0.06605
3464.11878,0.07067
3462.18998,0.07308
3460.26119,0.07131
3458.33239,0.06477
3456.40359,0.05550
3454.47480,0.05459
3452.54600,0.06173
3450.61721,0.06396
3448.68841,0.06064
3446.75961,0.06049
3444.83082,0.06420
3442.90202,0.06578
3440.97322,0.06183
3439.04443,0.05448
3437.11563,0.04848
3435.18683,0.04534
3433.25804,0.04377
3431.32924,0.04422
3429.40044,0.04981
3427.47165,0.05835
3425.54285,0.06321
3423.61405,0.06522
3421.68526,0.06565
3419.75646,0.06233
3417.82766,0.05818
3415.89887,0.05649
3413.97007,0.05470
3412.04127,0.04844
3410.11248,0.04080
3408.18368,0.04028
3406.25488,0.04528
3404.32609,0.04660
3402.39729,0.04776
3400.46849,0.05601
3398.53970,0.06039
3396.61090,0.05049
3394.68210,0.03993
3392.75331,0.04332
3390.82451,0.05306
3388.89571,0.06083
3386.96692,0.06853
3385.03812,0.06877
3383.10932,0.05755
3381.18053,0.05005
3379.25173,0.05271
3377.32293,0.05512
3375.39414,0.05364
3373.46534,0.05477
3371.53654,0.05745
3369.60775,0.05731
3367.67895,0.05966
3365.75015,0.06682
3363.82136,0.07332
3361.89256,0.07496
3359.96376,0.07109
3358.03497,0.06571
3356.10617,0.06277
3354.17737,0.06272
3352.24858,0.06409
3350.31978,0.06212
3348.39098,0.05736
3346.46219,0.05660
3344.53339,0.06214
3342.60459,0.07030
3340.67580,0.07341
3338.74700,0.06717
3336.81820,0.05660
3334.88941,0.04991
3332.96061,0.05038
3331.03181,0.05545
3329.10302,0.06244
3327.17422,0.06648
3325.24542,0.06115
3323.31663,0.04928
3321.38783,0.04138
3319.45903,0.04266
3317.53024,0.04576
3315.60144,0.04224
3313.67264,0.03762
3311.74385,0.03872
3309.81505,0.03986
3307.88625,0.04033
3305.95746,0.04429
3304.02866,0.04451
3302.09986,0.03908
3300.17107,0.03588
3298.24227,0.03477
3296.31347,0.03307
3294.38468,0.03076
3292.45588,0.02588
3290.52708,0.02094
3288.59829,0.02193
3286.66949,0.02480
3284.74069,0.02199
3282.81190,0.01989
3280.88310,0.02481
3278.95430,0.03301
3277.02551,0.04006
3275.09671,0.04254
3273.16791,0.04245
3271.23912,0.04323
3269.31032,0.04022
3267.38152,0.03476
3265.45273,0.03417
3263.52393,0.03517
3261.59513,0.03458
3259.66634,0.03477
3257.73754,0.03300
3255.80874,0.02825
3253.87995,0.02576
3251.95115,0.02817
3250.02235,0.03311
3248.09356,0.03488
3246.16476,0.03077
3244.23596,0.02889
3242.30717,0.03224
3240.37837,0.03346
3238.44957,0.03577
3236.52078,0.04254
3234.59198,0.04711
3232.66318,0.04825
3230.73439,0.04781
3228.80559,0.04439
3226.87679,0.03869
3224.94800,0.03531
3223.01920,0.03921
3221.09040,0.04840
3219.16161,0.05469
3217.23281,0.05641
3215.30401,0.05683
3213.37522,0.05683
3211.44642,0.06114
3209.51762,0.06864
3207.58883,0.06779
3205.66003,0.06083
3203.73123,0.05849
3201.80244,0.05898
3199.87364,0.05647
3197.94484,0.05218
3196.01605,0.04990
3194.08725,0.05033
3192.15845,0.05169
3190.22966,0.05483
3188.30086,0.05888
3186.37206,0.05672
3184.44327,0.04994
3182.51447,0.04869
3180.58567,0.05372
3178.65688,0.05841
3176.72808,0.05720
3174.79928,0.04899
3172.87049,0.03960
3170.94169,0.03335
3169.01289,0.03024
3167.08410,0.03114
3165.15530,0.03490
3163.22650,0.03851
3161.29771,0.04136
3159.36891,0.04181
3157.44011,0.03961
3155.51132,0.03888
3153.58252,0.04023
3151.65372,0.04041
3149.72493,0.03893
3147.79613,0.03779
3145.86733,0.03792
3143.93854,0.03804
3142.00974,0.03715
3140.08094,0.03621
3138.15215,0.03639
3136.22335,0.03749
3134.29455,0.03859
3132.36576,0.03972
3130.43696,0.04032
3128.50816,0.03839
3126.57937,0.03530
3124.65057,0.03499
3122.72177,0.03704
3120.79298,0.03838
3118.86418,0.03897
3116.93538,0.03986
3115.00659,0.04000
3113.07779,0.03872
3111.14899,0.03662
3109.22020,0.03403
3107.29140,0.03303
3105.36260,0.03492
3103.43381,0.03733
3101.50501,0.03810
3099.57621,0.03755
3097.64742,0.03661
3095.71862,0.03564
3093.78982,0.03500
3091.86103,0.03438
3089.93223,0.03371
3088.00344,0.03422
3086.07464,0.03595
3084.14584,0.03763
3082.21705,0.03846
3080.28825,0.03793
3078.35945,0.03630
3076.43066,0.03486
3074.50186,0.03457
3072.57306,0.03512
3070.64427,0.03555
3068.71547,0.03522
3066.78667,0.03476
3064.85788,0.03534
3062.92908,0.03643
3061.00028,0.03692
3059.07149,0.03678
3057.14269,0.03657
3055.21389,0.03701
3053.28510,0.03759
3051.35630,0.03717
3049.42750,0.03626
3047.49871,0.03578
3045.56991,0.03588
3043.64111,0.03653
3041.71232,0.03743
3039.78352,0.03834
3037.85472,0.03926
3035.92593,0.03985
3033.99713,0.03988
3032.06833,0.03970
3030.13954,0.03985
3028.21074,0.04041
3026.28194,0.04076
3024.35315,0.04054
3022.42435,0.04044
3020.49555,0.04044
3018.56676,0.04004
3016.63796,0.03998
3014.70916,0.04053
3012.78037,0.04080
3010.85157,0.04084
3008.92277,0.04111
3006.99398,0.04125
3005.06518,0.04108
3003.13638,0.04090
3001.20759,0.04077
2999.27879,0.04052
2997.34999,0.04028
2995.42120,0.04074
2993.49240,0.04182
2991.56360,0.04226
2989.63481,0.04203
2987.70601,0.04193
2985.77721,0.04212
2983.84842,0.04258
2981.91962,0.04304
2979.99082,0.04305
2978.06203,0.04244
2976.13323,0.04186
2974.20443,0.04198
2972.27564,0.04263
2970.34684,0.04316
2968.41804,0.04329
2966.48925,0.04353
2964.56045,0.04426
2962.63165,0.04498
2960.70286,0.04542
2958.77406,0.04571
2956.84526,0.04595
2954.91647,0.04640
2952.98767,0.04682
2951.05887,0.04688
2949.13008,0.04712
2947.20128,0.04760
2945.27248,0.04763
2943.34369,0.04725
2941.41489,0.04705
2939.48609,0.04714
2937.55730,0.04735
2935.62850,0.04778
2933.69970,0.04848
2931.77091,0.04918
2929.84211,0.04961
2927.91331,0.04983
2925.98452,0.05017
2924.05572,0.05050
2922.12692,0.05073
2920.19813,0.05088
2918.26933,0.05067
2916.34053,0.05014
2914.41174,0.04945
2912.48294,0.04869
2910.55414,0.04812
2908.62535,0.04773
2906.69655,0.04731
2904.76775,0.04697
2902.83896,0.04680
2900.91016,0.04680
2898.98136,0.04719
2897.05257,0.04770
2895.12377,0.04769
2893.19497,0.04719
2891.26618,0.04682
2889.33738,0.04672
2887.40858,0.04644
2885.47979,0.04596
2883.55099,0.04584
2881.62219,0.04635
2879.69340,0.04687
2877.76460,0.04694
2875.83580,0.04693
2873.90701,0.04714
2871.97821,0.04743
2870.04941,0.04775
2868.12062,0.04804
2866.19182,0.04821
2864.26302,0.04844
2862.33423,0.04893
2860.40543,0.04958
2858.47663,0.05013
2856.54784,0.05044
2854.61904,0.05050
2852.69024,0.05027
2850.76145,0.04986
2848.83265,0.04976
2846.90385,0.04970
2844.97506,0.04932
2843.04626,0.04901
2841.11746,0.04889
2839.18867,0.04877
2837.25987,0.04862
2835.33107,0.04851
2833.40228,0.04850
2831.47348,0.04860
2829.54468,0.04870
2827.61589,0.04869
2825.68709,0.04866
2823.75829,0.04879
2821.82950,0.04905
2819.90070,0.04917
2817.97190,0.04905
2816.04311,0.04886
2814.11431,0.04867
2812.18551,0.04850
2810.25672,0.04848
2808.32792,0.04850
2806.39912,0.04845
2804.47033,0.04843
2802.54153,0.04841
2800.61273,0.04832
2798.68394,0.04819
2796.75514,0.04802
2794.82634,0.04762
2792.89755,0.04706
2790.96875,0.04679
2789.03995,0.04694
2787.11116,0.04712
2785.18236,0.04705
2783.25356,0.04689
2781.32477,0.04679
2779.39597,0.04675
2777.46717,0.04661
2775.53838,0.04623
2773.60958,0.04587
2771.68078,0.04578
2769.75199,0.04586
2767.82319,0.04592
2765.89439,0.04593
2763.96560,0.04596
2762.03680,0.04601
2760.10800,0.04595
2758.17921,0.04573
2756.25041,0.04550
2754.32161,0.04528
2752.39282,0.04498
2750.46402,0.04479
2748.53522,0.04496
2746.60643,0.04517
2744.67763,0.04503
2742.74883,0.04481
2740.82004,0.04484
2738.89124,0.04493
2736.96244,0.04506
2735.03365,0.04531
2733.10485,0.04535
2731.17605,0.04513
2729.24726,0.04508
2727.31846,0.04524
2725.38967,0.04530
2723.46087,0.04508
2721.53207,0.04481
2719.60328,0.04483
2717.67448,0.04500
2715.74568,0.04506
2713.81689,0.04504
2711.88809,0.04503
2709.95929,0.04494
2708.03050,0.04478
2706.10170,0.04480
2704.17290,0.04496
2702.24411,0.04495
2700.31531,0.04483
2698.38651,0.04483
2696.45772,0.04489
2694.52892,0.04487
2692.60012,0.04479
2690.67133,0.04468
2688.74253,0.04462
2686.81373,0.04462
2684.88494,0.04463
2682.95614,0.04476
2681.02734,0.04499
2679.09855,0.04510
2677.16975,0.04512
2675.24095,0.04518
2673.31216,0.04528
2671.38336,0.04518
2669.45456,0.04485
2667.52577,0.04459
2665.59697,0.04449
2663.66817,0.04447
2661.73938,0.04449
2659.81058,0.04445
2657.88178,0.04441
2655.95299,0.04447
2654.02419,0.04447
2652.09539,0.04435
2650.16660,0.04425
2648.23780,0.04427
2646.30900,0.04444
2644.38021,0.04458
2642.45141,0.04466
2640.52261,0.04474
2638.59382,0.04471
2636.66502,0.04463
2634.73622,0.04477
2632.80743,0.04516
2630.87863,0.04557
2628.94983,0.04572
2627.02104,0.04563
2625.09224,0.04564
2623.16344,0.04587
2621.23465,0.04605
2619.30585,0.04609
2617.37705,0.04597
2615.44826,0.04570
2613.51946,0.04553
2611.59066,0.04552
2609.66187,0.04544
2607.73307,0.04527
2605.80427,0.04518
2603.87548,0.04541
2601.94668,0.04577
2600.01788,0.04553
2598.08909,0.04497
2596.16029,0.04505
2594.23149,0.04550
2592.30270,0.04564
2590.37390,0.04567
2588.44510,0.04567
2586.51631,0.04538
2584.58751,0.04510
2582.65871,0.04513
2580.72992,0.04517
2578.80112,0.04527
2576.87232,0.04569
2574.94353,0.04617
2573.01473,0.04636
2571.08593,0.04639
2569.15714,0.04632
2567.22834,0.04610
2565.29954,0.04583
2563.37075,0.04559
2561.44195,0.04534
2559.51315,0.04504
2557.58436,0.04480
2555.65556,0.04484
2553.72676,0.04498
2551.79797,0.04491
2549.86917,0.04505
2547.94037,0.04558
2546.01158,0.04576
2544.08278,0.04536
2542.15398,0.04488
2540.22519,0.04467
2538.29639,0.04472
2536.36759,0.04466
2534.43880,0.04455
2532.51000,0.04477
2530.58120,0.04507
2528.65241,0.04505
2526.72361,0.04487
2524.79481,0.04470
2522.86602,0.04447
2520.93722,0.04441
2519.00842,0.04445
2517.07963,0.04443
2515.15083,0.04461
2513.22203,0.04480
2511.29324,0.04449
2509.36444,0.04401
2507.43564,0.04407
2505.50685,0.04453
2503.57805,0.04458
2501.64925,0.04404
2499.72046,0.04378
2497.79166,0.04405
2495.86286,0.04416
2493.93407,0.04417
2492.00527,0.04426
2490.07647,0.04405
2488.14768,0.04372
2486.21888,0.04366
2484.29008,0.04385
2482.36129,0.04411
2480.43249,0.04431
2478.50369,0.04445
2476.57490,0.04458
2474.64610,0.04448
2472.71730,0.04393
2470.78851,0.04329
2468.85971,0.04306
2466.93091,0.04328
2465.00212,0.04367
2463.07332,0.04368
2461.14452,0.04319
2459.21573,0.04286
2457.28693,0.04299
2455.35813,0.04304
2453.42934,0.04269
2451.50054,0.04235
2449.57174,0.04210
2447.64295,0.04173
2445.71415,0.04146
2443.78535,0.04158
2441.85656,0.04205
2439.92776,0.04258
2437.99896,0.04280
2436.07017,0.04255
2434.14137,0.04219
2432.21257,0.04201
2430.28378,0.04194
2428.35498,0.04196
2426.42618,0.04212
2424.49739,0.04220
2422.56859,0.04201
2420.63979,0.04154
2418.71100,0.04100
2416.78220,0.04063
2414.85340,0.04048
2412.92461,0.04023
2410.99581,0.03988
2409.06701,0.03992
2407.13822,0.04018
2405.20942,0.04008
2403.28062,0.03965
2401.35183,0.03917
2399.42303,0.03872
2397.49423,0.03847
2395.56544,0.03853
2393.63664,0.03876
2391.70784,0.03904
2389.77905,0.03977
2387.85025,0.04175
2385.92145,0.04577
2383.99266,0.05238
2382.06386,0.06186
2380.13506,0.07365
2378.20627,0.08650
2376.27747,0.09960
2374.34867,0.11299
2372.41988,0.12680
2370.49108,0.14049
2368.56228,0.15308
2366.63349,0.16418
2364.70469,0.17347
2362.77589,0.17994
2360.84710,0.18255
2358.91830,0.18045
2356.98951,0.17301
2355.06071,0.16059
2353.13191,0.14422
2351.20312,0.12750
2349.27432,0.11839
2347.34552,0.12203
2345.41673,0.13391
2343.48793,0.14227
2341.55913,0.14343
2339.63034,0.14159
2337.70154,0.13886
2335.77274,0.13653
2333.84395,0.13604
2331.91515,0.13650
2329.98635,0.13476
2328.05756,0.13050
2326.12876,0.12665
2324.19996,0.12419
2322.27117,0.12084
2320.34237,0.11447
2318.41357,0.10604
2316.48478,0.09853
2314.55598,0.09378
2312.62718,0.09054
2310.69839,0.08650
2308.76959,0.08121
2306.84079,0.07520
2304.91200,0.06935
2302.98320,0.06476
2301.05440,0.06150
2299.12561,0.05861
2297.19681,0.05585
2295.26801,0.05348
2293.33922,0.05112
2291.41042,0.04858
2289.48162,0.04654
2287.55283,0.04533
2285.62403,0.04448
2283.69523,0.04373
2281.76644,0.04339
2279.83764,0.04377
2277.90884,0.04455
2275.98005,0.04512
2274.05125,0.04539
2272.12245,0.04565
2270.19366,0.04610
2268.26486,0.04668
2266.33606,0.04696
2264.40727,0.04669
2262.47847,0.04633
2260.54967,0.04643
2258.62088,0.04744
2256.69208,0.04889
2254.76328,0.04918
2252.83449,0.04775
2250.90569,0.04610
2248.97689,0.04559
2247.04810,0.04591
2245.11930,0.04656
2243.19050,0.04761
2241.26171,0.04851
2239.33291,0.04864
2237.40411,0.04829
2235.47532,0.04813
2233.54652,0.04854
2231.61772,0.04933
2229.68893,0.05036
2227.76013,0.05135
2225.83133,0.05145
2223.90254,0.05065
2221.97374,0.05004
2220.04494,0.05051
2218.11615,0.05168
2216.18735,0.05224
2214.25855,0.05186
2212.32976,0.05164
2210.40096,0.05247
2208.47216,0.05353
2206.54337,0.05337
2204.61457,0.05273
2202.68577,0.05327
2200.75698,0.05453
2198.82818,0.05553
2196.89938,0.05571
2194.97059,0.05515
2193.04179,0.05528
2191.11299,0.05613
2189.18420,0.05655
2187.25540,0.05725
2185.32660,0.05833
2183.39781,0.05879
2181.46901,0.05952
2179.54021,0.06101
2177.61142,0.06219
2175.68262,0.06291
2173.75382,0.06299
2171.82503,0.06279
2169.89623,0.06379
2167.96743,0.06498
2166.03864,0.06464
2164.10984,0.06501
2162.18104,0.06862
2160.25225,0.07221
2158.32345,0.07132
2156.39465,0.06722
2154.46586,0.06274
2152.53706,0.05938
2150.60826,0.05728
2148.67947,0.05528
2146.75067,0.05336
2144.82187,0.05210
2142.89308,0.05065
2140.96428,0.04856
2139.03548,0.04698
2137.10669,0.04612
2135.17789,0.04507
2133.24909,0.04340
2131.32030,0.04137
2129.39150,0.03963
2127.46270,0.03849
2125.53391,0.03779
2123.60511,0.03715
2121.67631,0.03615
2119.74752,0.03516
2117.81872,0.03492
2115.88992,0.03529
2113.96113,0.03566
2112.03233,0.03579
2110.10353,0.03585
2108.17474,0.03604
2106.24594,0.03625
2104.31714,0.03624
2102.38835,0.03614
2100.45955,0.03584
2098.53075,0.03526
2096.60196,0.03470
2094.67316,0.03437
2092.74436,0.03427
2090.81557,0.03453
2088.88677,0.03513
2086.95797,0.03577
2085.02918,0.03643
2083.10038,0.03718
2081.17158,0.03745
2079.24279,0.03709
2077.31399,0.03694
2075.38519,0.03706
2073.45640,0.03704
2071.52760,0.03737
2069.59880,0.03795
2067.67001,0.03833
2065.74121,0.03887
2063.81241,0.03929
2061.88362,0.03868
2059.95482,0.03761
2058.02602,0.03725
2056.09723,0.03743
2054.16843,0.03761
2052.23963,0.03800
2050.31084,0.03927
2048.38204,0.04163
2046.45324,0.04371
2044.52445,0.04474
2042.59565,0.04559
2040.66685,0.04669
2038.73806,0.04735
2036.80926,0.04758
2034.88046,0.04882
2032.95167,0.05039
2031.02287,0.04990
2029.09407,0.04836
2027.16528,0.04753
2025.23648,0.04691
2023.30768,0.04691
2021.37889,0.04698
2019.45009,0.04640
2017.52129,0.04670
2015.59250,0.04737
2013.66370,0.04748
2011.73490,0.04787
2009.80611,0.04785
2007.87731,0.04556
2005.94851,0.04144
2004.01972,0.03918
2002.09092,0.04060
2000.16212,0.04277
1998.23333,0.04240
1996.30453,0.04020
1994.37574,0.03924
1992.44694,0.04036
1990.51814,0.04150
1988.58935,0.04110
1986.66055,0.03955
1984.73175,0.03823
1982.80296,0.03838
1980.87416,0.03987
1978.94536,0.04087
1977.01657,0.04057
1975.08777,0.04085
1973.15897,0.04148
1971.23018,0.04047
1969.30138,0.03901
1967.37258,0.03910
1965.44379,0.03969
1963.51499,0.03882
1961.58619,0.03729
1959.65740,0.03638
1957.72860,0.03565
1955.79980,0.03490
1953.87101,0.03437
1951.94221,0.03387
1950.01341,0.03350
1948.08462,0.03319
1946.15582,0.03320
1944.22702,0.03421
1942.29823,0.03448
1940.36943,0.03265
1938.44063,0.03081
1936.51184,0.03031
1934.58304,0.03062
1932.65424,0.03067
1930.72545,0.03017
1928.79665,0.02981
1926.86785,0.03026
1924.93906,0.03169
1923.01026,0.03280
1921.08146,0.03297
1919.15267,0.03322
1917.22387,0.03252
1915.29507,0.03040
1913.36628,0.02915
1911.43748,0.02968
1909.50868,0.03027
1907.57989,0.02959
1905.65109,0.02843
1903.72229,0.02773
1901.79350,0.02740
1899.86470,0.02747
1897.93590,0.02834
1896.00711,0.02952
1894.07831,0.03002
1892.14951,0.03071
1890.22072,0.03183
1888.29192,0.03132
1886.36312,0.02970
1884.43433,0.02888
1882.50553,0.02874
1880.57673,0.02879
1878.64794,0.02874
1876.71914,0.02847
1874.79034,0.02837
1872.86155,0.02979
1870.93275,0.03366
1869.00395,0.03669
1867.07516,0.03471
1865.14636,0.03046
1863.21756,0.02798
1861.28877,0.02722
1859.35997,0.02696
1857.43117,0.02666
1855.50238,0.02634
1853.57358,0.02638
1851.64478,0.02708
1849.71599,0.02876
1847.78719,0.03169
1845.85839,0.03535
1843.92960,0.03609
1842.00080,0.03251
1840.07200,0.02958
1838.14321,0.02914
1836.21441,0.02916
1834.28561,0.02959
1832.35682,0.03239
1830.42802,0.03571
1828.49922,0.03590
1826.57043,0.03467
1824.64163,0.03306
1822.71283,0.03012
1820.78404,0.02788
1818.85524,0.02744
1816.92644,0.02739
1814.99765,0.02755
1813.06885,0.02892
1811.14005,0.03028
1809.21126,0.02968
1807.28246,0.02816
1805.35366,0.02821
1803.42487,0.03066
1801.49607,0.03334
1799.56727,0.03345
1797.63848,0.03236
1795.70968,0.03359
1793.78088,0.03739
1791.85209,0.03862
1789.92329,0.03447
1787.99449,0.03086
1786.06570,0.03077
1784.13690,0.03178
1782.20810,0.03260
1780.27931,0.03277
1778.35051,0.03213
1776.42171,0.03322
1774.49292,0.03766
1772.56412,0.04171
1770.63532,0.04053
1768.70653,0.03614
1766.77773,0.03185
1764.84893,0.03040
1762.92014,0.03222
1760.99134,0.03318
1759.06254,0.03253
1757.13375,0.03207
1755.20495,0.03168
1753.27615,0.03416
1751.34736,0.04006
1749.41856,0.04294
1747.48976,0.04058
1745.56097,0.03785
1743.63217,0.03713
1741.70337,0.03760
1739.77458,0.03744
1737.84578,0.03775
1735.91698,0.04222
1733.98819,0.04688
1732.05939,0.04329
1730.13059,0.03663
1728.20180,0.03166
1726.27300,0.02935
1724.34420,0.02963
1722.41541,0.03155
1720.48661,0.03738
1718.55781,0.04700
1716.62902,0.05092
1714.70022,0.04532
1712.77142,0.03876
1710.84263,0.03643
1708.91383,0.03924
1706.98503,0.04568
1705.05624,0.05190
1703.12744,0.05856
1701.19864,0.06935
1699.26985,0.07850
1697.34105,0.08194
1695.41225,0.08329
1693.48346,0.08425
1691.55466,0.09014
1689.62586,0.10244
1687.69707,0.11810
1685.76827,0.13904
1683.83947,0.16066
1681.91068,0.16949
1679.98188,0.17438
1678.05308,0.18486
1676.12429,0.20080
1674.19549,0.21648
1672.26669,0.22925
1670.33790,0.24169
1668.40910,0.24905
1666.48030,0.25109
1664.55151,0.25573
1662.62271,0.26143
1660.69391,0.26255
1658.76512,0.26286
1656.83632,0.26884
1654.90752,0.28192
1652.97873,0.28957
1651.04993,0.28344
1649.12113,0.28294
1647.19234,0.28911
1645.26354,0.29065
1643.33474,0.29076
1641.40595,0.29808
1639.47715,0.31342
1637.54835,0.33582
1635.61956,0.35944
1633.69076,0.37283
1631.76197,0.38251
1629.83317,0.39744
1627.90437,0.41462
1625.97558,0.42881
1624.04678,0.43871
1622.11798,0.44198
1620.18919,0.44168
1618.26039,0.44292
1616.33159,0.44086
1614.40280,0.43351
1612.47400,0.42903
1610.54520,0.42995
1608.61641,0.43395
1606.68761,0.43945
1604.75881,0.44715
1602.83002,0.45673
1600.90122,0.46638
1598.97242,0.47523
1597.04363,0.48285
1595.11483,0.48747
1593.18603,0.48720
1591.25724,0.48221
1589.32844,0.47297
1587.39964,0.45987
1585.47085,0.44374
1583.54205,0.42527
1581.61325,0.40597
1579.68446,0.38923
1577.75566,0.37355
1575.82686,0.35030
1573.89807,0.32520
1571.96927,0.30798
1570.04047,0.29221
1568.11168,0.27281
1566.18288,0.25491
1564.25408,0.24191
1562.32529,0.23737
1560.39649,0.24093
1558.46769,0.23356
1556.53890,0.21134
1554.61010,0.19353
1552.68130,0.18167
1550.75251,0.17323
1548.82371,0.16618
1546.89491,0.16290
1544.96612,0.16550
1543.03732,0.17079
1541.10852,0.17240
1539.17973,0.16085
1537.25093,0.14614
1535.32213,0.14051
1533.39334,0.13791
1531.46454,0.13180
1529.53574,0.12794
1527.60695,0.12894
1525.67815,0.13065
1523.74935,0.13277
1521.82056,0.13421
1519.89176,0.13110
1517.96296,0.12638
1516.03417,0.12084
1514.10537,0.11509
1512.17657,0.11444
1510.24778,0.12172
1508.31898,0.13306
1506.39018,0.13199
1504.46139,0.11727
1502.53259,0.10947
1500.60379,0.11157
1498.67500,0.11822
1496.74620,0.12240
1494.81740,0.12297
1492.88861,0.12773
1490.95981,0.13977
1489.03101,0.15090
1487.10222,0.15469
1485.17342,0.15762
1483.24462,0.16520
1481.31583,0.17679
1479.38703,0.19051
1477.45823,0.20717
1475.52944,0.22673
1473.60064,0.24495
1471.67184,0.25482
1469.74305,0.25757
1467.81425,0.26264
1465.88545,0.27145
1463.95666,0.27680
1462.02786,0.27866
1460.09906,0.28426
1458.17027,0.29066
1456.24147,0.28212
1454.31267,0.26295
1452.38388,0.24710
1450.45508,0.23515
1448.52628,0.22344
1446.59749,0.20882
1444.66869,0.19360
1442.73989,0.18058
1440.81110,0.17097
1438.88230,0.16573
1436.95350,0.15980
1435.02471,0.14795
1433.09591,0.13669
1431.16711,0.12923
1429.23832,0.12197
1427.30952,0.11494
1425.38072,0.11053
1423.45193,0.10782
1421.52313,0.10720
1419.59433,0.10788
1417.66554,0.10311
1415.73674,0.09391
1413.80794,0.08727
1411.87915,0.08393
1409.95035,0.08169
1408.02155,0.08056
1406.09276,0.08065
1404.16396,0.07953
1402.23516,0.07809
1400.30637,0.07942
1398.37757,0.08181
1396.44877,0.08222
1394.51998,0.07935
1392.59118,0.07419
1390.66238,0.07154
1388.73359,0.07252
1386.80479,0.07219
1384.87599,0.06862
1382.94720,0.06569
1381.01840,0.06494
1379.08960,0.06517
1377.16081,0.06634
1375.23201,0.06787
1373.30321,0.06676
1371.37442,0.06352
1369.44562,0.06142
1367.51682,0.06073
1365.58803,0.06188
1363.65923,0.06465
1361.73043,0.06469
1359.80164,0.06123
1357.87284,0.05848
1355.94404,0.05765
1354.01525,0.05730
1352.08645,0.05693
1350.15765,0.05685
1348.22886,0.05679
1346.30006,0.05661
1344.37126,0.05711
1342.44247,0.05958
1340.51367,0.06310
1338.58487,0.06382
1336.65608,0.06101
1334.72728,0.05799
1332.79848,0.05645
1330.86969,0.05581
1328.94089,0.05536
1327.01209,0.05493
1325.08330,0.05456
1323.15450,0.05449
1321.22570,0.05501
1319.29691,0.05562
1317.36811,0.05544
1315.43931,0.05484
1313.51052,0.05435
1311.58172,0.05369
1309.65292,0.05306
1307.72413,0.05276
1305.79533,0.05258
1303.86653,0.05253
1301.93774,0.05270
1300.00894,0.05303
1298.08014,0.05342
1296.15135,0.05367
1294.22255,0.05370
1292.29375,0.05377
1290.36496,0.05406
1288.43616,0.05428
1286.50736,0.05409
1284.57857,0.05366
1282.64977,0.05340
1280.72097,0.05324
1278.79218,0.05295
1276.86338,0.05260
1274.93458,0.05248
1273.00579,0.05270
1271.07699,0.05286
1269.14820,0.05271
1267.21940,0.05250
1265.29060,0.05249
1263.36181,0.05270
1261.43301,0.05299
1259.50421,0.05310
1257.57542,0.05297
1255.64662,0.05295
1253.71782,0.05315
1251.78903,0.05351
1249.86023,0.05391
1247.93143,0.05431
1246.00264,0.05472
1244.07384,0.05513
1242.14504,0.05543
1240.21625,0.05558
1238.28745,0.05568
1236.35865,0.05576
1234.42986,0.05579
1232.50106,0.05585
1230.57226,0.05598
1228.64347,0.05611
1226.71467,0.05617
1224.78587,0.05617
1222.85708,0.05620
1220.92828,0.05639
1218.99948,0.05676
1217.07069,0.05721
1215.14189,0.05771
1213.21309,0.05828
1211.28430,0.05894
1209.35550,0.05968
1207.42670,0.06053
1205.49791,0.06154
1203.56911,0.06261
1201.64031,0.06372
1199.71152,0.06500
1197.78272,0.06647
1195.85392,0.06805
1193.92513,0.06968
1191.99633,0.07150
1190.06753,0.07361
1188.13874,0.07594
1186.20994,0.07831
1184.28114,0.08069
1182.35235,0.08334
1180.42355,0.08650
1178.49475,0.09016
1176.56596,0.09418
1174.63716,0.09843
1172.70836,0.10287
1170.77957,0.10755
1168.85077,0.11239
1166.92197,0.11719
1164.99318,0.12173
1163.06438,0.12578
1161.13558,0.12904
1159.20679,0.13117
1157.27799,0.13209
1155.34919,0.13173
1153.42040,0.13018
1151.49160,0.12765
1149.56280,0.12428
1147.63401,0.12019
1145.70521,0.11568
1143.77641,0.11097
1141.84762,0.10626
1139.91882,0.10167
1137.99002,0.09722
1136.06123,0.09300
1134.13243,0.08908
1132.20363,0.08552
1130.27484,0.08240
1128.34604,0.07969
1126.41724,0.07726
1124.48845,0.07509
1122.55965,0.07325
1120.63085,0.07176
1118.70206,0.07054
1116.77326,0.06947
1114.84446,0.06859
1112.91567,0.06793
1110.98687,0.06741
1109.05807,0.06702
1107.12928,0.06679
1105.20048,0.06667
1103.27168,0.06660
1101.34289,0.06660
1099.41409,0.06669
1097.48529,0.06681
1095.55650,0.06695
1093.62770,0.06711
1091.69890,0.06730
1089.77011,0.06753
1087.84131,0.06779
1085.91251,0.06794
1083.98372,0.06800
1082.05492,0.06811
1080.12612,0.06828
1078.19733,0.06849
1076.26853,0.06870
1074.33973,0.06895
1072.41094,0.06927
1070.48214,0.06961
1068.55334,0.06984
1066.62455,0.06998
1064.69575,0.07015
1062.76695,0.07027
1060.83816,0.07015
1058.90936,0.06989
1056.98056,0.06966
1055.05177,0.06941
1053.12297,0.06904
1051.19417,0.06857
1049.26538,0.06805
1047.33658,0.06752
1045.40778,0.06701
1043.47899,0.06644
1041.55019,0.06568
1039.62139,0.06478
1037.69260,0.06388
1035.76380,0.06301
1033.83500,0.06210
1031.90621,0.06120
1029.97741,0.06039
1028.04861,0.05956
1026.11982,0.05872
1024.19102,0.05806
1022.26222,0.05761
1020.33343,0.05722
1018.40463,0.05683
1016.47583,0.05659
1014.54704,0.05653
1012.61824,0.05653
1010.68944,0.05648
1008.76065,0.05630
1006.83185,0.05598
1004.90305,0.05554
1002.97426,0.05502
1001.04546,0.05453
999.11666,0.05414
997.18787,0.05380
995.25907,0.05341
993.33027,0.05295
991.40148,0.05249
989.47268,0.05205
987.54388,0.05148
985.61509,0.05078
983.68629,0.05013
981.75749,0.04951
979.82870,0.04881
977.89990,0.04802
975.97110,0.04725
974.04231,0.04663
972.11351,0.04612
970.18471,0.04570
968.25592,0.04544
966.32712,0.04538
964.39832,0.04540
962.46953,0.04537
960.54073,0.04524
958.61193,0.04499
956.68314,0.04469
954.75434,0.04442
952.82554,0.04435
950.89675,0.04438
948.96795,0.04425
947.03915,0.04390
945.11036,0.04350
943.18156,0.04304
941.25276,0.04245
939.32397,0.04179
937.39517,0.04111
935.46637,0.04037
933.53758,0.03957
931.60878,0.03876
929.67998,0.03803
927.75119,0.03747
925.82239,0.03700
923.89359,0.03637
921.96480,0.03557
920.03600,0.03487
918.10720,0.03445
916.17841,0.03418
914.24961,0.03396
912.32081,0.03381
910.39202,0.03372
908.46322,0.03359
906.53443,0.03332
904.60563,0.03305
902.67683,0.03295
900.74804,0.03291
898.81924,0.03274
896.89044,0.03235
894.96165,0.03186
893.03285,0.03133
891.10405,0.03067
889.17526,0.02989
887.24646,0.02902
885.31766,0.02804
883.38887,0.02706
881.46007,0.02621
879.53127,0.02546
877.60248,0.02476
875.67368,0.02416
873.74488,0.02367
871.81609,0.02328
869.88729,0.02295
867.95849,0.02261
866.02970,0.02241
864.10090,0.02243
862.17210,0.02250
860.24331,0.02242
858.31451,0.02230
856.38571,0.02226
854.45692,0.02236
852.52812,0.02254
850.59932,0.02255
848.67053,0.02234
846.74173,0.02211
844.81293,0.02191
842.88414,0.02158
840.95534,0.02115
839.02654,0.02078
837.09775,0.02040
835.16895,0.01990
833.24015,0.01939
831.31136,0.01895
829.38256,0.01855
827.45376,0.01814
825.52497,0.01785
823.59617,0.01788
821.66737,0.01816
819.73858,0.01844
817.80978,0.01873
815.88098,0.01918
813.95219,0.01974
812.02339,0.02025
810.09459,0.02076
808.16580,0.02141
806.23700,0.02216
804.30820,0.02303
802.37941,0.02401
800.45061,0.02498
798.52181,0.02597
796.59302,0.02701
794.66422,0.02787
792.73542,0.02854
790.80663,0.02926
788.87783,0.03000
786.94903,0.03047
785.02024,0.03053
783.09144,0.03009
781.16264,0.02910
779.23385,0.02785
777.30505,0.02656
775.37625,0.02524
773.44746,0.02421
771.51866,0.02370
769.58986,0.02359
767.66107,0.02355
765.73227,0.02342
763.80347,0.02325
761.87468,0.02315
759.94588,0.02329
758.01708,0.02380
756.08829,0.02445
754.15949,0.02484
752.23069,0.02496
750.30190,0.02517
748.37310,0.02535
