3496.90832,0.07364
3494.97953,0.06656
3493.05073,0.06199
3491.12193,0.06372
3489.19314,0.07225
3487.26434,0.07822
3485.33554,0.07213
3483.40675,0.06382
3481.47795,0.06151
3479.54915,0.05983
3477.62036,0.05742
3475.69156,0.05830
3473.76276,0.06418
3471.83397,0.06984
3469.90517,0.06984
3467.97637,0.06904
3466.04758,0.07359
3464.11878,0.07861
3462.18998,0.07588
3460.26119,0.06823
3458.33239,0.06193
3456.40359,0.05927
3454.47480,0.06070
3452.54600,0.06217
3450.61721,0.06252
3448.68841,0.06485
3446.75961,0.06674
3444.83082,0.06400
3442.90202,0.06036
3440.97322,0.06010
3439.04443,0.05637
3437.11563,0.04683
3435.18683,0.04160
3433.25804,0.04400
3431.32924,0.04832
3429.40044,0.05294
3427.47165,0.05842
3425.54285,0.06032
3423.61405,0.05697
3421.68526,0.05214
3419.75646,0.04877
3417.82766,0.04962
3415.89887,0.05022
3413.97007,0.04485
3412.04127,0.03949
3410.11248,0.03924
3408.18368,0.04295
3406.25488,0.04740
3404.32609,0.04654
3402.39729,0.04365
3400.46849,0.04673
3398.53970,0.05031
3396.61090,0.04523
3394.68210,0.03580
3392.75331,0.03242
3390.82451,0.03549
3388.89571,0.04063
3386.96692,0.04642
3385.03812,0.04928
3383.10932,0.05083
3381.18053,0.05713
3379.25173,0.06259
3377.32293,0.06045
3375.39414,0.05611
3373.46534,0.05549
3371.53654,0.05545
3369.60775,0.05149
3367.67895,0.05067
3365.75015,0.05828
3363.82136,0.06488
3361.89256,0.06483
3359.96376,0.06009
3358.03497,0.05428
3356.10617,0.05556
3354.17737,0.06418
3352.24858,0.07202
3350.31978,0.07713
3348.39098,0.07863
3346.46219,0.07462
3344.53339,0.07093
3342.60459,0.07096
3340.67580,0.06957
3338.74700,0.06254
3336.81820,0.05026
3334.88941,0.04129
3332.96061,0.04350
3331.03181,0.05212
3329.10302,0.05894
3327.17422,0.05928
3325.24542,0.05386
3323.31663,0.04768
3321.38783,0.04500
3319.45903,0.04779
3317.53024,0.05221
3315.60144,0.05053
3313.67264,0.04441
3311.74385,0.04228
3309.81505,0.04511
3307.88625,0.04995
3305.95746,0.05362
3304.02866,0.05070
3302.09986,0.04224
3300.17107,0.03814
3298.24227,0.03962
3296.31347,0.03698
3294.38468,0.03031
3292.45588,0.02752
3290.52708,0.02976
3288.59829,0.03186
3286.66949,0.02979
3284.74069,0.02867
3282.81190,0.03210
3280.88310,0.03639
3278.95430,0.04341
3277.02551,0.05073
3275.09671,0.04817
3273.16791,0.03865
3271.23912,0.03509
3269.31032,0.04045
3267.38152,0.04635
3265.45273,0.04445
3263.52393,0.03532
3261.59513,0.02589
3259.66634,0.01935
3257.73754,0.01608
3255.80874,0.02052
3253.87995,0.03187
3251.95115,0.03962
3250.02235,0.03983
3248.09356,0.03856
3246.16476,0.03764
3244.23596,0.03609
3242.30717,0.03354
3240.37837,0.03204
3238.44957,0.03796
3236.52078,0.04702
3234.59198,0.04947
3232.66318,0.04672
3230.73439,0.04423
3228.80559,0.04455
3226.87679,0.04405
3224.94800,0.03868
3223.01920,0.03554
3221.09040,0.04072
3219.16161,0.04685
3217.23281,0.04887
3215.30401,0.05081
3213.37522,0.05342
3211.44642,0.05538
3209.51762,0.05749
3207.58883,0.05682
3205.66003,0.05267
3203.73123,0.05009
3201.80244,0.04930
3199.87364,0.04757
3197.94484,0.04738
3196.01605,0.04914
3194.08725,0.04866
3192.15845,0.04571
3190.22966,0.04469
3188.30086,0.04701
3186.37206,0.04764
3184.44327,0.04509
3182.51447,0.04348
3180.58567,0.04321
3178.65688,0.04381
3176.72808,0.04616
3174.79928,0.04702
3172.87049,0.04380
3170.94169,0.03973
3169.01289,0.03729
3167.08410,0.03627
3165.15530,0.03784
3163.22650,0.04099
3161.29771,0.04200
3159.36891,0.03955
3157.44011,0.03721
3155.51132,0.03868
3153.58252,0.04150
3151.65372,0.04259
3149.72493,0.04142
3147.79613,0.03903
3145.86733,0.03888
3143.93854,0.04082
3142.00974,0.04154
3140.08094,0.04080
3138.15215,0.03929
3136.22335,0.03704
3134.29455,0.03484
3132.36576,0.03438
3130.43696,0.03637
3128.50816,0.03811
3126.57937,0.03800
3124.65057,0.03866
3122.72177,0.04053
3120.79298,0.04084
3118.86418,0.03919
3116.93538,0.03768
3115.00659,0.03739
3113.07779,0.03766
3111.14899,0.03802
3109.22020,0.03790
3107.29140,0.03744
3105.36260,0.03785
3103.43381,0.03801
3101.50501,0.03702
3099.57621,0.03650
3097.64742,0.03629
3095.71862,0.03581
3093.78982,0.03534
3091.86103,0.03371
3089.93223,0.03161
3088.00344,0.03172
3086.07464,0.03348
3084.14584,0.03472
3082.21705,0.03546
3080.28825,0.03617
3078.35945,0.03608
3076.43066,0.03501
3074.50186,0.03430
3072.57306,0.03476
3070.64427,0.03581
3068.71547,0.03652
3066.78667,0.03638
3064.85788,0.03592
3062.92908,0.03576
3061.00028,0.03579
3059.07149,0.03566
3057.14269,0.03536
3055.21389,0.03548
3053.28510,0.03622
3051.35630,0.03682
3049.42750,0.03682
3047.49871,0.03657
3045.56991,0.03646
3043.64111,0.03664
3041.71232,0.03724
3039.78352,0.03769
3037.85472,0.03748
3035.92593,0.03743
3033.99713,0.03807
3032.06833,0.03900
3030.13954,0.03987
3028.21074,0.04045
3026.28194,0.04030
3024.35315,0.03928
3022.42435,0.03834
3020.49555,0.03802
3018.56676,0.03817
3016.63796,0.03910
3014.70916,0.04048
3012.78037,0.04142
3010.85157,0.04160
3008.92277,0.04133
3006.99398,0.04128
3005.06518,0.04179
3003.13638,0.04216
3001.20759,0.04193
2999.27879,0.04132
2997.34999,0.04069
2995.42120,0.04083
2993.49240,0.04192
2991.56360,0.04271
2989.63481,0.04264
2987.70601,0.04210
2985.77721,0.04138
2983.84842,0.04131
2981.91962,0.04246
2979.99082,0.04369
2978.06203,0.04383
2976.13323,0.04342
2974.20443,0.04320
2972.27564,0.04321
2970.34684,0.04322
2968.41804,0.04318
2966.48925,0.04338
2964.56045,0.04389
2962.63165,0.04437
2960.70286,0.04487
2958.77406,0.04563
2956.84526,0.04644
2954.91647,0.04678
2952.98767,0.04672
2951.05887,0.04657
2949.13008,0.04641
2947.20128,0.04631
2945.27248,0.04633
2943.34369,0.04616
2941.41489,0.04594
2939.48609,0.04650
2937.55730,0.04772
2935.62850,0.04846
2933.69970,0.04875
2931.77091,0.04933
2929.84211,0.04996
2927.91331,0.05023
2925.98452,0.05038
2924.05572,0.05049
2922.12692,0.05054
2920.19813,0.05068
2918.26933,0.05086
2916.34053,0.05094
2914.41174,0.05064
2912.48294,0.04984
2910.55414,0.04893
2908.62535,0.04812
2906.69655,0.04738
2904.76775,0.04703
2902.83896,0.04706
2900.91016,0.04716
2898.98136,0.04740
2897.05257,0.04756
2895.12377,0.04731
2893.19497,0.04711
2891.26618,0.04738
2889.33738,0.04759
2887.40858,0.04718
2885.47979,0.04637
2883.55099,0.04599
2881.62219,0.04631
2879.69340,0.04675
2877.76460,0.04697
2875.83580,0.04698
2873.90701,0.04680
2871.97821,0.04673
2870.04941,0.04697
2868.12062,0.04735
2866.19182,0.04783
2864.26302,0.04840
2862.33423,0.04887
2860.40543,0.04931
2858.47663,0.04986
2856.54784,0.05026
2854.61904,0.05029
2852.69024,0.05005
2850.76145,0.04983
2848.83265,0.04979
2846.90385,0.04964
2844.97506,0.04932
2843.04626,0.04911
2841.11746,0.04899
2839.18867,0.04878
2837.25987,0.04855
2835.33107,0.04847
2833.40228,0.04854
2831.47348,0.04863
2829.54468,0.04872
2827.61589,0.04868
2825.68709,0.04863
2823.75829,0.04879
2821.82950,0.04898
2819.90070,0.04902
2817.97190,0.04895
2816.04311,0.04896
2814.11431,0.04905
2812.18551,0.04895
2810.25672,0.04860
2808.32792,0.04826
2806.39912,0.04810
2804.47033,0.04814
2802.54153,0.04836
2800.61273,0.04863
2798.68394,0.04851
2796.75514,0.04801
2794.82634,0.04756
2792.89755,0.04715
2790.96875,0.04685
2789.03995,0.04700
2787.11116,0.04730
2785.18236,0.04717
2783.25356,0.04685
2781.32477,0.04672
2779.39597,0.04653
2777.46717,0.04608
2775.53838,0.04572
2773.60958,0.04562
2771.68078,0.04559
2769.75199,0.04565
2767.82319,0.04586
2765.89439,0.04600
2763.96560,0.04587
2762.03680,0.04558
2760.10800,0.04544
2758.17921,0.04554
2756.25041,0.04561
2754.32161,0.04541
2752.39282,0.04506
2750.46402,0.04489
2748.53522,0.04499
2746.60643,0.04518
2744.67763,0.04525
2742.74883,0.04509
2740.82004,0.04489
2738.89124,0.04482
2736.96244,0.04491
2735.03365,0.04511
2733.10485,0.04523
2731.17605,0.04509
2729.24726,0.04485
2727.31846,0.04482
2725.38967,0.04493
2723.46087,0.04495
2721.53207,0.04506
2719.60328,0.04533
2717.67448,0.04540
2715.74568,0.04519
2713.81689,0.04499
2711.88809,0.04492
2709.95929,0.04487
2708.03050,0.04482
2706.10170,0.04471
2704.17290,0.04458
2702.24411,0.04453
2700.31531,0.04461
2698.38651,0.04472
2696.45772,0.04469
2694.52892,0.04458
2692.60012,0.04460
2690.67133,0.04464
2688.74253,0.04457
2686.81373,0.04446
2684.88494,0.04440
2682.95614,0.04448
2681.02734,0.04470
2679.09855,0.04493
2677.16975,0.04505
2675.24095,0.04505
2673.31216,0.04496
2671.38336,0.04476
2669.45456,0.04464
2667.52577,0.04468
2665.59697,0.04472
2663.66817,0.04471
2661.73938,0.04459
2659.81058,0.04437
2657.88178,0.04431
2655.95299,0.04437
2654.02419,0.04435
2652.09539,0.04437
2650.16660,0.04443
2648.23780,0.04438
2646.30900,0.04431
2644.38021,0.04429
2642.45141,0.04434
2640.52261,0.04442
2638.59382,0.04447
2636.66502,0.04451
2634.73622,0.04468
2632.80743,0.04505
2630.87863,0.04537
2628.94983,0.04541
2627.02104,0.04532
2625.09224,0.04539
2623.16344,0.04553
2621.23465,0.04559
2619.30585,0.04570
2617.37705,0.04578
2615.44826,0.04563
2613.51946,0.04549
2611.59066,0.04562
2609.66187,0.04593
2607.73307,0.04599
2605.80427,0.04572
2603.87548,0.04556
2601.94668,0.04555
2600.01788,0.04555
2598.08909,0.04572
2596.16029,0.04599
2594.23149,0.04603
2592.30270,0.04586
2590.37390,0.04593
2588.44510,0.04614
2586.51631,0.04597
2584.58751,0.04561
2582.65871,0.04535
2580.72992,0.04518
2578.80112,0.04529
2576.87232,0.04570
2574.94353,0.04600
2573.01473,0.04596
2571.08593,0.04582
2569.15714,0.04574
2567.22834,0.04559
2565.29954,0.04533
2563.37075,0.04518
2561.44195,0.04532
2559.51315,0.04562
2557.58436,0.04590
2555.65556,0.04595
2553.72676,0.04555
2551.79797,0.04506
2549.86917,0.04498
2547.94037,0.04510
2546.01158,0.04503
2544.08278,0.04485
2542.15398,0.04455
2540.22519,0.04427
2538.29639,0.04444
2536.36759,0.04481
2534.43880,0.04491
2532.51000,0.04491
2530.58120,0.04501
2528.65241,0.04500
2526.72361,0.04458
2524.79481,0.04393
2522.86602,0.04356
2520.93722,0.04371
2519.00842,0.04396
2517.07963,0.04398
2515.15083,0.04409
2513.22203,0.04437
2511.29324,0.04435
2509.36444,0.04396
2507.43564,0.04366
2505.50685,0.04372
2503.57805,0.04376
2501.64925,0.04354
2499.72046,0.04331
2497.79166,0.04309
2495.86286,0.04289
2493.93407,0.04311
2492.00527,0.04358
2490.07647,0.04371
2488.14768,0.04352
2486.21888,0.04349
2484.29008,0.04363
2482.36129,0.04368
2480.43249,0.04368
2478.50369,0.04376
2476.57490,0.04381
2474.64610,0.04375
2472.71730,0.04359
2470.78851,0.04343
2468.85971,0.04331
2466.93091,0.04325
2465.00212,0.04319
2463.07332,0.04298
2461.14452,0.04275
2459.21573,0.04268
2457.28693,0.04264
2455.35813,0.04238
2453.42934,0.04190
2451.50054,0.04165
2449.57174,0.04174
2447.64295,0.04180
2445.71415,0.04176
2443.78535,0.04179
2441.85656,0.04178
2439.92776,0.04184
2437.99896,0.04212
2436.07017,0.04227
2434.14137,0.04223
2432.21257,0.04216
2430.28378,0.04206
2428.35498,0.04201
2426.42618,0.04200
2424.49739,0.04201
2422.56859,0.04193
2420.63979,0.04155
2418.71100,0.04099
2416.78220,0.04052
2414.85340,0.04026
2412.92461,0.04011
2410.99581,0.03992
2409.06701,0.03994
2407.13822,0.04003
2405.20942,0.03970
2403.28062,0.03919
2401.35183,0.03877
2399.42303,0.03828
2397.49423,0.03794
2395.56544,0.03807
2393.63664,0.03847
2391.70784,0.03893
2389.77905,0.03962
2387.85025,0.04130
2385.92145,0.04513
2383.99266,0.05198
2382.06386,0.06170
2380.13506,0.07355
2378.20627,0.08654
2376.27747,0.09979
2374.34867,0.11323
2372.41988,0.12710
2370.49108,0.14075
2368.56228,0.15335
2366.63349,0.16469
2364.70469,0.17395
2362.77589,0.18013
2360.84710,0.18308
2358.91830,0.18165
2356.98951,0.17431
2355.06071,0.16125
2353.13191,0.14398
2351.20312,0.12696
2349.27432,0.11827
2347.34552,0.12252
2345.41673,0.13479
2343.48793,0.14321
2341.55913,0.14425
2339.63034,0.14226
2337.70154,0.13931
2335.77274,0.13684
2333.84395,0.13639
2331.91515,0.13674
2329.98635,0.13471
2328.05756,0.13031
2326.12876,0.12668
2324.19996,0.12469
2322.27117,0.12154
2320.34237,0.11495
2318.41357,0.10640
2316.48478,0.09897
2314.55598,0.09431
2312.62718,0.09116
2310.69839,0.08718
2308.76959,0.08178
2306.84079,0.07579
2304.91200,0.06999
2302.98320,0.06503
2301.05440,0.06116
2299.12561,0.05801
2297.19681,0.05529
2295.26801,0.05290
2293.33922,0.05068
2291.41042,0.04851
2289.48162,0.04649
2287.55283,0.04476
2285.62403,0.04345
2283.69523,0.04274
2281.76644,0.04282
2279.83764,0.04353
2277.90884,0.04440
2275.98005,0.04511
2274.05125,0.04552
2272.12245,0.04562
2270.19366,0.04572
2268.26486,0.04621
2266.33606,0.04671
2264.40727,0.04679
2262.47847,0.04689
2260.54967,0.04708
2258.62088,0.04720
2256.69208,0.04749
2254.76328,0.04745
2252.83449,0.04678
2250.90569,0.04621
2248.97689,0.04630
2247.04810,0.04679
2245.11930,0.04746
2243.19050,0.04808
2241.26171,0.04806
2239.33291,0.04773
2237.40411,0.04801
2235.47532,0.04872
2233.54652,0.04884
2231.61772,0.04828
2229.68893,0.04814
2227.76013,0.04849
2225.83133,0.04860
2223.90254,0.04898
2221.97374,0.04975
2220.04494,0.05023
2218.11615,0.05093
2216.18735,0.05192
2214.25855,0.05210
2212.32976,0.05156
2210.40096,0.05162
2208.47216,0.05225
2206.54337,0.05223
2204.61457,0.05176
2202.68577,0.05177
2200.75698,0.05258
2198.82818,0.05382
2196.89938,0.05390
2194.97059,0.05288
2193.04179,0.05330
2191.11299,0.05510
2189.18420,0.05632
2187.25540,0.05713
2185.32660,0.05783
2183.39781,0.05827
2181.46901,0.05919
2179.54021,0.06036
2177.61142,0.06044
2175.68262,0.05959
2173.75382,0.05946
2171.82503,0.06019
2169.89623,0.06048
2167.96743,0.06022
2166.03864,0.06070
2164.10984,0.06290
2162.18104,0.06687
2160.25225,0.07166
2158.32345,0.07398
2156.39465,0.07078
2154.46586,0.06507
2152.53706,0.06091
2150.60826,0.05783
2148.67947,0.05415
2146.75067,0.05049
2144.82187,0.04820
2142.89308,0.04688
2140.96428,0.04518
2139.03548,0.04347
2137.10669,0.04288
2135.17789,0.04271
2133.24909,0.04179
2131.32030,0.04036
2129.39150,0.03908
2127.46270,0.03824
2125.53391,0.03799
2123.60511,0.03762
2121.67631,0.03627
2119.74752,0.03475
2117.81872,0.03444
2115.88992,0.03500
2113.96113,0.03525
2112.03233,0.03506
2110.10353,0.03495
2108.17474,0.03489
2106.24594,0.03472
2104.31714,0.03490
2102.38835,0.03557
2100.45955,0.03596
2098.53075,0.03567
2096.60196,0.03523
2094.67316,0.03497
2092.74436,0.03459
2090.81557,0.03436
2088.88677,0.03473
2086.95797,0.03534
2085.02918,0.03577
2083.10038,0.03613
2081.17158,0.03622
2079.24279,0.03592
2077.31399,0.03571
2075.38519,0.03597
2073.45640,0.03652
2071.52760,0.03700
2069.59880,0.03738
2067.67001,0.03809
2065.74121,0.03876
2063.81241,0.03871
2061.88362,0.03817
2059.95482,0.03762
2058.02602,0.03742
2056.09723,0.03726
2054.16843,0.03710
2052.23963,0.03805
2050.31084,0.04055
2048.38204,0.04341
2046.45324,0.04528
2044.52445,0.04649
2042.59565,0.04749
2040.66685,0.04735
2038.73806,0.04652
2036.80926,0.04707
2034.88046,0.04865
2032.95167,0.04918
2031.02287,0.04866
2029.09407,0.04811
2027.16528,0.04792
2025.23648,0.04776
2023.30768,0.04677
2021.37889,0.04545
2019.45009,0.04584
2017.52129,0.04797
2015.59250,0.04857
2013.66370,0.04632
2011.73490,0.04367
2009.80611,0.04288
2007.87731,0.04248
2005.94851,0.04009
2004.01972,0.03783
2002.09092,0.03838
2000.16212,0.04014
1998.23333,0.04042
1996.30453,0.03937
1994.37574,0.03972
1992.44694,0.04211
1990.51814,0.04375
1988.58935,0.04344
1986.66055,0.04227
1984.73175,0.04093
1982.80296,0.04007
1980.87416,0.04046
1978.94536,0.04212
1977.01657,0.04304
1975.08777,0.04207
1973.15897,0.04062
1971.23018,0.03933
1969.30138,0.03891
1967.37258,0.03977
1965.44379,0.04001
1963.51499,0.03838
1961.58619,0.03658
1959.65740,0.03610
1957.72860,0.03600
1955.79980,0.03487
1953.87101,0.03342
1951.94221,0.03294
1950.01341,0.03275
1948.08462,0.03249
1946.15582,0.03335
1944.22702,0.03533
1942.29823,0.03594
1940.36943,0.03386
1938.44063,0.03118
1936.51184,0.02990
1934.58304,0.03016
1932.65424,0.03057
1930.72545,0.03028
1928.79665,0.02986
1926.86785,0.03025
1924.93906,0.03171
1923.01026,0.03269
1921.08146,0.03274
1919.15267,0.03299
1917.22387,0.03217
1915.29507,0.03002
1913.36628,0.02919
1911.43748,0.03018
1909.50868,0.03086
1907.57989,0.03009
1905.65109,0.02885
1903.72229,0.02809
1901.79350,0.02771
1899.86470,0.02765
1897.93590,0.02826
1896.00711,0.02911
1894.07831,0.02945
1892.14951,0.03022
1890.22072,0.03151
1888.29192,0.03116
1886.36312,0.02956
1884.43433,0.02864
1882.50553,0.02846
1880.57673,0.02851
1878.64794,0.02850
1876.71914,0.02840
1874.79034,0.02840
1872.86155,0.02975
1870.93275,0.03356
1869.00395,0.03665
1867.07516,0.03467
1865.14636,0.03034
1863.21756,0.02788
1861.28877,0.02725
1859.35997,0.02702
1857.43117,0.02659
1855.50238,0.02617
1853.57358,0.02616
1851.64478,0.02675
1849.71599,0.02837
1847.78719,0.03138
1845.85839,0.03515
1843.92960,0.03593
1842.00080,0.03235
1840.07200,0.02942
1838.14321,0.02901
1836.21441,0.02907
1834.28561,0.02951
1832.35682,0.03232
1830.42802,0.03566
1828.49922,0.03586
1826.57043,0.03467
1824.64163,0.03314
1822.71283,0.03024
1820.78404,0.02798
1818.85524,0.02752
1816.92644,0.02746
1814.99765,0.02763
1813.06885,0.02900
1811.14005,0.03033
1809.21126,0.02969
1807.28246,0.02811
1805.35366,0.02809
1803.42487,0.03059
1801.49607,0.03334
1799.56727,0.03345
1797.63848,0.03228
1795.70968,0.03342
1793.78088,0.03717
1791.85209,0.03834
1789.92329,0.03416
1787.99449,0.03058
1786.06570,0.03052
1784.13690,0.03153
1782.20810,0.03233
1780.27931,0.03250
1778.35051,0.03193
1776.42171,0.03316
1774.49292,0.03772
1772.56412,0.04184
1770.63532,0.04068
1768.70653,0.03631
1766.77773,0.03201
1764.84893,0.03050
1762.92014,0.03221
1760.99134,0.03307
1759.06254,0.03240
1757.13375,0.03193
1755.20495,0.03153
1753.27615,0.03401
1751.34736,0.03992
1749.41856,0.04284
1747.48976,0.04049
1745.56097,0.03772
1743.63217,0.03693
1741.70337,0.03739
1739.77458,0.03726
1737.84578,0.03757
1735.91698,0.04202
1733.98819,0.04669
1732.05939,0.04321
1730.13059,0.03666
1728.20180,0.03169
1726.27300,0.02934
1724.34420,0.02965
1722.41541,0.03158
1720.48661,0.03732
1718.55781,0.04683
1716.62902,0.05078
1714.70022,0.04524
1712.77142,0.03868
1710.84263,0.03632
1708.91383,0.03910
1706.98503,0.04550
1705.05624,0.05174
1703.12744,0.05844
1701.19864,0.06919
1699.26985,0.07827
1697.34105,0.08174
1695.41225,0.08315
1693.48346,0.08411
1691.55466,0.08995
1689.62586,0.10221
1687.69707,0.11788
1685.76827,0.13883
1683.83947,0.16042
1681.91068,0.16924
1679.98188,0.17420
1678.05308,0.18474
1676.12429,0.20067
1674.19549,0.21641
1672.26669,0.22929
1670.33790,0.24174
1668.40910,0.24898
1666.48030,0.25094
1664.55151,0.25563
1662.62271,0.26145
1660.69391,0.26254
1658.76512,0.26267
1656.83632,0.26857
1654.90752,0.28183
1652.97873,0.28978
1651.04993,0.28368
1649.12113,0.28304
1647.19234,0.28908
1645.26354,0.29058
1643.33474,0.29059
1641.40595,0.29771
1639.47715,0.31300
1637.54835,0.33561
1635.61956,0.35939
1633.69076,0.37263
1631.76197,0.38212
1629.83317,0.39697
1627.90437,0.41416
1625.97558,0.42827
1624.04678,0.43807
1622.11798,0.44143
1620.18919,0.44136
1618.26039,0.44282
1616.33159,0.44090
1614.40280,0.43363
1612.47400,0.42908
1610.54520,0.42982
1608.61641,0.43367
1606.68761,0.43905
1604.75881,0.44653
1602.83002,0.45595
1600.90122,0.46568
1598.97242,0.47473
1597.04363,0.48236
1595.11483,0.48689
1593.18603,0.48664
1591.25724,0.48179
1589.32844,0.47261
1587.39964,0.45946
1585.47085,0.44327
1583.54205,0.42480
1581.61325,0.40554
1579.68446,0.38886
1577.75566,0.37334
1575.82686,0.35027
1573.89807,0.32520
1571.96927,0.30792
1570.04047,0.29203
1568.11168,0.27250
1566.18288,0.25461
1564.25408,0.24171
1562.32529,0.23723
1560.39649,0.24076
1558.46769,0.23334
1556.53890,0.21110
1554.61010,0.19326
1552.68130,0.18140
1550.75251,0.17303
1548.82371,0.16605
1546.89491,0.16278
1544.96612,0.16533
1543.03732,0.17057
1541.10852,0.17222
1539.17973,0.16075
1537.25093,0.14605
1535.32213,0.14038
1533.39334,0.13777
1531.46454,0.13169
1529.53574,0.12787
1527.60695,0.12888
1525.67815,0.13062
1523.74935,0.13273
1521.82056,0.13414
1519.89176,0.13105
1517.96296,0.12638
1516.03417,0.12085
1514.10537,0.11506
1512.17657,0.11437
1510.24778,0.12162
1508.31898,0.13290
1506.39018,0.13178
1504.46139,0.11707
1502.53259,0.10929
1500.60379,0.11140
1498.67500,0.11802
1496.74620,0.12218
1494.81740,0.12280
1492.88861,0.12760
1490.95981,0.13969
1489.03101,0.15087
1487.10222,0.15468
1485.17342,0.15763
1483.24462,0.16522
1481.31583,0.17681
1479.38703,0.19053
1477.45823,0.20718
1475.52944,0.22672
1473.60064,0.24493
1471.67184,0.25478
1469.74305,0.25751
1467.81425,0.26262
1465.88545,0.27144
1463.95666,0.27669
1462.02786,0.27846
1460.09906,0.28399
1458.17027,0.29031
1456.24147,0.28174
1454.31267,0.26259
1452.38388,0.24673
1450.45508,0.23476
1448.52628,0.22307
1446.59749,0.20850
1444.66869,0.19330
1442.73989,0.18031
1440.81110,0.17074
1438.88230,0.16552
1436.95350,0.15958
1435.02471,0.14776
1433.09591,0.13656
1431.16711,0.12915
1429.23832,0.12190
1427.30952,0.11488
1425.38072,0.11047
1423.45193,0.10777
1421.52313,0.10713
1419.59433,0.10782
1417.66554,0.10305
1415.73674,0.09385
1413.80794,0.08721
1411.87915,0.08385
1409.95035,0.08161
1408.02155,0.08048
1406.09276,0.08054
1404.16396,0.07939
1402.23516,0.07791
1400.30637,0.07922
1398.37757,0.08161
1396.44877,0.08203
1394.51998,0.07918
1392.59118,0.07405
1390.66238,0.07142
1388.73359,0.07243
1386.80479,0.07213
1384.87599,0.06858
1382.94720,0.06565
1381.01840,0.06490
1379.08960,0.06516
1377.16081,0.06638
1375.23201,0.06791
1373.30321,0.06678
1371.37442,0.06352
1369.44562,0.06140
1367.51682,0.06069
1365.58803,0.06183
1363.65923,0.06457
1361.73043,0.06458
1359.80164,0.06108
1357.87284,0.05832
1355.94404,0.05749
1354.01525,0.05714
1352.08645,0.05678
1350.15765,0.05669
1348.22886,0.05664
1346.30006,0.05649
1344.37126,0.05703
1342.44247,0.05953
1340.51367,0.06305
1338.58487,0.06378
1336.65608,0.06101
1334.72728,0.05803
1332.79848,0.05651
1330.86969,0.05588
1328.94089,0.05543
1327.01209,0.05498
1325.08330,0.05460
1323.15450,0.05452
1321.22570,0.05503
1319.29691,0.05561
1317.36811,0.05542
1315.43931,0.05481
1313.51052,0.05429
1311.58172,0.05360
1309.65292,0.05294
1307.72413,0.05261
1305.79533,0.05241
1303.86653,0.05236
1301.93774,0.05254
1300.00894,0.05286
1298.08014,0.05326
1296.15135,0.05353
1294.22255,0.05360
1292.29375,0.05371
1290.36496,0.05405
1288.43616,0.05431
1286.50736,0.05412
1284.57857,0.05370
1282.64977,0.05347
1280.72097,0.05332
1278.79218,0.05302
1276.86338,0.05265
1274.93458,0.05253
1273.00579,0.05274
1271.07699,0.05288
1269.14820,0.05270
1267.21940,0.05247
1265.29060,0.05245
1263.36181,0.05262
1261.43301,0.05287
1259.50421,0.05295
1257.57542,0.05283
1255.64662,0.05280
1253.71782,0.05298
1251.78903,0.05332
1249.86023,0.05374
1247.93143,0.05417
1246.00264,0.05460
1244.07384,0.05504
1242.14504,0.05537
1240.21625,0.05556
1238.28745,0.05568
1236.35865,0.05577
1234.42986,0.05582
1232.50106,0.05588
1230.57226,0.05599
1228.64347,0.05612
1226.71467,0.05620
1224.78587,0.05620
1222.85708,0.05622
1220.92828,0.05641
1218.99948,0.05677
1217.07069,0.05718
1215.14189,0.05763
1213.21309,0.05816
1211.28430,0.05880
1209.35550,0.05953
1207.42670,0.06037
1205.49791,0.06136
1203.56911,0.06244
1201.64031,0.06357
1199.71152,0.06486
1197.78272,0.06634
1195.85392,0.06793
1193.92513,0.06960
1191.99633,0.07146
1190.06753,0.07359
1188.13874,0.07592
1186.20994,0.07830
1184.28114,0.08072
1182.35235,0.08339
1180.42355,0.08656
1178.49475,0.09022
1176.56596,0.09424
1174.63716,0.09848
1172.70836,0.10286
1170.77957,0.10745
1168.85077,0.11225
1166.92197,0.11705
1164.99318,0.12157
1163.06438,0.12558
1161.13558,0.12881
1159.20679,0.13094
1157.27799,0.13186
1155.34919,0.13150
1153.42040,0.12996
1151.49160,0.12744
1149.56280,0.12409
1147.63401,0.12005
1145.70521,0.11557
1143.77641,0.11087
1141.84762,0.10617
1139.91882,0.10163
1137.99002,0.09725
1136.06123,0.09307
1134.13243,0.08915
1132.20363,0.08555
1130.27484,0.08242
1128.34604,0.07971
1126.41724,0.07726
1124.48845,0.07507
1122.55965,0.07321
1120.63085,0.07167
1118.70206,0.07040
1116.77326,0.06931
1114.84446,0.06841
1112.91567,0.06773
1110.98687,0.06722
1109.05807,0.06683
1107.12928,0.06660
1105.20048,0.06650
1103.27168,0.06647
1101.34289,0.06646
1099.41409,0.06655
1097.48529,0.06670
1095.55650,0.06686
1093.62770,0.06705
1091.69890,0.06729
1089.77011,0.06756
1087.84131,0.06782
1085.91251,0.06797
1083.98372,0.06805
1082.05492,0.06815
1080.12612,0.06830
1078.19733,0.06848
1076.26853,0.06867
1074.33973,0.06891
1072.41094,0.06921
1070.48214,0.06953
1068.55334,0.06976
1066.62455,0.06992
1064.69575,0.07007
1062.76695,0.07014
1060.83816,0.06998
1058.90936,0.06970
1056.98056,0.06947
1055.05177,0.06923
1053.12297,0.06887
1051.19417,0.06842
1049.26538,0.06793
1047.33658,0.06745
1045.40778,0.06696
1043.47899,0.06637
1041.55019,0.06561
1039.62139,0.06474
1037.69260,0.06390
1035.76380,0.06307
1033.83500,0.06216
1031.90621,0.06127
1029.97741,0.06042
1028.04861,0.05956
1026.11982,0.05870
1024.19102,0.05803
1022.26222,0.05757
1020.33343,0.05713
1018.40463,0.05668
1016.47583,0.05641
1014.54704,0.05634
1012.61824,0.05638
1010.68944,0.05635
1008.76065,0.05615
1006.83185,0.05582
1004.90305,0.05537
1002.97426,0.05486
1001.04546,0.05441
999.11666,0.05407
997.18787,0.05376
995.25907,0.05340
993.33027,0.05297
991.40148,0.05253
989.47268,0.05210
987.54388,0.05153
985.61509,0.05082
983.68629,0.05016
981.75749,0.04952
979.82870,0.04879
977.89990,0.04799
975.97110,0.04721
974.04231,0.04655
972.11351,0.04600
970.18471,0.04556
968.25592,0.04530
966.32712,0.04523
964.39832,0.04522
962.46953,0.04517
960.54073,0.04504
958.61193,0.04482
956.68314,0.04455
954.75434,0.04433
952.82554,0.04431
950.89675,0.04437
948.96795,0.04423
947.03915,0.04388
945.11036,0.04349
943.18156,0.04306
941.25276,0.04250
939.32397,0.04186
937.39517,0.04120
935.46637,0.04047
933.53758,0.03966
931.60878,0.03883
929.67998,0.03807
927.75119,0.03748
925.82239,0.03697
923.89359,0.03630
921.96480,0.03549
920.03600,0.03477
918.10720,0.03431
916.17841,0.03401
914.24961,0.03375
912.32081,0.03358
910.39202,0.03354
908.46322,0.03347
906.53443,0.03323
904.60563,0.03300
902.67683,0.03292
900.74804,0.03291
898.81924,0.03277
896.89044,0.03243
894.96165,0.03198
893.03285,0.03143
891.10405,0.03075
889.17526,0.02999
887.24646,0.02916
885.31766,0.02821
883.38887,0.02722
881.46007,0.02633
879.53127,0.02554
877.60248,0.02483
875.67368,0.02423
873.74488,0.02370
871.81609,0.02324
869.88729,0.02288
867.95849,0.02254
866.02970,0.02233
864.10090,0.02235
862.17210,0.02245
860.24331,0.02245
858.31451,0.02239
856.38571,0.02236
854.45692,0.02246
852.52812,0.02261
850.59932,0.02260
848.67053,0.02241
846.74173,0.02222
844.81293,0.02207
842.88414,0.02176
840.95534,0.02126
839.02654,0.02082
837.09775,0.02047
835.16895,0.02008
833.24015,0.01965
831.31136,0.01923
829.38256,0.01875
827.45376,0.01823
825.52497,0.01784
823.59617,0.01777
821.66737,0.01801
819.73858,0.01833
817.80978,0.01862
815.88098,0.01898
813.95219,0.01950
812.02339,0.02009
810.09459,0.02078
808.16580,0.02159
806.23700,0.02239
804.30820,0.02324
802.37941,0.02423
800.45061,0.02522
798.52181,0.02623
796.59302,0.02735
794.66422,0.02832
792.73542,0.02899
790.80663,0.02963
788.87783,0.03033
786.94903,0.03088
785.02024,0.03096
783.09144,0.03045
781.16264,0.02945
779.23385,0.02814
777.30505,0.02669
775.37625,0.02533
773.44746,0.02434
771.51866,0.02374
769.58986,0.02335
767.66107,0.02312
765.73227,0.02315
763.80347,0.02327
761.87468,0.02331
759.94588,0.02346
758.01708,0.02396
756.08829,0.02454
754.15949,0.02493
752.23069,0.02535
750.30190,0.02572
748.37310,0.02570
