3496.90832,0.07385
3494.97953,0.06925
3493.05073,0.06521
3491.12193,0.06705
3489.19314,0.07115
3487.26434,0.07204
3485.33554,0.06998
3483.40675,0.06935
3481.47795,0.07054
3479.54915,0.07089
3477.62036,0.07194
3475.69156,0.07513
3473.76276,0.07773
3471.83397,0.07679
3469.90517,0.07450
3467.97637,0.07436
3466.04758,0.07531
3464.11878,0.07646
3462.18998,0.07704
3460.26119,0.07384
3458.33239,0.06876
3456.40359,0.06600
3454.47480,0.06476
3452.54600,0.06295
3450.61721,0.06088
3448.68841,0.05989
3446.75961,0.06119
3444.83082,0.06299
3442.90202,0.06059
3440.97322,0.05535
3439.04443,0.05347
3437.11563,0.05318
3435.18683,0.04919
3433.25804,0.04413
3431.32924,0.04158
3429.40044,0.04348
3427.47165,0.05053
3425.54285,0.05649
3423.61405,0.05756
3421.68526,0.05691
3419.75646,0.05682
3417.82766,0.05767
3415.89887,0.05316
3413.97007,0.03965
3412.04127,0.02642
3410.11248,0.02161
3408.18368,0.02435
3406.25488,0.02946
3404.32609,0.03378
3402.39729,0.03941
3400.46849,0.04711
3398.53970,0.05169
3396.61090,0.04733
3394.68210,0.03933
3392.75331,0.03853
3390.82451,0.04314
3388.89571,0.04587
3386.96692,0.04644
3385.03812,0.04528
3383.10932,0.04390
3381.18053,0.04737
3379.25173,0.05297
3377.32293,0.05395
3375.39414,0.05499
3373.46534,0.06095
3371.53654,0.06351
3369.60775,0.06021
3367.67895,0.06376
3365.75015,0.07622
3363.82136,0.08231
3361.89256,0.07471
3359.96376,0.06077
3358.03497,0.05066
3356.10617,0.05170
3354.17737,0.05966
3352.24858,0.06641
3350.31978,0.07153
3348.39098,0.07236
3346.46219,0.06614
3344.53339,0.06158
3342.60459,0.06394
3340.67580,0.06528
3338.74700,0.05891
3336.81820,0.04990
3334.88941,0.04737
3332.96061,0.05077
3331.03181,0.05219
3329.10302,0.05152
3327.17422,0.05412
3325.24542,0.05592
3323.31663,0.05161
3321.38783,0.04755
3319.45903,0.04887
3317.53024,0.05273
3315.60144,0.05298
3313.67264,0.04484
3311.74385,0.03356
3309.81505,0.02982
3307.88625,0.03538
3305.95746,0.04149
3304.02866,0.04107
3302.09986,0.03653
3300.17107,0.03353
3298.24227,0.03147
3296.31347,0.02892
3294.38468,0.02848
3292.45588,0.02799
3290.52708,0.02496
3288.59829,0.02563
3286.66949,0.03132
3284.74069,0.03590
3282.81190,0.03829
3280.88310,0.03845
3278.95430,0.03773
3277.02551,0.04147
3275.09671,0.04597
3273.16791,0.04605
3271.23912,0.04362
3269.31032,0.03888
3267.38152,0.03436
3265.45273,0.03363
3263.52393,0.03467
3261.59513,0.03616
3259.66634,0.03809
3257.73754,0.03909
3255.80874,0.03904
3253.87995,0.03882
3251.95115,0.03712
3250.02235,0.03211
3248.09356,0.02521
3246.16476,0.02286
3244.23596,0.02883
3242.30717,0.03372
3240.37837,0.03135
3238.44957,0.03380
3236.52078,0.04452
3234.59198,0.05076
3232.66318,0.04908
3230.73439,0.04615
3228.80559,0.04281
3226.87679,0.03843
3224.94800,0.03750
3223.01920,0.04264
3221.09040,0.05124
3219.16161,0.05726
3217.23281,0.05658
3215.30401,0.05278
3213.37522,0.05175
3211.44642,0.05434
3209.51762,0.05664
3207.58883,0.05783
3205.66003,0.06035
3203.73123,0.06032
3201.80244,0.05488
3199.87364,0.04868
3197.94484,0.04483
3196.01605,0.04227
3194.08725,0.03953
3192.15845,0.03869
3190.22966,0.04301
3188.30086,0.04847
3186.37206,0.04814
3184.44327,0.04504
3182.51447,0.04567
3180.58567,0.04822
3178.65688,0.04875
3176.72808,0.04712
3174.79928,0.04348
3172.87049,0.03963
3170.94169,0.03810
3169.01289,0.03688
3167.08410,0.03506
3165.15530,0.03690
3163.22650,0.04056
3161.29771,0.03962
3159.36891,0.03517
3157.44011,0.03250
3155.51132,0.03336
3153.58252,0.03566
3151.65372,0.03595
3149.72493,0.03347
3147.79613,0.03265
3145.86733,0.03632
3143.93854,0.03960
3142.00974,0.03880
3140.08094,0.03685
3138.15215,0.03637
3136.22335,0.03638
3134.29455,0.03594
3132.36576,0.03615
3130.43696,0.03671
3128.50816,0.03541
3126.57937,0.03333
3124.65057,0.03436
3122.72177,0.03818
3120.79298,0.04008
3118.86418,0.03853
3116.93538,0.03674
3115.00659,0.03676
3113.07779,0.03722
3111.14899,0.03647
3109.22020,0.03498
3107.29140,0.03467
3105.36260,0.03555
3103.43381,0.03555
3101.50501,0.03481
3099.57621,0.03473
3097.64742,0.03434
3095.71862,0.03306
3093.78982,0.03215
3091.86103,0.03196
3089.93223,0.03256
3088.00344,0.03387
3086.07464,0.03466
3084.14584,0.03454
3082.21705,0.03427
3080.28825,0.03445
3078.35945,0.03485
3076.43066,0.03477
3074.50186,0.03476
3072.57306,0.03543
3070.64427,0.03585
3068.71547,0.03551
3066.78667,0.03495
3064.85788,0.03444
3062.92908,0.03420
3061.00028,0.03429
3059.07149,0.03410
3057.14269,0.03405
3055.21389,0.03503
3053.28510,0.03599
3051.35630,0.03564
3049.42750,0.03463
3047.49871,0.03421
3045.56991,0.03504
3043.64111,0.03631
3041.71232,0.03689
3039.78352,0.03691
3037.85472,0.03699
3035.92593,0.03753
3033.99713,0.03833
3032.06833,0.03877
3030.13954,0.03883
3028.21074,0.03910
3026.28194,0.03934
3024.35315,0.03872
3022.42435,0.03808
3020.49555,0.03859
3018.56676,0.03935
3016.63796,0.03960
3014.70916,0.03972
3012.78037,0.04002
3010.85157,0.04039
3008.92277,0.04035
3006.99398,0.03985
3005.06518,0.03955
3003.13638,0.03964
3001.20759,0.03961
2999.27879,0.03927
2997.34999,0.03904
2995.42120,0.03951
2993.49240,0.04041
2991.56360,0.04101
2989.63481,0.04138
2987.70601,0.04154
2985.77721,0.04114
2983.84842,0.04068
2981.91962,0.04116
2979.99082,0.04226
2978.06203,0.04276
2976.13323,0.04268
2974.20443,0.04262
2972.27564,0.04257
2970.34684,0.04254
2968.41804,0.04259
2966.48925,0.04269
2964.56045,0.04287
2962.63165,0.04340
2960.70286,0.04404
2958.77406,0.04435
2956.84526,0.04478
2954.91647,0.04547
2952.98767,0.04587
2951.05887,0.04591
2949.13008,0.04578
2947.20128,0.04561
2945.27248,0.04562
2943.34369,0.04571
2941.41489,0.04583
2939.48609,0.04622
2937.55730,0.04680
2935.62850,0.04728
2933.69970,0.04767
2931.77091,0.04830
2929.84211,0.04920
2927.91331,0.04993
2925.98452,0.05040
2924.05572,0.05064
2922.12692,0.05053
2920.19813,0.05014
2918.26933,0.04967
2916.34053,0.04941
2914.41174,0.04931
2912.48294,0.04887
2910.55414,0.04811
2908.62535,0.04748
2906.69655,0.04694
2904.76775,0.04633
2902.83896,0.04587
2900.91016,0.04578
2898.98136,0.04615
2897.05257,0.04653
2895.12377,0.04619
2893.19497,0.04559
2891.26618,0.04560
2889.33738,0.04589
2887.40858,0.04573
2885.47979,0.04530
2883.55099,0.04540
2881.62219,0.04612
2879.69340,0.04660
2877.76460,0.04652
2875.83580,0.04633
2873.90701,0.04636
2871.97821,0.04668
2870.04941,0.04707
2868.12062,0.04729
2866.19182,0.04753
2864.26302,0.04786
2862.33423,0.04806
2860.40543,0.04817
2858.47663,0.04853
2856.54784,0.04896
2854.61904,0.04907
2852.69024,0.04896
2850.76145,0.04874
2848.83265,0.04860
2846.90385,0.04866
2844.97506,0.04870
2843.04626,0.04859
2841.11746,0.04842
2839.18867,0.04824
2837.25987,0.04804
2835.33107,0.04806
2833.40228,0.04847
2831.47348,0.04880
2829.54468,0.04867
2827.61589,0.04821
2825.68709,0.04786
2823.75829,0.04789
2821.82950,0.04809
2819.90070,0.04817
2817.97190,0.04802
2816.04311,0.04776
2814.11431,0.04765
2812.18551,0.04770
2810.25672,0.04758
2808.32792,0.04717
2806.39912,0.04689
2804.47033,0.04695
2802.54153,0.04703
2800.61273,0.04719
2798.68394,0.04751
2796.75514,0.04756
2794.82634,0.04720
2792.89755,0.04665
2790.96875,0.04616
2789.03995,0.04613
2787.11116,0.04641
2785.18236,0.04652
2783.25356,0.04658
2781.32477,0.04667
2779.39597,0.04657
2777.46717,0.04627
2775.53838,0.04577
2773.60958,0.04523
2771.68078,0.04498
2769.75199,0.04514
2767.82319,0.04549
2765.89439,0.04562
2763.96560,0.04529
2762.03680,0.04477
2760.10800,0.04447
2758.17921,0.04434
2756.25041,0.04425
2754.32161,0.04421
2752.39282,0.04410
2750.46402,0.04388
2748.53522,0.04388
2746.60643,0.04420
2744.67763,0.04440
2742.74883,0.04427
2740.82004,0.04413
2738.89124,0.04411
2736.96244,0.04427
2735.03365,0.04465
2733.10485,0.04492
2731.17605,0.04483
2729.24726,0.04460
2727.31846,0.04451
2725.38967,0.04460
2723.46087,0.04477
2721.53207,0.04491
2719.60328,0.04497
2717.67448,0.04486
2715.74568,0.04468
2713.81689,0.04457
2711.88809,0.04442
2709.95929,0.04413
2708.03050,0.04386
2706.10170,0.04381
2704.17290,0.04392
2702.24411,0.04390
2700.31531,0.04375
2698.38651,0.04381
2696.45772,0.04397
2694.52892,0.04399
2692.60012,0.04398
2690.67133,0.04407
2688.74253,0.04417
2686.81373,0.04412
2684.88494,0.04409
2682.95614,0.04426
2681.02734,0.04449
2679.09855,0.04470
2677.16975,0.04483
2675.24095,0.04468
2673.31216,0.04433
2671.38336,0.04400
2669.45456,0.04385
2667.52577,0.04395
2665.59697,0.04411
2663.66817,0.04405
2661.73938,0.04382
2659.81058,0.04362
2657.88178,0.04355
2655.95299,0.04343
2654.02419,0.04330
2652.09539,0.04337
2650.16660,0.04347
2648.23780,0.04351
2646.30900,0.04367
2644.38021,0.04392
2642.45141,0.04409
2640.52261,0.04414
2638.59382,0.04417
2636.66502,0.04437
2634.73622,0.04477
2632.80743,0.04511
2630.87863,0.04519
2628.94983,0.04507
2627.02104,0.04492
2625.09224,0.04481
2623.16344,0.04472
2621.23465,0.04477
2619.30585,0.04505
2617.37705,0.04520
2615.44826,0.04495
2613.51946,0.04465
2611.59066,0.04456
2609.66187,0.04449
2607.73307,0.04429
2605.80427,0.04420
2603.87548,0.04438
2601.94668,0.04462
2600.01788,0.04464
2598.08909,0.04465
2596.16029,0.04491
2594.23149,0.04513
2592.30270,0.04529
2590.37390,0.04587
2588.44510,0.04621
2586.51631,0.04548
2584.58751,0.04468
2582.65871,0.04487
2580.72992,0.04541
2578.80112,0.04556
2576.87232,0.04553
2574.94353,0.04573
2573.01473,0.04590
2571.08593,0.04570
2569.15714,0.04531
2567.22834,0.04505
2565.29954,0.04473
2563.37075,0.04412
2561.44195,0.04351
2559.51315,0.04323
2557.58436,0.04328
2555.65556,0.04356
2553.72676,0.04368
2551.79797,0.04368
2549.86917,0.04406
2547.94037,0.04471
2546.01158,0.04502
2544.08278,0.04498
2542.15398,0.04497
2540.22519,0.04492
2538.29639,0.04476
2536.36759,0.04464
2534.43880,0.04470
2532.51000,0.04493
2530.58120,0.04483
2528.65241,0.04435
2526.72361,0.04406
2524.79481,0.04401
2522.86602,0.04400
2520.93722,0.04396
2519.00842,0.04388
2517.07963,0.04380
2515.15083,0.04383
2513.22203,0.04386
2511.29324,0.04369
2509.36444,0.04342
2507.43564,0.04332
2505.50685,0.04327
2503.57805,0.04306
2501.64925,0.04278
2499.72046,0.04286
2497.79166,0.04311
2495.86286,0.04317
2493.93407,0.04316
2492.00527,0.04298
2490.07647,0.04275
2488.14768,0.04298
2486.21888,0.04350
2484.29008,0.04374
2482.36129,0.04355
2480.43249,0.04332
2478.50369,0.04331
2476.57490,0.04336
2474.64610,0.04328
2472.71730,0.04301
2470.78851,0.04265
2468.85971,0.04249
2466.93091,0.04257
2465.00212,0.04263
2463.07332,0.04253
2461.14452,0.04229
2459.21573,0.04208
2457.28693,0.04201
2455.35813,0.04189
2453.42934,0.04184
2451.50054,0.04225
2449.57174,0.04257
2447.64295,0.04217
2445.71415,0.04163
2443.78535,0.04172
2441.85656,0.04222
2439.92776,0.04259
2437.99896,0.04270
2436.07017,0.04252
2434.14137,0.04208
2432.21257,0.04182
2430.28378,0.04178
2428.35498,0.04168
2426.42618,0.04175
2424.49739,0.04195
2422.56859,0.04168
2420.63979,0.04097
2418.71100,0.04024
2416.78220,0.03972
2414.85340,0.03942
2412.92461,0.03911
2410.99581,0.03885
2409.06701,0.03905
2407.13822,0.03938
2405.20942,0.03919
2403.28062,0.03883
2401.35183,0.03868
2399.42303,0.03834
2397.49423,0.03800
2395.56544,0.03815
2393.63664,0.03852
2391.70784,0.03878
2389.77905,0.03930
2387.85025,0.04106
2385.92145,0.04506
2383.99266,0.05179
2382.06386,0.06116
2380.13506,0.07264
2378.20627,0.08520
2376.27747,0.09805
2374.34867,0.11101
2372.41988,0.12413
2370.49108,0.13726
2368.56228,0.14979
2366.63349,0.16118
2364.70469,0.17056
2362.77589,0.17668
2360.84710,0.17883
2358.91830,0.17658
2356.98951,0.16949
2355.06071,0.15745
2353.13191,0.14109
2351.20312,0.12462
2349.27432,0.11615
2347.34552,0.12032
2345.41673,0.13225
2343.48793,0.14035
2341.55913,0.14133
2339.63034,0.13961
2337.70154,0.13717
2335.77274,0.13487
2333.84395,0.13402
2331.91515,0.13417
2329.98635,0.13233
2328.05756,0.12799
2326.12876,0.12408
2324.19996,0.12167
2322.27117,0.11838
2320.34237,0.11201
2318.41357,0.10370
2316.48478,0.09647
2314.55598,0.09198
2312.62718,0.08881
2310.69839,0.08473
2308.76959,0.07957
2306.84079,0.07408
2304.91200,0.06880
2302.98320,0.06434
2301.05440,0.06073
2299.12561,0.05762
2297.19681,0.05507
2295.26801,0.05299
2293.33922,0.05084
2291.41042,0.04846
2289.48162,0.04653
2287.55283,0.04549
2285.62403,0.04480
2283.69523,0.04395
2281.76644,0.04329
2279.83764,0.04330
2277.90884,0.04390
2275.98005,0.04448
2274.05125,0.04455
2272.12245,0.04447
2270.19366,0.04487
2268.26486,0.04578
2266.33606,0.04659
2264.40727,0.04685
2262.47847,0.04689
2260.54967,0.04706
2258.62088,0.04724
2256.69208,0.04737
2254.76328,0.04717
2252.83449,0.04665
2250.90569,0.04654
2248.97689,0.04680
2247.04810,0.04685
2245.11930,0.04712
2243.19050,0.04797
2241.26171,0.04879
2239.33291,0.04914
2237.40411,0.04904
2235.47532,0.04894
2233.54652,0.04906
2231.61772,0.04883
2229.68893,0.04827
2227.76013,0.04807
2225.83133,0.04846
2223.90254,0.04983
2221.97374,0.05130
2220.04494,0.05116
2218.11615,0.05077
2216.18735,0.05175
2214.25855,0.05255
2212.32976,0.05215
2210.40096,0.05185
2208.47216,0.05249
2206.54337,0.05323
2204.61457,0.05345
2202.68577,0.05346
2200.75698,0.05363
2198.82818,0.05436
2196.89938,0.05468
2194.97059,0.05454
2193.04179,0.05599
2191.11299,0.05826
2189.18420,0.05888
2187.25540,0.05866
2185.32660,0.05908
2183.39781,0.05965
2181.46901,0.06017
2179.54021,0.06039
2177.61142,0.05991
2175.68262,0.06023
2173.75382,0.06123
2171.82503,0.06112
2169.89623,0.06077
2167.96743,0.06112
2166.03864,0.06186
2164.10984,0.06403
2162.18104,0.06793
2160.25225,0.07100
2158.32345,0.07166
2156.39465,0.06966
2154.46586,0.06556
2152.53706,0.06189
2150.60826,0.05906
2148.67947,0.05617
2146.75067,0.05328
2144.82187,0.05095
2142.89308,0.04972
2140.96428,0.04869
2139.03548,0.04703
2137.10669,0.04504
2135.17789,0.04290
2133.24909,0.04085
2131.32030,0.03935
2129.39150,0.03849
2127.46270,0.03791
2125.53391,0.03725
2123.60511,0.03613
2121.67631,0.03460
2119.74752,0.03354
2117.81872,0.03357
2115.88992,0.03424
2113.96113,0.03469
2112.03233,0.03486
2110.10353,0.03512
2108.17474,0.03538
2106.24594,0.03556
2104.31714,0.03608
2102.38835,0.03673
2100.45955,0.03656
2098.53075,0.03566
2096.60196,0.03491
2094.67316,0.03440
2092.74436,0.03399
2090.81557,0.03405
2088.88677,0.03479
2086.95797,0.03573
2085.02918,0.03625
2083.10038,0.03628
2081.17158,0.03616
2079.24279,0.03604
2077.31399,0.03593
2075.38519,0.03613
2073.45640,0.03677
2071.52760,0.03745
2069.59880,0.03778
2067.67001,0.03800
2065.74121,0.03844
2063.81241,0.03866
2061.88362,0.03803
2059.95482,0.03699
2058.02602,0.03664
2056.09723,0.03698
2054.16843,0.03727
2052.23963,0.03782
2050.31084,0.03979
2048.38204,0.04299
2046.45324,0.04554
2044.52445,0.04698
2042.59565,0.04827
2040.66685,0.04952
2038.73806,0.04976
2036.80926,0.04805
2034.88046,0.04577
2032.95167,0.04530
2031.02287,0.04661
2029.09407,0.04803
2027.16528,0.04839
2025.23648,0.04727
2023.30768,0.04564
2021.37889,0.04456
2019.45009,0.04488
2017.52129,0.04694
2015.59250,0.04810
2013.66370,0.04681
2011.73490,0.04484
2009.80611,0.04303
2007.87731,0.04066
2005.94851,0.03775
2004.01972,0.03641
2002.09092,0.03798
2000.16212,0.04056
1998.23333,0.04202
1996.30453,0.04217
1994.37574,0.04174
1992.44694,0.04114
1990.51814,0.04042
1988.58935,0.03980
1986.66055,0.03906
1984.73175,0.03847
1982.80296,0.03964
1980.87416,0.04195
1978.94536,0.04243
1977.01657,0.04057
1975.08777,0.03905
1973.15897,0.03846
1971.23018,0.03772
1969.30138,0.03779
1967.37258,0.03906
1965.44379,0.03953
1963.51499,0.03866
1961.58619,0.03776
1959.65740,0.03700
1957.72860,0.03586
1955.79980,0.03464
1953.87101,0.03376
1951.94221,0.03345
1950.01341,0.03378
1948.08462,0.03396
1946.15582,0.03412
1944.22702,0.03531
1942.29823,0.03578
1940.36943,0.03383
1938.44063,0.03142
1936.51184,0.03037
1934.58304,0.03055
1932.65424,0.03063
1930.72545,0.03010
1928.79665,0.02959
1926.86785,0.02963
1924.93906,0.03057
1923.01026,0.03155
1921.08146,0.03198
1919.15267,0.03230
1917.22387,0.03139
1915.29507,0.02932
1913.36628,0.02863
1911.43748,0.02962
1909.50868,0.03019
1907.57989,0.02942
1905.65109,0.02842
1903.72229,0.02813
1901.79350,0.02814
1899.86470,0.02816
1897.93590,0.02874
1896.00711,0.02965
1894.07831,0.03007
1892.14951,0.03073
1890.22072,0.03172
1888.29192,0.03110
1886.36312,0.02937
1884.43433,0.02850
1882.50553,0.02845
1880.57673,0.02840
1878.64794,0.02806
1876.71914,0.02769
1874.79034,0.02762
1872.86155,0.02877
1870.93275,0.03186
1869.00395,0.03423
1867.07516,0.03250
1865.14636,0.02902
1863.21756,0.02719
1861.28877,0.02682
1859.35997,0.02673
1857.43117,0.02659
1855.50238,0.02649
1853.57358,0.02656
1851.64478,0.02711
1849.71599,0.02863
1847.78719,0.03131
1845.85839,0.03454
1843.92960,0.03519
1842.00080,0.03208
1840.07200,0.02942
1838.14321,0.02877
1836.21441,0.02852
1834.28561,0.02871
1832.35682,0.03096
1830.42802,0.03364
1828.49922,0.03371
1826.57043,0.03261
1824.64163,0.03118
1822.71283,0.02867
1820.78404,0.02684
1818.85524,0.02659
1816.92644,0.02667
1814.99765,0.02692
1813.06885,0.02820
1811.14005,0.02951
1809.21126,0.02917
1807.28246,0.02799
1805.35366,0.02813
1803.42487,0.03035
1801.49607,0.03275
1799.56727,0.03286
1797.63848,0.03185
1795.70968,0.03279
1793.78088,0.03595
1791.85209,0.03688
1789.92329,0.03318
1787.99449,0.03000
1786.06570,0.02984
1784.13690,0.03059
1782.20810,0.03114
1780.27931,0.03111
1778.35051,0.03044
1776.42171,0.03134
1774.49292,0.03508
1772.56412,0.03840
1770.63532,0.03740
1768.70653,0.03387
1766.77773,0.03037
1764.84893,0.02919
1762.92014,0.03080
1760.99134,0.03176
1759.06254,0.03141
1757.13375,0.03121
1755.20495,0.03103
1753.27615,0.03327
1751.34736,0.03839
1749.41856,0.04081
1747.48976,0.03867
1745.56097,0.03622
1743.63217,0.03553
1741.70337,0.03584
1739.77458,0.03558
1737.84578,0.03569
1735.91698,0.03931
1733.98819,0.04299
1732.05939,0.03980
1730.13059,0.03420
1728.20180,0.02997
1726.27300,0.02792
1724.34420,0.02811
1722.41541,0.02978
1720.48661,0.03482
1718.55781,0.04310
1716.62902,0.04662
1714.70022,0.04217
1712.77142,0.03692
1710.84263,0.03527
1708.91383,0.03804
1706.98503,0.04398
1705.05624,0.04985
1703.12744,0.05611
1701.19864,0.06594
1699.26985,0.07451
1697.34105,0.07833
1695.41225,0.08056
1693.48346,0.08250
1691.55466,0.08864
1689.62586,0.10042
1687.69707,0.11519
1685.76827,0.13470
1683.83947,0.15533
1681.91068,0.16501
1679.98188,0.17103
1678.05308,0.18179
1676.12429,0.19730
1674.19549,0.21264
1672.26669,0.22523
1670.33790,0.23743
1668.40910,0.24533
1666.48030,0.24833
1664.55151,0.25324
1662.62271,0.25894
1660.69391,0.26052
1658.76512,0.26113
1656.83632,0.26647
1654.90752,0.27783
1652.97873,0.28455
1651.04993,0.27960
1649.12113,0.27946
1647.19234,0.28518
1645.26354,0.28737
1643.33474,0.28849
1641.40595,0.29593
1639.47715,0.31063
1637.54835,0.33176
1635.61956,0.35434
1633.69076,0.36831
1631.76197,0.37891
1629.83317,0.39390
1627.90437,0.41058
1625.97558,0.42420
1624.04678,0.43375
1622.11798,0.43739
1620.18919,0.43772
1618.26039,0.43902
1616.33159,0.43703
1614.40280,0.43048
1612.47400,0.42668
1610.54520,0.42768
1608.61641,0.43166
1606.68761,0.43743
1604.75881,0.44532
1602.83002,0.45482
1600.90122,0.46443
1598.97242,0.47323
1597.04363,0.48048
1595.11483,0.48458
1593.18603,0.48411
1591.25724,0.47916
1589.32844,0.46981
1587.39964,0.45634
1585.47085,0.43980
1583.54205,0.42109
1581.61325,0.40166
1579.68446,0.38453
1577.75566,0.36818
1575.82686,0.34490
1573.89807,0.32045
1571.96927,0.30333
1570.04047,0.28736
1568.11168,0.26844
1566.18288,0.25128
1564.25408,0.23859
1562.32529,0.23338
1560.39649,0.23493
1558.46769,0.22660
1556.53890,0.20615
1554.61010,0.18994
1552.68130,0.17884
1550.75251,0.17068
1548.82371,0.16368
1546.89491,0.15996
1544.96612,0.16128
1543.03732,0.16482
1541.10852,0.16518
1539.17973,0.15450
1537.25093,0.14147
1535.32213,0.13626
1533.39334,0.13355
1531.46454,0.12786
1529.53574,0.12422
1527.60695,0.12473
1525.67815,0.12591
1523.74935,0.12744
1521.82056,0.12842
1519.89176,0.12562
1517.96296,0.12155
1516.03417,0.11683
1514.10537,0.11195
1512.17657,0.11145
1510.24778,0.11772
1508.31898,0.12739
1506.39018,0.12647
1504.46139,0.11406
1502.53259,0.10761
1500.60379,0.10963
1498.67500,0.11557
1496.74620,0.11952
1494.81740,0.12052
1492.88861,0.12518
1490.95981,0.13622
1489.03101,0.14667
1487.10222,0.15102
1485.17342,0.15477
1483.24462,0.16264
1481.31583,0.17411
1479.38703,0.18754
1477.45823,0.20354
1475.52944,0.22210
1473.60064,0.23967
1471.67184,0.25015
1469.74305,0.25424
1467.81425,0.25997
1465.88545,0.26867
1463.95666,0.27407
1462.02786,0.27605
1460.09906,0.28088
1458.17027,0.28593
1456.24147,0.27762
1454.31267,0.25995
1452.38388,0.24498
1450.45508,0.23313
1448.52628,0.22125
1446.59749,0.20675
1444.66869,0.19179
1442.73989,0.17886
1440.81110,0.16903
1438.88230,0.16308
1436.95350,0.15643
1435.02471,0.14479
1433.09591,0.13399
1431.16711,0.12662
1429.23832,0.11949
1427.30952,0.11273
1425.38072,0.10834
1423.45193,0.10552
1421.52313,0.10459
1419.59433,0.10484
1417.66554,0.10044
1415.73674,0.09234
1413.80794,0.08646
1411.87915,0.08340
1409.95035,0.08127
1408.02155,0.08009
1406.09276,0.07995
1404.16396,0.07873
1402.23516,0.07721
1400.30637,0.07805
1398.37757,0.07983
1396.44877,0.07995
1394.51998,0.07724
1392.59118,0.07256
1390.66238,0.07007
1388.73359,0.07070
1386.80479,0.07020
1384.87599,0.06692
1382.94720,0.06423
1381.01840,0.06345
1379.08960,0.06358
1377.16081,0.06457
1375.23201,0.06587
1373.30321,0.06494
1371.37442,0.06222
1369.44562,0.06050
1367.51682,0.06000
1365.58803,0.06109
1363.65923,0.06353
1361.73043,0.06359
1359.80164,0.06060
1357.87284,0.05821
1355.94404,0.05746
1354.01525,0.05710
1352.08645,0.05671
1350.15765,0.05653
1348.22886,0.05637
1346.30006,0.05613
1344.37126,0.05645
1342.44247,0.05843
1340.51367,0.06129
1338.58487,0.06177
1336.65608,0.05926
1334.72728,0.05660
1332.79848,0.05521
1330.86969,0.05463
1328.94089,0.05426
1327.01209,0.05393
1325.08330,0.05367
1323.15450,0.05371
1321.22570,0.05426
1319.29691,0.05488
1317.36811,0.05484
1315.43931,0.05443
1313.51052,0.05408
1311.58172,0.05356
1309.65292,0.05305
1307.72413,0.05277
1305.79533,0.05258
1303.86653,0.05250
1301.93774,0.05259
1300.00894,0.05279
1298.08014,0.05303
1296.15135,0.05313
1294.22255,0.05302
1292.29375,0.05295
1290.36496,0.05309
1288.43616,0.05321
1286.50736,0.05298
1284.57857,0.05258
1282.64977,0.05233
1280.72097,0.05219
1278.79218,0.05197
1276.86338,0.05177
1274.93458,0.05180
1273.00579,0.05211
1271.07699,0.05237
1269.14820,0.05239
1267.21940,0.05239
1265.29060,0.05255
1263.36181,0.05281
1261.43301,0.05309
1259.50421,0.05318
1257.57542,0.05306
1255.64662,0.05298
1253.71782,0.05309
1251.78903,0.05333
1249.86023,0.05360
1247.93143,0.05386
1246.00264,0.05413
1244.07384,0.05441
1242.14504,0.05461
1240.21625,0.05467
1238.28745,0.05468
1236.35865,0.05470
1234.42986,0.05471
1232.50106,0.05477
1230.57226,0.05493
1228.64347,0.05514
1226.71467,0.05535
1224.78587,0.05554
1222.85708,0.05576
1220.92828,0.05614
1218.99948,0.05667
1217.07069,0.05724
1215.14189,0.05781
1213.21309,0.05843
1211.28430,0.05910
1209.35550,0.05981
1207.42670,0.06059
1205.49791,0.06150
1203.56911,0.06246
1201.64031,0.06346
1199.71152,0.06459
1197.78272,0.06590
1195.85392,0.06731
1193.92513,0.06882
1191.99633,0.07053
1190.06753,0.07253
1188.13874,0.07474
1186.20994,0.07704
1184.28114,0.07943
1182.35235,0.08211
1180.42355,0.08534
1178.49475,0.08911
1176.56596,0.09328
1174.63716,0.09771
1172.70836,0.10230
1170.77957,0.10707
1168.85077,0.11198
1166.92197,0.11687
1164.99318,0.12149
1163.06438,0.12556
1161.13558,0.12875
1159.20679,0.13080
1157.27799,0.13163
1155.34919,0.13119
1153.42040,0.12952
1151.49160,0.12686
1149.56280,0.12336
1147.63401,0.11916
1145.70521,0.11452
1143.77641,0.10968
1141.84762,0.10486
1139.91882,0.10023
1137.99002,0.09580
1136.06123,0.09163
1134.13243,0.08778
1132.20363,0.08433
1130.27484,0.08138
1128.34604,0.07886
1126.41724,0.07662
1124.48845,0.07466
1122.55965,0.07303
1120.63085,0.07171
1118.70206,0.07059
1116.77326,0.06957
1114.84446,0.06870
1112.91567,0.06803
1110.98687,0.06747
1109.05807,0.06702
1107.12928,0.06671
1105.20048,0.06652
1103.27168,0.06635
1101.34289,0.06620
1099.41409,0.06612
1097.48529,0.06611
1095.55650,0.06613
1093.62770,0.06619
1091.69890,0.06628
1089.77011,0.06642
1087.84131,0.06662
1085.91251,0.06676
1083.98372,0.06690
1082.05492,0.06713
1080.12612,0.06744
1078.19733,0.06781
1076.26853,0.06820
1074.33973,0.06864
1072.41094,0.06915
1070.48214,0.06966
1068.55334,0.07001
1066.62455,0.07022
1064.69575,0.07039
1062.76695,0.07047
1060.83816,0.07027
1058.90936,0.06989
1056.98056,0.06954
1055.05177,0.06917
1053.12297,0.06866
1051.19417,0.06803
1049.26538,0.06736
1047.33658,0.06671
1045.40778,0.06608
1043.47899,0.06538
1041.55019,0.06453
1039.62139,0.06362
1037.69260,0.06278
1035.76380,0.06199
1033.83500,0.06120
1031.90621,0.06043
1029.97741,0.05976
1028.04861,0.05911
1026.11982,0.05848
1024.19102,0.05801
1022.26222,0.05770
1020.33343,0.05738
1018.40463,0.05705
1016.47583,0.05684
1014.54704,0.05679
1012.61824,0.05677
1010.68944,0.05664
1008.76065,0.05633
1006.83185,0.05588
1004.90305,0.05531
1002.97426,0.05467
1001.04546,0.05406
999.11666,0.05351
997.18787,0.05302
995.25907,0.05253
993.33027,0.05200
991.40148,0.05151
989.47268,0.05107
987.54388,0.05055
985.61509,0.04994
983.68629,0.04938
981.75749,0.04891
979.82870,0.04840
977.89990,0.04781
975.97110,0.04724
974.04231,0.04677
972.11351,0.04637
970.18471,0.04602
968.25592,0.04578
966.32712,0.04570
964.39832,0.04568
962.46953,0.04559
960.54073,0.04537
958.61193,0.04502
956.68314,0.04459
954.75434,0.04421
952.82554,0.04400
950.89675,0.04388
948.96795,0.04360
947.03915,0.04314
945.11036,0.04266
943.18156,0.04215
941.25276,0.04153
939.32397,0.04085
937.39517,0.04020
935.46637,0.03958
933.53758,0.03894
931.60878,0.03831
929.67998,0.03778
927.75119,0.03740
925.82239,0.03708
923.89359,0.03658
921.96480,0.03591
920.03600,0.03528
918.10720,0.03486
916.17841,0.03455
914.24961,0.03426
912.32081,0.03399
910.39202,0.03380
908.46322,0.03355
906.53443,0.03313
904.60563,0.03270
902.67683,0.03244
900.74804,0.03227
898.81924,0.03200
896.89044,0.03155
894.96165,0.03098
893.03285,0.03036
891.10405,0.02967
889.17526,0.02894
887.24646,0.02815
885.31766,0.02732
883.38887,0.02654
881.46007,0.02589
879.53127,0.02532
877.60248,0.02482
875.67368,0.02442
873.74488,0.02405
871.81609,0.02369
869.88729,0.02333
867.95849,0.02297
866.02970,0.02271
864.10090,0.02264
862.17210,0.02258
860.24331,0.02243
858.31451,0.02223
856.38571,0.02205
854.45692,0.02197
852.52812,0.02192
850.59932,0.02174
848.67053,0.02142
846.74173,0.02114
844.81293,0.02090
842.88414,0.02049
840.95534,0.01997
839.02654,0.01960
837.09775,0.01935
835.16895,0.01903
833.24015,0.01870
831.31136,0.01847
829.38256,0.01832
827.45376,0.01815
825.52497,0.01805
823.59617,0.01818
821.66737,0.01852
819.73858,0.01880
817.80978,0.01898
815.88098,0.01930
813.95219,0.01974
812.02339,0.02009
810.09459,0.02046
808.16580,0.02106
806.23700,0.02180
804.30820,0.02258
802.37941,0.02342
800.45061,0.02423
798.52181,0.02501
796.59302,0.02588
794.66422,0.02673
792.73542,0.02738
790.80663,0.02805
788.87783,0.02881
786.94903,0.02941
785.02024,0.02972
783.09144,0.02964
781.16264,0.02894
779.23385,0.02773
777.30505,0.02646
775.37625,0.02543
773.44746,0.02462
771.51866,0.02400
769.58986,0.02350
767.66107,0.02311
765.73227,0.02290
763.80347,0.02280
761.87468,0.02271
759.94588,0.02284
758.01708,0.02330
756.08829,0.02375
754.15949,0.02385
752.23069,0.02373
750.30190,0.02366
748.37310,0.02349
