3496.90832,0.07121
3494.97953,0.06903
3493.05073,0.06716
3491.12193,0.06408
3489.19314,0.06435
3487.26434,0.06890
3485.33554,0.06996
3483.40675,0.06721
3481.47795,0.06526
3479.54915,0.06500
3477.62036,0.06752
3475.69156,0.07273
3473.76276,0.07915
3471.83397,0.08333
3469.90517,0.08110
3467.97637,0.07721
3466.04758,0.07853
3464.11878,0.08046
3462.18998,0.07459
3460.26119,0.06327
3458.33239,0.05332
3456.40359,0.04845
3454.47480,0.05168
3452.54600,0.05908
3450.61721,0.06118
3448.68841,0.05746
3446.75961,0.05687
3444.83082,0.06158
3442.90202,0.06299
3440.97322,0.05856
3439.04443,0.05430
3437.11563,0.05066
3435.18683,0.04768
3433.25804,0.04835
3431.32924,0.04885
3429.40044,0.04874
3427.47165,0.05427
3425.54285,0.06187
3423.61405,0.06492
3421.68526,0.06407
3419.75646,0.06413
3417.82766,0.06661
3415.89887,0.06114
3413.97007,0.04622
3412.04127,0.03705
3410.11248,0.03753
3408.18368,0.04020
3406.25488,0.04228
3404.32609,0.04408
3402.39729,0.04669
3400.46849,0.05035
3398.53970,0.04912
3396.61090,0.04049
3394.68210,0.03686
3392.75331,0.04267
3390.82451,0.04298
3388.89571,0.03977
3386.96692,0.04885
3385.03812,0.06162
3383.10932,0.06283
3381.18053,0.06047
3379.25173,0.06364
3377.32293,0.06650
3375.39414,0.06464
3373.46534,0.06205
3371.53654,0.06266
3369.60775,0.06600
3367.67895,0.07303
3365.75015,0.08068
3363.82136,0.07862
3361.89256,0.06751
3359.96376,0.05986
3358.03497,0.05839
3356.10617,0.06102
3354.17737,0.06895
3352.24858,0.07608
3350.31978,0.07515
3348.39098,0.06982
3346.46219,0.06788
3344.53339,0.07143
3342.60459,0.07173
3340.67580,0.06353
3338.74700,0.05715
3336.81820,0.05705
3334.88941,0.05627
3332.96061,0.05423
3331.03181,0.05813
3329.10302,0.06843
3327.17422,0.07150
3325.24542,0.06045
3323.31663,0.04861
3321.38783,0.04674
3319.45903,0.05106
3317.53024,0.05425
3315.60144,0.05041
3313.67264,0.03981
3311.74385,0.03241
3309.81505,0.03597
3307.88625,0.04584
3305.95746,0.04917
3304.02866,0.04437
3302.09986,0.04230
3300.17107,0.04484
3298.24227,0.04304
3296.31347,0.03448
3294.38468,0.02633
3292.45588,0.02441
3290.52708,0.02637
3288.59829,0.02727
3286.66949,0.02753
3284.74069,0.02969
3282.81190,0.03283
3280.88310,0.03364
3278.95430,0.03361
3277.02551,0.03729
3275.09671,0.04171
3273.16791,0.04431
3271.23912,0.04633
3269.31032,0.04400
3267.38152,0.03779
3265.45273,0.03316
3263.52393,0.03097
3261.59513,0.03139
3259.66634,0.03301
3257.73754,0.03435
3255.80874,0.03865
3253.87995,0.04348
3251.95115,0.04199
3250.02235,0.03627
3248.09356,0.03038
3246.16476,0.02595
3244.23596,0.02722
3242.30717,0.03160
3240.37837,0.03345
3238.44957,0.03678
3236.52078,0.04472
3234.59198,0.05268
3232.66318,0.05566
3230.73439,0.05145
3228.80559,0.04186
3226.87679,0.03304
3224.94800,0.03152
3223.01920,0.03853
3221.09040,0.04699
3219.16161,0.05196
3217.23281,0.05646
3215.30401,0.05844
3213.37522,0.05501
3211.44642,0.05426
3209.51762,0.05906
3207.58883,0.05975
3205.66003,0.05240
3203.73123,0.04388
3201.80244,0.03936
3199.87364,0.03776
3197.94484,0.03947
3196.01605,0.04598
3194.08725,0.05074
3192.15845,0.04781
3190.22966,0.04542
3188.30086,0.04941
3186.37206,0.05120
3184.44327,0.04795
3182.51447,0.04649
3180.58567,0.04847
3178.65688,0.05121
3176.72808,0.05112
3174.79928,0.04735
3172.87049,0.04402
3170.94169,0.04103
3169.01289,0.03618
3167.08410,0.03488
3165.15530,0.04059
3163.22650,0.04589
3161.29771,0.04587
3159.36891,0.04256
3157.44011,0.03725
3155.51132,0.03412
3153.58252,0.03633
3151.65372,0.03921
3149.72493,0.03841
3147.79613,0.03640
3145.86733,0.03697
3143.93854,0.03875
3142.00974,0.03980
3140.08094,0.04069
3138.15215,0.04105
3136.22335,0.04071
3134.29455,0.04059
3132.36576,0.04077
3130.43696,0.04047
3128.50816,0.03938
3126.57937,0.03815
3124.65057,0.03783
3122.72177,0.04005
3120.79298,0.04366
3118.86418,0.04439
3116.93538,0.04144
3115.00659,0.03752
3113.07779,0.03499
3111.14899,0.03489
3109.22020,0.03563
3107.29140,0.03581
3105.36260,0.03638
3103.43381,0.03736
3101.50501,0.03820
3099.57621,0.03912
3097.64742,0.03926
3095.71862,0.03774
3093.78982,0.03571
3091.86103,0.03470
3089.93223,0.03500
3088.00344,0.03565
3086.07464,0.03596
3084.14584,0.03621
3082.21705,0.03656
3080.28825,0.03693
3078.35945,0.03714
3076.43066,0.03694
3074.50186,0.03657
3072.57306,0.03636
3070.64427,0.03621
3068.71547,0.03580
3066.78667,0.03547
3064.85788,0.03600
3062.92908,0.03709
3061.00028,0.03762
3059.07149,0.03720
3057.14269,0.03660
3055.21389,0.03690
3053.28510,0.03780
3051.35630,0.03807
3049.42750,0.03756
3047.49871,0.03673
3045.56991,0.03611
3043.64111,0.03625
3041.71232,0.03661
3039.78352,0.03661
3037.85472,0.03668
3035.92593,0.03736
3033.99713,0.03866
3032.06833,0.03973
3030.13954,0.03983
3028.21074,0.03958
3026.28194,0.03965
3024.35315,0.03961
3022.42435,0.03920
3020.49555,0.03885
3018.56676,0.03906
3016.63796,0.03993
3014.70916,0.04108
3012.78037,0.04184
3010.85157,0.04192
3008.92277,0.04163
3006.99398,0.04143
3005.06518,0.04150
3003.13638,0.04141
3001.20759,0.04080
2999.27879,0.04005
2997.34999,0.03981
2995.42120,0.04075
2993.49240,0.04195
2991.56360,0.04186
2989.63481,0.04161
2987.70601,0.04212
2985.77721,0.04215
2983.84842,0.04157
2981.91962,0.04154
2979.99082,0.04220
2978.06203,0.04285
2976.13323,0.04320
2974.20443,0.04363
2972.27564,0.04431
2970.34684,0.04483
2968.41804,0.04482
2966.48925,0.04458
2964.56045,0.04452
2962.63165,0.04476
2960.70286,0.04527
2958.77406,0.04604
2956.84526,0.04673
2954.91647,0.04690
2952.98767,0.04667
2951.05887,0.04652
2949.13008,0.04657
2947.20128,0.04657
2945.27248,0.04647
2943.34369,0.04647
2941.41489,0.04658
2939.48609,0.04701
2937.55730,0.04797
2935.62850,0.04904
2933.69970,0.04978
2931.77091,0.05003
2929.84211,0.05004
2927.91331,0.05026
2925.98452,0.05070
2924.05572,0.05121
2922.12692,0.05168
2920.19813,0.05187
2918.26933,0.05145
2916.34053,0.05063
2914.41174,0.04987
2912.48294,0.04931
2910.55414,0.04878
2908.62535,0.04806
2906.69655,0.04740
2904.76775,0.04717
2902.83896,0.04705
2900.91016,0.04676
2898.98136,0.04680
2897.05257,0.04720
2895.12377,0.04740
2893.19497,0.04742
2891.26618,0.04758
2889.33738,0.04767
2887.40858,0.04730
2885.47979,0.04663
2883.55099,0.04645
2881.62219,0.04707
2879.69340,0.04769
2877.76460,0.04774
2875.83580,0.04754
2873.90701,0.04758
2871.97821,0.04800
2870.04941,0.04855
2868.12062,0.04881
2866.19182,0.04886
2864.26302,0.04908
2862.33423,0.04945
2860.40543,0.04986
2858.47663,0.05031
2856.54784,0.05054
2854.61904,0.05058
2852.69024,0.05064
2850.76145,0.05058
2848.83265,0.05035
2846.90385,0.05006
2844.97506,0.04983
2843.04626,0.04971
2841.11746,0.04966
2839.18867,0.04950
2837.25987,0.04916
2835.33107,0.04891
2833.40228,0.04904
2831.47348,0.04953
2829.54468,0.04999
2827.61589,0.04987
2825.68709,0.04937
2823.75829,0.04921
2821.82950,0.04944
2819.90070,0.04956
2817.97190,0.04938
2816.04311,0.04922
2814.11431,0.04928
2812.18551,0.04939
2810.25672,0.04930
2808.32792,0.04894
2806.39912,0.04854
2804.47033,0.04835
2802.54153,0.04839
2800.61273,0.04848
2798.68394,0.04845
2796.75514,0.04824
2794.82634,0.04791
2792.89755,0.04751
2790.96875,0.04727
2789.03995,0.04738
2787.11116,0.04751
2785.18236,0.04737
2783.25356,0.04724
2781.32477,0.04728
2779.39597,0.04722
2777.46717,0.04697
2775.53838,0.04670
2773.60958,0.04659
2771.68078,0.04653
2769.75199,0.04652
2767.82319,0.04671
2765.89439,0.04690
2763.96560,0.04673
2762.03680,0.04623
2760.10800,0.04576
2758.17921,0.04546
2756.25041,0.04533
2754.32161,0.04517
2752.39282,0.04482
2750.46402,0.04464
2748.53522,0.04496
2746.60643,0.04541
2744.67763,0.04552
2742.74883,0.04538
2740.82004,0.04520
2738.89124,0.04511
2736.96244,0.04535
2735.03365,0.04587
2733.10485,0.04623
2731.17605,0.04616
2729.24726,0.04586
2727.31846,0.04575
2725.38967,0.04580
2723.46087,0.04571
2721.53207,0.04561
2719.60328,0.04568
2717.67448,0.04580
2715.74568,0.04585
2713.81689,0.04578
2711.88809,0.04554
2709.95929,0.04528
2708.03050,0.04515
2706.10170,0.04516
2704.17290,0.04522
2702.24411,0.04525
2700.31531,0.04520
2698.38651,0.04513
2696.45772,0.04501
2694.52892,0.04490
2692.60012,0.04491
2690.67133,0.04491
2688.74253,0.04472
2686.81373,0.04454
2684.88494,0.04469
2682.95614,0.04505
2681.02734,0.04532
2679.09855,0.04552
2677.16975,0.04571
2675.24095,0.04576
2673.31216,0.04553
2671.38336,0.04514
2669.45456,0.04491
2667.52577,0.04496
2665.59697,0.04501
2663.66817,0.04494
2661.73938,0.04484
2659.81058,0.04471
2657.88178,0.04459
2655.95299,0.04463
2654.02419,0.04475
2652.09539,0.04483
2650.16660,0.04483
2648.23780,0.04478
2646.30900,0.04470
2644.38021,0.04453
2642.45141,0.04448
2640.52261,0.04468
2638.59382,0.04490
2636.66502,0.04511
2634.73622,0.04546
2632.80743,0.04581
2630.87863,0.04604
2628.94983,0.04610
2627.02104,0.04600
2625.09224,0.04598
2623.16344,0.04610
2621.23465,0.04616
2619.30585,0.04620
2617.37705,0.04624
2615.44826,0.04606
2613.51946,0.04568
2611.59066,0.04546
2609.66187,0.04551
2607.73307,0.04553
2605.80427,0.04553
2603.87548,0.04568
2601.94668,0.04575
2600.01788,0.04569
2598.08909,0.04581
2596.16029,0.04599
2594.23149,0.04594
2592.30270,0.04585
2590.37390,0.04613
2588.44510,0.04650
2586.51631,0.04648
2584.58751,0.04644
2582.65871,0.04669
2580.72992,0.04663
2578.80112,0.04625
2576.87232,0.04629
2574.94353,0.04673
2573.01473,0.04689
2571.08593,0.04675
2569.15714,0.04663
2567.22834,0.04649
2565.29954,0.04619
2563.37075,0.04575
2561.44195,0.04535
2559.51315,0.04505
2557.58436,0.04494
2555.65556,0.04505
2553.72676,0.04501
2551.79797,0.04490
2549.86917,0.04524
2547.94037,0.04584
2546.01158,0.04593
2544.08278,0.04549
2542.15398,0.04509
2540.22519,0.04501
2538.29639,0.04513
2536.36759,0.04527
2534.43880,0.04545
2532.51000,0.04559
2530.58120,0.04554
2528.65241,0.04538
2526.72361,0.04527
2524.79481,0.04519
2522.86602,0.04498
2520.93722,0.04469
2519.00842,0.04443
2517.07963,0.04429
2515.15083,0.04437
2513.22203,0.04460
2511.29324,0.04463
2509.36444,0.04427
2507.43564,0.04374
2505.50685,0.04341
2503.57805,0.04334
2501.64925,0.04327
2499.72046,0.04334
2497.79166,0.04360
2495.86286,0.04366
2493.93407,0.04372
2492.00527,0.04402
2490.07647,0.04423
2488.14768,0.04429
2486.21888,0.04431
2484.29008,0.04441
2482.36129,0.04463
2480.43249,0.04491
2478.50369,0.04523
2476.57490,0.04541
2474.64610,0.04519
2472.71730,0.04473
2470.78851,0.04428
2468.85971,0.04413
2466.93091,0.04435
2465.00212,0.04446
2463.07332,0.04421
2461.14452,0.04371
2459.21573,0.04313
2457.28693,0.04272
2455.35813,0.04246
2453.42934,0.04226
2451.50054,0.04216
2449.57174,0.04220
2447.64295,0.04243
2445.71415,0.04269
2443.78535,0.04273
2441.85656,0.04272
2439.92776,0.04277
2437.99896,0.04269
2436.07017,0.04254
2434.14137,0.04254
2432.21257,0.04259
2430.28378,0.04261
2428.35498,0.04271
2426.42618,0.04301
2424.49739,0.04326
2422.56859,0.04294
2420.63979,0.04213
2418.71100,0.04145
2416.78220,0.04119
2414.85340,0.04113
2412.92461,0.04092
2410.99581,0.04060
2409.06701,0.04049
2407.13822,0.04046
2405.20942,0.04024
2403.28062,0.03991
2401.35183,0.03955
2399.42303,0.03906
2397.49423,0.03865
2395.56544,0.03867
2393.63664,0.03894
2391.70784,0.03930
2389.77905,0.04021
2387.85025,0.04230
2385.92145,0.04632
2383.99266,0.05304
2382.06386,0.06261
2380.13506,0.07451
2378.20627,0.08765
2376.27747,0.10097
2374.34867,0.11416
2372.41988,0.12742
2370.49108,0.14088
2368.56228,0.15398
2366.63349,0.16568
2364.70469,0.17498
2362.77589,0.18122
2360.84710,0.18391
2358.91830,0.18211
2356.98951,0.17484
2355.06071,0.16215
2353.13191,0.14513
2351.20312,0.12806
2349.27432,0.11913
2347.34552,0.12322
2345.41673,0.13544
2343.48793,0.14367
2341.55913,0.14440
2339.63034,0.14230
2337.70154,0.13965
2335.77274,0.13740
2333.84395,0.13680
2331.91515,0.13731
2329.98635,0.13580
2328.05756,0.13163
2326.12876,0.12768
2324.19996,0.12514
2322.27117,0.12178
2320.34237,0.11533
2318.41357,0.10682
2316.48478,0.09932
2314.55598,0.09445
2312.62718,0.09096
2310.69839,0.08693
2308.76959,0.08180
2306.84079,0.07591
2304.91200,0.07008
2302.98320,0.06531
2301.05440,0.06183
2299.12561,0.05892
2297.19681,0.05624
2295.26801,0.05389
2293.33922,0.05175
2291.41042,0.04978
2289.48162,0.04814
2287.55283,0.04683
2285.62403,0.04561
2283.69523,0.04454
2281.76644,0.04402
2279.83764,0.04409
2277.90884,0.04470
2275.98005,0.04574
2274.05125,0.04635
2272.12245,0.04618
2270.19366,0.04605
2268.26486,0.04652
2266.33606,0.04730
2264.40727,0.04771
2262.47847,0.04764
2260.54967,0.04765
2258.62088,0.04788
2256.69208,0.04824
2254.76328,0.04825
2252.83449,0.04726
2250.90569,0.04640
2248.97689,0.04697
2247.04810,0.04769
2245.11930,0.04746
2243.19050,0.04749
2241.26171,0.04828
2239.33291,0.04880
2237.40411,0.04893
2235.47532,0.04947
2233.54652,0.05020
2231.61772,0.05027
2229.68893,0.05027
2227.76013,0.05079
2225.83133,0.05119
2223.90254,0.05151
2221.97374,0.05224
2220.04494,0.05293
2218.11615,0.05273
2216.18735,0.05169
2214.25855,0.05131
2212.32976,0.05256
2210.40096,0.05457
2208.47216,0.05571
2206.54337,0.05520
2204.61457,0.05387
2202.68577,0.05309
2200.75698,0.05343
2198.82818,0.05442
2196.89938,0.05451
2194.97059,0.05342
2193.04179,0.05315
2191.11299,0.05486
2189.18420,0.05736
2187.25540,0.05914
2185.32660,0.05921
2183.39781,0.05846
2181.46901,0.05960
2179.54021,0.06201
2177.61142,0.06264
2175.68262,0.06178
2173.75382,0.06020
2171.82503,0.05794
2169.89623,0.05720
2167.96743,0.05911
2166.03864,0.06194
2164.10984,0.06476
2162.18104,0.06840
2160.25225,0.07184
2158.32345,0.07157
2156.39465,0.06706
2154.46586,0.06226
2152.53706,0.05937
2150.60826,0.05694
2148.67947,0.05387
2146.75067,0.05059
2144.82187,0.04796
2142.89308,0.04699
2140.96428,0.04695
2139.03548,0.04664
2137.10669,0.04614
2135.17789,0.04547
2133.24909,0.04428
2131.32030,0.04256
2129.39150,0.04057
2127.46270,0.03891
2125.53391,0.03793
2123.60511,0.03718
2121.67631,0.03633
2119.74752,0.03556
2117.81872,0.03527
2115.88992,0.03556
2113.96113,0.03552
2112.03233,0.03490
2110.10353,0.03491
2108.17474,0.03574
2106.24594,0.03636
2104.31714,0.03658
2102.38835,0.03689
2100.45955,0.03705
2098.53075,0.03653
2096.60196,0.03558
2094.67316,0.03489
2092.74436,0.03471
2090.81557,0.03489
2088.88677,0.03519
2086.95797,0.03536
2085.02918,0.03559
2083.10038,0.03605
2081.17158,0.03650
2079.24279,0.03663
2077.31399,0.03662
2075.38519,0.03689
2073.45640,0.03728
2071.52760,0.03727
2069.59880,0.03709
2067.67001,0.03758
2065.74121,0.03843
2063.81241,0.03855
2061.88362,0.03801
2059.95482,0.03747
2058.02602,0.03725
2056.09723,0.03742
2054.16843,0.03794
2052.23963,0.03892
2050.31084,0.04076
2048.38204,0.04306
2046.45324,0.04481
2044.52445,0.04598
2042.59565,0.04681
2040.66685,0.04747
2038.73806,0.04781
2036.80926,0.04766
2034.88046,0.04850
2032.95167,0.05081
2031.02287,0.05207
2029.09407,0.05072
2027.16528,0.04864
2025.23648,0.04780
2023.30768,0.04749
2021.37889,0.04692
2019.45009,0.04763
2017.52129,0.04980
2015.59250,0.05047
2013.66370,0.04883
2011.73490,0.04722
2009.80611,0.04663
2007.87731,0.04545
2005.94851,0.04268
2004.01972,0.04034
2002.09092,0.04029
2000.16212,0.04130
1998.23333,0.04126
1996.30453,0.04001
1994.37574,0.03948
1992.44694,0.04057
1990.51814,0.04168
1988.58935,0.04203
1986.66055,0.04206
1984.73175,0.04130
1982.80296,0.04083
1980.87416,0.04277
1978.94536,0.04561
1977.01657,0.04649
1975.08777,0.04553
1973.15897,0.04352
1971.23018,0.04101
1969.30138,0.03974
1967.37258,0.04029
1965.44379,0.04079
1963.51499,0.03976
1961.58619,0.03770
1959.65740,0.03581
1957.72860,0.03474
1955.79980,0.03424
1953.87101,0.03376
1951.94221,0.03312
1950.01341,0.03281
1948.08462,0.03331
1946.15582,0.03458
1944.22702,0.03617
1942.29823,0.03602
1940.36943,0.03337
1938.44063,0.03097
1936.51184,0.03049
1934.58304,0.03105
1932.65424,0.03121
1930.72545,0.03083
1928.79665,0.03062
1926.86785,0.03098
1924.93906,0.03198
1923.01026,0.03286
1921.08146,0.03350
1919.15267,0.03413
1917.22387,0.03309
1915.29507,0.03066
1913.36628,0.02955
1911.43748,0.03001
1909.50868,0.03030
1907.57989,0.02968
1905.65109,0.02890
1903.72229,0.02860
1901.79350,0.02851
1899.86470,0.02863
1897.93590,0.02940
1896.00711,0.03023
1894.07831,0.03045
1892.14951,0.03124
1890.22072,0.03260
1888.29192,0.03213
1886.36312,0.03043
1884.43433,0.02959
1882.50553,0.02946
1880.57673,0.02936
1878.64794,0.02902
1876.71914,0.02853
1874.79034,0.02840
1872.86155,0.02986
1870.93275,0.03369
1869.00395,0.03663
1867.07516,0.03461
1865.14636,0.03043
1863.21756,0.02815
1861.28877,0.02759
1859.35997,0.02737
1857.43117,0.02708
1855.50238,0.02682
1853.57358,0.02681
1851.64478,0.02742
1849.71599,0.02916
1847.78719,0.03229
1845.85839,0.03614
1843.92960,0.03697
1842.00080,0.03338
1840.07200,0.03038
1838.14321,0.02991
1836.21441,0.02992
1834.28561,0.03029
1832.35682,0.03299
1830.42802,0.03616
1828.49922,0.03622
1826.57043,0.03495
1824.64163,0.03331
1822.71283,0.03025
1820.78404,0.02788
1818.85524,0.02744
1816.92644,0.02751
1814.99765,0.02779
1813.06885,0.02923
1811.14005,0.03061
1809.21126,0.03000
1807.28246,0.02851
1805.35366,0.02863
1803.42487,0.03117
1801.49607,0.03395
1799.56727,0.03411
1797.63848,0.03306
1795.70968,0.03432
1793.78088,0.03813
1791.85209,0.03927
1789.92329,0.03501
1787.99449,0.03134
1786.06570,0.03124
1784.13690,0.03222
1782.20810,0.03297
1780.27931,0.03305
1778.35051,0.03231
1776.42171,0.03333
1774.49292,0.03771
1772.56412,0.04170
1770.63532,0.04051
1768.70653,0.03619
1766.77773,0.03200
1764.84893,0.03060
1762.92014,0.03244
1760.99134,0.03345
1759.06254,0.03289
1757.13375,0.03257
1755.20495,0.03230
1753.27615,0.03484
1751.34736,0.04079
1749.41856,0.04374
1747.48976,0.04141
1745.56097,0.03858
1743.63217,0.03770
1741.70337,0.03810
1739.77458,0.03800
1737.84578,0.03830
1735.91698,0.04262
1733.98819,0.04707
1732.05939,0.04345
1730.13059,0.03683
1728.20180,0.03178
1726.27300,0.02938
1724.34420,0.02965
1722.41541,0.03160
1720.48661,0.03742
1718.55781,0.04701
1716.62902,0.05101
1714.70022,0.04551
1712.77142,0.03899
1710.84263,0.03668
1708.91383,0.03956
1706.98503,0.04610
1705.05624,0.05244
1703.12744,0.05918
1701.19864,0.07000
1699.26985,0.07920
1697.34105,0.08271
1695.41225,0.08409
1693.48346,0.08496
1691.55466,0.09066
1689.62586,0.10277
1687.69707,0.11832
1685.76827,0.13916
1683.83947,0.16064
1681.91068,0.16935
1679.98188,0.17423
1678.05308,0.18474
1676.12429,0.20063
1674.19549,0.21623
1672.26669,0.22900
1670.33790,0.24151
1668.40910,0.24891
1666.48030,0.25094
1664.55151,0.25568
1662.62271,0.26162
1660.69391,0.26284
1658.76512,0.26306
1656.83632,0.26897
1654.90752,0.28219
1652.97873,0.29020
1651.04993,0.28428
1649.12113,0.28381
1647.19234,0.28989
1645.26354,0.29120
1643.33474,0.29109
1641.40595,0.29825
1639.47715,0.31351
1637.54835,0.33587
1635.61956,0.35930
1633.69076,0.37251
1631.76197,0.38213
1629.83317,0.39699
1627.90437,0.41407
1625.97558,0.42808
1624.04678,0.43782
1622.11798,0.44112
1620.18919,0.44098
1618.26039,0.44234
1616.33159,0.44041
1614.40280,0.43327
1612.47400,0.42896
1610.54520,0.42995
1608.61641,0.43402
1606.68761,0.43963
1604.75881,0.44733
1602.83002,0.45682
1600.90122,0.46643
1598.97242,0.47523
1597.04363,0.48273
1595.11483,0.48733
1593.18603,0.48716
1591.25724,0.48216
1589.32844,0.47272
1587.39964,0.45939
1585.47085,0.44315
1583.54205,0.42460
1581.61325,0.40519
1579.68446,0.38836
1577.75566,0.37273
1575.82686,0.34956
1573.89807,0.32450
1571.96927,0.30731
1570.04047,0.29161
1568.11168,0.27228
1566.18288,0.25447
1564.25408,0.24159
1562.32529,0.23716
1560.39649,0.24087
1558.46769,0.23371
1556.53890,0.21161
1554.61010,0.19383
1552.68130,0.18200
1550.75251,0.17360
1548.82371,0.16661
1546.89491,0.16336
1544.96612,0.16589
1543.03732,0.17100
1541.10852,0.17241
1539.17973,0.16081
1537.25093,0.14612
1535.32213,0.14043
1533.39334,0.13777
1531.46454,0.13167
1529.53574,0.12781
1527.60695,0.12874
1525.67815,0.13042
1523.74935,0.13251
1521.82056,0.13396
1519.89176,0.13091
1517.96296,0.12630
1516.03417,0.12087
1514.10537,0.11522
1512.17657,0.11465
1510.24778,0.12201
1508.31898,0.13337
1506.39018,0.13236
1504.46139,0.11774
1502.53259,0.10996
1500.60379,0.11201
1498.67500,0.11857
1496.74620,0.12270
1494.81740,0.12329
1492.88861,0.12804
1490.95981,0.14003
1489.03101,0.15106
1487.10222,0.15475
1485.17342,0.15760
1483.24462,0.16510
1481.31583,0.17662
1479.38703,0.19029
1477.45823,0.20691
1475.52944,0.22642
1473.60064,0.24460
1471.67184,0.25448
1469.74305,0.25731
1467.81425,0.26251
1465.88545,0.27144
1463.95666,0.27686
1462.02786,0.27874
1460.09906,0.28437
1458.17027,0.29082
1456.24147,0.28241
1454.31267,0.26336
1452.38388,0.24754
1450.45508,0.23555
1448.52628,0.22378
1446.59749,0.20911
1444.66869,0.19383
1442.73989,0.18076
1440.81110,0.17112
1438.88230,0.16581
1436.95350,0.15979
1435.02471,0.14788
1433.09591,0.13660
1431.16711,0.12914
1429.23832,0.12189
1427.30952,0.11486
1425.38072,0.11045
1423.45193,0.10776
1421.52313,0.10718
1419.59433,0.10794
1417.66554,0.10327
1415.73674,0.09419
1413.80794,0.08765
1411.87915,0.08438
1409.95035,0.08221
1408.02155,0.08115
1406.09276,0.08126
1404.16396,0.08012
1402.23516,0.07861
1400.30637,0.07988
1398.37757,0.08223
1396.44877,0.08262
1394.51998,0.07971
1392.59118,0.07452
1390.66238,0.07182
1388.73359,0.07274
1386.80479,0.07235
1384.87599,0.06875
1382.94720,0.06577
1381.01840,0.06497
1379.08960,0.06519
1377.16081,0.06636
1375.23201,0.06790
1373.30321,0.06683
1371.37442,0.06365
1369.44562,0.06163
1367.51682,0.06102
1365.58803,0.06224
1363.65923,0.06509
1361.73043,0.06519
1359.80164,0.06175
1357.87284,0.05901
1355.94404,0.05820
1354.01525,0.05786
1352.08645,0.05749
1350.15765,0.05737
1348.22886,0.05727
1346.30006,0.05706
1344.37126,0.05752
1342.44247,0.05992
1340.51367,0.06336
1338.58487,0.06401
1336.65608,0.06115
1334.72728,0.05808
1332.79848,0.05649
1330.86969,0.05583
1328.94089,0.05539
1327.01209,0.05497
1325.08330,0.05464
1323.15450,0.05463
1321.22570,0.05521
1319.29691,0.05589
1317.36811,0.05580
1315.43931,0.05528
1313.51052,0.05484
1311.58172,0.05422
1309.65292,0.05362
1307.72413,0.05332
1305.79533,0.05315
1303.86653,0.05311
1301.93774,0.05328
1300.00894,0.05357
1298.08014,0.05390
1296.15135,0.05407
1294.22255,0.05403
1292.29375,0.05404
1290.36496,0.05428
1288.43616,0.05447
1286.50736,0.05424
1284.57857,0.05378
1282.64977,0.05349
1280.72097,0.05331
1278.79218,0.05303
1276.86338,0.05273
1274.93458,0.05266
1273.00579,0.05292
1271.07699,0.05314
1269.14820,0.05306
1267.21940,0.05294
1265.29060,0.05302
1263.36181,0.05329
1261.43301,0.05361
1259.50421,0.05372
1257.57542,0.05360
1255.64662,0.05355
1253.71782,0.05372
1251.78903,0.05403
1249.86023,0.05438
1247.93143,0.05471
1246.00264,0.05506
1244.07384,0.05543
1242.14504,0.05570
1240.21625,0.05581
1238.28745,0.05586
1236.35865,0.05587
1234.42986,0.05586
1232.50106,0.05589
1230.57226,0.05601
1228.64347,0.05614
1226.71467,0.05626
1224.78587,0.05635
1222.85708,0.05648
1220.92828,0.05678
1218.99948,0.05721
1217.07069,0.05770
1215.14189,0.05824
1213.21309,0.05885
1211.28430,0.05955
1209.35550,0.06031
1207.42670,0.06116
1205.49791,0.06213
1203.56911,0.06316
1201.64031,0.06422
1199.71152,0.06544
1197.78272,0.06684
1195.85392,0.06834
1193.92513,0.06993
1191.99633,0.07172
1190.06753,0.07379
1188.13874,0.07605
1186.20994,0.07835
1184.28114,0.08068
1182.35235,0.08331
1180.42355,0.08649
1178.49475,0.09022
1176.56596,0.09433
1174.63716,0.09867
1172.70836,0.10316
1170.77957,0.10785
1168.85077,0.11273
1166.92197,0.11762
1164.99318,0.12225
1163.06438,0.12633
1161.13558,0.12957
1159.20679,0.13168
1157.27799,0.13257
1155.34919,0.13219
1153.42040,0.13059
1151.49160,0.12801
1149.56280,0.12459
1147.63401,0.12046
1145.70521,0.11589
1143.77641,0.11109
1141.84762,0.10629
1139.91882,0.10166
1137.99002,0.09722
1136.06123,0.09300
1134.13243,0.08908
1132.20363,0.08553
1130.27484,0.08245
1128.34604,0.07980
1126.41724,0.07744
1124.48845,0.07535
1122.55965,0.07359
1120.63085,0.07217
1118.70206,0.07102
1116.77326,0.06998
1114.84446,0.06911
1112.91567,0.06846
1110.98687,0.06796
1109.05807,0.06757
1107.12928,0.06732
1105.20048,0.06718
1103.27168,0.06709
1101.34289,0.06704
1099.41409,0.06706
1097.48529,0.06712
1095.55650,0.06719
1093.62770,0.06729
1091.69890,0.06743
1089.77011,0.06763
1087.84131,0.06785
1085.91251,0.06797
1083.98372,0.06803
1082.05492,0.06815
1080.12612,0.06835
1078.19733,0.06861
1076.26853,0.06891
1074.33973,0.06926
1072.41094,0.06967
1070.48214,0.07009
1068.55334,0.07040
1066.62455,0.07062
1064.69575,0.07082
1062.76695,0.07091
1060.83816,0.07076
1058.90936,0.07045
1056.98056,0.07017
1055.05177,0.06988
1053.12297,0.06945
1051.19417,0.06894
1049.26538,0.06836
1047.33658,0.06778
1045.40778,0.06720
1043.47899,0.06654
1041.55019,0.06571
1039.62139,0.06477
1037.69260,0.06389
1035.76380,0.06305
1033.83500,0.06216
1031.90621,0.06130
1029.97741,0.06054
1028.04861,0.05978
1026.11982,0.05904
1024.19102,0.05849
1022.26222,0.05811
1020.33343,0.05774
1018.40463,0.05737
1016.47583,0.05717
1014.54704,0.05715
1012.61824,0.05719
1010.68944,0.05714
1008.76065,0.05692
1006.83185,0.05654
1004.90305,0.05603
1002.97426,0.05542
1001.04546,0.05483
999.11666,0.05436
997.18787,0.05397
995.25907,0.05354
993.33027,0.05306
991.40148,0.05260
989.47268,0.05215
987.54388,0.05155
985.61509,0.05085
983.68629,0.05021
981.75749,0.04965
979.82870,0.04903
977.89990,0.04833
975.97110,0.04766
974.04231,0.04713
972.11351,0.04669
970.18471,0.04632
968.25592,0.04611
966.32712,0.04607
964.39832,0.04607
962.46953,0.04600
960.54073,0.04581
958.61193,0.04552
956.68314,0.04518
954.75434,0.04488
952.82554,0.04476
950.89675,0.04474
948.96795,0.04454
947.03915,0.04413
945.11036,0.04367
943.18156,0.04317
941.25276,0.04255
939.32397,0.04187
937.39517,0.04119
935.46637,0.04048
933.53758,0.03973
931.60878,0.03898
929.67998,0.03832
927.75119,0.03784
925.82239,0.03745
923.89359,0.03690
921.96480,0.03617
920.03600,0.03553
918.10720,0.03511
916.17841,0.03485
914.24961,0.03463
912.32081,0.03446
910.39202,0.03436
908.46322,0.03418
906.53443,0.03383
904.60563,0.03348
902.67683,0.03331
900.74804,0.03325
898.81924,0.03305
896.89044,0.03261
894.96165,0.03204
893.03285,0.03142
891.10405,0.03072
889.17526,0.02996
887.24646,0.02913
885.31766,0.02823
883.38887,0.02732
881.46007,0.02651
879.53127,0.02580
877.60248,0.02523
875.67368,0.02479
873.74488,0.02437
871.81609,0.02397
869.88729,0.02362
867.95849,0.02330
866.02970,0.02309
864.10090,0.02309
862.17210,0.02311
860.24331,0.02302
858.31451,0.02291
856.38571,0.02286
854.45692,0.02289
852.52812,0.02296
850.59932,0.02289
848.67053,0.02262
846.74173,0.02231
844.81293,0.02202
842.88414,0.02162
840.95534,0.02116
839.02654,0.02081
837.09775,0.02050
835.16895,0.02010
833.24015,0.01972
831.31136,0.01940
829.38256,0.01911
827.45376,0.01883
825.52497,0.01862
823.59617,0.01865
821.66737,0.01892
819.73858,0.01919
817.80978,0.01945
815.88098,0.01984
813.95219,0.02036
812.02339,0.02088
810.09459,0.02141
808.16580,0.02207
806.23700,0.02283
804.30820,0.02365
802.37941,0.02453
800.45061,0.02541
798.52181,0.02628
796.59302,0.02720
794.66422,0.02804
792.73542,0.02871
790.80663,0.02932
788.87783,0.02992
786.94903,0.03049
785.02024,0.03082
783.09144,0.03057
781.16264,0.02968
779.23385,0.02850
777.30505,0.02724
775.37625,0.02600
773.44746,0.02499
771.51866,0.02443
769.58986,0.02421
767.66107,0.02406
765.73227,0.02399
763.80347,0.02396
761.87468,0.02382
759.94588,0.02386
758.01708,0.02430
756.08829,0.02484
754.15949,0.02513
752.23069,0.02526
750.30190,0.02536
748.37310,0.02538
