3496.90832,0.07153
3494.97953,0.07227
3493.05073,0.07098
3491.12193,0.06826
3489.19314,0.07025
3487.26434,0.07436
3485.33554,0.07114
3483.40675,0.06656
3481.47795,0.06911
3479.54915,0.07270
3477.62036,0.07239
3475.69156,0.07219
3473.76276,0.07348
3471.83397,0.07206
3469.90517,0.06631
3467.97637,0.06081
3466.04758,0.06097
3464.11878,0.06602
3462.18998,0.06956
3460.26119,0.06740
3458.33239,0.06052
3456.40359,0.05470
3454.47480,0.05562
3452.54600,0.05972
3450.61721,0.06103
3448.68841,0.06135
3446.75961,0.06433
3444.83082,0.06670
3442.90202,0.06392
3440.97322,0.05659
3439.04443,0.04760
3437.11563,0.04226
3435.18683,0.04540
3433.25804,0.05265
3431.32924,0.05458
3429.40044,0.05217
3427.47165,0.05292
3425.54285,0.05787
3423.61405,0.06229
3421.68526,0.06166
3419.75646,0.06065
3417.82766,0.06456
3415.89887,0.06404
3413.97007,0.05276
3412.04127,0.03918
3410.11248,0.03313
3408.18368,0.03433
3406.25488,0.03502
3404.32609,0.03301
3402.39729,0.03469
3400.46849,0.04121
3398.53970,0.04415
3396.61090,0.03907
3394.68210,0.03517
3392.75331,0.03934
3390.82451,0.04614
3388.89571,0.05033
3386.96692,0.05219
3385.03812,0.05303
3383.10932,0.05428
3381.18053,0.05545
3379.25173,0.05462
3377.32293,0.05439
3375.39414,0.05472
3373.46534,0.05265
3371.53654,0.05386
3369.60775,0.06113
3367.67895,0.07105
3365.75015,0.07815
3363.82136,0.07516
3361.89256,0.06507
3359.96376,0.05599
3358.03497,0.05248
3356.10617,0.05759
3354.17737,0.06540
3352.24858,0.06761
3350.31978,0.06750
3348.39098,0.06940
3346.46219,0.06636
3344.53339,0.05638
3342.60459,0.04951
3340.67580,0.05202
3338.74700,0.06013
3336.81820,0.06241
3334.88941,0.05639
3332.96061,0.05385
3331.03181,0.06063
3329.10302,0.06821
3327.17422,0.06587
3325.24542,0.05736
3323.31663,0.05254
3321.38783,0.05242
3319.45903,0.05615
3317.53024,0.06094
3315.60144,0.05870
3313.67264,0.05156
3311.74385,0.04687
3309.81505,0.04356
3307.88625,0.04327
3305.95746,0.04544
3304.02866,0.04200
3302.09986,0.03632
3300.17107,0.03644
3298.24227,0.03856
3296.31347,0.03758
3294.38468,0.03258
3292.45588,0.02649
3290.52708,0.02614
3288.59829,0.03296
3286.66949,0.03732
3284.74069,0.03370
3282.81190,0.03060
3280.88310,0.03269
3278.95430,0.03727
3277.02551,0.04299
3275.09671,0.04509
3273.16791,0.04193
3271.23912,0.03930
3269.31032,0.03843
3267.38152,0.03738
3265.45273,0.03870
3263.52393,0.04027
3261.59513,0.03796
3259.66634,0.03669
3257.73754,0.04045
3255.80874,0.04561
3253.87995,0.04712
3251.95115,0.04647
3250.02235,0.04825
3248.09356,0.04937
3246.16476,0.04622
3244.23596,0.04126
3242.30717,0.03513
3240.37837,0.02946
3238.44957,0.03074
3236.52078,0.03877
3234.59198,0.04439
3232.66318,0.04367
3230.73439,0.04224
3228.80559,0.04152
3226.87679,0.03590
3224.94800,0.02925
3223.01920,0.03215
3221.09040,0.04336
3219.16161,0.05423
3217.23281,0.06183
3215.30401,0.06680
3213.37522,0.06651
3211.44642,0.06165
3209.51762,0.05772
3207.58883,0.05483
3205.66003,0.05326
3203.73123,0.05441
3201.80244,0.05303
3199.87364,0.04770
3197.94484,0.04537
3196.01605,0.04690
3194.08725,0.04758
3192.15845,0.04764
3190.22966,0.05054
3188.30086,0.05477
3186.37206,0.05251
3184.44327,0.04458
3182.51447,0.04120
3180.58567,0.04288
3178.65688,0.04516
3176.72808,0.04777
3174.79928,0.04865
3172.87049,0.04628
3170.94169,0.04331
3169.01289,0.04175
3167.08410,0.04128
3165.15530,0.04268
3163.22650,0.04579
3161.29771,0.04632
3159.36891,0.04221
3157.44011,0.03852
3155.51132,0.03949
3153.58252,0.04206
3151.65372,0.04177
3149.72493,0.03926
3147.79613,0.03853
3145.86733,0.03951
3143.93854,0.03940
3142.00974,0.03943
3140.08094,0.04009
3138.15215,0.03971
3136.22335,0.03926
3134.29455,0.03907
3132.36576,0.03753
3130.43696,0.03530
3128.50816,0.03412
3126.57937,0.03487
3124.65057,0.03701
3122.72177,0.03890
3120.79298,0.03997
3118.86418,0.04035
3116.93538,0.04000
3115.00659,0.03906
3113.07779,0.03828
3111.14899,0.03819
3109.22020,0.03745
3107.29140,0.03665
3105.36260,0.03717
3103.43381,0.03707
3101.50501,0.03594
3099.57621,0.03517
3097.64742,0.03456
3095.71862,0.03431
3093.78982,0.03438
3091.86103,0.03363
3089.93223,0.03315
3088.00344,0.03454
3086.07464,0.03599
3084.14584,0.03624
3082.21705,0.03654
3080.28825,0.03731
3078.35945,0.03787
3076.43066,0.03781
3074.50186,0.03765
3072.57306,0.03785
3070.64427,0.03770
3068.71547,0.03667
3066.78667,0.03583
3064.85788,0.03608
3062.92908,0.03637
3061.00028,0.03598
3059.07149,0.03570
3057.14269,0.03635
3055.21389,0.03722
3053.28510,0.03687
3051.35630,0.03609
3049.42750,0.03617
3047.49871,0.03582
3045.56991,0.03464
3043.64111,0.03443
3041.71232,0.03553
3039.78352,0.03695
3037.85472,0.03819
3035.92593,0.03914
3033.99713,0.03969
3032.06833,0.03967
3030.13954,0.03912
3028.21074,0.03868
3026.28194,0.03842
3024.35315,0.03789
3022.42435,0.03761
3020.49555,0.03811
3018.56676,0.03874
3016.63796,0.03918
3014.70916,0.03981
3012.78037,0.04069
3010.85157,0.04143
3008.92277,0.04168
3006.99398,0.04159
3005.06518,0.04141
3003.13638,0.04097
3001.20759,0.04013
2999.27879,0.03945
2997.34999,0.03949
2995.42120,0.04004
2993.49240,0.04061
2991.56360,0.04110
2989.63481,0.04163
2987.70601,0.04203
2985.77721,0.04203
2983.84842,0.04199
2981.91962,0.04234
2979.99082,0.04280
2978.06203,0.04317
2976.13323,0.04354
2974.20443,0.04368
2972.27564,0.04366
2970.34684,0.04385
2968.41804,0.04396
2966.48925,0.04372
2964.56045,0.04378
2962.63165,0.04467
2960.70286,0.04574
2958.77406,0.04636
2956.84526,0.04651
2954.91647,0.04627
2952.98767,0.04606
2951.05887,0.04607
2949.13008,0.04616
2947.20128,0.04647
2945.27248,0.04703
2943.34369,0.04726
2941.41489,0.04709
2939.48609,0.04728
2937.55730,0.04806
2935.62850,0.04876
2933.69970,0.04902
2931.77091,0.04918
2929.84211,0.04958
2927.91331,0.05023
2925.98452,0.05093
2924.05572,0.05133
2922.12692,0.05151
2920.19813,0.05173
2918.26933,0.05185
2916.34053,0.05167
2914.41174,0.05108
2912.48294,0.05014
2910.55414,0.04920
2908.62535,0.04838
2906.69655,0.04779
2904.76775,0.04765
2902.83896,0.04770
2900.91016,0.04758
2898.98136,0.04764
2897.05257,0.04788
2895.12377,0.04769
2893.19497,0.04728
2891.26618,0.04728
2889.33738,0.04743
2887.40858,0.04717
2885.47979,0.04670
2883.55099,0.04658
2881.62219,0.04699
2879.69340,0.04740
2877.76460,0.04752
2875.83580,0.04778
2873.90701,0.04833
2871.97821,0.04873
2870.04941,0.04868
2868.12062,0.04851
2866.19182,0.04865
2864.26302,0.04897
2862.33423,0.04918
2860.40543,0.04942
2858.47663,0.04996
2856.54784,0.05044
2854.61904,0.05053
2852.69024,0.05047
2850.76145,0.05043
2848.83265,0.05036
2846.90385,0.05013
2844.97506,0.04970
2843.04626,0.04924
2841.11746,0.04902
2839.18867,0.04913
2837.25987,0.04937
2835.33107,0.04953
2833.40228,0.04964
2831.47348,0.04981
2829.54468,0.04991
2827.61589,0.04991
2825.68709,0.04985
2823.75829,0.04983
2821.82950,0.04994
2819.90070,0.05005
2817.97190,0.04992
2816.04311,0.04965
2814.11431,0.04943
2812.18551,0.04930
2810.25672,0.04923
2808.32792,0.04911
2806.39912,0.04887
2804.47033,0.04861
2802.54153,0.04847
2800.61273,0.04851
2798.68394,0.04866
2796.75514,0.04860
2794.82634,0.04818
2792.89755,0.04780
2790.96875,0.04769
2789.03995,0.04779
2787.11116,0.04778
2785.18236,0.04751
2783.25356,0.04734
2781.32477,0.04744
2779.39597,0.04741
2777.46717,0.04715
2775.53838,0.04679
2773.60958,0.04641
2771.68078,0.04617
2769.75199,0.04616
2767.82319,0.04637
2765.89439,0.04656
2763.96560,0.04640
2762.03680,0.04601
2760.10800,0.04571
2758.17921,0.04560
2756.25041,0.04553
2754.32161,0.04534
2752.39282,0.04509
2750.46402,0.04507
2748.53522,0.04527
2746.60643,0.04539
2744.67763,0.04540
2742.74883,0.04537
2740.82004,0.04533
2738.89124,0.04536
2736.96244,0.04548
2735.03365,0.04575
2733.10485,0.04611
2731.17605,0.04621
2729.24726,0.04606
2727.31846,0.04600
2725.38967,0.04603
2723.46087,0.04584
2721.53207,0.04560
2719.60328,0.04559
2717.67448,0.04555
2715.74568,0.04534
2713.81689,0.04523
2711.88809,0.04527
2709.95929,0.04524
2708.03050,0.04513
2706.10170,0.04517
2704.17290,0.04529
2702.24411,0.04527
2700.31531,0.04507
2698.38651,0.04498
2696.45772,0.04503
2694.52892,0.04508
2692.60012,0.04513
2690.67133,0.04521
2688.74253,0.04531
2686.81373,0.04542
2684.88494,0.04554
2682.95614,0.04571
2681.02734,0.04581
2679.09855,0.04580
2677.16975,0.04574
2675.24095,0.04566
2673.31216,0.04555
2671.38336,0.04538
2669.45456,0.04517
2667.52577,0.04510
2665.59697,0.04511
2663.66817,0.04504
2661.73938,0.04495
2659.81058,0.04483
2657.88178,0.04460
2655.95299,0.04437
2654.02419,0.04426
2652.09539,0.04426
2650.16660,0.04432
2648.23780,0.04446
2646.30900,0.04469
2644.38021,0.04489
2642.45141,0.04503
2640.52261,0.04511
2638.59382,0.04513
2636.66502,0.04525
2634.73622,0.04544
2632.80743,0.04556
2630.87863,0.04570
2628.94983,0.04590
2627.02104,0.04606
2625.09224,0.04621
2623.16344,0.04636
2621.23465,0.04639
2619.30585,0.04634
2617.37705,0.04618
2615.44826,0.04590
2613.51946,0.04564
2611.59066,0.04551
2609.66187,0.04544
2607.73307,0.04541
2605.80427,0.04555
2603.87548,0.04583
2601.94668,0.04602
2600.01788,0.04597
2598.08909,0.04581
2596.16029,0.04574
2594.23149,0.04579
2592.30270,0.04611
2590.37390,0.04676
2588.44510,0.04706
2586.51631,0.04653
2584.58751,0.04601
2582.65871,0.04611
2580.72992,0.04614
2578.80112,0.04602
2576.87232,0.04634
2574.94353,0.04667
2573.01473,0.04637
2571.08593,0.04600
2569.15714,0.04608
2567.22834,0.04628
2565.29954,0.04618
2563.37075,0.04567
2561.44195,0.04518
2559.51315,0.04511
2557.58436,0.04524
2555.65556,0.04529
2553.72676,0.04501
2551.79797,0.04464
2549.86917,0.04499
2547.94037,0.04579
2546.01158,0.04618
2544.08278,0.04627
2542.15398,0.04615
2540.22519,0.04585
2538.29639,0.04582
2536.36759,0.04590
2534.43880,0.04595
2532.51000,0.04622
2530.58120,0.04627
2528.65241,0.04586
2526.72361,0.04553
2524.79481,0.04529
2522.86602,0.04498
2520.93722,0.04502
2519.00842,0.04525
2517.07963,0.04520
2515.15083,0.04515
2513.22203,0.04516
2511.29324,0.04467
2509.36444,0.04389
2507.43564,0.04377
2505.50685,0.04419
2503.57805,0.04429
2501.64925,0.04401
2499.72046,0.04382
2497.79166,0.04379
2495.86286,0.04394
2493.93407,0.04435
2492.00527,0.04454
2490.07647,0.04414
2488.14768,0.04372
2486.21888,0.04395
2484.29008,0.04450
2482.36129,0.04472
2480.43249,0.04454
2478.50369,0.04439
2476.57490,0.04453
2474.64610,0.04459
2472.71730,0.04413
2470.78851,0.04363
2468.85971,0.04362
2466.93091,0.04384
2465.00212,0.04394
2463.07332,0.04388
2461.14452,0.04370
2459.21573,0.04350
2457.28693,0.04333
2455.35813,0.04315
2453.42934,0.04309
2451.50054,0.04316
2449.57174,0.04300
2447.64295,0.04253
2445.71415,0.04233
2443.78535,0.04259
2441.85656,0.04274
2439.92776,0.04268
2437.99896,0.04275
2436.07017,0.04266
2434.14137,0.04240
2432.21257,0.04241
2430.28378,0.04245
2428.35498,0.04237
2426.42618,0.04250
2424.49739,0.04275
2422.56859,0.04273
2420.63979,0.04229
2418.71100,0.04162
2416.78220,0.04111
2414.85340,0.04078
2412.92461,0.04043
2410.99581,0.04016
2409.06701,0.04018
2407.13822,0.04020
2405.20942,0.03985
2403.28062,0.03943
2401.35183,0.03930
2399.42303,0.03918
2397.49423,0.03893
2395.56544,0.03894
2393.63664,0.03924
2391.70784,0.03969
2389.77905,0.04059
2387.85025,0.04264
2385.92145,0.04669
2383.99266,0.05341
2382.06386,0.06299
2380.13506,0.07486
2378.20627,0.08786
2376.27747,0.10099
2374.34867,0.11419
2372.41988,0.12770
2370.49108,0.14106
2368.56228,0.15366
2366.63349,0.16500
2364.70469,0.17413
2362.77589,0.18030
2360.84710,0.18305
2358.91830,0.18126
2356.98951,0.17414
2355.06071,0.16184
2353.13191,0.14518
2351.20312,0.12832
2349.27432,0.11948
2347.34552,0.12367
2345.41673,0.13623
2343.48793,0.14495
2341.55913,0.14589
2339.63034,0.14368
2337.70154,0.14073
2335.77274,0.13827
2333.84395,0.13754
2331.91515,0.13756
2329.98635,0.13554
2328.05756,0.13129
2326.12876,0.12744
2324.19996,0.12509
2322.27117,0.12191
2320.34237,0.11537
2318.41357,0.10664
2316.48478,0.09900
2314.55598,0.09409
2312.62718,0.09070
2310.69839,0.08679
2308.76959,0.08166
2306.84079,0.07577
2304.91200,0.06999
2302.98320,0.06534
2301.05440,0.06183
2299.12561,0.05877
2297.19681,0.05623
2295.26801,0.05436
2293.33922,0.05247
2291.41042,0.05015
2289.48162,0.04780
2287.55283,0.04594
2285.62403,0.04464
2283.69523,0.04390
2281.76644,0.04393
2279.83764,0.04460
2277.90884,0.04544
2275.98005,0.04633
2274.05125,0.04711
2272.12245,0.04761
2270.19366,0.04765
2268.26486,0.04718
2266.33606,0.04682
2264.40727,0.04710
2262.47847,0.04772
2260.54967,0.04814
2258.62088,0.04845
2256.69208,0.04889
2254.76328,0.04857
2252.83449,0.04719
2250.90569,0.04631
2248.97689,0.04670
2247.04810,0.04751
2245.11930,0.04808
2243.19050,0.04846
2241.26171,0.04872
2239.33291,0.04862
2237.40411,0.04830
2235.47532,0.04845
2233.54652,0.04890
2231.61772,0.04911
2229.68893,0.04954
2227.76013,0.05036
2225.83133,0.05110
2223.90254,0.05175
2221.97374,0.05180
2220.04494,0.05096
2218.11615,0.05053
2216.18735,0.05125
2214.25855,0.05229
2212.32976,0.05247
2210.40096,0.05231
2208.47216,0.05250
2206.54337,0.05146
2204.61457,0.04969
2202.68577,0.05001
2200.75698,0.05256
2198.82818,0.05508
2196.89938,0.05546
2194.97059,0.05444
2193.04179,0.05486
2191.11299,0.05682
2189.18420,0.05828
2187.25540,0.05825
2185.32660,0.05696
2183.39781,0.05630
2181.46901,0.05828
2179.54021,0.06143
2177.61142,0.06322
2175.68262,0.06306
2173.75382,0.06142
2171.82503,0.06027
2169.89623,0.06127
2167.96743,0.06327
2166.03864,0.06478
2164.10984,0.06603
2162.18104,0.06804
2160.25225,0.07090
2158.32345,0.07169
2156.39465,0.06753
2154.46586,0.06147
2152.53706,0.05793
2150.60826,0.05650
2148.67947,0.05459
2146.75067,0.05217
2144.82187,0.05079
2142.89308,0.05015
2140.96428,0.04896
2139.03548,0.04756
2137.10669,0.04661
2135.17789,0.04527
2133.24909,0.04325
2131.32030,0.04146
2129.39150,0.03985
2127.46270,0.03816
2125.53391,0.03710
2123.60511,0.03664
2121.67631,0.03610
2119.74752,0.03565
2117.81872,0.03570
2115.88992,0.03593
2113.96113,0.03586
2112.03233,0.03570
2110.10353,0.03575
2108.17474,0.03597
2106.24594,0.03647
2104.31714,0.03720
2102.38835,0.03763
2100.45955,0.03763
2098.53075,0.03740
2096.60196,0.03702
2094.67316,0.03653
2092.74436,0.03598
2090.81557,0.03548
2088.88677,0.03541
2086.95797,0.03600
2085.02918,0.03686
2083.10038,0.03730
2081.17158,0.03697
2079.24279,0.03613
2077.31399,0.03582
2075.38519,0.03635
2073.45640,0.03689
2071.52760,0.03727
2069.59880,0.03792
2067.67001,0.03869
2065.74121,0.03880
2063.81241,0.03830
2061.88362,0.03777
2059.95482,0.03720
2058.02602,0.03683
2056.09723,0.03691
2054.16843,0.03733
2052.23963,0.03846
2050.31084,0.04054
2048.38204,0.04325
2046.45324,0.04598
2044.52445,0.04806
2042.59565,0.04895
2040.66685,0.04887
2038.73806,0.04831
2036.80926,0.04726
2034.88046,0.04732
2032.95167,0.04950
2031.02287,0.05082
2029.09407,0.04955
2027.16528,0.04740
2025.23648,0.04604
2023.30768,0.04596
2021.37889,0.04639
2019.45009,0.04696
2017.52129,0.04762
2015.59250,0.04706
2013.66370,0.04525
2011.73490,0.04435
2009.80611,0.04517
2007.87731,0.04525
2005.94851,0.04264
2004.01972,0.03998
2002.09092,0.03955
2000.16212,0.03982
1998.23333,0.03944
1996.30453,0.03935
1994.37574,0.04058
1992.44694,0.04241
1990.51814,0.04293
1988.58935,0.04174
1986.66055,0.04034
1984.73175,0.03984
1982.80296,0.04052
1980.87416,0.04250
1978.94536,0.04444
1977.01657,0.04404
1975.08777,0.04216
1973.15897,0.04049
1971.23018,0.03864
1969.30138,0.03759
1967.37258,0.03858
1965.44379,0.03962
1963.51499,0.03918
1961.58619,0.03870
1959.65740,0.03822
1957.72860,0.03676
1955.79980,0.03511
1953.87101,0.03403
1951.94221,0.03373
1950.01341,0.03411
1948.08462,0.03442
1946.15582,0.03507
1944.22702,0.03698
1942.29823,0.03760
1940.36943,0.03496
1938.44063,0.03198
1936.51184,0.03106
1934.58304,0.03153
1932.65424,0.03155
1930.72545,0.03073
1928.79665,0.03009
1926.86785,0.03035
1924.93906,0.03165
1923.01026,0.03282
1921.08146,0.03334
1919.15267,0.03376
1917.22387,0.03270
1915.29507,0.03022
1913.36628,0.02926
1911.43748,0.03035
1909.50868,0.03124
1907.57989,0.03059
1905.65109,0.02947
1903.72229,0.02907
1901.79350,0.02906
1899.86470,0.02906
1897.93590,0.02968
1896.00711,0.03068
1894.07831,0.03120
1892.14951,0.03205
1890.22072,0.03324
1888.29192,0.03264
1886.36312,0.03082
1884.43433,0.02978
1882.50553,0.02941
1880.57673,0.02910
1878.64794,0.02870
1876.71914,0.02832
1874.79034,0.02832
1872.86155,0.02993
1870.93275,0.03392
1869.00395,0.03692
1867.07516,0.03490
1865.14636,0.03073
1863.21756,0.02837
1861.28877,0.02769
1859.35997,0.02754
1857.43117,0.02741
1855.50238,0.02724
1853.57358,0.02737
1851.64478,0.02817
1849.71599,0.02996
1847.78719,0.03288
1845.85839,0.03647
1843.92960,0.03723
1842.00080,0.03370
1840.07200,0.03068
1838.14321,0.03007
1836.21441,0.02995
1834.28561,0.03028
1832.35682,0.03288
1830.42802,0.03601
1828.49922,0.03612
1826.57043,0.03480
1824.64163,0.03310
1822.71283,0.03013
1820.78404,0.02789
1818.85524,0.02748
1816.92644,0.02752
1814.99765,0.02783
1813.06885,0.02930
1811.14005,0.03076
1809.21126,0.03032
1807.28246,0.02891
1805.35366,0.02899
1803.42487,0.03151
1801.49607,0.03433
1799.56727,0.03453
1797.63848,0.03346
1795.70968,0.03464
1793.78088,0.03831
1791.85209,0.03939
1789.92329,0.03515
1787.99449,0.03151
1786.06570,0.03138
1784.13690,0.03230
1782.20810,0.03298
1780.27931,0.03302
1778.35051,0.03226
1776.42171,0.03325
1774.49292,0.03758
1772.56412,0.04157
1770.63532,0.04043
1768.70653,0.03616
1766.77773,0.03202
1764.84893,0.03066
1762.92014,0.03250
1760.99134,0.03355
1759.06254,0.03305
1757.13375,0.03277
1755.20495,0.03253
1753.27615,0.03506
1751.34736,0.04095
1749.41856,0.04383
1747.48976,0.04148
1745.56097,0.03871
1743.63217,0.03792
1741.70337,0.03832
1739.77458,0.03809
1737.84578,0.03823
1735.91698,0.04243
1733.98819,0.04683
1732.05939,0.04324
1730.13059,0.03668
1728.20180,0.03170
1726.27300,0.02932
1724.34420,0.02956
1722.41541,0.03145
1720.48661,0.03719
1718.55781,0.04673
1716.62902,0.05078
1714.70022,0.04544
1712.77142,0.03908
1710.84263,0.03693
1708.91383,0.03989
1706.98503,0.04639
1705.05624,0.05264
1703.12744,0.05929
1701.19864,0.07000
1699.26985,0.07910
1697.34105,0.08260
1695.41225,0.08402
1693.48346,0.08494
1691.55466,0.09070
1689.62586,0.10282
1687.69707,0.11829
1685.76827,0.13891
1683.83947,0.16019
1681.91068,0.16899
1679.98188,0.17401
1678.05308,0.18451
1676.12429,0.20032
1674.19549,0.21591
1672.26669,0.22874
1670.33790,0.24131
1668.40910,0.24884
1666.48030,0.25100
1664.55151,0.25570
1662.62271,0.26155
1660.69391,0.26282
1658.76512,0.26312
1656.83632,0.26893
1654.90752,0.28182
1652.97873,0.28965
1651.04993,0.28393
1649.12113,0.28347
1647.19234,0.28944
1645.26354,0.29091
1643.33474,0.29093
1641.40595,0.29805
1639.47715,0.31321
1637.54835,0.33540
1635.61956,0.35863
1633.69076,0.37183
1631.76197,0.38154
1629.83317,0.39641
1627.90437,0.41348
1625.97558,0.42751
1624.04678,0.43729
1622.11798,0.44071
1620.18919,0.44074
1618.26039,0.44230
1616.33159,0.44052
1614.40280,0.43338
1612.47400,0.42901
1610.54520,0.42989
1608.61641,0.43386
1606.68761,0.43946
1604.75881,0.44724
1602.83002,0.45688
1600.90122,0.46660
1598.97242,0.47537
1597.04363,0.48271
1595.11483,0.48713
1593.18603,0.48684
1591.25724,0.48182
1589.32844,0.47236
1587.39964,0.45886
1585.47085,0.44242
1583.54205,0.42384
1581.61325,0.40448
1579.68446,0.38762
1577.75566,0.37191
1575.82686,0.34880
1573.89807,0.32384
1571.96927,0.30665
1570.04047,0.29095
1568.11168,0.27175
1566.18288,0.25407
1564.25408,0.24128
1562.32529,0.23684
1560.39649,0.24039
1558.46769,0.23314
1556.53890,0.21119
1554.61010,0.19358
1552.68130,0.18186
1550.75251,0.17350
1548.82371,0.16643
1546.89491,0.16307
1544.96612,0.16548
1543.03732,0.17044
1541.10852,0.17173
1539.17973,0.16015
1537.25093,0.14560
1535.32213,0.13998
1533.39334,0.13733
1531.46454,0.13121
1529.53574,0.12734
1527.60695,0.12827
1525.67815,0.12995
1523.74935,0.13201
1521.82056,0.13341
1519.89176,0.13043
1517.96296,0.12596
1516.03417,0.12067
1514.10537,0.11514
1512.17657,0.11462
1510.24778,0.12189
1508.31898,0.13312
1506.39018,0.13213
1504.46139,0.11768
1502.53259,0.11002
1500.60379,0.11206
1498.67500,0.11853
1496.74620,0.12258
1494.81740,0.12312
1492.88861,0.12777
1490.95981,0.13961
1489.03101,0.15055
1487.10222,0.15426
1485.17342,0.15715
1483.24462,0.16463
1481.31583,0.17610
1479.38703,0.18975
1477.45823,0.20633
1475.52944,0.22576
1473.60064,0.24388
1471.67184,0.25387
1469.74305,0.25690
1467.81425,0.26221
1465.88545,0.27118
1463.95666,0.27664
1462.02786,0.27858
1460.09906,0.28417
1458.17027,0.29051
1456.24147,0.28210
1454.31267,0.26317
1452.38388,0.24741
1450.45508,0.23545
1448.52628,0.22369
1446.59749,0.20903
1444.66869,0.19373
1442.73989,0.18062
1440.81110,0.17092
1438.88230,0.16554
1436.95350,0.15946
1435.02471,0.14758
1433.09591,0.13633
1431.16711,0.12885
1429.23832,0.12158
1427.30952,0.11461
1425.38072,0.11026
1423.45193,0.10761
1421.52313,0.10702
1419.59433,0.10777
1417.66554,0.10318
1415.73674,0.09422
1413.80794,0.08778
1411.87915,0.08457
1409.95035,0.08242
1408.02155,0.08135
1406.09276,0.08144
1404.16396,0.08028
1402.23516,0.07878
1400.30637,0.08001
1398.37757,0.08230
1396.44877,0.08262
1394.51998,0.07967
1392.59118,0.07446
1390.66238,0.07172
1388.73359,0.07259
1386.80479,0.07217
1384.87599,0.06857
1382.94720,0.06560
1381.01840,0.06480
1379.08960,0.06504
1377.16081,0.06624
1375.23201,0.06779
1373.30321,0.06676
1371.37442,0.06367
1369.44562,0.06173
1367.51682,0.06116
1365.58803,0.06241
1363.65923,0.06524
1361.73043,0.06537
1359.80164,0.06201
1357.87284,0.05932
1355.94404,0.05850
1354.01525,0.05813
1352.08645,0.05772
1350.15765,0.05755
1348.22886,0.05739
1346.30006,0.05714
1344.37126,0.05756
1342.44247,0.05991
1340.51367,0.06329
1338.58487,0.06390
1336.65608,0.06104
1334.72728,0.05799
1332.79848,0.05642
1330.86969,0.05578
1328.94089,0.05536
1327.01209,0.05496
1325.08330,0.05463
1323.15450,0.05466
1321.22570,0.05529
1319.29691,0.05603
1317.36811,0.05600
1315.43931,0.05554
1313.51052,0.05515
1311.58172,0.05456
1309.65292,0.05395
1307.72413,0.05365
1305.79533,0.05346
1303.86653,0.05338
1301.93774,0.05348
1300.00894,0.05371
1298.08014,0.05399
1296.15135,0.05412
1294.22255,0.05404
1292.29375,0.05403
1290.36496,0.05426
1288.43616,0.05442
1286.50736,0.05417
1284.57857,0.05370
1282.64977,0.05342
1280.72097,0.05326
1278.79218,0.05301
1276.86338,0.05273
1274.93458,0.05272
1273.00579,0.05304
1271.07699,0.05331
1269.14820,0.05328
1267.21940,0.05320
1265.29060,0.05331
1263.36181,0.05359
1261.43301,0.05392
1259.50421,0.05404
1257.57542,0.05392
1255.64662,0.05385
1253.71782,0.05397
1251.78903,0.05421
1249.86023,0.05450
1247.93143,0.05480
1246.00264,0.05510
1244.07384,0.05542
1242.14504,0.05564
1240.21625,0.05572
1238.28745,0.05575
1236.35865,0.05577
1234.42986,0.05578
1232.50106,0.05582
1230.57226,0.05597
1228.64347,0.05615
1226.71467,0.05630
1224.78587,0.05643
1222.85708,0.05661
1220.92828,0.05695
1218.99948,0.05746
1217.07069,0.05802
1215.14189,0.05859
1213.21309,0.05920
1211.28430,0.05988
1209.35550,0.06063
1207.42670,0.06147
1205.49791,0.06241
1203.56911,0.06339
1201.64031,0.06441
1199.71152,0.06558
1197.78272,0.06695
1195.85392,0.06841
1193.92513,0.06994
1191.99633,0.07168
1190.06753,0.07370
1188.13874,0.07592
1186.20994,0.07823
1184.28114,0.08060
1182.35235,0.08325
1180.42355,0.08644
1178.49475,0.09019
1176.56596,0.09434
1174.63716,0.09872
1172.70836,0.10329
1170.77957,0.10805
1168.85077,0.11297
1166.92197,0.11785
1164.99318,0.12245
1163.06438,0.12654
1161.13558,0.12979
1159.20679,0.13190
1157.27799,0.13275
1155.34919,0.13232
1153.42040,0.13069
1151.49160,0.12807
1149.56280,0.12459
1147.63401,0.12040
1145.70521,0.11579
1143.77641,0.11097
1141.84762,0.10617
1139.91882,0.10152
1137.99002,0.09705
1136.06123,0.09280
1134.13243,0.08889
1132.20363,0.08539
1130.27484,0.08240
1128.34604,0.07983
1126.41724,0.07754
1124.48845,0.07554
1122.55965,0.07386
1120.63085,0.07250
1118.70206,0.07135
1116.77326,0.07033
1114.84446,0.06948
1112.91567,0.06884
1110.98687,0.06831
1109.05807,0.06788
1107.12928,0.06760
1105.20048,0.06742
1103.27168,0.06728
1101.34289,0.06719
1099.41409,0.06717
1097.48529,0.06718
1095.55650,0.06722
1093.62770,0.06730
1091.69890,0.06741
1089.77011,0.06756
1087.84131,0.06774
1085.91251,0.06785
1083.98372,0.06794
1082.05492,0.06811
1080.12612,0.06837
1078.19733,0.06871
1076.26853,0.06909
1074.33973,0.06950
1072.41094,0.06998
1070.48214,0.07045
1068.55334,0.07077
1066.62455,0.07099
1064.69575,0.07120
1062.76695,0.07130
1060.83816,0.07111
1058.90936,0.07076
1056.98056,0.07042
1055.05177,0.07007
1053.12297,0.06960
1051.19417,0.06905
1049.26538,0.06845
1047.33658,0.06783
1045.40778,0.06719
1043.47899,0.06651
1041.55019,0.06568
1039.62139,0.06476
1037.69260,0.06387
1035.76380,0.06303
1033.83500,0.06217
1031.90621,0.06137
1029.97741,0.06064
1028.04861,0.05993
1026.11982,0.05925
1024.19102,0.05875
1022.26222,0.05843
1020.33343,0.05811
1018.40463,0.05777
1016.47583,0.05757
1014.54704,0.05754
1012.61824,0.05754
1010.68944,0.05743
1008.76065,0.05717
1006.83185,0.05677
1004.90305,0.05624
1002.97426,0.05560
1001.04546,0.05497
999.11666,0.05445
997.18787,0.05401
995.25907,0.05355
993.33027,0.05303
991.40148,0.05255
989.47268,0.05210
987.54388,0.05154
985.61509,0.05088
983.68629,0.05029
981.75749,0.04979
979.82870,0.04923
977.89990,0.04859
975.97110,0.04798
974.04231,0.04749
972.11351,0.04705
970.18471,0.04667
968.25592,0.04645
966.32712,0.04642
964.39832,0.04642
962.46953,0.04633
960.54073,0.04610
958.61193,0.04578
956.68314,0.04542
954.75434,0.04510
952.82554,0.04494
950.89675,0.04486
948.96795,0.04460
947.03915,0.04415
945.11036,0.04367
943.18156,0.04316
941.25276,0.04251
939.32397,0.04180
937.39517,0.04113
935.46637,0.04046
933.53758,0.03978
931.60878,0.03911
929.67998,0.03853
927.75119,0.03813
925.82239,0.03779
923.89359,0.03727
921.96480,0.03656
920.03600,0.03594
918.10720,0.03554
916.17841,0.03524
914.24961,0.03496
912.32081,0.03474
910.39202,0.03460
908.46322,0.03439
906.53443,0.03401
904.60563,0.03362
902.67683,0.03337
900.74804,0.03322
898.81924,0.03296
896.89044,0.03252
894.96165,0.03197
893.03285,0.03134
891.10405,0.03061
889.17526,0.02984
887.24646,0.02903
885.31766,0.02814
883.38887,0.02728
881.46007,0.02657
879.53127,0.02598
877.60248,0.02547
875.67368,0.02505
873.74488,0.02467
871.81609,0.02434
869.88729,0.02400
867.95849,0.02364
866.02970,0.02339
864.10090,0.02337
862.17210,0.02341
860.24331,0.02331
858.31451,0.02315
856.38571,0.02300
854.45692,0.02288
852.52812,0.02283
850.59932,0.02270
848.67053,0.02242
846.74173,0.02213
844.81293,0.02187
842.88414,0.02147
840.95534,0.02099
839.02654,0.02062
837.09775,0.02030
835.16895,0.01991
833.24015,0.01957
831.31136,0.01936
829.38256,0.01920
827.45376,0.01899
825.52497,0.01883
823.59617,0.01889
821.66737,0.01921
819.73858,0.01949
817.80978,0.01964
815.88098,0.01993
813.95219,0.02044
812.02339,0.02094
810.09459,0.02146
808.16580,0.02214
806.23700,0.02284
804.30820,0.02353
802.37941,0.02429
800.45061,0.02508
798.52181,0.02592
796.59302,0.02686
794.66422,0.02778
792.73542,0.02856
790.80663,0.02928
788.87783,0.03000
786.94903,0.03059
785.02024,0.03084
783.09144,0.03059
781.16264,0.02983
779.23385,0.02877
777.30505,0.02752
775.37625,0.02621
773.44746,0.02525
771.51866,0.02485
769.58986,0.02469
767.66107,0.02447
765.73227,0.02423
763.80347,0.02410
761.87468,0.02409
759.94588,0.02423
758.01708,0.02453
756.08829,0.02486
754.15949,0.02501
752.23069,0.02514
750.30190,0.02531
748.37310,0.02518
