3496.90832,0.07736
3494.97953,0.07435
3493.05073,0.06886
3491.12193,0.06556
3489.19314,0.06592
3487.26434,0.06625
3485.33554,0.06284
3483.40675,0.06151
3481.47795,0.06452
3479.54915,0.06491
3477.62036,0.06221
3475.69156,0.06364
3473.76276,0.07057
3471.83397,0.07384
3469.90517,0.06811
3467.97637,0.06096
3466.04758,0.06062
3464.11878,0.06660
3462.18998,0.07112
3460.26119,0.06911
3458.33239,0.06484
3456.40359,0.06347
3454.47480,0.06359
3452.54600,0.06250
3450.61721,0.06096
3448.68841,0.05766
3446.75961,0.05204
3444.83082,0.05031
3442.90202,0.05476
3440.97322,0.05835
3439.04443,0.05751
3437.11563,0.05597
3435.18683,0.05514
3433.25804,0.05404
3431.32924,0.05269
3429.40044,0.05280
3427.47165,0.05526
3425.54285,0.05766
3423.61405,0.05980
3421.68526,0.06170
3419.75646,0.06225
3417.82766,0.06200
3415.89887,0.05746
3413.97007,0.04755
3412.04127,0.03746
3410.11248,0.03300
3408.18368,0.03689
3406.25488,0.04315
3404.32609,0.04327
3402.39729,0.03977
3400.46849,0.03798
3398.53970,0.03571
3396.61090,0.03137
3394.68210,0.02970
3392.75331,0.03276
3390.82451,0.03719
3388.89571,0.04409
3386.96692,0.05381
3385.03812,0.05540
3383.10932,0.04684
3381.18053,0.04570
3379.25173,0.05747
3377.32293,0.06631
3375.39414,0.06375
3373.46534,0.05947
3371.53654,0.06083
3369.60775,0.06377
3367.67895,0.06541
3365.75015,0.06706
3363.82136,0.06762
3361.89256,0.06359
3359.96376,0.05372
3358.03497,0.04384
3356.10617,0.04286
3354.17737,0.04967
3352.24858,0.05482
3350.31978,0.05737
3348.39098,0.06241
3346.46219,0.06616
3344.53339,0.06523
3342.60459,0.06548
3340.67580,0.06810
3338.74700,0.06690
3336.81820,0.06172
3334.88941,0.06003
3332.96061,0.05985
3331.03181,0.05471
3329.10302,0.04895
3327.17422,0.04416
3325.24542,0.03856
3323.31663,0.03652
3321.38783,0.04004
3319.45903,0.04444
3317.53024,0.04601
3315.60144,0.04571
3313.67264,0.04682
3311.74385,0.04975
3309.81505,0.05199
3307.88625,0.05492
3305.95746,0.05590
3304.02866,0.04790
3302.09986,0.03796
3300.17107,0.03708
3298.24227,0.04203
3296.31347,0.04430
3294.38468,0.04172
3292.45588,0.03674
3290.52708,0.03098
3288.59829,0.02701
3286.66949,0.02544
3284.74069,0.02656
3282.81190,0.03363
3280.88310,0.04146
3278.95430,0.04299
3277.02551,0.04087
3275.09671,0.03770
3273.16791,0.03639
3271.23912,0.04007
3269.31032,0.04227
3267.38152,0.03780
3265.45273,0.03149
3263.52393,0.02781
3261.59513,0.03033
3259.66634,0.03771
3257.73754,0.04229
3255.80874,0.04327
3253.87995,0.04205
3251.95115,0.03964
3250.02235,0.03974
3248.09356,0.04019
3246.16476,0.03782
3244.23596,0.03583
3242.30717,0.03508
3240.37837,0.03433
3238.44957,0.03584
3236.52078,0.03932
3234.59198,0.04241
3232.66318,0.04502
3230.73439,0.04748
3228.80559,0.04734
3226.87679,0.04115
3224.94800,0.03307
3223.01920,0.03408
3221.09040,0.04655
3219.16161,0.05926
3217.23281,0.06473
3215.30401,0.06555
3213.37522,0.06200
3211.44642,0.05566
3209.51762,0.05166
3207.58883,0.05059
3205.66003,0.05038
3203.73123,0.05032
3201.80244,0.05095
3199.87364,0.05154
3197.94484,0.05194
3196.01605,0.05221
3194.08725,0.05103
3192.15845,0.05058
3190.22966,0.05499
3188.30086,0.05964
3186.37206,0.05566
3184.44327,0.04801
3182.51447,0.04605
3180.58567,0.04812
3178.65688,0.04980
3176.72808,0.04764
3174.79928,0.04163
3172.87049,0.03783
3170.94169,0.03995
3169.01289,0.04427
3167.08410,0.04519
3165.15530,0.04313
3163.22650,0.04116
3161.29771,0.03916
3159.36891,0.03630
3157.44011,0.03450
3155.51132,0.03632
3153.58252,0.03929
3151.65372,0.03885
3149.72493,0.03569
3147.79613,0.03530
3145.86733,0.03908
3143.93854,0.04166
3142.00974,0.04123
3140.08094,0.04021
3138.15215,0.03897
3136.22335,0.03775
3134.29455,0.03716
3132.36576,0.03791
3130.43696,0.04112
3128.50816,0.04422
3126.57937,0.04371
3124.65057,0.04121
3122.72177,0.03971
3120.79298,0.03953
3118.86418,0.04015
3116.93538,0.04022
3115.00659,0.03932
3113.07779,0.03895
3111.14899,0.03926
3109.22020,0.03947
3107.29140,0.04026
3105.36260,0.04079
3103.43381,0.03965
3101.50501,0.03822
3099.57621,0.03709
3097.64742,0.03519
3095.71862,0.03357
3093.78982,0.03320
3091.86103,0.03314
3089.93223,0.03338
3088.00344,0.03435
3086.07464,0.03556
3084.14584,0.03682
3082.21705,0.03780
3080.28825,0.03768
3078.35945,0.03681
3076.43066,0.03605
3074.50186,0.03537
3072.57306,0.03505
3070.64427,0.03518
3068.71547,0.03473
3066.78667,0.03420
3064.85788,0.03515
3062.92908,0.03660
3061.00028,0.03661
3059.07149,0.03532
3057.14269,0.03437
3055.21389,0.03496
3053.28510,0.03648
3051.35630,0.03725
3049.42750,0.03654
3047.49871,0.03541
3045.56991,0.03519
3043.64111,0.03568
3041.71232,0.03591
3039.78352,0.03573
3037.85472,0.03580
3035.92593,0.03660
3033.99713,0.03768
3032.06833,0.03839
3030.13954,0.03872
3028.21074,0.03902
3026.28194,0.03932
3024.35315,0.03910
3022.42435,0.03850
3020.49555,0.03817
3018.56676,0.03814
3016.63796,0.03824
3014.70916,0.03849
3012.78037,0.03893
3010.85157,0.03964
3008.92277,0.04014
3006.99398,0.03998
3005.06518,0.03966
3003.13638,0.03945
3001.20759,0.03895
2999.27879,0.03841
2997.34999,0.03824
2995.42120,0.03867
2993.49240,0.03954
2991.56360,0.04013
2989.63481,0.04051
2987.70601,0.04081
2985.77721,0.04048
2983.84842,0.03996
2981.91962,0.04019
2979.99082,0.04077
2978.06203,0.04111
2976.13323,0.04162
2974.20443,0.04237
2972.27564,0.04277
2970.34684,0.04279
2968.41804,0.04271
2966.48925,0.04274
2964.56045,0.04318
2962.63165,0.04399
2960.70286,0.04461
2958.77406,0.04481
2956.84526,0.04500
2954.91647,0.04535
2952.98767,0.04541
2951.05887,0.04536
2949.13008,0.04573
2947.20128,0.04600
2945.27248,0.04586
2943.34369,0.04592
2941.41489,0.04615
2939.48609,0.04623
2937.55730,0.04649
2935.62850,0.04726
2933.69970,0.04831
2931.77091,0.04917
2929.84211,0.04956
2927.91331,0.04960
2925.98452,0.04980
2924.05572,0.05018
2922.12692,0.05031
2920.19813,0.05005
2918.26933,0.04964
2916.34053,0.04934
2914.41174,0.04910
2912.48294,0.04865
2910.55414,0.04790
2908.62535,0.04702
2906.69655,0.04629
2904.76775,0.04612
2902.83896,0.04622
2900.91016,0.04601
2898.98136,0.04587
2897.05257,0.04606
2895.12377,0.04605
2893.19497,0.04573
2891.26618,0.04561
2889.33738,0.04582
2887.40858,0.04576
2885.47979,0.04510
2883.55099,0.04471
2881.62219,0.04526
2879.69340,0.04587
2877.76460,0.04590
2875.83580,0.04586
2873.90701,0.04608
2871.97821,0.04631
2870.04941,0.04622
2868.12062,0.04605
2866.19182,0.04614
2864.26302,0.04652
2862.33423,0.04707
2860.40543,0.04769
2858.47663,0.04836
2856.54784,0.04893
2854.61904,0.04901
2852.69024,0.04866
2850.76145,0.04857
2848.83265,0.04890
2846.90385,0.04899
2844.97506,0.04869
2843.04626,0.04839
2841.11746,0.04811
2839.18867,0.04773
2837.25987,0.04739
2835.33107,0.04733
2833.40228,0.04744
2831.47348,0.04753
2829.54468,0.04756
2827.61589,0.04739
2825.68709,0.04725
2823.75829,0.04748
2821.82950,0.04783
2819.90070,0.04795
2817.97190,0.04782
2816.04311,0.04756
2814.11431,0.04739
2812.18551,0.04733
2810.25672,0.04725
2808.32792,0.04717
2806.39912,0.04719
2804.47033,0.04717
2802.54153,0.04690
2800.61273,0.04665
2798.68394,0.04673
2796.75514,0.04677
2794.82634,0.04653
2792.89755,0.04626
2790.96875,0.04609
2789.03995,0.04602
2787.11116,0.04593
2785.18236,0.04553
2783.25356,0.04515
2781.32477,0.04516
2779.39597,0.04522
2777.46717,0.04499
2775.53838,0.04451
2773.60958,0.04402
2771.68078,0.04381
2769.75199,0.04399
2767.82319,0.04422
2765.89439,0.04431
2763.96560,0.04430
2762.03680,0.04417
2760.10800,0.04401
2758.17921,0.04390
2756.25041,0.04379
2754.32161,0.04366
2752.39282,0.04353
2750.46402,0.04359
2748.53522,0.04391
2746.60643,0.04419
2744.67763,0.04414
2742.74883,0.04387
2740.82004,0.04352
2738.89124,0.04321
2736.96244,0.04322
2735.03365,0.04353
2733.10485,0.04365
2731.17605,0.04342
2729.24726,0.04328
2727.31846,0.04338
2725.38967,0.04348
2723.46087,0.04340
2721.53207,0.04334
2719.60328,0.04351
2717.67448,0.04377
2715.74568,0.04392
2713.81689,0.04398
2711.88809,0.04395
2709.95929,0.04384
2708.03050,0.04369
2706.10170,0.04351
2704.17290,0.04335
2702.24411,0.04326
2700.31531,0.04327
2698.38651,0.04332
2696.45772,0.04332
2694.52892,0.04333
2692.60012,0.04344
2690.67133,0.04359
2688.74253,0.04361
2686.81373,0.04358
2684.88494,0.04363
2682.95614,0.04366
2681.02734,0.04360
2679.09855,0.04354
2677.16975,0.04345
2675.24095,0.04327
2673.31216,0.04314
2671.38336,0.04305
2669.45456,0.04294
2667.52577,0.04284
2665.59697,0.04278
2663.66817,0.04284
2661.73938,0.04295
2659.81058,0.04293
2657.88178,0.04282
2655.95299,0.04279
2654.02419,0.04285
2652.09539,0.04299
2650.16660,0.04315
2648.23780,0.04324
2646.30900,0.04327
2644.38021,0.04335
2642.45141,0.04356
2640.52261,0.04380
2638.59382,0.04385
2636.66502,0.04376
2634.73622,0.04382
2632.80743,0.04400
2630.87863,0.04395
2628.94983,0.04370
2627.02104,0.04358
2625.09224,0.04369
2623.16344,0.04371
2621.23465,0.04357
2619.30585,0.04352
2617.37705,0.04361
2615.44826,0.04365
2613.51946,0.04366
2611.59066,0.04377
2609.66187,0.04397
2607.73307,0.04407
2605.80427,0.04401
2603.87548,0.04404
2601.94668,0.04414
2600.01788,0.04422
2598.08909,0.04452
2596.16029,0.04500
2594.23149,0.04530
2592.30270,0.04534
2590.37390,0.04530
2588.44510,0.04503
2586.51631,0.04446
2584.58751,0.04405
2582.65871,0.04399
2580.72992,0.04385
2578.80112,0.04365
2576.87232,0.04383
2574.94353,0.04418
2573.01473,0.04429
2571.08593,0.04443
2569.15714,0.04474
2567.22834,0.04490
2565.29954,0.04474
2563.37075,0.04437
2561.44195,0.04406
2559.51315,0.04387
2557.58436,0.04360
2555.65556,0.04323
2553.72676,0.04300
2551.79797,0.04310
2549.86917,0.04361
2547.94037,0.04423
2546.01158,0.04440
2544.08278,0.04425
2542.15398,0.04413
2540.22519,0.04373
2538.29639,0.04303
2536.36759,0.04276
2534.43880,0.04318
2532.51000,0.04363
2530.58120,0.04352
2528.65241,0.04311
2526.72361,0.04282
2524.79481,0.04255
2522.86602,0.04227
2520.93722,0.04215
2519.00842,0.04228
2517.07963,0.04264
2515.15083,0.04313
2513.22203,0.04326
2511.29324,0.04277
2509.36444,0.04217
2507.43564,0.04205
2505.50685,0.04239
2503.57805,0.04257
2501.64925,0.04238
2499.72046,0.04233
2497.79166,0.04254
2495.86286,0.04258
2493.93407,0.04238
2492.00527,0.04209
2490.07647,0.04190
2488.14768,0.04208
2486.21888,0.04253
2484.29008,0.04278
2482.36129,0.04254
2480.43249,0.04216
2478.50369,0.04215
2476.57490,0.04245
2474.64610,0.04263
2472.71730,0.04236
2470.78851,0.04189
2468.85971,0.04174
2466.93091,0.04176
2465.00212,0.04170
2463.07332,0.04160
2461.14452,0.04139
2459.21573,0.04121
2457.28693,0.04138
2455.35813,0.04158
2453.42934,0.04143
2451.50054,0.04126
2449.57174,0.04130
2447.64295,0.04115
2445.71415,0.04078
2443.78535,0.04056
2441.85656,0.04054
2439.92776,0.04062
2437.99896,0.04054
2436.07017,0.04011
2434.14137,0.03978
2432.21257,0.03983
2430.28378,0.03992
2428.35498,0.03997
2426.42618,0.04015
2424.49739,0.04022
2422.56859,0.03996
2420.63979,0.03951
2418.71100,0.03907
2416.78220,0.03894
2414.85340,0.03912
2412.92461,0.03897
2410.99581,0.03854
2409.06701,0.03855
2407.13822,0.03877
2405.20942,0.03860
2403.28062,0.03834
2401.35183,0.03817
2399.42303,0.03776
2397.49423,0.03726
2395.56544,0.03705
2393.63664,0.03704
2391.70784,0.03718
2389.77905,0.03784
2387.85025,0.03964
2385.92145,0.04318
2383.99266,0.04899
2382.06386,0.05745
2380.13506,0.06830
2378.20627,0.08037
2376.27747,0.09263
2374.34867,0.10495
2372.41988,0.11749
2370.49108,0.13000
2368.56228,0.14174
2366.63349,0.15213
2364.70469,0.16047
2362.77589,0.16583
2360.84710,0.16808
2358.91830,0.16679
2356.98951,0.16046
2355.06071,0.14878
2353.13191,0.13324
2351.20312,0.11784
2349.27432,0.10979
2347.34552,0.11337
2345.41673,0.12408
2343.48793,0.13120
2341.55913,0.13184
2339.63034,0.13019
2337.70154,0.12811
2335.77274,0.12617
2333.84395,0.12543
2331.91515,0.12553
2329.98635,0.12393
2328.05756,0.12012
2326.12876,0.11661
2324.19996,0.11449
2322.27117,0.11174
2320.34237,0.10602
2318.41357,0.09809
2316.48478,0.09102
2314.55598,0.08667
2312.62718,0.08391
2310.69839,0.08044
2308.76959,0.07569
2306.84079,0.07047
2304.91200,0.06563
2302.98320,0.06162
2301.05440,0.05823
2299.12561,0.05513
2297.19681,0.05262
2295.26801,0.05066
2293.33922,0.04866
2291.41042,0.04663
2289.48162,0.04499
2287.55283,0.04372
2285.62403,0.04254
2283.69523,0.04143
2281.76644,0.04077
2279.83764,0.04105
2277.90884,0.04208
2275.98005,0.04298
2274.05125,0.04341
2272.12245,0.04401
2270.19366,0.04489
2268.26486,0.04565
2266.33606,0.04625
2264.40727,0.04648
2262.47847,0.04629
2260.54967,0.04620
2258.62088,0.04684
2256.69208,0.04801
2254.76328,0.04825
2252.83449,0.04687
2250.90569,0.04528
2248.97689,0.04458
2247.04810,0.04447
2245.11930,0.04522
2243.19050,0.04699
2241.26171,0.04822
2239.33291,0.04803
2237.40411,0.04732
2235.47532,0.04696
2233.54652,0.04701
2231.61772,0.04711
2229.68893,0.04741
2227.76013,0.04813
2225.83133,0.04868
2223.90254,0.04870
2221.97374,0.04850
2220.04494,0.04853
2218.11615,0.04928
2216.18735,0.05011
2214.25855,0.04970
2212.32976,0.04876
2210.40096,0.04934
2208.47216,0.05112
2206.54337,0.05202
2204.61457,0.05133
2202.68577,0.05018
2200.75698,0.05016
2198.82818,0.05155
2196.89938,0.05246
2194.97059,0.05203
2193.04179,0.05208
2191.11299,0.05298
2189.18420,0.05378
2187.25540,0.05507
2185.32660,0.05657
2183.39781,0.05719
2181.46901,0.05797
2179.54021,0.05890
2177.61142,0.05824
2175.68262,0.05731
2173.75382,0.05796
2171.82503,0.05931
2169.89623,0.06088
2167.96743,0.06164
2166.03864,0.06041
2164.10984,0.05999
2162.18104,0.06342
2160.25225,0.06821
2158.32345,0.06846
2156.39465,0.06332
2154.46586,0.05848
2152.53706,0.05682
2150.60826,0.05618
2148.67947,0.05430
2146.75067,0.05109
2144.82187,0.04741
2142.89308,0.04425
2140.96428,0.04245
2139.03548,0.04230
2137.10669,0.04254
2135.17789,0.04200
2133.24909,0.04099
2131.32030,0.04006
2129.39150,0.03879
2127.46270,0.03691
2125.53391,0.03547
2123.60511,0.03480
2121.67631,0.03400
2119.74752,0.03311
2117.81872,0.03295
2115.88992,0.03341
2113.96113,0.03364
2112.03233,0.03360
2110.10353,0.03396
2108.17474,0.03458
2106.24594,0.03490
2104.31714,0.03504
2102.38835,0.03511
2100.45955,0.03468
2098.53075,0.03372
2096.60196,0.03307
2094.67316,0.03296
2092.74436,0.03264
2090.81557,0.03233
2088.88677,0.03255
2086.95797,0.03271
2085.02918,0.03271
2083.10038,0.03299
2081.17158,0.03337
2079.24279,0.03372
2077.31399,0.03420
2075.38519,0.03451
2073.45640,0.03452
2071.52760,0.03501
2069.59880,0.03613
2067.67001,0.03688
2065.74121,0.03687
2063.81241,0.03668
2061.88362,0.03681
2059.95482,0.03701
2058.02602,0.03690
2056.09723,0.03657
2054.16843,0.03634
2052.23963,0.03655
2050.31084,0.03770
2048.38204,0.03986
2046.45324,0.04204
2044.52445,0.04383
2042.59565,0.04516
2040.66685,0.04585
2038.73806,0.04576
2036.80926,0.04509
2034.88046,0.04566
2032.95167,0.04748
2031.02287,0.04793
2029.09407,0.04711
2027.16528,0.04632
2025.23648,0.04584
2023.30768,0.04604
2021.37889,0.04551
2019.45009,0.04386
2017.52129,0.04371
2015.59250,0.04489
2013.66370,0.04495
2011.73490,0.04377
2009.80611,0.04287
2007.87731,0.04156
2005.94851,0.03851
2004.01972,0.03638
2002.09092,0.03709
2000.16212,0.03882
1998.23333,0.03967
1996.30453,0.03924
1994.37574,0.03872
1992.44694,0.03879
1990.51814,0.03840
1988.58935,0.03734
1986.66055,0.03663
1984.73175,0.03647
1982.80296,0.03648
1980.87416,0.03703
1978.94536,0.03827
1977.01657,0.03934
1975.08777,0.03967
1973.15897,0.03871
1971.23018,0.03701
1969.30138,0.03630
1967.37258,0.03710
1965.44379,0.03797
1963.51499,0.03708
1961.58619,0.03476
1959.65740,0.03302
1957.72860,0.03274
1955.79980,0.03283
1953.87101,0.03214
1951.94221,0.03113
1950.01341,0.03066
1948.08462,0.03068
1946.15582,0.03146
1944.22702,0.03304
1942.29823,0.03329
1940.36943,0.03136
1938.44063,0.02922
1936.51184,0.02800
1934.58304,0.02777
1932.65424,0.02791
1930.72545,0.02771
1928.79665,0.02745
1926.86785,0.02784
1924.93906,0.02924
1923.01026,0.03045
1921.08146,0.03090
1919.15267,0.03125
1917.22387,0.03040
1915.29507,0.02836
1913.36628,0.02754
1911.43748,0.02817
1909.50868,0.02840
1907.57989,0.02753
1905.65109,0.02645
1903.72229,0.02594
1901.79350,0.02580
1899.86470,0.02580
1897.93590,0.02629
1896.00711,0.02694
1894.07831,0.02712
1892.14951,0.02779
1890.22072,0.02910
1888.29192,0.02891
1886.36312,0.02751
1884.43433,0.02675
1882.50553,0.02654
1880.57673,0.02631
1878.64794,0.02601
1876.71914,0.02581
1874.79034,0.02601
1872.86155,0.02764
1870.93275,0.03141
1869.00395,0.03419
1867.07516,0.03232
1865.14636,0.02843
1863.21756,0.02617
1861.28877,0.02548
1859.35997,0.02529
1857.43117,0.02499
1855.50238,0.02454
1853.57358,0.02437
1851.64478,0.02486
1849.71599,0.02633
1847.78719,0.02904
1845.85839,0.03245
1843.92960,0.03311
1842.00080,0.02973
1840.07200,0.02698
1838.14321,0.02656
1836.21441,0.02658
1834.28561,0.02698
1832.35682,0.02965
1830.42802,0.03285
1828.49922,0.03310
1826.57043,0.03199
1824.64163,0.03053
1822.71283,0.02788
1820.78404,0.02592
1818.85524,0.02564
1816.92644,0.02571
1814.99765,0.02595
1813.06885,0.02721
1811.14005,0.02837
1809.21126,0.02771
1807.28246,0.02623
1805.35366,0.02622
1803.42487,0.02849
1801.49607,0.03095
1799.56727,0.03092
1797.63848,0.02973
1795.70968,0.03079
1793.78088,0.03431
1791.85209,0.03535
1789.92329,0.03138
1787.99449,0.02799
1786.06570,0.02792
1784.13690,0.02891
1782.20810,0.02975
1780.27931,0.03002
1778.35051,0.02956
1776.42171,0.03070
1774.49292,0.03495
1772.56412,0.03882
1770.63532,0.03779
1768.70653,0.03376
1766.77773,0.02979
1764.84893,0.02842
1762.92014,0.03005
1760.99134,0.03089
1759.06254,0.03029
1757.13375,0.02984
1755.20495,0.02934
1753.27615,0.03147
1751.34736,0.03683
1749.41856,0.03941
1747.48976,0.03710
1745.56097,0.03441
1743.63217,0.03364
1741.70337,0.03414
1739.77458,0.03410
1737.84578,0.03439
1735.91698,0.03856
1733.98819,0.04299
1732.05939,0.03985
1730.13059,0.03386
1728.20180,0.02933
1726.27300,0.02718
1724.34420,0.02748
1722.41541,0.02937
1720.48661,0.03491
1718.55781,0.04396
1716.62902,0.04766
1714.70022,0.04245
1712.77142,0.03637
1710.84263,0.03429
1708.91383,0.03705
1706.98503,0.04321
1705.05624,0.04920
1703.12744,0.05563
1701.19864,0.06594
1699.26985,0.07469
1697.34105,0.07821
1695.41225,0.08009
1693.48346,0.08170
1691.55466,0.08786
1689.62586,0.10006
1687.69707,0.11548
1685.76827,0.13602
1683.83947,0.15750
1681.91068,0.16699
1679.98188,0.17262
1678.05308,0.18348
1676.12429,0.19947
1674.19549,0.21522
1672.26669,0.22811
1670.33790,0.24062
1668.40910,0.24835
1666.48030,0.25084
1664.55151,0.25556
1662.62271,0.26121
1660.69391,0.26239
1658.76512,0.26262
1656.83632,0.26811
1654.90752,0.28031
1652.97873,0.28758
1651.04993,0.28201
1649.12113,0.28154
1647.19234,0.28728
1645.26354,0.28901
1643.33474,0.28964
1641.40595,0.29713
1639.47715,0.31237
1637.54835,0.33455
1635.61956,0.35819
1633.69076,0.37226
1631.76197,0.38269
1629.83317,0.39803
1627.90437,0.41537
1625.97558,0.42959
1624.04678,0.43955
1622.11798,0.44310
1620.18919,0.44319
1618.26039,0.44458
1616.33159,0.44250
1614.40280,0.43533
1612.47400,0.43099
1610.54520,0.43176
1608.61641,0.43550
1606.68761,0.44090
1604.75881,0.44856
1602.83002,0.45811
1600.90122,0.46787
1598.97242,0.47686
1597.04363,0.48449
1595.11483,0.48915
1593.18603,0.48909
1591.25724,0.48433
1589.32844,0.47527
1587.39964,0.46234
1585.47085,0.44638
1583.54205,0.42795
1581.61325,0.40853
1579.68446,0.39155
1577.75566,0.37561
1575.82686,0.35235
1573.89807,0.32741
1571.96927,0.31000
1570.04047,0.29374
1568.11168,0.27404
1566.18288,0.25607
1564.25408,0.24289
1562.32529,0.23778
1560.39649,0.24009
1558.46769,0.23175
1556.53890,0.20989
1554.61010,0.19247
1552.68130,0.18065
1550.75251,0.17210
1548.82371,0.16495
1546.89491,0.16145
1544.96612,0.16345
1543.03732,0.16796
1541.10852,0.16911
1539.17973,0.15806
1537.25093,0.14414
1535.32213,0.13870
1533.39334,0.13604
1531.46454,0.13012
1529.53574,0.12638
1527.60695,0.12720
1525.67815,0.12872
1523.74935,0.13058
1521.82056,0.13173
1519.89176,0.12862
1517.96296,0.12405
1516.03417,0.11871
1514.10537,0.11320
1512.17657,0.11244
1510.24778,0.11906
1508.31898,0.12948
1506.39018,0.12843
1504.46139,0.11469
1502.53259,0.10741
1500.60379,0.10944
1498.67500,0.11581
1496.74620,0.12000
1494.81740,0.12092
1492.88861,0.12579
1490.95981,0.13757
1489.03101,0.14869
1487.10222,0.15307
1485.17342,0.15664
1483.24462,0.16459
1481.31583,0.17640
1479.38703,0.19025
1477.45823,0.20682
1475.52944,0.22610
1473.60064,0.24420
1471.67184,0.25453
1469.74305,0.25800
1467.81425,0.26342
1465.88545,0.27219
1463.95666,0.27747
1462.02786,0.27928
1460.09906,0.28440
1458.17027,0.28995
1456.24147,0.28121
1454.31267,0.26252
1452.38388,0.24690
1450.45508,0.23485
1448.52628,0.22296
1446.59749,0.20834
1444.66869,0.19319
1442.73989,0.18019
1440.81110,0.17045
1438.88230,0.16482
1436.95350,0.15849
1435.02471,0.14672
1433.09591,0.13569
1431.16711,0.12827
1429.23832,0.12103
1427.30952,0.11406
1425.38072,0.10955
1423.45193,0.10668
1421.52313,0.10581
1419.59433,0.10615
1417.66554,0.10135
1415.73674,0.09250
1413.80794,0.08606
1411.87915,0.08266
1409.95035,0.08029
1408.02155,0.07898
1406.09276,0.07881
1404.16396,0.07754
1402.23516,0.07601
1400.30637,0.07711
1398.37757,0.07922
1396.44877,0.07953
1394.51998,0.07683
1392.59118,0.07203
1390.66238,0.06956
1388.73359,0.07049
1386.80479,0.07022
1384.87599,0.06692
1382.94720,0.06419
1381.01840,0.06348
1379.08960,0.06369
1377.16081,0.06478
1375.23201,0.06616
1373.30321,0.06507
1371.37442,0.06200
1369.44562,0.05998
1367.51682,0.05924
1365.58803,0.06020
1363.65923,0.06262
1361.73043,0.06248
1359.80164,0.05913
1357.87284,0.05649
1355.94404,0.05563
1354.01525,0.05521
1352.08645,0.05483
1350.15765,0.05473
1348.22886,0.05467
1346.30006,0.05455
1344.37126,0.05508
1342.44247,0.05742
1340.51367,0.06070
1338.58487,0.06143
1336.65608,0.05895
1334.72728,0.05626
1332.79848,0.05491
1330.86969,0.05437
1328.94089,0.05398
1327.01209,0.05360
1325.08330,0.05324
1323.15450,0.05312
1321.22570,0.05350
1319.29691,0.05396
1317.36811,0.05371
1315.43931,0.05304
1313.51052,0.05245
1311.58172,0.05173
1309.65292,0.05106
1307.72413,0.05069
1305.79533,0.05045
1303.86653,0.05037
1301.93774,0.05053
1300.00894,0.05085
1298.08014,0.05127
1296.15135,0.05158
1294.22255,0.05169
1292.29375,0.05184
1290.36496,0.05219
1288.43616,0.05250
1286.50736,0.05241
1284.57857,0.05209
1282.64977,0.05192
1280.72097,0.05180
1278.79218,0.05154
1276.86338,0.05120
1274.93458,0.05109
1273.00579,0.05126
1271.07699,0.05134
1269.14820,0.05110
1267.21940,0.05084
1265.29060,0.05078
1263.36181,0.05087
1261.43301,0.05101
1259.50421,0.05100
1257.57542,0.05085
1255.64662,0.05079
1253.71782,0.05095
1251.78903,0.05130
1249.86023,0.05174
1247.93143,0.05220
1246.00264,0.05267
1244.07384,0.05315
1242.14504,0.05355
1240.21625,0.05381
1238.28745,0.05401
1236.35865,0.05418
1234.42986,0.05431
1232.50106,0.05444
1230.57226,0.05461
1228.64347,0.05475
1226.71467,0.05481
1224.78587,0.05482
1222.85708,0.05484
1220.92828,0.05500
1218.99948,0.05527
1217.07069,0.05560
1215.14189,0.05595
1213.21309,0.05637
1211.28430,0.05690
1209.35550,0.05758
1207.42670,0.05843
1205.49791,0.05943
1203.56911,0.06050
1201.64031,0.06164
1199.71152,0.06295
1197.78272,0.06449
1195.85392,0.06616
1193.92513,0.06794
1191.99633,0.06991
1190.06753,0.07212
1188.13874,0.07452
1186.20994,0.07699
1184.28114,0.07952
1182.35235,0.08229
1180.42355,0.08554
1178.49475,0.08928
1176.56596,0.09333
1174.63716,0.09758
1172.70836,0.10199
1170.77957,0.10659
1168.85077,0.11136
1166.92197,0.11611
1164.99318,0.12059
1163.06438,0.12456
1161.13558,0.12773
1159.20679,0.12983
1157.27799,0.13074
1155.34919,0.13040
1153.42040,0.12885
1151.49160,0.12633
1149.56280,0.12298
1147.63401,0.11894
1145.70521,0.11447
1143.77641,0.10981
1141.84762,0.10513
1139.91882,0.10058
1137.99002,0.09619
1136.06123,0.09202
1134.13243,0.08811
1132.20363,0.08453
1130.27484,0.08139
1128.34604,0.07863
1126.41724,0.07612
1124.48845,0.07386
1122.55965,0.07191
1120.63085,0.07029
1118.70206,0.06891
1116.77326,0.06768
1114.84446,0.06667
1112.91567,0.06592
1110.98687,0.06535
1109.05807,0.06493
1107.12928,0.06468
1105.20048,0.06457
1103.27168,0.06454
1101.34289,0.06459
1099.41409,0.06474
1097.48529,0.06494
1095.55650,0.06517
1093.62770,0.06543
1091.69890,0.06570
1089.77011,0.06601
1087.84131,0.06634
1085.91251,0.06657
1083.98372,0.06673
1082.05492,0.06690
1080.12612,0.06705
1078.19733,0.06718
1076.26853,0.06734
1074.33973,0.06753
1072.41094,0.06776
1070.48214,0.06797
1068.55334,0.06809
1066.62455,0.06815
1064.69575,0.06823
1062.76695,0.06823
1060.83816,0.06803
1058.90936,0.06773
1056.98056,0.06749
1055.05177,0.06727
1053.12297,0.06695
1051.19417,0.06655
1049.26538,0.06612
1047.33658,0.06568
1045.40778,0.06525
1043.47899,0.06474
1041.55019,0.06404
1039.62139,0.06319
1037.69260,0.06238
1035.76380,0.06158
1033.83500,0.06072
1031.90621,0.05982
1029.97741,0.05895
1028.04861,0.05805
1026.11982,0.05715
1024.19102,0.05641
1022.26222,0.05584
1020.33343,0.05528
1018.40463,0.05472
1016.47583,0.05437
1014.54704,0.05425
1012.61824,0.05422
1010.68944,0.05413
1008.76065,0.05394
1006.83185,0.05365
1004.90305,0.05324
1002.97426,0.05276
1001.04546,0.05234
999.11666,0.05203
997.18787,0.05179
995.25907,0.05151
993.33027,0.05115
991.40148,0.05078
989.47268,0.05040
987.54388,0.04986
985.61509,0.04919
983.68629,0.04855
981.75749,0.04791
979.82870,0.04715
977.89990,0.04627
975.97110,0.04539
974.04231,0.04464
972.11351,0.04399
970.18471,0.04344
968.25592,0.04309
966.32712,0.04296
964.39832,0.04292
962.46953,0.04285
960.54073,0.04271
958.61193,0.04249
956.68314,0.04225
954.75434,0.04205
952.82554,0.04205
950.89675,0.04215
948.96795,0.04211
947.03915,0.04188
945.11036,0.04159
943.18156,0.04122
941.25276,0.04068
939.32397,0.04003
937.39517,0.03937
935.46637,0.03867
933.53758,0.03789
931.60878,0.03708
929.67998,0.03628
927.75119,0.03559
925.82239,0.03495
923.89359,0.03417
921.96480,0.03325
920.03600,0.03246
918.10720,0.03194
916.17841,0.03158
914.24961,0.03129
912.32081,0.03111
910.39202,0.03105
908.46322,0.03098
906.53443,0.03081
904.60563,0.03064
902.67683,0.03059
900.74804,0.03060
898.81924,0.03053
896.89044,0.03026
894.96165,0.02985
893.03285,0.02935
891.10405,0.02873
889.17526,0.02800
887.24646,0.02714
885.31766,0.02614
883.38887,0.02511
881.46007,0.02419
879.53127,0.02334
877.60248,0.02255
875.67368,0.02184
873.74488,0.02119
871.81609,0.02065
869.88729,0.02020
867.95849,0.01978
866.02970,0.01949
864.10090,0.01946
862.17210,0.01955
860.24331,0.01956
858.31451,0.01953
856.38571,0.01957
854.45692,0.01974
852.52812,0.01997
850.59932,0.02003
848.67053,0.01992
846.74173,0.01981
844.81293,0.01971
842.88414,0.01941
840.95534,0.01895
839.02654,0.01859
837.09775,0.01824
835.16895,0.01773
833.24015,0.01716
831.31136,0.01667
829.38256,0.01615
827.45376,0.01556
825.52497,0.01513
823.59617,0.01506
821.66737,0.01526
819.73858,0.01544
817.80978,0.01561
815.88098,0.01595
813.95219,0.01648
812.02339,0.01701
810.09459,0.01762
808.16580,0.01849
806.23700,0.01945
804.30820,0.02041
802.37941,0.02141
800.45061,0.02246
798.52181,0.02351
796.59302,0.02455
794.66422,0.02545
792.73542,0.02616
790.80663,0.02681
788.87783,0.02749
786.94903,0.02806
785.02024,0.02823
783.09144,0.02764
781.16264,0.02641
779.23385,0.02496
777.30505,0.02340
775.37625,0.02192
773.44746,0.02087
771.51866,0.02029
769.58986,0.01990
767.66107,0.01965
765.73227,0.01965
763.80347,0.01975
761.87468,0.01971
759.94588,0.01982
758.01708,0.02037
756.08829,0.02096
754.15949,0.02124
752.23069,0.02160
750.30190,0.02209
748.37310,0.02214
