3496.90832,0.06933
3494.97953,0.06679
3493.05073,0.06664
3491.12193,0.07212
3489.19314,0.07919
3487.26434,0.07872
3485.33554,0.06974
3483.40675,0.06192
3481.47795,0.06056
3479.54915,0.06299
3477.62036,0.06778
3475.69156,0.07189
3473.76276,0.07280
3471.83397,0.07186
3469.90517,0.06959
3467.97637,0.06957
3466.04758,0.07556
3464.11878,0.08175
3462.18998,0.07791
3460.26119,0.06690
3458.33239,0.06063
3456.40359,0.06242
3454.47480,0.06746
3452.54600,0.06871
3450.61721,0.06377
3448.68841,0.05802
3446.75961,0.05643
3444.83082,0.05687
3442.90202,0.05476
3440.97322,0.05275
3439.04443,0.05453
3437.11563,0.05365
3435.18683,0.04618
3433.25804,0.03982
3431.32924,0.03991
3429.40044,0.04595
3427.47165,0.05376
3425.54285,0.05626
3423.61405,0.05662
3421.68526,0.06142
3419.75646,0.06679
3417.82766,0.06974
3415.89887,0.06959
3413.97007,0.06238
3412.04127,0.04956
3410.11248,0.03956
3408.18368,0.03776
3406.25488,0.04024
3404.32609,0.03932
3402.39729,0.03731
3400.46849,0.04218
3398.53970,0.04821
3396.61090,0.04546
3394.68210,0.04180
3392.75331,0.04579
3390.82451,0.05126
3388.89571,0.05561
3386.96692,0.05637
3385.03812,0.04624
3383.10932,0.03718
3381.18053,0.04364
3379.25173,0.05292
3377.32293,0.05285
3375.39414,0.04944
3373.46534,0.04841
3371.53654,0.05178
3369.60775,0.05933
3367.67895,0.06652
3365.75015,0.06782
3363.82136,0.06137
3361.89256,0.05233
3359.96376,0.04753
3358.03497,0.04749
3356.10617,0.05295
3354.17737,0.06443
3352.24858,0.07458
3350.31978,0.07714
3348.39098,0.07538
3346.46219,0.07289
3344.53339,0.06905
3342.60459,0.06709
3340.67580,0.06900
3338.74700,0.06584
3336.81820,0.05140
3334.88941,0.03705
3332.96061,0.03462
3331.03181,0.04181
3329.10302,0.05025
3327.17422,0.05211
3325.24542,0.04799
3323.31663,0.04481
3321.38783,0.04580
3319.45903,0.05023
3317.53024,0.05150
3315.60144,0.04319
3313.67264,0.03337
3311.74385,0.03207
3309.81505,0.03633
3307.88625,0.04209
3305.95746,0.04668
3304.02866,0.04433
3302.09986,0.03970
3300.17107,0.03971
3298.24227,0.03934
3296.31347,0.03668
3294.38468,0.03509
3292.45588,0.03543
3290.52708,0.03743
3288.59829,0.03907
3286.66949,0.03951
3284.74069,0.03776
3282.81190,0.03167
3280.88310,0.02725
3278.95430,0.03540
3277.02551,0.05054
3275.09671,0.05374
3273.16791,0.04522
3271.23912,0.03869
3269.31032,0.03581
3267.38152,0.03290
3265.45273,0.03063
3263.52393,0.02966
3261.59513,0.03038
3259.66634,0.03364
3257.73754,0.03761
3255.80874,0.04091
3253.87995,0.04285
3251.95115,0.04094
3250.02235,0.03748
3248.09356,0.03471
3246.16476,0.03090
3244.23596,0.02869
3242.30717,0.02962
3240.37837,0.03280
3238.44957,0.03953
3236.52078,0.04531
3234.59198,0.04691
3232.66318,0.04656
3230.73439,0.04386
3228.80559,0.03970
3226.87679,0.03553
3224.94800,0.03158
3223.01920,0.03361
3221.09040,0.04486
3219.16161,0.05667
3217.23281,0.06157
3215.30401,0.06312
3213.37522,0.06389
3211.44642,0.06246
3209.51762,0.05841
3207.58883,0.05243
3205.66003,0.04876
3203.73123,0.04983
3201.80244,0.05279
3199.87364,0.05386
3197.94484,0.05098
3196.01605,0.04717
3194.08725,0.04500
3192.15845,0.04378
3190.22966,0.04651
3188.30086,0.05256
3186.37206,0.05319
3184.44327,0.04707
3182.51447,0.04278
3180.58567,0.04422
3178.65688,0.04648
3176.72808,0.04541
3174.79928,0.04370
3172.87049,0.04363
3170.94169,0.04292
3169.01289,0.04077
3167.08410,0.03977
3165.15530,0.04168
3163.22650,0.04392
3161.29771,0.04326
3159.36891,0.04101
3157.44011,0.04035
3155.51132,0.04134
3153.58252,0.04209
3151.65372,0.04236
3149.72493,0.04166
3147.79613,0.03989
3145.86733,0.03896
3143.93854,0.03959
3142.00974,0.04121
3140.08094,0.04196
3138.15215,0.04079
3136.22335,0.04015
3134.29455,0.04039
3132.36576,0.03949
3130.43696,0.03851
3128.50816,0.03822
3126.57937,0.03762
3124.65057,0.03708
3122.72177,0.03734
3120.79298,0.03905
3118.86418,0.04183
3116.93538,0.04251
3115.00659,0.03977
3113.07779,0.03760
3111.14899,0.03864
3109.22020,0.04001
3107.29140,0.03935
3105.36260,0.03823
3103.43381,0.03846
3101.50501,0.03915
3099.57621,0.03852
3097.64742,0.03664
3095.71862,0.03508
3093.78982,0.03496
3091.86103,0.03559
3089.93223,0.03557
3088.00344,0.03464
3086.07464,0.03397
3084.14584,0.03483
3082.21705,0.03654
3080.28825,0.03714
3078.35945,0.03665
3076.43066,0.03640
3074.50186,0.03623
3072.57306,0.03592
3070.64427,0.03621
3068.71547,0.03644
3066.78667,0.03617
3064.85788,0.03628
3062.92908,0.03642
3061.00028,0.03594
3059.07149,0.03533
3057.14269,0.03518
3055.21389,0.03581
3053.28510,0.03667
3051.35630,0.03702
3049.42750,0.03667
3047.49871,0.03590
3045.56991,0.03575
3043.64111,0.03652
3041.71232,0.03735
3039.78352,0.03774
3037.85472,0.03806
3035.92593,0.03872
3033.99713,0.03934
3032.06833,0.03965
3030.13954,0.03998
3028.21074,0.04040
3026.28194,0.04067
3024.35315,0.04033
3022.42435,0.03972
3020.49555,0.03946
3018.56676,0.03921
3016.63796,0.03898
3014.70916,0.03929
3012.78037,0.03993
3010.85157,0.04025
3008.92277,0.04018
3006.99398,0.04026
3005.06518,0.04044
3003.13638,0.04023
3001.20759,0.03999
2999.27879,0.04014
2997.34999,0.04025
2995.42120,0.04056
2993.49240,0.04121
2991.56360,0.04151
2989.63481,0.04177
2987.70601,0.04214
2985.77721,0.04189
2983.84842,0.04145
2981.91962,0.04157
2979.99082,0.04186
2978.06203,0.04193
2976.13323,0.04210
2974.20443,0.04232
2972.27564,0.04255
2970.34684,0.04302
2968.41804,0.04335
2966.48925,0.04313
2964.56045,0.04298
2962.63165,0.04336
2960.70286,0.04387
2958.77406,0.04434
2956.84526,0.04488
2954.91647,0.04522
2952.98767,0.04521
2951.05887,0.04519
2949.13008,0.04555
2947.20128,0.04601
2945.27248,0.04608
2943.34369,0.04605
2941.41489,0.04640
2939.48609,0.04694
2937.55730,0.04744
2935.62850,0.04794
2933.69970,0.04846
2931.77091,0.04908
2929.84211,0.04974
2927.91331,0.05013
2925.98452,0.05035
2924.05572,0.05053
2922.12692,0.05061
2920.19813,0.05060
2918.26933,0.05034
2916.34053,0.04975
2914.41174,0.04890
2912.48294,0.04811
2910.55414,0.04775
2908.62535,0.04746
2906.69655,0.04688
2904.76775,0.04646
2902.83896,0.04641
2900.91016,0.04654
2898.98136,0.04685
2897.05257,0.04702
2895.12377,0.04668
2893.19497,0.04616
2891.26618,0.04601
2889.33738,0.04613
2887.40858,0.04604
2885.47979,0.04571
2883.55099,0.04575
2881.62219,0.04633
2879.69340,0.04677
2877.76460,0.04690
2875.83580,0.04702
2873.90701,0.04709
2871.97821,0.04704
2870.04941,0.04701
2868.12062,0.04711
2866.19182,0.04734
2864.26302,0.04774
2862.33423,0.04818
2860.40543,0.04862
2858.47663,0.04912
2856.54784,0.04943
2854.61904,0.04939
2852.69024,0.04934
2850.76145,0.04946
2848.83265,0.04960
2846.90385,0.04951
2844.97506,0.04929
2843.04626,0.04911
2841.11746,0.04890
2839.18867,0.04864
2837.25987,0.04841
2835.33107,0.04814
2833.40228,0.04784
2831.47348,0.04782
2829.54468,0.04803
2827.61589,0.04796
2825.68709,0.04766
2823.75829,0.04774
2821.82950,0.04822
2819.90070,0.04844
2817.97190,0.04811
2816.04311,0.04769
2814.11431,0.04757
2812.18551,0.04757
2810.25672,0.04750
2808.32792,0.04740
2806.39912,0.04735
2804.47033,0.04740
2802.54153,0.04749
2800.61273,0.04749
2798.68394,0.04733
2796.75514,0.04707
2794.82634,0.04670
2792.89755,0.04634
2790.96875,0.04629
2789.03995,0.04656
2787.11116,0.04660
2785.18236,0.04618
2783.25356,0.04582
2781.32477,0.04575
2779.39597,0.04561
2777.46717,0.04531
2775.53838,0.04499
2773.60958,0.04474
2771.68078,0.04471
2769.75199,0.04485
2767.82319,0.04496
2765.89439,0.04497
2763.96560,0.04484
2762.03680,0.04459
2760.10800,0.04433
2758.17921,0.04416
2756.25041,0.04413
2754.32161,0.04412
2752.39282,0.04391
2750.46402,0.04377
2748.53522,0.04400
2746.60643,0.04429
2744.67763,0.04432
2742.74883,0.04419
2740.82004,0.04415
2738.89124,0.04419
2736.96244,0.04421
2735.03365,0.04421
2733.10485,0.04420
2731.17605,0.04417
2729.24726,0.04423
2727.31846,0.04429
2725.38967,0.04419
2723.46087,0.04406
2721.53207,0.04414
2719.60328,0.04431
2717.67448,0.04436
2715.74568,0.04424
2713.81689,0.04411
2711.88809,0.04407
2709.95929,0.04392
2708.03050,0.04367
2706.10170,0.04365
2704.17290,0.04381
2702.24411,0.04383
2700.31531,0.04373
2698.38651,0.04372
2696.45772,0.04380
2694.52892,0.04394
2692.60012,0.04402
2690.67133,0.04383
2688.74253,0.04359
2686.81373,0.04360
2684.88494,0.04376
2682.95614,0.04382
2681.02734,0.04372
2679.09855,0.04365
2677.16975,0.04370
2675.24095,0.04377
2673.31216,0.04372
2671.38336,0.04357
2669.45456,0.04350
2667.52577,0.04352
2665.59697,0.04347
2663.66817,0.04335
2661.73938,0.04325
2659.81058,0.04311
2657.88178,0.04308
2655.95299,0.04318
2654.02419,0.04329
2652.09539,0.04343
2650.16660,0.04356
2648.23780,0.04359
2646.30900,0.04364
2644.38021,0.04378
2642.45141,0.04400
2640.52261,0.04415
2638.59382,0.04402
2636.66502,0.04382
2634.73622,0.04394
2632.80743,0.04430
2630.87863,0.04462
2628.94983,0.04475
2627.02104,0.04456
2625.09224,0.04415
2623.16344,0.04390
2621.23465,0.04400
2619.30585,0.04430
2617.37705,0.04448
2615.44826,0.04444
2613.51946,0.04438
2611.59066,0.04434
2609.66187,0.04432
2607.73307,0.04455
2605.80427,0.04502
2603.87548,0.04533
2601.94668,0.04523
2600.01788,0.04495
2598.08909,0.04492
2596.16029,0.04509
2594.23149,0.04497
2592.30270,0.04468
2590.37390,0.04491
2588.44510,0.04541
2586.51631,0.04533
2584.58751,0.04484
2582.65871,0.04450
2580.72992,0.04427
2578.80112,0.04415
2576.87232,0.04436
2574.94353,0.04461
2573.01473,0.04448
2571.08593,0.04436
2569.15714,0.04457
2567.22834,0.04455
2565.29954,0.04420
2563.37075,0.04402
2561.44195,0.04405
2559.51315,0.04397
2557.58436,0.04385
2555.65556,0.04398
2553.72676,0.04407
2551.79797,0.04384
2549.86917,0.04375
2547.94037,0.04396
2546.01158,0.04416
2544.08278,0.04435
2542.15398,0.04440
2540.22519,0.04419
2538.29639,0.04404
2536.36759,0.04397
2534.43880,0.04381
2532.51000,0.04378
2530.58120,0.04393
2528.65241,0.04404
2526.72361,0.04397
2524.79481,0.04353
2522.86602,0.04298
2520.93722,0.04290
2519.00842,0.04302
2517.07963,0.04306
2515.15083,0.04331
2513.22203,0.04354
2511.29324,0.04333
2509.36444,0.04315
2507.43564,0.04333
2505.50685,0.04355
2503.57805,0.04353
2501.64925,0.04331
2499.72046,0.04315
2497.79166,0.04325
2495.86286,0.04343
2493.93407,0.04353
2492.00527,0.04336
2490.07647,0.04276
2488.14768,0.04237
2486.21888,0.04271
2484.29008,0.04326
2482.36129,0.04329
2480.43249,0.04289
2478.50369,0.04271
2476.57490,0.04291
2474.64610,0.04289
2472.71730,0.04249
2470.78851,0.04231
2468.85971,0.04250
2466.93091,0.04261
2465.00212,0.04247
2463.07332,0.04234
2461.14452,0.04217
2459.21573,0.04188
2457.28693,0.04188
2455.35813,0.04218
2453.42934,0.04218
2451.50054,0.04176
2449.57174,0.04133
2447.64295,0.04111
2445.71415,0.04110
2443.78535,0.04118
2441.85656,0.04123
2439.92776,0.04128
2437.99896,0.04131
2436.07017,0.04115
2434.14137,0.04078
2432.21257,0.04042
2430.28378,0.04020
2428.35498,0.04022
2426.42618,0.04046
2424.49739,0.04075
2422.56859,0.04075
2420.63979,0.04016
2418.71100,0.03946
2416.78220,0.03917
2414.85340,0.03917
2412.92461,0.03911
2410.99581,0.03898
2409.06701,0.03909
2407.13822,0.03942
2405.20942,0.03939
2403.28062,0.03893
2401.35183,0.03844
2399.42303,0.03799
2397.49423,0.03770
2395.56544,0.03774
2393.63664,0.03786
2391.70784,0.03799
2389.77905,0.03857
2387.85025,0.04010
2385.92145,0.04333
2383.99266,0.04914
2382.06386,0.05778
2380.13506,0.06869
2378.20627,0.08083
2376.27747,0.09317
2374.34867,0.10547
2372.41988,0.11803
2370.49108,0.13050
2368.56228,0.14213
2366.63349,0.15273
2364.70469,0.16169
2362.77589,0.16761
2360.84710,0.16953
2358.91830,0.16709
2356.98951,0.16010
2355.06071,0.14875
2353.13191,0.13359
2351.20312,0.11825
2349.27432,0.11030
2347.34552,0.11422
2345.41673,0.12542
2343.48793,0.13284
2341.55913,0.13340
2339.63034,0.13147
2337.70154,0.12903
2335.77274,0.12689
2333.84395,0.12617
2331.91515,0.12629
2329.98635,0.12472
2328.05756,0.12107
2326.12876,0.11767
2324.19996,0.11528
2322.27117,0.11208
2320.34237,0.10634
2318.41357,0.09889
2316.48478,0.09243
2314.55598,0.08843
2312.62718,0.08542
2310.69839,0.08149
2308.76959,0.07657
2306.84079,0.07123
2304.91200,0.06602
2302.98320,0.06175
2301.05440,0.05853
2299.12561,0.05580
2297.19681,0.05339
2295.26801,0.05129
2293.33922,0.04926
2291.41042,0.04731
2289.48162,0.04543
2287.55283,0.04365
2285.62403,0.04230
2283.69523,0.04169
2281.76644,0.04176
2279.83764,0.04223
2277.90884,0.04301
2275.98005,0.04393
2274.05125,0.04446
2272.12245,0.04458
2270.19366,0.04487
2268.26486,0.04535
2266.33606,0.04560
2264.40727,0.04562
2262.47847,0.04582
2260.54967,0.04633
2258.62088,0.04678
2256.69208,0.04690
2254.76328,0.04683
2252.83449,0.04652
2250.90569,0.04601
2248.97689,0.04570
2247.04810,0.04567
2245.11930,0.04579
2243.19050,0.04623
2241.26171,0.04695
2239.33291,0.04725
2237.40411,0.04697
2235.47532,0.04669
2233.54652,0.04653
2231.61772,0.04679
2229.68893,0.04802
2227.76013,0.04916
2225.83133,0.04945
2223.90254,0.05005
2221.97374,0.05090
2220.04494,0.05120
2218.11615,0.05143
2216.18735,0.05192
2214.25855,0.05203
2212.32976,0.05150
2210.40096,0.05136
2208.47216,0.05207
2206.54337,0.05274
2204.61457,0.05310
2202.68577,0.05318
2200.75698,0.05296
2198.82818,0.05335
2196.89938,0.05437
2194.97059,0.05484
2193.04179,0.05503
2191.11299,0.05599
2189.18420,0.05730
2187.25540,0.05794
2185.32660,0.05771
2183.39781,0.05761
2181.46901,0.05856
2179.54021,0.05959
2177.61142,0.05969
2175.68262,0.05953
2173.75382,0.05926
2171.82503,0.05938
2169.89623,0.06128
2167.96743,0.06326
2166.03864,0.06365
2164.10984,0.06506
2162.18104,0.06914
2160.25225,0.07304
2158.32345,0.07335
2156.39465,0.06995
2154.46586,0.06465
2152.53706,0.06036
2150.60826,0.05839
2148.67947,0.05648
2146.75067,0.05357
2144.82187,0.05106
2142.89308,0.04928
2140.96428,0.04747
2139.03548,0.04563
2137.10669,0.04418
2135.17789,0.04318
2133.24909,0.04212
2131.32030,0.04053
2129.39150,0.03862
2127.46270,0.03713
2125.53391,0.03649
2123.60511,0.03612
2121.67631,0.03537
2119.74752,0.03454
2117.81872,0.03410
2115.88992,0.03408
2113.96113,0.03421
2112.03233,0.03445
2110.10353,0.03502
2108.17474,0.03552
2106.24594,0.03557
2104.31714,0.03555
2102.38835,0.03562
2100.45955,0.03531
2098.53075,0.03468
2096.60196,0.03431
2094.67316,0.03423
2092.74436,0.03423
2090.81557,0.03415
2088.88677,0.03400
2086.95797,0.03412
2085.02918,0.03481
2083.10038,0.03566
2081.17158,0.03602
2079.24279,0.03587
2077.31399,0.03564
2075.38519,0.03545
2073.45640,0.03566
2071.52760,0.03651
2069.59880,0.03719
2067.67001,0.03739
2065.74121,0.03754
2063.81241,0.03756
2061.88362,0.03732
2059.95482,0.03728
2058.02602,0.03745
2056.09723,0.03721
2054.16843,0.03693
2052.23963,0.03770
2050.31084,0.03962
2048.38204,0.04165
2046.45324,0.04300
2044.52445,0.04410
2042.59565,0.04533
2040.66685,0.04651
2038.73806,0.04701
2036.80926,0.04681
2034.88046,0.04711
2032.95167,0.04751
2031.02287,0.04611
2029.09407,0.04400
2027.16528,0.04339
2025.23648,0.04474
2023.30768,0.04688
2021.37889,0.04692
2019.45009,0.04542
2017.52129,0.04577
2015.59250,0.04657
2013.66370,0.04544
2011.73490,0.04430
2009.80611,0.04449
2007.87731,0.04341
2005.94851,0.04038
2004.01972,0.03888
2002.09092,0.03941
2000.16212,0.03973
1998.23333,0.03969
1996.30453,0.03934
1994.37574,0.03851
1992.44694,0.03830
1990.51814,0.03847
1988.58935,0.03783
1986.66055,0.03679
1984.73175,0.03674
1982.80296,0.03811
1980.87416,0.03958
1978.94536,0.03990
1977.01657,0.03928
1975.08777,0.03920
1973.15897,0.03974
1971.23018,0.03961
1969.30138,0.03923
1967.37258,0.03918
1965.44379,0.03885
1963.51499,0.03775
1961.58619,0.03607
1959.65740,0.03446
1957.72860,0.03353
1955.79980,0.03310
1953.87101,0.03269
1951.94221,0.03227
1950.01341,0.03199
1948.08462,0.03183
1946.15582,0.03213
1944.22702,0.03309
1942.29823,0.03308
1940.36943,0.03114
1938.44063,0.02922
1936.51184,0.02866
1934.58304,0.02906
1932.65424,0.02922
1930.72545,0.02857
1928.79665,0.02778
1926.86785,0.02785
1924.93906,0.02924
1923.01026,0.03068
1921.08146,0.03135
1919.15267,0.03180
1917.22387,0.03096
1915.29507,0.02882
1913.36628,0.02793
1911.43748,0.02882
1909.50868,0.02936
1907.57989,0.02839
1905.65109,0.02707
1903.72229,0.02645
1901.79350,0.02617
1899.86470,0.02597
1897.93590,0.02646
1896.00711,0.02743
1894.07831,0.02797
1892.14951,0.02875
1890.22072,0.02982
1888.29192,0.02919
1886.36312,0.02746
1884.43433,0.02663
1882.50553,0.02657
1880.57673,0.02663
1878.64794,0.02659
1876.71914,0.02644
1874.79034,0.02645
1872.86155,0.02788
1870.93275,0.03158
1869.00395,0.03443
1867.07516,0.03264
1865.14636,0.02877
1863.21756,0.02655
1861.28877,0.02590
1859.35997,0.02564
1857.43117,0.02526
1855.50238,0.02484
1853.57358,0.02474
1851.64478,0.02530
1849.71599,0.02683
1847.78719,0.02953
1845.85839,0.03296
1843.92960,0.03369
1842.00080,0.03030
1840.07200,0.02746
1838.14321,0.02699
1836.21441,0.02701
1834.28561,0.02743
1832.35682,0.03012
1830.42802,0.03334
1828.49922,0.03359
1826.57043,0.03248
1824.64163,0.03101
1822.71283,0.02827
1820.78404,0.02621
1818.85524,0.02587
1816.92644,0.02596
1814.99765,0.02624
1813.06885,0.02750
1811.14005,0.02860
1809.21126,0.02791
1807.28246,0.02641
1805.35366,0.02636
1803.42487,0.02858
1801.49607,0.03106
1799.56727,0.03110
1797.63848,0.02998
1795.70968,0.03106
1793.78088,0.03459
1791.85209,0.03567
1789.92329,0.03173
1787.99449,0.02843
1786.06570,0.02844
1784.13690,0.02940
1782.20810,0.03018
1780.27931,0.03042
1778.35051,0.02992
1776.42171,0.03100
1774.49292,0.03521
1772.56412,0.03906
1770.63532,0.03803
1768.70653,0.03403
1766.77773,0.03010
1764.84893,0.02876
1762.92014,0.03041
1760.99134,0.03124
1759.06254,0.03057
1757.13375,0.03004
1755.20495,0.02954
1753.27615,0.03175
1751.34736,0.03716
1749.41856,0.03976
1747.48976,0.03753
1745.56097,0.03496
1743.63217,0.03424
1741.70337,0.03469
1739.77458,0.03461
1737.84578,0.03489
1735.91698,0.03905
1733.98819,0.04345
1732.05939,0.04027
1730.13059,0.03421
1728.20180,0.02963
1726.27300,0.02750
1724.34420,0.02783
1722.41541,0.02972
1720.48661,0.03523
1718.55781,0.04423
1716.62902,0.04793
1714.70022,0.04274
1712.77142,0.03665
1710.84263,0.03454
1708.91383,0.03731
1706.98503,0.04352
1705.05624,0.04951
1703.12744,0.05588
1701.19864,0.06615
1699.26985,0.07498
1697.34105,0.07861
1695.41225,0.08050
1693.48346,0.08202
1691.55466,0.08811
1689.62586,0.10031
1687.69707,0.11582
1685.76827,0.13647
1683.83947,0.15802
1681.91068,0.16745
1679.98188,0.17305
1678.05308,0.18392
1676.12429,0.19985
1674.19549,0.21548
1672.26669,0.22833
1670.33790,0.24086
1668.40910,0.24864
1666.48030,0.25113
1664.55151,0.25582
1662.62271,0.26144
1660.69391,0.26263
1658.76512,0.26288
1656.83632,0.26847
1654.90752,0.28092
1652.97873,0.28832
1651.04993,0.28251
1649.12113,0.28186
1647.19234,0.28764
1645.26354,0.28944
1643.33474,0.29006
1641.40595,0.29755
1639.47715,0.31277
1637.54835,0.33484
1635.61956,0.35844
1633.69076,0.37258
1631.76197,0.38303
1629.83317,0.39825
1627.90437,0.41551
1625.97558,0.42985
1624.04678,0.44004
1622.11798,0.44375
1620.18919,0.44385
1618.26039,0.44519
1616.33159,0.44307
1614.40280,0.43576
1612.47400,0.43123
1610.54520,0.43196
1608.61641,0.43582
1606.68761,0.44134
1604.75881,0.44908
1602.83002,0.45872
1600.90122,0.46846
1598.97242,0.47733
1597.04363,0.48489
1595.11483,0.48956
1593.18603,0.48955
1591.25724,0.48487
1589.32844,0.47590
1587.39964,0.46294
1585.47085,0.44682
1583.54205,0.42831
1581.61325,0.40891
1579.68446,0.39194
1577.75566,0.37606
1575.82686,0.35282
1573.89807,0.32777
1571.96927,0.31025
1570.04047,0.29395
1568.11168,0.27426
1566.18288,0.25624
1564.25408,0.24302
1562.32529,0.23791
1560.39649,0.24031
1558.46769,0.23211
1556.53890,0.21028
1554.61010,0.19284
1552.68130,0.18100
1550.75251,0.17243
1548.82371,0.16526
1546.89491,0.16173
1544.96612,0.16375
1543.03732,0.16835
1541.10852,0.16956
1539.17973,0.15843
1537.25093,0.14439
1535.32213,0.13891
1533.39334,0.13631
1531.46454,0.13044
1529.53574,0.12669
1527.60695,0.12743
1525.67815,0.12889
1523.74935,0.13077
1521.82056,0.13198
1519.89176,0.12891
1517.96296,0.12432
1516.03417,0.11894
1514.10537,0.11339
1512.17657,0.11264
1510.24778,0.11929
1508.31898,0.12974
1506.39018,0.12870
1504.46139,0.11498
1502.53259,0.10772
1500.60379,0.10978
1498.67500,0.11618
1496.74620,0.12039
1494.81740,0.12131
1492.88861,0.12616
1490.95981,0.13792
1489.03101,0.14900
1487.10222,0.15333
1485.17342,0.15690
1483.24462,0.16486
1481.31583,0.17667
1479.38703,0.19055
1477.45823,0.20716
1475.52944,0.22645
1473.60064,0.24454
1471.67184,0.25485
1469.74305,0.25831
1467.81425,0.26374
1465.88545,0.27251
1463.95666,0.27781
1462.02786,0.27959
1460.09906,0.28469
1458.17027,0.29025
1456.24147,0.28155
1454.31267,0.26289
1452.38388,0.24730
1450.45508,0.23524
1448.52628,0.22334
1446.59749,0.20871
1444.66869,0.19357
1442.73989,0.18054
1440.81110,0.17076
1438.88230,0.16515
1436.95350,0.15887
1435.02471,0.14711
1433.09591,0.13607
1431.16711,0.12864
1429.23832,0.12140
1427.30952,0.11442
1425.38072,0.10991
1423.45193,0.10704
1421.52313,0.10613
1419.59433,0.10643
1417.66554,0.10164
1415.73674,0.09280
1413.80794,0.08635
1411.87915,0.08293
1409.95035,0.08056
1408.02155,0.07929
1406.09276,0.07915
1404.16396,0.07788
1402.23516,0.07634
1400.30637,0.07742
1398.37757,0.07950
1396.44877,0.07981
1394.51998,0.07712
1392.59118,0.07233
1390.66238,0.06988
1388.73359,0.07080
1386.80479,0.07051
1384.87599,0.06721
1382.94720,0.06450
1381.01840,0.06380
1379.08960,0.06401
1377.16081,0.06509
1375.23201,0.06646
1373.30321,0.06535
1371.37442,0.06227
1369.44562,0.06025
1367.51682,0.05953
1365.58803,0.06048
1363.65923,0.06289
1361.73043,0.06275
1359.80164,0.05942
1357.87284,0.05679
1355.94404,0.05595
1354.01525,0.05554
1352.08645,0.05515
1350.15765,0.05505
1348.22886,0.05500
1346.30006,0.05489
1344.37126,0.05542
1342.44247,0.05776
1340.51367,0.06105
1338.58487,0.06177
1336.65608,0.05926
1334.72728,0.05659
1332.79848,0.05526
1330.86969,0.05473
1328.94089,0.05433
1327.01209,0.05392
1325.08330,0.05354
1323.15450,0.05341
1321.22570,0.05381
1319.29691,0.05427
1317.36811,0.05399
1315.43931,0.05332
1313.51052,0.05274
1311.58172,0.05201
1309.65292,0.05133
1307.72413,0.05096
1305.79533,0.05074
1303.86653,0.05069
1301.93774,0.05088
1300.00894,0.05122
1298.08014,0.05162
1296.15135,0.05191
1294.22255,0.05202
1292.29375,0.05218
1290.36496,0.05253
1288.43616,0.05282
1286.50736,0.05270
1284.57857,0.05238
1282.64977,0.05220
1280.72097,0.05210
1278.79218,0.05185
1276.86338,0.05152
1274.93458,0.05139
1273.00579,0.05155
1271.07699,0.05165
1269.14820,0.05142
1267.21940,0.05113
1265.29060,0.05104
1263.36181,0.05114
1261.43301,0.05132
1259.50421,0.05134
1257.57542,0.05117
1255.64662,0.05110
1253.71782,0.05127
1251.78903,0.05162
1249.86023,0.05207
1247.93143,0.05254
1246.00264,0.05303
1244.07384,0.05351
1242.14504,0.05388
1240.21625,0.05413
1238.28745,0.05431
1236.35865,0.05448
1234.42986,0.05458
1232.50106,0.05469
1230.57226,0.05485
1228.64347,0.05500
1226.71467,0.05510
1224.78587,0.05512
1222.85708,0.05512
1220.92828,0.05525
1218.99948,0.05553
1217.07069,0.05587
1215.14189,0.05624
1213.21309,0.05669
1211.28430,0.05725
1209.35550,0.05793
1207.42670,0.05876
1205.49791,0.05973
1203.56911,0.06081
1201.64031,0.06196
1199.71152,0.06328
1197.78272,0.06481
1195.85392,0.06648
1193.92513,0.06825
1191.99633,0.07020
1190.06753,0.07243
1188.13874,0.07484
1186.20994,0.07732
1184.28114,0.07983
1182.35235,0.08258
1180.42355,0.08581
1178.49475,0.08953
1176.56596,0.09360
1174.63716,0.09787
1172.70836,0.10229
1170.77957,0.10688
1168.85077,0.11165
1166.92197,0.11640
1164.99318,0.12086
1163.06438,0.12485
1161.13558,0.12805
1159.20679,0.13016
1157.27799,0.13105
1155.34919,0.13071
1153.42040,0.12921
1151.49160,0.12672
1149.56280,0.12336
1147.63401,0.11929
1145.70521,0.11479
1143.77641,0.11009
1141.84762,0.10540
1139.91882,0.10085
1137.99002,0.09647
1136.06123,0.09229
1134.13243,0.08839
1132.20363,0.08481
1130.27484,0.08166
1128.34604,0.07890
1126.41724,0.07641
1124.48845,0.07416
1122.55965,0.07221
1120.63085,0.07060
1118.70206,0.06923
1116.77326,0.06801
1114.84446,0.06700
1112.91567,0.06625
1110.98687,0.06568
1109.05807,0.06525
1107.12928,0.06500
1105.20048,0.06490
1103.27168,0.06488
1101.34289,0.06492
1099.41409,0.06506
1097.48529,0.06525
1095.55650,0.06548
1093.62770,0.06574
1091.69890,0.06603
1089.77011,0.06635
1087.84131,0.06666
1085.91251,0.06685
1083.98372,0.06696
1082.05492,0.06711
1080.12612,0.06730
1078.19733,0.06748
1076.26853,0.06763
1074.33973,0.06782
1072.41094,0.06806
1070.48214,0.06829
1068.55334,0.06840
1066.62455,0.06846
1064.69575,0.06854
1062.76695,0.06857
1060.83816,0.06840
1058.90936,0.06812
1056.98056,0.06789
1055.05177,0.06766
1053.12297,0.06733
1051.19417,0.06690
1049.26538,0.06645
1047.33658,0.06599
1045.40778,0.06556
1043.47899,0.06505
1041.55019,0.06434
1039.62139,0.06350
1037.69260,0.06268
1035.76380,0.06188
1033.83500,0.06100
1031.90621,0.06009
1029.97741,0.05922
1028.04861,0.05832
1026.11982,0.05742
1024.19102,0.05668
1022.26222,0.05611
1020.33343,0.05557
1018.40463,0.05505
1016.47583,0.05472
1014.54704,0.05458
1012.61824,0.05454
1010.68944,0.05446
1008.76065,0.05426
1006.83185,0.05396
1004.90305,0.05356
1002.97426,0.05309
1001.04546,0.05266
999.11666,0.05235
997.18787,0.05210
995.25907,0.05181
993.33027,0.05145
991.40148,0.05109
989.47268,0.05072
987.54388,0.05018
985.61509,0.04949
983.68629,0.04881
981.75749,0.04815
979.82870,0.04740
977.89990,0.04653
975.97110,0.04568
974.04231,0.04495
972.11351,0.04431
970.18471,0.04376
968.25592,0.04341
966.32712,0.04329
964.39832,0.04328
962.46953,0.04325
960.54073,0.04312
958.61193,0.04287
956.68314,0.04260
954.75434,0.04241
952.82554,0.04241
950.89675,0.04253
948.96795,0.04246
947.03915,0.04219
945.11036,0.04187
943.18156,0.04151
941.25276,0.04100
939.32397,0.04037
937.39517,0.03971
935.46637,0.03898
933.53758,0.03816
931.60878,0.03732
929.67998,0.03653
927.75119,0.03587
925.82239,0.03525
923.89359,0.03448
921.96480,0.03357
920.03600,0.03278
918.10720,0.03225
916.17841,0.03188
914.24961,0.03160
912.32081,0.03144
910.39202,0.03142
908.46322,0.03136
906.53443,0.03115
904.60563,0.03093
902.67683,0.03089
900.74804,0.03094
898.81924,0.03087
896.89044,0.03057
894.96165,0.03012
893.03285,0.02962
891.10405,0.02904
889.17526,0.02833
887.24646,0.02748
885.31766,0.02649
883.38887,0.02543
881.46007,0.02445
879.53127,0.02359
877.60248,0.02285
875.67368,0.02218
873.74488,0.02156
871.81609,0.02103
869.88729,0.02060
867.95849,0.02018
866.02970,0.01989
864.10090,0.01986
862.17210,0.01993
860.24331,0.01994
858.31451,0.01992
856.38571,0.01996
854.45692,0.02011
852.52812,0.02031
850.59932,0.02037
848.67053,0.02022
846.74173,0.02006
844.81293,0.01994
842.88414,0.01968
840.95534,0.01929
839.02654,0.01893
837.09775,0.01856
835.16895,0.01808
833.24015,0.01758
831.31136,0.01710
829.38256,0.01655
827.45376,0.01596
825.52497,0.01552
823.59617,0.01545
821.66737,0.01569
819.73858,0.01591
817.80978,0.01604
815.88098,0.01629
813.95219,0.01675
812.02339,0.01735
810.09459,0.01806
808.16580,0.01887
806.23700,0.01972
804.30820,0.02070
802.37941,0.02180
800.45061,0.02282
798.52181,0.02376
796.59302,0.02476
794.66422,0.02574
792.73542,0.02657
790.80663,0.02733
788.87783,0.02803
786.94903,0.02848
785.02024,0.02851
783.09144,0.02799
781.16264,0.02692
779.23385,0.02546
777.30505,0.02380
775.37625,0.02217
773.44746,0.02100
771.51866,0.02054
769.58986,0.02044
767.66107,0.02028
765.73227,0.02017
763.80347,0.02016
761.87468,0.02010
759.94588,0.02022
758.01708,0.02078
756.08829,0.02149
754.15949,0.02195
752.23069,0.02230
750.30190,0.02272
748.37310,0.02286
