3496.90832,0.07064
3494.97953,0.06615
3493.05073,0.06218
3491.12193,0.06248
3489.19314,0.06549
3487.26434,0.06749
3485.33554,0.06512
3483.40675,0.06143
3481.47795,0.06215
3479.54915,0.06573
3477.62036,0.06926
3475.69156,0.07246
3473.76276,0.07415
3471.83397,0.07255
3469.90517,0.06867
3467.97637,0.06750
3466.04758,0.07150
3464.11878,0.07645
3462.18998,0.07598
3460.26119,0.06953
3458.33239,0.06253
3456.40359,0.05853
3454.47480,0.06043
3452.54600,0.06524
3450.61721,0.06315
3448.68841,0.05676
3446.75961,0.05708
3444.83082,0.06127
3442.90202,0.06187
3440.97322,0.06141
3439.04443,0.06179
3437.11563,0.05896
3435.18683,0.05219
3433.25804,0.04842
3431.32924,0.05093
3429.40044,0.05336
3427.47165,0.05353
3425.54285,0.05671
3423.61405,0.06150
3421.68526,0.05857
3419.75646,0.04907
3417.82766,0.04639
3415.89887,0.05035
3413.97007,0.05092
3412.04127,0.04860
3410.11248,0.04645
3408.18368,0.04573
3406.25488,0.04519
3404.32609,0.04005
3402.39729,0.03676
3400.46849,0.04375
3398.53970,0.04974
3396.61090,0.04222
3394.68210,0.03155
3392.75331,0.03049
3390.82451,0.03536
3388.89571,0.04156
3386.96692,0.04736
3385.03812,0.04763
3383.10932,0.04478
3381.18053,0.04799
3379.25173,0.05620
3377.32293,0.05866
3375.39414,0.05404
3373.46534,0.05145
3371.53654,0.05389
3369.60775,0.05733
3367.67895,0.06033
3365.75015,0.06141
3363.82136,0.05868
3361.89256,0.05147
3359.96376,0.04195
3358.03497,0.03803
3356.10617,0.04554
3354.17737,0.06125
3352.24858,0.07243
3350.31978,0.07131
3348.39098,0.06588
3346.46219,0.06320
3344.53339,0.06437
3342.60459,0.06541
3340.67580,0.06126
3338.74700,0.05576
3336.81820,0.05148
3334.88941,0.04876
3332.96061,0.04858
3331.03181,0.04900
3329.10302,0.05058
3327.17422,0.05203
3325.24542,0.05001
3323.31663,0.04600
3321.38783,0.04429
3319.45903,0.04599
3317.53024,0.04485
3315.60144,0.03667
3313.67264,0.03209
3311.74385,0.03781
3309.81505,0.04276
3307.88625,0.04105
3305.95746,0.03707
3304.02866,0.03362
3302.09986,0.03196
3300.17107,0.03043
3298.24227,0.02919
3296.31347,0.03196
3294.38468,0.03687
3292.45588,0.03769
3290.52708,0.03259
3288.59829,0.02714
3286.66949,0.02765
3284.74069,0.03301
3282.81190,0.03617
3280.88310,0.03453
3278.95430,0.03411
3277.02551,0.03958
3275.09671,0.04446
3273.16791,0.04184
3271.23912,0.03812
3269.31032,0.03898
3267.38152,0.03938
3265.45273,0.03749
3263.52393,0.03487
3261.59513,0.03188
3259.66634,0.03266
3257.73754,0.03811
3255.80874,0.04341
3253.87995,0.04490
3251.95115,0.04153
3250.02235,0.03694
3248.09356,0.03500
3246.16476,0.03584
3244.23596,0.03813
3242.30717,0.03723
3240.37837,0.03355
3238.44957,0.03620
3236.52078,0.04640
3234.59198,0.05348
3232.66318,0.05019
3230.73439,0.04195
3228.80559,0.03508
3226.87679,0.02903
3224.94800,0.02566
3223.01920,0.03049
3221.09040,0.04197
3219.16161,0.05165
3217.23281,0.05502
3215.30401,0.05497
3213.37522,0.05578
3211.44642,0.05629
3209.51762,0.05400
3207.58883,0.05325
3205.66003,0.05672
3203.73123,0.05865
3201.80244,0.05705
3199.87364,0.05601
3197.94484,0.05557
3196.01605,0.05440
3194.08725,0.05322
3192.15845,0.05344
3190.22966,0.05740
3188.30086,0.06116
3186.37206,0.05864
3184.44327,0.05315
3182.51447,0.04894
3180.58567,0.04739
3178.65688,0.05068
3176.72808,0.05560
3174.79928,0.05644
3172.87049,0.05247
3170.94169,0.04708
3169.01289,0.04316
3167.08410,0.04045
3165.15530,0.03979
3163.22650,0.04167
3161.29771,0.04223
3159.36891,0.03903
3157.44011,0.03577
3155.51132,0.03638
3153.58252,0.03841
3151.65372,0.03855
3149.72493,0.03733
3147.79613,0.03646
3145.86733,0.03720
3143.93854,0.03824
3142.00974,0.03887
3140.08094,0.03997
3138.15215,0.03940
3136.22335,0.03686
3134.29455,0.03575
3132.36576,0.03701
3130.43696,0.03844
3128.50816,0.03831
3126.57937,0.03722
3124.65057,0.03658
3122.72177,0.03779
3120.79298,0.03959
3118.86418,0.03869
3116.93538,0.03662
3115.00659,0.03614
3113.07779,0.03626
3111.14899,0.03627
3109.22020,0.03627
3107.29140,0.03667
3105.36260,0.03786
3103.43381,0.03850
3101.50501,0.03821
3099.57621,0.03835
3097.64742,0.03835
3095.71862,0.03700
3093.78982,0.03512
3091.86103,0.03378
3089.93223,0.03410
3088.00344,0.03638
3086.07464,0.03827
3084.14584,0.03802
3082.21705,0.03699
3080.28825,0.03637
3078.35945,0.03578
3076.43066,0.03517
3074.50186,0.03452
3072.57306,0.03397
3070.64427,0.03432
3068.71547,0.03515
3066.78667,0.03576
3064.85788,0.03680
3062.92908,0.03806
3061.00028,0.03798
3059.07149,0.03652
3057.14269,0.03514
3055.21389,0.03498
3053.28510,0.03570
3051.35630,0.03600
3049.42750,0.03573
3047.49871,0.03562
3045.56991,0.03609
3043.64111,0.03697
3041.71232,0.03759
3039.78352,0.03745
3037.85472,0.03696
3035.92593,0.03702
3033.99713,0.03772
3032.06833,0.03859
3030.13954,0.03917
3028.21074,0.03922
3026.28194,0.03918
3024.35315,0.03920
3022.42435,0.03916
3020.49555,0.03908
3018.56676,0.03887
3016.63796,0.03872
3014.70916,0.03878
3012.78037,0.03902
3010.85157,0.03945
3008.92277,0.03985
3006.99398,0.04006
3005.06518,0.04021
3003.13638,0.04040
3001.20759,0.04025
2999.27879,0.03960
2997.34999,0.03913
2995.42120,0.03968
2993.49240,0.04069
2991.56360,0.04110
2989.63481,0.04112
2987.70601,0.04093
2985.77721,0.04030
2983.84842,0.03995
2981.91962,0.04045
2979.99082,0.04124
2978.06203,0.04188
2976.13323,0.04254
2974.20443,0.04288
2972.27564,0.04262
2970.34684,0.04245
2968.41804,0.04262
2966.48925,0.04276
2964.56045,0.04278
2962.63165,0.04289
2960.70286,0.04334
2958.77406,0.04428
2956.84526,0.04543
2954.91647,0.04609
2952.98767,0.04601
2951.05887,0.04552
2949.13008,0.04523
2947.20128,0.04540
2945.27248,0.04569
2943.34369,0.04570
2941.41489,0.04550
2939.48609,0.04560
2937.55730,0.04630
2935.62850,0.04724
2933.69970,0.04786
2931.77091,0.04820
2929.84211,0.04859
2927.91331,0.04918
2925.98452,0.04985
2924.05572,0.05017
2922.12692,0.05008
2920.19813,0.04992
2918.26933,0.04982
2916.34053,0.04968
2914.41174,0.04923
2912.48294,0.04839
2910.55414,0.04749
2908.62535,0.04685
2906.69655,0.04635
2904.76775,0.04595
2902.83896,0.04580
2900.91016,0.04570
2898.98136,0.04574
2897.05257,0.04605
2895.12377,0.04613
2893.19497,0.04599
2891.26618,0.04613
2889.33738,0.04631
2887.40858,0.04608
2885.47979,0.04556
2883.55099,0.04542
2881.62219,0.04595
2879.69340,0.04654
2877.76460,0.04676
2875.83580,0.04679
2873.90701,0.04659
2871.97821,0.04628
2870.04941,0.04624
2868.12062,0.04654
2866.19182,0.04691
2864.26302,0.04737
2862.33423,0.04800
2860.40543,0.04865
2858.47663,0.04926
2856.54784,0.04971
2854.61904,0.04971
2852.69024,0.04923
2850.76145,0.04872
2848.83265,0.04867
2846.90385,0.04886
2844.97506,0.04904
2843.04626,0.04920
2841.11746,0.04890
2839.18867,0.04813
2837.25987,0.04766
2835.33107,0.04770
2833.40228,0.04785
2831.47348,0.04788
2829.54468,0.04783
2827.61589,0.04770
2825.68709,0.04757
2823.75829,0.04768
2821.82950,0.04798
2819.90070,0.04805
2817.97190,0.04778
2816.04311,0.04738
2814.11431,0.04710
2812.18551,0.04708
2810.25672,0.04719
2808.32792,0.04717
2806.39912,0.04716
2804.47033,0.04726
2802.54153,0.04727
2800.61273,0.04713
2798.68394,0.04695
2796.75514,0.04673
2794.82634,0.04651
2792.89755,0.04638
2790.96875,0.04635
2789.03995,0.04638
2787.11116,0.04629
2785.18236,0.04598
2783.25356,0.04570
2781.32477,0.04559
2779.39597,0.04537
2777.46717,0.04494
2775.53838,0.04452
2773.60958,0.04438
2771.68078,0.04443
2769.75199,0.04450
2767.82319,0.04460
2765.89439,0.04477
2763.96560,0.04480
2762.03680,0.04454
2760.10800,0.04425
2758.17921,0.04410
2756.25041,0.04412
2754.32161,0.04414
2752.39282,0.04392
2750.46402,0.04371
2748.53522,0.04377
2746.60643,0.04391
2744.67763,0.04385
2742.74883,0.04372
2740.82004,0.04372
2738.89124,0.04370
2736.96244,0.04375
2735.03365,0.04403
2733.10485,0.04422
2731.17605,0.04412
2729.24726,0.04394
2727.31846,0.04384
2725.38967,0.04378
2723.46087,0.04361
2721.53207,0.04349
2719.60328,0.04356
2717.67448,0.04362
2715.74568,0.04363
2713.81689,0.04375
2711.88809,0.04387
2709.95929,0.04385
2708.03050,0.04376
2706.10170,0.04366
2704.17290,0.04355
2702.24411,0.04346
2700.31531,0.04343
2698.38651,0.04352
2696.45772,0.04366
2694.52892,0.04374
2692.60012,0.04376
2690.67133,0.04375
2688.74253,0.04371
2686.81373,0.04364
2684.88494,0.04361
2682.95614,0.04374
2681.02734,0.04391
2679.09855,0.04393
2677.16975,0.04378
2675.24095,0.04358
2673.31216,0.04343
2671.38336,0.04326
2669.45456,0.04308
2667.52577,0.04301
2665.59697,0.04303
2663.66817,0.04306
2661.73938,0.04305
2659.81058,0.04299
2657.88178,0.04297
2655.95299,0.04301
2654.02419,0.04307
2652.09539,0.04326
2650.16660,0.04344
2648.23780,0.04340
2646.30900,0.04333
2644.38021,0.04348
2642.45141,0.04375
2640.52261,0.04381
2638.59382,0.04360
2636.66502,0.04353
2634.73622,0.04374
2632.80743,0.04389
2630.87863,0.04389
2628.94983,0.04396
2627.02104,0.04409
2625.09224,0.04409
2623.16344,0.04405
2621.23465,0.04420
2619.30585,0.04450
2617.37705,0.04453
2615.44826,0.04411
2613.51946,0.04367
2611.59066,0.04359
2609.66187,0.04367
2607.73307,0.04359
2605.80427,0.04361
2603.87548,0.04400
2601.94668,0.04434
2600.01788,0.04436
2598.08909,0.04450
2596.16029,0.04489
2594.23149,0.04506
2592.30270,0.04489
2590.37390,0.04492
2588.44510,0.04500
2586.51631,0.04451
2584.58751,0.04384
2582.65871,0.04356
2580.72992,0.04348
2578.80112,0.04349
2576.87232,0.04381
2574.94353,0.04432
2573.01473,0.04461
2571.08593,0.04464
2569.15714,0.04456
2567.22834,0.04448
2565.29954,0.04428
2563.37075,0.04396
2561.44195,0.04398
2559.51315,0.04437
2557.58436,0.04448
2555.65556,0.04423
2553.72676,0.04390
2551.79797,0.04360
2549.86917,0.04350
2547.94037,0.04363
2546.01158,0.04385
2544.08278,0.04413
2542.15398,0.04418
2540.22519,0.04379
2538.29639,0.04334
2536.36759,0.04321
2534.43880,0.04340
2532.51000,0.04362
2530.58120,0.04325
2528.65241,0.04234
2526.72361,0.04180
2524.79481,0.04195
2522.86602,0.04229
2520.93722,0.04265
2519.00842,0.04305
2517.07963,0.04328
2515.15083,0.04342
2513.22203,0.04369
2511.29324,0.04369
2509.36444,0.04329
2507.43564,0.04312
2505.50685,0.04332
2503.57805,0.04336
2501.64925,0.04307
2499.72046,0.04295
2497.79166,0.04297
2495.86286,0.04276
2493.93407,0.04270
2492.00527,0.04272
2490.07647,0.04244
2488.14768,0.04238
2486.21888,0.04261
2484.29008,0.04255
2482.36129,0.04230
2480.43249,0.04235
2478.50369,0.04264
2476.57490,0.04279
2474.64610,0.04268
2472.71730,0.04233
2470.78851,0.04202
2468.85971,0.04209
2466.93091,0.04236
2465.00212,0.04262
2463.07332,0.04272
2461.14452,0.04246
2459.21573,0.04203
2457.28693,0.04176
2455.35813,0.04140
2453.42934,0.04101
2451.50054,0.04103
2449.57174,0.04113
2447.64295,0.04078
2445.71415,0.04034
2443.78535,0.04027
2441.85656,0.04032
2439.92776,0.04022
2437.99896,0.04006
2436.07017,0.03995
2434.14137,0.03992
2432.21257,0.03996
2430.28378,0.03997
2428.35498,0.04008
2426.42618,0.04034
2424.49739,0.04049
2422.56859,0.04017
2420.63979,0.03964
2418.71100,0.03940
2416.78220,0.03936
2414.85340,0.03925
2412.92461,0.03920
2410.99581,0.03930
2409.06701,0.03927
2407.13822,0.03895
2405.20942,0.03856
2403.28062,0.03841
2401.35183,0.03837
2399.42303,0.03794
2397.49423,0.03743
2395.56544,0.03740
2393.63664,0.03767
2391.70784,0.03799
2389.77905,0.03857
2387.85025,0.04009
2385.92145,0.04345
2383.99266,0.04926
2382.06386,0.05770
2380.13506,0.06851
2378.20627,0.08064
2376.27747,0.09287
2374.34867,0.10498
2372.41988,0.11723
2370.49108,0.12936
2368.56228,0.14078
2366.63349,0.15108
2364.70469,0.15951
2362.77589,0.16514
2360.84710,0.16760
2358.91830,0.16622
2356.98951,0.15970
2355.06071,0.14801
2353.13191,0.13250
2351.20312,0.11721
2349.27432,0.10940
2347.34552,0.11328
2345.41673,0.12432
2343.48793,0.13152
2341.55913,0.13200
2339.63034,0.13027
2337.70154,0.12809
2335.77274,0.12614
2333.84395,0.12556
2331.91515,0.12567
2329.98635,0.12387
2328.05756,0.12001
2326.12876,0.11663
2324.19996,0.11456
2322.27117,0.11181
2320.34237,0.10644
2318.41357,0.09910
2316.48478,0.09232
2314.55598,0.08779
2312.62718,0.08453
2310.69839,0.08068
2308.76959,0.07602
2306.84079,0.07108
2304.91200,0.06620
2302.98320,0.06188
2301.05440,0.05825
2299.12561,0.05516
2297.19681,0.05273
2295.26801,0.05074
2293.33922,0.04857
2291.41042,0.04634
2289.48162,0.04463
2287.55283,0.04339
2285.62403,0.04217
2283.69523,0.04113
2281.76644,0.04085
2279.83764,0.04148
2277.90884,0.04249
2275.98005,0.04324
2274.05125,0.04356
2272.12245,0.04392
2270.19366,0.04457
2268.26486,0.04511
2266.33606,0.04537
2264.40727,0.04553
2262.47847,0.04568
2260.54967,0.04608
2258.62088,0.04697
2256.69208,0.04769
2254.76328,0.04732
2252.83449,0.04636
2250.90569,0.04613
2248.97689,0.04645
2247.04810,0.04618
2245.11930,0.04567
2243.19050,0.04596
2241.26171,0.04680
2239.33291,0.04707
2237.40411,0.04659
2235.47532,0.04645
2233.54652,0.04681
2231.61772,0.04707
2229.68893,0.04773
2227.76013,0.04884
2225.83133,0.04945
2223.90254,0.04950
2221.97374,0.04967
2220.04494,0.05036
2218.11615,0.05097
2216.18735,0.05064
2214.25855,0.04991
2212.32976,0.04994
2210.40096,0.05110
2208.47216,0.05220
2206.54337,0.05172
2204.61457,0.05092
2202.68577,0.05204
2200.75698,0.05422
2198.82818,0.05546
2196.89938,0.05538
2194.97059,0.05514
2193.04179,0.05574
2191.11299,0.05645
2189.18420,0.05655
2187.25540,0.05664
2185.32660,0.05683
2183.39781,0.05639
2181.46901,0.05590
2179.54021,0.05634
2177.61142,0.05678
2175.68262,0.05703
2173.75382,0.05771
2171.82503,0.05847
2169.89623,0.05996
2167.96743,0.06164
2166.03864,0.06179
2164.10984,0.06209
2162.18104,0.06465
2160.25225,0.06775
2158.32345,0.06872
2156.39465,0.06668
2154.46586,0.06295
2152.53706,0.05948
2150.60826,0.05664
2148.67947,0.05383
2146.75067,0.05138
2144.82187,0.04982
2142.89308,0.04809
2140.96428,0.04544
2139.03548,0.04344
2137.10669,0.04260
2135.17789,0.04126
2133.24909,0.03911
2131.32030,0.03733
2129.39150,0.03636
2127.46270,0.03605
2125.53391,0.03624
2123.60511,0.03636
2121.67631,0.03573
2119.74752,0.03466
2117.81872,0.03401
2115.88992,0.03375
2113.96113,0.03349
2112.03233,0.03365
2110.10353,0.03449
2108.17474,0.03529
2106.24594,0.03543
2104.31714,0.03525
2102.38835,0.03514
2100.45955,0.03487
2098.53075,0.03417
2096.60196,0.03347
2094.67316,0.03298
2092.74436,0.03241
2090.81557,0.03195
2088.88677,0.03238
2086.95797,0.03372
2085.02918,0.03477
2083.10038,0.03483
2081.17158,0.03452
2079.24279,0.03439
2077.31399,0.03450
2075.38519,0.03459
2073.45640,0.03477
2071.52760,0.03579
2069.59880,0.03729
2067.67001,0.03847
2065.74121,0.03893
2063.81241,0.03855
2061.88362,0.03807
2059.95482,0.03767
2058.02602,0.03697
2056.09723,0.03689
2054.16843,0.03787
2052.23963,0.03877
2050.31084,0.03962
2048.38204,0.04119
2046.45324,0.04263
2044.52445,0.04332
2042.59565,0.04398
2040.66685,0.04513
2038.73806,0.04606
2036.80926,0.04581
2034.88046,0.04563
2032.95167,0.04749
2031.02287,0.04986
2029.09407,0.04981
2027.16528,0.04748
2025.23648,0.04521
2023.30768,0.04428
2021.37889,0.04381
2019.45009,0.04331
2017.52129,0.04394
2015.59250,0.04513
2013.66370,0.04459
2011.73490,0.04265
2009.80611,0.04150
2007.87731,0.04043
2005.94851,0.03801
2004.01972,0.03645
2002.09092,0.03761
2000.16212,0.03994
1998.23333,0.04085
1996.30453,0.03985
1994.37574,0.03913
1992.44694,0.03957
1990.51814,0.03929
1988.58935,0.03816
1986.66055,0.03722
1984.73175,0.03667
1982.80296,0.03787
1980.87416,0.04105
1978.94536,0.04299
1977.01657,0.04139
1975.08777,0.03869
1973.15897,0.03715
1971.23018,0.03616
1969.30138,0.03605
1967.37258,0.03744
1965.44379,0.03841
1963.51499,0.03707
1961.58619,0.03463
1959.65740,0.03301
1957.72860,0.03238
1955.79980,0.03208
1953.87101,0.03175
1951.94221,0.03157
1950.01341,0.03164
1948.08462,0.03175
1946.15582,0.03225
1944.22702,0.03339
1942.29823,0.03346
1940.36943,0.03142
1938.44063,0.02901
1936.51184,0.02764
1934.58304,0.02758
1932.65424,0.02804
1930.72545,0.02813
1928.79665,0.02812
1926.86785,0.02852
1924.93906,0.02959
1923.01026,0.03045
1921.08146,0.03081
1919.15267,0.03130
1917.22387,0.03066
1915.29507,0.02865
1913.36628,0.02767
1911.43748,0.02832
1909.50868,0.02879
1907.57989,0.02799
1905.65109,0.02674
1903.72229,0.02603
1901.79350,0.02576
1899.86470,0.02571
1897.93590,0.02621
1896.00711,0.02707
1894.07831,0.02763
1892.14951,0.02851
1890.22072,0.02972
1888.29192,0.02933
1886.36312,0.02772
1884.43433,0.02663
1882.50553,0.02626
1880.57673,0.02631
1878.64794,0.02638
1876.71914,0.02625
1874.79034,0.02621
1872.86155,0.02754
1870.93275,0.03123
1869.00395,0.03425
1867.07516,0.03267
1865.14636,0.02881
1863.21756,0.02645
1861.28877,0.02576
1859.35997,0.02558
1857.43117,0.02522
1855.50238,0.02475
1853.57358,0.02465
1851.64478,0.02525
1849.71599,0.02687
1847.78719,0.02966
1845.85839,0.03305
1843.92960,0.03362
1842.00080,0.03011
1840.07200,0.02729
1838.14321,0.02692
1836.21441,0.02699
1834.28561,0.02737
1832.35682,0.03002
1830.42802,0.03325
1828.49922,0.03352
1826.57043,0.03240
1824.64163,0.03095
1822.71283,0.02828
1820.78404,0.02621
1818.85524,0.02582
1816.92644,0.02586
1814.99765,0.02607
1813.06885,0.02730
1811.14005,0.02849
1809.21126,0.02794
1807.28246,0.02655
1805.35366,0.02655
1803.42487,0.02875
1801.49607,0.03114
1799.56727,0.03115
1797.63848,0.03005
1795.70968,0.03106
1793.78088,0.03446
1791.85209,0.03550
1789.92329,0.03161
1787.99449,0.02829
1786.06570,0.02829
1784.13690,0.02927
1782.20810,0.03004
1780.27931,0.03026
1778.35051,0.02977
1776.42171,0.03093
1774.49292,0.03522
1772.56412,0.03912
1770.63532,0.03805
1768.70653,0.03398
1766.77773,0.03002
1764.84893,0.02869
1762.92014,0.03034
1760.99134,0.03114
1759.06254,0.03046
1757.13375,0.02997
1755.20495,0.02956
1753.27615,0.03180
1751.34736,0.03717
1749.41856,0.03968
1747.48976,0.03736
1745.56097,0.03473
1743.63217,0.03401
1741.70337,0.03447
1739.77458,0.03440
1737.84578,0.03474
1735.91698,0.03895
1733.98819,0.04330
1732.05939,0.04001
1730.13059,0.03396
1728.20180,0.02947
1726.27300,0.02738
1724.34420,0.02770
1722.41541,0.02961
1720.48661,0.03515
1718.55781,0.04416
1716.62902,0.04785
1714.70022,0.04269
1712.77142,0.03667
1710.84263,0.03461
1708.91383,0.03734
1706.98503,0.04345
1705.05624,0.04941
1703.12744,0.05583
1701.19864,0.06618
1699.26985,0.07503
1697.34105,0.07864
1695.41225,0.08047
1693.48346,0.08191
1691.55466,0.08795
1689.62586,0.10016
1687.69707,0.11569
1685.76827,0.13637
1683.83947,0.15788
1681.91068,0.16725
1679.98188,0.17282
1678.05308,0.18366
1676.12429,0.19958
1674.19549,0.21529
1672.26669,0.22822
1670.33790,0.24078
1668.40910,0.24850
1666.48030,0.25094
1664.55151,0.25570
1662.62271,0.26144
1660.69391,0.26267
1658.76512,0.26294
1656.83632,0.26852
1654.90752,0.28090
1652.97873,0.28822
1651.04993,0.28240
1649.12113,0.28182
1647.19234,0.28776
1645.26354,0.28974
1643.33474,0.29037
1641.40595,0.29777
1639.47715,0.31293
1637.54835,0.33507
1635.61956,0.35861
1633.69076,0.37254
1631.76197,0.38295
1629.83317,0.39839
1627.90437,0.41581
1625.97558,0.42997
1624.04678,0.43985
1622.11798,0.44337
1620.18919,0.44334
1618.26039,0.44461
1616.33159,0.44260
1614.40280,0.43553
1612.47400,0.43119
1610.54520,0.43203
1608.61641,0.43594
1606.68761,0.44140
1604.75881,0.44901
1602.83002,0.45859
1600.90122,0.46842
1598.97242,0.47739
1597.04363,0.48497
1595.11483,0.48964
1593.18603,0.48960
1591.25724,0.48490
1589.32844,0.47587
1587.39964,0.46284
1585.47085,0.44675
1583.54205,0.42834
1581.61325,0.40901
1579.68446,0.39203
1577.75566,0.37599
1575.82686,0.35259
1573.89807,0.32753
1571.96927,0.31010
1570.04047,0.29390
1568.11168,0.27427
1566.18288,0.25630
1564.25408,0.24311
1562.32529,0.23799
1560.39649,0.24036
1558.46769,0.23206
1556.53890,0.21015
1554.61010,0.19269
1552.68130,0.18087
1550.75251,0.17233
1548.82371,0.16517
1546.89491,0.16164
1544.96612,0.16362
1543.03732,0.16818
1541.10852,0.16939
1539.17973,0.15831
1537.25093,0.14432
1535.32213,0.13887
1533.39334,0.13628
1531.46454,0.13044
1529.53574,0.12670
1527.60695,0.12746
1525.67815,0.12890
1523.74935,0.13074
1521.82056,0.13191
1519.89176,0.12880
1517.96296,0.12422
1516.03417,0.11888
1514.10537,0.11334
1512.17657,0.11256
1510.24778,0.11919
1508.31898,0.12964
1506.39018,0.12862
1504.46139,0.11493
1502.53259,0.10767
1500.60379,0.10969
1498.67500,0.11604
1496.74620,0.12023
1494.81740,0.12115
1492.88861,0.12598
1490.95981,0.13775
1489.03101,0.14886
1487.10222,0.15323
1485.17342,0.15681
1483.24462,0.16479
1481.31583,0.17660
1479.38703,0.19048
1477.45823,0.20710
1475.52944,0.22641
1473.60064,0.24448
1471.67184,0.25477
1469.74305,0.25823
1467.81425,0.26367
1465.88545,0.27244
1463.95666,0.27771
1462.02786,0.27949
1460.09906,0.28463
1458.17027,0.29022
1456.24147,0.28151
1454.31267,0.26282
1452.38388,0.24722
1450.45508,0.23522
1448.52628,0.22337
1446.59749,0.20873
1444.66869,0.19355
1442.73989,0.18050
1440.81110,0.17073
1438.88230,0.16511
1436.95350,0.15879
1435.02471,0.14701
1433.09591,0.13597
1431.16711,0.12856
1429.23832,0.12132
1427.30952,0.11435
1425.38072,0.10985
1423.45193,0.10699
1421.52313,0.10610
1419.59433,0.10638
1417.66554,0.10156
1415.73674,0.09271
1413.80794,0.08627
1411.87915,0.08288
1409.95035,0.08054
1408.02155,0.07925
1406.09276,0.07909
1404.16396,0.07782
1402.23516,0.07628
1400.30637,0.07736
1398.37757,0.07947
1396.44877,0.07980
1394.51998,0.07710
1392.59118,0.07228
1390.66238,0.06981
1388.73359,0.07073
1386.80479,0.07045
1384.87599,0.06717
1382.94720,0.06446
1381.01840,0.06375
1379.08960,0.06396
1377.16081,0.06503
1375.23201,0.06638
1373.30321,0.06526
1371.37442,0.06219
1369.44562,0.06018
1367.51682,0.05946
1365.58803,0.06042
1363.65923,0.06284
1361.73043,0.06270
1359.80164,0.05936
1357.87284,0.05672
1355.94404,0.05587
1354.01525,0.05547
1352.08645,0.05510
1350.15765,0.05502
1348.22886,0.05499
1346.30006,0.05486
1344.37126,0.05537
1342.44247,0.05769
1340.51367,0.06097
1338.58487,0.06170
1336.65608,0.05923
1334.72728,0.05656
1332.79848,0.05521
1330.86969,0.05464
1328.94089,0.05424
1327.01209,0.05385
1325.08330,0.05349
1323.15450,0.05335
1321.22570,0.05374
1319.29691,0.05422
1317.36811,0.05395
1315.43931,0.05326
1313.51052,0.05266
1311.58172,0.05195
1309.65292,0.05127
1307.72413,0.05090
1305.79533,0.05069
1303.86653,0.05065
1301.93774,0.05082
1300.00894,0.05113
1298.08014,0.05153
1296.15135,0.05183
1294.22255,0.05195
1292.29375,0.05211
1290.36496,0.05246
1288.43616,0.05276
1286.50736,0.05266
1284.57857,0.05232
1282.64977,0.05212
1280.72097,0.05201
1278.79218,0.05177
1276.86338,0.05146
1274.93458,0.05135
1273.00579,0.05151
1271.07699,0.05159
1269.14820,0.05137
1267.21940,0.05111
1265.29060,0.05103
1263.36181,0.05112
1261.43301,0.05130
1259.50421,0.05131
1257.57542,0.05113
1255.64662,0.05106
1253.71782,0.05122
1251.78903,0.05156
1249.86023,0.05200
1247.93143,0.05245
1246.00264,0.05292
1244.07384,0.05340
1242.14504,0.05380
1240.21625,0.05407
1238.28745,0.05426
1236.35865,0.05442
1234.42986,0.05452
1232.50106,0.05463
1230.57226,0.05479
1228.64347,0.05495
1226.71467,0.05505
1224.78587,0.05506
1222.85708,0.05505
1220.92828,0.05520
1218.99948,0.05549
1217.07069,0.05581
1215.14189,0.05618
1213.21309,0.05661
1211.28430,0.05716
1209.35550,0.05784
1207.42670,0.05867
1205.49791,0.05965
1203.56911,0.06074
1201.64031,0.06190
1199.71152,0.06326
1197.78272,0.06482
1195.85392,0.06649
1193.92513,0.06823
1191.99633,0.07015
1190.06753,0.07236
1188.13874,0.07479
1186.20994,0.07727
1184.28114,0.07977
1182.35235,0.08253
1180.42355,0.08578
1178.49475,0.08951
1176.56596,0.09356
1174.63716,0.09783
1172.70836,0.10224
1170.77957,0.10682
1168.85077,0.11158
1166.92197,0.11632
1164.99318,0.12080
1163.06438,0.12480
1161.13558,0.12800
1159.20679,0.13010
1157.27799,0.13100
1155.34919,0.13067
1153.42040,0.12916
1151.49160,0.12667
1149.56280,0.12332
1147.63401,0.11925
1145.70521,0.11476
1143.77641,0.11007
1141.84762,0.10537
1139.91882,0.10081
1137.99002,0.09644
1136.06123,0.09227
1134.13243,0.08836
1132.20363,0.08477
1130.27484,0.08163
1128.34604,0.07888
1126.41724,0.07638
1124.48845,0.07412
1122.55965,0.07214
1120.63085,0.07050
1118.70206,0.06914
1116.77326,0.06794
1114.84446,0.06694
1112.91567,0.06619
1110.98687,0.06562
1109.05807,0.06519
1107.12928,0.06494
1105.20048,0.06485
1103.27168,0.06484
1101.34289,0.06489
1099.41409,0.06502
1097.48529,0.06523
1095.55650,0.06545
1093.62770,0.06569
1091.69890,0.06595
1089.77011,0.06628
1087.84131,0.06661
1085.91251,0.06682
1083.98372,0.06693
1082.05492,0.06707
1080.12612,0.06724
1078.19733,0.06741
1076.26853,0.06759
1074.33973,0.06778
1072.41094,0.06800
1070.48214,0.06822
1068.55334,0.06834
1066.62455,0.06840
1064.69575,0.06849
1062.76695,0.06852
1060.83816,0.06834
1058.90936,0.06806
1056.98056,0.06784
1055.05177,0.06761
1053.12297,0.06727
1051.19417,0.06685
1049.26538,0.06640
1047.33658,0.06594
1045.40778,0.06550
1043.47899,0.06500
1041.55019,0.06432
1039.62139,0.06349
1037.69260,0.06266
1035.76380,0.06185
1033.83500,0.06097
1031.90621,0.06008
1029.97741,0.05922
1028.04861,0.05832
1026.11982,0.05742
1024.19102,0.05666
1022.26222,0.05608
1020.33343,0.05552
1018.40463,0.05500
1016.47583,0.05466
1014.54704,0.05452
1012.61824,0.05448
1010.68944,0.05440
1008.76065,0.05421
1006.83185,0.05391
1004.90305,0.05350
1002.97426,0.05304
1001.04546,0.05261
999.11666,0.05229
997.18787,0.05203
995.25907,0.05174
993.33027,0.05139
991.40148,0.05104
989.47268,0.05066
987.54388,0.05012
985.61509,0.04944
983.68629,0.04876
981.75749,0.04810
979.82870,0.04734
977.89990,0.04646
975.97110,0.04560
974.04231,0.04487
972.11351,0.04424
970.18471,0.04370
968.25592,0.04337
966.32712,0.04324
964.39832,0.04320
962.46953,0.04314
960.54073,0.04299
958.61193,0.04276
956.68314,0.04251
954.75434,0.04232
952.82554,0.04233
950.89675,0.04245
948.96795,0.04241
947.03915,0.04217
945.11036,0.04184
943.18156,0.04143
941.25276,0.04091
939.32397,0.04029
937.39517,0.03963
935.46637,0.03891
933.53758,0.03812
931.60878,0.03729
929.67998,0.03649
927.75119,0.03581
925.82239,0.03517
923.89359,0.03440
921.96480,0.03349
920.03600,0.03269
918.10720,0.03215
916.17841,0.03178
914.24961,0.03150
912.32081,0.03136
910.39202,0.03131
908.46322,0.03122
906.53443,0.03103
904.60563,0.03085
902.67683,0.03081
900.74804,0.03084
898.81924,0.03075
896.89044,0.03046
894.96165,0.03004
893.03285,0.02953
891.10405,0.02893
889.17526,0.02821
887.24646,0.02735
885.31766,0.02635
883.38887,0.02532
881.46007,0.02436
879.53127,0.02347
877.60248,0.02267
875.67368,0.02197
873.74488,0.02133
871.81609,0.02078
869.88729,0.02035
867.95849,0.01995
866.02970,0.01971
864.10090,0.01972
862.17210,0.01982
860.24331,0.01982
858.31451,0.01978
856.38571,0.01979
854.45692,0.01993
852.52812,0.02013
850.59932,0.02022
848.67053,0.02013
846.74173,0.02001
844.81293,0.01989
842.88414,0.01960
840.95534,0.01915
839.02654,0.01877
837.09775,0.01839
835.16895,0.01790
833.24015,0.01738
831.31136,0.01689
829.38256,0.01636
827.45376,0.01582
825.52497,0.01538
823.59617,0.01522
821.66737,0.01538
819.73858,0.01561
817.80978,0.01576
815.88098,0.01605
813.95219,0.01664
812.02339,0.01737
810.09459,0.01810
808.16580,0.01885
806.23700,0.01960
804.30820,0.02047
802.37941,0.02154
800.45061,0.02267
798.52181,0.02377
796.59302,0.02481
794.66422,0.02567
792.73542,0.02637
790.80663,0.02702
788.87783,0.02762
786.94903,0.02811
785.02024,0.02821
783.09144,0.02767
781.16264,0.02664
779.23385,0.02530
777.30505,0.02371
775.37625,0.02217
773.44746,0.02114
771.51866,0.02071
769.58986,0.02052
767.66107,0.02017
765.73227,0.01977
763.80347,0.01968
761.87468,0.01998
759.94588,0.02028
758.01708,0.02046
756.08829,0.02075
754.15949,0.02113
752.23069,0.02158
750.30190,0.02206
748.37310,0.02231
