3496.90832,0.06987
3494.97953,0.07167
3493.05073,0.06539
3491.12193,0.06252
3489.19314,0.06820
3487.26434,0.07625
3485.33554,0.07745
3483.40675,0.07295
3481.47795,0.06873
3479.54915,0.06356
3477.62036,0.06033
3475.69156,0.06369
3473.76276,0.06741
3471.83397,0.06531
3469.90517,0.06128
3467.97637,0.06373
3466.04758,0.07223
3464.11878,0.07614
3462.18998,0.07230
3460.26119,0.06826
3458.33239,0.06577
3456.40359,0.06048
3454.47480,0.05473
3452.54600,0.05379
3450.61721,0.05630
3448.68841,0.05833
3446.75961,0.05981
3444.83082,0.06193
3442.90202,0.06269
3440.97322,0.06075
3439.04443,0.05734
3437.11563,0.05269
3435.18683,0.04829
3433.25804,0.04794
3431.32924,0.05346
3429.40044,0.06222
3427.47165,0.06526
3425.54285,0.06000
3423.61405,0.05790
3421.68526,0.06150
3419.75646,0.06245
3417.82766,0.06193
3415.89887,0.06096
3413.97007,0.05640
3412.04127,0.05212
3410.11248,0.05080
3408.18368,0.04924
3406.25488,0.04471
3404.32609,0.03902
3402.39729,0.03736
3400.46849,0.04155
3398.53970,0.04710
3396.61090,0.04786
3394.68210,0.04662
3392.75331,0.04848
3390.82451,0.04976
3388.89571,0.05028
3386.96692,0.05253
3385.03812,0.05255
3383.10932,0.04924
3381.18053,0.04902
3379.25173,0.05449
3377.32293,0.05825
3375.39414,0.05674
3373.46534,0.05434
3371.53654,0.05380
3369.60775,0.05578
3367.67895,0.06184
3365.75015,0.06821
3363.82136,0.06562
3361.89256,0.05632
3359.96376,0.04911
3358.03497,0.04552
3356.10617,0.04921
3354.17737,0.06092
3352.24858,0.07037
3350.31978,0.07282
3348.39098,0.07303
3346.46219,0.07270
3344.53339,0.07182
3342.60459,0.06951
3340.67580,0.06445
3338.74700,0.05946
3336.81820,0.05614
3334.88941,0.05670
3332.96061,0.06048
3331.03181,0.06163
3329.10302,0.06205
3327.17422,0.06093
3325.24542,0.05270
3323.31663,0.04583
3321.38783,0.04927
3319.45903,0.05597
3317.53024,0.05955
3315.60144,0.05741
3313.67264,0.04688
3311.74385,0.03493
3309.81505,0.03157
3307.88625,0.04127
3305.95746,0.05543
3304.02866,0.05671
3302.09986,0.04674
3300.17107,0.04048
3298.24227,0.04037
3296.31347,0.04290
3294.38468,0.04505
3292.45588,0.04216
3290.52708,0.03460
3288.59829,0.02743
3286.66949,0.02142
3284.74069,0.01856
3282.81190,0.02132
3280.88310,0.02460
3278.95430,0.02938
3277.02551,0.03780
3275.09671,0.04096
3273.16791,0.03876
3271.23912,0.03882
3269.31032,0.03957
3267.38152,0.03726
3265.45273,0.03374
3263.52393,0.03123
3261.59513,0.02809
3259.66634,0.02625
3257.73754,0.03087
3255.80874,0.03884
3253.87995,0.04351
3251.95115,0.04276
3250.02235,0.03711
3248.09356,0.02943
3246.16476,0.02518
3244.23596,0.02802
3242.30717,0.03077
3240.37837,0.02656
3238.44957,0.02556
3236.52078,0.03523
3234.59198,0.04632
3232.66318,0.05025
3230.73439,0.04791
3228.80559,0.04110
3226.87679,0.03143
3224.94800,0.02603
3223.01920,0.03085
3221.09040,0.04245
3219.16161,0.05255
3217.23281,0.05663
3215.30401,0.05700
3213.37522,0.05795
3211.44642,0.06211
3209.51762,0.06751
3207.58883,0.06684
3205.66003,0.05948
3203.73123,0.05319
3201.80244,0.05031
3199.87364,0.04831
3197.94484,0.04800
3196.01605,0.04950
3194.08725,0.05060
3192.15845,0.05027
3190.22966,0.04976
3188.30086,0.05032
3186.37206,0.04900
3184.44327,0.04477
3182.51447,0.04269
3180.58567,0.04363
3178.65688,0.04377
3176.72808,0.04356
3174.79928,0.04395
3172.87049,0.04194
3170.94169,0.03722
3169.01289,0.03342
3167.08410,0.03282
3165.15530,0.03611
3163.22650,0.04094
3161.29771,0.04210
3159.36891,0.03834
3157.44011,0.03501
3155.51132,0.03583
3153.58252,0.03837
3151.65372,0.04014
3149.72493,0.03996
3147.79613,0.03806
3145.86733,0.03710
3143.93854,0.03742
3142.00974,0.03796
3140.08094,0.03813
3138.15215,0.03716
3136.22335,0.03561
3134.29455,0.03347
3132.36576,0.03140
3130.43696,0.03192
3128.50816,0.03398
3126.57937,0.03452
3124.65057,0.03454
3122.72177,0.03634
3120.79298,0.03825
3118.86418,0.03811
3116.93538,0.03754
3115.00659,0.03739
3113.07779,0.03632
3111.14899,0.03428
3109.22020,0.03248
3107.29140,0.03290
3105.36260,0.03594
3103.43381,0.03815
3101.50501,0.03765
3099.57621,0.03622
3097.64742,0.03472
3095.71862,0.03305
3093.78982,0.03147
3091.86103,0.03011
3089.93223,0.02976
3088.00344,0.03080
3086.07464,0.03200
3084.14584,0.03267
3082.21705,0.03325
3080.28825,0.03388
3078.35945,0.03386
3076.43066,0.03273
3074.50186,0.03141
3072.57306,0.03134
3070.64427,0.03231
3068.71547,0.03256
3066.78667,0.03170
3064.85788,0.03109
3062.92908,0.03156
3061.00028,0.03248
3059.07149,0.03273
3057.14269,0.03230
3055.21389,0.03231
3053.28510,0.03291
3051.35630,0.03305
3049.42750,0.03243
3047.49871,0.03181
3045.56991,0.03187
3043.64111,0.03277
3041.71232,0.03412
3039.78352,0.03502
3037.85472,0.03523
3035.92593,0.03556
3033.99713,0.03606
3032.06833,0.03621
3030.13954,0.03622
3028.21074,0.03616
3026.28194,0.03581
3024.35315,0.03534
3022.42435,0.03542
3020.49555,0.03624
3018.56676,0.03698
3016.63796,0.03734
3014.70916,0.03782
3012.78037,0.03838
3010.85157,0.03844
3008.92277,0.03797
3006.99398,0.03743
3005.06518,0.03712
3003.13638,0.03698
3001.20759,0.03690
2999.27879,0.03714
2997.34999,0.03767
2995.42120,0.03814
2993.49240,0.03837
2991.56360,0.03808
2989.63481,0.03770
2987.70601,0.03782
2985.77721,0.03776
2983.84842,0.03751
2981.91962,0.03814
2979.99082,0.03948
2978.06203,0.04051
2976.13323,0.04095
2974.20443,0.04074
2972.27564,0.04041
2970.34684,0.04074
2968.41804,0.04117
2966.48925,0.04108
2964.56045,0.04097
2962.63165,0.04119
2960.70286,0.04146
2958.77406,0.04171
2956.84526,0.04214
2954.91647,0.04254
2952.98767,0.04254
2951.05887,0.04236
2949.13008,0.04254
2947.20128,0.04309
2945.27248,0.04377
2943.34369,0.04419
2941.41489,0.04413
2939.48609,0.04414
2937.55730,0.04453
2935.62850,0.04499
2933.69970,0.04549
2931.77091,0.04599
2929.84211,0.04631
2927.91331,0.04645
2925.98452,0.04666
2924.05572,0.04706
2922.12692,0.04751
2920.19813,0.04788
2918.26933,0.04802
2916.34053,0.04767
2914.41174,0.04673
2912.48294,0.04558
2910.55414,0.04482
2908.62535,0.04452
2906.69655,0.04426
2904.76775,0.04388
2902.83896,0.04368
2900.91016,0.04378
2898.98136,0.04397
2897.05257,0.04413
2895.12377,0.04422
2893.19497,0.04429
2891.26618,0.04443
2889.33738,0.04443
2887.40858,0.04417
2885.47979,0.04389
2883.55099,0.04400
2881.62219,0.04455
2879.69340,0.04492
2877.76460,0.04490
2875.83580,0.04493
2873.90701,0.04526
2871.97821,0.04543
2870.04941,0.04517
2868.12062,0.04489
2866.19182,0.04511
2864.26302,0.04578
2862.33423,0.04645
2860.40543,0.04683
2858.47663,0.04698
2856.54784,0.04699
2854.61904,0.04716
2852.69024,0.04747
2850.76145,0.04748
2848.83265,0.04726
2846.90385,0.04713
2844.97506,0.04709
2843.04626,0.04714
2841.11746,0.04712
2839.18867,0.04695
2837.25987,0.04683
2835.33107,0.04672
2833.40228,0.04664
2831.47348,0.04672
2829.54468,0.04684
2827.61589,0.04694
2825.68709,0.04707
2823.75829,0.04713
2821.82950,0.04707
2819.90070,0.04698
2817.97190,0.04686
2816.04311,0.04654
2814.11431,0.04621
2812.18551,0.04622
2810.25672,0.04629
2808.32792,0.04599
2806.39912,0.04567
2804.47033,0.04567
2802.54153,0.04578
2800.61273,0.04584
2798.68394,0.04588
2796.75514,0.04582
2794.82634,0.04563
2792.89755,0.04548
2790.96875,0.04551
2789.03995,0.04554
2787.11116,0.04527
2785.18236,0.04487
2783.25356,0.04475
2781.32477,0.04484
2779.39597,0.04478
2777.46717,0.04453
2775.53838,0.04415
2773.60958,0.04381
2771.68078,0.04371
2769.75199,0.04381
2767.82319,0.04398
2765.89439,0.04411
2763.96560,0.04399
2762.03680,0.04357
2760.10800,0.04317
2758.17921,0.04300
2756.25041,0.04286
2754.32161,0.04259
2752.39282,0.04238
2750.46402,0.04241
2748.53522,0.04251
2746.60643,0.04258
2744.67763,0.04271
2742.74883,0.04294
2740.82004,0.04305
2738.89124,0.04297
2736.96244,0.04299
2735.03365,0.04324
2733.10485,0.04341
2731.17605,0.04331
2729.24726,0.04319
2727.31846,0.04327
2725.38967,0.04332
2723.46087,0.04305
2721.53207,0.04269
2719.60328,0.04259
2717.67448,0.04273
2715.74568,0.04296
2713.81689,0.04308
2711.88809,0.04297
2709.95929,0.04275
2708.03050,0.04251
2706.10170,0.04229
2704.17290,0.04212
2702.24411,0.04200
2700.31531,0.04206
2698.38651,0.04227
2696.45772,0.04240
2694.52892,0.04247
2692.60012,0.04267
2690.67133,0.04281
2688.74253,0.04268
2686.81373,0.04257
2684.88494,0.04277
2682.95614,0.04304
2681.02734,0.04307
2679.09855,0.04297
2677.16975,0.04296
2675.24095,0.04300
2673.31216,0.04294
2671.38336,0.04261
2669.45456,0.04229
2667.52577,0.04221
2665.59697,0.04223
2663.66817,0.04220
2661.73938,0.04208
2659.81058,0.04192
2657.88178,0.04183
2655.95299,0.04175
2654.02419,0.04170
2652.09539,0.04176
2650.16660,0.04189
2648.23780,0.04203
2646.30900,0.04226
2644.38021,0.04254
2642.45141,0.04272
2640.52261,0.04275
2638.59382,0.04285
2636.66502,0.04316
2634.73622,0.04350
2632.80743,0.04361
2630.87863,0.04358
2628.94983,0.04362
2627.02104,0.04371
2625.09224,0.04370
2623.16344,0.04355
2621.23465,0.04347
2619.30585,0.04355
2617.37705,0.04344
2615.44826,0.04311
2613.51946,0.04298
2611.59066,0.04303
2609.66187,0.04300
2607.73307,0.04298
2605.80427,0.04311
2603.87548,0.04330
2601.94668,0.04330
2600.01788,0.04308
2598.08909,0.04293
2596.16029,0.04300
2594.23149,0.04316
2592.30270,0.04351
2590.37390,0.04418
2588.44510,0.04446
2586.51631,0.04385
2584.58751,0.04337
2582.65871,0.04356
2580.72992,0.04367
2578.80112,0.04362
2576.87232,0.04374
2574.94353,0.04391
2573.01473,0.04398
2571.08593,0.04414
2569.15714,0.04439
2567.22834,0.04425
2565.29954,0.04368
2563.37075,0.04310
2561.44195,0.04275
2559.51315,0.04255
2557.58436,0.04250
2555.65556,0.04265
2553.72676,0.04266
2551.79797,0.04249
2549.86917,0.04264
2547.94037,0.04307
2546.01158,0.04341
2544.08278,0.04358
2542.15398,0.04350
2540.22519,0.04321
2538.29639,0.04311
2536.36759,0.04321
2534.43880,0.04315
2532.51000,0.04313
2530.58120,0.04333
2528.65241,0.04343
2526.72361,0.04323
2524.79481,0.04272
2522.86602,0.04206
2520.93722,0.04176
2519.00842,0.04176
2517.07963,0.04167
2515.15083,0.04177
2513.22203,0.04221
2511.29324,0.04245
2509.36444,0.04214
2507.43564,0.04167
2505.50685,0.04147
2503.57805,0.04141
2501.64925,0.04127
2499.72046,0.04127
2497.79166,0.04149
2495.86286,0.04154
2493.93407,0.04155
2492.00527,0.04159
2490.07647,0.04146
2488.14768,0.04140
2486.21888,0.04166
2484.29008,0.04215
2482.36129,0.04251
2480.43249,0.04250
2478.50369,0.04233
2476.57490,0.04214
2474.64610,0.04181
2472.71730,0.04133
2470.78851,0.04086
2468.85971,0.04065
2466.93091,0.04087
2465.00212,0.04128
2463.07332,0.04140
2461.14452,0.04099
2459.21573,0.04060
2457.28693,0.04071
2455.35813,0.04078
2453.42934,0.04050
2451.50054,0.04043
2449.57174,0.04039
2447.64295,0.03998
2445.71415,0.03975
2443.78535,0.03981
2441.85656,0.03977
2439.92776,0.03995
2437.99896,0.04047
2436.07017,0.04068
2434.14137,0.04046
2432.21257,0.04021
2430.28378,0.03996
2428.35498,0.03993
2426.42618,0.04032
2424.49739,0.04059
2422.56859,0.04018
2420.63979,0.03935
2418.71100,0.03865
2416.78220,0.03829
2414.85340,0.03811
2412.92461,0.03786
2410.99581,0.03755
2409.06701,0.03752
2407.13822,0.03768
2405.20942,0.03754
2403.28062,0.03720
2401.35183,0.03699
2399.42303,0.03672
2397.49423,0.03639
2395.56544,0.03641
2393.63664,0.03676
2391.70784,0.03719
2389.77905,0.03793
2387.85025,0.03976
2385.92145,0.04339
2383.99266,0.04936
2382.06386,0.05792
2380.13506,0.06872
2378.20627,0.08076
2376.27747,0.09313
2374.34867,0.10563
2372.41988,0.11824
2370.49108,0.13052
2368.56228,0.14198
2366.63349,0.15234
2364.70469,0.16093
2362.77589,0.16678
2360.84710,0.16918
2358.91830,0.16740
2356.98951,0.16072
2355.06071,0.14913
2353.13191,0.13341
2351.20312,0.11745
2349.27432,0.10906
2347.34552,0.11293
2345.41673,0.12464
2343.48793,0.13279
2341.55913,0.13369
2339.63034,0.13164
2337.70154,0.12901
2335.77274,0.12684
2333.84395,0.12607
2331.91515,0.12592
2329.98635,0.12400
2328.05756,0.12014
2326.12876,0.11670
2324.19996,0.11455
2322.27117,0.11168
2320.34237,0.10595
2318.41357,0.09801
2316.48478,0.09076
2314.55598,0.08617
2312.62718,0.08314
2310.69839,0.07951
2308.76959,0.07468
2306.84079,0.06916
2304.91200,0.06399
2302.98320,0.05999
2301.05440,0.05691
2299.12561,0.05418
2297.19681,0.05190
2295.26801,0.05012
2293.33922,0.04838
2291.41042,0.04654
2289.48162,0.04477
2287.55283,0.04314
2285.62403,0.04185
2283.69523,0.04134
2281.76644,0.04159
2279.83764,0.04213
2277.90884,0.04276
2275.98005,0.04317
2274.05125,0.04317
2272.12245,0.04325
2270.19366,0.04385
2268.26486,0.04472
2266.33606,0.04518
2264.40727,0.04518
2262.47847,0.04524
2260.54967,0.04540
2258.62088,0.04596
2256.69208,0.04709
2254.76328,0.04767
2252.83449,0.04714
2250.90569,0.04663
2248.97689,0.04696
2247.04810,0.04747
2245.11930,0.04747
2243.19050,0.04725
2241.26171,0.04767
2239.33291,0.04858
2237.40411,0.04894
2235.47532,0.04885
2233.54652,0.04897
2231.61772,0.04922
2229.68893,0.04972
2227.76013,0.05020
2225.83133,0.05011
2223.90254,0.05010
2221.97374,0.05056
2220.04494,0.05069
2218.11615,0.05021
2216.18735,0.04994
2214.25855,0.05085
2212.32976,0.05234
2210.40096,0.05303
2208.47216,0.05289
2206.54337,0.05212
2204.61457,0.05089
2202.68577,0.05073
2200.75698,0.05253
2198.82818,0.05440
2196.89938,0.05439
2194.97059,0.05365
2193.04179,0.05406
2191.11299,0.05559
2189.18420,0.05739
2187.25540,0.05846
2185.32660,0.05850
2183.39781,0.05866
2181.46901,0.05976
2179.54021,0.06078
2177.61142,0.06071
2175.68262,0.06058
2173.75382,0.06130
2171.82503,0.06114
2169.89623,0.05992
2167.96743,0.06006
2166.03864,0.06161
2164.10984,0.06362
2162.18104,0.06715
2160.25225,0.07150
2158.32345,0.07247
2156.39465,0.06821
2154.46586,0.06289
2152.53706,0.05989
2150.60826,0.05802
2148.67947,0.05556
2146.75067,0.05294
2144.82187,0.05079
2142.89308,0.04835
2140.96428,0.04533
2139.03548,0.04341
2137.10669,0.04314
2135.17789,0.04290
2133.24909,0.04209
2131.32030,0.04090
2129.39150,0.03920
2127.46270,0.03779
2125.53391,0.03707
2123.60511,0.03583
2121.67631,0.03379
2119.74752,0.03247
2117.81872,0.03235
2115.88992,0.03264
2113.96113,0.03291
2112.03233,0.03305
2110.10353,0.03310
2108.17474,0.03321
2106.24594,0.03330
2104.31714,0.03354
2102.38835,0.03408
2100.45955,0.03465
2098.53075,0.03500
2096.60196,0.03491
2094.67316,0.03424
2092.74436,0.03313
2090.81557,0.03232
2088.88677,0.03255
2086.95797,0.03345
2085.02918,0.03424
2083.10038,0.03478
2081.17158,0.03497
2079.24279,0.03475
2077.31399,0.03450
2075.38519,0.03448
2073.45640,0.03477
2071.52760,0.03527
2069.59880,0.03542
2067.67001,0.03525
2065.74121,0.03512
2063.81241,0.03525
2061.88362,0.03569
2059.95482,0.03608
2058.02602,0.03646
2056.09723,0.03692
2054.16843,0.03749
2052.23963,0.03867
2050.31084,0.04061
2048.38204,0.04277
2046.45324,0.04457
2044.52445,0.04571
2042.59565,0.04597
2040.66685,0.04626
2038.73806,0.04685
2036.80926,0.04639
2034.88046,0.04580
2032.95167,0.04680
2031.02287,0.04854
2029.09407,0.04953
2027.16528,0.04911
2025.23648,0.04794
2023.30768,0.04705
2021.37889,0.04586
2019.45009,0.04492
2017.52129,0.04553
2015.59250,0.04607
2013.66370,0.04561
2011.73490,0.04538
2009.80611,0.04532
2007.87731,0.04361
2005.94851,0.03963
2004.01972,0.03658
2002.09092,0.03661
2000.16212,0.03809
1998.23333,0.03921
1996.30453,0.03938
1994.37574,0.03935
1992.44694,0.04022
1990.51814,0.04102
1988.58935,0.04052
1986.66055,0.03945
1984.73175,0.03845
1982.80296,0.03779
1980.87416,0.03839
1978.94536,0.04041
1977.01657,0.04197
1975.08777,0.04156
1973.15897,0.04033
1971.23018,0.03911
1969.30138,0.03751
1967.37258,0.03639
1965.44379,0.03637
1963.51499,0.03605
1961.58619,0.03471
1959.65740,0.03330
1957.72860,0.03253
1955.79980,0.03227
1953.87101,0.03215
1951.94221,0.03199
1950.01341,0.03172
1948.08462,0.03139
1946.15582,0.03171
1944.22702,0.03281
1942.29823,0.03275
1940.36943,0.03084
1938.44063,0.02896
1936.51184,0.02828
1934.58304,0.02860
1932.65424,0.02877
1930.72545,0.02820
1928.79665,0.02756
1926.86785,0.02761
1924.93906,0.02860
1923.01026,0.02942
1921.08146,0.02945
1919.15267,0.02939
1917.22387,0.02864
1915.29507,0.02723
1913.36628,0.02680
1911.43748,0.02729
1909.50868,0.02731
1907.57989,0.02658
1905.65109,0.02600
1903.72229,0.02607
1901.79350,0.02625
1899.86470,0.02625
1897.93590,0.02649
1896.00711,0.02695
1894.07831,0.02721
1892.14951,0.02784
1890.22072,0.02876
1888.29192,0.02843
1886.36312,0.02724
1884.43433,0.02645
1882.50553,0.02598
1880.57673,0.02558
1878.64794,0.02521
1876.71914,0.02491
1874.79034,0.02484
1872.86155,0.02585
1870.93275,0.02844
1869.00395,0.03037
1867.07516,0.02904
1865.14636,0.02632
1863.21756,0.02484
1861.28877,0.02444
1859.35997,0.02432
1857.43117,0.02416
1855.50238,0.02405
1853.57358,0.02422
1851.64478,0.02485
1849.71599,0.02614
1847.78719,0.02821
1845.85839,0.03066
1843.92960,0.03110
1842.00080,0.02874
1840.07200,0.02685
1838.14321,0.02651
1836.21441,0.02636
1834.28561,0.02649
1832.35682,0.02823
1830.42802,0.03023
1828.49922,0.03007
1826.57043,0.02907
1824.64163,0.02788
1822.71283,0.02582
1820.78404,0.02429
1818.85524,0.02407
1816.92644,0.02414
1814.99765,0.02432
1813.06885,0.02529
1811.14005,0.02626
1809.21126,0.02597
1807.28246,0.02510
1805.35366,0.02525
1803.42487,0.02697
1801.49607,0.02885
1799.56727,0.02902
1797.63848,0.02835
1795.70968,0.02920
1793.78088,0.03172
1791.85209,0.03239
1789.92329,0.02939
1787.99449,0.02688
1786.06570,0.02686
1784.13690,0.02749
1782.20810,0.02787
1780.27931,0.02779
1778.35051,0.02724
1776.42171,0.02791
1774.49292,0.03076
1772.56412,0.03328
1770.63532,0.03248
1768.70653,0.02973
1766.77773,0.02697
1764.84893,0.02605
1762.92014,0.02729
1760.99134,0.02798
1759.06254,0.02767
1757.13375,0.02756
1755.20495,0.02749
1753.27615,0.02930
1751.34736,0.03333
1749.41856,0.03523
1747.48976,0.03359
1745.56097,0.03170
1743.63217,0.03115
1741.70337,0.03141
1739.77458,0.03124
1737.84578,0.03138
1735.91698,0.03430
1733.98819,0.03724
1732.05939,0.03464
1730.13059,0.03010
1728.20180,0.02668
1726.27300,0.02499
1724.34420,0.02513
1722.41541,0.02653
1720.48661,0.03066
1718.55781,0.03735
1716.62902,0.04032
1714.70022,0.03710
1712.77142,0.03332
1710.84263,0.03247
1708.91383,0.03520
1706.98503,0.04060
1705.05624,0.04617
1703.12744,0.05221
1701.19864,0.06146
1699.26985,0.07013
1697.34105,0.07523
1695.41225,0.07957
1693.48346,0.08383
1691.55466,0.09130
1689.62586,0.10364
1687.69707,0.11859
1685.76827,0.13764
1683.83947,0.15853
1681.91068,0.17044
1679.98188,0.17870
1678.05308,0.19065
1676.12429,0.20657
1674.19549,0.22241
1672.26669,0.23560
1670.33790,0.24824
1668.40910,0.25734
1666.48030,0.26185
1664.55151,0.26740
1662.62271,0.27337
1660.69391,0.27562
1658.76512,0.27659
1656.83632,0.28099
1654.90752,0.28998
1652.97873,0.29524
1651.04993,0.29147
1649.12113,0.29180
1647.19234,0.29740
1645.26354,0.30096
1643.33474,0.30399
1641.40595,0.31237
1639.47715,0.32694
1637.54835,0.34748
1635.61956,0.37087
1633.69076,0.38786
1631.76197,0.40113
1629.83317,0.41769
1627.90437,0.43577
1625.97558,0.45086
1624.04678,0.46174
1622.11798,0.46686
1620.18919,0.46814
1618.26039,0.46931
1616.33159,0.46757
1614.40280,0.46220
1612.47400,0.45911
1610.54520,0.46018
1608.61641,0.46428
1606.68761,0.47040
1604.75881,0.47877
1602.83002,0.48895
1600.90122,0.49946
1598.97242,0.50924
1597.04363,0.51746
1595.11483,0.52260
1593.18603,0.52318
1591.25724,0.51905
1589.32844,0.51021
1587.39964,0.49696
1585.47085,0.48027
1583.54205,0.46099
1581.61325,0.44052
1579.68446,0.42163
1577.75566,0.40272
1575.82686,0.37716
1573.89807,0.35150
1571.96927,0.33272
1570.04047,0.31425
1568.11168,0.29339
1566.18288,0.27488
1564.25408,0.26053
1562.32529,0.25277
1560.39649,0.25007
1558.46769,0.23840
1556.53890,0.21846
1554.61010,0.20297
1552.68130,0.19157
1550.75251,0.18259
1548.82371,0.17479
1546.89491,0.16995
1544.96612,0.16924
1543.03732,0.17027
1541.10852,0.16870
1539.17973,0.15846
1537.25093,0.14693
1535.32213,0.14185
1533.39334,0.13859
1531.46454,0.13302
1529.53574,0.12923
1527.60695,0.12876
1525.67815,0.12882
1523.74935,0.12929
1521.82056,0.12933
1519.89176,0.12646
1517.96296,0.12270
1516.03417,0.11850
1514.10537,0.11430
1512.17657,0.11361
1510.24778,0.11833
1508.31898,0.12585
1506.39018,0.12531
1504.46139,0.11582
1502.53259,0.11102
1500.60379,0.11303
1498.67500,0.11839
1496.74620,0.12252
1494.81740,0.12453
1492.88861,0.12951
1490.95981,0.13987
1489.03101,0.15034
1487.10222,0.15638
1485.17342,0.16208
1483.24462,0.17123
1481.31583,0.18361
1479.38703,0.19777
1477.45823,0.21408
1475.52944,0.23260
1473.60064,0.25070
1471.67184,0.26344
1469.74305,0.27035
1467.81425,0.27776
1465.88545,0.28736
1463.95666,0.29406
1462.02786,0.29716
1460.09906,0.30160
1458.17027,0.30532
1456.24147,0.29739
1454.31267,0.28148
1452.38388,0.26729
1450.45508,0.25493
1448.52628,0.24194
1446.59749,0.22652
1444.66869,0.21081
1442.73989,0.19675
1440.81110,0.18529
1438.88230,0.17712
1436.95350,0.16821
1435.02471,0.15554
1433.09591,0.14432
1431.16711,0.13609
1429.23832,0.12812
1427.30952,0.12077
1425.38072,0.11557
1423.45193,0.11179
1421.52313,0.10977
1419.59433,0.10872
1417.66554,0.10404
1415.73674,0.09670
1413.80794,0.09124
1411.87915,0.08803
1409.95035,0.08563
1408.02155,0.08406
1406.09276,0.08334
1404.16396,0.08181
1402.23516,0.08012
1400.30637,0.08035
1398.37757,0.08132
1396.44877,0.08098
1394.51998,0.07842
1392.59118,0.07436
1390.66238,0.07210
1388.73359,0.07232
1386.80479,0.07160
1384.87599,0.06871
1382.94720,0.06632
1381.01840,0.06544
1379.08960,0.06526
1377.16081,0.06575
1375.23201,0.06651
1373.30321,0.06557
1371.37442,0.06326
1369.44562,0.06175
1367.51682,0.06120
1365.58803,0.06192
1363.65923,0.06374
1361.73043,0.06371
1359.80164,0.06129
1357.87284,0.05930
1355.94404,0.05859
1354.01525,0.05824
1352.08645,0.05790
1350.15765,0.05774
1348.22886,0.05757
1346.30006,0.05734
1344.37126,0.05757
1342.44247,0.05911
1340.51367,0.06134
1338.58487,0.06171
1336.65608,0.05977
1334.72728,0.05770
1332.79848,0.05658
1330.86969,0.05604
1328.94089,0.05562
1327.01209,0.05523
1325.08330,0.05490
1323.15450,0.05478
1321.22570,0.05509
1319.29691,0.05547
1317.36811,0.05537
1315.43931,0.05501
1313.51052,0.05471
1311.58172,0.05429
1309.65292,0.05388
1307.72413,0.05365
1305.79533,0.05349
1303.86653,0.05342
1301.93774,0.05348
1300.00894,0.05364
1298.08014,0.05386
1296.15135,0.05396
1294.22255,0.05387
1292.29375,0.05378
1290.36496,0.05386
1288.43616,0.05392
1286.50736,0.05371
1284.57857,0.05337
1282.64977,0.05318
1280.72097,0.05305
1278.79218,0.05282
1276.86338,0.05259
1274.93458,0.05259
1273.00579,0.05285
1271.07699,0.05308
1269.14820,0.05310
1267.21940,0.05312
1265.29060,0.05330
1263.36181,0.05359
1261.43301,0.05387
1259.50421,0.05398
1257.57542,0.05391
1255.64662,0.05388
1253.71782,0.05400
1251.78903,0.05427
1249.86023,0.05457
1247.93143,0.05484
1246.00264,0.05509
1244.07384,0.05535
1242.14504,0.05557
1240.21625,0.05566
1238.28745,0.05569
1236.35865,0.05572
1234.42986,0.05573
1232.50106,0.05579
1230.57226,0.05596
1228.64347,0.05617
1226.71467,0.05636
1224.78587,0.05656
1222.85708,0.05684
1220.92828,0.05727
1218.99948,0.05783
1217.07069,0.05843
1215.14189,0.05903
1213.21309,0.05966
1211.28430,0.06039
1209.35550,0.06121
1207.42670,0.06209
1205.49791,0.06308
1203.56911,0.06413
1201.64031,0.06524
1199.71152,0.06648
1197.78272,0.06790
1195.85392,0.06943
1193.92513,0.07110
1191.99633,0.07298
1190.06753,0.07516
1188.13874,0.07757
1186.20994,0.08012
1184.28114,0.08280
1182.35235,0.08581
1180.42355,0.08938
1178.49475,0.09353
1176.56596,0.09812
1174.63716,0.10298
1172.70836,0.10805
1170.77957,0.11333
1168.85077,0.11873
1166.92197,0.12407
1164.99318,0.12910
1163.06438,0.13353
1161.13558,0.13704
1159.20679,0.13933
1157.27799,0.14027
1155.34919,0.13981
1153.42040,0.13805
1151.49160,0.13521
1149.56280,0.13141
1147.63401,0.12682
1145.70521,0.12173
1143.77641,0.11642
1141.84762,0.11111
1139.91882,0.10599
1137.99002,0.10111
1136.06123,0.09653
1134.13243,0.09234
1132.20363,0.08857
1130.27484,0.08531
1128.34604,0.08250
1126.41724,0.08002
1124.48845,0.07784
1122.55965,0.07600
1120.63085,0.07453
1118.70206,0.07330
1116.77326,0.07217
1114.84446,0.07118
1112.91567,0.07041
1110.98687,0.06979
1109.05807,0.06927
1107.12928,0.06888
1105.20048,0.06861
1103.27168,0.06840
1101.34289,0.06823
1099.41409,0.06814
1097.48529,0.06809
1095.55650,0.06807
1093.62770,0.06810
1091.69890,0.06817
1089.77011,0.06831
1087.84131,0.06849
1085.91251,0.06860
1083.98372,0.06868
1082.05492,0.06887
1080.12612,0.06917
1078.19733,0.06954
1076.26853,0.06995
1074.33973,0.07039
1072.41094,0.07089
1070.48214,0.07140
1068.55334,0.07176
1066.62455,0.07198
1064.69575,0.07219
1062.76695,0.07229
1060.83816,0.07211
1058.90936,0.07176
1056.98056,0.07142
1055.05177,0.07103
1053.12297,0.07049
1051.19417,0.06985
1049.26538,0.06917
1047.33658,0.06847
1045.40778,0.06780
1043.47899,0.06706
1041.55019,0.06617
1039.62139,0.06518
1037.69260,0.06423
1035.76380,0.06336
1033.83500,0.06248
1031.90621,0.06166
1029.97741,0.06097
1028.04861,0.06028
1026.11982,0.05959
1024.19102,0.05907
1022.26222,0.05875
1020.33343,0.05843
1018.40463,0.05808
1016.47583,0.05785
1014.54704,0.05778
1012.61824,0.05774
1010.68944,0.05760
1008.76065,0.05731
1006.83185,0.05685
1004.90305,0.05624
1002.97426,0.05553
1001.04546,0.05485
999.11666,0.05428
997.18787,0.05377
995.25907,0.05325
993.33027,0.05269
991.40148,0.05218
989.47268,0.05170
987.54388,0.05112
985.61509,0.05045
983.68629,0.04986
981.75749,0.04934
979.82870,0.04878
977.89990,0.04814
975.97110,0.04752
974.04231,0.04702
972.11351,0.04658
970.18471,0.04618
968.25592,0.04591
966.32712,0.04581
964.39832,0.04575
962.46953,0.04559
960.54073,0.04529
958.61193,0.04490
956.68314,0.04445
954.75434,0.04406
952.82554,0.04384
950.89675,0.04371
948.96795,0.04339
947.03915,0.04288
945.11036,0.04235
943.18156,0.04179
941.25276,0.04113
939.32397,0.04041
937.39517,0.03974
935.46637,0.03908
933.53758,0.03840
931.60878,0.03772
929.67998,0.03712
927.75119,0.03669
925.82239,0.03633
923.89359,0.03580
921.96480,0.03506
920.03600,0.03436
918.10720,0.03386
916.17841,0.03351
914.24961,0.03319
912.32081,0.03291
910.39202,0.03267
908.46322,0.03235
906.53443,0.03188
904.60563,0.03141
902.67683,0.03111
900.74804,0.03090
898.81924,0.03058
896.89044,0.03007
894.96165,0.02946
893.03285,0.02880
891.10405,0.02805
889.17526,0.02725
887.24646,0.02640
885.31766,0.02549
883.38887,0.02462
881.46007,0.02388
879.53127,0.02324
877.60248,0.02272
875.67368,0.02231
873.74488,0.02190
871.81609,0.02148
869.88729,0.02111
867.95849,0.02074
866.02970,0.02045
864.10090,0.02035
862.17210,0.02027
860.24331,0.02006
858.31451,0.01979
856.38571,0.01955
854.45692,0.01940
852.52812,0.01932
850.59932,0.01916
848.67053,0.01885
846.74173,0.01850
844.81293,0.01815
842.88414,0.01768
840.95534,0.01719
839.02654,0.01685
837.09775,0.01659
835.16895,0.01628
833.24015,0.01597
831.31136,0.01569
829.38256,0.01544
827.45376,0.01524
825.52497,0.01515
823.59617,0.01527
821.66737,0.01561
819.73858,0.01592
817.80978,0.01609
815.88098,0.01637
813.95219,0.01684
812.02339,0.01731
810.09459,0.01782
808.16580,0.01850
806.23700,0.01921
804.30820,0.01990
802.37941,0.02066
800.45061,0.02139
798.52181,0.02216
796.59302,0.02319
794.66422,0.02429
792.73542,0.02516
790.80663,0.02592
788.87783,0.02676
786.94903,0.02751
785.02024,0.02785
783.09144,0.02754
781.16264,0.02663
779.23385,0.02542
777.30505,0.02403
775.37625,0.02267
773.44746,0.02164
771.51866,0.02095
769.58986,0.02041
767.66107,0.02002
765.73227,0.01987
763.80347,0.01978
761.87468,0.01954
759.94588,0.01944
758.01708,0.01969
756.08829,0.01999
754.15949,0.02016
752.23069,0.02044
750.30190,0.02066
748.37310,0.02041
