3496.90832,0.06006
3494.97953,0.05849
3493.05073,0.06071
3491.12193,0.06460
3489.19314,0.06989
3487.26434,0.07373
3485.33554,0.06883
3483.40675,0.06103
3481.47795,0.06273
3479.54915,0.07187
3477.62036,0.08076
3475.69156,0.08473
3473.76276,0.07956
3471.83397,0.07044
3469.90517,0.06774
3467.97637,0.07175
3466.04758,0.07632
3464.11878,0.07772
3462.18998,0.07393
3460.26119,0.06633
3458.33239,0.05826
3456.40359,0.05330
3454.47480,0.05509
3452.54600,0.05936
3450.61721,0.05845
3448.68841,0.05447
3446.75961,0.05589
3444.83082,0.06419
3442.90202,0.06962
3440.97322,0.06677
3439.04443,0.06100
3437.11563,0.05448
3435.18683,0.04734
3433.25804,0.04176
3431.32924,0.03899
3429.40044,0.04183
3427.47165,0.04900
3425.54285,0.05519
3423.61405,0.05833
3421.68526,0.05589
3419.75646,0.04976
3417.82766,0.04933
3415.89887,0.05370
3413.97007,0.05197
3412.04127,0.04241
3410.11248,0.03362
3408.18368,0.03341
3406.25488,0.03833
3404.32609,0.03804
3402.39729,0.03666
3400.46849,0.04444
3398.53970,0.05338
3396.61090,0.05012
3394.68210,0.03989
3392.75331,0.03733
3390.82451,0.04492
3388.89571,0.05408
3386.96692,0.05501
3385.03812,0.04787
3383.10932,0.04206
3381.18053,0.04290
3379.25173,0.04929
3377.32293,0.05731
3375.39414,0.05990
3373.46534,0.05728
3371.53654,0.05729
3369.60775,0.06011
3367.67895,0.06264
3365.75015,0.06307
3363.82136,0.06140
3361.89256,0.05997
3359.96376,0.05555
3358.03497,0.04875
3356.10617,0.05026
3354.17737,0.06263
3352.24858,0.07502
3350.31978,0.07892
3348.39098,0.07738
3346.46219,0.07393
3344.53339,0.06814
3342.60459,0.06169
3340.67580,0.05742
3338.74700,0.05638
3336.81820,0.05638
3334.88941,0.05459
3332.96061,0.05177
3331.03181,0.05215
3329.10302,0.05323
3327.17422,0.04746
3325.24542,0.04045
3323.31663,0.04029
3321.38783,0.04424
3319.45903,0.04736
3317.53024,0.04712
3315.60144,0.04323
3313.67264,0.03689
3311.74385,0.03121
3309.81505,0.03171
3307.88625,0.03804
3305.95746,0.04323
3304.02866,0.04422
3302.09986,0.04393
3300.17107,0.04430
3298.24227,0.04193
3296.31347,0.03652
3294.38468,0.03225
3292.45588,0.02856
3290.52708,0.02560
3288.59829,0.02558
3286.66949,0.02610
3284.74069,0.02831
3282.81190,0.03435
3280.88310,0.03805
3278.95430,0.03762
3277.02551,0.03615
3275.09671,0.03214
3273.16791,0.02805
3271.23912,0.02865
3269.31032,0.03134
3267.38152,0.03307
3265.45273,0.03207
3263.52393,0.02667
3261.59513,0.02203
3259.66634,0.02464
3257.73754,0.03279
3255.80874,0.03993
3253.87995,0.04161
3251.95115,0.03593
3250.02235,0.02791
3248.09356,0.02682
3246.16476,0.03058
3244.23596,0.03190
3242.30717,0.03193
3240.37837,0.03540
3238.44957,0.04330
3236.52078,0.04849
3234.59198,0.04776
3232.66318,0.04641
3230.73439,0.04537
3228.80559,0.04414
3226.87679,0.04069
3224.94800,0.03248
3223.01920,0.02727
3221.09040,0.03247
3219.16161,0.04401
3217.23281,0.05228
3215.30401,0.05248
3213.37522,0.04890
3211.44642,0.04864
3209.51762,0.05213
3207.58883,0.05303
3205.66003,0.05001
3203.73123,0.04716
3201.80244,0.04502
3199.87364,0.04171
3197.94484,0.03866
3196.01605,0.03879
3194.08725,0.04119
3192.15845,0.04534
3190.22966,0.05138
3188.30086,0.05403
3186.37206,0.04943
3184.44327,0.04220
3182.51447,0.03834
3180.58567,0.03919
3178.65688,0.04247
3176.72808,0.04380
3174.79928,0.04196
3172.87049,0.03901
3170.94169,0.03417
3169.01289,0.02849
3167.08410,0.02718
3165.15530,0.03145
3163.22650,0.03637
3161.29771,0.03805
3159.36891,0.03702
3157.44011,0.03560
3155.51132,0.03537
3153.58252,0.03631
3151.65372,0.03700
3149.72493,0.03573
3147.79613,0.03375
3145.86733,0.03357
3143.93854,0.03430
3142.00974,0.03513
3140.08094,0.03629
3138.15215,0.03653
3136.22335,0.03494
3134.29455,0.03213
3132.36576,0.03127
3130.43696,0.03404
3128.50816,0.03549
3126.57937,0.03307
3124.65057,0.03140
3122.72177,0.03254
3120.79298,0.03396
3118.86418,0.03413
3116.93538,0.03344
3115.00659,0.03268
3113.07779,0.03282
3111.14899,0.03413
3109.22020,0.03520
3107.29140,0.03571
3105.36260,0.03626
3103.43381,0.03608
3101.50501,0.03484
3099.57621,0.03310
3097.64742,0.03192
3095.71862,0.03261
3093.78982,0.03409
3091.86103,0.03407
3089.93223,0.03349
3088.00344,0.03429
3086.07464,0.03488
3084.14584,0.03399
3082.21705,0.03323
3080.28825,0.03315
3078.35945,0.03317
3076.43066,0.03312
3074.50186,0.03310
3072.57306,0.03334
3070.64427,0.03329
3068.71547,0.03237
3066.78667,0.03185
3064.85788,0.03275
3062.92908,0.03398
3061.00028,0.03423
3059.07149,0.03330
3057.14269,0.03245
3055.21389,0.03290
3053.28510,0.03381
3051.35630,0.03406
3049.42750,0.03363
3047.49871,0.03282
3045.56991,0.03247
3043.64111,0.03302
3041.71232,0.03404
3039.78352,0.03516
3037.85472,0.03616
3035.92593,0.03680
3033.99713,0.03700
3032.06833,0.03718
3030.13954,0.03776
3028.21074,0.03828
3026.28194,0.03809
3024.35315,0.03727
3022.42435,0.03696
3020.49555,0.03748
3018.56676,0.03767
3016.63796,0.03738
3014.70916,0.03728
3012.78037,0.03767
3010.85157,0.03841
3008.92277,0.03872
3006.99398,0.03844
3005.06518,0.03795
3003.13638,0.03717
3001.20759,0.03649
2999.27879,0.03642
2997.34999,0.03682
2995.42120,0.03773
2993.49240,0.03869
2991.56360,0.03879
2989.63481,0.03869
2987.70601,0.03927
2985.77721,0.03969
2983.84842,0.03960
2981.91962,0.03990
2979.99082,0.04041
2978.06203,0.04045
2976.13323,0.04073
2974.20443,0.04150
2972.27564,0.04203
2970.34684,0.04217
2968.41804,0.04186
2966.48925,0.04129
2964.56045,0.04102
2962.63165,0.04128
2960.70286,0.04191
2958.77406,0.04271
2956.84526,0.04356
2954.91647,0.04407
2952.98767,0.04396
2951.05887,0.04402
2949.13008,0.04470
2947.20128,0.04503
2945.27248,0.04456
2943.34369,0.04408
2941.41489,0.04408
2939.48609,0.04450
2937.55730,0.04508
2935.62850,0.04549
2933.69970,0.04575
2931.77091,0.04621
2929.84211,0.04689
2927.91331,0.04757
2925.98452,0.04816
2924.05572,0.04840
2922.12692,0.04838
2920.19813,0.04843
2918.26933,0.04834
2916.34053,0.04811
2914.41174,0.04770
2912.48294,0.04693
2910.55414,0.04622
2908.62535,0.04579
2906.69655,0.04530
2904.76775,0.04482
2902.83896,0.04456
2900.91016,0.04447
2898.98136,0.04478
2897.05257,0.04529
2895.12377,0.04532
2893.19497,0.04492
2891.26618,0.04476
2889.33738,0.04491
2887.40858,0.04479
2885.47979,0.04431
2883.55099,0.04415
2881.62219,0.04451
2879.69340,0.04490
2877.76460,0.04511
2875.83580,0.04524
2873.90701,0.04530
2871.97821,0.04539
2870.04941,0.04553
2868.12062,0.04581
2866.19182,0.04621
2864.26302,0.04649
2862.33423,0.04667
2860.40543,0.04709
2858.47663,0.04768
2856.54784,0.04797
2854.61904,0.04797
2852.69024,0.04803
2850.76145,0.04807
2848.83265,0.04789
2846.90385,0.04762
2844.97506,0.04759
2843.04626,0.04766
2841.11746,0.04744
2839.18867,0.04705
2837.25987,0.04690
2835.33107,0.04708
2833.40228,0.04730
2831.47348,0.04736
2829.54468,0.04741
2827.61589,0.04751
2825.68709,0.04756
2823.75829,0.04767
2821.82950,0.04781
2819.90070,0.04763
2817.97190,0.04711
2816.04311,0.04675
2814.11431,0.04677
2812.18551,0.04706
2810.25672,0.04724
2808.32792,0.04698
2806.39912,0.04651
2804.47033,0.04624
2802.54153,0.04627
2800.61273,0.04644
2798.68394,0.04642
2796.75514,0.04604
2794.82634,0.04555
2792.89755,0.04522
2790.96875,0.04514
2789.03995,0.04524
2787.11116,0.04528
2785.18236,0.04522
2783.25356,0.04534
2781.32477,0.04551
2779.39597,0.04538
2777.46717,0.04498
2775.53838,0.04451
2773.60958,0.04415
2771.68078,0.04408
2769.75199,0.04414
2767.82319,0.04413
2765.89439,0.04415
2763.96560,0.04414
2762.03680,0.04382
2760.10800,0.04345
2758.17921,0.04336
2756.25041,0.04347
2754.32161,0.04341
2752.39282,0.04307
2750.46402,0.04291
2748.53522,0.04320
2746.60643,0.04356
2744.67763,0.04367
2742.74883,0.04373
2740.82004,0.04379
2738.89124,0.04379
2736.96244,0.04381
2735.03365,0.04383
2733.10485,0.04378
2731.17605,0.04370
2729.24726,0.04367
2727.31846,0.04377
2725.38967,0.04389
2723.46087,0.04377
2721.53207,0.04353
2719.60328,0.04348
2717.67448,0.04359
2715.74568,0.04368
2713.81689,0.04371
2711.88809,0.04353
2709.95929,0.04315
2708.03050,0.04283
2706.10170,0.04275
2704.17290,0.04284
2702.24411,0.04288
2700.31531,0.04282
2698.38651,0.04279
2696.45772,0.04276
2694.52892,0.04279
2692.60012,0.04304
2690.67133,0.04328
2688.74253,0.04328
2686.81373,0.04321
2684.88494,0.04328
2682.95614,0.04338
2681.02734,0.04346
2679.09855,0.04357
2677.16975,0.04355
2675.24095,0.04333
2673.31216,0.04313
2671.38336,0.04303
2669.45456,0.04294
2667.52577,0.04288
2665.59697,0.04294
2663.66817,0.04295
2661.73938,0.04279
2659.81058,0.04261
2657.88178,0.04248
2655.95299,0.04230
2654.02419,0.04216
2652.09539,0.04229
2650.16660,0.04265
2648.23780,0.04293
2646.30900,0.04300
2644.38021,0.04304
2642.45141,0.04326
2640.52261,0.04352
2638.59382,0.04350
2636.66502,0.04337
2634.73622,0.04343
2632.80743,0.04360
2630.87863,0.04376
2628.94983,0.04390
2627.02104,0.04378
2625.09224,0.04358
2623.16344,0.04363
2621.23465,0.04380
2619.30585,0.04395
2617.37705,0.04398
2615.44826,0.04381
2613.51946,0.04362
2611.59066,0.04348
2609.66187,0.04326
2607.73307,0.04301
2605.80427,0.04295
2603.87548,0.04318
2601.94668,0.04360
2600.01788,0.04395
2598.08909,0.04402
2596.16029,0.04408
2594.23149,0.04431
2592.30270,0.04470
2590.37390,0.04518
2588.44510,0.04528
2586.51631,0.04472
2584.58751,0.04431
2582.65871,0.04448
2580.72992,0.04458
2578.80112,0.04421
2576.87232,0.04377
2574.94353,0.04362
2573.01473,0.04367
2571.08593,0.04389
2569.15714,0.04431
2567.22834,0.04474
2565.29954,0.04494
2563.37075,0.04459
2561.44195,0.04382
2559.51315,0.04329
2557.58436,0.04322
2555.65556,0.04326
2553.72676,0.04314
2551.79797,0.04303
2549.86917,0.04329
2547.94037,0.04373
2546.01158,0.04386
2544.08278,0.04381
2542.15398,0.04382
2540.22519,0.04383
2538.29639,0.04376
2536.36759,0.04348
2534.43880,0.04324
2532.51000,0.04345
2530.58120,0.04374
2528.65241,0.04366
2526.72361,0.04339
2524.79481,0.04304
2522.86602,0.04268
2520.93722,0.04266
2519.00842,0.04286
2517.07963,0.04281
2515.15083,0.04270
2513.22203,0.04269
2511.29324,0.04245
2509.36444,0.04209
2507.43564,0.04210
2505.50685,0.04233
2503.57805,0.04217
2501.64925,0.04173
2499.72046,0.04182
2497.79166,0.04235
2495.86286,0.04247
2493.93407,0.04221
2492.00527,0.04200
2490.07647,0.04192
2488.14768,0.04207
2486.21888,0.04235
2484.29008,0.04256
2482.36129,0.04274
2480.43249,0.04299
2478.50369,0.04301
2476.57490,0.04270
2474.64610,0.04237
2472.71730,0.04193
2470.78851,0.04134
2468.85971,0.04100
2466.93091,0.04114
2465.00212,0.04147
2463.07332,0.04162
2461.14452,0.04143
2459.21573,0.04120
2457.28693,0.04117
2455.35813,0.04102
2453.42934,0.04073
2451.50054,0.04063
2449.57174,0.04052
2447.64295,0.04024
2445.71415,0.04015
2443.78535,0.04039
2441.85656,0.04076
2439.92776,0.04101
2437.99896,0.04100
2436.07017,0.04087
2434.14137,0.04093
2432.21257,0.04113
2430.28378,0.04110
2428.35498,0.04082
2426.42618,0.04065
2424.49739,0.04062
2422.56859,0.04037
2420.63979,0.03976
2418.71100,0.03909
2416.78220,0.03871
2414.85340,0.03864
2412.92461,0.03842
2410.99581,0.03791
2409.06701,0.03777
2407.13822,0.03802
2405.20942,0.03798
2403.28062,0.03781
2401.35183,0.03776
2399.42303,0.03737
2397.49423,0.03691
2395.56544,0.03696
2393.63664,0.03727
2391.70784,0.03767
2389.77905,0.03850
2387.85025,0.04032
2385.92145,0.04395
2383.99266,0.05009
2382.06386,0.05901
2380.13506,0.07032
2378.20627,0.08272
2376.27747,0.09512
2374.34867,0.10773
2372.41988,0.12076
2370.49108,0.13350
2368.56228,0.14536
2366.63349,0.15598
2364.70469,0.16463
2362.77589,0.17046
2360.84710,0.17277
2358.91830,0.17094
2356.98951,0.16430
2355.06071,0.15268
2353.13191,0.13685
2351.20312,0.12077
2349.27432,0.11234
2347.34552,0.11628
2345.41673,0.12797
2343.48793,0.13600
2341.55913,0.13695
2339.63034,0.13500
2337.70154,0.13230
2335.77274,0.12997
2333.84395,0.12926
2331.91515,0.12948
2329.98635,0.12772
2328.05756,0.12353
2326.12876,0.11975
2324.19996,0.11746
2322.27117,0.11434
2320.34237,0.10817
2318.41357,0.10011
2316.48478,0.09301
2314.55598,0.08844
2312.62718,0.08529
2310.69839,0.08148
2308.76959,0.07656
2306.84079,0.07127
2304.91200,0.06627
2302.98320,0.06201
2301.05440,0.05853
2299.12561,0.05560
2297.19681,0.05323
2295.26801,0.05133
2293.33922,0.04947
2291.41042,0.04740
2289.48162,0.04540
2287.55283,0.04384
2285.62403,0.04276
2283.69523,0.04225
2281.76644,0.04224
2279.83764,0.04255
2277.90884,0.04313
2275.98005,0.04367
2274.05125,0.04388
2272.12245,0.04389
2270.19366,0.04398
2268.26486,0.04427
2266.33606,0.04471
2264.40727,0.04504
2262.47847,0.04512
2260.54967,0.04525
2258.62088,0.04576
2256.69208,0.04650
2254.76328,0.04696
2252.83449,0.04659
2250.90569,0.04589
2248.97689,0.04577
2247.04810,0.04597
2245.11930,0.04610
2243.19050,0.04646
2241.26171,0.04739
2239.33291,0.04854
2237.40411,0.04897
2235.47532,0.04858
2233.54652,0.04805
2231.61772,0.04776
2229.68893,0.04794
2227.76013,0.04826
2225.83133,0.04833
2223.90254,0.04879
2221.97374,0.04995
2220.04494,0.05088
2218.11615,0.05098
2216.18735,0.05060
2214.25855,0.04983
2212.32976,0.04936
2210.40096,0.05067
2208.47216,0.05280
2206.54337,0.05318
2204.61457,0.05194
2202.68577,0.05149
2200.75698,0.05305
2198.82818,0.05505
2196.89938,0.05534
2194.97059,0.05484
2193.04179,0.05566
2191.11299,0.05723
2189.18420,0.05836
2187.25540,0.05934
2185.32660,0.06024
2183.39781,0.06079
2181.46901,0.06178
2179.54021,0.06327
2177.61142,0.06327
2175.68262,0.06152
2173.75382,0.06026
2171.82503,0.06089
2169.89623,0.06261
2167.96743,0.06382
2166.03864,0.06450
2164.10984,0.06602
2162.18104,0.06878
2160.25225,0.07111
2158.32345,0.07052
2156.39465,0.06711
2154.46586,0.06259
2152.53706,0.05794
2150.60826,0.05422
2148.67947,0.05186
2146.75067,0.05029
2144.82187,0.04909
2142.89308,0.04738
2140.96428,0.04497
2139.03548,0.04358
2137.10669,0.04345
2135.17789,0.04293
2133.24909,0.04134
2131.32030,0.03942
2129.39150,0.03801
2127.46270,0.03700
2125.53391,0.03632
2123.60511,0.03582
2121.67631,0.03510
2119.74752,0.03426
2117.81872,0.03386
2115.88992,0.03402
2113.96113,0.03414
2112.03233,0.03411
2110.10353,0.03446
2108.17474,0.03470
2106.24594,0.03447
2104.31714,0.03454
2102.38835,0.03477
2100.45955,0.03430
2098.53075,0.03367
2096.60196,0.03363
2094.67316,0.03377
2092.74436,0.03372
2090.81557,0.03376
2088.88677,0.03426
2086.95797,0.03503
2085.02918,0.03555
2083.10038,0.03553
2081.17158,0.03497
2079.24279,0.03406
2077.31399,0.03351
2075.38519,0.03413
2073.45640,0.03537
2071.52760,0.03601
2069.59880,0.03625
2067.67001,0.03671
2065.74121,0.03693
2063.81241,0.03675
2061.88362,0.03664
2059.95482,0.03658
2058.02602,0.03659
2056.09723,0.03703
2054.16843,0.03799
2052.23963,0.03913
2050.31084,0.04056
2048.38204,0.04249
2046.45324,0.04412
2044.52445,0.04526
2042.59565,0.04667
2040.66685,0.04799
2038.73806,0.04787
2036.80926,0.04672
2034.88046,0.04663
2032.95167,0.04755
2031.02287,0.04759
2029.09407,0.04702
2027.16528,0.04731
2025.23648,0.04807
2023.30768,0.04826
2021.37889,0.04709
2019.45009,0.04529
2017.52129,0.04486
2015.59250,0.04538
2013.66370,0.04530
2011.73490,0.04446
2009.80611,0.04340
2007.87731,0.04179
2005.94851,0.03891
2004.01972,0.03697
2002.09092,0.03826
2000.16212,0.04096
1998.23333,0.04222
1996.30453,0.04163
1994.37574,0.04057
1992.44694,0.03991
1990.51814,0.03951
1988.58935,0.03942
1986.66055,0.03976
1984.73175,0.04058
1982.80296,0.04206
1980.87416,0.04383
1978.94536,0.04435
1977.01657,0.04313
1975.08777,0.04237
1973.15897,0.04175
1971.23018,0.03978
1969.30138,0.03865
1967.37258,0.03922
1965.44379,0.03925
1963.51499,0.03792
1961.58619,0.03625
1959.65740,0.03499
1957.72860,0.03419
1955.79980,0.03342
1953.87101,0.03248
1951.94221,0.03182
1950.01341,0.03149
1948.08462,0.03133
1946.15582,0.03203
1944.22702,0.03379
1942.29823,0.03433
1940.36943,0.03240
1938.44063,0.03030
1936.51184,0.02950
1934.58304,0.02931
1932.65424,0.02863
1930.72545,0.02767
1928.79665,0.02724
1926.86785,0.02761
1924.93906,0.02875
1923.01026,0.02965
1921.08146,0.02992
1919.15267,0.03010
1917.22387,0.02950
1915.29507,0.02810
1913.36628,0.02752
1911.43748,0.02796
1909.50868,0.02821
1907.57989,0.02767
1905.65109,0.02694
1903.72229,0.02661
1901.79350,0.02659
1899.86470,0.02677
1897.93590,0.02745
1896.00711,0.02827
1894.07831,0.02855
1892.14951,0.02903
1890.22072,0.02989
1888.29192,0.02953
1886.36312,0.02824
1884.43433,0.02737
1882.50553,0.02691
1880.57673,0.02655
1878.64794,0.02622
1876.71914,0.02593
1874.79034,0.02589
1872.86155,0.02702
1870.93275,0.02995
1869.00395,0.03219
1867.07516,0.03067
1865.14636,0.02750
1863.21756,0.02578
1861.28877,0.02544
1859.35997,0.02539
1857.43117,0.02518
1855.50238,0.02507
1853.57358,0.02531
1851.64478,0.02588
1849.71599,0.02714
1847.78719,0.02946
1845.85839,0.03227
1843.92960,0.03276
1842.00080,0.03002
1840.07200,0.02777
1838.14321,0.02738
1836.21441,0.02731
1834.28561,0.02746
1832.35682,0.02932
1830.42802,0.03153
1828.49922,0.03148
1826.57043,0.03051
1824.64163,0.02920
1822.71283,0.02684
1820.78404,0.02513
1818.85524,0.02493
1816.92644,0.02508
1814.99765,0.02537
1813.06885,0.02648
1811.14005,0.02754
1809.21126,0.02719
1807.28246,0.02620
1805.35366,0.02640
1803.42487,0.02839
1801.49607,0.03049
1799.56727,0.03058
1797.63848,0.02971
1795.70968,0.03057
1793.78088,0.03336
1791.85209,0.03420
1789.92329,0.03102
1787.99449,0.02828
1786.06570,0.02812
1784.13690,0.02867
1782.20810,0.02905
1780.27931,0.02902
1778.35051,0.02847
1776.42171,0.02923
1774.49292,0.03247
1772.56412,0.03538
1770.63532,0.03453
1768.70653,0.03144
1766.77773,0.02839
1764.84893,0.02740
1762.92014,0.02886
1760.99134,0.02968
1759.06254,0.02935
1757.13375,0.02914
1755.20495,0.02895
1753.27615,0.03092
1751.34736,0.03537
1749.41856,0.03738
1747.48976,0.03549
1745.56097,0.03344
1743.63217,0.03294
1741.70337,0.03328
1739.77458,0.03303
1737.84578,0.03310
1735.91698,0.03627
1733.98819,0.03945
1732.05939,0.03662
1730.13059,0.03169
1728.20180,0.02800
1726.27300,0.02624
1724.34420,0.02640
1722.41541,0.02782
1720.48661,0.03222
1718.55781,0.03951
1716.62902,0.04272
1714.70022,0.03906
1712.77142,0.03478
1710.84263,0.03372
1708.91383,0.03648
1706.98503,0.04203
1705.05624,0.04768
1703.12744,0.05380
1701.19864,0.06319
1699.26985,0.07168
1697.34105,0.07625
1695.41225,0.07977
1693.48346,0.08311
1691.55466,0.09010
1689.62586,0.10228
1687.69707,0.11721
1685.76827,0.13647
1683.83947,0.15723
1681.91068,0.16829
1679.98188,0.17574
1678.05308,0.18728
1676.12429,0.20304
1674.19549,0.21866
1672.26669,0.23156
1670.33790,0.24400
1668.40910,0.25265
1666.48030,0.25659
1664.55151,0.26185
1662.62271,0.26765
1660.69391,0.26960
1658.76512,0.27051
1656.83632,0.27541
1654.90752,0.28546
1652.97873,0.29133
1651.04993,0.28703
1649.12113,0.28714
1647.19234,0.29272
1645.26354,0.29562
1643.33474,0.29789
1641.40595,0.30602
1639.47715,0.32072
1637.54835,0.34143
1635.61956,0.36433
1633.69076,0.38001
1631.76197,0.39228
1629.83317,0.40839
1627.90437,0.42597
1625.97558,0.44041
1624.04678,0.45078
1622.11798,0.45532
1620.18919,0.45605
1618.26039,0.45711
1616.33159,0.45533
1614.40280,0.44971
1612.47400,0.44643
1610.54520,0.44747
1608.61641,0.45154
1606.68761,0.45753
1604.75881,0.46569
1602.83002,0.47563
1600.90122,0.48575
1598.97242,0.49498
1597.04363,0.50269
1595.11483,0.50748
1593.18603,0.50768
1591.25724,0.50314
1589.32844,0.49410
1587.39964,0.48088
1585.47085,0.46434
1583.54205,0.44523
1581.61325,0.42498
1579.68446,0.40662
1577.75566,0.38871
1575.82686,0.36413
1573.89807,0.33901
1571.96927,0.32091
1570.04047,0.30341
1568.11168,0.28331
1566.18288,0.26535
1564.25408,0.25167
1562.32529,0.24491
1560.39649,0.24385
1558.46769,0.23345
1556.53890,0.21333
1554.61010,0.19760
1552.68130,0.18632
1550.75251,0.17768
1548.82371,0.17025
1546.89491,0.16589
1544.96612,0.16596
1543.03732,0.16798
1541.10852,0.16723
1539.17973,0.15679
1537.25093,0.14463
1535.32213,0.13950
1533.39334,0.13647
1531.46454,0.13088
1529.53574,0.12719
1527.60695,0.12710
1525.67815,0.12757
1523.74935,0.12847
1521.82056,0.12891
1519.89176,0.12607
1517.96296,0.12217
1516.03417,0.11781
1514.10537,0.11341
1512.17657,0.11283
1510.24778,0.11816
1508.31898,0.12648
1506.39018,0.12572
1504.46139,0.11506
1502.53259,0.10961
1500.60379,0.11164
1498.67500,0.11723
1496.74620,0.12130
1494.81740,0.12293
1492.88861,0.12780
1490.95981,0.13843
1489.03101,0.14887
1487.10222,0.15419
1485.17342,0.15908
1483.24462,0.16773
1481.31583,0.17977
1479.38703,0.19366
1477.45823,0.20988
1475.52944,0.22844
1473.60064,0.24632
1471.67184,0.25814
1469.74305,0.26393
1467.81425,0.27069
1465.88545,0.27997
1463.95666,0.28614
1462.02786,0.28880
1460.09906,0.29340
1458.17027,0.29758
1456.24147,0.28943
1454.31267,0.27283
1452.38388,0.25834
1450.45508,0.24620
1448.52628,0.23364
1446.59749,0.21854
1444.66869,0.20310
1442.73989,0.18950
1440.81110,0.17869
1438.88230,0.17139
1436.95350,0.16334
1435.02471,0.15108
1433.09591,0.14006
1431.16711,0.13220
1429.23832,0.12460
1427.30952,0.11751
1425.38072,0.11265
1423.45193,0.10928
1421.52313,0.10774
1419.59433,0.10723
1417.66554,0.10265
1415.73674,0.09499
1413.80794,0.08936
1411.87915,0.08621
1409.95035,0.08391
1408.02155,0.08251
1406.09276,0.08202
1404.16396,0.08060
1402.23516,0.07897
1400.30637,0.07943
1398.37757,0.08070
1396.44877,0.08054
1394.51998,0.07793
1392.59118,0.07363
1390.66238,0.07126
1388.73359,0.07161
1386.80479,0.07093
1384.87599,0.06789
1382.94720,0.06541
1381.01840,0.06462
1379.08960,0.06459
1377.16081,0.06530
1375.23201,0.06629
1373.30321,0.06535
1371.37442,0.06287
1369.44562,0.06126
1367.51682,0.06074
1365.58803,0.06164
1363.65923,0.06372
1361.73043,0.06370
1359.80164,0.06104
1357.87284,0.05892
1355.94404,0.05822
1354.01525,0.05783
1352.08645,0.05744
1350.15765,0.05727
1348.22886,0.05710
1346.30006,0.05684
1344.37126,0.05709
1342.44247,0.05879
1340.51367,0.06126
1338.58487,0.06167
1336.65608,0.05950
1334.72728,0.05720
1332.79848,0.05599
1330.86969,0.05545
1328.94089,0.05506
1327.01209,0.05469
1325.08330,0.05439
1323.15450,0.05435
1321.22570,0.05475
1319.29691,0.05524
1317.36811,0.05518
1315.43931,0.05478
1313.51052,0.05443
1311.58172,0.05397
1309.65292,0.05354
1307.72413,0.05332
1305.79533,0.05315
1303.86653,0.05308
1301.93774,0.05315
1300.00894,0.05333
1298.08014,0.05355
1296.15135,0.05363
1294.22255,0.05353
1292.29375,0.05346
1290.36496,0.05355
1288.43616,0.05364
1286.50736,0.05342
1284.57857,0.05304
1282.64977,0.05282
1280.72097,0.05270
1278.79218,0.05250
1276.86338,0.05230
1274.93458,0.05231
1273.00579,0.05258
1271.07699,0.05282
1269.14820,0.05286
1267.21940,0.05291
1265.29060,0.05310
1263.36181,0.05337
1261.43301,0.05364
1259.50421,0.05374
1257.57542,0.05363
1255.64662,0.05356
1253.71782,0.05365
1251.78903,0.05387
1249.86023,0.05414
1247.93143,0.05440
1246.00264,0.05467
1244.07384,0.05495
1242.14504,0.05516
1240.21625,0.05525
1238.28745,0.05528
1236.35865,0.05530
1234.42986,0.05531
1232.50106,0.05539
1230.57226,0.05557
1228.64347,0.05579
1226.71467,0.05599
1224.78587,0.05617
1222.85708,0.05641
1220.92828,0.05683
1218.99948,0.05740
1217.07069,0.05801
1215.14189,0.05860
1213.21309,0.05922
1211.28430,0.05993
1209.35550,0.06070
1207.42670,0.06156
1205.49791,0.06251
1203.56911,0.06351
1201.64031,0.06455
1199.71152,0.06573
1197.78272,0.06709
1195.85392,0.06856
1193.92513,0.07013
1191.99633,0.07194
1190.06753,0.07407
1188.13874,0.07643
1186.20994,0.07887
1184.28114,0.08141
1182.35235,0.08429
1180.42355,0.08776
1178.49475,0.09180
1176.56596,0.09625
1174.63716,0.10094
1172.70836,0.10582
1170.77957,0.11090
1168.85077,0.11611
1166.92197,0.12126
1164.99318,0.12612
1163.06438,0.13041
1161.13558,0.13380
1159.20679,0.13600
1157.27799,0.13687
1155.34919,0.13640
1153.42040,0.13466
1151.49160,0.13189
1149.56280,0.12818
1147.63401,0.12373
1145.70521,0.11881
1143.77641,0.11369
1141.84762,0.10858
1139.91882,0.10366
1137.99002,0.09897
1136.06123,0.09457
1134.13243,0.09053
1132.20363,0.08689
1130.27484,0.08377
1128.34604,0.08109
1126.41724,0.07873
1124.48845,0.07665
1122.55965,0.07489
1120.63085,0.07346
1118.70206,0.07227
1116.77326,0.07118
1114.84446,0.07026
1112.91567,0.06953
1110.98687,0.06891
1109.05807,0.06841
1107.12928,0.06805
1105.20048,0.06779
1103.27168,0.06757
1101.34289,0.06739
1099.41409,0.06731
1097.48529,0.06729
1095.55650,0.06728
1093.62770,0.06731
1091.69890,0.06738
1089.77011,0.06754
1087.84131,0.06775
1085.91251,0.06789
1083.98372,0.06803
1082.05492,0.06825
1080.12612,0.06854
1078.19733,0.06889
1076.26853,0.06929
1074.33973,0.06973
1072.41094,0.07024
1070.48214,0.07076
1068.55334,0.07112
1066.62455,0.07133
1064.69575,0.07152
1062.76695,0.07161
1060.83816,0.07142
1058.90936,0.07105
1056.98056,0.07069
1055.05177,0.07031
1053.12297,0.06980
1051.19417,0.06917
1049.26538,0.06846
1047.33658,0.06774
1045.40778,0.06709
1043.47899,0.06640
1041.55019,0.06554
1039.62139,0.06455
1037.69260,0.06363
1035.76380,0.06280
1033.83500,0.06197
1031.90621,0.06119
1029.97741,0.06051
1028.04861,0.05984
1026.11982,0.05917
1024.19102,0.05867
1022.26222,0.05837
1020.33343,0.05808
1018.40463,0.05774
1016.47583,0.05751
1014.54704,0.05743
1012.61824,0.05740
1010.68944,0.05727
1008.76065,0.05698
1006.83185,0.05652
1004.90305,0.05593
1002.97426,0.05522
1001.04546,0.05454
999.11666,0.05399
997.18787,0.05350
995.25907,0.05299
993.33027,0.05242
991.40148,0.05191
989.47268,0.05145
987.54388,0.05090
985.61509,0.05026
983.68629,0.04969
981.75749,0.04921
979.82870,0.04868
977.89990,0.04806
975.97110,0.04748
974.04231,0.04700
972.11351,0.04657
970.18471,0.04616
968.25592,0.04590
966.32712,0.04581
964.39832,0.04577
962.46953,0.04563
960.54073,0.04536
958.61193,0.04498
956.68314,0.04455
954.75434,0.04415
952.82554,0.04392
950.89675,0.04377
948.96795,0.04346
947.03915,0.04298
945.11036,0.04248
943.18156,0.04195
941.25276,0.04132
939.32397,0.04063
937.39517,0.03999
935.46637,0.03934
933.53758,0.03867
931.60878,0.03799
929.67998,0.03743
927.75119,0.03704
925.82239,0.03670
923.89359,0.03616
921.96480,0.03544
920.03600,0.03478
918.10720,0.03431
916.17841,0.03396
914.24961,0.03365
912.32081,0.03338
910.39202,0.03316
908.46322,0.03287
906.53443,0.03244
904.60563,0.03199
902.67683,0.03170
900.74804,0.03152
898.81924,0.03122
896.89044,0.03071
894.96165,0.03007
893.03285,0.02941
891.10405,0.02869
889.17526,0.02793
887.24646,0.02711
885.31766,0.02623
883.38887,0.02541
881.46007,0.02471
879.53127,0.02410
877.60248,0.02360
875.67368,0.02322
873.74488,0.02285
871.81609,0.02247
869.88729,0.02209
867.95849,0.02169
866.02970,0.02136
864.10090,0.02126
862.17210,0.02124
860.24331,0.02105
858.31451,0.02075
856.38571,0.02050
854.45692,0.02042
852.52812,0.02040
850.59932,0.02023
848.67053,0.01987
846.74173,0.01952
844.81293,0.01920
842.88414,0.01879
840.95534,0.01835
839.02654,0.01800
837.09775,0.01766
835.16895,0.01731
833.24015,0.01708
831.31136,0.01691
829.38256,0.01669
827.45376,0.01644
825.52497,0.01627
823.59617,0.01641
821.66737,0.01685
819.73858,0.01722
817.80978,0.01740
815.88098,0.01765
813.95219,0.01807
812.02339,0.01844
810.09459,0.01879
808.16580,0.01931
806.23700,0.01995
804.30820,0.02070
802.37941,0.02154
800.45061,0.02235
798.52181,0.02321
796.59302,0.02428
794.66422,0.02537
792.73542,0.02624
790.80663,0.02699
788.87783,0.02770
786.94903,0.02827
785.02024,0.02849
783.09144,0.02822
781.16264,0.02755
779.23385,0.02656
777.30505,0.02522
775.37625,0.02379
773.44746,0.02277
771.51866,0.02231
769.58986,0.02206
767.66107,0.02164
765.73227,0.02121
763.80347,0.02106
761.87468,0.02101
759.94588,0.02098
758.01708,0.02124
756.08829,0.02162
754.15949,0.02175
752.23069,0.02175
750.30190,0.02183
748.37310,0.02164
