3496.90832,0.06924
3494.97953,0.06976
3493.05073,0.07144
3491.12193,0.07603
3489.19314,0.08072
3487.26434,0.08128
3485.33554,0.07498
3483.40675,0.06884
3481.47795,0.06969
3479.54915,0.07332
3477.62036,0.07505
3475.69156,0.07427
3473.76276,0.07176
3471.83397,0.07041
3469.90517,0.07199
3467.97637,0.07345
3466.04758,0.07303
3464.11878,0.07511
3462.18998,0.07782
3460.26119,0.07484
3458.33239,0.06757
3456.40359,0.06001
3454.47480,0.05694
3452.54600,0.06067
3450.61721,0.06567
3448.68841,0.06627
3446.75961,0.06297
3444.83082,0.06021
3442.90202,0.05908
3440.97322,0.05646
3439.04443,0.05026
3437.11563,0.04375
3435.18683,0.04406
3433.25804,0.05103
3431.32924,0.05534
3429.40044,0.05418
3427.47165,0.05381
3425.54285,0.05798
3423.61405,0.06485
3421.68526,0.06882
3419.75646,0.06776
3417.82766,0.06401
3415.89887,0.05516
3413.97007,0.04223
3412.04127,0.03557
3410.11248,0.03646
3408.18368,0.03833
3406.25488,0.04224
3404.32609,0.04850
3402.39729,0.05247
3400.46849,0.05452
3398.53970,0.05233
3396.61090,0.04132
3394.68210,0.03317
3392.75331,0.03916
3390.82451,0.04848
3388.89571,0.05295
3386.96692,0.05700
3385.03812,0.05658
3383.10932,0.04954
3381.18053,0.04931
3379.25173,0.05803
3377.32293,0.06177
3375.39414,0.05737
3373.46534,0.05462
3371.53654,0.05621
3369.60775,0.05538
3367.67895,0.05322
3365.75015,0.05709
3363.82136,0.06411
3361.89256,0.06474
3359.96376,0.05823
3358.03497,0.05419
3356.10617,0.05752
3354.17737,0.06313
3352.24858,0.06651
3350.31978,0.06711
3348.39098,0.06782
3346.46219,0.07081
3344.53339,0.07334
3342.60459,0.07236
3340.67580,0.06820
3338.74700,0.06093
3336.81820,0.05196
3334.88941,0.04681
3332.96061,0.04818
3331.03181,0.05456
3329.10302,0.06236
3327.17422,0.06261
3325.24542,0.05343
3323.31663,0.04516
3321.38783,0.04479
3319.45903,0.05075
3317.53024,0.05489
3315.60144,0.05097
3313.67264,0.04553
3311.74385,0.04421
3309.81505,0.04090
3307.88625,0.03820
3305.95746,0.04397
3304.02866,0.04953
3302.09986,0.04571
3300.17107,0.03833
3298.24227,0.03253
3296.31347,0.02885
3294.38468,0.02718
3292.45588,0.02806
3290.52708,0.03251
3288.59829,0.03456
3286.66949,0.02989
3284.74069,0.02492
3282.81190,0.02521
3280.88310,0.02737
3278.95430,0.02800
3277.02551,0.03032
3275.09671,0.03673
3273.16791,0.04210
3271.23912,0.04101
3269.31032,0.03690
3267.38152,0.03467
3265.45273,0.03244
3263.52393,0.02786
3261.59513,0.02513
3259.66634,0.02817
3257.73754,0.03369
3255.80874,0.03844
3253.87995,0.03951
3251.95115,0.03599
3250.02235,0.03524
3248.09356,0.03698
3246.16476,0.03410
3244.23596,0.03095
3242.30717,0.03016
3240.37837,0.03064
3238.44957,0.03725
3236.52078,0.04695
3234.59198,0.05101
3232.66318,0.04906
3230.73439,0.04549
3228.80559,0.04086
3226.87679,0.03300
3224.94800,0.02731
3223.01920,0.03182
3221.09040,0.04353
3219.16161,0.05533
3217.23281,0.06356
3215.30401,0.06534
3213.37522,0.06170
3211.44642,0.05943
3209.51762,0.06197
3207.58883,0.06354
3205.66003,0.05891
3203.73123,0.05215
3201.80244,0.04870
3199.87364,0.04748
3197.94484,0.04721
3196.01605,0.04816
3194.08725,0.04786
3192.15845,0.04625
3190.22966,0.04738
3188.30086,0.04996
3186.37206,0.04780
3184.44327,0.04250
3182.51447,0.04128
3180.58567,0.04437
3178.65688,0.04644
3176.72808,0.04485
3174.79928,0.04181
3172.87049,0.03968
3170.94169,0.03922
3169.01289,0.04048
3167.08410,0.04199
3165.15530,0.04413
3163.22650,0.04604
3161.29771,0.04450
3159.36891,0.04005
3157.44011,0.03570
3155.51132,0.03474
3153.58252,0.03859
3151.65372,0.04279
3149.72493,0.04149
3147.79613,0.03774
3145.86733,0.03801
3143.93854,0.04021
3142.00974,0.04159
3140.08094,0.04304
3138.15215,0.04294
3136.22335,0.03985
3134.29455,0.03584
3132.36576,0.03456
3130.43696,0.03703
3128.50816,0.03946
3126.57937,0.03869
3124.65057,0.03687
3122.72177,0.03735
3120.79298,0.03976
3118.86418,0.04127
3116.93538,0.04106
3115.00659,0.04043
3113.07779,0.03965
3111.14899,0.03875
3109.22020,0.03847
3107.29140,0.03890
3105.36260,0.03919
3103.43381,0.03918
3101.50501,0.03959
3099.57621,0.03953
3097.64742,0.03763
3095.71862,0.03535
3093.78982,0.03441
3091.86103,0.03436
3089.93223,0.03510
3088.00344,0.03669
3086.07464,0.03792
3084.14584,0.03819
3082.21705,0.03769
3080.28825,0.03680
3078.35945,0.03630
3076.43066,0.03633
3074.50186,0.03648
3072.57306,0.03671
3070.64427,0.03719
3068.71547,0.03739
3066.78667,0.03712
3064.85788,0.03714
3062.92908,0.03757
3061.00028,0.03783
3059.07149,0.03722
3057.14269,0.03606
3055.21389,0.03621
3053.28510,0.03745
3051.35630,0.03767
3049.42750,0.03640
3047.49871,0.03480
3045.56991,0.03451
3043.64111,0.03624
3041.71232,0.03870
3039.78352,0.03985
3037.85472,0.03927
3035.92593,0.03860
3033.99713,0.03888
3032.06833,0.03963
3030.13954,0.04024
3028.21074,0.04071
3026.28194,0.04107
3024.35315,0.04106
3022.42435,0.04080
3020.49555,0.04050
3018.56676,0.04004
3016.63796,0.03985
3014.70916,0.04021
3012.78037,0.04083
3010.85157,0.04143
3008.92277,0.04182
3006.99398,0.04205
3005.06518,0.04231
3003.13638,0.04240
3001.20759,0.04201
2999.27879,0.04134
2997.34999,0.04074
2995.42120,0.04072
2993.49240,0.04131
2991.56360,0.04161
2989.63481,0.04171
2987.70601,0.04199
2985.77721,0.04199
2983.84842,0.04166
2981.91962,0.04157
2979.99082,0.04173
2978.06203,0.04194
2976.13323,0.04247
2974.20443,0.04330
2972.27564,0.04382
2970.34684,0.04405
2968.41804,0.04423
2966.48925,0.04437
2964.56045,0.04480
2962.63165,0.04536
2960.70286,0.04543
2958.77406,0.04531
2956.84526,0.04558
2954.91647,0.04602
2952.98767,0.04624
2951.05887,0.04635
2949.13008,0.04664
2947.20128,0.04689
2945.27248,0.04676
2943.34369,0.04675
2941.41489,0.04737
2939.48609,0.04823
2937.55730,0.04863
2935.62850,0.04851
2933.69970,0.04875
2931.77091,0.04963
2929.84211,0.05044
2927.91331,0.05078
2925.98452,0.05086
2924.05572,0.05092
2922.12692,0.05125
2920.19813,0.05164
2918.26933,0.05159
2916.34053,0.05115
2914.41174,0.05051
2912.48294,0.04968
2910.55414,0.04902
2908.62535,0.04867
2906.69655,0.04830
2904.76775,0.04783
2902.83896,0.04747
2900.91016,0.04736
2898.98136,0.04748
2897.05257,0.04754
2895.12377,0.04732
2893.19497,0.04725
2891.26618,0.04770
2889.33738,0.04792
2887.40858,0.04734
2885.47979,0.04667
2883.55099,0.04652
2881.62219,0.04672
2879.69340,0.04702
2877.76460,0.04732
2875.83580,0.04757
2873.90701,0.04784
2871.97821,0.04811
2870.04941,0.04819
2868.12062,0.04812
2866.19182,0.04806
2864.26302,0.04827
2862.33423,0.04889
2860.40543,0.04961
2858.47663,0.05025
2856.54784,0.05081
2854.61904,0.05105
2852.69024,0.05079
2850.76145,0.05041
2848.83265,0.05032
2846.90385,0.05016
2844.97506,0.04977
2843.04626,0.04963
2841.11746,0.04958
2839.18867,0.04927
2837.25987,0.04895
2835.33107,0.04892
2833.40228,0.04909
2831.47348,0.04925
2829.54468,0.04923
2827.61589,0.04902
2825.68709,0.04888
2823.75829,0.04905
2821.82950,0.04933
2819.90070,0.04929
2817.97190,0.04900
2816.04311,0.04888
2814.11431,0.04907
2812.18551,0.04928
2810.25672,0.04924
2808.32792,0.04904
2806.39912,0.04886
2804.47033,0.04869
2802.54153,0.04850
2800.61273,0.04833
2798.68394,0.04820
2796.75514,0.04806
2794.82634,0.04785
2792.89755,0.04766
2790.96875,0.04759
2789.03995,0.04762
2787.11116,0.04755
2785.18236,0.04731
2783.25356,0.04711
2781.32477,0.04698
2779.39597,0.04665
2777.46717,0.04626
2775.53838,0.04615
2773.60958,0.04622
2771.68078,0.04628
2769.75199,0.04621
2767.82319,0.04604
2765.89439,0.04601
2763.96560,0.04605
2762.03680,0.04593
2760.10800,0.04580
2758.17921,0.04572
2756.25041,0.04555
2754.32161,0.04528
2752.39282,0.04508
2750.46402,0.04509
2748.53522,0.04526
2746.60643,0.04542
2744.67763,0.04545
2742.74883,0.04536
2740.82004,0.04526
2738.89124,0.04514
2736.96244,0.04514
2735.03365,0.04538
2733.10485,0.04552
2731.17605,0.04542
2729.24726,0.04538
2727.31846,0.04550
2725.38967,0.04550
2723.46087,0.04535
2721.53207,0.04534
2719.60328,0.04553
2717.67448,0.04562
2715.74568,0.04549
2713.81689,0.04534
2711.88809,0.04528
2709.95929,0.04521
2708.03050,0.04504
2706.10170,0.04490
2704.17290,0.04494
2702.24411,0.04503
2700.31531,0.04501
2698.38651,0.04491
2696.45772,0.04484
2694.52892,0.04492
2692.60012,0.04512
2690.67133,0.04528
2688.74253,0.04533
2686.81373,0.04528
2684.88494,0.04517
2682.95614,0.04514
2681.02734,0.04518
2679.09855,0.04521
2677.16975,0.04522
2675.24095,0.04515
2673.31216,0.04497
2671.38336,0.04482
2669.45456,0.04474
2667.52577,0.04472
2665.59697,0.04481
2663.66817,0.04497
2661.73938,0.04493
2659.81058,0.04469
2657.88178,0.04458
2655.95299,0.04467
2654.02419,0.04480
2652.09539,0.04492
2650.16660,0.04495
2648.23780,0.04493
2646.30900,0.04497
2644.38021,0.04497
2642.45141,0.04499
2640.52261,0.04509
2638.59382,0.04507
2636.66502,0.04503
2634.73622,0.04522
2632.80743,0.04553
2630.87863,0.04568
2628.94983,0.04570
2627.02104,0.04564
2625.09224,0.04554
2623.16344,0.04558
2621.23465,0.04591
2619.30585,0.04634
2617.37705,0.04644
2615.44826,0.04616
2613.51946,0.04601
2611.59066,0.04608
2609.66187,0.04615
2607.73307,0.04626
2605.80427,0.04636
2603.87548,0.04631
2601.94668,0.04613
2600.01788,0.04592
2598.08909,0.04594
2596.16029,0.04612
2594.23149,0.04607
2592.30270,0.04598
2590.37390,0.04626
2588.44510,0.04652
2586.51631,0.04620
2584.58751,0.04582
2582.65871,0.04589
2580.72992,0.04580
2578.80112,0.04548
2576.87232,0.04576
2574.94353,0.04639
2573.01473,0.04643
2571.08593,0.04614
2569.15714,0.04616
2567.22834,0.04621
2565.29954,0.04607
2563.37075,0.04603
2561.44195,0.04630
2559.51315,0.04644
2557.58436,0.04612
2555.65556,0.04572
2553.72676,0.04527
2551.79797,0.04474
2549.86917,0.04464
2547.94037,0.04525
2546.01158,0.04603
2544.08278,0.04623
2542.15398,0.04572
2540.22519,0.04516
2538.29639,0.04504
2536.36759,0.04526
2534.43880,0.04561
2532.51000,0.04600
2530.58120,0.04611
2528.65241,0.04572
2526.72361,0.04505
2524.79481,0.04455
2522.86602,0.04464
2520.93722,0.04507
2519.00842,0.04521
2517.07963,0.04513
2515.15083,0.04522
2513.22203,0.04513
2511.29324,0.04469
2509.36444,0.04435
2507.43564,0.04424
2505.50685,0.04408
2503.57805,0.04390
2501.64925,0.04386
2499.72046,0.04390
2497.79166,0.04390
2495.86286,0.04391
2493.93407,0.04395
2492.00527,0.04390
2490.07647,0.04380
2488.14768,0.04386
2486.21888,0.04406
2484.29008,0.04428
2482.36129,0.04425
2480.43249,0.04397
2478.50369,0.04396
2476.57490,0.04422
2474.64610,0.04419
2472.71730,0.04378
2470.78851,0.04344
2468.85971,0.04342
2466.93091,0.04360
2465.00212,0.04380
2463.07332,0.04396
2461.14452,0.04394
2459.21573,0.04371
2457.28693,0.04340
2455.35813,0.04311
2453.42934,0.04300
2451.50054,0.04314
2449.57174,0.04312
2447.64295,0.04268
2445.71415,0.04225
2443.78535,0.04217
2441.85656,0.04208
2439.92776,0.04192
2437.99896,0.04202
2436.07017,0.04214
2434.14137,0.04206
2432.21257,0.04207
2430.28378,0.04220
2428.35498,0.04223
2426.42618,0.04226
2424.49739,0.04239
2422.56859,0.04229
2420.63979,0.04172
2418.71100,0.04108
2416.78220,0.04070
2414.85340,0.04039
2412.92461,0.04012
2410.99581,0.04004
2409.06701,0.04013
2407.13822,0.04019
2405.20942,0.04000
2403.28062,0.03967
2401.35183,0.03943
2399.42303,0.03910
2397.49423,0.03871
2395.56544,0.03860
2393.63664,0.03883
2391.70784,0.03924
2389.77905,0.04007
2387.85025,0.04201
2385.92145,0.04595
2383.99266,0.05256
2382.06386,0.06213
2380.13506,0.07409
2378.20627,0.08704
2376.27747,0.10005
2374.34867,0.11333
2372.41988,0.12705
2370.49108,0.14070
2368.56228,0.15358
2366.63349,0.16508
2364.70469,0.17419
2362.77589,0.18011
2360.84710,0.18264
2358.91830,0.18089
2356.98951,0.17366
2355.06071,0.16115
2353.13191,0.14447
2351.20312,0.12770
2349.27432,0.11900
2347.34552,0.12312
2345.41673,0.13510
2343.48793,0.14311
2341.55913,0.14393
2339.63034,0.14195
2337.70154,0.13924
2335.77274,0.13712
2333.84395,0.13680
2331.91515,0.13725
2329.98635,0.13569
2328.05756,0.13175
2326.12876,0.12796
2324.19996,0.12525
2322.27117,0.12159
2320.34237,0.11494
2318.41357,0.10635
2316.48478,0.09888
2314.55598,0.09429
2312.62718,0.09123
2310.69839,0.08739
2308.76959,0.08225
2306.84079,0.07632
2304.91200,0.07038
2302.98320,0.06565
2301.05440,0.06222
2299.12561,0.05903
2297.19681,0.05602
2295.26801,0.05371
2293.33922,0.05159
2291.41042,0.04943
2289.48162,0.04768
2287.55283,0.04604
2285.62403,0.04438
2283.69523,0.04341
2281.76644,0.04323
2279.83764,0.04325
2277.90884,0.04353
2275.98005,0.04445
2274.05125,0.04554
2272.12245,0.04599
2270.19366,0.04608
2268.26486,0.04641
2266.33606,0.04684
2264.40727,0.04701
2262.47847,0.04715
2260.54967,0.04758
2258.62088,0.04832
2256.69208,0.04942
2254.76328,0.05000
2252.83449,0.04906
2250.90569,0.04770
2248.97689,0.04715
2247.04810,0.04712
2245.11930,0.04735
2243.19050,0.04789
2241.26171,0.04818
2239.33291,0.04828
2237.40411,0.04908
2235.47532,0.05038
2233.54652,0.05096
2231.61772,0.05051
2229.68893,0.05037
2227.76013,0.05127
2225.83133,0.05222
2223.90254,0.05260
2221.97374,0.05271
2220.04494,0.05257
2218.11615,0.05204
2216.18735,0.05155
2214.25855,0.05141
2212.32976,0.05134
2210.40096,0.05171
2208.47216,0.05253
2206.54337,0.05256
2204.61457,0.05222
2202.68577,0.05275
2200.75698,0.05360
2198.82818,0.05461
2196.89938,0.05581
2194.97059,0.05634
2193.04179,0.05636
2191.11299,0.05620
2189.18420,0.05575
2187.25540,0.05559
2185.32660,0.05610
2183.39781,0.05695
2181.46901,0.05780
2179.54021,0.05876
2177.61142,0.05979
2175.68262,0.06084
2173.75382,0.06171
2171.82503,0.06193
2169.89623,0.06211
2167.96743,0.06238
2166.03864,0.06198
2164.10984,0.06186
2162.18104,0.06395
2160.25225,0.06793
2158.32345,0.06994
2156.39465,0.06764
2154.46586,0.06423
2152.53706,0.06160
2150.60826,0.05882
2148.67947,0.05590
2146.75067,0.05290
2144.82187,0.04993
2142.89308,0.04757
2140.96428,0.04570
2139.03548,0.04484
2137.10669,0.04483
2135.17789,0.04431
2133.24909,0.04304
2131.32030,0.04164
2129.39150,0.04007
2127.46270,0.03854
2125.53391,0.03784
2123.60511,0.03765
2121.67631,0.03694
2119.74752,0.03586
2117.81872,0.03523
2115.88992,0.03528
2113.96113,0.03569
2112.03233,0.03609
2110.10353,0.03632
2108.17474,0.03634
2106.24594,0.03642
2104.31714,0.03676
2102.38835,0.03712
2100.45955,0.03700
2098.53075,0.03637
2096.60196,0.03563
2094.67316,0.03522
2092.74436,0.03528
2090.81557,0.03545
2088.88677,0.03543
2086.95797,0.03548
2085.02918,0.03576
2083.10038,0.03597
2081.17158,0.03581
2079.24279,0.03563
2077.31399,0.03603
2075.38519,0.03686
2073.45640,0.03768
2071.52760,0.03835
2069.59880,0.03867
2067.67001,0.03886
2065.74121,0.03932
2063.81241,0.03966
2061.88362,0.03951
2059.95482,0.03924
2058.02602,0.03893
2056.09723,0.03828
2054.16843,0.03793
2052.23963,0.03872
2050.31084,0.04077
2048.38204,0.04312
2046.45324,0.04468
2044.52445,0.04639
2042.59565,0.04888
2040.66685,0.05107
2038.73806,0.05144
2036.80926,0.04955
2034.88046,0.04789
2032.95167,0.04779
2031.02287,0.04711
2029.09407,0.04539
2027.16528,0.04452
2025.23648,0.04503
2023.30768,0.04562
2021.37889,0.04566
2019.45009,0.04645
2017.52129,0.04823
2015.59250,0.04886
2013.66370,0.04777
2011.73490,0.04660
2009.80611,0.04650
2007.87731,0.04647
2005.94851,0.04444
2004.01972,0.04123
2002.09092,0.03950
2000.16212,0.03961
1998.23333,0.04033
1996.30453,0.04111
1994.37574,0.04215
1992.44694,0.04295
1990.51814,0.04264
1988.58935,0.04167
1986.66055,0.04057
1984.73175,0.04003
1982.80296,0.04171
1980.87416,0.04499
1978.94536,0.04644
1977.01657,0.04481
1975.08777,0.04362
1973.15897,0.04373
1971.23018,0.04218
1969.30138,0.03985
1967.37258,0.03908
1965.44379,0.03911
1963.51499,0.03852
1961.58619,0.03719
1959.65740,0.03562
1957.72860,0.03457
1955.79980,0.03424
1953.87101,0.03441
1951.94221,0.03485
1950.01341,0.03508
1948.08462,0.03467
1946.15582,0.03443
1944.22702,0.03545
1942.29823,0.03599
1940.36943,0.03416
1938.44063,0.03157
1936.51184,0.03014
1934.58304,0.03036
1932.65424,0.03107
1930.72545,0.03111
1928.79665,0.03093
1926.86785,0.03133
1924.93906,0.03261
1923.01026,0.03348
1921.08146,0.03348
1919.15267,0.03358
1917.22387,0.03256
1915.29507,0.03029
1913.36628,0.02938
1911.43748,0.03023
1909.50868,0.03086
1907.57989,0.03007
1905.65109,0.02869
1903.72229,0.02790
1901.79350,0.02775
1899.86470,0.02793
1897.93590,0.02868
1896.00711,0.02959
1894.07831,0.02992
1892.14951,0.03073
1890.22072,0.03220
1888.29192,0.03199
1886.36312,0.03030
1884.43433,0.02920
1882.50553,0.02894
1880.57673,0.02902
1878.64794,0.02897
1876.71914,0.02866
1874.79034,0.02849
1872.86155,0.02986
1870.93275,0.03381
1869.00395,0.03703
1867.07516,0.03519
1865.14636,0.03096
1863.21756,0.02850
1861.28877,0.02782
1859.35997,0.02756
1857.43117,0.02712
1855.50238,0.02667
1853.57358,0.02662
1851.64478,0.02725
1849.71599,0.02896
1847.78719,0.03197
1845.85839,0.03564
1843.92960,0.03639
1842.00080,0.03279
1840.07200,0.02974
1838.14321,0.02927
1836.21441,0.02937
1834.28561,0.02985
1832.35682,0.03266
1830.42802,0.03605
1828.49922,0.03628
1826.57043,0.03506
1824.64163,0.03354
1822.71283,0.03064
1820.78404,0.02832
1818.85524,0.02780
1816.92644,0.02776
1814.99765,0.02799
1813.06885,0.02940
1811.14005,0.03077
1809.21126,0.03015
1807.28246,0.02856
1805.35366,0.02849
1803.42487,0.03087
1801.49607,0.03354
1799.56727,0.03365
1797.63848,0.03255
1795.70968,0.03378
1793.78088,0.03761
1791.85209,0.03887
1789.92329,0.03474
1787.99449,0.03114
1786.06570,0.03104
1784.13690,0.03205
1782.20810,0.03286
1780.27931,0.03298
1778.35051,0.03227
1776.42171,0.03336
1774.49292,0.03785
1772.56412,0.04195
1770.63532,0.04083
1768.70653,0.03653
1766.77773,0.03227
1764.84893,0.03077
1762.92014,0.03253
1760.99134,0.03345
1759.06254,0.03277
1757.13375,0.03228
1755.20495,0.03187
1753.27615,0.03434
1751.34736,0.04023
1749.41856,0.04307
1747.48976,0.04069
1745.56097,0.03797
1743.63217,0.03725
1741.70337,0.03773
1739.77458,0.03760
1737.84578,0.03788
1735.91698,0.04226
1733.98819,0.04688
1732.05939,0.04341
1730.13059,0.03691
1728.20180,0.03200
1726.27300,0.02967
1724.34420,0.02993
1722.41541,0.03184
1720.48661,0.03763
1718.55781,0.04720
1716.62902,0.05112
1714.70022,0.04553
1712.77142,0.03897
1710.84263,0.03663
1708.91383,0.03942
1706.98503,0.04582
1705.05624,0.05204
1703.12744,0.05871
1701.19864,0.06956
1699.26985,0.07877
1697.34105,0.08222
1695.41225,0.08353
1693.48346,0.08440
1691.55466,0.09019
1689.62586,0.10242
1687.69707,0.11809
1685.76827,0.13903
1683.83947,0.16067
1681.91068,0.16958
1679.98188,0.17460
1678.05308,0.18514
1676.12429,0.20100
1674.19549,0.21653
1672.26669,0.22925
1670.33790,0.24176
1668.40910,0.24922
1666.48030,0.25123
1664.55151,0.25580
1662.62271,0.26147
1660.69391,0.26257
1658.76512,0.26275
1656.83632,0.26853
1654.90752,0.28154
1652.97873,0.28944
1651.04993,0.28358
1649.12113,0.28316
1647.19234,0.28929
1645.26354,0.29073
1643.33474,0.29070
1641.40595,0.29792
1639.47715,0.31331
1637.54835,0.33582
1635.61956,0.35929
1633.69076,0.37245
1631.76197,0.38219
1629.83317,0.39729
1627.90437,0.41453
1625.97558,0.42868
1624.04678,0.43856
1622.11798,0.44179
1620.18919,0.44145
1618.26039,0.44267
1616.33159,0.44071
1614.40280,0.43360
1612.47400,0.42922
1610.54520,0.43000
1608.61641,0.43382
1606.68761,0.43918
1604.75881,0.44667
1602.83002,0.45615
1600.90122,0.46592
1598.97242,0.47485
1597.04363,0.48233
1595.11483,0.48677
1593.18603,0.48653
1591.25724,0.48176
1589.32844,0.47265
1587.39964,0.45955
1585.47085,0.44340
1583.54205,0.42496
1581.61325,0.40574
1579.68446,0.38912
1577.75566,0.37358
1575.82686,0.35042
1573.89807,0.32533
1571.96927,0.30807
1570.04047,0.29223
1568.11168,0.27275
1566.18288,0.25484
1564.25408,0.24188
1562.32529,0.23736
1560.39649,0.24091
1558.46769,0.23352
1556.53890,0.21133
1554.61010,0.19356
1552.68130,0.18171
1550.75251,0.17327
1548.82371,0.16622
1546.89491,0.16294
1544.96612,0.16550
1543.03732,0.17069
1541.10852,0.17221
1539.17973,0.16070
1537.25093,0.14610
1535.32213,0.14053
1533.39334,0.13800
1531.46454,0.13197
1529.53574,0.12814
1527.60695,0.12912
1525.67815,0.13085
1523.74935,0.13298
1521.82056,0.13439
1519.89176,0.13125
1517.96296,0.12653
1516.03417,0.12102
1514.10537,0.11528
1512.17657,0.11460
1510.24778,0.12182
1508.31898,0.13309
1506.39018,0.13200
1504.46139,0.11732
1502.53259,0.10953
1500.60379,0.11161
1498.67500,0.11823
1496.74620,0.12242
1494.81740,0.12305
1492.88861,0.12786
1490.95981,0.13995
1489.03101,0.15110
1487.10222,0.15489
1485.17342,0.15784
1483.24462,0.16543
1481.31583,0.17701
1479.38703,0.19073
1477.45823,0.20740
1475.52944,0.22694
1473.60064,0.24511
1471.67184,0.25493
1469.74305,0.25766
1467.81425,0.26277
1465.88545,0.27159
1463.95666,0.27687
1462.02786,0.27863
1460.09906,0.28414
1458.17027,0.29040
1456.24147,0.28181
1454.31267,0.26272
1452.38388,0.24692
1450.45508,0.23499
1448.52628,0.22332
1446.59749,0.20875
1444.66869,0.19353
1442.73989,0.18053
1440.81110,0.17097
1438.88230,0.16576
1436.95350,0.15984
1435.02471,0.14804
1433.09591,0.13684
1431.16711,0.12942
1429.23832,0.12219
1427.30952,0.11518
1425.38072,0.11078
1423.45193,0.10806
1421.52313,0.10741
1419.59433,0.10807
1417.66554,0.10330
1415.73674,0.09412
1413.80794,0.08749
1411.87915,0.08415
1409.95035,0.08192
1408.02155,0.08078
1406.09276,0.08083
1404.16396,0.07967
1402.23516,0.07818
1400.30637,0.07947
1398.37757,0.08187
1396.44877,0.08231
1394.51998,0.07947
1392.59118,0.07436
1390.66238,0.07173
1388.73359,0.07272
1386.80479,0.07242
1384.87599,0.06888
1382.94720,0.06596
1381.01840,0.06522
1379.08960,0.06548
1377.16081,0.06670
1375.23201,0.06822
1373.30321,0.06708
1371.37442,0.06382
1369.44562,0.06170
1367.51682,0.06097
1365.58803,0.06211
1363.65923,0.06487
1361.73043,0.06491
1359.80164,0.06143
1357.87284,0.05865
1355.94404,0.05780
1354.01525,0.05742
1352.08645,0.05703
1350.15765,0.05694
1348.22886,0.05690
1346.30006,0.05677
1344.37126,0.05732
1342.44247,0.05981
1340.51367,0.06334
1338.58487,0.06410
1336.65608,0.06133
1334.72728,0.05832
1332.79848,0.05678
1330.86969,0.05615
1328.94089,0.05570
1327.01209,0.05526
1325.08330,0.05491
1323.15450,0.05484
1321.22570,0.05533
1319.29691,0.05590
1317.36811,0.05570
1315.43931,0.05509
1313.51052,0.05457
1311.58172,0.05389
1309.65292,0.05323
1307.72413,0.05289
1305.79533,0.05269
1303.86653,0.05265
1301.93774,0.05283
1300.00894,0.05317
1298.08014,0.05358
1296.15135,0.05386
1294.22255,0.05393
1292.29375,0.05403
1290.36496,0.05433
1288.43616,0.05457
1286.50736,0.05440
1284.57857,0.05400
1282.64977,0.05376
1280.72097,0.05361
1278.79218,0.05333
1276.86338,0.05298
1274.93458,0.05286
1273.00579,0.05306
1271.07699,0.05319
1269.14820,0.05302
1267.21940,0.05280
1265.29060,0.05277
1263.36181,0.05293
1261.43301,0.05318
1259.50421,0.05328
1257.57542,0.05316
1255.64662,0.05312
1253.71782,0.05329
1251.78903,0.05363
1249.86023,0.05405
1247.93143,0.05448
1246.00264,0.05493
1244.07384,0.05536
1242.14504,0.05570
1240.21625,0.05589
1238.28745,0.05602
1236.35865,0.05612
1234.42986,0.05617
1232.50106,0.05623
1230.57226,0.05635
1228.64347,0.05646
1226.71467,0.05653
1224.78587,0.05656
1222.85708,0.05660
1220.92828,0.05677
1218.99948,0.05709
1217.07069,0.05747
1215.14189,0.05792
1213.21309,0.05847
1211.28430,0.05911
1209.35550,0.05982
1207.42670,0.06065
1205.49791,0.06163
1203.56911,0.06271
1201.64031,0.06387
1199.71152,0.06519
1197.78272,0.06668
1195.85392,0.06826
1193.92513,0.06992
1191.99633,0.07177
1190.06753,0.07388
1188.13874,0.07621
1186.20994,0.07860
1184.28114,0.08101
1182.35235,0.08368
1180.42355,0.08685
1178.49475,0.09053
1176.56596,0.09456
1174.63716,0.09879
1172.70836,0.10319
1170.77957,0.10778
1168.85077,0.11254
1166.92197,0.11732
1164.99318,0.12185
1163.06438,0.12586
1161.13558,0.12906
1159.20679,0.13118
1157.27799,0.13209
1155.34919,0.13176
1153.42040,0.13024
1151.49160,0.12776
1149.56280,0.12442
1147.63401,0.12037
1145.70521,0.11588
1143.77641,0.11117
1141.84762,0.10643
1139.91882,0.10184
1137.99002,0.09746
1136.06123,0.09331
1134.13243,0.08942
1132.20363,0.08584
1130.27484,0.08273
1128.34604,0.08003
1126.41724,0.07758
1124.48845,0.07537
1122.55965,0.07348
1120.63085,0.07196
1118.70206,0.07073
1116.77326,0.06964
1114.84446,0.06871
1112.91567,0.06802
1110.98687,0.06749
1109.05807,0.06712
1107.12928,0.06690
1105.20048,0.06679
1103.27168,0.06675
1101.34289,0.06675
1099.41409,0.06685
1097.48529,0.06702
1095.55650,0.06720
1093.62770,0.06741
1091.69890,0.06764
1089.77011,0.06790
1087.84131,0.06817
1085.91251,0.06831
1083.98372,0.06837
1082.05492,0.06846
1080.12612,0.06860
1078.19733,0.06877
1076.26853,0.06897
1074.33973,0.06922
1072.41094,0.06954
1070.48214,0.06985
1068.55334,0.07006
1066.62455,0.07019
1064.69575,0.07035
1062.76695,0.07045
1060.83816,0.07031
1058.90936,0.07002
1056.98056,0.06979
1055.05177,0.06955
1053.12297,0.06918
1051.19417,0.06872
1049.26538,0.06823
1047.33658,0.06773
1045.40778,0.06724
1043.47899,0.06668
1041.55019,0.06594
1039.62139,0.06507
1037.69260,0.06420
1035.76380,0.06336
1033.83500,0.06247
1031.90621,0.06158
1029.97741,0.06073
1028.04861,0.05987
1026.11982,0.05903
1024.19102,0.05836
1022.26222,0.05789
1020.33343,0.05744
1018.40463,0.05699
1016.47583,0.05672
1014.54704,0.05666
1012.61824,0.05669
1010.68944,0.05666
1008.76065,0.05647
1006.83185,0.05613
1004.90305,0.05570
1002.97426,0.05520
1001.04546,0.05474
999.11666,0.05438
997.18787,0.05407
995.25907,0.05371
993.33027,0.05328
991.40148,0.05285
989.47268,0.05245
987.54388,0.05189
985.61509,0.05119
983.68629,0.05050
981.75749,0.04986
979.82870,0.04916
977.89990,0.04836
975.97110,0.04757
974.04231,0.04691
972.11351,0.04635
970.18471,0.04589
968.25592,0.04562
966.32712,0.04556
964.39832,0.04557
962.46953,0.04554
960.54073,0.04541
958.61193,0.04517
956.68314,0.04489
954.75434,0.04467
952.82554,0.04463
950.89675,0.04469
948.96795,0.04456
947.03915,0.04422
945.11036,0.04384
943.18156,0.04342
941.25276,0.04286
939.32397,0.04220
937.39517,0.04151
935.46637,0.04078
933.53758,0.03999
931.60878,0.03917
929.67998,0.03842
927.75119,0.03782
925.82239,0.03730
923.89359,0.03663
921.96480,0.03581
920.03600,0.03510
918.10720,0.03463
916.17841,0.03433
914.24961,0.03409
912.32081,0.03395
910.39202,0.03390
908.46322,0.03382
906.53443,0.03360
904.60563,0.03338
902.67683,0.03328
900.74804,0.03326
898.81924,0.03314
896.89044,0.03280
894.96165,0.03232
893.03285,0.03177
891.10405,0.03113
889.17526,0.03038
887.24646,0.02952
885.31766,0.02853
883.38887,0.02753
881.46007,0.02665
879.53127,0.02588
877.60248,0.02519
875.67368,0.02457
873.74488,0.02403
871.81609,0.02361
869.88729,0.02328
867.95849,0.02295
866.02970,0.02272
864.10090,0.02271
862.17210,0.02279
860.24331,0.02280
858.31451,0.02277
856.38571,0.02277
854.45692,0.02287
852.52812,0.02302
850.59932,0.02302
848.67053,0.02283
846.74173,0.02264
844.81293,0.02245
842.88414,0.02207
840.95534,0.02158
839.02654,0.02120
837.09775,0.02085
835.16895,0.02035
833.24015,0.01983
831.31136,0.01941
829.38256,0.01900
827.45376,0.01860
825.52497,0.01832
823.59617,0.01835
821.66737,0.01859
819.73858,0.01880
817.80978,0.01901
815.88098,0.01939
813.95219,0.01992
812.02339,0.02046
810.09459,0.02110
808.16580,0.02191
806.23700,0.02270
804.30820,0.02349
802.37941,0.02447
800.45061,0.02558
798.52181,0.02669
796.59302,0.02777
794.66422,0.02869
792.73542,0.02932
790.80663,0.02982
788.87783,0.03036
786.94903,0.03081
785.02024,0.03097
783.09144,0.03059
781.16264,0.02967
779.23385,0.02841
777.30505,0.02700
775.37625,0.02560
773.44746,0.02452
771.51866,0.02390
769.58986,0.02349
767.66107,0.02326
765.73227,0.02346
763.80347,0.02385
761.87468,0.02401
759.94588,0.02406
758.01708,0.02434
756.08829,0.02475
754.15949,0.02514
752.23069,0.02573
750.30190,0.02620
748.37310,0.02595
