3496.90832,0.06835
3494.97953,0.06823
3493.05073,0.06621
3491.12193,0.06664
3489.19314,0.07034
3487.26434,0.07043
3485.33554,0.06380
3483.40675,0.06094
3481.47795,0.06737
3479.54915,0.07453
3477.62036,0.07707
3475.69156,0.07671
3473.76276,0.07382
3471.83397,0.06980
3469.90517,0.06926
3467.97637,0.07175
3466.04758,0.07191
3464.11878,0.06861
3462.18998,0.06485
3460.26119,0.06441
3458.33239,0.06522
3456.40359,0.06144
3454.47480,0.05511
3452.54600,0.05184
3450.61721,0.05367
3448.68841,0.05955
3446.75961,0.06535
3444.83082,0.06843
3442.90202,0.06840
3440.97322,0.06351
3439.04443,0.05412
3437.11563,0.04330
3435.18683,0.03750
3433.25804,0.04327
3431.32924,0.05257
3429.40044,0.05560
3427.47165,0.05726
3425.54285,0.05939
3423.61405,0.06058
3421.68526,0.05967
3419.75646,0.05447
3417.82766,0.05125
3415.89887,0.05135
3413.97007,0.04754
3412.04127,0.03992
3410.11248,0.03651
3408.18368,0.04271
3406.25488,0.05107
3404.32609,0.04996
3402.39729,0.04460
3400.46849,0.04690
3398.53970,0.05060
3396.61090,0.04399
3394.68210,0.03592
3392.75331,0.03896
3390.82451,0.05064
3388.89571,0.06095
3386.96692,0.06107
3385.03812,0.05679
3383.10932,0.05917
3381.18053,0.06609
3379.25173,0.06883
3377.32293,0.06476
3375.39414,0.05687
3373.46534,0.04985
3371.53654,0.04747
3369.60775,0.05081
3367.67895,0.06019
3365.75015,0.06870
3363.82136,0.06598
3361.89256,0.05727
3359.96376,0.05292
3358.03497,0.05436
3356.10617,0.06044
3354.17737,0.06477
3352.24858,0.06113
3350.31978,0.05510
3348.39098,0.05519
3346.46219,0.05883
3344.53339,0.05945
3342.60459,0.05699
3340.67580,0.05337
3338.74700,0.05112
3336.81820,0.05307
3334.88941,0.05563
3332.96061,0.05300
3331.03181,0.04864
3329.10302,0.04787
3327.17422,0.04780
3325.24542,0.04651
3323.31663,0.04554
3321.38783,0.04590
3319.45903,0.05139
3317.53024,0.05763
3315.60144,0.05293
3313.67264,0.04364
3311.74385,0.04142
3309.81505,0.04120
3307.88625,0.04015
3305.95746,0.03999
3304.02866,0.03729
3302.09986,0.03470
3300.17107,0.03515
3298.24227,0.03434
3296.31347,0.03354
3294.38468,0.03601
3292.45588,0.03707
3290.52708,0.03394
3288.59829,0.03066
3286.66949,0.02912
3284.74069,0.02898
3282.81190,0.03158
3280.88310,0.03607
3278.95430,0.04143
3277.02551,0.04614
3275.09671,0.04589
3273.16791,0.04279
3271.23912,0.04186
3269.31032,0.04148
3267.38152,0.04063
3265.45273,0.03903
3263.52393,0.03726
3261.59513,0.03804
3259.66634,0.04066
3257.73754,0.04335
3255.80874,0.04543
3253.87995,0.04393
3251.95115,0.03955
3250.02235,0.03785
3248.09356,0.03801
3246.16476,0.03591
3244.23596,0.03450
3242.30717,0.03525
3240.37837,0.03485
3238.44957,0.03649
3236.52078,0.04236
3234.59198,0.04924
3232.66318,0.05461
3230.73439,0.05467
3228.80559,0.04937
3226.87679,0.04210
3224.94800,0.03438
3223.01920,0.03309
3221.09040,0.04186
3219.16161,0.05172
3217.23281,0.05534
3215.30401,0.05517
3213.37522,0.05419
3211.44642,0.05365
3209.51762,0.05565
3207.58883,0.05759
3205.66003,0.05668
3203.73123,0.05545
3201.80244,0.05520
3199.87364,0.05437
3197.94484,0.05224
3196.01605,0.05045
3194.08725,0.05040
3192.15845,0.05136
3190.22966,0.05380
3188.30086,0.05589
3186.37206,0.05266
3184.44327,0.04684
3182.51447,0.04462
3180.58567,0.04641
3178.65688,0.05089
3176.72808,0.05304
3174.79928,0.04959
3172.87049,0.04667
3170.94169,0.04575
3169.01289,0.04207
3167.08410,0.03882
3165.15530,0.04079
3163.22650,0.04338
3161.29771,0.04218
3159.36891,0.03939
3157.44011,0.03753
3155.51132,0.03786
3153.58252,0.03920
3151.65372,0.03849
3149.72493,0.03613
3147.79613,0.03557
3145.86733,0.03766
3143.93854,0.03921
3142.00974,0.03953
3140.08094,0.03994
3138.15215,0.03934
3136.22335,0.03803
3134.29455,0.03804
3132.36576,0.03983
3130.43696,0.04181
3128.50816,0.04106
3126.57937,0.03818
3124.65057,0.03720
3122.72177,0.03907
3120.79298,0.04113
3118.86418,0.04140
3116.93538,0.04041
3115.00659,0.03863
3113.07779,0.03708
3111.14899,0.03730
3109.22020,0.03726
3107.29140,0.03668
3105.36260,0.03777
3103.43381,0.03798
3101.50501,0.03619
3099.57621,0.03544
3097.64742,0.03533
3095.71862,0.03472
3093.78982,0.03503
3091.86103,0.03590
3089.93223,0.03591
3088.00344,0.03557
3086.07464,0.03583
3084.14584,0.03651
3082.21705,0.03680
3080.28825,0.03619
3078.35945,0.03538
3076.43066,0.03480
3074.50186,0.03407
3072.57306,0.03397
3070.64427,0.03499
3068.71547,0.03571
3066.78667,0.03581
3064.85788,0.03619
3062.92908,0.03687
3061.00028,0.03730
3059.07149,0.03719
3057.14269,0.03690
3055.21389,0.03722
3053.28510,0.03790
3051.35630,0.03797
3049.42750,0.03714
3047.49871,0.03624
3045.56991,0.03605
3043.64111,0.03650
3041.71232,0.03703
3039.78352,0.03719
3037.85472,0.03710
3035.92593,0.03775
3033.99713,0.03897
3032.06833,0.03940
3030.13954,0.03928
3028.21074,0.03951
3026.28194,0.03958
3024.35315,0.03914
3022.42435,0.03904
3020.49555,0.03932
3018.56676,0.03929
3016.63796,0.03920
3014.70916,0.03941
3012.78037,0.03991
3010.85157,0.04079
3008.92277,0.04165
3006.99398,0.04188
3005.06518,0.04134
3003.13638,0.04019
3001.20759,0.03901
2999.27879,0.03842
2997.34999,0.03843
2995.42120,0.03913
2993.49240,0.04028
2991.56360,0.04101
2989.63481,0.04149
2987.70601,0.04179
2985.77721,0.04127
2983.84842,0.04079
2981.91962,0.04135
2979.99082,0.04213
2978.06203,0.04235
2976.13323,0.04233
2974.20443,0.04208
2972.27564,0.04182
2970.34684,0.04222
2968.41804,0.04299
2966.48925,0.04341
2964.56045,0.04340
2962.63165,0.04335
2960.70286,0.04357
2958.77406,0.04405
2956.84526,0.04487
2954.91647,0.04565
2952.98767,0.04567
2951.05887,0.04531
2949.13008,0.04564
2947.20128,0.04648
2945.27248,0.04688
2943.34369,0.04673
2941.41489,0.04647
2939.48609,0.04649
2937.55730,0.04688
2935.62850,0.04762
2933.69970,0.04836
2931.77091,0.04869
2929.84211,0.04883
2927.91331,0.04914
2925.98452,0.04949
2924.05572,0.04998
2922.12692,0.05072
2920.19813,0.05117
2918.26933,0.05085
2916.34053,0.05010
2914.41174,0.04939
2912.48294,0.04876
2910.55414,0.04820
2908.62535,0.04759
2906.69655,0.04692
2904.76775,0.04638
2902.83896,0.04609
2900.91016,0.04618
2898.98136,0.04657
2897.05257,0.04688
2895.12377,0.04685
2893.19497,0.04666
2891.26618,0.04662
2889.33738,0.04662
2887.40858,0.04638
2885.47979,0.04595
2883.55099,0.04583
2881.62219,0.04630
2879.69340,0.04668
2877.76460,0.04650
2875.83580,0.04636
2873.90701,0.04661
2871.97821,0.04696
2870.04941,0.04718
2868.12062,0.04717
2866.19182,0.04706
2864.26302,0.04723
2862.33423,0.04779
2860.40543,0.04842
2858.47663,0.04891
2856.54784,0.04927
2854.61904,0.04959
2852.69024,0.04977
2850.76145,0.04964
2848.83265,0.04935
2846.90385,0.04911
2844.97506,0.04896
2843.04626,0.04888
2841.11746,0.04876
2839.18867,0.04853
2837.25987,0.04827
2835.33107,0.04805
2833.40228,0.04790
2831.47348,0.04777
2829.54468,0.04768
2827.61589,0.04771
2825.68709,0.04779
2823.75829,0.04794
2821.82950,0.04818
2819.90070,0.04831
2817.97190,0.04818
2816.04311,0.04792
2814.11431,0.04767
2812.18551,0.04746
2810.25672,0.04726
2808.32792,0.04701
2806.39912,0.04691
2804.47033,0.04715
2802.54153,0.04741
2800.61273,0.04747
2798.68394,0.04743
2796.75514,0.04724
2794.82634,0.04691
2792.89755,0.04667
2790.96875,0.04658
2789.03995,0.04647
2787.11116,0.04634
2785.18236,0.04625
2783.25356,0.04623
2781.32477,0.04616
2779.39597,0.04582
2777.46717,0.04533
2775.53838,0.04490
2773.60958,0.04456
2771.68078,0.04445
2769.75199,0.04460
2767.82319,0.04477
2765.89439,0.04471
2763.96560,0.04443
2762.03680,0.04425
2760.10800,0.04434
2758.17921,0.04440
2756.25041,0.04430
2754.32161,0.04422
2752.39282,0.04414
2750.46402,0.04403
2748.53522,0.04395
2746.60643,0.04404
2744.67763,0.04422
2742.74883,0.04434
2740.82004,0.04429
2738.89124,0.04407
2736.96244,0.04390
2735.03365,0.04391
2733.10485,0.04391
2731.17605,0.04382
2729.24726,0.04381
2727.31846,0.04393
2725.38967,0.04397
2723.46087,0.04376
2721.53207,0.04351
2719.60328,0.04351
2717.67448,0.04363
2715.74568,0.04372
2713.81689,0.04382
2711.88809,0.04388
2709.95929,0.04374
2708.03050,0.04349
2706.10170,0.04343
2704.17290,0.04360
2702.24411,0.04378
2700.31531,0.04379
2698.38651,0.04373
2696.45772,0.04370
2694.52892,0.04370
2692.60012,0.04377
2690.67133,0.04382
2688.74253,0.04370
2686.81373,0.04360
2684.88494,0.04372
2682.95614,0.04389
2681.02734,0.04398
2679.09855,0.04409
2677.16975,0.04406
2675.24095,0.04380
2673.31216,0.04354
2671.38336,0.04336
2669.45456,0.04331
2667.52577,0.04339
2665.59697,0.04342
2663.66817,0.04338
2661.73938,0.04329
2659.81058,0.04320
2657.88178,0.04318
2655.95299,0.04321
2654.02419,0.04329
2652.09539,0.04350
2650.16660,0.04364
2648.23780,0.04357
2646.30900,0.04354
2644.38021,0.04365
2642.45141,0.04383
2640.52261,0.04395
2638.59382,0.04394
2636.66502,0.04398
2634.73622,0.04409
2632.80743,0.04417
2630.87863,0.04435
2628.94983,0.04450
2627.02104,0.04440
2625.09224,0.04429
2623.16344,0.04439
2621.23465,0.04448
2619.30585,0.04447
2617.37705,0.04448
2615.44826,0.04443
2613.51946,0.04425
2611.59066,0.04412
2609.66187,0.04420
2607.73307,0.04438
2605.80427,0.04461
2603.87548,0.04491
2601.94668,0.04502
2600.01788,0.04483
2598.08909,0.04483
2596.16029,0.04517
2594.23149,0.04531
2592.30270,0.04525
2590.37390,0.04538
2588.44510,0.04545
2586.51631,0.04500
2584.58751,0.04450
2582.65871,0.04448
2580.72992,0.04445
2578.80112,0.04419
2576.87232,0.04433
2574.94353,0.04477
2573.01473,0.04482
2571.08593,0.04476
2569.15714,0.04496
2567.22834,0.04503
2565.29954,0.04465
2563.37075,0.04400
2561.44195,0.04339
2559.51315,0.04317
2557.58436,0.04341
2555.65556,0.04370
2553.72676,0.04377
2551.79797,0.04382
2549.86917,0.04409
2547.94037,0.04440
2546.01158,0.04450
2544.08278,0.04452
2542.15398,0.04453
2540.22519,0.04445
2538.29639,0.04440
2536.36759,0.04444
2534.43880,0.04432
2532.51000,0.04397
2530.58120,0.04359
2528.65241,0.04347
2526.72361,0.04358
2524.79481,0.04354
2522.86602,0.04315
2520.93722,0.04272
2519.00842,0.04266
2517.07963,0.04297
2515.15083,0.04336
2513.22203,0.04357
2511.29324,0.04335
2509.36444,0.04278
2507.43564,0.04258
2505.50685,0.04303
2503.57805,0.04331
2501.64925,0.04310
2499.72046,0.04299
2497.79166,0.04310
2495.86286,0.04320
2493.93407,0.04339
2492.00527,0.04350
2490.07647,0.04329
2488.14768,0.04293
2486.21888,0.04275
2484.29008,0.04289
2482.36129,0.04301
2480.43249,0.04295
2478.50369,0.04291
2476.57490,0.04301
2474.64610,0.04303
2472.71730,0.04268
2470.78851,0.04216
2468.85971,0.04189
2466.93091,0.04200
2465.00212,0.04236
2463.07332,0.04271
2461.14452,0.04286
2459.21573,0.04295
2457.28693,0.04296
2455.35813,0.04256
2453.42934,0.04202
2451.50054,0.04188
2449.57174,0.04190
2447.64295,0.04168
2445.71415,0.04139
2443.78535,0.04136
2441.85656,0.04153
2439.92776,0.04160
2437.99896,0.04136
2436.07017,0.04098
2434.14137,0.04078
2432.21257,0.04069
2430.28378,0.04065
2428.35498,0.04069
2426.42618,0.04072
2424.49739,0.04077
2422.56859,0.04069
2420.63979,0.04022
2418.71100,0.03957
2416.78220,0.03921
2414.85340,0.03933
2412.92461,0.03937
2410.99581,0.03891
2409.06701,0.03857
2407.13822,0.03867
2405.20942,0.03865
2403.28062,0.03845
2401.35183,0.03828
2399.42303,0.03791
2397.49423,0.03749
2395.56544,0.03736
2393.63664,0.03755
2391.70784,0.03793
2389.77905,0.03847
2387.85025,0.03981
2385.92145,0.04315
2383.99266,0.04926
2382.06386,0.05803
2380.13506,0.06879
2378.20627,0.08052
2376.27747,0.09247
2374.34867,0.10461
2372.41988,0.11712
2370.49108,0.12944
2368.56228,0.14092
2366.63349,0.15149
2364.70469,0.16047
2362.77589,0.16644
2360.84710,0.16854
2358.91830,0.16631
2356.98951,0.15951
2355.06071,0.14811
2353.13191,0.13278
2351.20312,0.11745
2349.27432,0.10957
2347.34552,0.11342
2345.41673,0.12454
2343.48793,0.13196
2341.55913,0.13248
2339.63034,0.13047
2337.70154,0.12798
2335.77274,0.12581
2333.84395,0.12516
2331.91515,0.12553
2329.98635,0.12419
2328.05756,0.12046
2326.12876,0.11689
2324.19996,0.11476
2322.27117,0.11201
2320.34237,0.10627
2318.41357,0.09836
2316.48478,0.09135
2314.55598,0.08705
2312.62718,0.08420
2310.69839,0.08073
2308.76959,0.07624
2306.84079,0.07109
2304.91200,0.06584
2302.98320,0.06154
2301.05440,0.05834
2299.12561,0.05553
2297.19681,0.05290
2295.26801,0.05057
2293.33922,0.04843
2291.41042,0.04647
2289.48162,0.04479
2287.55283,0.04347
2285.62403,0.04253
2283.69523,0.04207
2281.76644,0.04209
2279.83764,0.04242
2277.90884,0.04296
2275.98005,0.04359
2274.05125,0.04407
2272.12245,0.04460
2270.19366,0.04571
2268.26486,0.04679
2266.33606,0.04689
2264.40727,0.04618
2262.47847,0.04536
2260.54967,0.04514
2258.62088,0.04572
2256.69208,0.04655
2254.76328,0.04711
2252.83449,0.04693
2250.90569,0.04617
2248.97689,0.04552
2247.04810,0.04516
2245.11930,0.04552
2243.19050,0.04667
2241.26171,0.04749
2239.33291,0.04748
2237.40411,0.04728
2235.47532,0.04748
2233.54652,0.04776
2231.61772,0.04761
2229.68893,0.04770
2227.76013,0.04826
2225.83133,0.04876
2223.90254,0.04953
2221.97374,0.05035
2220.04494,0.05079
2218.11615,0.05150
2216.18735,0.05217
2214.25855,0.05192
2212.32976,0.05160
2210.40096,0.05277
2208.47216,0.05515
2206.54337,0.05637
2204.61457,0.05552
2202.68577,0.05420
2200.75698,0.05376
2198.82818,0.05451
2196.89938,0.05582
2194.97059,0.05653
2193.04179,0.05619
2191.11299,0.05567
2189.18420,0.05614
2187.25540,0.05701
2185.32660,0.05710
2183.39781,0.05725
2181.46901,0.05855
2179.54021,0.06023
2177.61142,0.06071
2175.68262,0.05964
2173.75382,0.05848
2171.82503,0.05898
2169.89623,0.06090
2167.96743,0.06215
2166.03864,0.06209
2164.10984,0.06262
2162.18104,0.06574
2160.25225,0.07091
2158.32345,0.07405
2156.39465,0.07127
2154.46586,0.06455
2152.53706,0.05872
2150.60826,0.05508
2148.67947,0.05210
2146.75067,0.04927
2144.82187,0.04740
2142.89308,0.04641
2140.96428,0.04495
2139.03548,0.04333
2137.10669,0.04249
2135.17789,0.04177
2133.24909,0.04047
2131.32030,0.03921
2129.39150,0.03853
2127.46270,0.03791
2125.53391,0.03696
2123.60511,0.03584
2121.67631,0.03464
2119.74752,0.03363
2117.81872,0.03328
2115.88992,0.03345
2113.96113,0.03366
2112.03233,0.03388
2110.10353,0.03427
2108.17474,0.03468
2106.24594,0.03500
2104.31714,0.03527
2102.38835,0.03565
2100.45955,0.03594
2098.53075,0.03560
2096.60196,0.03457
2094.67316,0.03338
2092.74436,0.03255
2090.81557,0.03229
2088.88677,0.03261
2086.95797,0.03346
2085.02918,0.03443
2083.10038,0.03500
2081.17158,0.03537
2079.24279,0.03579
2077.31399,0.03590
2075.38519,0.03556
2073.45640,0.03528
2071.52760,0.03548
2069.59880,0.03608
2067.67001,0.03685
2065.74121,0.03738
2063.81241,0.03738
2061.88362,0.03697
2059.95482,0.03648
2058.02602,0.03658
2056.09723,0.03712
2054.16843,0.03722
2052.23963,0.03732
2050.31084,0.03868
2048.38204,0.04094
2046.45324,0.04250
2044.52445,0.04351
2042.59565,0.04435
2040.66685,0.04461
2038.73806,0.04443
2036.80926,0.04381
2034.88046,0.04385
2032.95167,0.04581
2031.02287,0.04801
2029.09407,0.04882
2027.16528,0.04866
2025.23648,0.04771
2023.30768,0.04631
2021.37889,0.04548
2019.45009,0.04605
2017.52129,0.04768
2015.59250,0.04842
2013.66370,0.04767
2011.73490,0.04672
2009.80611,0.04536
2007.87731,0.04263
2005.94851,0.03955
2004.01972,0.03773
2002.09092,0.03787
2000.16212,0.03940
1998.23333,0.04036
1996.30453,0.03979
1994.37574,0.03914
1992.44694,0.03913
1990.51814,0.03870
1988.58935,0.03800
1986.66055,0.03806
1984.73175,0.03855
1982.80296,0.03957
1980.87416,0.04186
1978.94536,0.04344
1977.01657,0.04192
1975.08777,0.03931
1973.15897,0.03775
1971.23018,0.03706
1969.30138,0.03750
1967.37258,0.03883
1965.44379,0.03910
1963.51499,0.03722
1961.58619,0.03466
1959.65740,0.03309
1957.72860,0.03281
1955.79980,0.03288
1953.87101,0.03222
1951.94221,0.03133
1950.01341,0.03092
1948.08462,0.03086
1946.15582,0.03163
1944.22702,0.03337
1942.29823,0.03390
1940.36943,0.03199
1938.44063,0.02945
1936.51184,0.02802
1934.58304,0.02801
1932.65424,0.02827
1930.72545,0.02804
1928.79665,0.02791
1926.86785,0.02850
1924.93906,0.03006
1923.01026,0.03138
1921.08146,0.03159
1919.15267,0.03159
1917.22387,0.03069
1915.29507,0.02865
1913.36628,0.02775
1911.43748,0.02855
1909.50868,0.02905
1907.57989,0.02814
1905.65109,0.02684
1903.72229,0.02610
1901.79350,0.02579
1899.86470,0.02584
1897.93590,0.02641
1896.00711,0.02712
1894.07831,0.02751
1892.14951,0.02835
1890.22072,0.02945
1888.29192,0.02898
1886.36312,0.02761
1884.43433,0.02700
1882.50553,0.02693
1880.57673,0.02693
1878.64794,0.02680
1876.71914,0.02657
1874.79034,0.02657
1872.86155,0.02798
1870.93275,0.03168
1869.00395,0.03464
1867.07516,0.03285
1865.14636,0.02882
1863.21756,0.02652
1861.28877,0.02595
1859.35997,0.02579
1857.43117,0.02541
1855.50238,0.02488
1853.57358,0.02463
1851.64478,0.02509
1849.71599,0.02661
1847.78719,0.02936
1845.85839,0.03279
1843.92960,0.03341
1842.00080,0.02997
1840.07200,0.02720
1838.14321,0.02682
1836.21441,0.02695
1834.28561,0.02749
1832.35682,0.03018
1830.42802,0.03331
1828.49922,0.03355
1826.57043,0.03251
1824.64163,0.03108
1822.71283,0.02832
1820.78404,0.02620
1818.85524,0.02583
1816.92644,0.02589
1814.99765,0.02609
1813.06885,0.02733
1811.14005,0.02853
1809.21126,0.02797
1807.28246,0.02655
1805.35366,0.02656
1803.42487,0.02878
1801.49607,0.03117
1799.56727,0.03110
1797.63848,0.02990
1795.70968,0.03095
1793.78088,0.03452
1791.85209,0.03565
1789.92329,0.03170
1787.99449,0.02832
1786.06570,0.02828
1784.13690,0.02931
1782.20810,0.03014
1780.27931,0.03034
1778.35051,0.02979
1776.42171,0.03090
1774.49292,0.03515
1772.56412,0.03903
1770.63532,0.03799
1768.70653,0.03396
1766.77773,0.03002
1764.84893,0.02870
1762.92014,0.03038
1760.99134,0.03122
1759.06254,0.03056
1757.13375,0.03004
1755.20495,0.02957
1753.27615,0.03178
1751.34736,0.03714
1749.41856,0.03963
1747.48976,0.03730
1745.56097,0.03471
1743.63217,0.03404
1741.70337,0.03453
1739.77458,0.03443
1737.84578,0.03470
1735.91698,0.03884
1733.98819,0.04321
1732.05939,0.04002
1730.13059,0.03403
1728.20180,0.02955
1726.27300,0.02744
1724.34420,0.02771
1722.41541,0.02957
1720.48661,0.03515
1718.55781,0.04424
1716.62902,0.04796
1714.70022,0.04282
1712.77142,0.03675
1710.84263,0.03460
1708.91383,0.03728
1706.98503,0.04339
1705.05624,0.04936
1703.12744,0.05578
1701.19864,0.06612
1699.26985,0.07500
1697.34105,0.07865
1695.41225,0.08051
1693.48346,0.08201
1691.55466,0.08811
1689.62586,0.10036
1687.69707,0.11594
1685.76827,0.13660
1683.83947,0.15802
1681.91068,0.16731
1679.98188,0.17288
1678.05308,0.18378
1676.12429,0.19980
1674.19549,0.21554
1672.26669,0.22845
1670.33790,0.24101
1668.40910,0.24866
1666.48030,0.25103
1664.55151,0.25579
1662.62271,0.26153
1660.69391,0.26274
1658.76512,0.26297
1656.83632,0.26852
1654.90752,0.28089
1652.97873,0.28823
1651.04993,0.28249
1649.12113,0.28198
1647.19234,0.28783
1645.26354,0.28956
1643.33474,0.29014
1641.40595,0.29766
1639.47715,0.31291
1637.54835,0.33504
1635.61956,0.35854
1633.69076,0.37247
1631.76197,0.38286
1629.83317,0.39821
1627.90437,0.41563
1625.97558,0.42993
1624.04678,0.43997
1622.11798,0.44365
1620.18919,0.44367
1618.26039,0.44485
1616.33159,0.44286
1614.40280,0.43590
1612.47400,0.43153
1610.54520,0.43224
1608.61641,0.43612
1606.68761,0.44166
1604.75881,0.44930
1602.83002,0.45881
1600.90122,0.46853
1598.97242,0.47742
1597.04363,0.48497
1595.11483,0.48959
1593.18603,0.48952
1591.25724,0.48482
1589.32844,0.47584
1587.39964,0.46287
1585.47085,0.44682
1583.54205,0.42839
1581.61325,0.40904
1579.68446,0.39210
1577.75566,0.37618
1575.82686,0.35291
1573.89807,0.32789
1571.96927,0.31038
1570.04047,0.29406
1568.11168,0.27434
1566.18288,0.25637
1564.25408,0.24321
1562.32529,0.23815
1560.39649,0.24056
1558.46769,0.23219
1556.53890,0.21019
1554.61010,0.19274
1552.68130,0.18093
1550.75251,0.17242
1548.82371,0.16532
1546.89491,0.16182
1544.96612,0.16380
1543.03732,0.16831
1541.10852,0.16945
1539.17973,0.15833
1537.25093,0.14435
1535.32213,0.13891
1533.39334,0.13632
1531.46454,0.13046
1529.53574,0.12672
1527.60695,0.12752
1525.67815,0.12903
1523.74935,0.13088
1521.82056,0.13202
1519.89176,0.12889
1517.96296,0.12430
1516.03417,0.11893
1514.10537,0.11335
1512.17657,0.11256
1510.24778,0.11921
1508.31898,0.12970
1506.39018,0.12867
1504.46139,0.11493
1502.53259,0.10768
1500.60379,0.10974
1498.67500,0.11611
1496.74620,0.12030
1494.81740,0.12121
1492.88861,0.12608
1490.95981,0.13787
1489.03101,0.14897
1487.10222,0.15331
1485.17342,0.15690
1483.24462,0.16487
1481.31583,0.17668
1479.38703,0.19053
1477.45823,0.20713
1475.52944,0.22645
1473.60064,0.24458
1471.67184,0.25487
1469.74305,0.25828
1467.81425,0.26368
1465.88545,0.27245
1463.95666,0.27775
1462.02786,0.27956
1460.09906,0.28471
1458.17027,0.29035
1456.24147,0.28169
1454.31267,0.26300
1452.38388,0.24739
1450.45508,0.23536
1448.52628,0.22347
1446.59749,0.20881
1444.66869,0.19360
1442.73989,0.18055
1440.81110,0.17080
1438.88230,0.16519
1436.95350,0.15885
1435.02471,0.14705
1433.09591,0.13599
1431.16711,0.12860
1429.23832,0.12138
1427.30952,0.11438
1425.38072,0.10985
1423.45193,0.10698
1421.52313,0.10611
1419.59433,0.10639
1417.66554,0.10157
1415.73674,0.09274
1413.80794,0.08631
1411.87915,0.08291
1409.95035,0.08055
1408.02155,0.07924
1406.09276,0.07907
1404.16396,0.07781
1402.23516,0.07628
1400.30637,0.07736
1398.37757,0.07948
1396.44877,0.07981
1394.51998,0.07710
1392.59118,0.07228
1390.66238,0.06980
1388.73359,0.07071
1386.80479,0.07042
1384.87599,0.06713
1382.94720,0.06442
1381.01840,0.06373
1379.08960,0.06395
1377.16081,0.06504
1375.23201,0.06641
1373.30321,0.06530
1371.37442,0.06222
1369.44562,0.06021
1367.51682,0.05949
1365.58803,0.06044
1363.65923,0.06284
1361.73043,0.06271
1359.80164,0.05937
1357.87284,0.05672
1355.94404,0.05586
1354.01525,0.05548
1352.08645,0.05513
1350.15765,0.05504
1348.22886,0.05499
1346.30006,0.05486
1344.37126,0.05537
1342.44247,0.05769
1340.51367,0.06096
1338.58487,0.06171
1336.65608,0.05925
1334.72728,0.05659
1332.79848,0.05522
1330.86969,0.05465
1328.94089,0.05425
1327.01209,0.05385
1325.08330,0.05350
1323.15450,0.05339
1321.22570,0.05378
1319.29691,0.05421
1317.36811,0.05392
1315.43931,0.05324
1313.51052,0.05265
1311.58172,0.05192
1309.65292,0.05126
1307.72413,0.05091
1305.79533,0.05069
1303.86653,0.05064
1301.93774,0.05082
1300.00894,0.05115
1298.08014,0.05155
1296.15135,0.05184
1294.22255,0.05196
1292.29375,0.05212
1290.36496,0.05247
1288.43616,0.05276
1286.50736,0.05266
1284.57857,0.05234
1282.64977,0.05216
1280.72097,0.05206
1278.79218,0.05182
1276.86338,0.05149
1274.93458,0.05136
1273.00579,0.05151
1271.07699,0.05160
1269.14820,0.05137
1267.21940,0.05110
1265.29060,0.05103
1263.36181,0.05112
1261.43301,0.05128
1259.50421,0.05129
1257.57542,0.05113
1255.64662,0.05107
1253.71782,0.05124
1251.78903,0.05158
1249.86023,0.05201
1247.93143,0.05247
1246.00264,0.05295
1244.07384,0.05343
1242.14504,0.05382
1240.21625,0.05406
1238.28745,0.05424
1236.35865,0.05440
1234.42986,0.05451
1232.50106,0.05464
1230.57226,0.05482
1228.64347,0.05498
1226.71467,0.05506
1224.78587,0.05506
1222.85708,0.05508
1220.92828,0.05522
1218.99948,0.05549
1217.07069,0.05582
1215.14189,0.05619
1213.21309,0.05662
1211.28430,0.05718
1209.35550,0.05786
1207.42670,0.05868
1205.49791,0.05967
1203.56911,0.06076
1201.64031,0.06194
1199.71152,0.06328
1197.78272,0.06481
1195.85392,0.06647
1193.92513,0.06823
1191.99633,0.07018
1190.06753,0.07239
1188.13874,0.07481
1186.20994,0.07728
1184.28114,0.07977
1182.35235,0.08253
1180.42355,0.08579
1178.49475,0.08952
1176.56596,0.09358
1174.63716,0.09785
1172.70836,0.10227
1170.77957,0.10687
1168.85077,0.11164
1166.92197,0.11638
1164.99318,0.12085
1163.06438,0.12482
1161.13558,0.12801
1159.20679,0.13014
1157.27799,0.13107
1155.34919,0.13072
1153.42040,0.12917
1151.49160,0.12667
1149.56280,0.12332
1147.63401,0.11926
1145.70521,0.11475
1143.77641,0.11007
1141.84762,0.10541
1139.91882,0.10087
1137.99002,0.09647
1136.06123,0.09228
1134.13243,0.08837
1132.20363,0.08482
1130.27484,0.08168
1128.34604,0.07890
1126.41724,0.07638
1124.48845,0.07412
1122.55965,0.07216
1120.63085,0.07054
1118.70206,0.06918
1116.77326,0.06797
1114.84446,0.06695
1112.91567,0.06619
1110.98687,0.06561
1109.05807,0.06519
1107.12928,0.06494
1105.20048,0.06485
1103.27168,0.06484
1101.34289,0.06489
1099.41409,0.06501
1097.48529,0.06518
1095.55650,0.06540
1093.62770,0.06566
1091.69890,0.06597
1089.77011,0.06630
1087.84131,0.06662
1085.91251,0.06681
1083.98372,0.06695
1082.05492,0.06711
1080.12612,0.06727
1078.19733,0.06742
1076.26853,0.06759
1074.33973,0.06779
1072.41094,0.06804
1070.48214,0.06827
1068.55334,0.06839
1066.62455,0.06844
1064.69575,0.06852
1062.76695,0.06856
1060.83816,0.06838
1058.90936,0.06809
1056.98056,0.06786
1055.05177,0.06763
1053.12297,0.06729
1051.19417,0.06686
1049.26538,0.06642
1047.33658,0.06599
1045.40778,0.06557
1043.47899,0.06503
1041.55019,0.06431
1039.62139,0.06349
1037.69260,0.06269
1035.76380,0.06188
1033.83500,0.06098
1031.90621,0.06007
1029.97741,0.05922
1028.04861,0.05833
1026.11982,0.05742
1024.19102,0.05665
1022.26222,0.05608
1020.33343,0.05555
1018.40463,0.05503
1016.47583,0.05470
1014.54704,0.05456
1012.61824,0.05452
1010.68944,0.05444
1008.76065,0.05425
1006.83185,0.05393
1004.90305,0.05350
1002.97426,0.05302
1001.04546,0.05260
999.11666,0.05228
997.18787,0.05204
995.25907,0.05175
993.33027,0.05138
991.40148,0.05100
989.47268,0.05062
987.54388,0.05011
985.61509,0.04945
983.68629,0.04878
981.75749,0.04812
979.82870,0.04735
977.89990,0.04647
975.97110,0.04563
974.04231,0.04490
972.11351,0.04426
970.18471,0.04372
968.25592,0.04339
966.32712,0.04326
964.39832,0.04321
962.46953,0.04315
960.54073,0.04302
958.61193,0.04280
956.68314,0.04253
954.75434,0.04233
952.82554,0.04234
950.89675,0.04246
948.96795,0.04242
947.03915,0.04217
945.11036,0.04183
943.18156,0.04143
941.25276,0.04089
939.32397,0.04026
937.39517,0.03960
935.46637,0.03888
933.53758,0.03811
931.60878,0.03728
929.67998,0.03648
927.75119,0.03581
925.82239,0.03520
923.89359,0.03443
921.96480,0.03352
920.03600,0.03272
918.10720,0.03217
916.17841,0.03179
914.24961,0.03151
912.32081,0.03134
910.39202,0.03131
908.46322,0.03124
906.53443,0.03103
904.60563,0.03083
902.67683,0.03081
900.74804,0.03087
898.81924,0.03079
896.89044,0.03049
894.96165,0.03004
893.03285,0.02952
891.10405,0.02887
889.17526,0.02812
887.24646,0.02728
885.31766,0.02631
883.38887,0.02529
881.46007,0.02436
879.53127,0.02351
877.60248,0.02273
875.67368,0.02204
873.74488,0.02142
871.81609,0.02088
869.88729,0.02041
867.95849,0.01997
866.02970,0.01969
864.10090,0.01970
862.17210,0.01980
860.24331,0.01983
858.31451,0.01982
856.38571,0.01985
854.45692,0.01996
852.52812,0.02012
850.59932,0.02016
848.67053,0.02006
846.74173,0.01993
844.81293,0.01979
842.88414,0.01949
840.95534,0.01906
839.02654,0.01869
837.09775,0.01829
835.16895,0.01776
833.24015,0.01723
831.31136,0.01674
829.38256,0.01624
827.45376,0.01573
825.52497,0.01536
823.59617,0.01532
821.66737,0.01555
819.73858,0.01573
817.80978,0.01582
815.88098,0.01614
813.95219,0.01672
812.02339,0.01729
810.09459,0.01790
808.16580,0.01870
806.23700,0.01963
804.30820,0.02061
802.37941,0.02166
800.45061,0.02268
798.52181,0.02365
796.59302,0.02471
794.66422,0.02575
792.73542,0.02652
790.80663,0.02712
788.87783,0.02769
786.94903,0.02813
785.02024,0.02816
783.09144,0.02763
781.16264,0.02663
779.23385,0.02525
777.30505,0.02362
775.37625,0.02209
773.44746,0.02100
771.51866,0.02032
769.58986,0.01983
767.66107,0.01948
765.73227,0.01946
763.80347,0.01961
761.87468,0.01957
759.94588,0.01957
758.01708,0.02015
756.08829,0.02103
754.15949,0.02153
752.23069,0.02180
750.30190,0.02220
748.37310,0.02246
