3496.90832,0.06481
3494.97953,0.06427
3493.05073,0.06065
3491.12193,0.06196
3489.19314,0.06818
3487.26434,0.07177
3485.33554,0.06829
3483.40675,0.06622
3481.47795,0.07084
3479.54915,0.07311
3477.62036,0.07041
3475.69156,0.07032
3473.76276,0.07447
3471.83397,0.07631
3469.90517,0.07201
3467.97637,0.06672
3466.04758,0.06621
3464.11878,0.07099
3462.18998,0.07625
3460.26119,0.07493
3458.33239,0.06668
3456.40359,0.05803
3454.47480,0.05413
3452.54600,0.05389
3450.61721,0.05463
3448.68841,0.05771
3446.75961,0.06438
3444.83082,0.06963
3442.90202,0.06552
3440.97322,0.05445
3439.04443,0.04740
3437.11563,0.04778
3435.18683,0.05112
3433.25804,0.05146
3431.32924,0.04797
3429.40044,0.04843
3427.47165,0.05226
3425.54285,0.05201
3423.61405,0.05295
3421.68526,0.05801
3419.75646,0.05899
3417.82766,0.05573
3415.89887,0.05202
3413.97007,0.04746
3412.04127,0.04139
3410.11248,0.03434
3408.18368,0.03248
3406.25488,0.03866
3404.32609,0.04285
3402.39729,0.04093
3400.46849,0.04103
3398.53970,0.04041
3396.61090,0.02988
3394.68210,0.01836
3392.75331,0.02054
3390.82451,0.03327
3388.89571,0.04622
3386.96692,0.05317
3385.03812,0.05121
3383.10932,0.04679
3381.18053,0.04986
3379.25173,0.05715
3377.32293,0.06250
3375.39414,0.06437
3373.46534,0.06073
3371.53654,0.05499
3369.60775,0.05294
3367.67895,0.05582
3365.75015,0.05947
3363.82136,0.06047
3361.89256,0.05993
3359.96376,0.05692
3358.03497,0.05433
3356.10617,0.05836
3354.17737,0.06507
3352.24858,0.06646
3350.31978,0.06399
3348.39098,0.06295
3346.46219,0.06079
3344.53339,0.05731
3342.60459,0.05778
3340.67580,0.06008
3338.74700,0.06038
3336.81820,0.05807
3334.88941,0.05273
3332.96061,0.04466
3331.03181,0.04194
3329.10302,0.05157
3327.17422,0.06108
3325.24542,0.05822
3323.31663,0.04993
3321.38783,0.04495
3319.45903,0.04277
3317.53024,0.03913
3315.60144,0.03273
3313.67264,0.02644
3311.74385,0.02392
3309.81505,0.02755
3307.88625,0.03684
3305.95746,0.04593
3304.02866,0.04941
3302.09986,0.04632
3300.17107,0.03919
3298.24227,0.03555
3296.31347,0.03717
3294.38468,0.03573
3292.45588,0.02991
3290.52708,0.02631
3288.59829,0.02621
3286.66949,0.02674
3284.74069,0.02805
3282.81190,0.02981
3280.88310,0.02964
3278.95430,0.03194
3277.02551,0.03873
3275.09671,0.04243
3273.16791,0.04308
3271.23912,0.04657
3269.31032,0.04823
3267.38152,0.04269
3265.45273,0.03585
3263.52393,0.03469
3261.59513,0.03603
3259.66634,0.03457
3257.73754,0.03568
3255.80874,0.04400
3253.87995,0.05083
3251.95115,0.04991
3250.02235,0.04504
3248.09356,0.03848
3246.16476,0.03204
3244.23596,0.02912
3242.30717,0.02781
3240.37837,0.02799
3238.44957,0.03273
3236.52078,0.03899
3234.59198,0.04444
3232.66318,0.04801
3230.73439,0.04820
3228.80559,0.04648
3226.87679,0.04124
3224.94800,0.03366
3223.01920,0.03326
3221.09040,0.04204
3219.16161,0.04994
3217.23281,0.05194
3215.30401,0.05139
3213.37522,0.05111
3211.44642,0.05358
3209.51762,0.05619
3207.58883,0.05420
3205.66003,0.05219
3203.73123,0.05351
3201.80244,0.05359
3199.87364,0.05075
3197.94484,0.04982
3196.01605,0.05146
3194.08725,0.04924
3192.15845,0.04522
3190.22966,0.04726
3188.30086,0.05178
3186.37206,0.05224
3184.44327,0.05146
3182.51447,0.05247
3180.58567,0.05334
3178.65688,0.05250
3176.72808,0.04967
3174.79928,0.04582
3172.87049,0.04281
3170.94169,0.04000
3169.01289,0.03655
3167.08410,0.03552
3165.15530,0.03935
3163.22650,0.04365
3161.29771,0.04378
3159.36891,0.04115
3157.44011,0.03980
3155.51132,0.04176
3153.58252,0.04462
3151.65372,0.04469
3149.72493,0.04122
3147.79613,0.03751
3145.86733,0.03768
3143.93854,0.03987
3142.00974,0.03981
3140.08094,0.03835
3138.15215,0.03739
3136.22335,0.03655
3134.29455,0.03615
3132.36576,0.03723
3130.43696,0.03887
3128.50816,0.03858
3126.57937,0.03698
3124.65057,0.03732
3122.72177,0.03951
3120.79298,0.04088
3118.86418,0.04067
3116.93538,0.03987
3115.00659,0.03866
3113.07779,0.03700
3111.14899,0.03630
3109.22020,0.03673
3107.29140,0.03694
3105.36260,0.03698
3103.43381,0.03730
3101.50501,0.03771
3099.57621,0.03788
3097.64742,0.03673
3095.71862,0.03495
3093.78982,0.03476
3091.86103,0.03554
3089.93223,0.03647
3088.00344,0.03798
3086.07464,0.03873
3084.14584,0.03790
3082.21705,0.03655
3080.28825,0.03543
3078.35945,0.03474
3076.43066,0.03452
3074.50186,0.03497
3072.57306,0.03589
3070.64427,0.03646
3068.71547,0.03623
3066.78667,0.03571
3064.85788,0.03563
3062.92908,0.03604
3061.00028,0.03665
3059.07149,0.03685
3057.14269,0.03668
3055.21389,0.03678
3053.28510,0.03669
3051.35630,0.03642
3049.42750,0.03643
3047.49871,0.03630
3045.56991,0.03638
3043.64111,0.03725
3041.71232,0.03813
3039.78352,0.03811
3037.85472,0.03784
3035.92593,0.03860
3033.99713,0.03982
3032.06833,0.04015
3030.13954,0.03979
3028.21074,0.03975
3026.28194,0.03974
3024.35315,0.03899
3022.42435,0.03825
3020.49555,0.03832
3018.56676,0.03861
3016.63796,0.03869
3014.70916,0.03886
3012.78037,0.03917
3010.85157,0.03927
3008.92277,0.03908
3006.99398,0.03896
3005.06518,0.03928
3003.13638,0.03954
3001.20759,0.03929
2999.27879,0.03909
2997.34999,0.03919
2995.42120,0.03953
2993.49240,0.03995
2991.56360,0.03992
2989.63481,0.03995
2987.70601,0.04045
2985.77721,0.04062
2983.84842,0.04027
2981.91962,0.04015
2979.99082,0.04046
2978.06203,0.04097
2976.13323,0.04168
2974.20443,0.04237
2972.27564,0.04278
2970.34684,0.04295
2968.41804,0.04280
2966.48925,0.04259
2964.56045,0.04287
2962.63165,0.04333
2960.70286,0.04365
2958.77406,0.04423
2956.84526,0.04523
2954.91647,0.04602
2952.98767,0.04597
2951.05887,0.04554
2949.13008,0.04556
2947.20128,0.04582
2945.27248,0.04577
2943.34369,0.04563
2941.41489,0.04570
2939.48609,0.04595
2937.55730,0.04625
2935.62850,0.04665
2933.69970,0.04720
2931.77091,0.04773
2929.84211,0.04827
2927.91331,0.04902
2925.98452,0.04980
2924.05572,0.05025
2922.12692,0.05034
2920.19813,0.05034
2918.26933,0.05021
2916.34053,0.04987
2914.41174,0.04940
2912.48294,0.04880
2910.55414,0.04805
2908.62535,0.04708
2906.69655,0.04614
2904.76775,0.04563
2902.83896,0.04544
2900.91016,0.04555
2898.98136,0.04611
2897.05257,0.04659
2895.12377,0.04642
2893.19497,0.04600
2891.26618,0.04596
2889.33738,0.04620
2887.40858,0.04605
2885.47979,0.04551
2883.55099,0.04535
2881.62219,0.04581
2879.69340,0.04633
2877.76460,0.04647
2875.83580,0.04638
2873.90701,0.04626
2871.97821,0.04611
2870.04941,0.04612
2868.12062,0.04650
2866.19182,0.04695
2864.26302,0.04730
2862.33423,0.04774
2860.40543,0.04823
2858.47663,0.04861
2856.54784,0.04881
2854.61904,0.04883
2852.69024,0.04872
2850.76145,0.04861
2848.83265,0.04864
2846.90385,0.04859
2844.97506,0.04831
2843.04626,0.04805
2841.11746,0.04793
2839.18867,0.04787
2837.25987,0.04784
2835.33107,0.04774
2833.40228,0.04753
2831.47348,0.04738
2829.54468,0.04750
2827.61589,0.04768
2825.68709,0.04768
2823.75829,0.04760
2821.82950,0.04750
2819.90070,0.04737
2817.97190,0.04727
2816.04311,0.04724
2814.11431,0.04721
2812.18551,0.04717
2810.25672,0.04715
2808.32792,0.04709
2806.39912,0.04702
2804.47033,0.04706
2802.54153,0.04720
2800.61273,0.04723
2798.68394,0.04701
2796.75514,0.04669
2794.82634,0.04642
2792.89755,0.04624
2790.96875,0.04626
2789.03995,0.04643
2787.11116,0.04643
2785.18236,0.04609
2783.25356,0.04571
2781.32477,0.04550
2779.39597,0.04527
2777.46717,0.04505
2775.53838,0.04490
2773.60958,0.04465
2771.68078,0.04436
2769.75199,0.04424
2767.82319,0.04430
2765.89439,0.04441
2763.96560,0.04432
2762.03680,0.04393
2760.10800,0.04360
2758.17921,0.04356
2756.25041,0.04374
2754.32161,0.04376
2752.39282,0.04346
2750.46402,0.04325
2748.53522,0.04342
2746.60643,0.04371
2744.67763,0.04375
2742.74883,0.04371
2740.82004,0.04384
2738.89124,0.04390
2736.96244,0.04380
2735.03365,0.04382
2733.10485,0.04394
2731.17605,0.04390
2729.24726,0.04379
2727.31846,0.04385
2725.38967,0.04400
2723.46087,0.04382
2721.53207,0.04344
2719.60328,0.04321
2717.67448,0.04324
2715.74568,0.04342
2713.81689,0.04349
2711.88809,0.04334
2709.95929,0.04322
2708.03050,0.04322
2706.10170,0.04328
2704.17290,0.04343
2702.24411,0.04353
2700.31531,0.04347
2698.38651,0.04344
2696.45772,0.04350
2694.52892,0.04355
2692.60012,0.04365
2690.67133,0.04371
2688.74253,0.04360
2686.81373,0.04346
2684.88494,0.04344
2682.95614,0.04352
2681.02734,0.04357
2679.09855,0.04357
2677.16975,0.04354
2675.24095,0.04342
2673.31216,0.04321
2671.38336,0.04305
2669.45456,0.04299
2667.52577,0.04298
2665.59697,0.04304
2663.66817,0.04315
2661.73938,0.04317
2659.81058,0.04298
2657.88178,0.04278
2655.95299,0.04272
2654.02419,0.04280
2652.09539,0.04294
2650.16660,0.04309
2648.23780,0.04331
2646.30900,0.04347
2644.38021,0.04336
2642.45141,0.04323
2640.52261,0.04329
2638.59382,0.04341
2636.66502,0.04355
2634.73622,0.04366
2632.80743,0.04372
2630.87863,0.04383
2628.94983,0.04393
2627.02104,0.04390
2625.09224,0.04386
2623.16344,0.04387
2621.23465,0.04392
2619.30585,0.04407
2617.37705,0.04412
2615.44826,0.04399
2613.51946,0.04390
2611.59066,0.04382
2609.66187,0.04370
2607.73307,0.04370
2605.80427,0.04390
2603.87548,0.04424
2601.94668,0.04452
2600.01788,0.04448
2598.08909,0.04426
2596.16029,0.04424
2594.23149,0.04437
2592.30270,0.04449
2590.37390,0.04475
2588.44510,0.04489
2586.51631,0.04442
2584.58751,0.04387
2582.65871,0.04382
2580.72992,0.04392
2578.80112,0.04400
2576.87232,0.04424
2574.94353,0.04450
2573.01473,0.04455
2571.08593,0.04446
2569.15714,0.04434
2567.22834,0.04417
2565.29954,0.04402
2563.37075,0.04381
2561.44195,0.04342
2559.51315,0.04320
2557.58436,0.04335
2555.65556,0.04355
2553.72676,0.04358
2551.79797,0.04359
2549.86917,0.04378
2547.94037,0.04390
2546.01158,0.04370
2544.08278,0.04346
2542.15398,0.04326
2540.22519,0.04313
2538.29639,0.04332
2536.36759,0.04344
2534.43880,0.04336
2532.51000,0.04354
2530.58120,0.04378
2528.65241,0.04363
2526.72361,0.04305
2524.79481,0.04228
2522.86602,0.04199
2520.93722,0.04225
2519.00842,0.04232
2517.07963,0.04227
2515.15083,0.04253
2513.22203,0.04270
2511.29324,0.04247
2509.36444,0.04224
2507.43564,0.04234
2505.50685,0.04256
2503.57805,0.04254
2501.64925,0.04236
2499.72046,0.04238
2497.79166,0.04248
2495.86286,0.04238
2493.93407,0.04223
2492.00527,0.04201
2490.07647,0.04171
2488.14768,0.04168
2486.21888,0.04192
2484.29008,0.04208
2482.36129,0.04200
2480.43249,0.04193
2478.50369,0.04201
2476.57490,0.04210
2474.64610,0.04206
2472.71730,0.04183
2470.78851,0.04170
2468.85971,0.04186
2466.93091,0.04193
2465.00212,0.04178
2463.07332,0.04170
2461.14452,0.04179
2459.21573,0.04197
2457.28693,0.04191
2455.35813,0.04133
2453.42934,0.04077
2451.50054,0.04091
2449.57174,0.04121
2447.64295,0.04106
2445.71415,0.04093
2443.78535,0.04107
2441.85656,0.04105
2439.92776,0.04087
2437.99896,0.04086
2436.07017,0.04083
2434.14137,0.04068
2432.21257,0.04053
2430.28378,0.04034
2428.35498,0.04018
2426.42618,0.04026
2424.49739,0.04048
2422.56859,0.04046
2420.63979,0.03994
2418.71100,0.03915
2416.78220,0.03855
2414.85340,0.03842
2412.92461,0.03855
2410.99581,0.03861
2409.06701,0.03860
2407.13822,0.03865
2405.20942,0.03861
2403.28062,0.03843
2401.35183,0.03811
2399.42303,0.03762
2397.49423,0.03727
2395.56544,0.03727
2393.63664,0.03740
2391.70784,0.03752
2389.77905,0.03801
2387.85025,0.03979
2385.92145,0.04354
2383.99266,0.04953
2382.06386,0.05816
2380.13506,0.06929
2378.20627,0.08167
2376.27747,0.09408
2374.34867,0.10638
2372.41988,0.11900
2370.49108,0.13178
2368.56228,0.14376
2366.63349,0.15432
2364.70469,0.16280
2362.77589,0.16835
2360.84710,0.17058
2358.91830,0.16880
2356.98951,0.16219
2355.06071,0.15069
2353.13191,0.13497
2351.20312,0.11888
2349.27432,0.11028
2347.34552,0.11388
2345.41673,0.12524
2343.48793,0.13314
2341.55913,0.13419
2339.63034,0.13256
2337.70154,0.13013
2335.77274,0.12774
2333.84395,0.12684
2331.91515,0.12711
2329.98635,0.12567
2328.05756,0.12183
2326.12876,0.11834
2324.19996,0.11635
2322.27117,0.11360
2320.34237,0.10780
2318.41357,0.09998
2316.48478,0.09302
2314.55598,0.08850
2312.62718,0.08541
2310.69839,0.08184
2308.76959,0.07708
2306.84079,0.07151
2304.91200,0.06606
2302.98320,0.06168
2301.05440,0.05840
2299.12561,0.05560
2297.19681,0.05307
2295.26801,0.05090
2293.33922,0.04883
2291.41042,0.04668
2289.48162,0.04481
2287.55283,0.04342
2285.62403,0.04229
2283.69523,0.04165
2281.76644,0.04171
2279.83764,0.04192
2277.90884,0.04213
2275.98005,0.04247
2274.05125,0.04269
2272.12245,0.04305
2270.19366,0.04363
2268.26486,0.04412
2266.33606,0.04449
2264.40727,0.04485
2262.47847,0.04549
2260.54967,0.04649
2258.62088,0.04758
2256.69208,0.04822
2254.76328,0.04767
2252.83449,0.04617
2250.90569,0.04507
2248.97689,0.04502
2247.04810,0.04521
2245.11930,0.04548
2243.19050,0.04645
2241.26171,0.04766
2239.33291,0.04800
2237.40411,0.04716
2235.47532,0.04625
2233.54652,0.04618
2231.61772,0.04663
2229.68893,0.04777
2227.76013,0.04912
2225.83133,0.04960
2223.90254,0.04978
2221.97374,0.05055
2220.04494,0.05130
2218.11615,0.05110
2216.18735,0.05014
2214.25855,0.04905
2212.32976,0.04852
2210.40096,0.04941
2208.47216,0.05103
2206.54337,0.05160
2204.61457,0.05120
2202.68577,0.05166
2200.75698,0.05362
2198.82818,0.05515
2196.89938,0.05499
2194.97059,0.05439
2193.04179,0.05373
2191.11299,0.05264
2189.18420,0.05221
2187.25540,0.05278
2185.32660,0.05346
2183.39781,0.05449
2181.46901,0.05673
2179.54021,0.05895
2177.61142,0.05946
2175.68262,0.05906
2173.75382,0.05907
2171.82503,0.05971
2169.89623,0.06050
2167.96743,0.06072
2166.03864,0.06132
2164.10984,0.06365
2162.18104,0.06686
2160.25225,0.06926
2158.32345,0.06884
2156.39465,0.06533
2154.46586,0.06162
2152.53706,0.05937
2150.60826,0.05736
2148.67947,0.05360
2146.75067,0.04910
2144.82187,0.04669
2142.89308,0.04555
2140.96428,0.04363
2139.03548,0.04228
2137.10669,0.04240
2135.17789,0.04217
2133.24909,0.04096
2131.32030,0.03977
2129.39150,0.03847
2127.46270,0.03653
2125.53391,0.03496
2123.60511,0.03448
2121.67631,0.03435
2119.74752,0.03394
2117.81872,0.03359
2115.88992,0.03357
2113.96113,0.03342
2112.03233,0.03325
2110.10353,0.03375
2108.17474,0.03442
2106.24594,0.03448
2104.31714,0.03445
2102.38835,0.03459
2100.45955,0.03426
2098.53075,0.03351
2096.60196,0.03303
2094.67316,0.03300
2092.74436,0.03300
2090.81557,0.03300
2088.88677,0.03328
2086.95797,0.03364
2085.02918,0.03361
2083.10038,0.03340
2081.17158,0.03355
2079.24279,0.03391
2077.31399,0.03414
2075.38519,0.03431
2073.45640,0.03471
2071.52760,0.03552
2069.59880,0.03641
2067.67001,0.03722
2065.74121,0.03796
2063.81241,0.03799
2061.88362,0.03713
2059.95482,0.03633
2058.02602,0.03618
2056.09723,0.03638
2054.16843,0.03700
2052.23963,0.03803
2050.31084,0.03872
2048.38204,0.03943
2046.45324,0.04123
2044.52445,0.04340
2042.59565,0.04512
2040.66685,0.04686
2038.73806,0.04782
2036.80926,0.04706
2034.88046,0.04649
2032.95167,0.04717
2031.02287,0.04726
2029.09407,0.04666
2027.16528,0.04678
2025.23648,0.04751
2023.30768,0.04827
2021.37889,0.04802
2019.45009,0.04626
2017.52129,0.04482
2015.59250,0.04435
2013.66370,0.04329
2011.73490,0.04177
2009.80611,0.04083
2007.87731,0.04000
2005.94851,0.03854
2004.01972,0.03719
2002.09092,0.03740
2000.16212,0.03848
1998.23333,0.03864
1996.30453,0.03808
1994.37574,0.03801
1992.44694,0.03809
1990.51814,0.03732
1988.58935,0.03667
1986.66055,0.03745
1984.73175,0.03890
1982.80296,0.04050
1980.87416,0.04254
1978.94536,0.04395
1977.01657,0.04292
1975.08777,0.04066
1973.15897,0.03909
1971.23018,0.03824
1969.30138,0.03801
1967.37258,0.03780
1965.44379,0.03760
1963.51499,0.03756
1961.58619,0.03666
1959.65740,0.03473
1957.72860,0.03275
1955.79980,0.03133
1953.87101,0.03046
1951.94221,0.03004
1950.01341,0.03014
1948.08462,0.03069
1946.15582,0.03160
1944.22702,0.03284
1942.29823,0.03269
1940.36943,0.03027
1938.44063,0.02787
1936.51184,0.02706
1934.58304,0.02758
1932.65424,0.02820
1930.72545,0.02798
1928.79665,0.02751
1926.86785,0.02786
1924.93906,0.02910
1923.01026,0.02999
1921.08146,0.03047
1919.15267,0.03127
1917.22387,0.03075
1915.29507,0.02868
1913.36628,0.02770
1911.43748,0.02827
1909.50868,0.02863
1907.57989,0.02790
1905.65109,0.02683
1903.72229,0.02613
1901.79350,0.02571
1899.86470,0.02564
1897.93590,0.02635
1896.00711,0.02726
1894.07831,0.02747
1892.14951,0.02804
1890.22072,0.02921
1888.29192,0.02884
1886.36312,0.02732
1884.43433,0.02651
1882.50553,0.02630
1880.57673,0.02622
1878.64794,0.02612
1876.71914,0.02607
1874.79034,0.02631
1872.86155,0.02784
1870.93275,0.03149
1869.00395,0.03430
1867.07516,0.03249
1865.14636,0.02862
1863.21756,0.02636
1861.28877,0.02558
1859.35997,0.02524
1857.43117,0.02496
1855.50238,0.02469
1853.57358,0.02461
1851.64478,0.02504
1849.71599,0.02645
1847.78719,0.02919
1845.85839,0.03273
1843.92960,0.03345
1842.00080,0.02997
1840.07200,0.02711
1838.14321,0.02668
1836.21441,0.02670
1834.28561,0.02704
1832.35682,0.02965
1830.42802,0.03284
1828.49922,0.03312
1826.57043,0.03208
1824.64163,0.03071
1822.71283,0.02808
1820.78404,0.02606
1818.85524,0.02570
1816.92644,0.02570
1814.99765,0.02589
1813.06885,0.02715
1811.14005,0.02840
1809.21126,0.02782
1807.28246,0.02633
1805.35366,0.02627
1803.42487,0.02851
1801.49607,0.03101
1799.56727,0.03104
1797.63848,0.02985
1795.70968,0.03089
1793.78088,0.03445
1791.85209,0.03558
1789.92329,0.03160
1787.99449,0.02819
1786.06570,0.02816
1784.13690,0.02919
1782.20810,0.03001
1780.27931,0.03023
1778.35051,0.02972
1776.42171,0.03084
1774.49292,0.03511
1772.56412,0.03896
1770.63532,0.03786
1768.70653,0.03381
1766.77773,0.02989
1764.84893,0.02856
1762.92014,0.03022
1760.99134,0.03105
1759.06254,0.03036
1757.13375,0.02985
1755.20495,0.02941
1753.27615,0.03168
1751.34736,0.03717
1749.41856,0.03979
1747.48976,0.03743
1745.56097,0.03468
1743.63217,0.03390
1741.70337,0.03439
1739.77458,0.03432
1737.84578,0.03464
1735.91698,0.03890
1733.98819,0.04336
1732.05939,0.04007
1730.13059,0.03394
1728.20180,0.02939
1726.27300,0.02731
1724.34420,0.02767
1722.41541,0.02958
1720.48661,0.03512
1718.55781,0.04423
1716.62902,0.04801
1714.70022,0.04280
1712.77142,0.03663
1710.84263,0.03444
1708.91383,0.03712
1706.98503,0.04327
1705.05624,0.04928
1703.12744,0.05575
1701.19864,0.06618
1699.26985,0.07505
1697.34105,0.07860
1695.41225,0.08038
1693.48346,0.08181
1691.55466,0.08786
1689.62586,0.10006
1687.69707,0.11554
1685.76827,0.13615
1683.83947,0.15771
1681.91068,0.16709
1679.98188,0.17258
1678.05308,0.18341
1676.12429,0.19944
1674.19549,0.21520
1672.26669,0.22812
1670.33790,0.24062
1668.40910,0.24822
1666.48030,0.25061
1664.55151,0.25536
1662.62271,0.26093
1660.69391,0.26194
1658.76512,0.26215
1656.83632,0.26779
1654.90752,0.28026
1652.97873,0.28768
1651.04993,0.28189
1649.12113,0.28136
1647.19234,0.28738
1645.26354,0.28928
1643.33474,0.28977
1641.40595,0.29715
1639.47715,0.31242
1637.54835,0.33470
1635.61956,0.35823
1633.69076,0.37194
1631.76197,0.38214
1629.83317,0.39744
1627.90437,0.41485
1625.97558,0.42910
1624.04678,0.43900
1622.11798,0.44252
1620.18919,0.44255
1618.26039,0.44376
1616.33159,0.44160
1614.40280,0.43453
1612.47400,0.43026
1610.54520,0.43110
1608.61641,0.43497
1606.68761,0.44038
1604.75881,0.44790
1602.83002,0.45740
1600.90122,0.46720
1598.97242,0.47613
1597.04363,0.48362
1595.11483,0.48821
1593.18603,0.48821
1591.25724,0.48360
1589.32844,0.47466
1587.39964,0.46176
1585.47085,0.44577
1583.54205,0.42735
1581.61325,0.40797
1579.68446,0.39102
1577.75566,0.37513
1575.82686,0.35184
1573.89807,0.32678
1571.96927,0.30937
1570.04047,0.29324
1568.11168,0.27362
1566.18288,0.25563
1564.25408,0.24250
1562.32529,0.23753
1560.39649,0.24011
1558.46769,0.23197
1556.53890,0.20995
1554.61010,0.19234
1552.68130,0.18048
1550.75251,0.17199
1548.82371,0.16488
1546.89491,0.16136
1544.96612,0.16343
1543.03732,0.16813
1541.10852,0.16943
1539.17973,0.15830
1537.25093,0.14421
1535.32213,0.13873
1533.39334,0.13613
1531.46454,0.13021
1529.53574,0.12642
1527.60695,0.12722
1525.67815,0.12877
1523.74935,0.13070
1521.82056,0.13192
1519.89176,0.12883
1517.96296,0.12423
1516.03417,0.11883
1514.10537,0.11322
1512.17657,0.11242
1510.24778,0.11908
1508.31898,0.12960
1506.39018,0.12860
1504.46139,0.11478
1502.53259,0.10744
1500.60379,0.10950
1498.67500,0.11594
1496.74620,0.12015
1494.81740,0.12102
1492.88861,0.12585
1490.95981,0.13766
1489.03101,0.14879
1487.10222,0.15309
1485.17342,0.15659
1483.24462,0.16449
1481.31583,0.17624
1479.38703,0.19005
1477.45823,0.20665
1475.52944,0.22601
1473.60064,0.24417
1471.67184,0.25443
1469.74305,0.25774
1467.81425,0.26308
1465.88545,0.27189
1463.95666,0.27720
1462.02786,0.27893
1460.09906,0.28403
1458.17027,0.28964
1456.24147,0.28090
1454.31267,0.26217
1452.38388,0.24655
1450.45508,0.23453
1448.52628,0.22268
1446.59749,0.20808
1444.66869,0.19292
1442.73989,0.17989
1440.81110,0.17017
1438.88230,0.16462
1436.95350,0.15838
1435.02471,0.14662
1433.09591,0.13557
1431.16711,0.12816
1429.23832,0.12093
1427.30952,0.11396
1425.38072,0.10948
1423.45193,0.10664
1421.52313,0.10579
1419.59433,0.10615
1417.66554,0.10135
1415.73674,0.09246
1413.80794,0.08599
1411.87915,0.08259
1409.95035,0.08023
1408.02155,0.07894
1406.09276,0.07880
1404.16396,0.07755
1402.23516,0.07604
1400.30637,0.07718
1398.37757,0.07932
1396.44877,0.07963
1394.51998,0.07689
1392.59118,0.07205
1390.66238,0.06959
1388.73359,0.07054
1386.80479,0.07026
1384.87599,0.06694
1382.94720,0.06419
1381.01840,0.06348
1379.08960,0.06372
1377.16081,0.06484
1375.23201,0.06625
1373.30321,0.06513
1371.37442,0.06202
1369.44562,0.05998
1367.51682,0.05925
1365.58803,0.06023
1363.65923,0.06270
1361.73043,0.06260
1359.80164,0.05923
1357.87284,0.05655
1355.94404,0.05568
1354.01525,0.05527
1352.08645,0.05490
1350.15765,0.05482
1348.22886,0.05477
1346.30006,0.05463
1344.37126,0.05515
1342.44247,0.05750
1340.51367,0.06082
1338.58487,0.06155
1336.65608,0.05902
1334.72728,0.05631
1332.79848,0.05495
1330.86969,0.05442
1328.94089,0.05404
1327.01209,0.05364
1325.08330,0.05327
1323.15450,0.05314
1321.22570,0.05353
1319.29691,0.05401
1317.36811,0.05377
1315.43931,0.05310
1313.51052,0.05251
1311.58172,0.05177
1309.65292,0.05106
1307.72413,0.05069
1305.79533,0.05047
1303.86653,0.05042
1301.93774,0.05060
1300.00894,0.05092
1298.08014,0.05131
1296.15135,0.05160
1294.22255,0.05173
1292.29375,0.05189
1290.36496,0.05225
1288.43616,0.05256
1286.50736,0.05247
1284.57857,0.05213
1282.64977,0.05192
1280.72097,0.05179
1278.79218,0.05154
1276.86338,0.05122
1274.93458,0.05111
1273.00579,0.05129
1271.07699,0.05138
1269.14820,0.05116
1267.21940,0.05089
1265.29060,0.05079
1263.36181,0.05088
1261.43301,0.05105
1259.50421,0.05107
1257.57542,0.05091
1255.64662,0.05084
1253.71782,0.05100
1251.78903,0.05133
1249.86023,0.05177
1247.93143,0.05225
1246.00264,0.05274
1244.07384,0.05323
1242.14504,0.05362
1240.21625,0.05388
1238.28745,0.05405
1236.35865,0.05420
1234.42986,0.05429
1232.50106,0.05442
1230.57226,0.05461
1228.64347,0.05477
1226.71467,0.05485
1224.78587,0.05483
1222.85708,0.05481
1220.92828,0.05495
1218.99948,0.05524
1217.07069,0.05558
1215.14189,0.05594
1213.21309,0.05637
1211.28430,0.05693
1209.35550,0.05763
1207.42670,0.05846
1205.49791,0.05944
1203.56911,0.06051
1201.64031,0.06166
1199.71152,0.06299
1197.78272,0.06453
1195.85392,0.06620
1193.92513,0.06795
1191.99633,0.06989
1190.06753,0.07211
1188.13874,0.07453
1186.20994,0.07698
1184.28114,0.07946
1182.35235,0.08221
1180.42355,0.08545
1178.49475,0.08918
1176.56596,0.09324
1174.63716,0.09752
1172.70836,0.10192
1170.77957,0.10649
1168.85077,0.11122
1166.92197,0.11595
1164.99318,0.12043
1163.06438,0.12442
1161.13558,0.12761
1159.20679,0.12971
1157.27799,0.13060
1155.34919,0.13026
1153.42040,0.12874
1151.49160,0.12626
1149.56280,0.12292
1147.63401,0.11888
1145.70521,0.11441
1143.77641,0.10972
1141.84762,0.10504
1139.91882,0.10051
1137.99002,0.09614
1136.06123,0.09195
1134.13243,0.08803
1132.20363,0.08446
1130.27484,0.08133
1128.34604,0.07859
1126.41724,0.07609
1124.48845,0.07383
1122.55965,0.07186
1120.63085,0.07023
1118.70206,0.06888
1116.77326,0.06768
1114.84446,0.06668
1112.91567,0.06593
1110.98687,0.06535
1109.05807,0.06491
1107.12928,0.06464
1105.20048,0.06454
1103.27168,0.06454
1101.34289,0.06459
1099.41409,0.06473
1097.48529,0.06494
1095.55650,0.06515
1093.62770,0.06540
1091.69890,0.06570
1089.77011,0.06604
1087.84131,0.06637
1085.91251,0.06658
1083.98372,0.06671
1082.05492,0.06686
1080.12612,0.06703
1078.19733,0.06719
1076.26853,0.06735
1074.33973,0.06752
1072.41094,0.06774
1070.48214,0.06797
1068.55334,0.06811
1066.62455,0.06817
1064.69575,0.06825
1062.76695,0.06827
1060.83816,0.06807
1058.90936,0.06777
1056.98056,0.06754
1055.05177,0.06734
1053.12297,0.06702
1051.19417,0.06661
1049.26538,0.06617
1047.33658,0.06572
1045.40778,0.06528
1043.47899,0.06477
1041.55019,0.06406
1039.62139,0.06322
1037.69260,0.06240
1035.76380,0.06159
1033.83500,0.06072
1031.90621,0.05985
1029.97741,0.05901
1028.04861,0.05812
1026.11982,0.05719
1024.19102,0.05643
1022.26222,0.05585
1020.33343,0.05531
1018.40463,0.05479
1016.47583,0.05445
1014.54704,0.05430
1012.61824,0.05427
1010.68944,0.05420
1008.76065,0.05402
1006.83185,0.05371
1004.90305,0.05329
1002.97426,0.05282
1001.04546,0.05238
999.11666,0.05206
997.18787,0.05183
995.25907,0.05156
993.33027,0.05119
991.40148,0.05080
989.47268,0.05041
987.54388,0.04989
985.61509,0.04922
983.68629,0.04856
981.75749,0.04791
979.82870,0.04717
977.89990,0.04630
975.97110,0.04543
974.04231,0.04468
972.11351,0.04404
970.18471,0.04350
968.25592,0.04317
966.32712,0.04306
964.39832,0.04302
962.46953,0.04295
960.54073,0.04280
958.61193,0.04258
956.68314,0.04234
954.75434,0.04217
952.82554,0.04218
950.89675,0.04228
948.96795,0.04222
947.03915,0.04196
945.11036,0.04164
943.18156,0.04125
941.25276,0.04074
939.32397,0.04015
937.39517,0.03951
935.46637,0.03879
933.53758,0.03799
931.60878,0.03715
929.67998,0.03634
927.75119,0.03566
925.82239,0.03504
923.89359,0.03429
921.96480,0.03339
920.03600,0.03260
918.10720,0.03208
916.17841,0.03172
914.24961,0.03143
912.32081,0.03126
910.39202,0.03121
908.46322,0.03115
906.53443,0.03095
904.60563,0.03075
902.67683,0.03070
900.74804,0.03074
898.81924,0.03067
896.89044,0.03039
894.96165,0.02998
893.03285,0.02948
891.10405,0.02886
889.17526,0.02810
887.24646,0.02724
885.31766,0.02628
883.38887,0.02530
881.46007,0.02438
879.53127,0.02352
877.60248,0.02274
875.67368,0.02204
873.74488,0.02140
871.81609,0.02089
869.88729,0.02049
867.95849,0.02012
866.02970,0.01986
864.10090,0.01981
862.17210,0.01986
860.24331,0.01986
858.31451,0.01982
856.38571,0.01983
854.45692,0.01999
852.52812,0.02021
850.59932,0.02028
848.67053,0.02018
846.74173,0.02009
844.81293,0.01999
842.88414,0.01966
840.95534,0.01920
839.02654,0.01882
837.09775,0.01843
835.16895,0.01792
833.24015,0.01738
831.31136,0.01687
829.38256,0.01638
827.45376,0.01590
825.52497,0.01550
823.59617,0.01534
821.66737,0.01548
819.73858,0.01567
817.80978,0.01582
815.88098,0.01615
813.95219,0.01670
812.02339,0.01729
810.09459,0.01793
808.16580,0.01870
806.23700,0.01958
804.30820,0.02064
802.37941,0.02186
800.45061,0.02295
798.52181,0.02375
796.59302,0.02454
794.66422,0.02548
792.73542,0.02638
790.80663,0.02721
788.87783,0.02788
786.94903,0.02825
785.02024,0.02830
783.09144,0.02793
781.16264,0.02703
779.23385,0.02568
777.30505,0.02410
775.37625,0.02252
773.44746,0.02123
771.51866,0.02051
769.58986,0.02027
767.66107,0.02012
765.73227,0.02004
763.80347,0.02008
761.87468,0.02006
759.94588,0.02015
758.01708,0.02072
756.08829,0.02154
754.15949,0.02212
752.23069,0.02252
750.30190,0.02287
748.37310,0.02295
