3496.90832,0.06955
3494.97953,0.06731
3493.05073,0.06100
3491.12193,0.06117
3489.19314,0.06792
3487.26434,0.07073
3485.33554,0.06716
3483.40675,0.06551
3481.47795,0.06842
3479.54915,0.07109
3477.62036,0.07255
3475.69156,0.07277
3473.76276,0.07116
3471.83397,0.06725
3469.90517,0.06159
3467.97637,0.05821
3466.04758,0.06010
3464.11878,0.06591
3462.18998,0.06897
3460.26119,0.06472
3458.33239,0.05540
3456.40359,0.04875
3454.47480,0.05290
3452.54600,0.06252
3450.61721,0.06434
3448.68841,0.05980
3446.75961,0.06187
3444.83082,0.07039
3442.90202,0.07218
3440.97322,0.06584
3439.04443,0.05954
3437.11563,0.05321
3435.18683,0.04383
3433.25804,0.03644
3431.32924,0.03689
3429.40044,0.04536
3427.47165,0.05718
3425.54285,0.06277
3423.61405,0.05994
3421.68526,0.05476
3419.75646,0.05231
3417.82766,0.05600
3415.89887,0.05956
3413.97007,0.05682
3412.04127,0.05311
3410.11248,0.05199
3408.18368,0.05040
3406.25488,0.04687
3404.32609,0.04316
3402.39729,0.04191
3400.46849,0.04619
3398.53970,0.05066
3396.61090,0.04418
3394.68210,0.03489
3392.75331,0.03828
3390.82451,0.04807
3388.89571,0.05271
3386.96692,0.05046
3385.03812,0.04405
3383.10932,0.04123
3381.18053,0.04675
3379.25173,0.05299
3377.32293,0.05395
3375.39414,0.05026
3373.46534,0.04670
3371.53654,0.05035
3369.60775,0.05457
3367.67895,0.05214
3365.75015,0.05270
3363.82136,0.05730
3361.89256,0.05568
3359.96376,0.05281
3358.03497,0.05912
3356.10617,0.06966
3354.17737,0.07515
3352.24858,0.07520
3350.31978,0.07116
3348.39098,0.06322
3346.46219,0.05687
3344.53339,0.05918
3342.60459,0.06576
3340.67580,0.06843
3338.74700,0.06657
3336.81820,0.06216
3334.88941,0.05963
3332.96061,0.05926
3331.03181,0.06017
3329.10302,0.06501
3327.17422,0.06505
3325.24542,0.05515
3323.31663,0.04442
3321.38783,0.03823
3319.45903,0.03783
3317.53024,0.04112
3315.60144,0.04211
3313.67264,0.04091
3311.74385,0.03957
3309.81505,0.03860
3307.88625,0.04449
3305.95746,0.05301
3304.02866,0.04825
3302.09986,0.03452
3300.17107,0.02813
3298.24227,0.02921
3296.31347,0.03060
3294.38468,0.03090
3292.45588,0.03211
3290.52708,0.03595
3288.59829,0.04108
3286.66949,0.04126
3284.74069,0.03621
3282.81190,0.03545
3280.88310,0.04118
3278.95430,0.04639
3277.02551,0.04628
3275.09671,0.04406
3273.16791,0.04620
3271.23912,0.04934
3269.31032,0.04546
3267.38152,0.03773
3265.45273,0.03161
3263.52393,0.02625
3261.59513,0.02387
3259.66634,0.02707
3257.73754,0.03271
3255.80874,0.03871
3253.87995,0.04303
3251.95115,0.04180
3250.02235,0.03754
3248.09356,0.03484
3246.16476,0.03251
3244.23596,0.03093
3242.30717,0.02968
3240.37837,0.02752
3238.44957,0.02940
3236.52078,0.03615
3234.59198,0.04371
3232.66318,0.05059
3230.73439,0.05348
3228.80559,0.04988
3226.87679,0.04182
3224.94800,0.03386
3223.01920,0.03101
3221.09040,0.03398
3219.16161,0.04127
3217.23281,0.04979
3215.30401,0.05306
3213.37522,0.05257
3211.44642,0.05613
3209.51762,0.06053
3207.58883,0.05834
3205.66003,0.05383
3203.73123,0.05361
3201.80244,0.05528
3199.87364,0.05522
3197.94484,0.05494
3196.01605,0.05433
3194.08725,0.05156
3192.15845,0.04775
3190.22966,0.04656
3188.30086,0.04952
3186.37206,0.05150
3184.44327,0.04816
3182.51447,0.04383
3180.58567,0.04379
3178.65688,0.04622
3176.72808,0.04573
3174.79928,0.04230
3172.87049,0.04031
3170.94169,0.03991
3169.01289,0.03834
3167.08410,0.03625
3165.15530,0.03672
3163.22650,0.04021
3161.29771,0.04355
3159.36891,0.04358
3157.44011,0.04111
3155.51132,0.04003
3153.58252,0.04155
3151.65372,0.04271
3149.72493,0.04086
3147.79613,0.03783
3145.86733,0.03749
3143.93854,0.03885
3142.00974,0.03938
3140.08094,0.03954
3138.15215,0.03851
3136.22335,0.03575
3134.29455,0.03363
3132.36576,0.03408
3130.43696,0.03612
3128.50816,0.03701
3126.57937,0.03665
3124.65057,0.03720
3122.72177,0.03928
3120.79298,0.04141
3118.86418,0.04145
3116.93538,0.03915
3115.00659,0.03596
3113.07779,0.03402
3111.14899,0.03467
3109.22020,0.03573
3107.29140,0.03575
3105.36260,0.03625
3103.43381,0.03697
3101.50501,0.03682
3099.57621,0.03604
3097.64742,0.03434
3095.71862,0.03267
3093.78982,0.03285
3091.86103,0.03402
3089.93223,0.03469
3088.00344,0.03515
3086.07464,0.03605
3084.14584,0.03727
3082.21705,0.03809
3080.28825,0.03797
3078.35945,0.03692
3076.43066,0.03600
3074.50186,0.03606
3072.57306,0.03667
3070.64427,0.03718
3068.71547,0.03675
3066.78667,0.03556
3064.85788,0.03512
3062.92908,0.03596
3061.00028,0.03697
3059.07149,0.03706
3057.14269,0.03655
3055.21389,0.03625
3053.28510,0.03626
3051.35630,0.03642
3049.42750,0.03601
3047.49871,0.03507
3045.56991,0.03514
3043.64111,0.03641
3041.71232,0.03759
3039.78352,0.03817
3037.85472,0.03833
3035.92593,0.03851
3033.99713,0.03874
3032.06833,0.03910
3030.13954,0.03974
3028.21074,0.04054
3026.28194,0.04140
3024.35315,0.04132
3022.42435,0.04011
3020.49555,0.03956
3018.56676,0.04020
3016.63796,0.04093
3014.70916,0.04118
3012.78037,0.04128
3010.85157,0.04156
3008.92277,0.04174
3006.99398,0.04159
3005.06518,0.04118
3003.13638,0.04067
3001.20759,0.04044
2999.27879,0.04042
2997.34999,0.04036
2995.42120,0.04063
2993.49240,0.04100
2991.56360,0.04099
2989.63481,0.04145
2987.70601,0.04240
2985.77721,0.04236
2983.84842,0.04184
2981.91962,0.04234
2979.99082,0.04302
2978.06203,0.04308
2976.13323,0.04326
2974.20443,0.04336
2972.27564,0.04334
2970.34684,0.04404
2968.41804,0.04488
2966.48925,0.04496
2964.56045,0.04482
2962.63165,0.04489
2960.70286,0.04494
2958.77406,0.04544
2956.84526,0.04657
2954.91647,0.04734
2952.98767,0.04709
2951.05887,0.04649
2949.13008,0.04631
2947.20128,0.04635
2945.27248,0.04624
2943.34369,0.04613
2941.41489,0.04623
2939.48609,0.04667
2937.55730,0.04751
2935.62850,0.04849
2933.69970,0.04916
2931.77091,0.04953
2929.84211,0.04994
2927.91331,0.05042
2925.98452,0.05081
2924.05572,0.05114
2922.12692,0.05134
2920.19813,0.05136
2918.26933,0.05132
2916.34053,0.05117
2914.41174,0.05062
2912.48294,0.04965
2910.55414,0.04876
2908.62535,0.04823
2906.69655,0.04785
2904.76775,0.04744
2902.83896,0.04706
2900.91016,0.04701
2898.98136,0.04736
2897.05257,0.04760
2895.12377,0.04739
2893.19497,0.04719
2891.26618,0.04743
2889.33738,0.04780
2887.40858,0.04784
2885.47979,0.04755
2883.55099,0.04736
2881.62219,0.04746
2879.69340,0.04759
2877.76460,0.04774
2875.83580,0.04805
2873.90701,0.04820
2871.97821,0.04795
2870.04941,0.04768
2868.12062,0.04789
2866.19182,0.04850
2864.26302,0.04908
2862.33423,0.04949
2860.40543,0.04997
2858.47663,0.05055
2856.54784,0.05062
2854.61904,0.05017
2852.69024,0.04990
2850.76145,0.05001
2848.83265,0.05027
2846.90385,0.05024
2844.97506,0.04998
2843.04626,0.04987
2841.11746,0.04971
2839.18867,0.04948
2837.25987,0.04954
2835.33107,0.04968
2833.40228,0.04964
2831.47348,0.04957
2829.54468,0.04961
2827.61589,0.04980
2825.68709,0.05004
2823.75829,0.05010
2821.82950,0.04998
2819.90070,0.04989
2817.97190,0.04976
2816.04311,0.04947
2814.11431,0.04931
2812.18551,0.04927
2810.25672,0.04901
2808.32792,0.04866
2806.39912,0.04860
2804.47033,0.04878
2802.54153,0.04885
2800.61273,0.04880
2798.68394,0.04874
2796.75514,0.04851
2794.82634,0.04806
2792.89755,0.04756
2790.96875,0.04732
2789.03995,0.04757
2787.11116,0.04801
2785.18236,0.04813
2783.25356,0.04804
2781.32477,0.04799
2779.39597,0.04776
2777.46717,0.04722
2775.53838,0.04666
2773.60958,0.04635
2771.68078,0.04631
2769.75199,0.04640
2767.82319,0.04651
2765.89439,0.04653
2763.96560,0.04634
2762.03680,0.04609
2760.10800,0.04597
2758.17921,0.04591
2756.25041,0.04581
2754.32161,0.04568
2752.39282,0.04548
2750.46402,0.04529
2748.53522,0.04525
2746.60643,0.04541
2744.67763,0.04556
2742.74883,0.04547
2740.82004,0.04534
2738.89124,0.04534
2736.96244,0.04551
2735.03365,0.04582
2733.10485,0.04603
2731.17605,0.04605
2729.24726,0.04611
2727.31846,0.04625
2725.38967,0.04620
2723.46087,0.04597
2721.53207,0.04578
2719.60328,0.04576
2717.67448,0.04580
2715.74568,0.04580
2713.81689,0.04562
2711.88809,0.04530
2709.95929,0.04507
2708.03050,0.04509
2706.10170,0.04521
2704.17290,0.04525
2702.24411,0.04517
2700.31531,0.04517
2698.38651,0.04526
2696.45772,0.04519
2694.52892,0.04502
2692.60012,0.04501
2690.67133,0.04511
2688.74253,0.04518
2686.81373,0.04526
2684.88494,0.04538
2682.95614,0.04547
2681.02734,0.04559
2679.09855,0.04583
2677.16975,0.04599
2675.24095,0.04585
2673.31216,0.04553
2671.38336,0.04521
2669.45456,0.04501
2667.52577,0.04500
2665.59697,0.04510
2663.66817,0.04513
2661.73938,0.04499
2659.81058,0.04474
2657.88178,0.04462
2655.95299,0.04461
2654.02419,0.04467
2652.09539,0.04487
2650.16660,0.04503
2648.23780,0.04499
2646.30900,0.04499
2644.38021,0.04517
2642.45141,0.04540
2640.52261,0.04550
2638.59382,0.04538
2636.66502,0.04529
2634.73622,0.04553
2632.80743,0.04592
2630.87863,0.04622
2628.94983,0.04640
2627.02104,0.04653
2625.09224,0.04659
2623.16344,0.04652
2621.23465,0.04638
2619.30585,0.04627
2617.37705,0.04612
2615.44826,0.04578
2613.51946,0.04547
2611.59066,0.04541
2609.66187,0.04535
2607.73307,0.04520
2605.80427,0.04530
2603.87548,0.04574
2601.94668,0.04604
2600.01788,0.04598
2598.08909,0.04614
2596.16029,0.04675
2594.23149,0.04695
2592.30270,0.04653
2590.37390,0.04656
2588.44510,0.04713
2586.51631,0.04725
2584.58751,0.04699
2582.65871,0.04686
2580.72992,0.04680
2578.80112,0.04666
2576.87232,0.04655
2574.94353,0.04654
2573.01473,0.04647
2571.08593,0.04652
2569.15714,0.04673
2567.22834,0.04661
2565.29954,0.04623
2563.37075,0.04592
2561.44195,0.04569
2559.51315,0.04561
2557.58436,0.04551
2555.65556,0.04535
2553.72676,0.04541
2551.79797,0.04554
2549.86917,0.04559
2547.94037,0.04571
2546.01158,0.04588
2544.08278,0.04615
2542.15398,0.04646
2540.22519,0.04651
2538.29639,0.04637
2536.36759,0.04620
2534.43880,0.04626
2532.51000,0.04670
2530.58120,0.04701
2528.65241,0.04668
2526.72361,0.04592
2524.79481,0.04533
2522.86602,0.04519
2520.93722,0.04536
2519.00842,0.04547
2517.07963,0.04530
2515.15083,0.04519
2513.22203,0.04515
2511.29324,0.04479
2509.36444,0.04426
2507.43564,0.04400
2505.50685,0.04396
2503.57805,0.04398
2501.64925,0.04412
2499.72046,0.04434
2497.79166,0.04453
2495.86286,0.04467
2493.93407,0.04489
2492.00527,0.04486
2490.07647,0.04433
2488.14768,0.04412
2486.21888,0.04482
2484.29008,0.04563
2482.36129,0.04579
2480.43249,0.04541
2478.50369,0.04486
2476.57490,0.04450
2474.64610,0.04441
2472.71730,0.04432
2470.78851,0.04417
2468.85971,0.04411
2466.93091,0.04399
2465.00212,0.04374
2463.07332,0.04355
2461.14452,0.04358
2459.21573,0.04375
2457.28693,0.04381
2455.35813,0.04356
2453.42934,0.04315
2451.50054,0.04303
2449.57174,0.04298
2447.64295,0.04252
2445.71415,0.04198
2443.78535,0.04202
2441.85656,0.04255
2439.92776,0.04305
2437.99896,0.04328
2436.07017,0.04339
2434.14137,0.04350
2432.21257,0.04356
2430.28378,0.04334
2428.35498,0.04282
2426.42618,0.04244
2424.49739,0.04244
2422.56859,0.04239
2420.63979,0.04199
2418.71100,0.04160
2416.78220,0.04142
2414.85340,0.04115
2412.92461,0.04075
2410.99581,0.04057
2409.06701,0.04071
2407.13822,0.04071
2405.20942,0.04031
2403.28062,0.04002
2401.35183,0.04007
2399.42303,0.03994
2397.49423,0.03958
2395.56544,0.03940
2393.63664,0.03950
2391.70784,0.03984
2389.77905,0.04064
2387.85025,0.04270
2385.92145,0.04687
2383.99266,0.05362
2382.06386,0.06307
2380.13506,0.07482
2378.20627,0.08771
2376.27747,0.10077
2374.34867,0.11408
2372.41988,0.12786
2370.49108,0.14145
2368.56228,0.15388
2366.63349,0.16501
2364.70469,0.17457
2362.77589,0.18112
2360.84710,0.18365
2358.91830,0.18180
2356.98951,0.17457
2355.06071,0.16177
2353.13191,0.14487
2351.20312,0.12816
2349.27432,0.11948
2347.34552,0.12353
2345.41673,0.13579
2343.48793,0.14440
2341.55913,0.14553
2339.63034,0.14372
2337.70154,0.14123
2335.77274,0.13902
2333.84395,0.13827
2331.91515,0.13829
2329.98635,0.13626
2328.05756,0.13171
2326.12876,0.12748
2324.19996,0.12497
2322.27117,0.12200
2320.34237,0.11577
2318.41357,0.10699
2316.48478,0.09906
2314.55598,0.09404
2312.62718,0.09068
2310.69839,0.08670
2308.76959,0.08166
2306.84079,0.07605
2304.91200,0.07047
2302.98320,0.06590
2301.05440,0.06270
2299.12561,0.06011
2297.19681,0.05753
2295.26801,0.05504
2293.33922,0.05259
2291.41042,0.05014
2289.48162,0.04804
2287.55283,0.04635
2285.62403,0.04502
2283.69523,0.04430
2281.76644,0.04421
2279.83764,0.04450
2277.90884,0.04518
2275.98005,0.04605
2274.05125,0.04639
2272.12245,0.04621
2270.19366,0.04627
2268.26486,0.04672
2266.33606,0.04704
2264.40727,0.04698
2262.47847,0.04698
2260.54967,0.04765
2258.62088,0.04888
2256.69208,0.04991
2254.76328,0.04991
2252.83449,0.04861
2250.90569,0.04748
2248.97689,0.04800
2247.04810,0.04898
2245.11930,0.04906
2243.19050,0.04905
2241.26171,0.04934
2239.33291,0.04974
2237.40411,0.05014
2235.47532,0.05025
2233.54652,0.05025
2231.61772,0.05027
2229.68893,0.05081
2227.76013,0.05218
2225.83133,0.05287
2223.90254,0.05208
2221.97374,0.05150
2220.04494,0.05207
2218.11615,0.05246
2216.18735,0.05212
2214.25855,0.05176
2212.32976,0.05146
2210.40096,0.05172
2208.47216,0.05279
2206.54337,0.05282
2204.61457,0.05160
2202.68577,0.05161
2200.75698,0.05367
2198.82818,0.05590
2196.89938,0.05666
2194.97059,0.05677
2193.04179,0.05746
2191.11299,0.05814
2189.18420,0.05875
2187.25540,0.05997
2185.32660,0.06038
2183.39781,0.05921
2181.46901,0.05891
2179.54021,0.06041
2177.61142,0.06119
2175.68262,0.06073
2173.75382,0.06135
2171.82503,0.06314
2169.89623,0.06399
2167.96743,0.06389
2166.03864,0.06414
2164.10984,0.06466
2162.18104,0.06534
2160.25225,0.06685
2158.32345,0.06884
2156.39465,0.06930
2154.46586,0.06675
2152.53706,0.06228
2150.60826,0.05829
2148.67947,0.05558
2146.75067,0.05358
2144.82187,0.05240
2142.89308,0.05137
2140.96428,0.04951
2139.03548,0.04761
2137.10669,0.04625
2135.17789,0.04481
2133.24909,0.04311
2131.32030,0.04184
2129.39150,0.04100
2127.46270,0.03988
2125.53391,0.03870
2123.60511,0.03775
2121.67631,0.03671
2119.74752,0.03577
2117.81872,0.03546
2115.88992,0.03570
2113.96113,0.03584
2112.03233,0.03568
2110.10353,0.03578
2108.17474,0.03610
2106.24594,0.03609
2104.31714,0.03594
2102.38835,0.03609
2100.45955,0.03639
2098.53075,0.03661
2096.60196,0.03656
2094.67316,0.03635
2092.74436,0.03603
2090.81557,0.03566
2088.88677,0.03584
2086.95797,0.03652
2085.02918,0.03690
2083.10038,0.03687
2081.17158,0.03678
2079.24279,0.03671
2077.31399,0.03701
2075.38519,0.03762
2073.45640,0.03781
2071.52760,0.03785
2069.59880,0.03854
2067.67001,0.03972
2065.74121,0.04064
2063.81241,0.04074
2061.88362,0.03998
2059.95482,0.03891
2058.02602,0.03834
2056.09723,0.03874
2054.16843,0.04006
2052.23963,0.04175
2050.31084,0.04343
2048.38204,0.04498
2046.45324,0.04590
2044.52445,0.04654
2042.59565,0.04792
2040.66685,0.04960
2038.73806,0.04998
2036.80926,0.04870
2034.88046,0.04746
2032.95167,0.04759
2031.02287,0.04841
2029.09407,0.04869
2027.16528,0.04852
2025.23648,0.04870
2023.30768,0.04939
2021.37889,0.04923
2019.45009,0.04819
2017.52129,0.04825
2015.59250,0.04855
2013.66370,0.04732
2011.73490,0.04625
2009.80611,0.04664
2007.87731,0.04671
2005.94851,0.04474
2004.01972,0.04256
2002.09092,0.04253
2000.16212,0.04320
1998.23333,0.04253
1996.30453,0.04113
1994.37574,0.04046
1992.44694,0.04110
1990.51814,0.04213
1988.58935,0.04192
1986.66055,0.04055
1984.73175,0.03990
1982.80296,0.04105
1980.87416,0.04272
1978.94536,0.04277
1977.01657,0.04131
1975.08777,0.04103
1973.15897,0.04163
1971.23018,0.04082
1969.30138,0.03973
1967.37258,0.03990
1965.44379,0.03986
1963.51499,0.03849
1961.58619,0.03702
1959.65740,0.03668
1957.72860,0.03669
1955.79980,0.03597
1953.87101,0.03523
1951.94221,0.03516
1950.01341,0.03503
1948.08462,0.03440
1946.15582,0.03450
1944.22702,0.03601
1942.29823,0.03640
1940.36943,0.03409
1938.44063,0.03140
1936.51184,0.03032
1934.58304,0.03093
1932.65424,0.03158
1930.72545,0.03122
1928.79665,0.03075
1926.86785,0.03103
1924.93906,0.03210
1923.01026,0.03294
1921.08146,0.03322
1919.15267,0.03343
1917.22387,0.03243
1915.29507,0.03036
1913.36628,0.02957
1911.43748,0.03047
1909.50868,0.03128
1907.57989,0.03070
1905.65109,0.02944
1903.72229,0.02881
1901.79350,0.02887
1899.86470,0.02922
1897.93590,0.03003
1896.00711,0.03099
1894.07831,0.03136
1892.14951,0.03199
1890.22072,0.03307
1888.29192,0.03250
1886.36312,0.03063
1884.43433,0.02952
1882.50553,0.02923
1880.57673,0.02913
1878.64794,0.02896
1876.71914,0.02872
1874.79034,0.02875
1872.86155,0.03018
1870.93275,0.03383
1869.00395,0.03665
1867.07516,0.03478
1865.14636,0.03079
1863.21756,0.02862
1861.28877,0.02818
1859.35997,0.02809
1857.43117,0.02789
1855.50238,0.02776
1853.57358,0.02789
1851.64478,0.02848
1849.71599,0.03006
1847.78719,0.03305
1845.85839,0.03675
1843.92960,0.03746
1842.00080,0.03377
1840.07200,0.03069
1838.14321,0.03022
1836.21441,0.03030
1834.28561,0.03062
1832.35682,0.03308
1830.42802,0.03603
1828.49922,0.03597
1826.57043,0.03459
1824.64163,0.03289
1822.71283,0.02995
1820.78404,0.02780
1818.85524,0.02752
1816.92644,0.02766
1814.99765,0.02799
1813.06885,0.02947
1811.14005,0.03092
1809.21126,0.03048
1807.28246,0.02914
1805.35366,0.02931
1803.42487,0.03182
1801.49607,0.03451
1799.56727,0.03465
1797.63848,0.03357
1795.70968,0.03470
1793.78088,0.03833
1791.85209,0.03943
1789.92329,0.03525
1787.99449,0.03161
1786.06570,0.03139
1784.13690,0.03223
1782.20810,0.03286
1780.27931,0.03289
1778.35051,0.03216
1776.42171,0.03312
1774.49292,0.03735
1772.56412,0.04124
1770.63532,0.04016
1768.70653,0.03606
1766.77773,0.03204
1764.84893,0.03072
1762.92014,0.03258
1760.99134,0.03370
1759.06254,0.03329
1757.13375,0.03303
1755.20495,0.03277
1753.27615,0.03526
1751.34736,0.04103
1749.41856,0.04382
1747.48976,0.04149
1745.56097,0.03877
1743.63217,0.03793
1741.70337,0.03827
1739.77458,0.03800
1737.84578,0.03804
1735.91698,0.04207
1733.98819,0.04642
1732.05939,0.04297
1730.13059,0.03652
1728.20180,0.03159
1726.27300,0.02926
1724.34420,0.02952
1722.41541,0.03140
1720.48661,0.03708
1718.55781,0.04649
1716.62902,0.05050
1714.70022,0.04533
1712.77142,0.03919
1710.84263,0.03711
1708.91383,0.04002
1706.98503,0.04643
1705.05624,0.05265
1703.12744,0.05930
1701.19864,0.06994
1699.26985,0.07894
1697.34105,0.08238
1695.41225,0.08386
1693.48346,0.08491
1691.55466,0.09067
1689.62586,0.10264
1687.69707,0.11794
1685.76827,0.13850
1683.83947,0.15983
1681.91068,0.16870
1679.98188,0.17372
1678.05308,0.18422
1676.12429,0.20006
1674.19549,0.21562
1672.26669,0.22837
1670.33790,0.24096
1668.40910,0.24873
1666.48030,0.25107
1664.55151,0.25574
1662.62271,0.26150
1660.69391,0.26276
1658.76512,0.26308
1656.83632,0.26882
1654.90752,0.28163
1652.97873,0.28954
1651.04993,0.28381
1649.12113,0.28315
1647.19234,0.28901
1645.26354,0.29064
1643.33474,0.29093
1641.40595,0.29812
1639.47715,0.31314
1637.54835,0.33519
1635.61956,0.35850
1633.69076,0.37173
1631.76197,0.38140
1629.83317,0.39631
1627.90437,0.41342
1625.97558,0.42746
1624.04678,0.43723
1622.11798,0.44065
1620.18919,0.44072
1618.26039,0.44223
1616.33159,0.44034
1614.40280,0.43323
1612.47400,0.42895
1610.54520,0.42997
1608.61641,0.43405
1606.68761,0.43957
1604.75881,0.44717
1602.83002,0.45671
1600.90122,0.46641
1598.97242,0.47519
1597.04363,0.48256
1595.11483,0.48691
1593.18603,0.48646
1591.25724,0.48134
1589.32844,0.47194
1587.39964,0.45863
1585.47085,0.44223
1583.54205,0.42347
1581.61325,0.40394
1579.68446,0.38706
1577.75566,0.37132
1575.82686,0.34822
1573.89807,0.32340
1571.96927,0.30638
1570.04047,0.29080
1568.11168,0.27168
1566.18288,0.25407
1564.25408,0.24131
1562.32529,0.23684
1560.39649,0.24018
1558.46769,0.23278
1556.53890,0.21101
1554.61010,0.19357
1552.68130,0.18188
1550.75251,0.17346
1548.82371,0.16637
1546.89491,0.16294
1544.96612,0.16516
1543.03732,0.16993
1541.10852,0.17113
1539.17973,0.15964
1537.25093,0.14520
1535.32213,0.13960
1533.39334,0.13692
1531.46454,0.13085
1529.53574,0.12701
1527.60695,0.12791
1525.67815,0.12958
1523.74935,0.13165
1521.82056,0.13309
1519.89176,0.13020
1517.96296,0.12581
1516.03417,0.12061
1514.10537,0.11519
1512.17657,0.11471
1510.24778,0.12188
1508.31898,0.13290
1506.39018,0.13186
1504.46139,0.11762
1502.53259,0.11007
1500.60379,0.11207
1498.67500,0.11845
1496.74620,0.12245
1494.81740,0.12303
1492.88861,0.12766
1490.95981,0.13935
1489.03101,0.15016
1487.10222,0.15389
1485.17342,0.15685
1483.24462,0.16438
1481.31583,0.17585
1479.38703,0.18946
1477.45823,0.20597
1475.52944,0.22533
1473.60064,0.24345
1471.67184,0.25358
1469.74305,0.25680
1467.81425,0.26223
1465.88545,0.27120
1463.95666,0.27667
1462.02786,0.27863
1460.09906,0.28415
1458.17027,0.29036
1456.24147,0.28199
1454.31267,0.26318
1452.38388,0.24746
1450.45508,0.23546
1448.52628,0.22367
1446.59749,0.20899
1444.66869,0.19367
1442.73989,0.18053
1440.81110,0.17079
1438.88230,0.16534
1436.95350,0.15918
1435.02471,0.14731
1433.09591,0.13610
1431.16711,0.12865
1429.23832,0.12145
1427.30952,0.11454
1425.38072,0.11022
1423.45193,0.10759
1421.52313,0.10700
1419.59433,0.10773
1417.66554,0.10321
1415.73674,0.09438
1413.80794,0.08802
1411.87915,0.08483
1409.95035,0.08266
1408.02155,0.08154
1406.09276,0.08157
1404.16396,0.08039
1402.23516,0.07887
1400.30637,0.08004
1398.37757,0.08225
1396.44877,0.08250
1394.51998,0.07952
1392.59118,0.07433
1390.66238,0.07162
1388.73359,0.07245
1386.80479,0.07201
1384.87599,0.06843
1382.94720,0.06549
1381.01840,0.06472
1379.08960,0.06497
1377.16081,0.06619
1375.23201,0.06776
1373.30321,0.06680
1371.37442,0.06379
1369.44562,0.06192
1367.51682,0.06140
1365.58803,0.06263
1363.65923,0.06542
1361.73043,0.06551
1359.80164,0.06217
1357.87284,0.05949
1355.94404,0.05867
1354.01525,0.05827
1352.08645,0.05784
1350.15765,0.05767
1348.22886,0.05750
1346.30006,0.05723
1344.37126,0.05760
1342.44247,0.05987
1340.51367,0.06313
1338.58487,0.06368
1336.65608,0.06083
1334.72728,0.05782
1332.79848,0.05629
1330.86969,0.05569
1328.94089,0.05532
1327.01209,0.05498
1325.08330,0.05472
1323.15450,0.05479
1321.22570,0.05544
1319.29691,0.05620
1317.36811,0.05620
1315.43931,0.05577
1313.51052,0.05539
1311.58172,0.05479
1309.65292,0.05417
1307.72413,0.05384
1305.79533,0.05362
1303.86653,0.05353
1301.93774,0.05362
1300.00894,0.05384
1298.08014,0.05409
1296.15135,0.05420
1294.22255,0.05408
1292.29375,0.05403
1290.36496,0.05421
1288.43616,0.05436
1286.50736,0.05411
1284.57857,0.05366
1282.64977,0.05340
1280.72097,0.05325
1278.79218,0.05302
1276.86338,0.05281
1274.93458,0.05285
1273.00579,0.05321
1271.07699,0.05352
1269.14820,0.05354
1267.21940,0.05352
1265.29060,0.05366
1263.36181,0.05393
1261.43301,0.05422
1259.50421,0.05429
1257.57542,0.05411
1255.64662,0.05400
1253.71782,0.05410
1251.78903,0.05433
1249.86023,0.05460
1247.93143,0.05487
1246.00264,0.05516
1244.07384,0.05547
1242.14504,0.05568
1240.21625,0.05573
1238.28745,0.05571
1236.35865,0.05571
1234.42986,0.05572
1232.50106,0.05578
1230.57226,0.05597
1228.64347,0.05620
1226.71467,0.05640
1224.78587,0.05656
1222.85708,0.05678
1220.92828,0.05717
1218.99948,0.05772
1217.07069,0.05830
1215.14189,0.05887
1213.21309,0.05945
1211.28430,0.06012
1209.35550,0.06085
1207.42670,0.06165
1205.49791,0.06256
1203.56911,0.06353
1201.64031,0.06451
1199.71152,0.06564
1197.78272,0.06695
1195.85392,0.06836
1193.92513,0.06986
1191.99633,0.07156
1190.06753,0.07357
1188.13874,0.07584
1186.20994,0.07815
1184.28114,0.08050
1182.35235,0.08317
1180.42355,0.08643
1178.49475,0.09024
1176.56596,0.09443
1174.63716,0.09887
1172.70836,0.10347
1170.77957,0.10826
1168.85077,0.11322
1166.92197,0.11814
1164.99318,0.12275
1163.06438,0.12680
1161.13558,0.12999
1159.20679,0.13205
1157.27799,0.13287
1155.34919,0.13239
1153.42040,0.13071
1151.49160,0.12807
1149.56280,0.12459
1147.63401,0.12041
1145.70521,0.11576
1143.77641,0.11091
1141.84762,0.10608
1139.91882,0.10141
1137.99002,0.09696
1136.06123,0.09274
1134.13243,0.08887
1132.20363,0.08542
1130.27484,0.08246
1128.34604,0.07992
1126.41724,0.07767
1124.48845,0.07571
1122.55965,0.07406
1120.63085,0.07274
1118.70206,0.07164
1116.77326,0.07063
1114.84446,0.06976
1112.91567,0.06909
1110.98687,0.06854
1109.05807,0.06807
1107.12928,0.06772
1105.20048,0.06751
1103.27168,0.06735
1101.34289,0.06722
1099.41409,0.06717
1097.48529,0.06717
1095.55650,0.06718
1093.62770,0.06724
1091.69890,0.06733
1089.77011,0.06750
1087.84131,0.06771
1085.91251,0.06786
1083.98372,0.06799
1082.05492,0.06819
1080.12612,0.06849
1078.19733,0.06886
1076.26853,0.06926
1074.33973,0.06971
1072.41094,0.07022
1070.48214,0.07071
1068.55334,0.07104
1066.62455,0.07123
1064.69575,0.07141
1062.76695,0.07149
1060.83816,0.07129
1058.90936,0.07093
1056.98056,0.07060
1055.05177,0.07024
1053.12297,0.06973
1051.19417,0.06911
1049.26538,0.06845
1047.33658,0.06779
1045.40778,0.06715
1043.47899,0.06646
1041.55019,0.06563
1039.62139,0.06470
1037.69260,0.06383
1035.76380,0.06303
1033.83500,0.06223
1031.90621,0.06148
1029.97741,0.06081
1028.04861,0.06013
1026.11982,0.05946
1024.19102,0.05897
1022.26222,0.05868
1020.33343,0.05840
1018.40463,0.05807
1016.47583,0.05785
1014.54704,0.05779
1012.61824,0.05777
1010.68944,0.05764
1008.76065,0.05736
1006.83185,0.05691
1004.90305,0.05633
1002.97426,0.05567
1001.04546,0.05504
999.11666,0.05450
997.18787,0.05403
995.25907,0.05355
993.33027,0.05302
991.40148,0.05253
989.47268,0.05207
987.54388,0.05152
985.61509,0.05091
983.68629,0.05038
981.75749,0.04991
979.82870,0.04939
977.89990,0.04880
975.97110,0.04822
974.04231,0.04774
972.11351,0.04733
970.18471,0.04697
968.25592,0.04675
966.32712,0.04669
964.39832,0.04667
962.46953,0.04656
960.54073,0.04633
958.61193,0.04598
956.68314,0.04557
954.75434,0.04520
952.82554,0.04500
950.89675,0.04490
948.96795,0.04463
947.03915,0.04415
945.11036,0.04365
943.18156,0.04313
941.25276,0.04252
939.32397,0.04183
937.39517,0.04117
935.46637,0.04053
933.53758,0.03990
931.60878,0.03928
929.67998,0.03873
927.75119,0.03833
925.82239,0.03800
923.89359,0.03753
921.96480,0.03687
920.03600,0.03626
918.10720,0.03584
916.17841,0.03551
914.24961,0.03520
912.32081,0.03495
910.39202,0.03477
908.46322,0.03451
906.53443,0.03409
904.60563,0.03368
902.67683,0.03342
900.74804,0.03322
898.81924,0.03291
896.89044,0.03241
894.96165,0.03181
893.03285,0.03118
891.10405,0.03053
889.17526,0.02983
887.24646,0.02906
885.31766,0.02819
883.38887,0.02739
881.46007,0.02674
879.53127,0.02618
877.60248,0.02570
875.67368,0.02532
873.74488,0.02494
871.81609,0.02457
869.88729,0.02424
867.95849,0.02392
866.02970,0.02369
864.10090,0.02362
862.17210,0.02355
860.24331,0.02337
858.31451,0.02317
856.38571,0.02302
854.45692,0.02295
852.52812,0.02290
850.59932,0.02274
848.67053,0.02241
846.74173,0.02207
844.81293,0.02176
842.88414,0.02136
840.95534,0.02092
839.02654,0.02062
837.09775,0.02036
835.16895,0.02002
833.24015,0.01973
831.31136,0.01953
829.38256,0.01932
827.45376,0.01904
825.52497,0.01885
823.59617,0.01898
821.66737,0.01938
819.73858,0.01971
817.80978,0.01993
815.88098,0.02030
813.95219,0.02079
812.02339,0.02116
810.09459,0.02156
808.16580,0.02216
806.23700,0.02282
804.30820,0.02347
802.37941,0.02422
800.45061,0.02507
798.52181,0.02594
796.59302,0.02685
794.66422,0.02775
792.73542,0.02850
790.80663,0.02910
788.87783,0.02973
786.94903,0.03047
785.02024,0.03102
783.09144,0.03093
781.16264,0.03013
779.23385,0.02899
777.30505,0.02777
775.37625,0.02651
773.44746,0.02545
771.51866,0.02485
769.58986,0.02458
767.66107,0.02438
765.73227,0.02429
763.80347,0.02432
761.87468,0.02431
759.94588,0.02423
758.01708,0.02428
756.08829,0.02451
754.15949,0.02479
752.23069,0.02511
750.30190,0.02535
748.37310,0.02535
