3496.90832,0.07198
3494.97953,0.06458
3493.05073,0.05976
3491.12193,0.06154
3489.19314,0.06714
3487.26434,0.07253
3485.33554,0.07106
3483.40675,0.06514
3481.47795,0.06209
3479.54915,0.06285
3477.62036,0.06939
3475.69156,0.07871
3473.76276,0.08121
3471.83397,0.07647
3469.90517,0.06934
3467.97637,0.06260
3466.04758,0.06297
3464.11878,0.07125
3462.18998,0.07427
3460.26119,0.06998
3458.33239,0.06685
3456.40359,0.06376
3454.47480,0.06351
3452.54600,0.06893
3450.61721,0.06997
3448.68841,0.06117
3446.75961,0.05382
3444.83082,0.05697
3442.90202,0.06247
3440.97322,0.06225
3439.04443,0.05743
3437.11563,0.05158
3435.18683,0.04994
3433.25804,0.05232
3431.32924,0.05058
3429.40044,0.04771
3427.47165,0.05367
3425.54285,0.06321
3423.61405,0.06664
3421.68526,0.06254
3419.75646,0.05692
3417.82766,0.05654
3415.89887,0.05492
3413.97007,0.04761
3412.04127,0.04371
3410.11248,0.04690
3408.18368,0.04913
3406.25488,0.04525
3404.32609,0.04031
3402.39729,0.03956
3400.46849,0.04328
3398.53970,0.04429
3396.61090,0.03778
3394.68210,0.03557
3392.75331,0.04177
3390.82451,0.04507
3388.89571,0.04669
3386.96692,0.05311
3385.03812,0.05875
3383.10932,0.05574
3381.18053,0.04821
3379.25173,0.04750
3377.32293,0.05532
3375.39414,0.06169
3373.46534,0.06074
3371.53654,0.05741
3369.60775,0.05791
3367.67895,0.06371
3365.75015,0.07003
3363.82136,0.06808
3361.89256,0.05973
3359.96376,0.05681
3358.03497,0.05954
3356.10617,0.06121
3354.17737,0.06368
3352.24858,0.06885
3350.31978,0.07318
3348.39098,0.07155
3346.46219,0.06439
3344.53339,0.06038
3342.60459,0.06356
3340.67580,0.06749
3338.74700,0.06438
3336.81820,0.05698
3334.88941,0.05122
3332.96061,0.04544
3331.03181,0.04221
3329.10302,0.04736
3327.17422,0.05477
3325.24542,0.05567
3323.31663,0.05329
3321.38783,0.05330
3319.45903,0.05362
3317.53024,0.05234
3315.60144,0.05003
3313.67264,0.04531
3311.74385,0.03817
3309.81505,0.03464
3307.88625,0.04169
3305.95746,0.05079
3304.02866,0.04764
3302.09986,0.03781
3300.17107,0.03237
3298.24227,0.02978
3296.31347,0.02965
3294.38468,0.03507
3292.45588,0.04135
3290.52708,0.04123
3288.59829,0.03815
3286.66949,0.03798
3284.74069,0.03827
3282.81190,0.03749
3280.88310,0.03391
3278.95430,0.02960
3277.02551,0.03197
3275.09671,0.03734
3273.16791,0.03881
3271.23912,0.03796
3269.31032,0.03606
3267.38152,0.03341
3265.45273,0.03092
3263.52393,0.02866
3261.59513,0.02789
3259.66634,0.02958
3257.73754,0.03519
3255.80874,0.04376
3253.87995,0.04587
3251.95115,0.03724
3250.02235,0.02816
3248.09356,0.02603
3246.16476,0.02876
3244.23596,0.03423
3242.30717,0.03680
3240.37837,0.03337
3238.44957,0.03356
3236.52078,0.03983
3234.59198,0.04321
3232.66318,0.04119
3230.73439,0.03722
3228.80559,0.03634
3226.87679,0.03989
3224.94800,0.04273
3223.01920,0.04243
3221.09040,0.04211
3219.16161,0.04474
3217.23281,0.05088
3215.30401,0.05781
3213.37522,0.05969
3211.44642,0.05759
3209.51762,0.05799
3207.58883,0.05861
3205.66003,0.05473
3203.73123,0.04992
3201.80244,0.04987
3199.87364,0.05328
3197.94484,0.05521
3196.01605,0.05519
3194.08725,0.05471
3192.15845,0.05268
3190.22966,0.05028
3188.30086,0.04976
3186.37206,0.04752
3184.44327,0.04278
3182.51447,0.04158
3180.58567,0.04627
3178.65688,0.05253
3176.72808,0.05415
3174.79928,0.05051
3172.87049,0.04650
3170.94169,0.04471
3169.01289,0.04354
3167.08410,0.04143
3165.15530,0.04003
3163.22650,0.03930
3161.29771,0.03824
3159.36891,0.03768
3157.44011,0.03726
3155.51132,0.03769
3153.58252,0.03993
3151.65372,0.04163
3149.72493,0.04076
3147.79613,0.03919
3145.86733,0.03922
3143.93854,0.03949
3142.00974,0.03950
3140.08094,0.04070
3138.15215,0.04181
3136.22335,0.04074
3134.29455,0.03841
3132.36576,0.03691
3130.43696,0.03655
3128.50816,0.03577
3126.57937,0.03360
3124.65057,0.03208
3122.72177,0.03399
3120.79298,0.03788
3118.86418,0.03966
3116.93538,0.03846
3115.00659,0.03711
3113.07779,0.03773
3111.14899,0.03926
3109.22020,0.03914
3107.29140,0.03785
3105.36260,0.03775
3103.43381,0.03828
3101.50501,0.03841
3099.57621,0.03802
3097.64742,0.03585
3095.71862,0.03318
3093.78982,0.03299
3091.86103,0.03436
3089.93223,0.03534
3088.00344,0.03553
3086.07464,0.03469
3084.14584,0.03399
3082.21705,0.03495
3080.28825,0.03635
3078.35945,0.03635
3076.43066,0.03595
3074.50186,0.03642
3072.57306,0.03692
3070.64427,0.03684
3068.71547,0.03641
3066.78667,0.03631
3064.85788,0.03689
3062.92908,0.03715
3061.00028,0.03666
3059.07149,0.03612
3057.14269,0.03604
3055.21389,0.03670
3053.28510,0.03781
3051.35630,0.03808
3049.42750,0.03681
3047.49871,0.03534
3045.56991,0.03532
3043.64111,0.03659
3041.71232,0.03767
3039.78352,0.03776
3037.85472,0.03768
3035.92593,0.03813
3033.99713,0.03869
3032.06833,0.03921
3030.13954,0.03965
3028.21074,0.03984
3026.28194,0.04009
3024.35315,0.04017
3022.42435,0.03974
3020.49555,0.03932
3018.56676,0.03939
3016.63796,0.04006
3014.70916,0.04110
3012.78037,0.04191
3010.85157,0.04225
3008.92277,0.04220
3006.99398,0.04171
3005.06518,0.04099
3003.13638,0.04038
3001.20759,0.03999
2999.27879,0.03991
2997.34999,0.04019
2995.42120,0.04085
2993.49240,0.04139
2991.56360,0.04140
2989.63481,0.04141
2987.70601,0.04174
2985.77721,0.04190
2983.84842,0.04170
2981.91962,0.04185
2979.99082,0.04242
2978.06203,0.04279
2976.13323,0.04314
2974.20443,0.04366
2972.27564,0.04419
2970.34684,0.04467
2968.41804,0.04473
2966.48925,0.04446
2964.56045,0.04465
2962.63165,0.04536
2960.70286,0.04601
2958.77406,0.04634
2956.84526,0.04644
2954.91647,0.04650
2952.98767,0.04659
2951.05887,0.04646
2949.13008,0.04631
2947.20128,0.04646
2945.27248,0.04686
2943.34369,0.04720
2941.41489,0.04737
2939.48609,0.04773
2937.55730,0.04844
2935.62850,0.04928
2933.69970,0.05000
2931.77091,0.05042
2929.84211,0.05067
2927.91331,0.05097
2925.98452,0.05121
2924.05572,0.05121
2922.12692,0.05112
2920.19813,0.05138
2918.26933,0.05181
2916.34053,0.05169
2914.41174,0.05087
2912.48294,0.04989
2910.55414,0.04912
2908.62535,0.04869
2906.69655,0.04846
2904.76775,0.04820
2902.83896,0.04790
2900.91016,0.04769
2898.98136,0.04773
2897.05257,0.04780
2895.12377,0.04757
2893.19497,0.04735
2891.26618,0.04752
2889.33738,0.04778
2887.40858,0.04759
2885.47979,0.04712
2883.55099,0.04707
2881.62219,0.04751
2879.69340,0.04770
2877.76460,0.04746
2875.83580,0.04754
2873.90701,0.04811
2871.97821,0.04852
2870.04941,0.04855
2868.12062,0.04857
2866.19182,0.04874
2864.26302,0.04898
2862.33423,0.04930
2860.40543,0.04979
2858.47663,0.05032
2856.54784,0.05058
2854.61904,0.05071
2852.69024,0.05083
2850.76145,0.05075
2848.83265,0.05060
2846.90385,0.05049
2844.97506,0.05026
2843.04626,0.04990
2841.11746,0.04958
2839.18867,0.04947
2837.25987,0.04939
2835.33107,0.04925
2833.40228,0.04934
2831.47348,0.04965
2829.54468,0.04968
2827.61589,0.04934
2825.68709,0.04908
2823.75829,0.04922
2821.82950,0.04953
2819.90070,0.04963
2817.97190,0.04961
2816.04311,0.04966
2814.11431,0.04969
2812.18551,0.04964
2810.25672,0.04947
2808.32792,0.04911
2806.39912,0.04871
2804.47033,0.04857
2802.54153,0.04874
2800.61273,0.04894
2798.68394,0.04886
2796.75514,0.04850
2794.82634,0.04806
2792.89755,0.04769
2790.96875,0.04759
2789.03995,0.04780
2787.11116,0.04788
2785.18236,0.04761
2783.25356,0.04745
2781.32477,0.04747
2779.39597,0.04740
2777.46717,0.04733
2775.53838,0.04721
2773.60958,0.04687
2771.68078,0.04654
2769.75199,0.04647
2767.82319,0.04661
2765.89439,0.04666
2763.96560,0.04643
2762.03680,0.04608
2760.10800,0.04583
2758.17921,0.04569
2756.25041,0.04552
2754.32161,0.04528
2752.39282,0.04506
2750.46402,0.04512
2748.53522,0.04545
2746.60643,0.04579
2744.67763,0.04594
2742.74883,0.04597
2740.82004,0.04593
2738.89124,0.04578
2736.96244,0.04571
2735.03365,0.04587
2733.10485,0.04598
2731.17605,0.04590
2729.24726,0.04585
2727.31846,0.04594
2725.38967,0.04600
2723.46087,0.04590
2721.53207,0.04577
2719.60328,0.04570
2717.67448,0.04570
2715.74568,0.04575
2713.81689,0.04586
2711.88809,0.04587
2709.95929,0.04564
2708.03050,0.04530
2706.10170,0.04518
2704.17290,0.04519
2702.24411,0.04502
2700.31531,0.04484
2698.38651,0.04498
2696.45772,0.04519
2694.52892,0.04527
2692.60012,0.04539
2690.67133,0.04555
2688.74253,0.04563
2686.81373,0.04563
2684.88494,0.04562
2682.95614,0.04556
2681.02734,0.04552
2679.09855,0.04565
2677.16975,0.04581
2675.24095,0.04574
2673.31216,0.04552
2671.38336,0.04529
2669.45456,0.04514
2667.52577,0.04506
2665.59697,0.04500
2663.66817,0.04493
2661.73938,0.04484
2659.81058,0.04471
2657.88178,0.04466
2655.95299,0.04467
2654.02419,0.04467
2652.09539,0.04471
2650.16660,0.04480
2648.23780,0.04491
2646.30900,0.04505
2644.38021,0.04510
2642.45141,0.04514
2640.52261,0.04518
2638.59382,0.04512
2636.66502,0.04517
2634.73622,0.04550
2632.80743,0.04589
2630.87863,0.04615
2628.94983,0.04619
2627.02104,0.04604
2625.09224,0.04600
2623.16344,0.04612
2621.23465,0.04623
2619.30585,0.04636
2617.37705,0.04647
2615.44826,0.04639
2613.51946,0.04622
2611.59066,0.04613
2609.66187,0.04599
2607.73307,0.04570
2605.80427,0.04553
2603.87548,0.04566
2601.94668,0.04590
2600.01788,0.04595
2598.08909,0.04595
2596.16029,0.04614
2594.23149,0.04630
2592.30270,0.04644
2590.37390,0.04694
2588.44510,0.04730
2586.51631,0.04695
2584.58751,0.04661
2582.65871,0.04668
2580.72992,0.04655
2578.80112,0.04642
2576.87232,0.04668
2574.94353,0.04677
2573.01473,0.04642
2571.08593,0.04621
2569.15714,0.04632
2567.22834,0.04645
2565.29954,0.04658
2563.37075,0.04661
2561.44195,0.04633
2559.51315,0.04582
2557.58436,0.04540
2555.65556,0.04526
2553.72676,0.04528
2551.79797,0.04526
2549.86917,0.04548
2547.94037,0.04612
2546.01158,0.04664
2544.08278,0.04666
2542.15398,0.04630
2540.22519,0.04589
2538.29639,0.04575
2536.36759,0.04598
2534.43880,0.04638
2532.51000,0.04666
2530.58120,0.04663
2528.65241,0.04641
2526.72361,0.04630
2524.79481,0.04602
2522.86602,0.04535
2520.93722,0.04495
2519.00842,0.04505
2517.07963,0.04519
2515.15083,0.04530
2513.22203,0.04510
2511.29324,0.04426
2509.36444,0.04346
2507.43564,0.04341
2505.50685,0.04371
2503.57805,0.04379
2501.64925,0.04383
2499.72046,0.04418
2497.79166,0.04458
2495.86286,0.04467
2493.93407,0.04451
2492.00527,0.04415
2490.07647,0.04389
2488.14768,0.04425
2486.21888,0.04503
2484.29008,0.04544
2482.36129,0.04528
2480.43249,0.04514
2478.50369,0.04516
2476.57490,0.04495
2474.64610,0.04454
2472.71730,0.04421
2470.78851,0.04407
2468.85971,0.04409
2466.93091,0.04397
2465.00212,0.04387
2463.07332,0.04405
2461.14452,0.04421
2459.21573,0.04410
2457.28693,0.04382
2455.35813,0.04327
2453.42934,0.04269
2451.50054,0.04255
2449.57174,0.04272
2447.64295,0.04266
2445.71415,0.04247
2443.78535,0.04263
2441.85656,0.04299
2439.92776,0.04330
2437.99896,0.04339
2436.07017,0.04307
2434.14137,0.04279
2432.21257,0.04291
2430.28378,0.04298
2428.35498,0.04288
2426.42618,0.04299
2424.49739,0.04317
2422.56859,0.04288
2420.63979,0.04208
2418.71100,0.04121
2416.78220,0.04070
2414.85340,0.04061
2412.92461,0.04062
2410.99581,0.04050
2409.06701,0.04042
2407.13822,0.04049
2405.20942,0.04052
2403.28062,0.04039
2401.35183,0.04014
2399.42303,0.03977
2397.49423,0.03950
2395.56544,0.03959
2393.63664,0.03987
2391.70784,0.04012
2389.77905,0.04072
2387.85025,0.04256
2385.92145,0.04660
2383.99266,0.05339
2382.06386,0.06299
2380.13506,0.07480
2378.20627,0.08771
2376.27747,0.10085
2374.34867,0.11421
2372.41988,0.12789
2370.49108,0.14140
2368.56228,0.15407
2366.63349,0.16530
2364.70469,0.17437
2362.77589,0.18056
2360.84710,0.18326
2358.91830,0.18142
2356.98951,0.17408
2355.06071,0.16162
2353.13191,0.14519
2351.20312,0.12866
2349.27432,0.12007
2347.34552,0.12438
2345.41673,0.13673
2343.48793,0.14495
2341.55913,0.14558
2339.63034,0.14343
2337.70154,0.14063
2335.77274,0.13816
2333.84395,0.13748
2331.91515,0.13778
2329.98635,0.13588
2328.05756,0.13154
2326.12876,0.12772
2324.19996,0.12527
2322.27117,0.12187
2320.34237,0.11542
2318.41357,0.10692
2316.48478,0.09938
2314.55598,0.09460
2312.62718,0.09126
2310.69839,0.08701
2308.76959,0.08164
2306.84079,0.07604
2304.91200,0.07062
2302.98320,0.06584
2301.05440,0.06199
2299.12561,0.05879
2297.19681,0.05618
2295.26801,0.05410
2293.33922,0.05216
2291.41042,0.05015
2289.48162,0.04817
2287.55283,0.04650
2285.62403,0.04541
2283.69523,0.04489
2281.76644,0.04483
2279.83764,0.04528
2277.90884,0.04588
2275.98005,0.04616
2274.05125,0.04624
2272.12245,0.04643
2270.19366,0.04662
2268.26486,0.04674
2266.33606,0.04689
2264.40727,0.04721
2262.47847,0.04770
2260.54967,0.04814
2258.62088,0.04829
2256.69208,0.04860
2254.76328,0.04915
2252.83449,0.04898
2250.90569,0.04793
2248.97689,0.04723
2247.04810,0.04755
2245.11930,0.04826
2243.19050,0.04902
2241.26171,0.04994
2239.33291,0.05050
2237.40411,0.05029
2235.47532,0.04998
2233.54652,0.05006
2231.61772,0.05015
2229.68893,0.05051
2227.76013,0.05129
2225.83133,0.05154
2223.90254,0.05104
2221.97374,0.05086
2220.04494,0.05181
2218.11615,0.05363
2216.18735,0.05493
2214.25855,0.05457
2212.32976,0.05288
2210.40096,0.05179
2208.47216,0.05249
2206.54337,0.05351
2204.61457,0.05363
2202.68577,0.05382
2200.75698,0.05499
2198.82818,0.05650
2196.89938,0.05694
2194.97059,0.05613
2193.04179,0.05565
2191.11299,0.05668
2189.18420,0.05858
2187.25540,0.06007
2185.32660,0.06068
2183.39781,0.06049
2181.46901,0.06019
2179.54021,0.06086
2177.61142,0.06163
2175.68262,0.06120
2173.75382,0.06013
2171.82503,0.05948
2169.89623,0.06018
2167.96743,0.06267
2166.03864,0.06564
2164.10984,0.06730
2162.18104,0.06843
2160.25225,0.07018
2158.32345,0.07092
2156.39465,0.06858
2154.46586,0.06446
2152.53706,0.06159
2150.60826,0.05982
2148.67947,0.05688
2146.75067,0.05316
2144.82187,0.05073
2142.89308,0.04967
2140.96428,0.04875
2139.03548,0.04800
2137.10669,0.04727
2135.17789,0.04593
2133.24909,0.04400
2131.32030,0.04201
2129.39150,0.04059
2127.46270,0.03955
2125.53391,0.03867
2123.60511,0.03786
2121.67631,0.03674
2119.74752,0.03566
2117.81872,0.03520
2115.88992,0.03529
2113.96113,0.03551
2112.03233,0.03554
2110.10353,0.03550
2108.17474,0.03562
2106.24594,0.03579
2104.31714,0.03599
2102.38835,0.03647
2100.45955,0.03706
2098.53075,0.03713
2096.60196,0.03645
2094.67316,0.03546
2092.74436,0.03504
2090.81557,0.03558
2088.88677,0.03657
2086.95797,0.03749
2085.02918,0.03809
2083.10038,0.03812
2081.17158,0.03762
2079.24279,0.03703
2077.31399,0.03680
2075.38519,0.03707
2073.45640,0.03759
2071.52760,0.03833
2069.59880,0.03924
2067.67001,0.04015
2065.74121,0.04038
2063.81241,0.03923
2061.88362,0.03765
2059.95482,0.03739
2058.02602,0.03833
2056.09723,0.03891
2054.16843,0.03911
2052.23963,0.03998
2050.31084,0.04196
2048.38204,0.04475
2046.45324,0.04716
2044.52445,0.04853
2042.59565,0.04975
2040.66685,0.05087
2038.73806,0.05042
2036.80926,0.04854
2034.88046,0.04781
2032.95167,0.04896
2031.02287,0.04959
2029.09407,0.04831
2027.16528,0.04655
2025.23648,0.04593
2023.30768,0.04624
2021.37889,0.04611
2019.45009,0.04605
2017.52129,0.04766
2015.59250,0.04955
2013.66370,0.04927
2011.73490,0.04715
2009.80611,0.04544
2007.87731,0.04426
2005.94851,0.04181
2004.01972,0.03968
2002.09092,0.04028
2000.16212,0.04199
1998.23333,0.04215
1996.30453,0.04107
1994.37574,0.04092
1992.44694,0.04187
1990.51814,0.04182
1988.58935,0.04112
1986.66055,0.04183
1984.73175,0.04310
1982.80296,0.04340
1980.87416,0.04329
1978.94536,0.04268
1977.01657,0.04149
1975.08777,0.04132
1973.15897,0.04111
1971.23018,0.03913
1969.30138,0.03775
1967.37258,0.03881
1965.44379,0.03983
1963.51499,0.03890
1961.58619,0.03761
1959.65740,0.03702
1957.72860,0.03634
1955.79980,0.03537
1953.87101,0.03451
1951.94221,0.03401
1950.01341,0.03401
1948.08462,0.03436
1946.15582,0.03543
1944.22702,0.03709
1942.29823,0.03711
1940.36943,0.03490
1938.44063,0.03264
1936.51184,0.03153
1934.58304,0.03139
1932.65424,0.03127
1930.72545,0.03073
1928.79665,0.03024
1926.86785,0.03055
1924.93906,0.03202
1923.01026,0.03308
1921.08146,0.03319
1919.15267,0.03356
1917.22387,0.03300
1915.29507,0.03108
1913.36628,0.03018
1911.43748,0.03086
1909.50868,0.03132
1907.57989,0.03053
1905.65109,0.02943
1903.72229,0.02902
1901.79350,0.02906
1899.86470,0.02932
1897.93590,0.03007
1896.00711,0.03083
1894.07831,0.03097
1892.14951,0.03164
1890.22072,0.03293
1888.29192,0.03256
1886.36312,0.03083
1884.43433,0.02966
1882.50553,0.02923
1880.57673,0.02911
1878.64794,0.02896
1876.71914,0.02865
1874.79034,0.02855
1872.86155,0.03004
1870.93275,0.03402
1869.00395,0.03711
1867.07516,0.03515
1865.14636,0.03093
1863.21756,0.02857
1861.28877,0.02800
1859.35997,0.02790
1857.43117,0.02774
1855.50238,0.02761
1853.57358,0.02771
1851.64478,0.02835
1849.71599,0.03003
1847.78719,0.03303
1845.85839,0.03670
1843.92960,0.03739
1842.00080,0.03375
1840.07200,0.03075
1838.14321,0.03022
1836.21441,0.03010
1834.28561,0.03036
1832.35682,0.03294
1830.42802,0.03601
1828.49922,0.03601
1826.57043,0.03472
1824.64163,0.03316
1822.71283,0.03029
1820.78404,0.02805
1818.85524,0.02759
1816.92644,0.02763
1814.99765,0.02800
1813.06885,0.02953
1811.14005,0.03098
1809.21126,0.03048
1807.28246,0.02910
1805.35366,0.02931
1803.42487,0.03190
1801.49607,0.03466
1799.56727,0.03482
1797.63848,0.03375
1795.70968,0.03483
1793.78088,0.03837
1791.85209,0.03940
1789.92329,0.03516
1787.99449,0.03153
1786.06570,0.03139
1784.13690,0.03228
1782.20810,0.03286
1780.27931,0.03287
1778.35051,0.03221
1776.42171,0.03327
1774.49292,0.03757
1772.56412,0.04151
1770.63532,0.04045
1768.70653,0.03627
1766.77773,0.03216
1764.84893,0.03085
1762.92014,0.03276
1760.99134,0.03389
1759.06254,0.03345
1757.13375,0.03319
1755.20495,0.03296
1753.27615,0.03544
1751.34736,0.04121
1749.41856,0.04402
1747.48976,0.04169
1745.56097,0.03891
1743.63217,0.03801
1741.70337,0.03825
1739.77458,0.03791
1737.84578,0.03804
1735.91698,0.04226
1733.98819,0.04666
1732.05939,0.04310
1730.13059,0.03659
1728.20180,0.03165
1726.27300,0.02928
1724.34420,0.02951
1722.41541,0.03143
1720.48661,0.03721
1718.55781,0.04672
1716.62902,0.05073
1714.70022,0.04546
1712.77142,0.03925
1710.84263,0.03718
1708.91383,0.04011
1706.98503,0.04656
1705.05624,0.05281
1703.12744,0.05941
1701.19864,0.06996
1699.26985,0.07897
1697.34105,0.08255
1695.41225,0.08408
1693.48346,0.08509
1691.55466,0.09089
1689.62586,0.10294
1687.69707,0.11827
1685.76827,0.13882
1683.83947,0.16014
1681.91068,0.16892
1679.98188,0.17387
1678.05308,0.18433
1676.12429,0.20009
1674.19549,0.21561
1672.26669,0.22843
1670.33790,0.24105
1668.40910,0.24869
1666.48030,0.25093
1664.55151,0.25561
1662.62271,0.26140
1660.69391,0.26274
1658.76512,0.26321
1656.83632,0.26919
1654.90752,0.28216
1652.97873,0.28987
1651.04993,0.28396
1649.12113,0.28345
1647.19234,0.28945
1645.26354,0.29097
1643.33474,0.29109
1641.40595,0.29819
1639.47715,0.31311
1637.54835,0.33506
1635.61956,0.35833
1633.69076,0.37169
1631.76197,0.38149
1629.83317,0.39641
1627.90437,0.41339
1625.97558,0.42736
1624.04678,0.43725
1622.11798,0.44071
1620.18919,0.44063
1618.26039,0.44208
1616.33159,0.44034
1614.40280,0.43339
1612.47400,0.42917
1610.54520,0.43014
1608.61641,0.43412
1606.68761,0.43970
1604.75881,0.44746
1602.83002,0.45701
1600.90122,0.46662
1598.97242,0.47541
1597.04363,0.48278
1595.11483,0.48704
1593.18603,0.48653
1591.25724,0.48140
1589.32844,0.47194
1587.39964,0.45852
1585.47085,0.44210
1583.54205,0.42344
1581.61325,0.40406
1579.68446,0.38726
1577.75566,0.37159
1575.82686,0.34850
1573.89807,0.32359
1571.96927,0.30648
1570.04047,0.29087
1568.11168,0.27172
1566.18288,0.25408
1564.25408,0.24132
1562.32529,0.23689
1560.39649,0.24036
1558.46769,0.23310
1556.53890,0.21127
1554.61010,0.19370
1552.68130,0.18195
1550.75251,0.17356
1548.82371,0.16649
1546.89491,0.16305
1544.96612,0.16531
1543.03732,0.17017
1541.10852,0.17145
1539.17973,0.15995
1537.25093,0.14546
1535.32213,0.13981
1533.39334,0.13713
1531.46454,0.13107
1529.53574,0.12725
1527.60695,0.12818
1525.67815,0.12984
1523.74935,0.13189
1521.82056,0.13330
1519.89176,0.13035
1517.96296,0.12590
1516.03417,0.12069
1514.10537,0.11527
1512.17657,0.11479
1510.24778,0.12199
1508.31898,0.13308
1506.39018,0.13206
1504.46139,0.11776
1502.53259,0.11016
1500.60379,0.11217
1498.67500,0.11860
1496.74620,0.12265
1494.81740,0.12319
1492.88861,0.12780
1490.95981,0.13953
1489.03101,0.15039
1487.10222,0.15412
1485.17342,0.15705
1483.24462,0.16454
1481.31583,0.17599
1479.38703,0.18960
1477.45823,0.20613
1475.52944,0.22554
1473.60064,0.24370
1471.67184,0.25377
1469.74305,0.25686
1467.81425,0.26223
1465.88545,0.27125
1463.95666,0.27676
1462.02786,0.27873
1460.09906,0.28428
1458.17027,0.29056
1456.24147,0.28219
1454.31267,0.26332
1452.38388,0.24757
1450.45508,0.23557
1448.52628,0.22377
1446.59749,0.20911
1444.66869,0.19383
1442.73989,0.18070
1440.81110,0.17094
1438.88230,0.16547
1436.95350,0.15932
1435.02471,0.14745
1433.09591,0.13623
1431.16711,0.12876
1429.23832,0.12153
1427.30952,0.11459
1425.38072,0.11027
1423.45193,0.10766
1421.52313,0.10710
1419.59433,0.10787
1417.66554,0.10334
1415.73674,0.09446
1413.80794,0.08805
1411.87915,0.08485
1409.95035,0.08269
1408.02155,0.08159
1406.09276,0.08165
1404.16396,0.08048
1402.23516,0.07895
1400.30637,0.08012
1398.37757,0.08235
1396.44877,0.08263
1394.51998,0.07966
1392.59118,0.07447
1390.66238,0.07176
1388.73359,0.07261
1386.80479,0.07216
1384.87599,0.06856
1382.94720,0.06560
1381.01840,0.06481
1379.08960,0.06506
1377.16081,0.06629
1375.23201,0.06788
1373.30321,0.06690
1371.37442,0.06386
1369.44562,0.06197
1367.51682,0.06145
1365.58803,0.06269
1363.65923,0.06548
1361.73043,0.06559
1359.80164,0.06223
1357.87284,0.05953
1355.94404,0.05869
1354.01525,0.05830
1352.08645,0.05789
1350.15765,0.05773
1348.22886,0.05756
1346.30006,0.05729
1344.37126,0.05767
1342.44247,0.05996
1340.51367,0.06327
1338.58487,0.06385
1336.65608,0.06100
1334.72728,0.05797
1332.79848,0.05640
1330.86969,0.05579
1328.94089,0.05542
1327.01209,0.05507
1325.08330,0.05481
1323.15450,0.05487
1321.22570,0.05553
1319.29691,0.05628
1317.36811,0.05625
1315.43931,0.05579
1313.51052,0.05540
1311.58172,0.05481
1309.65292,0.05421
1307.72413,0.05390
1305.79533,0.05369
1303.86653,0.05358
1301.93774,0.05366
1300.00894,0.05388
1298.08014,0.05415
1296.15135,0.05426
1294.22255,0.05414
1292.29375,0.05409
1290.36496,0.05429
1288.43616,0.05445
1286.50736,0.05418
1284.57857,0.05370
1282.64977,0.05344
1280.72097,0.05332
1278.79218,0.05310
1276.86338,0.05286
1274.93458,0.05287
1273.00579,0.05322
1271.07699,0.05355
1269.14820,0.05357
1267.21940,0.05352
1265.29060,0.05364
1263.36181,0.05392
1261.43301,0.05424
1259.50421,0.05434
1257.57542,0.05417
1255.64662,0.05406
1253.71782,0.05416
1251.78903,0.05441
1249.86023,0.05471
1247.93143,0.05499
1246.00264,0.05526
1244.07384,0.05553
1242.14504,0.05572
1240.21625,0.05577
1238.28745,0.05578
1236.35865,0.05580
1234.42986,0.05582
1232.50106,0.05587
1230.57226,0.05602
1228.64347,0.05624
1226.71467,0.05647
1224.78587,0.05667
1222.85708,0.05687
1220.92828,0.05722
1218.99948,0.05775
1217.07069,0.05833
1215.14189,0.05891
1213.21309,0.05952
1211.28430,0.06018
1209.35550,0.06091
1207.42670,0.06172
1205.49791,0.06264
1203.56911,0.06361
1201.64031,0.06460
1199.71152,0.06573
1197.78272,0.06705
1195.85392,0.06846
1193.92513,0.06995
1191.99633,0.07168
1190.06753,0.07371
1188.13874,0.07593
1186.20994,0.07822
1184.28114,0.08059
1182.35235,0.08327
1180.42355,0.08649
1178.49475,0.09029
1176.56596,0.09448
1174.63716,0.09891
1172.70836,0.10351
1170.77957,0.10830
1168.85077,0.11323
1166.92197,0.11813
1164.99318,0.12276
1163.06438,0.12684
1161.13558,0.13005
1159.20679,0.13212
1157.27799,0.13293
1155.34919,0.13245
1153.42040,0.13079
1151.49160,0.12817
1149.56280,0.12468
1147.63401,0.12047
1145.70521,0.11581
1143.77641,0.11095
1141.84762,0.10614
1139.91882,0.10152
1137.99002,0.09708
1136.06123,0.09289
1134.13243,0.08901
1132.20363,0.08554
1130.27484,0.08255
1128.34604,0.07999
1126.41724,0.07773
1124.48845,0.07575
1122.55965,0.07409
1120.63085,0.07276
1118.70206,0.07165
1116.77326,0.07065
1114.84446,0.06979
1112.91567,0.06913
1110.98687,0.06857
1109.05807,0.06812
1107.12928,0.06781
1105.20048,0.06761
1103.27168,0.06745
1101.34289,0.06731
1099.41409,0.06725
1097.48529,0.06724
1095.55650,0.06725
1093.62770,0.06730
1091.69890,0.06740
1089.77011,0.06756
1087.84131,0.06776
1085.91251,0.06790
1083.98372,0.06801
1082.05492,0.06823
1080.12612,0.06854
1078.19733,0.06891
1076.26853,0.06932
1074.33973,0.06975
1072.41094,0.07024
1070.48214,0.07072
1068.55334,0.07106
1066.62455,0.07128
1064.69575,0.07147
1062.76695,0.07154
1060.83816,0.07133
1058.90936,0.07096
1056.98056,0.07062
1055.05177,0.07028
1053.12297,0.06979
1051.19417,0.06918
1049.26538,0.06852
1047.33658,0.06788
1045.40778,0.06725
1043.47899,0.06657
1041.55019,0.06573
1039.62139,0.06479
1037.69260,0.06390
1035.76380,0.06308
1033.83500,0.06228
1031.90621,0.06151
1029.97741,0.06085
1028.04861,0.06020
1026.11982,0.05954
1024.19102,0.05904
1022.26222,0.05873
1020.33343,0.05842
1018.40463,0.05810
1016.47583,0.05789
1014.54704,0.05783
1012.61824,0.05782
1010.68944,0.05769
1008.76065,0.05740
1006.83185,0.05696
1004.90305,0.05639
1002.97426,0.05574
1001.04546,0.05512
999.11666,0.05460
997.18787,0.05413
995.25907,0.05364
993.33027,0.05311
991.40148,0.05262
989.47268,0.05217
987.54388,0.05163
985.61509,0.05100
983.68629,0.05044
981.75749,0.04995
979.82870,0.04943
977.89990,0.04884
975.97110,0.04826
974.04231,0.04778
972.11351,0.04739
970.18471,0.04703
968.25592,0.04681
966.32712,0.04675
964.39832,0.04672
962.46953,0.04662
960.54073,0.04637
958.61193,0.04601
956.68314,0.04559
954.75434,0.04523
952.82554,0.04507
950.89675,0.04496
948.96795,0.04467
947.03915,0.04421
945.11036,0.04373
943.18156,0.04322
941.25276,0.04258
939.32397,0.04189
937.39517,0.04126
935.46637,0.04063
933.53758,0.03998
931.60878,0.03934
929.67998,0.03876
927.75119,0.03836
925.82239,0.03803
923.89359,0.03755
921.96480,0.03688
920.03600,0.03627
918.10720,0.03586
916.17841,0.03554
914.24961,0.03522
912.32081,0.03496
910.39202,0.03480
908.46322,0.03457
906.53443,0.03415
904.60563,0.03373
902.67683,0.03346
900.74804,0.03328
898.81924,0.03298
896.89044,0.03249
894.96165,0.03190
893.03285,0.03128
891.10405,0.03060
889.17526,0.02989
887.24646,0.02914
885.31766,0.02832
883.38887,0.02753
881.46007,0.02686
879.53127,0.02629
877.60248,0.02578
875.67368,0.02535
873.74488,0.02496
871.81609,0.02463
869.88729,0.02433
867.95849,0.02400
866.02970,0.02374
864.10090,0.02365
862.17210,0.02359
860.24331,0.02342
858.31451,0.02321
856.38571,0.02303
854.45692,0.02292
852.52812,0.02288
850.59932,0.02275
848.67053,0.02248
846.74173,0.02220
844.81293,0.02195
842.88414,0.02157
840.95534,0.02110
839.02654,0.02076
837.09775,0.02048
835.16895,0.02011
833.24015,0.01977
831.31136,0.01954
829.38256,0.01933
827.45376,0.01908
825.52497,0.01894
823.59617,0.01913
821.66737,0.01953
819.73858,0.01982
817.80978,0.01995
815.88098,0.02018
813.95219,0.02060
812.02339,0.02107
810.09459,0.02157
808.16580,0.02217
806.23700,0.02280
804.30820,0.02353
802.37941,0.02439
800.45061,0.02525
798.52181,0.02607
796.59302,0.02691
794.66422,0.02772
792.73542,0.02843
790.80663,0.02910
788.87783,0.02979
786.94903,0.03044
785.02024,0.03090
783.09144,0.03081
781.16264,0.03005
779.23385,0.02891
777.30505,0.02760
775.37625,0.02627
773.44746,0.02529
771.51866,0.02493
769.58986,0.02478
767.66107,0.02447
765.73227,0.02424
763.80347,0.02417
761.87468,0.02406
759.94588,0.02401
758.01708,0.02432
756.08829,0.02480
754.15949,0.02505
752.23069,0.02518
750.30190,0.02521
748.37310,0.02504
