3496.90832,0.06480
3494.97953,0.06177
3493.05073,0.06128
3491.12193,0.06557
3489.19314,0.07342
3487.26434,0.07791
3485.33554,0.07200
3483.40675,0.06415
3481.47795,0.06595
3479.54915,0.07186
3477.62036,0.07322
3475.69156,0.07233
3473.76276,0.07264
3471.83397,0.07232
3469.90517,0.07140
3467.97637,0.07165
3466.04758,0.07138
3464.11878,0.07127
3462.18998,0.07126
3460.26119,0.06825
3458.33239,0.06436
3456.40359,0.06191
3454.47480,0.06027
3452.54600,0.06078
3450.61721,0.06252
3448.68841,0.06272
3446.75961,0.06552
3444.83082,0.07233
3442.90202,0.07386
3440.97322,0.06649
3439.04443,0.05633
3437.11563,0.04874
3435.18683,0.04641
3433.25804,0.04820
3431.32924,0.04730
3429.40044,0.04342
3427.47165,0.04424
3425.54285,0.05051
3423.61405,0.05782
3421.68526,0.06232
3419.75646,0.06184
3417.82766,0.06022
3415.89887,0.05837
3413.97007,0.05264
3412.04127,0.04528
3410.11248,0.04030
3408.18368,0.03681
3406.25488,0.03286
3404.32609,0.03165
3402.39729,0.04058
3400.46849,0.05596
3398.53970,0.06082
3396.61090,0.05094
3394.68210,0.04224
3392.75331,0.04088
3390.82451,0.03744
3388.89571,0.03643
3386.96692,0.04661
3385.03812,0.05542
3383.10932,0.05393
3381.18053,0.05322
3379.25173,0.05691
3377.32293,0.05784
3375.39414,0.05510
3373.46534,0.05326
3371.53654,0.05376
3369.60775,0.05552
3367.67895,0.05919
3365.75015,0.06340
3363.82136,0.06646
3361.89256,0.06793
3359.96376,0.06391
3358.03497,0.05838
3356.10617,0.06142
3354.17737,0.06902
3352.24858,0.07206
3350.31978,0.07043
3348.39098,0.06656
3346.46219,0.06288
3344.53339,0.06256
3342.60459,0.06509
3340.67580,0.06609
3338.74700,0.06500
3336.81820,0.06172
3334.88941,0.05309
3332.96061,0.04566
3331.03181,0.04900
3329.10302,0.05703
3327.17422,0.05763
3325.24542,0.04989
3323.31663,0.04186
3321.38783,0.04225
3319.45903,0.05081
3317.53024,0.05600
3315.60144,0.05150
3313.67264,0.04412
3311.74385,0.03900
3309.81505,0.03512
3307.88625,0.03647
3305.95746,0.04412
3304.02866,0.05021
3302.09986,0.05175
3300.17107,0.05003
3298.24227,0.04273
3296.31347,0.03274
3294.38468,0.02847
3292.45588,0.03060
3290.52708,0.03278
3288.59829,0.03186
3286.66949,0.02991
3284.74069,0.02971
3282.81190,0.03163
3280.88310,0.03488
3278.95430,0.04096
3277.02551,0.04917
3275.09671,0.05293
3273.16791,0.04988
3271.23912,0.04477
3269.31032,0.03903
3267.38152,0.03299
3265.45273,0.03117
3263.52393,0.03379
3261.59513,0.03561
3259.66634,0.03564
3257.73754,0.03751
3255.80874,0.03948
3253.87995,0.03750
3251.95115,0.03556
3250.02235,0.03680
3248.09356,0.03642
3246.16476,0.03295
3244.23596,0.02975
3242.30717,0.02792
3240.37837,0.02996
3238.44957,0.03918
3236.52078,0.04834
3234.59198,0.04959
3232.66318,0.04741
3230.73439,0.04609
3228.80559,0.04329
3226.87679,0.03798
3224.94800,0.03239
3223.01920,0.03136
3221.09040,0.03796
3219.16161,0.04585
3217.23281,0.05003
3215.30401,0.05361
3213.37522,0.05448
3211.44642,0.05172
3209.51762,0.05137
3207.58883,0.05287
3205.66003,0.05338
3203.73123,0.05289
3201.80244,0.05087
3199.87364,0.04933
3197.94484,0.05036
3196.01605,0.05040
3194.08725,0.04714
3192.15845,0.04530
3190.22966,0.04893
3188.30086,0.05392
3186.37206,0.05359
3184.44327,0.05046
3182.51447,0.05078
3180.58567,0.05457
3178.65688,0.05844
3176.72808,0.05791
3174.79928,0.05211
3172.87049,0.04601
3170.94169,0.04186
3169.01289,0.03694
3167.08410,0.03254
3165.15530,0.03460
3163.22650,0.04113
3161.29771,0.04395
3159.36891,0.04066
3157.44011,0.03608
3155.51132,0.03613
3153.58252,0.03953
3151.65372,0.04094
3149.72493,0.03956
3147.79613,0.03815
3145.86733,0.03857
3143.93854,0.03968
3142.00974,0.04079
3140.08094,0.04221
3138.15215,0.04166
3136.22335,0.03840
3134.29455,0.03621
3132.36576,0.03727
3130.43696,0.03946
3128.50816,0.03983
3126.57937,0.03785
3124.65057,0.03624
3122.72177,0.03683
3120.79298,0.03818
3118.86418,0.03878
3116.93538,0.03810
3115.00659,0.03610
3113.07779,0.03440
3111.14899,0.03498
3109.22020,0.03651
3107.29140,0.03727
3105.36260,0.03808
3103.43381,0.03851
3101.50501,0.03782
3099.57621,0.03708
3097.64742,0.03638
3095.71862,0.03546
3093.78982,0.03516
3091.86103,0.03532
3089.93223,0.03536
3088.00344,0.03523
3086.07464,0.03443
3084.14584,0.03398
3082.21705,0.03516
3080.28825,0.03636
3078.35945,0.03628
3076.43066,0.03572
3074.50186,0.03543
3072.57306,0.03551
3070.64427,0.03614
3068.71547,0.03726
3066.78667,0.03768
3064.85788,0.03706
3062.92908,0.03665
3061.00028,0.03674
3059.07149,0.03662
3057.14269,0.03657
3055.21389,0.03723
3053.28510,0.03815
3051.35630,0.03848
3049.42750,0.03796
3047.49871,0.03711
3045.56991,0.03675
3043.64111,0.03724
3041.71232,0.03824
3039.78352,0.03872
3037.85472,0.03831
3035.92593,0.03803
3033.99713,0.03860
3032.06833,0.03966
3030.13954,0.04058
3028.21074,0.04090
3026.28194,0.04062
3024.35315,0.04006
3022.42435,0.03979
3020.49555,0.03990
3018.56676,0.03988
3016.63796,0.03994
3014.70916,0.04011
3012.78037,0.04010
3010.85157,0.04034
3008.92277,0.04079
3006.99398,0.04094
3005.06518,0.04087
3003.13638,0.04047
3001.20759,0.03966
2999.27879,0.03927
2997.34999,0.03970
2995.42120,0.04056
2993.49240,0.04138
2991.56360,0.04169
2989.63481,0.04166
2987.70601,0.04174
2985.77721,0.04166
2983.84842,0.04153
2981.91962,0.04193
2979.99082,0.04252
2978.06203,0.04267
2976.13323,0.04259
2974.20443,0.04265
2972.27564,0.04302
2970.34684,0.04375
2968.41804,0.04434
2966.48925,0.04453
2964.56045,0.04470
2962.63165,0.04498
2960.70286,0.04524
2958.77406,0.04551
2956.84526,0.04577
2954.91647,0.04578
2952.98767,0.04565
2951.05887,0.04584
2949.13008,0.04638
2947.20128,0.04701
2945.27248,0.04757
2943.34369,0.04787
2941.41489,0.04790
2939.48609,0.04800
2937.55730,0.04821
2935.62850,0.04837
2933.69970,0.04863
2931.77091,0.04935
2929.84211,0.05031
2927.91331,0.05094
2925.98452,0.05121
2924.05572,0.05140
2922.12692,0.05151
2920.19813,0.05147
2918.26933,0.05138
2916.34053,0.05116
2914.41174,0.05065
2912.48294,0.04991
2910.55414,0.04915
2908.62535,0.04861
2906.69655,0.04825
2904.76775,0.04780
2902.83896,0.04734
2900.91016,0.04723
2898.98136,0.04749
2897.05257,0.04773
2895.12377,0.04778
2893.19497,0.04786
2891.26618,0.04812
2889.33738,0.04821
2887.40858,0.04780
2885.47979,0.04732
2883.55099,0.04743
2881.62219,0.04801
2879.69340,0.04823
2877.76460,0.04803
2875.83580,0.04804
2873.90701,0.04822
2871.97821,0.04829
2870.04941,0.04833
2868.12062,0.04845
2866.19182,0.04885
2864.26302,0.04949
2862.33423,0.04993
2860.40543,0.05012
2858.47663,0.05027
2856.54784,0.05043
2854.61904,0.05062
2852.69024,0.05079
2850.76145,0.05072
2848.83265,0.05040
2846.90385,0.05003
2844.97506,0.04983
2843.04626,0.04983
2841.11746,0.04996
2839.18867,0.05004
2837.25987,0.04987
2835.33107,0.04951
2833.40228,0.04928
2831.47348,0.04922
2829.54468,0.04912
2827.61589,0.04897
2825.68709,0.04900
2823.75829,0.04922
2821.82950,0.04940
2819.90070,0.04950
2817.97190,0.04955
2816.04311,0.04944
2814.11431,0.04930
2812.18551,0.04932
2810.25672,0.04931
2808.32792,0.04908
2806.39912,0.04880
2804.47033,0.04865
2802.54153,0.04851
2800.61273,0.04835
2798.68394,0.04825
2796.75514,0.04813
2794.82634,0.04789
2792.89755,0.04763
2790.96875,0.04749
2789.03995,0.04747
2787.11116,0.04738
2785.18236,0.04726
2783.25356,0.04726
2781.32477,0.04725
2779.39597,0.04708
2777.46717,0.04687
2775.53838,0.04682
2773.60958,0.04692
2771.68078,0.04698
2769.75199,0.04689
2767.82319,0.04678
2765.89439,0.04670
2763.96560,0.04655
2762.03680,0.04631
2760.10800,0.04611
2758.17921,0.04602
2756.25041,0.04594
2754.32161,0.04575
2752.39282,0.04544
2750.46402,0.04529
2748.53522,0.04544
2746.60643,0.04565
2744.67763,0.04567
2742.74883,0.04557
2740.82004,0.04548
2738.89124,0.04538
2736.96244,0.04535
2735.03365,0.04547
2733.10485,0.04559
2731.17605,0.04558
2729.24726,0.04556
2727.31846,0.04572
2725.38967,0.04597
2723.46087,0.04600
2721.53207,0.04583
2719.60328,0.04580
2717.67448,0.04592
2715.74568,0.04598
2713.81689,0.04589
2711.88809,0.04565
2709.95929,0.04536
2708.03050,0.04507
2706.10170,0.04488
2704.17290,0.04492
2702.24411,0.04505
2700.31531,0.04506
2698.38651,0.04506
2696.45772,0.04504
2694.52892,0.04490
2692.60012,0.04483
2690.67133,0.04489
2688.74253,0.04493
2686.81373,0.04507
2684.88494,0.04535
2682.95614,0.04555
2681.02734,0.04561
2679.09855,0.04563
2677.16975,0.04564
2675.24095,0.04558
2673.31216,0.04551
2671.38336,0.04543
2669.45456,0.04536
2667.52577,0.04536
2665.59697,0.04533
2663.66817,0.04527
2661.73938,0.04520
2659.81058,0.04505
2657.88178,0.04486
2655.95299,0.04472
2654.02419,0.04474
2652.09539,0.04490
2650.16660,0.04497
2648.23780,0.04487
2646.30900,0.04481
2644.38021,0.04483
2642.45141,0.04492
2640.52261,0.04507
2638.59382,0.04520
2636.66502,0.04530
2634.73622,0.04545
2632.80743,0.04571
2630.87863,0.04596
2628.94983,0.04590
2627.02104,0.04561
2625.09224,0.04552
2623.16344,0.04580
2621.23465,0.04626
2619.30585,0.04661
2617.37705,0.04672
2615.44826,0.04658
2613.51946,0.04628
2611.59066,0.04599
2609.66187,0.04583
2607.73307,0.04571
2605.80427,0.04561
2603.87548,0.04572
2601.94668,0.04598
2600.01788,0.04602
2598.08909,0.04589
2596.16029,0.04587
2594.23149,0.04587
2592.30270,0.04590
2590.37390,0.04622
2588.44510,0.04646
2586.51631,0.04620
2584.58751,0.04606
2582.65871,0.04637
2580.72992,0.04646
2578.80112,0.04628
2576.87232,0.04651
2574.94353,0.04714
2573.01473,0.04732
2571.08593,0.04692
2569.15714,0.04667
2567.22834,0.04681
2565.29954,0.04688
2563.37075,0.04651
2561.44195,0.04583
2559.51315,0.04534
2557.58436,0.04535
2555.65556,0.04571
2553.72676,0.04581
2551.79797,0.04547
2549.86917,0.04546
2547.94037,0.04594
2546.01158,0.04620
2544.08278,0.04618
2542.15398,0.04605
2540.22519,0.04571
2538.29639,0.04555
2536.36759,0.04585
2534.43880,0.04631
2532.51000,0.04662
2530.58120,0.04649
2528.65241,0.04588
2526.72361,0.04530
2524.79481,0.04500
2522.86602,0.04496
2520.93722,0.04513
2519.00842,0.04527
2517.07963,0.04536
2515.15083,0.04546
2513.22203,0.04542
2511.29324,0.04505
2509.36444,0.04440
2507.43564,0.04408
2505.50685,0.04437
2503.57805,0.04464
2501.64925,0.04462
2499.72046,0.04473
2497.79166,0.04507
2495.86286,0.04533
2493.93407,0.04522
2492.00527,0.04470
2490.07647,0.04421
2488.14768,0.04414
2486.21888,0.04453
2484.29008,0.04515
2482.36129,0.04558
2480.43249,0.04555
2478.50369,0.04519
2476.57490,0.04478
2474.64610,0.04439
2472.71730,0.04403
2470.78851,0.04379
2468.85971,0.04377
2466.93091,0.04400
2465.00212,0.04432
2463.07332,0.04453
2461.14452,0.04461
2459.21573,0.04449
2457.28693,0.04404
2455.35813,0.04339
2453.42934,0.04299
2451.50054,0.04299
2449.57174,0.04296
2447.64295,0.04264
2445.71415,0.04238
2443.78535,0.04232
2441.85656,0.04236
2439.92776,0.04273
2437.99896,0.04323
2436.07017,0.04319
2434.14137,0.04288
2432.21257,0.04291
2430.28378,0.04311
2428.35498,0.04314
2426.42618,0.04313
2424.49739,0.04311
2422.56859,0.04280
2420.63979,0.04212
2418.71100,0.04137
2416.78220,0.04089
2414.85340,0.04066
2412.92461,0.04034
2410.99581,0.04007
2409.06701,0.04023
2407.13822,0.04048
2405.20942,0.04027
2403.28062,0.03997
2401.35183,0.03978
2399.42303,0.03932
2397.49423,0.03887
2395.56544,0.03897
2393.63664,0.03937
2391.70784,0.03979
2389.77905,0.04060
2387.85025,0.04259
2385.92145,0.04657
2383.99266,0.05319
2382.06386,0.06273
2380.13506,0.07461
2378.20627,0.08758
2376.27747,0.10083
2374.34867,0.11443
2372.41988,0.12825
2370.49108,0.14148
2368.56228,0.15361
2366.63349,0.16475
2364.70469,0.17439
2362.77589,0.18119
2360.84710,0.18392
2358.91830,0.18179
2356.98951,0.17427
2355.06071,0.16160
2353.13191,0.14494
2351.20312,0.12824
2349.27432,0.11945
2347.34552,0.12354
2345.41673,0.13597
2343.48793,0.14453
2341.55913,0.14530
2339.63034,0.14314
2337.70154,0.14061
2335.77274,0.13863
2333.84395,0.13820
2331.91515,0.13845
2329.98635,0.13653
2328.05756,0.13222
2326.12876,0.12823
2324.19996,0.12557
2322.27117,0.12209
2320.34237,0.11550
2318.41357,0.10681
2316.48478,0.09920
2314.55598,0.09440
2312.62718,0.09100
2310.69839,0.08692
2308.76959,0.08173
2306.84079,0.07600
2304.91200,0.07050
2302.98320,0.06600
2301.05440,0.06244
2299.12561,0.05916
2297.19681,0.05624
2295.26801,0.05400
2293.33922,0.05200
2291.41042,0.04997
2289.48162,0.04802
2287.55283,0.04612
2285.62403,0.04447
2283.69523,0.04361
2281.76644,0.04368
2279.83764,0.04442
2277.90884,0.04550
2275.98005,0.04637
2274.05125,0.04670
2272.12245,0.04666
2270.19366,0.04645
2268.26486,0.04644
2266.33606,0.04713
2264.40727,0.04785
2262.47847,0.04765
2260.54967,0.04720
2258.62088,0.04775
2256.69208,0.04915
2254.76328,0.04989
2252.83449,0.04914
2250.90569,0.04795
2248.97689,0.04763
2247.04810,0.04789
2245.11930,0.04820
2243.19050,0.04879
2241.26171,0.04949
2239.33291,0.04972
2237.40411,0.04958
2235.47532,0.04975
2233.54652,0.05027
2231.61772,0.05066
2229.68893,0.05110
2227.76013,0.05155
2225.83133,0.05159
2223.90254,0.05161
2221.97374,0.05206
2220.04494,0.05277
2218.11615,0.05282
2216.18735,0.05214
2214.25855,0.05190
2212.32976,0.05215
2210.40096,0.05247
2208.47216,0.05321
2206.54337,0.05329
2204.61457,0.05217
2202.68577,0.05215
2200.75698,0.05377
2198.82818,0.05577
2196.89938,0.05751
2194.97059,0.05734
2193.04179,0.05555
2191.11299,0.05545
2189.18420,0.05792
2187.25540,0.06046
2185.32660,0.06062
2183.39781,0.05918
2181.46901,0.05962
2179.54021,0.06223
2177.61142,0.06462
2175.68262,0.06587
2173.75382,0.06499
2171.82503,0.06300
2169.89623,0.06248
2167.96743,0.06278
2166.03864,0.06269
2164.10984,0.06334
2162.18104,0.06591
2160.25225,0.06919
2158.32345,0.07089
2156.39465,0.07024
2154.46586,0.06729
2152.53706,0.06332
2150.60826,0.05970
2148.67947,0.05615
2146.75067,0.05230
2144.82187,0.04917
2142.89308,0.04762
2140.96428,0.04682
2139.03548,0.04622
2137.10669,0.04563
2135.17789,0.04450
2133.24909,0.04313
2131.32030,0.04226
2129.39150,0.04172
2127.46270,0.04088
2125.53391,0.03963
2123.60511,0.03828
2121.67631,0.03707
2119.74752,0.03620
2117.81872,0.03579
2115.88992,0.03575
2113.96113,0.03575
2112.03233,0.03570
2110.10353,0.03591
2108.17474,0.03642
2106.24594,0.03686
2104.31714,0.03717
2102.38835,0.03732
2100.45955,0.03703
2098.53075,0.03639
2096.60196,0.03573
2094.67316,0.03525
2092.74436,0.03477
2090.81557,0.03435
2088.88677,0.03463
2086.95797,0.03574
2085.02918,0.03689
2083.10038,0.03773
2081.17158,0.03829
2079.24279,0.03831
2077.31399,0.03816
2075.38519,0.03810
2073.45640,0.03801
2071.52760,0.03822
2069.59880,0.03861
2067.67001,0.03900
2065.74121,0.03929
2063.81241,0.03917
2061.88362,0.03863
2059.95482,0.03804
2058.02602,0.03776
2056.09723,0.03792
2054.16843,0.03875
2052.23963,0.04008
2050.31084,0.04179
2048.38204,0.04414
2046.45324,0.04608
2044.52445,0.04684
2042.59565,0.04742
2040.66685,0.04851
2038.73806,0.04908
2036.80926,0.04811
2034.88046,0.04746
2032.95167,0.04832
2031.02287,0.04860
2029.09407,0.04751
2027.16528,0.04672
2025.23648,0.04693
2023.30768,0.04735
2021.37889,0.04718
2019.45009,0.04600
2017.52129,0.04519
2015.59250,0.04615
2013.66370,0.04746
2011.73490,0.04791
2009.80611,0.04760
2007.87731,0.04574
2005.94851,0.04176
2004.01972,0.03808
2002.09092,0.03779
2000.16212,0.04020
1998.23333,0.04208
1996.30453,0.04237
1994.37574,0.04250
1992.44694,0.04291
1990.51814,0.04234
1988.58935,0.04089
1986.66055,0.03980
1984.73175,0.03924
1982.80296,0.03964
1980.87416,0.04154
1978.94536,0.04289
1977.01657,0.04211
1975.08777,0.04142
1973.15897,0.04112
1971.23018,0.03983
1969.30138,0.03931
1967.37258,0.04052
1965.44379,0.04150
1963.51499,0.04102
1961.58619,0.03929
1959.65740,0.03692
1957.72860,0.03500
1955.79980,0.03397
1953.87101,0.03380
1951.94221,0.03417
1950.01341,0.03436
1948.08462,0.03440
1946.15582,0.03540
1944.22702,0.03733
1942.29823,0.03743
1940.36943,0.03469
1938.44063,0.03190
1936.51184,0.03093
1934.58304,0.03139
1932.65424,0.03166
1930.72545,0.03103
1928.79665,0.03038
1926.86785,0.03057
1924.93906,0.03177
1923.01026,0.03270
1921.08146,0.03298
1919.15267,0.03347
1917.22387,0.03276
1915.29507,0.03049
1913.36628,0.02936
1911.43748,0.03009
1909.50868,0.03077
1907.57989,0.03014
1905.65109,0.02900
1903.72229,0.02833
1901.79350,0.02817
1899.86470,0.02851
1897.93590,0.02947
1896.00711,0.03048
1894.07831,0.03097
1892.14951,0.03183
1890.22072,0.03307
1888.29192,0.03258
1886.36312,0.03091
1884.43433,0.02998
1882.50553,0.02961
1880.57673,0.02924
1878.64794,0.02883
1876.71914,0.02849
1874.79034,0.02846
1872.86155,0.02986
1870.93275,0.03366
1869.00395,0.03670
1867.07516,0.03486
1865.14636,0.03075
1863.21756,0.02842
1861.28877,0.02785
1859.35997,0.02776
1857.43117,0.02754
1855.50238,0.02726
1853.57358,0.02729
1851.64478,0.02792
1849.71599,0.02952
1847.78719,0.03248
1845.85839,0.03626
1843.92960,0.03713
1842.00080,0.03358
1840.07200,0.03056
1838.14321,0.03005
1836.21441,0.03006
1834.28561,0.03039
1832.35682,0.03294
1830.42802,0.03603
1828.49922,0.03615
1826.57043,0.03496
1824.64163,0.03342
1822.71283,0.03047
1820.78404,0.02815
1818.85524,0.02769
1816.92644,0.02773
1814.99765,0.02800
1813.06885,0.02941
1811.14005,0.03076
1809.21126,0.03021
1807.28246,0.02880
1805.35366,0.02895
1803.42487,0.03153
1801.49607,0.03433
1799.56727,0.03451
1797.63848,0.03342
1795.70968,0.03459
1793.78088,0.03830
1791.85209,0.03942
1789.92329,0.03519
1787.99449,0.03154
1786.06570,0.03140
1784.13690,0.03233
1782.20810,0.03300
1780.27931,0.03300
1778.35051,0.03229
1776.42171,0.03337
1774.49292,0.03774
1772.56412,0.04171
1770.63532,0.04057
1768.70653,0.03633
1766.77773,0.03213
1764.84893,0.03069
1762.92014,0.03253
1760.99134,0.03362
1759.06254,0.03316
1757.13375,0.03285
1755.20495,0.03256
1753.27615,0.03509
1751.34736,0.04100
1749.41856,0.04385
1747.48976,0.04145
1745.56097,0.03863
1743.63217,0.03784
1741.70337,0.03830
1739.77458,0.03810
1737.84578,0.03824
1735.91698,0.04245
1733.98819,0.04692
1732.05939,0.04336
1730.13059,0.03681
1728.20180,0.03184
1726.27300,0.02947
1724.34420,0.02971
1722.41541,0.03163
1720.48661,0.03741
1718.55781,0.04694
1716.62902,0.05091
1714.70022,0.04549
1712.77142,0.03908
1710.84263,0.03686
1708.91383,0.03974
1706.98503,0.04624
1705.05624,0.05257
1703.12744,0.05930
1701.19864,0.07008
1699.26985,0.07919
1697.34105,0.08264
1695.41225,0.08403
1693.48346,0.08495
1691.55466,0.09074
1689.62586,0.10289
1687.69707,0.11843
1685.76827,0.13924
1683.83947,0.16071
1681.91068,0.16945
1679.98188,0.17434
1678.05308,0.18481
1676.12429,0.20059
1674.19549,0.21604
1672.26669,0.22872
1670.33790,0.24129
1668.40910,0.24888
1666.48030,0.25096
1664.55151,0.25554
1662.62271,0.26130
1660.69391,0.26255
1658.76512,0.26294
1656.83632,0.26900
1654.90752,0.28222
1652.97873,0.29010
1651.04993,0.28404
1649.12113,0.28339
1647.19234,0.28930
1645.26354,0.29070
1643.33474,0.29074
1641.40595,0.29792
1639.47715,0.31312
1637.54835,0.33544
1635.61956,0.35892
1633.69076,0.37223
1631.76197,0.38193
1629.83317,0.39689
1627.90437,0.41402
1625.97558,0.42807
1624.04678,0.43790
1622.11798,0.44118
1620.18919,0.44089
1618.26039,0.44228
1616.33159,0.44056
1614.40280,0.43353
1612.47400,0.42919
1610.54520,0.43011
1608.61641,0.43413
1606.68761,0.43967
1604.75881,0.44730
1602.83002,0.45683
1600.90122,0.46655
1598.97242,0.47533
1597.04363,0.48270
1595.11483,0.48713
1593.18603,0.48686
1591.25724,0.48194
1589.32844,0.47266
1587.39964,0.45936
1585.47085,0.44303
1583.54205,0.42442
1581.61325,0.40497
1579.68446,0.38809
1577.75566,0.37245
1575.82686,0.34938
1573.89807,0.32435
1571.96927,0.30713
1570.04047,0.29140
1568.11168,0.27206
1566.18288,0.25427
1564.25408,0.24146
1562.32529,0.23704
1560.39649,0.24062
1558.46769,0.23338
1556.53890,0.21142
1554.61010,0.19378
1552.68130,0.18203
1550.75251,0.17367
1548.82371,0.16665
1546.89491,0.16333
1544.96612,0.16580
1543.03732,0.17082
1541.10852,0.17214
1539.17973,0.16050
1537.25093,0.14584
1535.32213,0.14020
1533.39334,0.13760
1531.46454,0.13153
1529.53574,0.12768
1527.60695,0.12861
1525.67815,0.13026
1523.74935,0.13230
1521.82056,0.13373
1519.89176,0.13075
1517.96296,0.12618
1516.03417,0.12080
1514.10537,0.11522
1512.17657,0.11467
1510.24778,0.12196
1508.31898,0.13326
1506.39018,0.13226
1504.46139,0.11776
1502.53259,0.11008
1500.60379,0.11216
1498.67500,0.11871
1496.74620,0.12282
1494.81740,0.12337
1492.88861,0.12805
1490.95981,0.13994
1489.03101,0.15090
1487.10222,0.15458
1485.17342,0.15744
1483.24462,0.16493
1481.31583,0.17642
1479.38703,0.19003
1477.45823,0.20660
1475.52944,0.22608
1473.60064,0.24425
1471.67184,0.25417
1469.74305,0.25707
1467.81425,0.26233
1465.88545,0.27128
1463.95666,0.27672
1462.02786,0.27863
1460.09906,0.28424
1458.17027,0.29064
1456.24147,0.28225
1454.31267,0.26330
1452.38388,0.24753
1450.45508,0.23558
1448.52628,0.22386
1446.59749,0.20921
1444.66869,0.19392
1442.73989,0.18083
1440.81110,0.17116
1438.88230,0.16580
1436.95350,0.15973
1435.02471,0.14784
1433.09591,0.13655
1431.16711,0.12907
1429.23832,0.12181
1427.30952,0.11481
1425.38072,0.11045
1423.45193,0.10781
1421.52313,0.10721
1419.59433,0.10791
1417.66554,0.10324
1415.73674,0.09425
1413.80794,0.08779
1411.87915,0.08457
1409.95035,0.08240
1408.02155,0.08131
1406.09276,0.08140
1404.16396,0.08028
1402.23516,0.07880
1400.30637,0.08006
1398.37757,0.08238
1396.44877,0.08272
1394.51998,0.07977
1392.59118,0.07456
1390.66238,0.07186
1388.73359,0.07278
1386.80479,0.07239
1384.87599,0.06875
1382.94720,0.06577
1381.01840,0.06500
1379.08960,0.06525
1377.16081,0.06642
1375.23201,0.06796
1373.30321,0.06691
1371.37442,0.06379
1369.44562,0.06180
1367.51682,0.06120
1365.58803,0.06244
1363.65923,0.06527
1361.73043,0.06538
1359.80164,0.06200
1357.87284,0.05928
1355.94404,0.05845
1354.01525,0.05809
1352.08645,0.05772
1350.15765,0.05759
1348.22886,0.05745
1346.30006,0.05720
1344.37126,0.05763
1342.44247,0.06000
1340.51367,0.06341
1338.58487,0.06406
1336.65608,0.06120
1334.72728,0.05815
1332.79848,0.05659
1330.86969,0.05595
1328.94089,0.05551
1327.01209,0.05508
1325.08330,0.05475
1323.15450,0.05475
1321.22570,0.05537
1319.29691,0.05607
1317.36811,0.05600
1315.43931,0.05551
1313.51052,0.05507
1311.58172,0.05445
1309.65292,0.05385
1307.72413,0.05357
1305.79533,0.05341
1303.86653,0.05334
1301.93774,0.05345
1300.00894,0.05373
1298.08014,0.05406
1296.15135,0.05423
1294.22255,0.05418
1292.29375,0.05418
1290.36496,0.05441
1288.43616,0.05458
1286.50736,0.05431
1284.57857,0.05383
1282.64977,0.05355
1280.72097,0.05338
1278.79218,0.05310
1276.86338,0.05281
1274.93458,0.05277
1273.00579,0.05307
1271.07699,0.05333
1269.14820,0.05329
1267.21940,0.05320
1265.29060,0.05329
1263.36181,0.05354
1261.43301,0.05385
1259.50421,0.05398
1257.57542,0.05387
1255.64662,0.05382
1253.71782,0.05395
1251.78903,0.05423
1249.86023,0.05457
1247.93143,0.05489
1246.00264,0.05522
1244.07384,0.05556
1242.14504,0.05581
1240.21625,0.05591
1238.28745,0.05594
1236.35865,0.05596
1234.42986,0.05594
1232.50106,0.05596
1230.57226,0.05609
1228.64347,0.05626
1226.71467,0.05640
1224.78587,0.05650
1222.85708,0.05664
1220.92828,0.05694
1218.99948,0.05741
1217.07069,0.05793
1215.14189,0.05848
1213.21309,0.05910
1211.28430,0.05980
1209.35550,0.06056
1207.42670,0.06140
1205.49791,0.06237
1203.56911,0.06339
1201.64031,0.06444
1199.71152,0.06563
1197.78272,0.06701
1195.85392,0.06848
1193.92513,0.07005
1191.99633,0.07180
1190.06753,0.07384
1188.13874,0.07609
1186.20994,0.07841
1184.28114,0.08077
1182.35235,0.08342
1180.42355,0.08659
1178.49475,0.09032
1176.56596,0.09443
1174.63716,0.09877
1172.70836,0.10330
1170.77957,0.10805
1168.85077,0.11296
1166.92197,0.11783
1164.99318,0.12242
1163.06438,0.12651
1161.13558,0.12976
1159.20679,0.13188
1157.27799,0.13274
1155.34919,0.13231
1153.42040,0.13069
1151.49160,0.12811
1149.56280,0.12468
1147.63401,0.12053
1145.70521,0.11593
1143.77641,0.11112
1141.84762,0.10633
1139.91882,0.10171
1137.99002,0.09727
1136.06123,0.09304
1134.13243,0.08911
1132.20363,0.08556
1130.27484,0.08251
1128.34604,0.07988
1126.41724,0.07755
1124.48845,0.07552
1122.55965,0.07380
1120.63085,0.07240
1118.70206,0.07127
1116.77326,0.07027
1114.84446,0.06942
1112.91567,0.06877
1110.98687,0.06825
1109.05807,0.06784
1107.12928,0.06758
1105.20048,0.06741
1103.27168,0.06729
1101.34289,0.06721
1099.41409,0.06721
1097.48529,0.06725
1095.55650,0.06730
1093.62770,0.06740
1091.69890,0.06754
1089.77011,0.06774
1087.84131,0.06795
1085.91251,0.06806
1083.98372,0.06810
1082.05492,0.06822
1080.12612,0.06844
1078.19733,0.06875
1076.26853,0.06909
1074.33973,0.06946
1072.41094,0.06990
1070.48214,0.07034
1068.55334,0.07067
1066.62455,0.07088
1064.69575,0.07109
1062.76695,0.07121
1060.83816,0.07104
1058.90936,0.07071
1056.98056,0.07042
1055.05177,0.07011
1053.12297,0.06965
1051.19417,0.06910
1049.26538,0.06851
1047.33658,0.06793
1045.40778,0.06736
1043.47899,0.06670
1041.55019,0.06586
1039.62139,0.06491
1037.69260,0.06400
1035.76380,0.06315
1033.83500,0.06229
1031.90621,0.06145
1029.97741,0.06070
1028.04861,0.05995
1026.11982,0.05922
1024.19102,0.05867
1022.26222,0.05834
1020.33343,0.05803
1018.40463,0.05769
1016.47583,0.05746
1014.54704,0.05741
1012.61824,0.05743
1010.68944,0.05737
1008.76065,0.05714
1006.83185,0.05675
1004.90305,0.05622
1002.97426,0.05561
1001.04546,0.05503
999.11666,0.05455
997.18787,0.05415
995.25907,0.05372
993.33027,0.05323
991.40148,0.05275
989.47268,0.05226
987.54388,0.05168
985.61509,0.05100
983.68629,0.05038
981.75749,0.04983
979.82870,0.04923
977.89990,0.04854
975.97110,0.04788
974.04231,0.04738
972.11351,0.04697
970.18471,0.04662
968.25592,0.04640
966.32712,0.04636
964.39832,0.04635
962.46953,0.04628
960.54073,0.04607
958.61193,0.04575
956.68314,0.04541
954.75434,0.04511
952.82554,0.04497
950.89675,0.04491
948.96795,0.04468
947.03915,0.04427
945.11036,0.04381
943.18156,0.04331
941.25276,0.04268
939.32397,0.04199
937.39517,0.04131
935.46637,0.04061
933.53758,0.03988
931.60878,0.03916
929.67998,0.03853
927.75119,0.03808
925.82239,0.03771
923.89359,0.03719
921.96480,0.03648
920.03600,0.03583
918.10720,0.03542
916.17841,0.03515
914.24961,0.03489
912.32081,0.03467
910.39202,0.03455
908.46322,0.03439
906.53443,0.03406
904.60563,0.03369
902.67683,0.03347
900.74804,0.03335
898.81924,0.03313
896.89044,0.03268
894.96165,0.03212
893.03285,0.03150
891.10405,0.03082
889.17526,0.03006
887.24646,0.02924
885.31766,0.02834
883.38887,0.02745
881.46007,0.02670
879.53127,0.02605
877.60248,0.02548
875.67368,0.02500
873.74488,0.02456
871.81609,0.02420
869.88729,0.02389
867.95849,0.02358
866.02970,0.02335
864.10090,0.02331
862.17210,0.02332
860.24331,0.02325
858.31451,0.02314
856.38571,0.02305
854.45692,0.02302
852.52812,0.02304
850.59932,0.02292
848.67053,0.02263
846.74173,0.02238
844.81293,0.02215
842.88414,0.02175
840.95534,0.02124
839.02654,0.02083
837.09775,0.02051
835.16895,0.02011
833.24015,0.01970
831.31136,0.01937
829.38256,0.01911
827.45376,0.01894
825.52497,0.01887
823.59617,0.01897
821.66737,0.01923
819.73858,0.01948
817.80978,0.01967
815.88098,0.02000
813.95219,0.02053
812.02339,0.02107
810.09459,0.02161
808.16580,0.02228
806.23700,0.02298
804.30820,0.02366
802.37941,0.02448
800.45061,0.02538
798.52181,0.02626
796.59302,0.02723
794.66422,0.02821
792.73542,0.02901
790.80663,0.02962
788.87783,0.03018
786.94903,0.03066
785.02024,0.03085
783.09144,0.03054
781.16264,0.02981
779.23385,0.02880
777.30505,0.02751
775.37625,0.02624
773.44746,0.02537
771.51866,0.02486
769.58986,0.02437
767.66107,0.02392
765.73227,0.02379
763.80347,0.02384
761.87468,0.02392
759.94588,0.02419
758.01708,0.02472
756.08829,0.02523
754.15949,0.02558
752.23069,0.02582
750.30190,0.02588
748.37310,0.02562
