3496.90832,0.07137
3494.97953,0.07084
3493.05073,0.06646
3491.12193,0.06452
3489.19314,0.06793
3487.26434,0.07116
3485.33554,0.06775
3483.40675,0.06302
3481.47795,0.06527
3479.54915,0.07101
3477.62036,0.07389
3475.69156,0.07367
3473.76276,0.07193
3471.83397,0.06884
3469.90517,0.06572
3467.97637,0.06431
3466.04758,0.06460
3464.11878,0.06671
3462.18998,0.06764
3460.26119,0.06387
3458.33239,0.05869
3456.40359,0.05446
3454.47480,0.05093
3452.54600,0.05262
3450.61721,0.06002
3448.68841,0.06381
3446.75961,0.06257
3444.83082,0.06455
3442.90202,0.06713
3440.97322,0.06270
3439.04443,0.05279
3437.11563,0.04518
3435.18683,0.04401
3433.25804,0.04321
3431.32924,0.03656
3429.40044,0.03212
3427.47165,0.03673
3425.54285,0.04554
3423.61405,0.05486
3421.68526,0.06123
3419.75646,0.06265
3417.82766,0.06454
3415.89887,0.06262
3413.97007,0.05198
3412.04127,0.04346
3410.11248,0.04363
3408.18368,0.04542
3406.25488,0.04277
3404.32609,0.03891
3402.39729,0.03963
3400.46849,0.04409
3398.53970,0.04365
3396.61090,0.03465
3394.68210,0.02958
3392.75331,0.03587
3390.82451,0.04197
3388.89571,0.04367
3386.96692,0.04710
3385.03812,0.04764
3383.10932,0.04479
3381.18053,0.05016
3379.25173,0.06068
3377.32293,0.06235
3375.39414,0.05759
3373.46534,0.06028
3371.53654,0.06800
3369.60775,0.06716
3367.67895,0.06169
3365.75015,0.05971
3363.82136,0.05758
3361.89256,0.05183
3359.96376,0.04441
3358.03497,0.04120
3356.10617,0.04769
3354.17737,0.05944
3352.24858,0.06598
3350.31978,0.06735
3348.39098,0.07013
3346.46219,0.07107
3344.53339,0.06555
3342.60459,0.05927
3340.67580,0.05762
3338.74700,0.05867
3336.81820,0.05890
3334.88941,0.05895
3332.96061,0.05694
3331.03181,0.05277
3329.10302,0.05563
3327.17422,0.06123
3325.24542,0.05912
3323.31663,0.05427
3321.38783,0.04886
3319.45903,0.04453
3317.53024,0.04595
3315.60144,0.04572
3313.67264,0.04050
3311.74385,0.03770
3309.81505,0.03842
3307.88625,0.03935
3305.95746,0.03971
3304.02866,0.03918
3302.09986,0.03864
3300.17107,0.03940
3298.24227,0.04009
3296.31347,0.03674
3294.38468,0.02916
3292.45588,0.02473
3290.52708,0.02768
3288.59829,0.03266
3286.66949,0.03375
3284.74069,0.03360
3282.81190,0.03982
3280.88310,0.04974
3278.95430,0.05284
3277.02551,0.05134
3275.09671,0.05221
3273.16791,0.05296
3271.23912,0.05012
3269.31032,0.04577
3267.38152,0.04285
3265.45273,0.03939
3263.52393,0.03358
3261.59513,0.03108
3259.66634,0.03530
3257.73754,0.04199
3255.80874,0.04573
3253.87995,0.04248
3251.95115,0.03551
3250.02235,0.03144
3248.09356,0.02825
3246.16476,0.02394
3244.23596,0.02265
3242.30717,0.02462
3240.37837,0.02941
3238.44957,0.03766
3236.52078,0.04359
3234.59198,0.04563
3232.66318,0.04821
3230.73439,0.04921
3228.80559,0.04475
3226.87679,0.03967
3224.94800,0.04011
3223.01920,0.04354
3221.09040,0.04869
3219.16161,0.05822
3217.23281,0.06550
3215.30401,0.06448
3213.37522,0.06108
3211.44642,0.06072
3209.51762,0.06067
3207.58883,0.05817
3205.66003,0.05549
3203.73123,0.05492
3201.80244,0.05531
3199.87364,0.05385
3197.94484,0.05071
3196.01605,0.04912
3194.08725,0.05001
3192.15845,0.05213
3190.22966,0.05463
3188.30086,0.05540
3186.37206,0.05253
3184.44327,0.04840
3182.51447,0.04656
3180.58567,0.04741
3178.65688,0.04921
3176.72808,0.04982
3174.79928,0.04998
3172.87049,0.04965
3170.94169,0.04533
3169.01289,0.03882
3167.08410,0.03591
3165.15530,0.03877
3163.22650,0.04402
3161.29771,0.04517
3159.36891,0.04111
3157.44011,0.03764
3155.51132,0.03870
3153.58252,0.04177
3151.65372,0.04203
3149.72493,0.03901
3147.79613,0.03670
3145.86733,0.03742
3143.93854,0.04048
3142.00974,0.04363
3140.08094,0.04396
3138.15215,0.04132
3136.22335,0.03806
3134.29455,0.03665
3132.36576,0.03847
3130.43696,0.04094
3128.50816,0.04021
3126.57937,0.03730
3124.65057,0.03671
3122.72177,0.03963
3120.79298,0.04258
3118.86418,0.04299
3116.93538,0.04163
3115.00659,0.03939
3113.07779,0.03722
3111.14899,0.03681
3109.22020,0.03679
3107.29140,0.03569
3105.36260,0.03537
3103.43381,0.03615
3101.50501,0.03662
3099.57621,0.03671
3097.64742,0.03643
3095.71862,0.03562
3093.78982,0.03510
3091.86103,0.03535
3089.93223,0.03592
3088.00344,0.03625
3086.07464,0.03637
3084.14584,0.03694
3082.21705,0.03752
3080.28825,0.03710
3078.35945,0.03631
3076.43066,0.03634
3074.50186,0.03688
3072.57306,0.03698
3070.64427,0.03664
3068.71547,0.03595
3066.78667,0.03535
3064.85788,0.03569
3062.92908,0.03587
3061.00028,0.03499
3059.07149,0.03447
3057.14269,0.03533
3055.21389,0.03730
3053.28510,0.03905
3051.35630,0.03885
3049.42750,0.03702
3047.49871,0.03566
3045.56991,0.03558
3043.64111,0.03626
3041.71232,0.03718
3039.78352,0.03733
3037.85472,0.03654
3035.92593,0.03627
3033.99713,0.03712
3032.06833,0.03842
3030.13954,0.03952
3028.21074,0.03995
3026.28194,0.03954
3024.35315,0.03859
3022.42435,0.03794
3020.49555,0.03792
3018.56676,0.03814
3016.63796,0.03881
3014.70916,0.03969
3012.78037,0.04015
3010.85157,0.04039
3008.92277,0.04056
3006.99398,0.04066
3005.06518,0.04090
3003.13638,0.04097
3001.20759,0.04071
2999.27879,0.04049
2997.34999,0.04040
2995.42120,0.04062
2993.49240,0.04082
2991.56360,0.04034
2989.63481,0.04030
2987.70601,0.04139
2985.77721,0.04202
2983.84842,0.04176
2981.91962,0.04172
2979.99082,0.04208
2978.06203,0.04242
2976.13323,0.04249
2974.20443,0.04228
2972.27564,0.04221
2970.34684,0.04239
2968.41804,0.04251
2966.48925,0.04258
2964.56045,0.04292
2962.63165,0.04362
2960.70286,0.04423
2958.77406,0.04448
2956.84526,0.04487
2954.91647,0.04543
2952.98767,0.04567
2951.05887,0.04577
2949.13008,0.04610
2947.20128,0.04640
2945.27248,0.04644
2943.34369,0.04635
2941.41489,0.04616
2939.48609,0.04613
2937.55730,0.04645
2935.62850,0.04701
2933.69970,0.04772
2931.77091,0.04849
2929.84211,0.04916
2927.91331,0.04962
2925.98452,0.04986
2924.05572,0.04972
2922.12692,0.04951
2920.19813,0.04982
2918.26933,0.05035
2916.34053,0.05043
2914.41174,0.04979
2912.48294,0.04869
2910.55414,0.04780
2908.62535,0.04726
2906.69655,0.04679
2904.76775,0.04656
2902.83896,0.04667
2900.91016,0.04667
2898.98136,0.04640
2897.05257,0.04616
2895.12377,0.04587
2893.19497,0.04567
2891.26618,0.04598
2889.33738,0.04638
2887.40858,0.04614
2885.47979,0.04544
2883.55099,0.04510
2881.62219,0.04531
2879.69340,0.04558
2877.76460,0.04583
2875.83580,0.04621
2873.90701,0.04661
2871.97821,0.04699
2870.04941,0.04727
2868.12062,0.04734
2866.19182,0.04729
2864.26302,0.04744
2862.33423,0.04791
2860.40543,0.04855
2858.47663,0.04916
2856.54784,0.04943
2854.61904,0.04939
2852.69024,0.04937
2850.76145,0.04943
2848.83265,0.04944
2846.90385,0.04914
2844.97506,0.04852
2843.04626,0.04800
2841.11746,0.04778
2839.18867,0.04785
2837.25987,0.04800
2835.33107,0.04793
2833.40228,0.04775
2831.47348,0.04784
2829.54468,0.04805
2827.61589,0.04784
2825.68709,0.04737
2823.75829,0.04730
2821.82950,0.04761
2819.90070,0.04773
2817.97190,0.04754
2816.04311,0.04745
2814.11431,0.04757
2812.18551,0.04764
2810.25672,0.04754
2808.32792,0.04739
2806.39912,0.04740
2804.47033,0.04751
2802.54153,0.04746
2800.61273,0.04732
2798.68394,0.04728
2796.75514,0.04720
2794.82634,0.04690
2792.89755,0.04645
2790.96875,0.04611
2789.03995,0.04617
2787.11116,0.04641
2785.18236,0.04636
2783.25356,0.04611
2781.32477,0.04595
2779.39597,0.04577
2777.46717,0.04539
2775.53838,0.04489
2773.60958,0.04452
2771.68078,0.04438
2769.75199,0.04441
2767.82319,0.04459
2765.89439,0.04475
2763.96560,0.04466
2762.03680,0.04439
2760.10800,0.04426
2758.17921,0.04431
2756.25041,0.04429
2754.32161,0.04407
2752.39282,0.04374
2750.46402,0.04359
2748.53522,0.04380
2746.60643,0.04409
2744.67763,0.04412
2742.74883,0.04395
2740.82004,0.04387
2738.89124,0.04393
2736.96244,0.04408
2735.03365,0.04427
2733.10485,0.04435
2731.17605,0.04426
2729.24726,0.04412
2727.31846,0.04404
2725.38967,0.04402
2723.46087,0.04395
2721.53207,0.04386
2719.60328,0.04387
2717.67448,0.04394
2715.74568,0.04406
2713.81689,0.04417
2711.88809,0.04404
2709.95929,0.04375
2708.03050,0.04350
2706.10170,0.04334
2704.17290,0.04340
2702.24411,0.04360
2700.31531,0.04366
2698.38651,0.04363
2696.45772,0.04368
2694.52892,0.04375
2692.60012,0.04385
2690.67133,0.04393
2688.74253,0.04385
2686.81373,0.04371
2684.88494,0.04372
2682.95614,0.04386
2681.02734,0.04401
2679.09855,0.04408
2677.16975,0.04399
2675.24095,0.04371
2673.31216,0.04342
2671.38336,0.04329
2669.45456,0.04334
2667.52577,0.04344
2665.59697,0.04341
2663.66817,0.04327
2661.73938,0.04321
2659.81058,0.04329
2657.88178,0.04334
2655.95299,0.04326
2654.02419,0.04329
2652.09539,0.04349
2650.16660,0.04350
2648.23780,0.04332
2646.30900,0.04334
2644.38021,0.04363
2642.45141,0.04398
2640.52261,0.04406
2638.59382,0.04389
2636.66502,0.04388
2634.73622,0.04400
2632.80743,0.04411
2630.87863,0.04428
2628.94983,0.04442
2627.02104,0.04432
2625.09224,0.04418
2623.16344,0.04419
2621.23465,0.04432
2619.30585,0.04444
2617.37705,0.04431
2615.44826,0.04402
2613.51946,0.04403
2611.59066,0.04431
2609.66187,0.04455
2607.73307,0.04451
2605.80427,0.04430
2603.87548,0.04437
2601.94668,0.04467
2600.01788,0.04475
2598.08909,0.04479
2596.16029,0.04504
2594.23149,0.04505
2592.30270,0.04467
2590.37390,0.04456
2588.44510,0.04474
2586.51631,0.04456
2584.58751,0.04425
2582.65871,0.04417
2580.72992,0.04407
2578.80112,0.04387
2576.87232,0.04386
2574.94353,0.04403
2573.01473,0.04416
2571.08593,0.04420
2569.15714,0.04422
2567.22834,0.04429
2565.29954,0.04424
2563.37075,0.04395
2561.44195,0.04383
2559.51315,0.04405
2557.58436,0.04426
2555.65556,0.04434
2553.72676,0.04422
2551.79797,0.04410
2549.86917,0.04436
2547.94037,0.04458
2546.01158,0.04422
2544.08278,0.04380
2542.15398,0.04371
2540.22519,0.04375
2538.29639,0.04368
2536.36759,0.04342
2534.43880,0.04332
2532.51000,0.04357
2530.58120,0.04381
2528.65241,0.04383
2526.72361,0.04364
2524.79481,0.04321
2522.86602,0.04284
2520.93722,0.04294
2519.00842,0.04326
2517.07963,0.04337
2515.15083,0.04339
2513.22203,0.04345
2511.29324,0.04323
2509.36444,0.04283
2507.43564,0.04280
2505.50685,0.04306
2503.57805,0.04304
2501.64925,0.04272
2499.72046,0.04272
2497.79166,0.04302
2495.86286,0.04298
2493.93407,0.04277
2492.00527,0.04280
2490.07647,0.04282
2488.14768,0.04268
2486.21888,0.04264
2484.29008,0.04274
2482.36129,0.04274
2480.43249,0.04268
2478.50369,0.04262
2476.57490,0.04265
2474.64610,0.04280
2472.71730,0.04268
2470.78851,0.04224
2468.85971,0.04199
2466.93091,0.04217
2465.00212,0.04259
2463.07332,0.04284
2461.14452,0.04264
2459.21573,0.04217
2457.28693,0.04180
2455.35813,0.04142
2453.42934,0.04101
2451.50054,0.04100
2449.57174,0.04137
2447.64295,0.04152
2445.71415,0.04136
2443.78535,0.04128
2441.85656,0.04139
2439.92776,0.04153
2437.99896,0.04160
2436.07017,0.04131
2434.14137,0.04075
2432.21257,0.04044
2430.28378,0.04040
2428.35498,0.04053
2426.42618,0.04084
2424.49739,0.04089
2422.56859,0.04043
2420.63979,0.03997
2418.71100,0.03977
2416.78220,0.03946
2414.85340,0.03895
2412.92461,0.03857
2410.99581,0.03844
2409.06701,0.03865
2407.13822,0.03904
2405.20942,0.03905
2403.28062,0.03868
2401.35183,0.03823
2399.42303,0.03761
2397.49423,0.03708
2395.56544,0.03713
2393.63664,0.03753
2391.70784,0.03788
2389.77905,0.03850
2387.85025,0.04023
2385.92145,0.04394
2383.99266,0.05018
2382.06386,0.05898
2380.13506,0.06989
2378.20627,0.08198
2376.27747,0.09441
2374.34867,0.10716
2372.41988,0.12030
2370.49108,0.13316
2368.56228,0.14510
2366.63349,0.15586
2364.70469,0.16456
2362.77589,0.17026
2360.84710,0.17263
2358.91830,0.17082
2356.98951,0.16391
2355.06071,0.15204
2353.13191,0.13628
2351.20312,0.12048
2349.27432,0.11220
2347.34552,0.11604
2345.41673,0.12767
2343.48793,0.13573
2341.55913,0.13651
2339.63034,0.13442
2337.70154,0.13163
2335.77274,0.12905
2333.84395,0.12816
2331.91515,0.12853
2329.98635,0.12708
2328.05756,0.12322
2326.12876,0.11967
2324.19996,0.11743
2322.27117,0.11432
2320.34237,0.10839
2318.41357,0.10055
2316.48478,0.09347
2314.55598,0.08887
2312.62718,0.08572
2310.69839,0.08205
2308.76959,0.07741
2306.84079,0.07225
2304.91200,0.06715
2302.98320,0.06291
2301.05440,0.05957
2299.12561,0.05648
2297.19681,0.05353
2295.26801,0.05106
2293.33922,0.04903
2291.41042,0.04722
2289.48162,0.04560
2287.55283,0.04419
2285.62403,0.04293
2283.69523,0.04195
2281.76644,0.04157
2279.83764,0.04185
2277.90884,0.04245
2275.98005,0.04311
2274.05125,0.04364
2272.12245,0.04391
2270.19366,0.04433
2268.26486,0.04532
2266.33606,0.04633
2264.40727,0.04667
2262.47847,0.04644
2260.54967,0.04603
2258.62088,0.04606
2256.69208,0.04703
2254.76328,0.04785
2252.83449,0.04746
2250.90569,0.04665
2248.97689,0.04638
2247.04810,0.04655
2245.11930,0.04685
2243.19050,0.04710
2241.26171,0.04730
2239.33291,0.04739
2237.40411,0.04743
2235.47532,0.04768
2233.54652,0.04782
2231.61772,0.04750
2229.68893,0.04777
2227.76013,0.04889
2225.83133,0.04913
2223.90254,0.04863
2221.97374,0.04913
2220.04494,0.05017
2218.11615,0.05103
2216.18735,0.05213
2214.25855,0.05240
2212.32976,0.05088
2210.40096,0.05015
2208.47216,0.05159
2206.54337,0.05247
2204.61457,0.05210
2202.68577,0.05220
2200.75698,0.05314
2198.82818,0.05425
2196.89938,0.05453
2194.97059,0.05387
2193.04179,0.05394
2191.11299,0.05578
2189.18420,0.05791
2187.25540,0.05848
2185.32660,0.05769
2183.39781,0.05656
2181.46901,0.05657
2179.54021,0.05800
2177.61142,0.05866
2175.68262,0.05827
2173.75382,0.05869
2171.82503,0.06057
2169.89623,0.06357
2167.96743,0.06585
2166.03864,0.06503
2164.10984,0.06337
2162.18104,0.06492
2160.25225,0.06839
2158.32345,0.06989
2156.39465,0.06736
2154.46586,0.06247
2152.53706,0.05858
2150.60826,0.05625
2148.67947,0.05404
2146.75067,0.05129
2144.82187,0.04847
2142.89308,0.04629
2140.96428,0.04489
2139.03548,0.04403
2137.10669,0.04314
2135.17789,0.04183
2133.24909,0.04017
2131.32030,0.03867
2129.39150,0.03772
2127.46270,0.03672
2125.53391,0.03536
2123.60511,0.03422
2121.67631,0.03367
2119.74752,0.03355
2117.81872,0.03360
2115.88992,0.03365
2113.96113,0.03369
2112.03233,0.03378
2110.10353,0.03382
2108.17474,0.03369
2106.24594,0.03386
2104.31714,0.03475
2102.38835,0.03558
2100.45955,0.03536
2098.53075,0.03468
2096.60196,0.03447
2094.67316,0.03444
2092.74436,0.03417
2090.81557,0.03368
2088.88677,0.03312
2086.95797,0.03299
2085.02918,0.03349
2083.10038,0.03431
2081.17158,0.03513
2079.24279,0.03552
2077.31399,0.03533
2075.38519,0.03485
2073.45640,0.03460
2071.52760,0.03516
2069.59880,0.03644
2067.67001,0.03755
2065.74121,0.03792
2063.81241,0.03775
2061.88362,0.03738
2059.95482,0.03692
2058.02602,0.03636
2056.09723,0.03591
2054.16843,0.03611
2052.23963,0.03705
2050.31084,0.03849
2048.38204,0.04071
2046.45324,0.04341
2044.52445,0.04521
2042.59565,0.04572
2040.66685,0.04514
2038.73806,0.04297
2036.80926,0.04141
2034.88046,0.04390
2032.95167,0.04788
2031.02287,0.04878
2029.09407,0.04761
2027.16528,0.04720
2025.23648,0.04728
2023.30768,0.04614
2021.37889,0.04388
2019.45009,0.04317
2017.52129,0.04576
2015.59250,0.04832
2013.66370,0.04776
2011.73490,0.04621
2009.80611,0.04527
2007.87731,0.04284
2005.94851,0.03869
2004.01972,0.03632
2002.09092,0.03709
2000.16212,0.03832
1998.23333,0.03785
1996.30453,0.03666
1994.37574,0.03680
1992.44694,0.03857
1990.51814,0.04002
1988.58935,0.03986
1986.66055,0.03915
1984.73175,0.03901
1982.80296,0.03967
1980.87416,0.04104
1978.94536,0.04170
1977.01657,0.04055
1975.08777,0.03980
1973.15897,0.03955
1971.23018,0.03840
1969.30138,0.03813
1967.37258,0.03877
1965.44379,0.03843
1963.51499,0.03746
1961.58619,0.03666
1959.65740,0.03550
1957.72860,0.03397
1955.79980,0.03278
1953.87101,0.03202
1951.94221,0.03161
1950.01341,0.03167
1948.08462,0.03197
1946.15582,0.03269
1944.22702,0.03403
1942.29823,0.03404
1940.36943,0.03159
1938.44063,0.02909
1936.51184,0.02825
1934.58304,0.02855
1932.65424,0.02866
1930.72545,0.02834
1928.79665,0.02841
1926.86785,0.02920
1924.93906,0.03060
1923.01026,0.03148
1921.08146,0.03162
1919.15267,0.03201
1917.22387,0.03133
1915.29507,0.02922
1913.36628,0.02824
1911.43748,0.02899
1909.50868,0.02967
1907.57989,0.02906
1905.65109,0.02771
1903.72229,0.02668
1901.79350,0.02610
1899.86470,0.02593
1897.93590,0.02655
1896.00711,0.02751
1894.07831,0.02794
1892.14951,0.02865
1890.22072,0.02984
1888.29192,0.02947
1886.36312,0.02794
1884.43433,0.02719
1882.50553,0.02712
1880.57673,0.02710
1878.64794,0.02685
1876.71914,0.02661
1874.79034,0.02674
1872.86155,0.02824
1870.93275,0.03191
1869.00395,0.03476
1867.07516,0.03293
1865.14636,0.02894
1863.21756,0.02664
1861.28877,0.02607
1859.35997,0.02586
1857.43117,0.02540
1855.50238,0.02495
1853.57358,0.02488
1851.64478,0.02539
1849.71599,0.02688
1847.78719,0.02964
1845.85839,0.03315
1843.92960,0.03386
1842.00080,0.03035
1840.07200,0.02747
1838.14321,0.02706
1836.21441,0.02716
1834.28561,0.02767
1832.35682,0.03040
1830.42802,0.03361
1828.49922,0.03381
1826.57043,0.03264
1824.64163,0.03115
1822.71283,0.02841
1820.78404,0.02635
1818.85524,0.02606
1816.92644,0.02617
1814.99765,0.02645
1813.06885,0.02778
1811.14005,0.02900
1809.21126,0.02836
1807.28246,0.02687
1805.35366,0.02682
1803.42487,0.02903
1801.49607,0.03149
1799.56727,0.03150
1797.63848,0.03032
1795.70968,0.03137
1793.78088,0.03493
1791.85209,0.03605
1789.92329,0.03205
1787.99449,0.02859
1786.06570,0.02852
1784.13690,0.02954
1782.20810,0.03038
1780.27931,0.03062
1778.35051,0.03011
1776.42171,0.03125
1774.49292,0.03559
1772.56412,0.03959
1770.63532,0.03861
1768.70653,0.03453
1766.77773,0.03047
1764.84893,0.02903
1762.92014,0.03065
1760.99134,0.03146
1759.06254,0.03081
1757.13375,0.03035
1755.20495,0.02991
1753.27615,0.03219
1751.34736,0.03770
1749.41856,0.04030
1747.48976,0.03788
1745.56097,0.03514
1743.63217,0.03441
1741.70337,0.03494
1739.77458,0.03486
1737.84578,0.03511
1735.91698,0.03929
1733.98819,0.04380
1732.05939,0.04061
1730.13059,0.03450
1728.20180,0.02988
1726.27300,0.02772
1724.34420,0.02804
1722.41541,0.02996
1720.48661,0.03558
1718.55781,0.04476
1716.62902,0.04852
1714.70022,0.04323
1712.77142,0.03704
1710.84263,0.03491
1708.91383,0.03765
1706.98503,0.04383
1705.05624,0.04983
1703.12744,0.05628
1701.19864,0.06663
1699.26985,0.07548
1697.34105,0.07906
1695.41225,0.08081
1693.48346,0.08218
1691.55466,0.08821
1689.62586,0.10040
1687.69707,0.11591
1685.76827,0.13665
1683.83947,0.15829
1681.91068,0.16766
1679.98188,0.17313
1678.05308,0.18386
1676.12429,0.19977
1674.19549,0.21550
1672.26669,0.22844
1670.33790,0.24098
1668.40910,0.24858
1666.48030,0.25090
1664.55151,0.25555
1662.62271,0.26119
1660.69391,0.26239
1658.76512,0.26272
1656.83632,0.26836
1654.90752,0.28081
1652.97873,0.28824
1651.04993,0.28249
1649.12113,0.28194
1647.19234,0.28780
1645.26354,0.28952
1643.33474,0.28995
1641.40595,0.29730
1639.47715,0.31250
1637.54835,0.33471
1635.61956,0.35826
1633.69076,0.37205
1631.76197,0.38222
1629.83317,0.39738
1627.90437,0.41472
1625.97558,0.42909
1624.04678,0.43922
1622.11798,0.44285
1620.18919,0.44282
1618.26039,0.44410
1616.33159,0.44211
1614.40280,0.43498
1612.47400,0.43057
1610.54520,0.43136
1608.61641,0.43521
1606.68761,0.44058
1604.75881,0.44809
1602.83002,0.45753
1600.90122,0.46727
1598.97242,0.47621
1597.04363,0.48373
1595.11483,0.48842
1593.18603,0.48852
1591.25724,0.48384
1589.32844,0.47467
1587.39964,0.46155
1585.47085,0.44554
1583.54205,0.42720
1581.61325,0.40787
1579.68446,0.39096
1577.75566,0.37510
1575.82686,0.35188
1573.89807,0.32695
1571.96927,0.30962
1570.04047,0.29347
1568.11168,0.27378
1566.18288,0.25576
1564.25408,0.24263
1562.32529,0.23772
1560.39649,0.24044
1558.46769,0.23241
1556.53890,0.21035
1554.61010,0.19269
1552.68130,0.18078
1550.75251,0.17224
1548.82371,0.16511
1546.89491,0.16165
1544.96612,0.16378
1543.03732,0.16851
1541.10852,0.16988
1539.17973,0.15876
1537.25093,0.14462
1535.32213,0.13912
1533.39334,0.13653
1531.46454,0.13058
1529.53574,0.12680
1527.60695,0.12766
1525.67815,0.12924
1523.74935,0.13115
1521.82056,0.13235
1519.89176,0.12927
1517.96296,0.12471
1516.03417,0.11933
1514.10537,0.11370
1512.17657,0.11288
1510.24778,0.11962
1508.31898,0.13029
1506.39018,0.12929
1504.46139,0.11529
1502.53259,0.10784
1500.60379,0.10987
1498.67500,0.11634
1496.74620,0.12058
1494.81740,0.12143
1492.88861,0.12623
1490.95981,0.13802
1489.03101,0.14914
1487.10222,0.15342
1485.17342,0.15692
1483.24462,0.16483
1481.31583,0.17658
1479.38703,0.19037
1477.45823,0.20698
1475.52944,0.22639
1473.60064,0.24456
1471.67184,0.25475
1469.74305,0.25802
1467.81425,0.26334
1465.88545,0.27209
1463.95666,0.27735
1462.02786,0.27910
1460.09906,0.28424
1458.17027,0.28990
1456.24147,0.28116
1454.31267,0.26236
1452.38388,0.24675
1450.45508,0.23479
1448.52628,0.22293
1446.59749,0.20826
1444.66869,0.19307
1442.73989,0.18006
1440.81110,0.17038
1438.88230,0.16489
1436.95350,0.15870
1435.02471,0.14694
1433.09591,0.13588
1431.16711,0.12851
1429.23832,0.12131
1427.30952,0.11433
1425.38072,0.10985
1423.45193,0.10704
1421.52313,0.10622
1419.59433,0.10662
1417.66554,0.10182
1415.73674,0.09289
1413.80794,0.08640
1411.87915,0.08300
1409.95035,0.08064
1408.02155,0.07936
1406.09276,0.07924
1404.16396,0.07798
1402.23516,0.07644
1400.30637,0.07755
1398.37757,0.07971
1396.44877,0.08007
1394.51998,0.07737
1392.59118,0.07251
1390.66238,0.07000
1388.73359,0.07094
1386.80479,0.07066
1384.87599,0.06733
1382.94720,0.06457
1381.01840,0.06386
1379.08960,0.06410
1377.16081,0.06525
1375.23201,0.06668
1373.30321,0.06557
1371.37442,0.06245
1369.44562,0.06041
1367.51682,0.05968
1365.58803,0.06068
1363.65923,0.06316
1361.73043,0.06305
1359.80164,0.05964
1357.87284,0.05693
1355.94404,0.05605
1354.01525,0.05565
1352.08645,0.05525
1350.15765,0.05514
1348.22886,0.05509
1346.30006,0.05496
1344.37126,0.05549
1342.44247,0.05787
1340.51367,0.06123
1338.58487,0.06200
1336.65608,0.05948
1334.72728,0.05674
1332.79848,0.05536
1330.86969,0.05480
1328.94089,0.05441
1327.01209,0.05401
1325.08330,0.05366
1323.15450,0.05356
1321.22570,0.05397
1319.29691,0.05444
1317.36811,0.05417
1315.43931,0.05349
1313.51052,0.05290
1311.58172,0.05218
1309.65292,0.05150
1307.72413,0.05112
1305.79533,0.05086
1303.86653,0.05079
1301.93774,0.05097
1300.00894,0.05131
1298.08014,0.05172
1296.15135,0.05203
1294.22255,0.05214
1292.29375,0.05230
1290.36496,0.05265
1288.43616,0.05294
1286.50736,0.05284
1284.57857,0.05252
1282.64977,0.05233
1280.72097,0.05222
1278.79218,0.05197
1276.86338,0.05164
1274.93458,0.05153
1273.00579,0.05171
1271.07699,0.05181
1269.14820,0.05157
1267.21940,0.05129
1265.29060,0.05120
1263.36181,0.05130
1261.43301,0.05146
1259.50421,0.05146
1257.57542,0.05127
1255.64662,0.05118
1253.71782,0.05134
1251.78903,0.05170
1249.86023,0.05215
1247.93143,0.05261
1246.00264,0.05309
1244.07384,0.05359
1242.14504,0.05400
1240.21625,0.05424
1238.28745,0.05441
1236.35865,0.05456
1234.42986,0.05468
1232.50106,0.05482
1230.57226,0.05501
1228.64347,0.05517
1226.71467,0.05525
1224.78587,0.05526
1222.85708,0.05525
1220.92828,0.05537
1218.99948,0.05564
1217.07069,0.05597
1215.14189,0.05632
1213.21309,0.05675
1211.28430,0.05731
1209.35550,0.05799
1207.42670,0.05881
1205.49791,0.05979
1203.56911,0.06087
1201.64031,0.06202
1199.71152,0.06336
1197.78272,0.06491
1195.85392,0.06658
1193.92513,0.06833
1191.99633,0.07028
1190.06753,0.07249
1188.13874,0.07490
1186.20994,0.07738
1184.28114,0.07987
1182.35235,0.08261
1180.42355,0.08584
1178.49475,0.08957
1176.56596,0.09361
1174.63716,0.09784
1172.70836,0.10222
1170.77957,0.10679
1168.85077,0.11154
1166.92197,0.11629
1164.99318,0.12079
1163.06438,0.12477
1161.13558,0.12794
1159.20679,0.13005
1157.27799,0.13097
1155.34919,0.13062
1153.42040,0.12909
1151.49160,0.12659
1149.56280,0.12324
1147.63401,0.11919
1145.70521,0.11471
1143.77641,0.11003
1141.84762,0.10535
1139.91882,0.10081
1137.99002,0.09645
1136.06123,0.09229
1134.13243,0.08841
1132.20363,0.08484
1130.27484,0.08171
1128.34604,0.07897
1126.41724,0.07647
1124.48845,0.07421
1122.55965,0.07226
1120.63085,0.07065
1118.70206,0.06930
1116.77326,0.06809
1114.84446,0.06709
1112.91567,0.06633
1110.98687,0.06573
1109.05807,0.06530
1107.12928,0.06505
1105.20048,0.06496
1103.27168,0.06494
1101.34289,0.06499
1099.41409,0.06514
1097.48529,0.06534
1095.55650,0.06555
1093.62770,0.06580
1091.69890,0.06610
1089.77011,0.06644
1087.84131,0.06677
1085.91251,0.06697
1083.98372,0.06709
1082.05492,0.06723
1080.12612,0.06740
1078.19733,0.06757
1076.26853,0.06772
1074.33973,0.06789
1072.41094,0.06812
1070.48214,0.06835
1068.55334,0.06848
1066.62455,0.06853
1064.69575,0.06861
1062.76695,0.06862
1060.83816,0.06842
1058.90936,0.06814
1056.98056,0.06793
1055.05177,0.06770
1053.12297,0.06737
1051.19417,0.06697
1049.26538,0.06655
1047.33658,0.06610
1045.40778,0.06566
1043.47899,0.06514
1041.55019,0.06444
1039.62139,0.06361
1037.69260,0.06280
1035.76380,0.06202
1033.83500,0.06116
1031.90621,0.06028
1029.97741,0.05942
1028.04861,0.05852
1026.11982,0.05759
1024.19102,0.05682
1022.26222,0.05624
1020.33343,0.05567
1018.40463,0.05513
1016.47583,0.05481
1014.54704,0.05471
1012.61824,0.05468
1010.68944,0.05461
1008.76065,0.05441
1006.83185,0.05410
1004.90305,0.05369
1002.97426,0.05322
1001.04546,0.05280
999.11666,0.05250
997.18787,0.05226
995.25907,0.05197
993.33027,0.05161
991.40148,0.05124
989.47268,0.05086
987.54388,0.05033
985.61509,0.04966
983.68629,0.04899
981.75749,0.04832
979.82870,0.04756
977.89990,0.04670
975.97110,0.04586
974.04231,0.04513
972.11351,0.04449
970.18471,0.04394
968.25592,0.04359
966.32712,0.04346
964.39832,0.04341
962.46953,0.04334
960.54073,0.04321
958.61193,0.04301
956.68314,0.04276
954.75434,0.04258
952.82554,0.04259
950.89675,0.04270
948.96795,0.04265
947.03915,0.04240
945.11036,0.04209
943.18156,0.04171
941.25276,0.04119
939.32397,0.04057
937.39517,0.03993
935.46637,0.03923
933.53758,0.03841
931.60878,0.03755
929.67998,0.03673
927.75119,0.03607
925.82239,0.03547
923.89359,0.03472
921.96480,0.03380
920.03600,0.03299
918.10720,0.03246
916.17841,0.03212
914.24961,0.03186
912.32081,0.03171
910.39202,0.03167
908.46322,0.03160
906.53443,0.03141
904.60563,0.03123
902.67683,0.03120
900.74804,0.03124
898.81924,0.03114
896.89044,0.03083
894.96165,0.03042
893.03285,0.02994
891.10405,0.02934
889.17526,0.02863
887.24646,0.02782
885.31766,0.02682
883.38887,0.02576
881.46007,0.02480
879.53127,0.02396
877.60248,0.02319
875.67368,0.02249
873.74488,0.02186
871.81609,0.02132
869.88729,0.02087
867.95849,0.02046
866.02970,0.02018
864.10090,0.02016
862.17210,0.02026
860.24331,0.02030
858.31451,0.02029
856.38571,0.02034
854.45692,0.02052
852.52812,0.02076
850.59932,0.02082
848.67053,0.02068
846.74173,0.02058
844.81293,0.02049
842.88414,0.02017
840.95534,0.01971
839.02654,0.01934
837.09775,0.01896
835.16895,0.01847
833.24015,0.01797
831.31136,0.01748
829.38256,0.01699
827.45376,0.01651
825.52497,0.01615
823.59617,0.01601
821.66737,0.01607
819.73858,0.01620
817.80978,0.01639
815.88098,0.01671
813.95219,0.01720
812.02339,0.01782
810.09459,0.01854
808.16580,0.01934
806.23700,0.02014
804.30820,0.02103
802.37941,0.02204
800.45061,0.02308
798.52181,0.02415
796.59302,0.02532
794.66422,0.02646
792.73542,0.02734
790.80663,0.02794
788.87783,0.02844
786.94903,0.02884
785.02024,0.02897
783.09144,0.02853
781.16264,0.02747
779.23385,0.02605
777.30505,0.02442
775.37625,0.02280
773.44746,0.02160
771.51866,0.02109
769.58986,0.02099
767.66107,0.02088
765.73227,0.02076
763.80347,0.02075
761.87468,0.02082
759.94588,0.02096
758.01708,0.02135
756.08829,0.02201
754.15949,0.02267
752.23069,0.02324
750.30190,0.02354
748.37310,0.02331
