3496.90832,0.06750
3494.97953,0.06603
3493.05073,0.06114
3491.12193,0.05945
3489.19314,0.06265
3487.26434,0.06633
3485.33554,0.06382
3483.40675,0.05841
3481.47795,0.05775
3479.54915,0.06085
3477.62036,0.06445
3475.69156,0.06862
3473.76276,0.07197
3471.83397,0.07193
3469.90517,0.06974
3467.97637,0.06975
3466.04758,0.07313
3464.11878,0.07673
3462.18998,0.07674
3460.26119,0.07321
3458.33239,0.06787
3456.40359,0.06100
3454.47480,0.05654
3452.54600,0.05647
3450.61721,0.05528
3448.68841,0.05116
3446.75961,0.05121
3444.83082,0.05809
3442.90202,0.06347
3440.97322,0.06273
3439.04443,0.05802
3437.11563,0.05076
3435.18683,0.04551
3433.25804,0.04504
3431.32924,0.04623
3429.40044,0.04896
3427.47165,0.05362
3425.54285,0.05551
3423.61405,0.05268
3421.68526,0.04909
3419.75646,0.04622
3417.82766,0.04343
3415.89887,0.04092
3413.97007,0.03562
3412.04127,0.02876
3410.11248,0.02820
3408.18368,0.03496
3406.25488,0.03900
3404.32609,0.03365
3402.39729,0.02799
3400.46849,0.03084
3398.53970,0.03419
3396.61090,0.02876
3394.68210,0.02204
3392.75331,0.02315
3390.82451,0.02802
3388.89571,0.03384
3386.96692,0.04032
3385.03812,0.04263
3383.10932,0.04299
3381.18053,0.04735
3379.25173,0.05118
3377.32293,0.04871
3375.39414,0.04300
3373.46534,0.04313
3371.53654,0.05059
3369.60775,0.05623
3367.67895,0.06030
3365.75015,0.06796
3363.82136,0.06975
3361.89256,0.06058
3359.96376,0.05315
3358.03497,0.05360
3356.10617,0.05783
3354.17737,0.06305
3352.24858,0.06870
3350.31978,0.07541
3348.39098,0.08010
3346.46219,0.07738
3344.53339,0.07120
3342.60459,0.06877
3340.67580,0.06884
3338.74700,0.06727
3336.81820,0.06369
3334.88941,0.05953
3332.96061,0.05479
3331.03181,0.05345
3329.10302,0.05942
3327.17422,0.06254
3325.24542,0.05287
3323.31663,0.04023
3321.38783,0.03863
3319.45903,0.04397
3317.53024,0.04304
3315.60144,0.03696
3313.67264,0.03395
3311.74385,0.03249
3309.81505,0.03140
3307.88625,0.03469
3305.95746,0.03739
3304.02866,0.03415
3302.09986,0.03262
3300.17107,0.03616
3298.24227,0.03617
3296.31347,0.03160
3294.38468,0.02680
3292.45588,0.02144
3290.52708,0.01860
3288.59829,0.01999
3286.66949,0.01854
3284.74069,0.01547
3282.81190,0.01899
3280.88310,0.02482
3278.95430,0.02763
3277.02551,0.03214
3275.09671,0.03684
3273.16791,0.03569
3271.23912,0.03051
3269.31032,0.02402
3267.38152,0.01911
3265.45273,0.01875
3263.52393,0.01816
3261.59513,0.01590
3259.66634,0.01922
3257.73754,0.02654
3255.80874,0.02975
3253.87995,0.02949
3251.95115,0.02883
3250.02235,0.02425
3248.09356,0.01612
3246.16476,0.01313
3244.23596,0.01791
3242.30717,0.02229
3240.37837,0.02293
3238.44957,0.02611
3236.52078,0.03344
3234.59198,0.04131
3232.66318,0.04582
3230.73439,0.04230
3228.80559,0.03281
3226.87679,0.02380
3224.94800,0.01943
3223.01920,0.02326
3221.09040,0.03290
3219.16161,0.04112
3217.23281,0.04611
3215.30401,0.05081
3213.37522,0.05546
3211.44642,0.05807
3209.51762,0.05675
3207.58883,0.05145
3205.66003,0.04679
3203.73123,0.04659
3201.80244,0.04914
3199.87364,0.05063
3197.94484,0.04954
3196.01605,0.04789
3194.08725,0.04701
3192.15845,0.04472
3190.22966,0.04338
3188.30086,0.04883
3186.37206,0.05539
3184.44327,0.05485
3182.51447,0.05091
3180.58567,0.04780
3178.65688,0.04581
3176.72808,0.04470
3174.79928,0.04155
3172.87049,0.03643
3170.94169,0.03340
3169.01289,0.03247
3167.08410,0.03154
3165.15530,0.03232
3163.22650,0.03510
3161.29771,0.03660
3159.36891,0.03541
3157.44011,0.03426
3155.51132,0.03591
3153.58252,0.03769
3151.65372,0.03628
3149.72493,0.03319
3147.79613,0.03131
3145.86733,0.03101
3143.93854,0.03073
3142.00974,0.03076
3140.08094,0.03176
3138.15215,0.03201
3136.22335,0.03099
3134.29455,0.03024
3132.36576,0.02995
3130.43696,0.02947
3128.50816,0.02886
3126.57937,0.02875
3124.65057,0.02976
3122.72177,0.03114
3120.79298,0.03234
3118.86418,0.03349
3116.93538,0.03364
3115.00659,0.03219
3113.07779,0.03023
3111.14899,0.02895
3109.22020,0.02816
3107.29140,0.02784
3105.36260,0.02831
3103.43381,0.02853
3101.50501,0.02802
3099.57621,0.02670
3097.64742,0.02420
3095.71862,0.02238
3093.78982,0.02272
3091.86103,0.02353
3089.93223,0.02400
3088.00344,0.02477
3086.07464,0.02571
3084.14584,0.02681
3082.21705,0.02780
3080.28825,0.02766
3078.35945,0.02650
3076.43066,0.02544
3074.50186,0.02484
3072.57306,0.02494
3070.64427,0.02580
3068.71547,0.02614
3066.78667,0.02573
3064.85788,0.02576
3062.92908,0.02605
3061.00028,0.02601
3059.07149,0.02556
3057.14269,0.02512
3055.21389,0.02553
3053.28510,0.02629
3051.35630,0.02615
3049.42750,0.02520
3047.49871,0.02459
3045.56991,0.02482
3043.64111,0.02567
3041.71232,0.02659
3039.78352,0.02692
3037.85472,0.02723
3035.92593,0.02816
3033.99713,0.02898
3032.06833,0.02930
3030.13954,0.02957
3028.21074,0.03006
3026.28194,0.03049
3024.35315,0.03021
3022.42435,0.02938
3020.49555,0.02887
3018.56676,0.02893
3016.63796,0.02947
3014.70916,0.03009
3012.78037,0.03018
3010.85157,0.02998
3008.92277,0.03007
3006.99398,0.03038
3005.06518,0.03083
3003.13638,0.03089
3001.20759,0.02996
2999.27879,0.02907
2997.34999,0.02941
2995.42120,0.03051
2993.49240,0.03120
2991.56360,0.03112
2989.63481,0.03106
2987.70601,0.03151
2985.77721,0.03193
2983.84842,0.03210
2981.91962,0.03257
2979.99082,0.03307
2978.06203,0.03283
2976.13323,0.03248
2974.20443,0.03294
2972.27564,0.03380
2970.34684,0.03409
2968.41804,0.03350
2966.48925,0.03299
2964.56045,0.03338
2962.63165,0.03412
2960.70286,0.03453
2958.77406,0.03477
2956.84526,0.03522
2954.91647,0.03570
2952.98767,0.03594
2951.05887,0.03608
2949.13008,0.03626
2947.20128,0.03662
2945.27248,0.03707
2943.34369,0.03720
2941.41489,0.03699
2939.48609,0.03683
2937.55730,0.03694
2935.62850,0.03744
2933.69970,0.03837
2931.77091,0.03952
2929.84211,0.04056
2927.91331,0.04097
2925.98452,0.04082
2924.05572,0.04088
2922.12692,0.04125
2920.19813,0.04143
2918.26933,0.04145
2916.34053,0.04138
2914.41174,0.04064
2912.48294,0.03923
2910.55414,0.03804
2908.62535,0.03759
2906.69655,0.03755
2904.76775,0.03755
2902.83896,0.03748
2900.91016,0.03730
2898.98136,0.03730
2897.05257,0.03765
2895.12377,0.03794
2893.19497,0.03791
2891.26618,0.03778
2889.33738,0.03775
2887.40858,0.03761
2885.47979,0.03721
2883.55099,0.03703
2881.62219,0.03741
2879.69340,0.03785
2877.76460,0.03798
2875.83580,0.03808
2873.90701,0.03831
2871.97821,0.03846
2870.04941,0.03850
2868.12062,0.03868
2866.19182,0.03908
2864.26302,0.03960
2862.33423,0.04010
2860.40543,0.04069
2858.47663,0.04129
2856.54784,0.04147
2854.61904,0.04129
2852.69024,0.04117
2850.76145,0.04123
2848.83265,0.04155
2846.90385,0.04201
2844.97506,0.04214
2843.04626,0.04175
2841.11746,0.04123
2839.18867,0.04103
2837.25987,0.04116
2835.33107,0.04135
2833.40228,0.04149
2831.47348,0.04166
2829.54468,0.04187
2827.61589,0.04198
2825.68709,0.04194
2823.75829,0.04196
2821.82950,0.04206
2819.90070,0.04204
2817.97190,0.04187
2816.04311,0.04179
2814.11431,0.04190
2812.18551,0.04204
2810.25672,0.04199
2808.32792,0.04181
2806.39912,0.04178
2804.47033,0.04175
2802.54153,0.04141
2800.61273,0.04101
2798.68394,0.04087
2796.75514,0.04074
2794.82634,0.04048
2792.89755,0.04033
2790.96875,0.04041
2789.03995,0.04057
2787.11116,0.04046
2785.18236,0.03998
2783.25356,0.03959
2781.32477,0.03951
2779.39597,0.03952
2777.46717,0.03939
2775.53838,0.03912
2773.60958,0.03883
2771.68078,0.03856
2769.75199,0.03838
2767.82319,0.03846
2765.89439,0.03872
2763.96560,0.03880
2762.03680,0.03853
2760.10800,0.03812
2758.17921,0.03789
2756.25041,0.03787
2754.32161,0.03773
2752.39282,0.03740
2750.46402,0.03727
2748.53522,0.03747
2746.60643,0.03770
2744.67763,0.03775
2742.74883,0.03772
2740.82004,0.03772
2738.89124,0.03771
2736.96244,0.03778
2735.03365,0.03801
2733.10485,0.03818
2731.17605,0.03823
2729.24726,0.03825
2727.31846,0.03823
2725.38967,0.03812
2723.46087,0.03791
2721.53207,0.03778
2719.60328,0.03783
2717.67448,0.03790
2715.74568,0.03785
2713.81689,0.03776
2711.88809,0.03768
2709.95929,0.03752
2708.03050,0.03729
2706.10170,0.03717
2704.17290,0.03724
2702.24411,0.03722
2700.31531,0.03701
2698.38651,0.03697
2696.45772,0.03719
2694.52892,0.03740
2692.60012,0.03753
2690.67133,0.03761
2688.74253,0.03762
2686.81373,0.03771
2684.88494,0.03801
2682.95614,0.03829
2681.02734,0.03837
2679.09855,0.03840
2677.16975,0.03841
2675.24095,0.03817
2673.31216,0.03780
2671.38336,0.03759
2669.45456,0.03764
2667.52577,0.03780
2665.59697,0.03782
2663.66817,0.03770
2661.73938,0.03745
2659.81058,0.03705
2657.88178,0.03674
2655.95299,0.03666
2654.02419,0.03674
2652.09539,0.03692
2650.16660,0.03708
2648.23780,0.03717
2646.30900,0.03723
2644.38021,0.03725
2642.45141,0.03742
2640.52261,0.03778
2638.59382,0.03796
2636.66502,0.03791
2634.73622,0.03801
2632.80743,0.03828
2630.87863,0.03854
2628.94983,0.03865
2627.02104,0.03864
2625.09224,0.03863
2623.16344,0.03865
2621.23465,0.03864
2619.30585,0.03863
2617.37705,0.03869
2615.44826,0.03872
2613.51946,0.03872
2611.59066,0.03877
2609.66187,0.03880
2607.73307,0.03890
2605.80427,0.03897
2603.87548,0.03889
2601.94668,0.03889
2600.01788,0.03896
2598.08909,0.03911
2596.16029,0.03934
2594.23149,0.03947
2592.30270,0.03962
2590.37390,0.03997
2588.44510,0.04021
2586.51631,0.04001
2584.58751,0.03960
2582.65871,0.03943
2580.72992,0.03937
2578.80112,0.03924
2576.87232,0.03920
2574.94353,0.03915
2573.01473,0.03897
2571.08593,0.03899
2569.15714,0.03930
2567.22834,0.03937
2565.29954,0.03887
2563.37075,0.03810
2561.44195,0.03755
2559.51315,0.03733
2557.58436,0.03723
2555.65556,0.03725
2553.72676,0.03749
2551.79797,0.03778
2549.86917,0.03794
2547.94037,0.03810
2546.01158,0.03846
2544.08278,0.03888
2542.15398,0.03906
2540.22519,0.03890
2538.29639,0.03863
2536.36759,0.03862
2534.43880,0.03891
2532.51000,0.03906
2530.58120,0.03878
2528.65241,0.03831
2526.72361,0.03803
2524.79481,0.03777
2522.86602,0.03735
2520.93722,0.03704
2519.00842,0.03695
2517.07963,0.03698
2515.15083,0.03724
2513.22203,0.03762
2511.29324,0.03769
2509.36444,0.03740
2507.43564,0.03727
2505.50685,0.03743
2503.57805,0.03749
2501.64925,0.03739
2499.72046,0.03738
2497.79166,0.03739
2495.86286,0.03740
2493.93407,0.03756
2492.00527,0.03751
2490.07647,0.03726
2488.14768,0.03727
2486.21888,0.03742
2484.29008,0.03749
2482.36129,0.03747
2480.43249,0.03726
2478.50369,0.03708
2476.57490,0.03723
2474.64610,0.03742
2472.71730,0.03723
2470.78851,0.03688
2468.85971,0.03675
2466.93091,0.03676
2465.00212,0.03683
2463.07332,0.03681
2461.14452,0.03650
2459.21573,0.03616
2457.28693,0.03600
2455.35813,0.03580
2453.42934,0.03567
2451.50054,0.03591
2449.57174,0.03605
2447.64295,0.03575
2445.71415,0.03557
2443.78535,0.03568
2441.85656,0.03574
2439.92776,0.03591
2437.99896,0.03619
2436.07017,0.03612
2434.14137,0.03582
2432.21257,0.03564
2430.28378,0.03561
2428.35498,0.03561
2426.42618,0.03546
2424.49739,0.03525
2422.56859,0.03497
2420.63979,0.03435
2418.71100,0.03364
2416.78220,0.03323
2414.85340,0.03292
2412.92461,0.03250
2410.99581,0.03221
2409.06701,0.03230
2407.13822,0.03254
2405.20942,0.03256
2403.28062,0.03246
2401.35183,0.03237
2399.42303,0.03194
2397.49423,0.03128
2395.56544,0.03094
2393.63664,0.03108
2391.70784,0.03142
2389.77905,0.03190
2387.85025,0.03323
2385.92145,0.03612
2383.99266,0.04084
2382.06386,0.04764
2380.13506,0.05630
2378.20627,0.06582
2376.27747,0.07557
2374.34867,0.08572
2372.41988,0.09632
2370.49108,0.10707
2368.56228,0.11727
2366.63349,0.12596
2364.70469,0.13268
2362.77589,0.13700
2360.84710,0.13829
2358.91830,0.13635
2356.98951,0.13079
2355.06071,0.12106
2353.13191,0.10778
2351.20312,0.09460
2349.27432,0.08791
2347.34552,0.09133
2345.41673,0.10110
2343.48793,0.10790
2341.55913,0.10878
2339.63034,0.10742
2337.70154,0.10569
2335.77274,0.10402
2333.84395,0.10311
2331.91515,0.10273
2329.98635,0.10105
2328.05756,0.09766
2326.12876,0.09455
2324.19996,0.09273
2322.27117,0.09044
2320.34237,0.08572
2318.41357,0.07930
2316.48478,0.07355
2314.55598,0.06973
2312.62718,0.06712
2310.69839,0.06427
2308.76959,0.06067
2306.84079,0.05659
2304.91200,0.05265
2302.98320,0.04946
2301.05440,0.04708
2299.12561,0.04517
2297.19681,0.04348
2295.26801,0.04180
2293.33922,0.04016
2291.41042,0.03886
2289.48162,0.03795
2287.55283,0.03731
2285.62403,0.03686
2283.69523,0.03672
2281.76644,0.03684
2279.83764,0.03722
2277.90884,0.03791
2275.98005,0.03845
2274.05125,0.03862
2272.12245,0.03894
2270.19366,0.03963
2268.26486,0.04050
2266.33606,0.04125
2264.40727,0.04161
2262.47847,0.04164
2260.54967,0.04175
2258.62088,0.04252
2256.69208,0.04359
2254.76328,0.04380
2252.83449,0.04318
2250.90569,0.04266
2248.97689,0.04247
2247.04810,0.04234
2245.11930,0.04274
2243.19050,0.04380
2241.26171,0.04477
2239.33291,0.04567
2237.40411,0.04667
2235.47532,0.04747
2233.54652,0.04813
2231.61772,0.04840
2229.68893,0.04821
2227.76013,0.04826
2225.83133,0.04872
2223.90254,0.04933
2221.97374,0.05014
2220.04494,0.05098
2218.11615,0.05142
2216.18735,0.05144
2214.25855,0.05123
2212.32976,0.05079
2210.40096,0.05075
2208.47216,0.05178
2206.54337,0.05253
2204.61457,0.05227
2202.68577,0.05237
2200.75698,0.05331
2198.82818,0.05499
2196.89938,0.05636
2194.97059,0.05614
2193.04179,0.05608
2191.11299,0.05800
2189.18420,0.06045
2187.25540,0.06161
2185.32660,0.06142
2183.39781,0.06085
2181.46901,0.06079
2179.54021,0.06124
2177.61142,0.06134
2175.68262,0.06125
2173.75382,0.06192
2171.82503,0.06341
2169.89623,0.06596
2167.96743,0.06936
2166.03864,0.07188
2164.10984,0.07285
2162.18104,0.07367
2160.25225,0.07495
2158.32345,0.07570
2156.39465,0.07414
2154.46586,0.06944
2152.53706,0.06386
2150.60826,0.05993
2148.67947,0.05743
2146.75067,0.05479
2144.82187,0.05185
2142.89308,0.04898
2140.96428,0.04602
2139.03548,0.04363
2137.10669,0.04227
2135.17789,0.04072
2133.24909,0.03834
2131.32030,0.03595
2129.39150,0.03402
2127.46270,0.03244
2125.53391,0.03133
2123.60511,0.03034
2121.67631,0.02893
2119.74752,0.02775
2117.81872,0.02742
2115.88992,0.02750
2113.96113,0.02762
2112.03233,0.02785
2110.10353,0.02820
2108.17474,0.02853
2106.24594,0.02857
2104.31714,0.02842
2102.38835,0.02851
2100.45955,0.02879
2098.53075,0.02895
2096.60196,0.02897
2094.67316,0.02887
2092.74436,0.02837
2090.81557,0.02770
2088.88677,0.02764
2086.95797,0.02830
2085.02918,0.02920
2083.10038,0.03001
2081.17158,0.03061
2079.24279,0.03066
2077.31399,0.03027
2075.38519,0.03028
2073.45640,0.03104
2071.52760,0.03201
2069.59880,0.03234
2067.67001,0.03198
2065.74121,0.03172
2063.81241,0.03162
2061.88362,0.03120
2059.95482,0.03112
2058.02602,0.03216
2056.09723,0.03342
2054.16843,0.03389
2052.23963,0.03431
2050.31084,0.03636
2048.38204,0.03981
2046.45324,0.04214
2044.52445,0.04252
2042.59565,0.04281
2040.66685,0.04447
2038.73806,0.04620
2036.80926,0.04661
2034.88046,0.04709
2032.95167,0.04879
2031.02287,0.05065
2029.09407,0.05099
2027.16528,0.04918
2025.23648,0.04628
2023.30768,0.04434
2021.37889,0.04387
2019.45009,0.04387
2017.52129,0.04395
2015.59250,0.04397
2013.66370,0.04399
2011.73490,0.04427
2009.80611,0.04427
2007.87731,0.04202
2005.94851,0.03728
2004.01972,0.03404
2002.09092,0.03528
2000.16212,0.03872
1998.23333,0.04047
1996.30453,0.03977
1994.37574,0.03793
1992.44694,0.03648
1990.51814,0.03614
1988.58935,0.03596
1986.66055,0.03515
1984.73175,0.03430
1982.80296,0.03468
1980.87416,0.03655
1978.94536,0.03840
1977.01657,0.03892
1975.08777,0.03842
1973.15897,0.03718
1971.23018,0.03501
1969.30138,0.03341
1967.37258,0.03391
1965.44379,0.03492
1963.51499,0.03433
1961.58619,0.03235
1959.65740,0.02997
1957.72860,0.02804
1955.79980,0.02693
1953.87101,0.02629
1951.94221,0.02611
1950.01341,0.02617
1948.08462,0.02566
1946.15582,0.02512
1944.22702,0.02539
1942.29823,0.02561
1940.36943,0.02493
1938.44063,0.02377
1936.51184,0.02290
1934.58304,0.02260
1932.65424,0.02225
1930.72545,0.02155
1928.79665,0.02115
1926.86785,0.02112
1924.93906,0.02097
1923.01026,0.02065
1921.08146,0.02061
1919.15267,0.02080
1917.22387,0.02045
1915.29507,0.01966
1913.36628,0.01934
1911.43748,0.01961
1909.50868,0.01978
1907.57989,0.01945
1905.65109,0.01901
1903.72229,0.01894
1901.79350,0.01907
1899.86470,0.01910
1897.93590,0.01915
1896.00711,0.01936
1894.07831,0.01955
1892.14951,0.01975
1890.22072,0.02000
1888.29192,0.01987
1886.36312,0.01940
1884.43433,0.01899
1882.50553,0.01875
1880.57673,0.01857
1878.64794,0.01832
1876.71914,0.01810
1874.79034,0.01804
1872.86155,0.01828
1870.93275,0.01891
1869.00395,0.01927
1867.07516,0.01869
1865.14636,0.01776
1863.21756,0.01714
1861.28877,0.01685
1859.35997,0.01684
1857.43117,0.01695
1855.50238,0.01713
1853.57358,0.01745
1851.64478,0.01779
1849.71599,0.01814
1847.78719,0.01877
1845.85839,0.01960
1843.92960,0.01967
1842.00080,0.01885
1840.07200,0.01829
1838.14321,0.01820
1836.21441,0.01806
1834.28561,0.01796
1832.35682,0.01834
1830.42802,0.01878
1828.49922,0.01860
1826.57043,0.01821
1824.64163,0.01770
1822.71283,0.01692
1820.78404,0.01636
1818.85524,0.01625
1816.92644,0.01628
1814.99765,0.01638
1813.06885,0.01672
1811.14005,0.01707
1809.21126,0.01703
1807.28246,0.01684
1805.35366,0.01704
1803.42487,0.01770
1801.49607,0.01826
1799.56727,0.01830
1797.63848,0.01817
1795.70968,0.01855
1793.78088,0.01939
1791.85209,0.01962
1789.92329,0.01875
1787.99449,0.01805
1786.06570,0.01803
1784.13690,0.01808
1782.20810,0.01803
1780.27931,0.01786
1778.35051,0.01757
1776.42171,0.01765
1774.49292,0.01833
1772.56412,0.01890
1770.63532,0.01857
1768.70653,0.01775
1766.77773,0.01692
1764.84893,0.01668
1762.92014,0.01713
1760.99134,0.01738
1759.06254,0.01733
1757.13375,0.01730
1755.20495,0.01733
1753.27615,0.01800
1751.34736,0.01931
1749.41856,0.01982
1747.48976,0.01927
1745.56097,0.01880
1743.63217,0.01878
1741.70337,0.01890
1739.77458,0.01874
1737.84578,0.01879
1735.91698,0.01972
1733.98819,0.02048
1732.05939,0.01952
1730.13059,0.01805
1728.20180,0.01699
1726.27300,0.01650
1724.34420,0.01666
1722.41541,0.01727
1720.48661,0.01880
1718.55781,0.02134
1716.62902,0.02305
1714.70022,0.02319
1712.77142,0.02337
1710.84263,0.02480
1708.91383,0.02762
1706.98503,0.03181
1705.05624,0.03681
1703.12744,0.04232
1701.19864,0.04991
1699.26985,0.05888
1697.34105,0.06741
1695.41225,0.07725
1693.48346,0.08767
1691.55466,0.09892
1689.62586,0.11294
1687.69707,0.12827
1685.76827,0.14595
1683.83947,0.16760
1681.91068,0.18565
1679.98188,0.19987
1678.05308,0.21480
1676.12429,0.23175
1674.19549,0.24900
1672.26669,0.26360
1670.33790,0.27713
1668.40910,0.28940
1666.48030,0.29799
1664.55151,0.30507
1662.62271,0.31147
1660.69391,0.31547
1658.76512,0.31765
1656.83632,0.31996
1654.90752,0.32332
1652.97873,0.32541
1651.04993,0.32491
1649.12113,0.32623
1647.19234,0.33086
1645.26354,0.33725
1643.33474,0.34482
1641.40595,0.35565
1639.47715,0.37025
1637.54835,0.38924
1635.61956,0.41409
1633.69076,0.43840
1631.76197,0.45874
1629.83317,0.47980
1627.90437,0.50178
1625.97558,0.52102
1624.04678,0.53627
1622.11798,0.54662
1620.18919,0.55198
1618.26039,0.55461
1616.33159,0.55454
1614.40280,0.55250
1612.47400,0.55162
1610.54520,0.55309
1608.61641,0.55730
1606.68761,0.56439
1604.75881,0.57434
1602.83002,0.58642
1600.90122,0.59941
1598.97242,0.61192
1597.04363,0.62257
1595.11483,0.63029
1593.18603,0.63383
1591.25724,0.63264
1589.32844,0.62634
1587.39964,0.61500
1585.47085,0.59919
1583.54205,0.57938
1581.61325,0.55689
1579.68446,0.53399
1577.75566,0.50889
1575.82686,0.47770
1573.89807,0.44872
1571.96927,0.42514
1570.04047,0.39969
1568.11168,0.37349
1566.18288,0.35104
1564.25408,0.33183
1562.32529,0.31686
1560.39649,0.30247
1558.46769,0.28122
1556.53890,0.26153
1554.61010,0.24711
1552.68130,0.23431
1550.75251,0.22274
1548.82371,0.21229
1546.89491,0.20374
1544.96612,0.19693
1543.03732,0.19081
1541.10852,0.18386
1539.17973,0.17434
1537.25093,0.16633
1535.32213,0.16121
1533.39334,0.15615
1531.46454,0.15057
1529.53574,0.14628
1527.60695,0.14310
1525.67815,0.14014
1523.74935,0.13767
1521.82056,0.13511
1519.89176,0.13180
1517.96296,0.12866
1516.03417,0.12574
1514.10537,0.12321
1512.17657,0.12205
1510.24778,0.12272
1508.31898,0.12445
1506.39018,0.12424
1504.46139,0.12199
1502.53259,0.12154
1500.60379,0.12357
1498.67500,0.12736
1496.74620,0.13183
1494.81740,0.13635
1492.88861,0.14213
1490.95981,0.15070
1489.03101,0.16114
1487.10222,0.17138
1485.17342,0.18212
1483.24462,0.19480
1481.31583,0.20969
1479.38703,0.22593
1477.45823,0.24331
1475.52944,0.26214
1473.60064,0.28209
1471.67184,0.30108
1469.74305,0.31599
1467.81425,0.32870
1465.88545,0.34162
1463.95666,0.35261
1462.02786,0.35953
1460.09906,0.36395
1458.17027,0.36554
1456.24147,0.36015
1454.31267,0.34979
1452.38388,0.33824
1450.45508,0.32507
1448.52628,0.30933
1446.59749,0.29130
1444.66869,0.27323
1442.73989,0.25584
1440.81110,0.23971
1438.88230,0.22516
1436.95350,0.20944
1435.02471,0.19329
1433.09591,0.18027
1431.16711,0.16909
1429.23832,0.15824
1427.30952,0.14873
1425.38072,0.14087
1423.45193,0.13416
1421.52313,0.12885
1419.59433,0.12403
1417.66554,0.11827
1415.73674,0.11261
1413.80794,0.10803
1411.87915,0.10423
1409.95035,0.10084
1408.02155,0.09797
1406.09276,0.09551
1404.16396,0.09292
1402.23516,0.09050
1400.30637,0.08879
1398.37757,0.08738
1396.44877,0.08575
1394.51998,0.08353
1392.59118,0.08096
1390.66238,0.07913
1388.73359,0.07806
1386.80479,0.07662
1384.87599,0.07464
1382.94720,0.07297
1381.01840,0.07181
1379.08960,0.07086
1377.16081,0.07017
1375.23201,0.06961
1373.30321,0.06857
1371.37442,0.06720
1369.44562,0.06619
1367.51682,0.06560
1365.58803,0.06543
1363.65923,0.06556
1361.73043,0.06512
1359.80164,0.06402
1357.87284,0.06308
1355.94404,0.06254
1354.01525,0.06214
1352.08645,0.06183
1350.15765,0.06162
1348.22886,0.06140
1346.30006,0.06116
1344.37126,0.06109
1342.44247,0.06143
1340.51367,0.06197
1338.58487,0.06201
1336.65608,0.06147
1334.72728,0.06091
1332.79848,0.06050
1330.86969,0.06009
1328.94089,0.05963
1327.01209,0.05917
1325.08330,0.05869
1323.15450,0.05823
1321.22570,0.05793
1319.29691,0.05773
1317.36811,0.05748
1315.43931,0.05718
1313.51052,0.05692
1311.58172,0.05670
1309.65292,0.05652
1307.72413,0.05636
1305.79533,0.05622
1303.86653,0.05617
1301.93774,0.05620
1300.00894,0.05626
1298.08014,0.05634
1296.15135,0.05634
1294.22255,0.05622
1292.29375,0.05607
1290.36496,0.05596
1288.43616,0.05589
1286.50736,0.05575
1284.57857,0.05558
1282.64977,0.05545
1280.72097,0.05533
1278.79218,0.05515
1276.86338,0.05499
1274.93458,0.05497
1273.00579,0.05509
1271.07699,0.05522
1269.14820,0.05529
1267.21940,0.05543
1265.29060,0.05571
1263.36181,0.05603
1261.43301,0.05627
1259.50421,0.05639
1257.57542,0.05642
1255.64662,0.05645
1253.71782,0.05657
1251.78903,0.05678
1249.86023,0.05704
1247.93143,0.05729
1246.00264,0.05754
1244.07384,0.05783
1242.14504,0.05808
1240.21625,0.05821
1238.28745,0.05829
1236.35865,0.05838
1234.42986,0.05846
1232.50106,0.05859
1230.57226,0.05882
1228.64347,0.05910
1226.71467,0.05936
1224.78587,0.05964
1222.85708,0.06002
1220.92828,0.06055
1218.99948,0.06122
1217.07069,0.06195
1215.14189,0.06268
1213.21309,0.06342
1211.28430,0.06429
1209.35550,0.06530
1207.42670,0.06640
1205.49791,0.06761
1203.56911,0.06889
1201.64031,0.07020
1199.71152,0.07167
1197.78272,0.07342
1195.85392,0.07538
1193.92513,0.07751
1191.99633,0.07992
1190.06753,0.08269
1188.13874,0.08577
1186.20994,0.08909
1184.28114,0.09267
1182.35235,0.09668
1180.42355,0.10133
1178.49475,0.10667
1176.56596,0.11251
1174.63716,0.11871
1172.70836,0.12522
1170.77957,0.13202
1168.85077,0.13895
1166.92197,0.14573
1164.99318,0.15204
1163.06438,0.15759
1161.13558,0.16200
1159.20679,0.16496
1157.27799,0.16628
1155.34919,0.16584
1153.42040,0.16371
1151.49160,0.16016
1149.56280,0.15539
1147.63401,0.14965
1145.70521,0.14327
1143.77641,0.13657
1141.84762,0.12985
1139.91882,0.12335
1137.99002,0.11717
1136.06123,0.11138
1134.13243,0.10606
1132.20363,0.10131
1130.27484,0.09719
1128.34604,0.09363
1126.41724,0.09049
1124.48845,0.08772
1122.55965,0.08533
1120.63085,0.08334
1118.70206,0.08166
1116.77326,0.08015
1114.84446,0.07883
1112.91567,0.07774
1110.98687,0.07681
1109.05807,0.07602
1107.12928,0.07540
1105.20048,0.07493
1103.27168,0.07453
1101.34289,0.07419
1099.41409,0.07395
1097.48529,0.07380
1095.55650,0.07367
1093.62770,0.07360
1091.69890,0.07358
1089.77011,0.07365
1087.84131,0.07380
1085.91251,0.07391
1083.98372,0.07401
1082.05492,0.07422
1080.12612,0.07455
1078.19733,0.07495
1076.26853,0.07541
1074.33973,0.07589
1072.41094,0.07642
1070.48214,0.07697
1068.55334,0.07739
1066.62455,0.07767
1064.69575,0.07790
1062.76695,0.07800
1060.83816,0.07780
1058.90936,0.07741
1056.98056,0.07700
1055.05177,0.07656
1053.12297,0.07596
1051.19417,0.07522
1049.26538,0.07437
1047.33658,0.07350
1045.40778,0.07264
1043.47899,0.07172
1041.55019,0.07063
1039.62139,0.06944
1037.69260,0.06834
1035.76380,0.06733
1033.83500,0.06631
1031.90621,0.06536
1029.97741,0.06453
1028.04861,0.06373
1026.11982,0.06294
1024.19102,0.06234
1022.26222,0.06196
1020.33343,0.06159
1018.40463,0.06117
1016.47583,0.06087
1014.54704,0.06073
1012.61824,0.06066
1010.68944,0.06050
1008.76065,0.06014
1006.83185,0.05957
1004.90305,0.05879
1002.97426,0.05788
1001.04546,0.05699
999.11666,0.05626
997.18787,0.05564
995.25907,0.05504
993.33027,0.05441
991.40148,0.05382
989.47268,0.05325
987.54388,0.05257
985.61509,0.05181
983.68629,0.05113
981.75749,0.05051
979.82870,0.04984
977.89990,0.04908
975.97110,0.04834
974.04231,0.04770
972.11351,0.04713
970.18471,0.04661
968.25592,0.04621
966.32712,0.04597
964.39832,0.04575
962.46953,0.04547
960.54073,0.04505
958.61193,0.04452
956.68314,0.04392
954.75434,0.04336
952.82554,0.04299
950.89675,0.04270
948.96795,0.04224
947.03915,0.04160
945.11036,0.04095
943.18156,0.04029
941.25276,0.03953
939.32397,0.03874
937.39517,0.03798
935.46637,0.03723
933.53758,0.03646
931.60878,0.03570
929.67998,0.03500
927.75119,0.03446
925.82239,0.03397
923.89359,0.03328
921.96480,0.03238
920.03600,0.03154
918.10720,0.03089
916.17841,0.03033
914.24961,0.02977
912.32081,0.02925
910.39202,0.02882
908.46322,0.02836
906.53443,0.02773
904.60563,0.02708
902.67683,0.02662
900.74804,0.02627
898.81924,0.02581
896.89044,0.02512
894.96165,0.02429
893.03285,0.02341
891.10405,0.02248
889.17526,0.02152
887.24646,0.02053
885.31766,0.01950
883.38887,0.01853
881.46007,0.01769
879.53127,0.01692
877.60248,0.01621
875.67368,0.01558
873.74488,0.01501
871.81609,0.01449
869.88729,0.01396
867.95849,0.01341
866.02970,0.01297
864.10090,0.01269
862.17210,0.01244
860.24331,0.01208
858.31451,0.01168
856.38571,0.01133
854.45692,0.01106
852.52812,0.01083
850.59932,0.01050
848.67053,0.01003
846.74173,0.00959
844.81293,0.00921
842.88414,0.00870
840.95534,0.00812
839.02654,0.00770
837.09775,0.00738
835.16895,0.00703
833.24015,0.00668
831.31136,0.00636
829.38256,0.00605
827.45376,0.00574
825.52497,0.00555
823.59617,0.00570
821.66737,0.00609
819.73858,0.00635
817.80978,0.00642
815.88098,0.00661
813.95219,0.00705
812.02339,0.00761
810.09459,0.00818
808.16580,0.00880
806.23700,0.00945
804.30820,0.01023
802.37941,0.01118
800.45061,0.01221
798.52181,0.01334
796.59302,0.01463
794.66422,0.01595
792.73542,0.01717
790.80663,0.01834
788.87783,0.01942
786.94903,0.02022
785.02024,0.02053
783.09144,0.02018
781.16264,0.01909
779.23385,0.01748
777.30505,0.01552
775.37625,0.01348
773.44746,0.01183
771.51866,0.01076
769.58986,0.00989
767.66107,0.00914
765.73227,0.00865
763.80347,0.00821
761.87468,0.00773
759.94588,0.00748
758.01708,0.00760
756.08829,0.00791
754.15949,0.00825
752.23069,0.00848
750.30190,0.00844
748.37310,0.00815
