3496.90832,0.07115
3494.97953,0.06682
3493.05073,0.06431
3491.12193,0.06648
3489.19314,0.06775
3487.26434,0.06652
3485.33554,0.06376
3483.40675,0.06474
3481.47795,0.07175
3479.54915,0.07700
3477.62036,0.07743
3475.69156,0.07463
3473.76276,0.06987
3471.83397,0.06659
3469.90517,0.06690
3467.97637,0.07035
3466.04758,0.07264
3464.11878,0.07329
3462.18998,0.07498
3460.26119,0.07244
3458.33239,0.06300
3456.40359,0.05371
3454.47480,0.05107
3452.54600,0.05326
3450.61721,0.05473
3448.68841,0.05571
3446.75961,0.05989
3444.83082,0.06671
3442.90202,0.07079
3440.97322,0.06694
3439.04443,0.05659
3437.11563,0.04773
3435.18683,0.04523
3433.25804,0.04808
3431.32924,0.05135
3429.40044,0.05216
3427.47165,0.05362
3425.54285,0.05505
3423.61405,0.05434
3421.68526,0.05525
3419.75646,0.05978
3417.82766,0.06372
3415.89887,0.06061
3413.97007,0.05301
3412.04127,0.04791
3410.11248,0.04574
3408.18368,0.04772
3406.25488,0.05254
3404.32609,0.05247
3402.39729,0.04780
3400.46849,0.04702
3398.53970,0.04895
3396.61090,0.04530
3394.68210,0.03979
3392.75331,0.03861
3390.82451,0.03992
3388.89571,0.04545
3386.96692,0.05186
3385.03812,0.04711
3383.10932,0.03802
3381.18053,0.04408
3379.25173,0.06169
3377.32293,0.07173
3375.39414,0.07027
3373.46534,0.06829
3371.53654,0.07135
3369.60775,0.07187
3367.67895,0.07004
3365.75015,0.07285
3363.82136,0.07327
3361.89256,0.06475
3359.96376,0.05482
3358.03497,0.05215
3356.10617,0.05803
3354.17737,0.06406
3352.24858,0.06380
3350.31978,0.06543
3348.39098,0.07291
3346.46219,0.07536
3344.53339,0.07217
3342.60459,0.07119
3340.67580,0.06985
3338.74700,0.06687
3336.81820,0.06348
3334.88941,0.05799
3332.96061,0.05215
3331.03181,0.05314
3329.10302,0.06202
3327.17422,0.06651
3325.24542,0.05777
3323.31663,0.04107
3321.38783,0.03012
3319.45903,0.03281
3317.53024,0.04009
3315.60144,0.04272
3313.67264,0.04458
3311.74385,0.04554
3309.81505,0.04188
3307.88625,0.04136
3305.95746,0.04712
3304.02866,0.04936
3302.09986,0.04287
3300.17107,0.03289
3298.24227,0.02717
3296.31347,0.02942
3294.38468,0.03522
3292.45588,0.03598
3290.52708,0.03041
3288.59829,0.02577
3286.66949,0.02621
3284.74069,0.02837
3282.81190,0.03015
3280.88310,0.03359
3278.95430,0.03984
3277.02551,0.04655
3275.09671,0.04877
3273.16791,0.04695
3271.23912,0.04532
3269.31032,0.04316
3267.38152,0.03895
3265.45273,0.03374
3263.52393,0.02894
3261.59513,0.02603
3259.66634,0.02672
3257.73754,0.03250
3255.80874,0.04133
3253.87995,0.04560
3251.95115,0.04129
3250.02235,0.03496
3248.09356,0.03321
3246.16476,0.03545
3244.23596,0.03718
3242.30717,0.03264
3240.37837,0.02716
3238.44957,0.03189
3236.52078,0.04250
3234.59198,0.04758
3232.66318,0.04645
3230.73439,0.04601
3228.80559,0.04795
3226.87679,0.04465
3224.94800,0.03690
3223.01920,0.03697
3221.09040,0.04605
3219.16161,0.05612
3217.23281,0.06226
3215.30401,0.06152
3213.37522,0.05816
3211.44642,0.05982
3209.51762,0.06312
3207.58883,0.06011
3205.66003,0.05463
3203.73123,0.05303
3201.80244,0.05315
3199.87364,0.05137
3197.94484,0.04833
3196.01605,0.04562
3194.08725,0.04346
3192.15845,0.04333
3190.22966,0.04700
3188.30086,0.05029
3186.37206,0.04872
3184.44327,0.04690
3182.51447,0.04867
3180.58567,0.04997
3178.65688,0.04963
3176.72808,0.04898
3174.79928,0.04620
3172.87049,0.04149
3170.94169,0.03846
3169.01289,0.03876
3167.08410,0.04055
3165.15530,0.04199
3163.22650,0.04257
3161.29771,0.04130
3159.36891,0.03740
3157.44011,0.03364
3155.51132,0.03514
3153.58252,0.04095
3151.65372,0.04314
3149.72493,0.03983
3147.79613,0.03806
3145.86733,0.03923
3143.93854,0.03914
3142.00974,0.03923
3140.08094,0.04088
3138.15215,0.04161
3136.22335,0.04080
3134.29455,0.03916
3132.36576,0.03727
3130.43696,0.03616
3128.50816,0.03589
3126.57937,0.03664
3124.65057,0.03903
3122.72177,0.04167
3120.79298,0.04262
3118.86418,0.04186
3116.93538,0.04002
3115.00659,0.03752
3113.07779,0.03587
3111.14899,0.03632
3109.22020,0.03705
3107.29140,0.03746
3105.36260,0.03900
3103.43381,0.04020
3101.50501,0.03991
3099.57621,0.03951
3097.64742,0.03842
3095.71862,0.03621
3093.78982,0.03476
3091.86103,0.03423
3089.93223,0.03393
3088.00344,0.03492
3086.07464,0.03690
3084.14584,0.03796
3082.21705,0.03832
3080.28825,0.03877
3078.35945,0.03794
3076.43066,0.03589
3074.50186,0.03500
3072.57306,0.03560
3070.64427,0.03629
3068.71547,0.03609
3066.78667,0.03497
3064.85788,0.03410
3062.92908,0.03425
3061.00028,0.03512
3059.07149,0.03566
3057.14269,0.03531
3055.21389,0.03566
3053.28510,0.03712
3051.35630,0.03774
3049.42750,0.03722
3047.49871,0.03681
3045.56991,0.03666
3043.64111,0.03635
3041.71232,0.03641
3039.78352,0.03705
3037.85472,0.03791
3035.92593,0.03920
3033.99713,0.04040
3032.06833,0.04067
3030.13954,0.04060
3028.21074,0.04076
3026.28194,0.04074
3024.35315,0.04038
3022.42435,0.04031
3020.49555,0.04063
3018.56676,0.04044
3016.63796,0.03978
3014.70916,0.03973
3012.78037,0.04040
3010.85157,0.04087
3008.92277,0.04069
3006.99398,0.04062
3005.06518,0.04104
3003.13638,0.04106
3001.20759,0.04055
2999.27879,0.04033
2997.34999,0.04037
2995.42120,0.04069
2993.49240,0.04125
2991.56360,0.04149
2989.63481,0.04177
2987.70601,0.04233
2985.77721,0.04237
2983.84842,0.04192
2981.91962,0.04179
2979.99082,0.04208
2978.06203,0.04251
2976.13323,0.04295
2974.20443,0.04309
2972.27564,0.04286
2970.34684,0.04276
2968.41804,0.04313
2966.48925,0.04395
2964.56045,0.04473
2962.63165,0.04509
2960.70286,0.04522
2958.77406,0.04542
2956.84526,0.04576
2954.91647,0.04600
2952.98767,0.04569
2951.05887,0.04516
2949.13008,0.04518
2947.20128,0.04562
2945.27248,0.04597
2943.34369,0.04622
2941.41489,0.04642
2939.48609,0.04668
2937.55730,0.04716
2935.62850,0.04784
2933.69970,0.04858
2931.77091,0.04912
2929.84211,0.04943
2927.91331,0.04960
2925.98452,0.04983
2924.05572,0.05022
2922.12692,0.05075
2920.19813,0.05114
2918.26933,0.05098
2916.34053,0.05039
2914.41174,0.04963
2912.48294,0.04871
2910.55414,0.04778
2908.62535,0.04708
2906.69655,0.04670
2904.76775,0.04648
2902.83896,0.04631
2900.91016,0.04646
2898.98136,0.04695
2897.05257,0.04721
2895.12377,0.04697
2893.19497,0.04673
2891.26618,0.04692
2889.33738,0.04716
2887.40858,0.04689
2885.47979,0.04643
2883.55099,0.04628
2881.62219,0.04627
2879.69340,0.04624
2877.76460,0.04640
2875.83580,0.04686
2873.90701,0.04718
2871.97821,0.04702
2870.04941,0.04676
2868.12062,0.04688
2866.19182,0.04740
2864.26302,0.04798
2862.33423,0.04824
2860.40543,0.04850
2858.47663,0.04913
2856.54784,0.04959
2854.61904,0.04955
2852.69024,0.04942
2850.76145,0.04946
2848.83265,0.04957
2846.90385,0.04966
2844.97506,0.04979
2843.04626,0.04981
2841.11746,0.04948
2839.18867,0.04896
2837.25987,0.04853
2835.33107,0.04837
2833.40228,0.04849
2831.47348,0.04869
2829.54468,0.04875
2827.61589,0.04858
2825.68709,0.04833
2823.75829,0.04828
2821.82950,0.04845
2819.90070,0.04856
2817.97190,0.04848
2816.04311,0.04839
2814.11431,0.04840
2812.18551,0.04844
2810.25672,0.04838
2808.32792,0.04818
2806.39912,0.04806
2804.47033,0.04808
2802.54153,0.04798
2800.61273,0.04769
2798.68394,0.04743
2796.75514,0.04730
2794.82634,0.04716
2792.89755,0.04686
2790.96875,0.04659
2789.03995,0.04672
2787.11116,0.04703
2785.18236,0.04694
2783.25356,0.04652
2781.32477,0.04614
2779.39597,0.04590
2777.46717,0.04573
2775.53838,0.04560
2773.60958,0.04547
2771.68078,0.04532
2769.75199,0.04519
2767.82319,0.04525
2765.89439,0.04533
2763.96560,0.04522
2762.03680,0.04505
2760.10800,0.04501
2758.17921,0.04502
2756.25041,0.04492
2754.32161,0.04466
2752.39282,0.04438
2750.46402,0.04442
2748.53522,0.04478
2746.60643,0.04505
2744.67763,0.04502
2742.74883,0.04493
2740.82004,0.04496
2738.89124,0.04493
2736.96244,0.04479
2735.03365,0.04472
2733.10485,0.04469
2731.17605,0.04460
2729.24726,0.04460
2727.31846,0.04476
2725.38967,0.04482
2723.46087,0.04460
2721.53207,0.04433
2719.60328,0.04428
2717.67448,0.04440
2715.74568,0.04454
2713.81689,0.04465
2711.88809,0.04467
2709.95929,0.04460
2708.03050,0.04447
2706.10170,0.04430
2704.17290,0.04424
2702.24411,0.04428
2700.31531,0.04428
2698.38651,0.04419
2696.45772,0.04415
2694.52892,0.04427
2692.60012,0.04443
2690.67133,0.04443
2688.74253,0.04433
2686.81373,0.04429
2684.88494,0.04431
2682.95614,0.04435
2681.02734,0.04442
2679.09855,0.04453
2677.16975,0.04458
2675.24095,0.04451
2673.31216,0.04438
2671.38336,0.04411
2669.45456,0.04384
2667.52577,0.04381
2665.59697,0.04391
2663.66817,0.04397
2661.73938,0.04394
2659.81058,0.04380
2657.88178,0.04367
2655.95299,0.04368
2654.02419,0.04384
2652.09539,0.04405
2650.16660,0.04408
2648.23780,0.04402
2646.30900,0.04413
2644.38021,0.04426
2642.45141,0.04423
2640.52261,0.04412
2638.59382,0.04404
2636.66502,0.04406
2634.73622,0.04426
2632.80743,0.04452
2630.87863,0.04470
2628.94983,0.04484
2627.02104,0.04498
2625.09224,0.04499
2623.16344,0.04482
2621.23465,0.04471
2619.30585,0.04479
2617.37705,0.04484
2615.44826,0.04472
2613.51946,0.04455
2611.59066,0.04444
2609.66187,0.04447
2607.73307,0.04462
2605.80427,0.04485
2603.87548,0.04502
2601.94668,0.04494
2600.01788,0.04477
2598.08909,0.04492
2596.16029,0.04528
2594.23149,0.04543
2592.30270,0.04559
2590.37390,0.04603
2588.44510,0.04614
2586.51631,0.04537
2584.58751,0.04435
2582.65871,0.04387
2580.72992,0.04403
2578.80112,0.04437
2576.87232,0.04464
2574.94353,0.04482
2573.01473,0.04485
2571.08593,0.04479
2569.15714,0.04463
2567.22834,0.04420
2565.29954,0.04392
2563.37075,0.04402
2561.44195,0.04421
2559.51315,0.04433
2557.58436,0.04445
2555.65556,0.04459
2553.72676,0.04466
2551.79797,0.04464
2549.86917,0.04488
2547.94037,0.04525
2546.01158,0.04516
2544.08278,0.04466
2542.15398,0.04424
2540.22519,0.04412
2538.29639,0.04432
2536.36759,0.04447
2534.43880,0.04443
2532.51000,0.04452
2530.58120,0.04471
2528.65241,0.04466
2526.72361,0.04434
2524.79481,0.04378
2522.86602,0.04329
2520.93722,0.04320
2519.00842,0.04328
2517.07963,0.04325
2515.15083,0.04340
2513.22203,0.04358
2511.29324,0.04329
2509.36444,0.04288
2507.43564,0.04305
2505.50685,0.04358
2503.57805,0.04384
2501.64925,0.04375
2499.72046,0.04360
2497.79166,0.04345
2495.86286,0.04326
2493.93407,0.04317
2492.00527,0.04299
2490.07647,0.04267
2488.14768,0.04280
2486.21888,0.04349
2484.29008,0.04402
2482.36129,0.04394
2480.43249,0.04354
2478.50369,0.04339
2476.57490,0.04351
2474.64610,0.04345
2472.71730,0.04296
2470.78851,0.04246
2468.85971,0.04246
2466.93091,0.04263
2465.00212,0.04270
2463.07332,0.04277
2461.14452,0.04274
2459.21573,0.04270
2457.28693,0.04294
2455.35813,0.04298
2453.42934,0.04259
2451.50054,0.04234
2449.57174,0.04231
2447.64295,0.04210
2445.71415,0.04184
2443.78535,0.04173
2441.85656,0.04171
2439.92776,0.04197
2437.99896,0.04238
2436.07017,0.04237
2434.14137,0.04202
2432.21257,0.04182
2430.28378,0.04166
2428.35498,0.04144
2426.42618,0.04127
2424.49739,0.04117
2422.56859,0.04092
2420.63979,0.04049
2418.71100,0.04010
2416.78220,0.03990
2414.85340,0.03979
2412.92461,0.03955
2410.99581,0.03923
2409.06701,0.03926
2407.13822,0.03968
2405.20942,0.03984
2403.28062,0.03964
2401.35183,0.03929
2399.42303,0.03876
2397.49423,0.03827
2395.56544,0.03821
2393.63664,0.03838
2391.70784,0.03856
2389.77905,0.03915
2387.85025,0.04102
2385.92145,0.04496
2383.99266,0.05136
2382.06386,0.06040
2380.13506,0.07185
2378.20627,0.08447
2376.27747,0.09714
2374.34867,0.10995
2372.41988,0.12321
2370.49108,0.13643
2368.56228,0.14875
2366.63349,0.15967
2364.70469,0.16879
2362.77589,0.17534
2360.84710,0.17832
2358.91830,0.17652
2356.98951,0.16916
2355.06071,0.15659
2353.13191,0.14009
2351.20312,0.12373
2349.27432,0.11517
2347.34552,0.11900
2345.41673,0.13077
2343.48793,0.13895
2341.55913,0.13990
2339.63034,0.13804
2337.70154,0.13546
2335.77274,0.13318
2333.84395,0.13236
2331.91515,0.13227
2329.98635,0.13034
2328.05756,0.12623
2326.12876,0.12248
2324.19996,0.12018
2322.27117,0.11736
2320.34237,0.11154
2318.41357,0.10337
2316.48478,0.09605
2314.55598,0.09149
2312.62718,0.08838
2310.69839,0.08442
2308.76959,0.07915
2306.84079,0.07337
2304.91200,0.06784
2302.98320,0.06331
2301.05440,0.05990
2299.12561,0.05688
2297.19681,0.05418
2295.26801,0.05215
2293.33922,0.05035
2291.41042,0.04817
2289.48162,0.04591
2287.55283,0.04424
2285.62403,0.04317
2283.69523,0.04259
2281.76644,0.04270
2279.83764,0.04322
2277.90884,0.04377
2275.98005,0.04442
2274.05125,0.04482
2272.12245,0.04477
2270.19366,0.04471
2268.26486,0.04490
2266.33606,0.04527
2264.40727,0.04580
2262.47847,0.04631
2260.54967,0.04665
2258.62088,0.04731
2256.69208,0.04844
2254.76328,0.04890
2252.83449,0.04806
2250.90569,0.04705
2248.97689,0.04683
2247.04810,0.04675
2245.11930,0.04644
2243.19050,0.04664
2241.26171,0.04714
2239.33291,0.04743
2237.40411,0.04759
2235.47532,0.04743
2233.54652,0.04724
2231.61772,0.04755
2229.68893,0.04827
2227.76013,0.04901
2225.83133,0.04955
2223.90254,0.04975
2221.97374,0.04957
2220.04494,0.04962
2218.11615,0.05031
2216.18735,0.05076
2214.25855,0.05070
2212.32976,0.05100
2210.40096,0.05189
2208.47216,0.05268
2206.54337,0.05300
2204.61457,0.05347
2202.68577,0.05415
2200.75698,0.05410
2198.82818,0.05358
2196.89938,0.05312
2194.97059,0.05268
2193.04179,0.05290
2191.11299,0.05416
2189.18420,0.05602
2187.25540,0.05753
2185.32660,0.05758
2183.39781,0.05700
2181.46901,0.05758
2179.54021,0.05867
2177.61142,0.05877
2175.68262,0.05873
2173.75382,0.05950
2171.82503,0.06075
2169.89623,0.06283
2167.96743,0.06429
2166.03864,0.06345
2164.10984,0.06387
2162.18104,0.06880
2160.25225,0.07481
2158.32345,0.07591
2156.39465,0.07033
2154.46586,0.06275
2152.53706,0.05828
2150.60826,0.05695
2148.67947,0.05546
2146.75067,0.05260
2144.82187,0.05027
2142.89308,0.04884
2140.96428,0.04694
2139.03548,0.04528
2137.10669,0.04460
2135.17789,0.04380
2133.24909,0.04223
2131.32030,0.04048
2129.39150,0.03890
2127.46270,0.03734
2125.53391,0.03635
2123.60511,0.03595
2121.67631,0.03547
2119.74752,0.03499
2117.81872,0.03484
2115.88992,0.03492
2113.96113,0.03509
2112.03233,0.03545
2110.10353,0.03570
2108.17474,0.03541
2106.24594,0.03503
2104.31714,0.03514
2102.38835,0.03566
2100.45955,0.03611
2098.53075,0.03612
2096.60196,0.03545
2094.67316,0.03445
2092.74436,0.03396
2090.81557,0.03400
2088.88677,0.03405
2086.95797,0.03385
2085.02918,0.03384
2083.10038,0.03456
2081.17158,0.03551
2079.24279,0.03564
2077.31399,0.03518
2075.38519,0.03523
2073.45640,0.03595
2071.52760,0.03678
2069.59880,0.03751
2067.67001,0.03814
2065.74121,0.03834
2063.81241,0.03786
2061.88362,0.03732
2059.95482,0.03720
2058.02602,0.03730
2056.09723,0.03742
2054.16843,0.03752
2052.23963,0.03788
2050.31084,0.03938
2048.38204,0.04258
2046.45324,0.04546
2044.52445,0.04596
2042.59565,0.04515
2040.66685,0.04489
2038.73806,0.04480
2036.80926,0.04422
2034.88046,0.04498
2032.95167,0.04718
2031.02287,0.04807
2029.09407,0.04758
2027.16528,0.04721
2025.23648,0.04727
2023.30768,0.04718
2021.37889,0.04582
2019.45009,0.04458
2017.52129,0.04540
2015.59250,0.04595
2013.66370,0.04509
2011.73490,0.04513
2009.80611,0.04549
2007.87731,0.04415
2005.94851,0.04156
2004.01972,0.03960
2002.09092,0.03989
2000.16212,0.04136
1998.23333,0.04146
1996.30453,0.04011
1994.37574,0.03912
1992.44694,0.03900
1990.51814,0.03873
1988.58935,0.03796
1986.66055,0.03730
1984.73175,0.03729
1982.80296,0.03834
1980.87416,0.04031
1978.94536,0.04171
1977.01657,0.04117
1975.08777,0.04026
1973.15897,0.03957
1971.23018,0.03801
1969.30138,0.03718
1967.37258,0.03808
1965.44379,0.03853
1963.51499,0.03720
1961.58619,0.03526
1959.65740,0.03412
1957.72860,0.03352
1955.79980,0.03263
1953.87101,0.03180
1951.94221,0.03141
1950.01341,0.03145
1948.08462,0.03189
1946.15582,0.03259
1944.22702,0.03359
1942.29823,0.03356
1940.36943,0.03165
1938.44063,0.02973
1936.51184,0.02891
1934.58304,0.02899
1932.65424,0.02927
1930.72545,0.02918
1928.79665,0.02905
1926.86785,0.02942
1924.93906,0.03044
1923.01026,0.03131
1921.08146,0.03189
1919.15267,0.03262
1917.22387,0.03189
1915.29507,0.02966
1913.36628,0.02869
1911.43748,0.02936
1909.50868,0.02959
1907.57989,0.02859
1905.65109,0.02755
1903.72229,0.02729
1901.79350,0.02721
1899.86470,0.02708
1897.93590,0.02758
1896.00711,0.02838
1894.07831,0.02860
1892.14951,0.02920
1890.22072,0.03034
1888.29192,0.02988
1886.36312,0.02833
1884.43433,0.02764
1882.50553,0.02767
1880.57673,0.02770
1878.64794,0.02746
1876.71914,0.02716
1874.79034,0.02722
1872.86155,0.02870
1870.93275,0.03243
1869.00395,0.03544
1867.07516,0.03379
1865.14636,0.02991
1863.21756,0.02759
1861.28877,0.02680
1859.35997,0.02648
1857.43117,0.02619
1855.50238,0.02592
1853.57358,0.02587
1851.64478,0.02639
1849.71599,0.02793
1847.78719,0.03073
1845.85839,0.03422
1843.92960,0.03481
1842.00080,0.03116
1840.07200,0.02821
1838.14321,0.02778
1836.21441,0.02783
1834.28561,0.02823
1832.35682,0.03094
1830.42802,0.03420
1828.49922,0.03449
1826.57043,0.03351
1824.64163,0.03214
1822.71283,0.02932
1820.78404,0.02712
1818.85524,0.02675
1816.92644,0.02681
1814.99765,0.02703
1813.06885,0.02835
1811.14005,0.02967
1809.21126,0.02910
1807.28246,0.02757
1805.35366,0.02751
1803.42487,0.02978
1801.49607,0.03229
1799.56727,0.03233
1797.63848,0.03119
1795.70968,0.03231
1793.78088,0.03594
1791.85209,0.03700
1789.92329,0.03283
1787.99449,0.02929
1786.06570,0.02927
1784.13690,0.03035
1782.20810,0.03121
1780.27931,0.03141
1778.35051,0.03084
1776.42171,0.03201
1774.49292,0.03646
1772.56412,0.04053
1770.63532,0.03946
1768.70653,0.03526
1766.77773,0.03115
1764.84893,0.02976
1762.92014,0.03153
1760.99134,0.03249
1759.06254,0.03184
1757.13375,0.03130
1755.20495,0.03078
1753.27615,0.03310
1751.34736,0.03883
1749.41856,0.04156
1747.48976,0.03911
1745.56097,0.03627
1743.63217,0.03546
1741.70337,0.03594
1739.77458,0.03585
1737.84578,0.03617
1735.91698,0.04056
1733.98819,0.04520
1732.05939,0.04179
1730.13059,0.03538
1728.20180,0.03060
1726.27300,0.02842
1724.34420,0.02880
1722.41541,0.03080
1720.48661,0.03658
1718.55781,0.04606
1716.62902,0.05002
1714.70022,0.04462
1712.77142,0.03817
1710.84263,0.03583
1708.91383,0.03854
1706.98503,0.04485
1705.05624,0.05095
1703.12744,0.05742
1701.19864,0.06790
1699.26985,0.07682
1697.34105,0.08029
1695.41225,0.08183
1693.48346,0.08298
1691.55466,0.08894
1689.62586,0.10121
1687.69707,0.11683
1685.76827,0.13770
1683.83947,0.15936
1681.91068,0.16846
1679.98188,0.17364
1678.05308,0.18429
1676.12429,0.20034
1674.19549,0.21621
1672.26669,0.22918
1670.33790,0.24178
1668.40910,0.24931
1666.48030,0.25142
1664.55151,0.25598
1662.62271,0.26161
1660.69391,0.26267
1658.76512,0.26278
1656.83632,0.26847
1654.90752,0.28129
1652.97873,0.28901
1651.04993,0.28308
1649.12113,0.28239
1647.19234,0.28827
1645.26354,0.28992
1643.33474,0.29025
1641.40595,0.29757
1639.47715,0.31284
1637.54835,0.33524
1635.61956,0.35885
1633.69076,0.37244
1631.76197,0.38253
1629.83317,0.39782
1627.90437,0.41514
1625.97558,0.42921
1624.04678,0.43909
1622.11798,0.44275
1620.18919,0.44292
1618.26039,0.44424
1616.33159,0.44195
1614.40280,0.43451
1612.47400,0.42996
1610.54520,0.43065
1608.61641,0.43438
1606.68761,0.43972
1604.75881,0.44732
1602.83002,0.45695
1600.90122,0.46671
1598.97242,0.47558
1597.04363,0.48313
1595.11483,0.48773
1593.18603,0.48764
1591.25724,0.48295
1589.32844,0.47393
1587.39964,0.46087
1585.47085,0.44478
1583.54205,0.42639
1581.61325,0.40716
1579.68446,0.39048
1577.75566,0.37493
1575.82686,0.35180
1573.89807,0.32668
1571.96927,0.30932
1570.04047,0.29335
1568.11168,0.27381
1566.18288,0.25584
1564.25408,0.24276
1562.32529,0.23801
1560.39649,0.24116
1558.46769,0.23344
1556.53890,0.21117
1554.61010,0.19328
1552.68130,0.18128
1550.75251,0.17273
1548.82371,0.16563
1546.89491,0.16227
1544.96612,0.16464
1543.03732,0.16968
1541.10852,0.17121
1539.17973,0.15988
1537.25093,0.14538
1535.32213,0.13978
1533.39334,0.13724
1531.46454,0.13130
1529.53574,0.12752
1527.60695,0.12846
1525.67815,0.13014
1523.74935,0.13222
1521.82056,0.13361
1519.89176,0.13053
1517.96296,0.12585
1516.03417,0.12034
1514.10537,0.11461
1512.17657,0.11384
1510.24778,0.12081
1508.31898,0.13179
1506.39018,0.13074
1504.46139,0.11631
1502.53259,0.10859
1500.60379,0.11059
1498.67500,0.11712
1496.74620,0.12135
1494.81740,0.12207
1492.88861,0.12685
1490.95981,0.13884
1489.03101,0.15007
1487.10222,0.15416
1485.17342,0.15739
1483.24462,0.16514
1481.31583,0.17687
1479.38703,0.19072
1477.45823,0.20743
1475.52944,0.22700
1473.60064,0.24525
1471.67184,0.25527
1469.74305,0.25822
1467.81425,0.26340
1465.88545,0.27218
1463.95666,0.27741
1462.02786,0.27909
1460.09906,0.28439
1458.17027,0.29039
1456.24147,0.28166
1454.31267,0.26253
1452.38388,0.24667
1450.45508,0.23464
1448.52628,0.22287
1446.59749,0.20826
1444.66869,0.19307
1442.73989,0.18008
1440.81110,0.17049
1438.88230,0.16519
1436.95350,0.15921
1435.02471,0.14746
1433.09591,0.13633
1431.16711,0.12893
1429.23832,0.12172
1427.30952,0.11475
1425.38072,0.11035
1423.45193,0.10760
1421.52313,0.10685
1419.59433,0.10736
1417.66554,0.10256
1415.73674,0.09350
1413.80794,0.08692
1411.87915,0.08350
1409.95035,0.08113
1408.02155,0.07987
1406.09276,0.07979
1404.16396,0.07854
1402.23516,0.07700
1400.30637,0.07821
1398.37757,0.08052
1396.44877,0.08095
1394.51998,0.07815
1392.59118,0.07314
1390.66238,0.07059
1388.73359,0.07161
1386.80479,0.07136
1384.87599,0.06794
1382.94720,0.06513
1381.01840,0.06445
1379.08960,0.06472
1377.16081,0.06590
1375.23201,0.06740
1373.30321,0.06630
1371.37442,0.06311
1369.44562,0.06104
1367.51682,0.06030
1365.58803,0.06133
1363.65923,0.06388
1361.73043,0.06377
1359.80164,0.06028
1357.87284,0.05751
1355.94404,0.05662
1354.01525,0.05623
1352.08645,0.05583
1350.15765,0.05572
1348.22886,0.05566
1346.30006,0.05553
1344.37126,0.05607
1342.44247,0.05851
1340.51367,0.06198
1338.58487,0.06279
1336.65608,0.06019
1334.72728,0.05736
1332.79848,0.05593
1330.86969,0.05539
1328.94089,0.05501
1327.01209,0.05462
1325.08330,0.05427
1323.15450,0.05417
1321.22570,0.05460
1319.29691,0.05509
1317.36811,0.05484
1315.43931,0.05417
1313.51052,0.05357
1311.58172,0.05280
1309.65292,0.05206
1307.72413,0.05166
1305.79533,0.05142
1303.86653,0.05137
1301.93774,0.05154
1300.00894,0.05186
1298.08014,0.05228
1296.15135,0.05259
1294.22255,0.05269
1292.29375,0.05284
1290.36496,0.05320
1288.43616,0.05352
1286.50736,0.05342
1284.57857,0.05309
1282.64977,0.05291
1280.72097,0.05282
1278.79218,0.05259
1276.86338,0.05228
1274.93458,0.05215
1273.00579,0.05232
1271.07699,0.05241
1269.14820,0.05219
1267.21940,0.05191
1265.29060,0.05181
1263.36181,0.05189
1261.43301,0.05205
1259.50421,0.05204
1257.57542,0.05186
1255.64662,0.05180
1253.71782,0.05196
1251.78903,0.05227
1249.86023,0.05271
1247.93143,0.05319
1246.00264,0.05367
1244.07384,0.05416
1242.14504,0.05456
1240.21625,0.05481
1238.28745,0.05500
1236.35865,0.05516
1234.42986,0.05528
1232.50106,0.05541
1230.57226,0.05561
1228.64347,0.05578
1226.71467,0.05586
1224.78587,0.05586
1222.85708,0.05584
1220.92828,0.05595
1218.99948,0.05621
1217.07069,0.05654
1215.14189,0.05690
1213.21309,0.05734
1211.28430,0.05787
1209.35550,0.05853
1207.42670,0.05936
1205.49791,0.06033
1203.56911,0.06140
1201.64031,0.06257
1199.71152,0.06391
1197.78272,0.06544
1195.85392,0.06707
1193.92513,0.06880
1191.99633,0.07075
1190.06753,0.07298
1188.13874,0.07542
1186.20994,0.07789
1184.28114,0.08038
1182.35235,0.08311
1180.42355,0.08633
1178.49475,0.09004
1176.56596,0.09409
1174.63716,0.09833
1172.70836,0.10271
1170.77957,0.10725
1168.85077,0.11195
1166.92197,0.11666
1164.99318,0.12111
1163.06438,0.12508
1161.13558,0.12825
1159.20679,0.13034
1157.27799,0.13125
1155.34919,0.13091
1153.42040,0.12938
1151.49160,0.12689
1149.56280,0.12357
1147.63401,0.11955
1145.70521,0.11509
1143.77641,0.11044
1141.84762,0.10579
1139.91882,0.10127
1137.99002,0.09691
1136.06123,0.09276
1134.13243,0.08888
1132.20363,0.08532
1130.27484,0.08218
1128.34604,0.07944
1126.41724,0.07696
1124.48845,0.07472
1122.55965,0.07279
1120.63085,0.07118
1118.70206,0.06980
1116.77326,0.06856
1114.84446,0.06755
1112.91567,0.06681
1110.98687,0.06625
1109.05807,0.06582
1107.12928,0.06559
1105.20048,0.06552
1103.27168,0.06552
1101.34289,0.06557
1099.41409,0.06570
1097.48529,0.06589
1095.55650,0.06609
1093.62770,0.06633
1091.69890,0.06663
1089.77011,0.06698
1087.84131,0.06731
1085.91251,0.06751
1083.98372,0.06761
1082.05492,0.06776
1080.12612,0.06795
1078.19733,0.06812
1076.26853,0.06828
1074.33973,0.06845
1072.41094,0.06866
1070.48214,0.06888
1068.55334,0.06901
1066.62455,0.06909
1064.69575,0.06918
1062.76695,0.06918
1060.83816,0.06898
1058.90936,0.06869
1056.98056,0.06847
1055.05177,0.06824
1053.12297,0.06790
1051.19417,0.06748
1049.26538,0.06703
1047.33658,0.06660
1045.40778,0.06620
1043.47899,0.06572
1041.55019,0.06505
1039.62139,0.06423
1037.69260,0.06339
1035.76380,0.06259
1033.83500,0.06172
1031.90621,0.06083
1029.97741,0.05998
1028.04861,0.05908
1026.11982,0.05816
1024.19102,0.05740
1022.26222,0.05684
1020.33343,0.05631
1018.40463,0.05578
1016.47583,0.05543
1014.54704,0.05530
1012.61824,0.05528
1010.68944,0.05520
1008.76065,0.05500
1006.83185,0.05470
1004.90305,0.05429
1002.97426,0.05383
1001.04546,0.05341
999.11666,0.05310
997.18787,0.05285
995.25907,0.05257
993.33027,0.05222
991.40148,0.05186
989.47268,0.05150
987.54388,0.05099
985.61509,0.05033
983.68629,0.04968
981.75749,0.04903
979.82870,0.04827
977.89990,0.04739
975.97110,0.04654
974.04231,0.04579
972.11351,0.04515
970.18471,0.04461
968.25592,0.04426
966.32712,0.04413
964.39832,0.04409
962.46953,0.04403
960.54073,0.04388
958.61193,0.04365
956.68314,0.04340
954.75434,0.04323
952.82554,0.04327
950.89675,0.04339
948.96795,0.04334
947.03915,0.04309
945.11036,0.04280
943.18156,0.04244
941.25276,0.04192
939.32397,0.04131
937.39517,0.04067
935.46637,0.03996
933.53758,0.03915
931.60878,0.03829
929.67998,0.03748
927.75119,0.03682
925.82239,0.03620
923.89359,0.03544
921.96480,0.03455
920.03600,0.03377
918.10720,0.03323
916.17841,0.03286
914.24961,0.03257
912.32081,0.03239
910.39202,0.03235
908.46322,0.03229
906.53443,0.03210
904.60563,0.03193
902.67683,0.03191
900.74804,0.03198
898.81924,0.03194
896.89044,0.03168
894.96165,0.03126
893.03285,0.03075
891.10405,0.03013
889.17526,0.02945
887.24646,0.02865
885.31766,0.02768
883.38887,0.02662
881.46007,0.02565
879.53127,0.02479
877.60248,0.02402
875.67368,0.02333
873.74488,0.02268
871.81609,0.02211
869.88729,0.02168
867.95849,0.02131
866.02970,0.02104
864.10090,0.02098
862.17210,0.02106
860.24331,0.02111
858.31451,0.02113
856.38571,0.02117
854.45692,0.02131
852.52812,0.02151
850.59932,0.02160
848.67053,0.02154
846.74173,0.02146
844.81293,0.02135
842.88414,0.02104
840.95534,0.02061
839.02654,0.02024
837.09775,0.01988
835.16895,0.01941
833.24015,0.01888
831.31136,0.01837
829.38256,0.01787
827.45376,0.01741
825.52497,0.01707
823.59617,0.01698
821.66737,0.01707
819.73858,0.01714
817.80978,0.01718
815.88098,0.01749
813.95219,0.01811
812.02339,0.01878
810.09459,0.01948
808.16580,0.02034
806.23700,0.02128
804.30820,0.02228
802.37941,0.02337
800.45061,0.02443
798.52181,0.02539
796.59302,0.02638
794.66422,0.02731
792.73542,0.02803
790.80663,0.02868
788.87783,0.02934
786.94903,0.02979
785.02024,0.02987
783.09144,0.02946
781.16264,0.02848
779.23385,0.02714
777.30505,0.02572
775.37625,0.02441
773.44746,0.02331
771.51866,0.02253
769.58986,0.02198
767.66107,0.02165
765.73227,0.02166
763.80347,0.02183
761.87468,0.02195
759.94588,0.02217
758.01708,0.02270
756.08829,0.02338
754.15949,0.02405
752.23069,0.02468
750.30190,0.02502
748.37310,0.02490
