3496.90832,0.06414
3494.97953,0.05914
3493.05073,0.05539
3491.12193,0.05908
3489.19314,0.06853
3487.26434,0.07647
3485.33554,0.07368
3483.40675,0.06283
3481.47795,0.05830
3479.54915,0.06321
3477.62036,0.06933
3475.69156,0.07394
3473.76276,0.07893
3471.83397,0.08014
3469.90517,0.07488
3467.97637,0.07289
3466.04758,0.07768
3464.11878,0.07986
3462.18998,0.07852
3460.26119,0.07834
3458.33239,0.07377
3456.40359,0.06418
3454.47480,0.06076
3452.54600,0.06533
3450.61721,0.06753
3448.68841,0.06547
3446.75961,0.06850
3444.83082,0.07544
3442.90202,0.07501
3440.97322,0.06673
3439.04443,0.05678
3437.11563,0.04833
3435.18683,0.04606
3433.25804,0.05082
3431.32924,0.05384
3429.40044,0.05377
3427.47165,0.05602
3425.54285,0.05779
3423.61405,0.05748
3421.68526,0.05669
3419.75646,0.05386
3417.82766,0.05219
3415.89887,0.05339
3413.97007,0.05363
3412.04127,0.05184
3410.11248,0.04964
3408.18368,0.04901
3406.25488,0.04951
3404.32609,0.04684
3402.39729,0.04292
3400.46849,0.04522
3398.53970,0.04990
3396.61090,0.04797
3394.68210,0.04261
3392.75331,0.04145
3390.82451,0.04584
3388.89571,0.05343
3386.96692,0.05842
3385.03812,0.05574
3383.10932,0.05193
3381.18053,0.05405
3379.25173,0.05706
3377.32293,0.05603
3375.39414,0.05074
3373.46534,0.04655
3371.53654,0.04971
3369.60775,0.05437
3367.67895,0.05577
3365.75015,0.05586
3363.82136,0.05490
3361.89256,0.05307
3359.96376,0.05171
3358.03497,0.05588
3356.10617,0.06535
3354.17737,0.07070
3352.24858,0.07197
3350.31978,0.07625
3348.39098,0.07892
3346.46219,0.07055
3344.53339,0.05887
3342.60459,0.05658
3340.67580,0.06221
3338.74700,0.06646
3336.81820,0.06403
3334.88941,0.05988
3332.96061,0.05925
3331.03181,0.06035
3329.10302,0.06184
3327.17422,0.06183
3325.24542,0.05971
3323.31663,0.05650
3321.38783,0.05094
3319.45903,0.04772
3317.53024,0.05136
3315.60144,0.05323
3313.67264,0.04824
3311.74385,0.04364
3309.81505,0.04069
3307.88625,0.03972
3305.95746,0.04420
3304.02866,0.04802
3302.09986,0.04659
3300.17107,0.04374
3298.24227,0.04009
3296.31347,0.03702
3294.38468,0.03700
3292.45588,0.03580
3290.52708,0.03438
3288.59829,0.03566
3286.66949,0.03566
3284.74069,0.03560
3282.81190,0.03763
3280.88310,0.03753
3278.95430,0.03679
3277.02551,0.04005
3275.09671,0.04444
3273.16791,0.04759
3271.23912,0.04977
3269.31032,0.04406
3267.38152,0.03139
3265.45273,0.02758
3263.52393,0.03443
3261.59513,0.04091
3259.66634,0.04530
3257.73754,0.04887
3255.80874,0.05145
3253.87995,0.05283
3251.95115,0.05161
3250.02235,0.04817
3248.09356,0.04354
3246.16476,0.03902
3244.23596,0.03591
3242.30717,0.03280
3240.37837,0.03107
3238.44957,0.03719
3236.52078,0.04862
3234.59198,0.05440
3232.66318,0.05227
3230.73439,0.04653
3228.80559,0.04020
3226.87679,0.03581
3224.94800,0.03386
3223.01920,0.03572
3221.09040,0.04228
3219.16161,0.04839
3217.23281,0.05020
3215.30401,0.05001
3213.37522,0.05005
3211.44642,0.05259
3209.51762,0.05818
3207.58883,0.06025
3205.66003,0.05634
3203.73123,0.05377
3201.80244,0.05493
3199.87364,0.05323
3197.94484,0.04785
3196.01605,0.04678
3194.08725,0.05171
3192.15845,0.05500
3190.22966,0.05440
3188.30086,0.05394
3186.37206,0.05157
3184.44327,0.04622
3182.51447,0.04262
3180.58567,0.04109
3178.65688,0.04069
3176.72808,0.04228
3174.79928,0.04340
3172.87049,0.04324
3170.94169,0.04442
3169.01289,0.04574
3167.08410,0.04525
3165.15530,0.04589
3163.22650,0.04769
3161.29771,0.04689
3159.36891,0.04401
3157.44011,0.04203
3155.51132,0.04139
3153.58252,0.04054
3151.65372,0.03886
3149.72493,0.03704
3147.79613,0.03765
3145.86733,0.04213
3143.93854,0.04549
3142.00974,0.04459
3140.08094,0.04281
3138.15215,0.04152
3136.22335,0.03990
3134.29455,0.03877
3132.36576,0.03934
3130.43696,0.04117
3128.50816,0.04157
3126.57937,0.03964
3124.65057,0.03787
3122.72177,0.03818
3120.79298,0.04014
3118.86418,0.04243
3116.93538,0.04394
3115.00659,0.04344
3113.07779,0.04083
3111.14899,0.03820
3109.22020,0.03649
3107.29140,0.03598
3105.36260,0.03678
3103.43381,0.03724
3101.50501,0.03711
3099.57621,0.03688
3097.64742,0.03555
3095.71862,0.03416
3093.78982,0.03419
3091.86103,0.03429
3089.93223,0.03442
3088.00344,0.03572
3086.07464,0.03696
3084.14584,0.03709
3082.21705,0.03682
3080.28825,0.03675
3078.35945,0.03701
3076.43066,0.03711
3074.50186,0.03703
3072.57306,0.03763
3070.64427,0.03860
3068.71547,0.03838
3066.78667,0.03712
3064.85788,0.03645
3062.92908,0.03666
3061.00028,0.03714
3059.07149,0.03715
3057.14269,0.03664
3055.21389,0.03682
3053.28510,0.03768
3051.35630,0.03813
3049.42750,0.03792
3047.49871,0.03744
3045.56991,0.03728
3043.64111,0.03773
3041.71232,0.03843
3039.78352,0.03877
3037.85472,0.03861
3035.92593,0.03842
3033.99713,0.03874
3032.06833,0.03969
3030.13954,0.04064
3028.21074,0.04104
3026.28194,0.04087
3024.35315,0.04009
3022.42435,0.03903
3020.49555,0.03846
3018.56676,0.03855
3016.63796,0.03901
3014.70916,0.03956
3012.78037,0.04014
3010.85157,0.04075
3008.92277,0.04070
3006.99398,0.03999
3005.06518,0.03968
3003.13638,0.03958
3001.20759,0.03935
2999.27879,0.03940
2997.34999,0.03966
2995.42120,0.04026
2993.49240,0.04118
2991.56360,0.04178
2989.63481,0.04196
2987.70601,0.04160
2985.77721,0.04080
2983.84842,0.04050
2981.91962,0.04116
2979.99082,0.04199
2978.06203,0.04234
2976.13323,0.04270
2974.20443,0.04324
2972.27564,0.04328
2970.34684,0.04266
2968.41804,0.04188
2966.48925,0.04164
2964.56045,0.04233
2962.63165,0.04348
2960.70286,0.04451
2958.77406,0.04514
2956.84526,0.04554
2954.91647,0.04600
2952.98767,0.04634
2951.05887,0.04642
2949.13008,0.04650
2947.20128,0.04640
2945.27248,0.04586
2943.34369,0.04538
2941.41489,0.04552
2939.48609,0.04606
2937.55730,0.04663
2935.62850,0.04719
2933.69970,0.04773
2931.77091,0.04840
2929.84211,0.04934
2927.91331,0.05013
2925.98452,0.05023
2924.05572,0.04972
2922.12692,0.04945
2920.19813,0.04978
2918.26933,0.04998
2916.34053,0.04965
2914.41174,0.04906
2912.48294,0.04837
2910.55414,0.04781
2908.62535,0.04751
2906.69655,0.04713
2904.76775,0.04658
2902.83896,0.04629
2900.91016,0.04638
2898.98136,0.04657
2897.05257,0.04652
2895.12377,0.04614
2893.19497,0.04583
2891.26618,0.04600
2889.33738,0.04641
2887.40858,0.04660
2885.47979,0.04638
2883.55099,0.04611
2881.62219,0.04619
2879.69340,0.04638
2877.76460,0.04639
2875.83580,0.04632
2873.90701,0.04622
2871.97821,0.04617
2870.04941,0.04631
2868.12062,0.04670
2866.19182,0.04724
2864.26302,0.04773
2862.33423,0.04808
2860.40543,0.04851
2858.47663,0.04922
2856.54784,0.04965
2854.61904,0.04942
2852.69024,0.04906
2850.76145,0.04897
2848.83265,0.04904
2846.90385,0.04904
2844.97506,0.04894
2843.04626,0.04872
2841.11746,0.04830
2839.18867,0.04787
2837.25987,0.04780
2835.33107,0.04803
2833.40228,0.04812
2831.47348,0.04800
2829.54468,0.04791
2827.61589,0.04775
2825.68709,0.04742
2823.75829,0.04740
2821.82950,0.04779
2819.90070,0.04801
2817.97190,0.04781
2816.04311,0.04759
2814.11431,0.04765
2812.18551,0.04775
2810.25672,0.04758
2808.32792,0.04725
2806.39912,0.04706
2804.47033,0.04707
2802.54153,0.04719
2800.61273,0.04732
2798.68394,0.04726
2796.75514,0.04691
2794.82634,0.04643
2792.89755,0.04603
2790.96875,0.04590
2789.03995,0.04607
2787.11116,0.04624
2785.18236,0.04616
2783.25356,0.04602
2781.32477,0.04597
2779.39597,0.04583
2777.46717,0.04554
2775.53838,0.04533
2773.60958,0.04523
2771.68078,0.04507
2769.75199,0.04490
2767.82319,0.04492
2765.89439,0.04506
2763.96560,0.04500
2762.03680,0.04470
2760.10800,0.04445
2758.17921,0.04436
2756.25041,0.04428
2754.32161,0.04417
2752.39282,0.04400
2750.46402,0.04386
2748.53522,0.04400
2746.60643,0.04436
2744.67763,0.04456
2742.74883,0.04448
2740.82004,0.04426
2738.89124,0.04401
2736.96244,0.04392
2735.03365,0.04414
2733.10485,0.04439
2731.17605,0.04436
2729.24726,0.04416
2727.31846,0.04404
2725.38967,0.04404
2723.46087,0.04394
2721.53207,0.04380
2719.60328,0.04377
2717.67448,0.04379
2715.74568,0.04384
2713.81689,0.04397
2711.88809,0.04401
2709.95929,0.04386
2708.03050,0.04363
2706.10170,0.04352
2704.17290,0.04353
2702.24411,0.04346
2700.31531,0.04332
2698.38651,0.04330
2696.45772,0.04345
2694.52892,0.04368
2692.60012,0.04388
2690.67133,0.04395
2688.74253,0.04383
2686.81373,0.04367
2684.88494,0.04368
2682.95614,0.04375
2681.02734,0.04368
2679.09855,0.04365
2677.16975,0.04372
2675.24095,0.04371
2673.31216,0.04355
2671.38336,0.04327
2669.45456,0.04311
2667.52577,0.04323
2665.59697,0.04333
2663.66817,0.04323
2661.73938,0.04309
2659.81058,0.04303
2657.88178,0.04313
2655.95299,0.04330
2654.02419,0.04336
2652.09539,0.04339
2650.16660,0.04341
2648.23780,0.04342
2646.30900,0.04350
2644.38021,0.04363
2642.45141,0.04376
2640.52261,0.04387
2638.59382,0.04393
2636.66502,0.04403
2634.73622,0.04419
2632.80743,0.04429
2630.87863,0.04433
2628.94983,0.04430
2627.02104,0.04413
2625.09224,0.04398
2623.16344,0.04401
2621.23465,0.04422
2619.30585,0.04461
2617.37705,0.04498
2615.44826,0.04494
2613.51946,0.04452
2611.59066,0.04427
2609.66187,0.04432
2607.73307,0.04436
2605.80427,0.04428
2603.87548,0.04427
2601.94668,0.04447
2600.01788,0.04467
2598.08909,0.04480
2596.16029,0.04507
2594.23149,0.04522
2592.30270,0.04505
2590.37390,0.04512
2588.44510,0.04533
2586.51631,0.04501
2584.58751,0.04455
2582.65871,0.04447
2580.72992,0.04450
2578.80112,0.04451
2576.87232,0.04475
2574.94353,0.04506
2573.01473,0.04497
2571.08593,0.04459
2569.15714,0.04438
2567.22834,0.04429
2565.29954,0.04402
2563.37075,0.04366
2561.44195,0.04352
2559.51315,0.04364
2557.58436,0.04371
2555.65556,0.04357
2553.72676,0.04323
2551.79797,0.04321
2549.86917,0.04386
2547.94037,0.04443
2546.01158,0.04433
2544.08278,0.04422
2542.15398,0.04437
2540.22519,0.04439
2538.29639,0.04429
2536.36759,0.04400
2534.43880,0.04363
2532.51000,0.04357
2530.58120,0.04350
2528.65241,0.04322
2526.72361,0.04314
2524.79481,0.04313
2522.86602,0.04295
2520.93722,0.04289
2519.00842,0.04292
2517.07963,0.04284
2515.15083,0.04293
2513.22203,0.04316
2511.29324,0.04297
2509.36444,0.04245
2507.43564,0.04215
2505.50685,0.04224
2503.57805,0.04240
2501.64925,0.04246
2499.72046,0.04252
2497.79166,0.04255
2495.86286,0.04261
2493.93407,0.04281
2492.00527,0.04265
2490.07647,0.04210
2488.14768,0.04195
2486.21888,0.04236
2484.29008,0.04282
2482.36129,0.04290
2480.43249,0.04256
2478.50369,0.04220
2476.57490,0.04210
2474.64610,0.04204
2472.71730,0.04191
2470.78851,0.04187
2468.85971,0.04187
2466.93091,0.04186
2465.00212,0.04193
2463.07332,0.04213
2461.14452,0.04229
2459.21573,0.04233
2457.28693,0.04218
2455.35813,0.04173
2453.42934,0.04149
2451.50054,0.04164
2449.57174,0.04140
2447.64295,0.04080
2445.71415,0.04053
2443.78535,0.04065
2441.85656,0.04079
2439.92776,0.04090
2437.99896,0.04103
2436.07017,0.04111
2434.14137,0.04117
2432.21257,0.04121
2430.28378,0.04091
2428.35498,0.04037
2426.42618,0.04021
2424.49739,0.04052
2422.56859,0.04075
2420.63979,0.04049
2418.71100,0.03982
2416.78220,0.03920
2414.85340,0.03883
2412.92461,0.03868
2410.99581,0.03879
2409.06701,0.03905
2407.13822,0.03906
2405.20942,0.03871
2403.28062,0.03834
2401.35183,0.03816
2399.42303,0.03785
2397.49423,0.03738
2395.56544,0.03721
2393.63664,0.03749
2391.70784,0.03797
2389.77905,0.03865
2387.85025,0.04022
2385.92145,0.04377
2383.99266,0.04997
2382.06386,0.05874
2380.13506,0.06943
2378.20627,0.08104
2376.27747,0.09291
2374.34867,0.10524
2372.41988,0.11831
2370.49108,0.13145
2368.56228,0.14352
2366.63349,0.15379
2364.70469,0.16175
2362.77589,0.16693
2360.84710,0.16913
2358.91830,0.16771
2356.98951,0.16141
2355.06071,0.14987
2353.13191,0.13429
2351.20312,0.11871
2349.27432,0.11068
2347.34552,0.11452
2345.41673,0.12570
2343.48793,0.13325
2341.55913,0.13403
2339.63034,0.13213
2337.70154,0.12962
2335.77274,0.12748
2333.84395,0.12681
2331.91515,0.12700
2329.98635,0.12527
2328.05756,0.12119
2326.12876,0.11762
2324.19996,0.11563
2322.27117,0.11297
2320.34237,0.10731
2318.41357,0.09945
2316.48478,0.09243
2314.55598,0.08816
2312.62718,0.08541
2310.69839,0.08183
2308.76959,0.07702
2306.84079,0.07174
2304.91200,0.06655
2302.98320,0.06220
2301.05440,0.05877
2299.12561,0.05576
2297.19681,0.05323
2295.26801,0.05129
2293.33922,0.04933
2291.41042,0.04710
2289.48162,0.04510
2287.55283,0.04347
2285.62403,0.04223
2283.69523,0.04176
2281.76644,0.04192
2279.83764,0.04220
2277.90884,0.04272
2275.98005,0.04338
2274.05125,0.04355
2272.12245,0.04348
2270.19366,0.04404
2268.26486,0.04497
2266.33606,0.04530
2264.40727,0.04520
2262.47847,0.04536
2260.54967,0.04584
2258.62088,0.04683
2256.69208,0.04810
2254.76328,0.04839
2252.83449,0.04724
2250.90569,0.04555
2248.97689,0.04477
2247.04810,0.04532
2245.11930,0.04610
2243.19050,0.04648
2241.26171,0.04696
2239.33291,0.04757
2237.40411,0.04766
2235.47532,0.04753
2233.54652,0.04764
2231.61772,0.04773
2229.68893,0.04825
2227.76013,0.04952
2225.83133,0.05057
2223.90254,0.05103
2221.97374,0.05151
2220.04494,0.05199
2218.11615,0.05226
2216.18735,0.05287
2214.25855,0.05351
2212.32976,0.05298
2210.40096,0.05196
2208.47216,0.05188
2206.54337,0.05225
2204.61457,0.05264
2202.68577,0.05334
2200.75698,0.05380
2198.82818,0.05437
2196.89938,0.05544
2194.97059,0.05622
2193.04179,0.05676
2191.11299,0.05699
2189.18420,0.05657
2187.25540,0.05609
2185.32660,0.05580
2183.39781,0.05588
2181.46901,0.05737
2179.54021,0.05971
2177.61142,0.06043
2175.68262,0.05970
2173.75382,0.05905
2171.82503,0.05869
2169.89623,0.05904
2167.96743,0.05964
2166.03864,0.06041
2164.10984,0.06325
2162.18104,0.06774
2160.25225,0.07083
2158.32345,0.07119
2156.39465,0.06846
2154.46586,0.06347
2152.53706,0.05939
2150.60826,0.05675
2148.67947,0.05311
2146.75067,0.04881
2144.82187,0.04637
2142.89308,0.04556
2140.96428,0.04481
2139.03548,0.04410
2137.10669,0.04342
2135.17789,0.04256
2133.24909,0.04121
2131.32030,0.03921
2129.39150,0.03751
2127.46270,0.03667
2125.53391,0.03627
2123.60511,0.03576
2121.67631,0.03510
2119.74752,0.03464
2117.81872,0.03428
2115.88992,0.03370
2113.96113,0.03305
2112.03233,0.03309
2110.10353,0.03405
2108.17474,0.03499
2106.24594,0.03531
2104.31714,0.03556
2102.38835,0.03595
2100.45955,0.03558
2098.53075,0.03437
2096.60196,0.03325
2094.67316,0.03286
2092.74436,0.03309
2090.81557,0.03328
2088.88677,0.03326
2086.95797,0.03346
2085.02918,0.03418
2083.10038,0.03516
2081.17158,0.03566
2079.24279,0.03537
2077.31399,0.03489
2075.38519,0.03476
2073.45640,0.03483
2071.52760,0.03512
2069.59880,0.03617
2067.67001,0.03787
2065.74121,0.03911
2063.81241,0.03929
2061.88362,0.03880
2059.95482,0.03794
2058.02602,0.03740
2056.09723,0.03793
2054.16843,0.03878
2052.23963,0.03879
2050.31084,0.03871
2048.38204,0.04000
2046.45324,0.04189
2044.52445,0.04278
2042.59565,0.04362
2040.66685,0.04553
2038.73806,0.04681
2036.80926,0.04649
2034.88046,0.04655
2032.95167,0.04783
2031.02287,0.04861
2029.09407,0.04759
2027.16528,0.04547
2025.23648,0.04415
2023.30768,0.04459
2021.37889,0.04557
2019.45009,0.04628
2017.52129,0.04740
2015.59250,0.04791
2013.66370,0.04687
2011.73490,0.04582
2009.80611,0.04551
2007.87731,0.04427
2005.94851,0.04088
2004.01972,0.03779
2002.09092,0.03752
2000.16212,0.03897
1998.23333,0.03993
1996.30453,0.03970
1994.37574,0.03966
1992.44694,0.04065
1990.51814,0.04090
1988.58935,0.03956
1986.66055,0.03785
1984.73175,0.03717
1982.80296,0.03807
1980.87416,0.03977
1978.94536,0.04091
1977.01657,0.04121
1975.08777,0.04176
1973.15897,0.04163
1971.23018,0.03998
1969.30138,0.03909
1967.37258,0.03960
1965.44379,0.03947
1963.51499,0.03788
1961.58619,0.03586
1959.65740,0.03435
1957.72860,0.03356
1955.79980,0.03328
1953.87101,0.03278
1951.94221,0.03186
1950.01341,0.03130
1948.08462,0.03121
1946.15582,0.03152
1944.22702,0.03265
1942.29823,0.03297
1940.36943,0.03110
1938.44063,0.02893
1936.51184,0.02808
1934.58304,0.02846
1932.65424,0.02887
1930.72545,0.02850
1928.79665,0.02812
1926.86785,0.02878
1924.93906,0.03049
1923.01026,0.03183
1921.08146,0.03218
1919.15267,0.03207
1917.22387,0.03061
1915.29507,0.02839
1913.36628,0.02785
1911.43748,0.02886
1909.50868,0.02923
1907.57989,0.02821
1905.65109,0.02696
1903.72229,0.02626
1901.79350,0.02581
1899.86470,0.02565
1897.93590,0.02627
1896.00711,0.02714
1894.07831,0.02736
1892.14951,0.02811
1890.22072,0.02964
1888.29192,0.02944
1886.36312,0.02771
1884.43433,0.02668
1882.50553,0.02653
1880.57673,0.02657
1878.64794,0.02647
1876.71914,0.02635
1874.79034,0.02657
1872.86155,0.02819
1870.93275,0.03198
1869.00395,0.03485
1867.07516,0.03291
1865.14636,0.02890
1863.21756,0.02669
1861.28877,0.02607
1859.35997,0.02572
1857.43117,0.02525
1855.50238,0.02485
1853.57358,0.02474
1851.64478,0.02513
1849.71599,0.02654
1847.78719,0.02933
1845.85839,0.03286
1843.92960,0.03349
1842.00080,0.02994
1840.07200,0.02711
1838.14321,0.02676
1836.21441,0.02683
1834.28561,0.02723
1832.35682,0.02990
1830.42802,0.03310
1828.49922,0.03334
1826.57043,0.03227
1824.64163,0.03088
1822.71283,0.02824
1820.78404,0.02623
1818.85524,0.02590
1816.92644,0.02594
1814.99765,0.02615
1813.06885,0.02738
1811.14005,0.02855
1809.21126,0.02796
1807.28246,0.02650
1805.35366,0.02642
1803.42487,0.02858
1801.49607,0.03097
1799.56727,0.03096
1797.63848,0.02982
1795.70968,0.03085
1793.78088,0.03436
1791.85209,0.03548
1789.92329,0.03157
1787.99449,0.02823
1786.06570,0.02824
1784.13690,0.02929
1782.20810,0.03011
1780.27931,0.03030
1778.35051,0.02980
1776.42171,0.03099
1774.49292,0.03530
1772.56412,0.03920
1770.63532,0.03811
1768.70653,0.03400
1766.77773,0.03000
1764.84893,0.02863
1762.92014,0.03029
1760.99134,0.03113
1759.06254,0.03045
1757.13375,0.02999
1755.20495,0.02962
1753.27615,0.03189
1751.34736,0.03729
1749.41856,0.03982
1747.48976,0.03746
1745.56097,0.03476
1743.63217,0.03401
1741.70337,0.03449
1739.77458,0.03439
1737.84578,0.03468
1735.91698,0.03887
1733.98819,0.04327
1732.05939,0.04003
1730.13059,0.03398
1728.20180,0.02945
1726.27300,0.02734
1724.34420,0.02771
1722.41541,0.02967
1720.48661,0.03527
1718.55781,0.04438
1716.62902,0.04814
1714.70022,0.04293
1712.77142,0.03681
1710.84263,0.03467
1708.91383,0.03738
1706.98503,0.04353
1705.05624,0.04948
1703.12744,0.05586
1701.19864,0.06622
1699.26985,0.07510
1697.34105,0.07866
1695.41225,0.08043
1693.48346,0.08189
1691.55466,0.08800
1689.62586,0.10020
1687.69707,0.11564
1685.76827,0.13622
1683.83947,0.15770
1681.91068,0.16709
1679.98188,0.17272
1678.05308,0.18365
1676.12429,0.19966
1674.19549,0.21538
1672.26669,0.22834
1670.33790,0.24098
1668.40910,0.24865
1666.48030,0.25092
1664.55151,0.25554
1662.62271,0.26119
1660.69391,0.26240
1658.76512,0.26269
1656.83632,0.26832
1654.90752,0.28083
1652.97873,0.28828
1651.04993,0.28236
1649.12113,0.28161
1647.19234,0.28741
1645.26354,0.28932
1643.33474,0.28994
1641.40595,0.29733
1639.47715,0.31245
1637.54835,0.33457
1635.61956,0.35821
1633.69076,0.37222
1631.76197,0.38259
1629.83317,0.39796
1627.90437,0.41544
1625.97558,0.42968
1624.04678,0.43943
1622.11798,0.44283
1620.18919,0.44289
1618.26039,0.44428
1616.33159,0.44235
1614.40280,0.43528
1612.47400,0.43089
1610.54520,0.43170
1608.61641,0.43557
1606.68761,0.44099
1604.75881,0.44857
1602.83002,0.45810
1600.90122,0.46781
1598.97242,0.47662
1597.04363,0.48406
1595.11483,0.48865
1593.18603,0.48865
1591.25724,0.48407
1589.32844,0.47519
1587.39964,0.46227
1585.47085,0.44619
1583.54205,0.42776
1581.61325,0.40842
1579.68446,0.39153
1577.75566,0.37569
1575.82686,0.35244
1573.89807,0.32740
1571.96927,0.30998
1570.04047,0.29379
1568.11168,0.27414
1566.18288,0.25617
1564.25408,0.24299
1562.32529,0.23790
1560.39649,0.24037
1558.46769,0.23218
1556.53890,0.21023
1554.61010,0.19268
1552.68130,0.18079
1550.75251,0.17221
1548.82371,0.16506
1546.89491,0.16156
1544.96612,0.16361
1543.03732,0.16822
1541.10852,0.16943
1539.17973,0.15828
1537.25093,0.14423
1535.32213,0.13881
1533.39334,0.13628
1531.46454,0.13043
1529.53574,0.12667
1527.60695,0.12746
1525.67815,0.12898
1523.74935,0.13088
1521.82056,0.13209
1519.89176,0.12899
1517.96296,0.12437
1516.03417,0.11900
1514.10537,0.11346
1512.17657,0.11266
1510.24778,0.11930
1508.31898,0.12979
1506.39018,0.12873
1504.46139,0.11494
1502.53259,0.10763
1500.60379,0.10963
1498.67500,0.11598
1496.74620,0.12019
1494.81740,0.12112
1492.88861,0.12597
1490.95981,0.13776
1489.03101,0.14889
1487.10222,0.15323
1485.17342,0.15680
1483.24462,0.16478
1481.31583,0.17658
1479.38703,0.19043
1477.45823,0.20707
1475.52944,0.22644
1473.60064,0.24457
1471.67184,0.25479
1469.74305,0.25813
1467.81425,0.26352
1465.88545,0.27231
1463.95666,0.27756
1462.02786,0.27928
1460.09906,0.28439
1458.17027,0.28999
1456.24147,0.28126
1454.31267,0.26252
1452.38388,0.24688
1450.45508,0.23483
1448.52628,0.22293
1446.59749,0.20831
1444.66869,0.19317
1442.73989,0.18016
1440.81110,0.17043
1438.88230,0.16486
1436.95350,0.15859
1435.02471,0.14683
1433.09591,0.13579
1431.16711,0.12839
1429.23832,0.12117
1427.30952,0.11420
1425.38072,0.10972
1423.45193,0.10688
1421.52313,0.10603
1419.59433,0.10638
1417.66554,0.10159
1415.73674,0.09274
1413.80794,0.08630
1411.87915,0.08289
1409.95035,0.08050
1408.02155,0.07918
1406.09276,0.07903
1404.16396,0.07776
1402.23516,0.07620
1400.30637,0.07725
1398.37757,0.07936
1396.44877,0.07970
1394.51998,0.07702
1392.59118,0.07222
1390.66238,0.06975
1388.73359,0.07067
1386.80479,0.07039
1384.87599,0.06709
1382.94720,0.06436
1381.01840,0.06367
1379.08960,0.06392
1377.16081,0.06505
1375.23201,0.06645
1373.30321,0.06536
1371.37442,0.06226
1369.44562,0.06022
1367.51682,0.05948
1365.58803,0.06043
1363.65923,0.06285
1361.73043,0.06274
1359.80164,0.05939
1357.87284,0.05670
1355.94404,0.05581
1354.01525,0.05539
1352.08645,0.05500
1350.15765,0.05490
1348.22886,0.05485
1346.30006,0.05474
1344.37126,0.05528
1342.44247,0.05760
1340.51367,0.06087
1338.58487,0.06161
1336.65608,0.05914
1334.72728,0.05648
1332.79848,0.05515
1330.86969,0.05463
1328.94089,0.05425
1327.01209,0.05388
1325.08330,0.05354
1323.15450,0.05343
1321.22570,0.05380
1319.29691,0.05424
1317.36811,0.05395
1315.43931,0.05328
1313.51052,0.05269
1311.58172,0.05194
1309.65292,0.05124
1307.72413,0.05086
1305.79533,0.05062
1303.86653,0.05055
1301.93774,0.05070
1300.00894,0.05103
1298.08014,0.05143
1296.15135,0.05173
1294.22255,0.05185
1292.29375,0.05202
1290.36496,0.05239
1288.43616,0.05271
1286.50736,0.05263
1284.57857,0.05229
1282.64977,0.05211
1280.72097,0.05201
1278.79218,0.05179
1276.86338,0.05150
1274.93458,0.05139
1273.00579,0.05155
1271.07699,0.05162
1269.14820,0.05139
1267.21940,0.05111
1265.29060,0.05101
1263.36181,0.05108
1261.43301,0.05122
1259.50421,0.05122
1257.57542,0.05104
1255.64662,0.05095
1253.71782,0.05109
1251.78903,0.05142
1249.86023,0.05186
1247.93143,0.05233
1246.00264,0.05283
1244.07384,0.05333
1242.14504,0.05373
1240.21625,0.05400
1238.28745,0.05419
1236.35865,0.05436
1234.42986,0.05448
1232.50106,0.05461
1230.57226,0.05480
1228.64347,0.05497
1226.71467,0.05508
1224.78587,0.05510
1222.85708,0.05510
1220.92828,0.05521
1218.99948,0.05546
1217.07069,0.05577
1215.14189,0.05611
1213.21309,0.05654
1211.28430,0.05707
1209.35550,0.05775
1207.42670,0.05857
1205.49791,0.05953
1203.56911,0.06059
1201.64031,0.06176
1199.71152,0.06312
1197.78272,0.06466
1195.85392,0.06632
1193.92513,0.06809
1191.99633,0.07006
1190.06753,0.07228
1188.13874,0.07471
1186.20994,0.07721
1184.28114,0.07974
1182.35235,0.08250
1180.42355,0.08574
1178.49475,0.08944
1176.56596,0.09349
1174.63716,0.09776
1172.70836,0.10219
1170.77957,0.10677
1168.85077,0.11150
1166.92197,0.11623
1164.99318,0.12071
1163.06438,0.12468
1161.13558,0.12783
1159.20679,0.12991
1157.27799,0.13079
1155.34919,0.13044
1153.42040,0.12892
1151.49160,0.12644
1149.56280,0.12311
1147.63401,0.11907
1145.70521,0.11460
1143.77641,0.10992
1141.84762,0.10525
1139.91882,0.10072
1137.99002,0.09635
1136.06123,0.09218
1134.13243,0.08828
1132.20363,0.08473
1130.27484,0.08160
1128.34604,0.07885
1126.41724,0.07635
1124.48845,0.07409
1122.55965,0.07212
1120.63085,0.07049
1118.70206,0.06913
1116.77326,0.06790
1114.84446,0.06685
1112.91567,0.06606
1110.98687,0.06546
1109.05807,0.06503
1107.12928,0.06477
1105.20048,0.06467
1103.27168,0.06465
1101.34289,0.06471
1099.41409,0.06486
1097.48529,0.06506
1095.55650,0.06529
1093.62770,0.06556
1091.69890,0.06586
1089.77011,0.06622
1087.84131,0.06657
1085.91251,0.06679
1083.98372,0.06693
1082.05492,0.06709
1080.12612,0.06727
1078.19733,0.06743
1076.26853,0.06758
1074.33973,0.06774
1072.41094,0.06797
1070.48214,0.06819
1068.55334,0.06829
1066.62455,0.06832
1064.69575,0.06839
1062.76695,0.06840
1060.83816,0.06820
1058.90936,0.06790
1056.98056,0.06769
1055.05177,0.06748
1053.12297,0.06716
1051.19417,0.06675
1049.26538,0.06632
1047.33658,0.06587
1045.40778,0.06542
1043.47899,0.06490
1041.55019,0.06420
1039.62139,0.06339
1037.69260,0.06261
1035.76380,0.06182
1033.83500,0.06093
1031.90621,0.06004
1029.97741,0.05920
1028.04861,0.05831
1026.11982,0.05740
1024.19102,0.05663
1022.26222,0.05604
1020.33343,0.05547
1018.40463,0.05493
1016.47583,0.05457
1014.54704,0.05444
1012.61824,0.05440
1010.68944,0.05434
1008.76065,0.05415
1006.83185,0.05383
1004.90305,0.05342
1002.97426,0.05294
1001.04546,0.05252
999.11666,0.05219
997.18787,0.05194
995.25907,0.05168
993.33027,0.05135
991.40148,0.05100
989.47268,0.05060
987.54388,0.05007
985.61509,0.04940
983.68629,0.04876
981.75749,0.04812
979.82870,0.04736
977.89990,0.04648
975.97110,0.04562
974.04231,0.04488
972.11351,0.04424
970.18471,0.04369
968.25592,0.04332
966.32712,0.04316
964.39832,0.04309
962.46953,0.04303
960.54073,0.04288
958.61193,0.04266
956.68314,0.04241
954.75434,0.04224
952.82554,0.04227
950.89675,0.04240
948.96795,0.04236
947.03915,0.04211
945.11036,0.04180
943.18156,0.04144
941.25276,0.04095
939.32397,0.04034
937.39517,0.03969
935.46637,0.03899
933.53758,0.03820
931.60878,0.03736
929.67998,0.03656
927.75119,0.03588
925.82239,0.03525
923.89359,0.03447
921.96480,0.03355
920.03600,0.03273
918.10720,0.03218
916.17841,0.03181
914.24961,0.03154
912.32081,0.03139
910.39202,0.03135
908.46322,0.03126
906.53443,0.03102
904.60563,0.03078
902.67683,0.03076
900.74804,0.03087
898.81924,0.03087
896.89044,0.03060
894.96165,0.03014
893.03285,0.02963
891.10405,0.02901
889.17526,0.02832
887.24646,0.02754
885.31766,0.02660
883.38887,0.02555
881.46007,0.02456
879.53127,0.02367
877.60248,0.02287
875.67368,0.02217
873.74488,0.02154
871.81609,0.02099
869.88729,0.02051
867.95849,0.02010
866.02970,0.01985
864.10090,0.01985
862.17210,0.01993
860.24331,0.01995
858.31451,0.01997
856.38571,0.02002
854.45692,0.02013
852.52812,0.02029
850.59932,0.02036
848.67053,0.02031
846.74173,0.02025
844.81293,0.02015
842.88414,0.01986
840.95534,0.01943
839.02654,0.01906
837.09775,0.01867
835.16895,0.01815
833.24015,0.01762
831.31136,0.01714
829.38256,0.01665
827.45376,0.01615
825.52497,0.01571
823.59617,0.01553
821.66737,0.01565
819.73858,0.01586
817.80978,0.01606
815.88098,0.01641
813.95219,0.01691
812.02339,0.01742
810.09459,0.01799
808.16580,0.01883
806.23700,0.01980
804.30820,0.02073
802.37941,0.02178
800.45061,0.02297
798.52181,0.02411
796.59302,0.02517
794.66422,0.02608
792.73542,0.02678
790.80663,0.02742
788.87783,0.02811
786.94903,0.02864
785.02024,0.02871
783.09144,0.02819
781.16264,0.02714
779.23385,0.02574
777.30505,0.02410
775.37625,0.02250
773.44746,0.02139
771.51866,0.02084
769.58986,0.02049
767.66107,0.02020
765.73227,0.02014
763.80347,0.02021
761.87468,0.02035
759.94588,0.02082
758.01708,0.02154
756.08829,0.02201
754.15949,0.02210
752.23069,0.02226
750.30190,0.02251
748.37310,0.02249
