3496.90832,0.06949
3494.97953,0.06509
3493.05073,0.05802
3491.12193,0.05772
3489.19314,0.06573
3487.26434,0.07109
3485.33554,0.06696
3483.40675,0.06351
3481.47795,0.06743
3479.54915,0.07051
3477.62036,0.06898
3475.69156,0.06894
3473.76276,0.07331
3471.83397,0.07589
3469.90517,0.07310
3467.97637,0.07128
3466.04758,0.07371
3464.11878,0.07464
3462.18998,0.06753
3460.26119,0.05613
3458.33239,0.05049
3456.40359,0.05387
3454.47480,0.06121
3452.54600,0.06556
3450.61721,0.06559
3448.68841,0.06532
3446.75961,0.06913
3444.83082,0.07264
3442.90202,0.06741
3440.97322,0.05586
3439.04443,0.04617
3437.11563,0.03998
3435.18683,0.03576
3433.25804,0.03604
3431.32924,0.04317
3429.40044,0.05557
3427.47165,0.06615
3425.54285,0.06823
3423.61405,0.06606
3421.68526,0.06336
3419.75646,0.06100
3417.82766,0.06128
3415.89887,0.05865
3413.97007,0.05126
3412.04127,0.04399
3410.11248,0.04004
3408.18368,0.04219
3406.25488,0.04577
3404.32609,0.04654
3402.39729,0.05030
3400.46849,0.05554
3398.53970,0.05205
3396.61090,0.04020
3394.68210,0.03470
3392.75331,0.04214
3390.82451,0.05014
3388.89571,0.05154
3386.96692,0.05172
3385.03812,0.05092
3383.10932,0.04907
3381.18053,0.05163
3379.25173,0.05629
3377.32293,0.05613
3375.39414,0.05176
3373.46534,0.04851
3371.53654,0.04798
3369.60775,0.05011
3367.67895,0.05904
3365.75015,0.07119
3363.82136,0.07285
3361.89256,0.06388
3359.96376,0.05538
3358.03497,0.05201
3356.10617,0.05531
3354.17737,0.06307
3352.24858,0.06735
3350.31978,0.06764
3348.39098,0.06810
3346.46219,0.06456
3344.53339,0.05665
3342.60459,0.05179
3340.67580,0.05222
3338.74700,0.05430
3336.81820,0.05454
3334.88941,0.05373
3332.96061,0.05193
3331.03181,0.05013
3329.10302,0.05307
3327.17422,0.05583
3325.24542,0.05161
3323.31663,0.04571
3321.38783,0.04552
3319.45903,0.04861
3317.53024,0.04561
3315.60144,0.03742
3313.67264,0.03556
3311.74385,0.04171
3309.81505,0.04533
3307.88625,0.04357
3305.95746,0.04050
3304.02866,0.03500
3302.09986,0.03050
3300.17107,0.03330
3298.24227,0.03958
3296.31347,0.04363
3294.38468,0.04384
3292.45588,0.03889
3290.52708,0.03087
3288.59829,0.02764
3286.66949,0.03292
3284.74069,0.04127
3282.81190,0.04415
3280.88310,0.03805
3278.95430,0.03246
3277.02551,0.03675
3275.09671,0.04560
3273.16791,0.04994
3271.23912,0.04768
3269.31032,0.04252
3267.38152,0.04021
3265.45273,0.03995
3263.52393,0.03441
3261.59513,0.02687
3259.66634,0.02808
3257.73754,0.03636
3255.80874,0.04302
3253.87995,0.04640
3251.95115,0.04814
3250.02235,0.04667
3248.09356,0.04016
3246.16476,0.03300
3244.23596,0.03235
3242.30717,0.03776
3240.37837,0.04263
3238.44957,0.04569
3236.52078,0.04966
3234.59198,0.05192
3232.66318,0.04852
3230.73439,0.04401
3228.80559,0.04225
3226.87679,0.03891
3224.94800,0.03449
3223.01920,0.03617
3221.09040,0.04385
3219.16161,0.05234
3217.23281,0.05810
3215.30401,0.05811
3213.37522,0.05424
3211.44642,0.05581
3209.51762,0.06408
3207.58883,0.06661
3205.66003,0.05935
3203.73123,0.05146
3201.80244,0.04827
3199.87364,0.04843
3197.94484,0.04829
3196.01605,0.04562
3194.08725,0.04311
3192.15845,0.04368
3190.22966,0.04799
3188.30086,0.05362
3186.37206,0.05503
3184.44327,0.05239
3182.51447,0.05084
3180.58567,0.05189
3178.65688,0.05333
3176.72808,0.05076
3174.79928,0.04441
3172.87049,0.04025
3170.94169,0.03889
3169.01289,0.03682
3167.08410,0.03578
3165.15530,0.03930
3163.22650,0.04459
3161.29771,0.04568
3159.36891,0.04138
3157.44011,0.03640
3155.51132,0.03561
3153.58252,0.03890
3151.65372,0.04220
3149.72493,0.04234
3147.79613,0.04081
3145.86733,0.04048
3143.93854,0.04067
3142.00974,0.03999
3140.08094,0.03870
3138.15215,0.03769
3136.22335,0.03731
3134.29455,0.03710
3132.36576,0.03795
3130.43696,0.04001
3128.50816,0.04046
3126.57937,0.03926
3124.65057,0.03928
3122.72177,0.04064
3120.79298,0.04145
3118.86418,0.04106
3116.93538,0.04017
3115.00659,0.03913
3113.07779,0.03819
3111.14899,0.03781
3109.22020,0.03769
3107.29140,0.03783
3105.36260,0.03828
3103.43381,0.03842
3101.50501,0.03774
3099.57621,0.03663
3097.64742,0.03622
3095.71862,0.03719
3093.78982,0.03834
3091.86103,0.03801
3089.93223,0.03768
3088.00344,0.03861
3086.07464,0.03867
3084.14584,0.03814
3082.21705,0.03894
3080.28825,0.03941
3078.35945,0.03796
3076.43066,0.03631
3074.50186,0.03606
3072.57306,0.03654
3070.64427,0.03669
3068.71547,0.03626
3066.78667,0.03557
3064.85788,0.03555
3062.92908,0.03669
3061.00028,0.03773
3059.07149,0.03725
3057.14269,0.03631
3055.21389,0.03666
3053.28510,0.03786
3051.35630,0.03877
3049.42750,0.03897
3047.49871,0.03803
3045.56991,0.03663
3043.64111,0.03654
3041.71232,0.03754
3039.78352,0.03838
3037.85472,0.03915
3035.92593,0.04006
3033.99713,0.04038
3032.06833,0.03992
3030.13954,0.03955
3028.21074,0.03964
3026.28194,0.03984
3024.35315,0.03974
3022.42435,0.03956
3020.49555,0.03977
3018.56676,0.03992
3016.63796,0.03973
3014.70916,0.03997
3012.78037,0.04082
3010.85157,0.04153
3008.92277,0.04161
3006.99398,0.04149
3005.06518,0.04153
3003.13638,0.04120
3001.20759,0.04033
2999.27879,0.03983
2997.34999,0.04029
2995.42120,0.04120
2993.49240,0.04173
2991.56360,0.04169
2989.63481,0.04199
2987.70601,0.04276
2985.77721,0.04296
2983.84842,0.04262
2981.91962,0.04256
2979.99082,0.04270
2978.06203,0.04281
2976.13323,0.04330
2974.20443,0.04364
2972.27564,0.04320
2970.34684,0.04277
2968.41804,0.04313
2966.48925,0.04400
2964.56045,0.04472
2962.63165,0.04515
2960.70286,0.04560
2958.77406,0.04622
2956.84526,0.04678
2954.91647,0.04692
2952.98767,0.04679
2951.05887,0.04681
2949.13008,0.04685
2947.20128,0.04686
2945.27248,0.04710
2943.34369,0.04753
2941.41489,0.04787
2939.48609,0.04825
2937.55730,0.04869
2935.62850,0.04893
2933.69970,0.04916
2931.77091,0.04951
2929.84211,0.04978
2927.91331,0.05023
2925.98452,0.05080
2924.05572,0.05095
2922.12692,0.05081
2920.19813,0.05088
2918.26933,0.05119
2916.34053,0.05134
2914.41174,0.05088
2912.48294,0.04979
2910.55414,0.04877
2908.62535,0.04828
2906.69655,0.04796
2904.76775,0.04765
2902.83896,0.04747
2900.91016,0.04729
2898.98136,0.04736
2897.05257,0.04773
2895.12377,0.04769
2893.19497,0.04717
2891.26618,0.04691
2889.33738,0.04705
2887.40858,0.04711
2885.47979,0.04685
2883.55099,0.04666
2881.62219,0.04689
2879.69340,0.04704
2877.76460,0.04682
2875.83580,0.04676
2873.90701,0.04705
2871.97821,0.04731
2870.04941,0.04751
2868.12062,0.04793
2866.19182,0.04847
2864.26302,0.04887
2862.33423,0.04911
2860.40543,0.04934
2858.47663,0.04972
2856.54784,0.05006
2854.61904,0.05020
2852.69024,0.05025
2850.76145,0.05018
2848.83265,0.05003
2846.90385,0.04981
2844.97506,0.04949
2843.04626,0.04916
2841.11746,0.04877
2839.18867,0.04844
2837.25987,0.04848
2835.33107,0.04888
2833.40228,0.04919
2831.47348,0.04917
2829.54468,0.04904
2827.61589,0.04905
2825.68709,0.04912
2823.75829,0.04921
2821.82950,0.04937
2819.90070,0.04935
2817.97190,0.04899
2816.04311,0.04863
2814.11431,0.04869
2812.18551,0.04891
2810.25672,0.04897
2808.32792,0.04895
2806.39912,0.04890
2804.47033,0.04879
2802.54153,0.04868
2800.61273,0.04854
2798.68394,0.04827
2796.75514,0.04798
2794.82634,0.04768
2792.89755,0.04731
2790.96875,0.04701
2789.03995,0.04697
2787.11116,0.04702
2785.18236,0.04698
2783.25356,0.04690
2781.32477,0.04665
2779.39597,0.04621
2777.46717,0.04589
2775.53838,0.04583
2773.60958,0.04596
2771.68078,0.04613
2769.75199,0.04622
2767.82319,0.04632
2765.89439,0.04642
2763.96560,0.04631
2762.03680,0.04607
2760.10800,0.04600
2758.17921,0.04604
2756.25041,0.04602
2754.32161,0.04584
2752.39282,0.04546
2750.46402,0.04506
2748.53522,0.04491
2746.60643,0.04504
2744.67763,0.04523
2742.74883,0.04537
2740.82004,0.04546
2738.89124,0.04537
2736.96244,0.04523
2735.03365,0.04531
2733.10485,0.04548
2731.17605,0.04552
2729.24726,0.04551
2727.31846,0.04545
2725.38967,0.04523
2723.46087,0.04496
2721.53207,0.04490
2719.60328,0.04508
2717.67448,0.04523
2715.74568,0.04525
2713.81689,0.04522
2711.88809,0.04517
2709.95929,0.04507
2708.03050,0.04493
2706.10170,0.04487
2704.17290,0.04488
2702.24411,0.04489
2700.31531,0.04498
2698.38651,0.04512
2696.45772,0.04511
2694.52892,0.04502
2692.60012,0.04504
2690.67133,0.04510
2688.74253,0.04506
2686.81373,0.04495
2684.88494,0.04488
2682.95614,0.04487
2681.02734,0.04487
2679.09855,0.04493
2677.16975,0.04500
2675.24095,0.04499
2673.31216,0.04488
2671.38336,0.04473
2669.45456,0.04470
2667.52577,0.04484
2665.59697,0.04494
2663.66817,0.04491
2661.73938,0.04483
2659.81058,0.04471
2657.88178,0.04456
2655.95299,0.04443
2654.02419,0.04444
2652.09539,0.04463
2650.16660,0.04480
2648.23780,0.04482
2646.30900,0.04469
2644.38021,0.04455
2642.45141,0.04470
2640.52261,0.04488
2638.59382,0.04474
2636.66502,0.04463
2634.73622,0.04473
2632.80743,0.04485
2630.87863,0.04512
2628.94983,0.04551
2627.02104,0.04565
2625.09224,0.04563
2623.16344,0.04556
2621.23465,0.04548
2619.30585,0.04551
2617.37705,0.04553
2615.44826,0.04552
2613.51946,0.04568
2611.59066,0.04588
2609.66187,0.04594
2607.73307,0.04586
2605.80427,0.04570
2603.87548,0.04570
2601.94668,0.04581
2600.01788,0.04587
2598.08909,0.04610
2596.16029,0.04642
2594.23149,0.04640
2592.30270,0.04624
2590.37390,0.04651
2588.44510,0.04689
2586.51631,0.04650
2584.58751,0.04570
2582.65871,0.04529
2580.72992,0.04505
2578.80112,0.04504
2576.87232,0.04559
2574.94353,0.04600
2573.01473,0.04577
2571.08593,0.04560
2569.15714,0.04571
2567.22834,0.04575
2565.29954,0.04562
2563.37075,0.04534
2561.44195,0.04516
2559.51315,0.04524
2557.58436,0.04515
2555.65556,0.04481
2553.72676,0.04461
2551.79797,0.04462
2549.86917,0.04481
2547.94037,0.04497
2546.01158,0.04497
2544.08278,0.04512
2542.15398,0.04516
2540.22519,0.04481
2538.29639,0.04453
2536.36759,0.04454
2534.43880,0.04466
2532.51000,0.04476
2530.58120,0.04471
2528.65241,0.04470
2526.72361,0.04476
2524.79481,0.04447
2522.86602,0.04407
2520.93722,0.04428
2519.00842,0.04479
2517.07963,0.04494
2515.15083,0.04483
2513.22203,0.04469
2511.29324,0.04446
2509.36444,0.04413
2507.43564,0.04385
2505.50685,0.04375
2503.57805,0.04371
2501.64925,0.04356
2499.72046,0.04356
2497.79166,0.04370
2495.86286,0.04366
2493.93407,0.04373
2492.00527,0.04381
2490.07647,0.04346
2488.14768,0.04324
2486.21888,0.04354
2484.29008,0.04378
2482.36129,0.04373
2480.43249,0.04377
2478.50369,0.04416
2476.57490,0.04457
2474.64610,0.04459
2472.71730,0.04419
2470.78851,0.04368
2468.85971,0.04340
2466.93091,0.04349
2465.00212,0.04376
2463.07332,0.04397
2461.14452,0.04411
2459.21573,0.04407
2457.28693,0.04367
2455.35813,0.04294
2453.42934,0.04238
2451.50054,0.04230
2449.57174,0.04233
2447.64295,0.04210
2445.71415,0.04185
2443.78535,0.04185
2441.85656,0.04191
2439.92776,0.04200
2437.99896,0.04216
2436.07017,0.04213
2434.14137,0.04209
2432.21257,0.04224
2430.28378,0.04228
2428.35498,0.04226
2426.42618,0.04239
2424.49739,0.04251
2422.56859,0.04233
2420.63979,0.04180
2418.71100,0.04122
2416.78220,0.04100
2414.85340,0.04108
2412.92461,0.04112
2410.99581,0.04093
2409.06701,0.04064
2407.13822,0.04041
2405.20942,0.04008
2403.28062,0.03968
2401.35183,0.03938
2399.42303,0.03886
2397.49423,0.03823
2395.56544,0.03810
2393.63664,0.03843
2391.70784,0.03887
2389.77905,0.03970
2387.85025,0.04163
2385.92145,0.04551
2383.99266,0.05202
2382.06386,0.06140
2380.13506,0.07320
2378.20627,0.08626
2376.27747,0.09952
2374.34867,0.11287
2372.41988,0.12653
2370.49108,0.14017
2368.56228,0.15306
2366.63349,0.16459
2364.70469,0.17400
2362.77589,0.18010
2360.84710,0.18220
2358.91830,0.17992
2356.98951,0.17260
2355.06071,0.16019
2353.13191,0.14367
2351.20312,0.12698
2349.27432,0.11814
2347.34552,0.12200
2345.41673,0.13388
2343.48793,0.14206
2341.55913,0.14307
2339.63034,0.14127
2337.70154,0.13855
2335.77274,0.13601
2333.84395,0.13544
2331.91515,0.13600
2329.98635,0.13428
2328.05756,0.12994
2326.12876,0.12605
2324.19996,0.12372
2322.27117,0.12057
2320.34237,0.11416
2318.41357,0.10562
2316.48478,0.09824
2314.55598,0.09364
2312.62718,0.09042
2310.69839,0.08642
2308.76959,0.08106
2306.84079,0.07511
2304.91200,0.06956
2302.98320,0.06498
2301.05440,0.06132
2299.12561,0.05830
2297.19681,0.05564
2295.26801,0.05318
2293.33922,0.05088
2291.41042,0.04879
2289.48162,0.04689
2287.55283,0.04525
2285.62403,0.04416
2283.69523,0.04370
2281.76644,0.04364
2279.83764,0.04404
2277.90884,0.04499
2275.98005,0.04574
2274.05125,0.04547
2272.12245,0.04497
2270.19366,0.04556
2268.26486,0.04687
2266.33606,0.04765
2264.40727,0.04781
2262.47847,0.04807
2260.54967,0.04849
2258.62088,0.04903
2256.69208,0.04943
2254.76328,0.04878
2252.83449,0.04759
2250.90569,0.04689
2248.97689,0.04660
2247.04810,0.04653
2245.11930,0.04667
2243.19050,0.04708
2241.26171,0.04801
2239.33291,0.04926
2237.40411,0.05023
2235.47532,0.05065
2233.54652,0.05028
2231.61772,0.04907
2229.68893,0.04856
2227.76013,0.04988
2225.83133,0.05130
2223.90254,0.05142
2221.97374,0.05158
2220.04494,0.05288
2218.11615,0.05419
2216.18735,0.05419
2214.25855,0.05319
2212.32976,0.05276
2210.40096,0.05395
2208.47216,0.05507
2206.54337,0.05378
2204.61457,0.05141
2202.68577,0.05065
2200.75698,0.05180
2198.82818,0.05349
2196.89938,0.05390
2194.97059,0.05329
2193.04179,0.05413
2191.11299,0.05629
2189.18420,0.05809
2187.25540,0.05934
2185.32660,0.05962
2183.39781,0.05882
2181.46901,0.05848
2179.54021,0.05917
2177.61142,0.06016
2175.68262,0.06097
2173.75382,0.06081
2171.82503,0.06001
2169.89623,0.05990
2167.96743,0.06041
2166.03864,0.06206
2164.10984,0.06594
2162.18104,0.07136
2160.25225,0.07582
2158.32345,0.07526
2156.39465,0.07051
2154.46586,0.06686
2152.53706,0.06474
2150.60826,0.06171
2148.67947,0.05758
2146.75067,0.05385
2144.82187,0.05139
2142.89308,0.04932
2140.96428,0.04682
2139.03548,0.04507
2137.10669,0.04440
2135.17789,0.04329
2133.24909,0.04157
2131.32030,0.04021
2129.39150,0.03934
2127.46270,0.03867
2125.53391,0.03814
2123.60511,0.03746
2121.67631,0.03639
2119.74752,0.03544
2117.81872,0.03517
2115.88992,0.03548
2113.96113,0.03565
2112.03233,0.03546
2110.10353,0.03553
2108.17474,0.03595
2106.24594,0.03608
2104.31714,0.03589
2102.38835,0.03598
2100.45955,0.03621
2098.53075,0.03596
2096.60196,0.03531
2094.67316,0.03473
2092.74436,0.03451
2090.81557,0.03460
2088.88677,0.03469
2086.95797,0.03492
2085.02918,0.03551
2083.10038,0.03621
2081.17158,0.03677
2079.24279,0.03703
2077.31399,0.03711
2075.38519,0.03732
2073.45640,0.03746
2071.52760,0.03746
2069.59880,0.03767
2067.67001,0.03830
2065.74121,0.03883
2063.81241,0.03867
2061.88362,0.03824
2059.95482,0.03841
2058.02602,0.03888
2056.09723,0.03854
2054.16843,0.03784
2052.23963,0.03860
2050.31084,0.04091
2048.38204,0.04331
2046.45324,0.04517
2044.52445,0.04612
2042.59565,0.04598
2040.66685,0.04616
2038.73806,0.04713
2036.80926,0.04806
2034.88046,0.04905
2032.95167,0.04983
2031.02287,0.04961
2029.09407,0.04912
2027.16528,0.04959
2025.23648,0.05005
2023.30768,0.04886
2021.37889,0.04655
2019.45009,0.04591
2017.52129,0.04809
2015.59250,0.04962
2013.66370,0.04817
2011.73490,0.04579
2009.80611,0.04407
2007.87731,0.04190
2005.94851,0.03903
2004.01972,0.03799
2002.09092,0.03986
2000.16212,0.04219
1998.23333,0.04262
1996.30453,0.04181
1994.37574,0.04146
1992.44694,0.04150
1990.51814,0.04115
1988.58935,0.04083
1986.66055,0.04079
1984.73175,0.04059
1982.80296,0.04037
1980.87416,0.04075
1978.94536,0.04152
1977.01657,0.04120
1975.08777,0.04016
1973.15897,0.03972
1971.23018,0.03950
1969.30138,0.03996
1967.37258,0.04082
1965.44379,0.04005
1963.51499,0.03777
1961.58619,0.03595
1959.65740,0.03508
1957.72860,0.03472
1955.79980,0.03461
1953.87101,0.03449
1951.94221,0.03428
1950.01341,0.03396
1948.08462,0.03355
1946.15582,0.03375
1944.22702,0.03494
1942.29823,0.03550
1940.36943,0.03384
1938.44063,0.03143
1936.51184,0.03034
1934.58304,0.03056
1932.65424,0.03057
1930.72545,0.03012
1928.79665,0.02997
1926.86785,0.03055
1924.93906,0.03193
1923.01026,0.03289
1921.08146,0.03308
1919.15267,0.03339
1917.22387,0.03255
1915.29507,0.03033
1913.36628,0.02935
1911.43748,0.03017
1909.50868,0.03076
1907.57989,0.02986
1905.65109,0.02837
1903.72229,0.02751
1901.79350,0.02720
1899.86470,0.02723
1897.93590,0.02800
1896.00711,0.02908
1894.07831,0.02959
1892.14951,0.03047
1890.22072,0.03196
1888.29192,0.03180
1886.36312,0.03023
1884.43433,0.02923
1882.50553,0.02888
1880.57673,0.02881
1878.64794,0.02879
1876.71914,0.02867
1874.79034,0.02869
1872.86155,0.03008
1870.93275,0.03378
1869.00395,0.03658
1867.07516,0.03448
1865.14636,0.03031
1863.21756,0.02800
1861.28877,0.02734
1859.35997,0.02707
1857.43117,0.02672
1855.50238,0.02637
1853.57358,0.02636
1851.64478,0.02704
1849.71599,0.02876
1847.78719,0.03175
1845.85839,0.03544
1843.92960,0.03617
1842.00080,0.03253
1840.07200,0.02953
1838.14321,0.02903
1836.21441,0.02905
1834.28561,0.02954
1832.35682,0.03246
1830.42802,0.03592
1828.49922,0.03614
1826.57043,0.03484
1824.64163,0.03320
1822.71283,0.03029
1820.78404,0.02804
1818.85524,0.02756
1816.92644,0.02749
1814.99765,0.02763
1813.06885,0.02895
1811.14005,0.03028
1809.21126,0.02967
1807.28246,0.02812
1805.35366,0.02814
1803.42487,0.03063
1801.49607,0.03339
1799.56727,0.03358
1797.63848,0.03251
1795.70968,0.03366
1793.78088,0.03737
1791.85209,0.03851
1789.92329,0.03431
1787.99449,0.03070
1786.06570,0.03065
1784.13690,0.03171
1782.20810,0.03255
1780.27931,0.03272
1778.35051,0.03206
1776.42171,0.03315
1774.49292,0.03761
1772.56412,0.04171
1770.63532,0.04057
1768.70653,0.03623
1766.77773,0.03197
1764.84893,0.03049
1762.92014,0.03224
1760.99134,0.03319
1759.06254,0.03257
1757.13375,0.03210
1755.20495,0.03167
1753.27615,0.03413
1751.34736,0.04005
1749.41856,0.04295
1747.48976,0.04057
1745.56097,0.03776
1743.63217,0.03697
1741.70337,0.03744
1739.77458,0.03731
1737.84578,0.03758
1735.91698,0.04202
1733.98819,0.04668
1732.05939,0.04317
1730.13059,0.03662
1728.20180,0.03169
1726.27300,0.02935
1724.34420,0.02962
1722.41541,0.03155
1720.48661,0.03734
1718.55781,0.04687
1716.62902,0.05084
1714.70022,0.04536
1712.77142,0.03881
1710.84263,0.03645
1708.91383,0.03926
1706.98503,0.04573
1705.05624,0.05198
1703.12744,0.05865
1701.19864,0.06943
1699.26985,0.07855
1697.34105,0.08196
1695.41225,0.08330
1693.48346,0.08424
1691.55466,0.09011
1689.62586,0.10235
1687.69707,0.11802
1685.76827,0.13907
1683.83947,0.16080
1681.91068,0.16968
1679.98188,0.17461
1678.05308,0.18508
1676.12429,0.20092
1674.19549,0.21655
1672.26669,0.22938
1670.33790,0.24191
1668.40910,0.24937
1666.48030,0.25139
1664.55151,0.25594
1662.62271,0.26163
1660.69391,0.26279
1658.76512,0.26303
1656.83632,0.26894
1654.90752,0.28210
1652.97873,0.29006
1651.04993,0.28408
1649.12113,0.28346
1647.19234,0.28940
1645.26354,0.29083
1643.33474,0.29087
1641.40595,0.29814
1639.47715,0.31348
1637.54835,0.33586
1635.61956,0.35932
1633.69076,0.37258
1631.76197,0.38234
1629.83317,0.39750
1627.90437,0.41480
1625.97558,0.42889
1624.04678,0.43877
1622.11798,0.44224
1620.18919,0.44220
1618.26039,0.44366
1616.33159,0.44161
1614.40280,0.43411
1612.47400,0.42947
1610.54520,0.43020
1608.61641,0.43410
1606.68761,0.43970
1604.75881,0.44751
1602.83002,0.45705
1600.90122,0.46663
1598.97242,0.47550
1597.04363,0.48310
1595.11483,0.48766
1593.18603,0.48748
1591.25724,0.48272
1589.32844,0.47371
1587.39964,0.46066
1585.47085,0.44443
1583.54205,0.42588
1581.61325,0.40654
1579.68446,0.38979
1577.75566,0.37420
1575.82686,0.35097
1573.89807,0.32577
1571.96927,0.30850
1570.04047,0.29268
1568.11168,0.27318
1566.18288,0.25523
1564.25408,0.24226
1562.32529,0.23774
1560.39649,0.24129
1558.46769,0.23389
1556.53890,0.21166
1554.61010,0.19379
1552.68130,0.18185
1550.75251,0.17339
1548.82371,0.16637
1546.89491,0.16312
1544.96612,0.16569
1543.03732,0.17092
1541.10852,0.17251
1539.17973,0.16097
1537.25093,0.14630
1535.32213,0.14069
1533.39334,0.13810
1531.46454,0.13199
1529.53574,0.12813
1527.60695,0.12909
1525.67815,0.13078
1523.74935,0.13286
1521.82056,0.13427
1519.89176,0.13121
1517.96296,0.12656
1516.03417,0.12103
1514.10537,0.11523
1512.17657,0.11455
1510.24778,0.12182
1508.31898,0.13313
1506.39018,0.13201
1504.46139,0.11730
1502.53259,0.10954
1500.60379,0.11167
1498.67500,0.11833
1496.74620,0.12251
1494.81740,0.12310
1492.88861,0.12785
1490.95981,0.13991
1489.03101,0.15107
1487.10222,0.15487
1485.17342,0.15781
1483.24462,0.16541
1481.31583,0.17702
1479.38703,0.19076
1477.45823,0.20743
1475.52944,0.22701
1473.60064,0.24524
1471.67184,0.25511
1469.74305,0.25788
1467.81425,0.26304
1465.88545,0.27189
1463.95666,0.27721
1462.02786,0.27903
1460.09906,0.28458
1458.17027,0.29088
1456.24147,0.28229
1454.31267,0.26314
1452.38388,0.24730
1450.45508,0.23536
1448.52628,0.22366
1446.59749,0.20905
1444.66869,0.19379
1442.73989,0.18076
1440.81110,0.17117
1438.88230,0.16590
1436.95350,0.15993
1435.02471,0.14810
1433.09591,0.13687
1431.16711,0.12944
1429.23832,0.12217
1427.30952,0.11510
1425.38072,0.11065
1423.45193,0.10793
1421.52313,0.10728
1419.59433,0.10796
1417.66554,0.10319
1415.73674,0.09401
1413.80794,0.08738
1411.87915,0.08404
1409.95035,0.08179
1408.02155,0.08066
1406.09276,0.08073
1404.16396,0.07958
1402.23516,0.07811
1400.30637,0.07940
1398.37757,0.08177
1396.44877,0.08219
1394.51998,0.07935
1392.59118,0.07423
1390.66238,0.07162
1388.73359,0.07261
1386.80479,0.07227
1384.87599,0.06870
1382.94720,0.06577
1381.01840,0.06500
1379.08960,0.06525
1377.16081,0.06644
1375.23201,0.06796
1373.30321,0.06683
1371.37442,0.06358
1369.44562,0.06149
1367.51682,0.06080
1365.58803,0.06194
1363.65923,0.06468
1361.73043,0.06472
1359.80164,0.06126
1357.87284,0.05849
1355.94404,0.05763
1354.01525,0.05726
1352.08645,0.05689
1350.15765,0.05680
1348.22886,0.05675
1346.30006,0.05660
1344.37126,0.05711
1342.44247,0.05958
1340.51367,0.06310
1338.58487,0.06384
1336.65608,0.06106
1334.72728,0.05806
1332.79848,0.05653
1330.86969,0.05591
1328.94089,0.05548
1327.01209,0.05504
1325.08330,0.05465
1323.15450,0.05457
1321.22570,0.05507
1319.29691,0.05564
1317.36811,0.05546
1315.43931,0.05486
1313.51052,0.05435
1311.58172,0.05366
1309.65292,0.05301
1307.72413,0.05269
1305.79533,0.05252
1303.86653,0.05249
1301.93774,0.05269
1300.00894,0.05302
1298.08014,0.05341
1296.15135,0.05367
1294.22255,0.05371
1292.29375,0.05380
1290.36496,0.05411
1288.43616,0.05436
1286.50736,0.05417
1284.57857,0.05374
1282.64977,0.05347
1280.72097,0.05328
1278.79218,0.05299
1276.86338,0.05267
1274.93458,0.05259
1273.00579,0.05281
1271.07699,0.05294
1269.14820,0.05276
1267.21940,0.05254
1265.29060,0.05254
1263.36181,0.05272
1261.43301,0.05297
1259.50421,0.05306
1257.57542,0.05295
1255.64662,0.05293
1253.71782,0.05312
1251.78903,0.05346
1249.86023,0.05387
1247.93143,0.05429
1246.00264,0.05472
1244.07384,0.05515
1242.14504,0.05547
1240.21625,0.05565
1238.28745,0.05575
1236.35865,0.05583
1234.42986,0.05586
1232.50106,0.05592
1230.57226,0.05606
1228.64347,0.05621
1226.71467,0.05629
1224.78587,0.05628
1222.85708,0.05628
1220.92828,0.05647
1218.99948,0.05685
1217.07069,0.05730
1215.14189,0.05776
1213.21309,0.05828
1211.28430,0.05892
1209.35550,0.05966
1207.42670,0.06051
1205.49791,0.06150
1203.56911,0.06259
1201.64031,0.06374
1199.71152,0.06504
1197.78272,0.06651
1195.85392,0.06807
1193.92513,0.06971
1191.99633,0.07156
1190.06753,0.07369
1188.13874,0.07604
1186.20994,0.07840
1184.28114,0.08080
1182.35235,0.08346
1180.42355,0.08663
1178.49475,0.09031
1176.56596,0.09435
1174.63716,0.09862
1172.70836,0.10304
1170.77957,0.10766
1168.85077,0.11245
1166.92197,0.11726
1164.99318,0.12181
1163.06438,0.12587
1161.13558,0.12910
1159.20679,0.13121
1157.27799,0.13211
1155.34919,0.13177
1153.42040,0.13025
1151.49160,0.12775
1149.56280,0.12439
1147.63401,0.12033
1145.70521,0.11583
1143.77641,0.11111
1141.84762,0.10637
1139.91882,0.10178
1137.99002,0.09736
1136.06123,0.09316
1134.13243,0.08923
1132.20363,0.08564
1130.27484,0.08251
1128.34604,0.07980
1126.41724,0.07738
1124.48845,0.07521
1122.55965,0.07336
1120.63085,0.07185
1118.70206,0.07060
1116.77326,0.06950
1114.84446,0.06860
1112.91567,0.06794
1110.98687,0.06742
1109.05807,0.06703
1107.12928,0.06680
1105.20048,0.06669
1103.27168,0.06664
1101.34289,0.06664
1099.41409,0.06670
1097.48529,0.06680
1095.55650,0.06694
1093.62770,0.06715
1091.69890,0.06740
1089.77011,0.06766
1087.84131,0.06791
1085.91251,0.06806
1083.98372,0.06812
1082.05492,0.06822
1080.12612,0.06837
1078.19733,0.06857
1076.26853,0.06880
1074.33973,0.06905
1072.41094,0.06934
1070.48214,0.06964
1068.55334,0.06986
1066.62455,0.07002
1064.69575,0.07020
1062.76695,0.07031
1060.83816,0.07017
1058.90936,0.06988
1056.98056,0.06965
1055.05177,0.06941
1053.12297,0.06904
1051.19417,0.06858
1049.26538,0.06807
1047.33658,0.06754
1045.40778,0.06703
1043.47899,0.06647
1041.55019,0.06572
1039.62139,0.06484
1037.69260,0.06396
1035.76380,0.06311
1033.83500,0.06222
1031.90621,0.06133
1029.97741,0.06050
1028.04861,0.05966
1026.11982,0.05880
1024.19102,0.05812
1022.26222,0.05764
1020.33343,0.05720
1018.40463,0.05678
1016.47583,0.05654
1014.54704,0.05649
1012.61824,0.05650
1010.68944,0.05646
1008.76065,0.05628
1006.83185,0.05597
1004.90305,0.05552
1002.97426,0.05500
1001.04546,0.05453
999.11666,0.05414
997.18787,0.05380
995.25907,0.05342
993.33027,0.05300
991.40148,0.05257
989.47268,0.05213
987.54388,0.05154
985.61509,0.05084
983.68629,0.05019
981.75749,0.04958
979.82870,0.04888
977.89990,0.04809
975.97110,0.04732
974.04231,0.04668
972.11351,0.04615
970.18471,0.04570
968.25592,0.04544
966.32712,0.04537
964.39832,0.04538
962.46953,0.04535
960.54073,0.04522
958.61193,0.04498
956.68314,0.04468
954.75434,0.04444
952.82554,0.04440
950.89675,0.04445
948.96795,0.04431
947.03915,0.04397
945.11036,0.04358
943.18156,0.04312
941.25276,0.04253
939.32397,0.04185
937.39517,0.04118
935.46637,0.04048
933.53758,0.03970
931.60878,0.03888
929.67998,0.03813
927.75119,0.03755
925.82239,0.03703
923.89359,0.03636
921.96480,0.03556
920.03600,0.03489
918.10720,0.03445
916.17841,0.03415
914.24961,0.03390
912.32081,0.03374
910.39202,0.03367
908.46322,0.03355
906.53443,0.03331
904.60563,0.03308
902.67683,0.03299
900.74804,0.03299
898.81924,0.03284
896.89044,0.03245
894.96165,0.03192
893.03285,0.03136
891.10405,0.03071
889.17526,0.02997
887.24646,0.02914
885.31766,0.02818
883.38887,0.02721
881.46007,0.02635
879.53127,0.02556
877.60248,0.02485
875.67368,0.02422
873.74488,0.02366
871.81609,0.02320
869.88729,0.02285
867.95849,0.02254
866.02970,0.02234
864.10090,0.02235
862.17210,0.02242
860.24331,0.02240
858.31451,0.02233
856.38571,0.02233
854.45692,0.02245
852.52812,0.02261
850.59932,0.02258
848.67053,0.02235
846.74173,0.02213
844.81293,0.02195
842.88414,0.02161
840.95534,0.02116
839.02654,0.02074
837.09775,0.02032
835.16895,0.01983
833.24015,0.01933
831.31136,0.01891
829.38256,0.01854
827.45376,0.01821
825.52497,0.01798
823.59617,0.01802
821.66737,0.01826
819.73858,0.01847
817.80978,0.01870
815.88098,0.01913
813.95219,0.01968
812.02339,0.02023
810.09459,0.02085
808.16580,0.02160
806.23700,0.02233
804.30820,0.02311
802.37941,0.02412
800.45061,0.02515
798.52181,0.02610
796.59302,0.02711
794.66422,0.02800
792.73542,0.02858
790.80663,0.02911
788.87783,0.02979
786.94903,0.03045
785.02024,0.03067
783.09144,0.03024
781.16264,0.02933
779.23385,0.02812
777.30505,0.02660
775.37625,0.02513
773.44746,0.02422
771.51866,0.02385
769.58986,0.02362
767.66107,0.02336
765.73227,0.02320
763.80347,0.02320
761.87468,0.02327
759.94588,0.02354
758.01708,0.02405
756.08829,0.02454
754.15949,0.02479
752.23069,0.02503
750.30190,0.02525
748.37310,0.02514
