3496.90832,0.07009
3494.97953,0.06170
3493.05073,0.05299
3491.12193,0.05392
3489.19314,0.06362
3487.26434,0.07143
3485.33554,0.07099
3483.40675,0.06999
3481.47795,0.07033
3479.54915,0.06635
3477.62036,0.06298
3475.69156,0.06554
3473.76276,0.07006
3471.83397,0.07026
3469.90517,0.06782
3467.97637,0.06988
3466.04758,0.07488
3464.11878,0.07712
3462.18998,0.07662
3460.26119,0.07285
3458.33239,0.06485
3456.40359,0.06030
3454.47480,0.06520
3452.54600,0.06882
3450.61721,0.06175
3448.68841,0.05308
3446.75961,0.05311
3444.83082,0.05851
3442.90202,0.06389
3440.97322,0.06647
3439.04443,0.06093
3437.11563,0.05178
3435.18683,0.04897
3433.25804,0.05208
3431.32924,0.05569
3429.40044,0.06026
3427.47165,0.06732
3425.54285,0.06984
3423.61405,0.06332
3421.68526,0.05488
3419.75646,0.05266
3417.82766,0.05861
3415.89887,0.06488
3413.97007,0.06233
3412.04127,0.05152
3410.11248,0.03952
3408.18368,0.03316
3406.25488,0.03216
3404.32609,0.03186
3402.39729,0.03364
3400.46849,0.03969
3398.53970,0.04531
3396.61090,0.04577
3394.68210,0.04491
3392.75331,0.04698
3390.82451,0.04783
3388.89571,0.04711
3386.96692,0.04897
3385.03812,0.04826
3383.10932,0.04439
3381.18053,0.04785
3379.25173,0.05782
3377.32293,0.06164
3375.39414,0.05446
3373.46534,0.04546
3371.53654,0.04591
3369.60775,0.05509
3367.67895,0.06696
3365.75015,0.07493
3363.82136,0.07354
3361.89256,0.06505
3359.96376,0.05350
3358.03497,0.04483
3356.10617,0.04932
3354.17737,0.06428
3352.24858,0.07197
3350.31978,0.06835
3348.39098,0.06493
3346.46219,0.06517
3344.53339,0.06708
3342.60459,0.07089
3340.67580,0.07414
3338.74700,0.07327
3336.81820,0.06602
3334.88941,0.05414
3332.96061,0.04595
3331.03181,0.04747
3329.10302,0.05469
3327.17422,0.05836
3325.24542,0.05596
3323.31663,0.05119
3321.38783,0.04916
3319.45903,0.05255
3317.53024,0.05282
3315.60144,0.04295
3313.67264,0.03158
3311.74385,0.02726
3309.81505,0.03231
3307.88625,0.04598
3305.95746,0.05389
3304.02866,0.04877
3302.09986,0.04400
3300.17107,0.04203
3298.24227,0.03523
3296.31347,0.02824
3294.38468,0.02653
3292.45588,0.02640
3290.52708,0.02463
3288.59829,0.02515
3286.66949,0.02865
3284.74069,0.03044
3282.81190,0.03134
3280.88310,0.03458
3278.95430,0.03894
3277.02551,0.04189
3275.09671,0.04280
3273.16791,0.04209
3271.23912,0.03882
3269.31032,0.03163
3267.38152,0.02426
3265.45273,0.02425
3263.52393,0.03208
3261.59513,0.04173
3259.66634,0.04799
3257.73754,0.04827
3255.80874,0.04754
3253.87995,0.04943
3251.95115,0.04843
3250.02235,0.04503
3248.09356,0.04203
3246.16476,0.03853
3244.23596,0.03833
3242.30717,0.03766
3240.37837,0.03231
3238.44957,0.03202
3236.52078,0.03904
3234.59198,0.04516
3232.66318,0.04787
3230.73439,0.04841
3228.80559,0.04542
3226.87679,0.03818
3224.94800,0.03144
3223.01920,0.03171
3221.09040,0.03982
3219.16161,0.05037
3217.23281,0.05620
3215.30401,0.05452
3213.37522,0.05082
3211.44642,0.05198
3209.51762,0.05650
3207.58883,0.05785
3205.66003,0.05508
3203.73123,0.05351
3201.80244,0.05340
3199.87364,0.04935
3197.94484,0.04362
3196.01605,0.04278
3194.08725,0.04485
3192.15845,0.04577
3190.22966,0.04841
3188.30086,0.05243
3186.37206,0.05196
3184.44327,0.04912
3182.51447,0.04887
3180.58567,0.04887
3178.65688,0.04672
3176.72808,0.04351
3174.79928,0.04112
3172.87049,0.04013
3170.94169,0.03933
3169.01289,0.03751
3167.08410,0.03391
3165.15530,0.03225
3163.22650,0.03651
3161.29771,0.04167
3159.36891,0.04077
3157.44011,0.03604
3155.51132,0.03438
3153.58252,0.03726
3151.65372,0.04042
3149.72493,0.03981
3147.79613,0.03712
3145.86733,0.03684
3143.93854,0.03797
3142.00974,0.03689
3140.08094,0.03498
3138.15215,0.03557
3136.22335,0.03730
3134.29455,0.03673
3132.36576,0.03548
3130.43696,0.03615
3128.50816,0.03746
3126.57937,0.03808
3124.65057,0.03813
3122.72177,0.03849
3120.79298,0.03950
3118.86418,0.03978
3116.93538,0.03811
3115.00659,0.03545
3113.07779,0.03405
3111.14899,0.03421
3109.22020,0.03365
3107.29140,0.03274
3105.36260,0.03368
3103.43381,0.03539
3101.50501,0.03584
3099.57621,0.03497
3097.64742,0.03332
3095.71862,0.03196
3093.78982,0.03144
3091.86103,0.03122
3089.93223,0.03185
3088.00344,0.03348
3086.07464,0.03488
3084.14584,0.03606
3082.21705,0.03678
3080.28825,0.03624
3078.35945,0.03563
3076.43066,0.03571
3074.50186,0.03563
3072.57306,0.03531
3070.64427,0.03479
3068.71547,0.03338
3066.78667,0.03225
3064.85788,0.03294
3062.92908,0.03400
3061.00028,0.03392
3059.07149,0.03342
3057.14269,0.03355
3055.21389,0.03475
3053.28510,0.03598
3051.35630,0.03542
3049.42750,0.03345
3047.49871,0.03251
3045.56991,0.03339
3043.64111,0.03491
3041.71232,0.03623
3039.78352,0.03688
3037.85472,0.03735
3035.92593,0.03830
3033.99713,0.03886
3032.06833,0.03856
3030.13954,0.03825
3028.21074,0.03848
3026.28194,0.03893
3024.35315,0.03902
3022.42435,0.03884
3020.49555,0.03868
3018.56676,0.03847
3016.63796,0.03826
3014.70916,0.03849
3012.78037,0.03903
3010.85157,0.03902
3008.92277,0.03866
3006.99398,0.03902
3005.06518,0.03991
3003.13638,0.03994
3001.20759,0.03889
2999.27879,0.03793
2997.34999,0.03753
2995.42120,0.03796
2993.49240,0.03909
2991.56360,0.03986
2989.63481,0.04025
2987.70601,0.04056
2985.77721,0.04036
2983.84842,0.04009
2981.91962,0.04053
2979.99082,0.04134
2978.06203,0.04189
2976.13323,0.04226
2974.20443,0.04254
2972.27564,0.04283
2970.34684,0.04324
2968.41804,0.04319
2966.48925,0.04272
2964.56045,0.04248
2962.63165,0.04259
2960.70286,0.04303
2958.77406,0.04383
2956.84526,0.04464
2954.91647,0.04509
2952.98767,0.04517
2951.05887,0.04510
2949.13008,0.04523
2947.20128,0.04568
2945.27248,0.04593
2943.34369,0.04579
2941.41489,0.04578
2939.48609,0.04603
2937.55730,0.04633
2935.62850,0.04679
2933.69970,0.04756
2931.77091,0.04851
2929.84211,0.04920
2927.91331,0.04935
2925.98452,0.04951
2924.05572,0.04995
2922.12692,0.05017
2920.19813,0.04998
2918.26933,0.04975
2916.34053,0.04953
2914.41174,0.04908
2912.48294,0.04813
2910.55414,0.04678
2908.62535,0.04570
2906.69655,0.04537
2904.76775,0.04556
2902.83896,0.04570
2900.91016,0.04573
2898.98136,0.04589
2897.05257,0.04588
2895.12377,0.04558
2893.19497,0.04564
2891.26618,0.04605
2889.33738,0.04619
2887.40858,0.04592
2885.47979,0.04557
2883.55099,0.04556
2881.62219,0.04604
2879.69340,0.04666
2877.76460,0.04705
2875.83580,0.04723
2873.90701,0.04729
2871.97821,0.04721
2870.04941,0.04707
2868.12062,0.04696
2866.19182,0.04697
2864.26302,0.04724
2862.33423,0.04770
2860.40543,0.04815
2858.47663,0.04853
2856.54784,0.04872
2854.61904,0.04878
2852.69024,0.04887
2850.76145,0.04893
2848.83265,0.04884
2846.90385,0.04860
2844.97506,0.04834
2843.04626,0.04817
2841.11746,0.04801
2839.18867,0.04786
2837.25987,0.04784
2835.33107,0.04807
2833.40228,0.04845
2831.47348,0.04868
2829.54468,0.04862
2827.61589,0.04843
2825.68709,0.04828
2823.75829,0.04831
2821.82950,0.04845
2819.90070,0.04846
2817.97190,0.04818
2816.04311,0.04778
2814.11431,0.04749
2812.18551,0.04740
2810.25672,0.04747
2808.32792,0.04739
2806.39912,0.04718
2804.47033,0.04713
2802.54153,0.04723
2800.61273,0.04726
2798.68394,0.04720
2796.75514,0.04704
2794.82634,0.04674
2792.89755,0.04643
2790.96875,0.04637
2789.03995,0.04652
2787.11116,0.04659
2785.18236,0.04653
2783.25356,0.04643
2781.32477,0.04627
2779.39597,0.04601
2777.46717,0.04566
2775.53838,0.04523
2773.60958,0.04503
2771.68078,0.04504
2769.75199,0.04498
2767.82319,0.04497
2765.89439,0.04511
2763.96560,0.04504
2762.03680,0.04472
2760.10800,0.04451
2758.17921,0.04440
2756.25041,0.04430
2754.32161,0.04421
2752.39282,0.04397
2750.46402,0.04375
2748.53522,0.04385
2746.60643,0.04404
2744.67763,0.04405
2742.74883,0.04402
2740.82004,0.04407
2738.89124,0.04412
2736.96244,0.04428
2735.03365,0.04452
2733.10485,0.04468
2731.17605,0.04476
2729.24726,0.04478
2727.31846,0.04483
2725.38967,0.04491
2723.46087,0.04489
2721.53207,0.04482
2719.60328,0.04479
2717.67448,0.04467
2715.74568,0.04447
2713.81689,0.04435
2711.88809,0.04428
2709.95929,0.04405
2708.03050,0.04368
2706.10170,0.04356
2704.17290,0.04376
2702.24411,0.04389
2700.31531,0.04384
2698.38651,0.04389
2696.45772,0.04398
2694.52892,0.04396
2692.60012,0.04397
2690.67133,0.04404
2688.74253,0.04411
2686.81373,0.04419
2684.88494,0.04428
2682.95614,0.04435
2681.02734,0.04436
2679.09855,0.04441
2677.16975,0.04445
2675.24095,0.04436
2673.31216,0.04420
2671.38336,0.04403
2669.45456,0.04390
2667.52577,0.04385
2665.59697,0.04380
2663.66817,0.04370
2661.73938,0.04352
2659.81058,0.04322
2657.88178,0.04305
2655.95299,0.04314
2654.02419,0.04329
2652.09539,0.04343
2650.16660,0.04355
2648.23780,0.04355
2646.30900,0.04343
2644.38021,0.04344
2642.45141,0.04374
2640.52261,0.04403
2638.59382,0.04413
2636.66502,0.04431
2634.73622,0.04461
2632.80743,0.04470
2630.87863,0.04462
2628.94983,0.04462
2627.02104,0.04465
2625.09224,0.04461
2623.16344,0.04466
2621.23465,0.04481
2619.30585,0.04489
2617.37705,0.04478
2615.44826,0.04466
2613.51946,0.04468
2611.59066,0.04465
2609.66187,0.04444
2607.73307,0.04411
2605.80427,0.04378
2603.87548,0.04386
2601.94668,0.04441
2600.01788,0.04470
2598.08909,0.04463
2596.16029,0.04465
2594.23149,0.04479
2592.30270,0.04511
2590.37390,0.04569
2588.44510,0.04593
2586.51631,0.04553
2584.58751,0.04505
2582.65871,0.04492
2580.72992,0.04488
2578.80112,0.04484
2576.87232,0.04496
2574.94353,0.04504
2573.01473,0.04487
2571.08593,0.04476
2569.15714,0.04476
2567.22834,0.04456
2565.29954,0.04426
2563.37075,0.04412
2561.44195,0.04417
2559.51315,0.04406
2557.58436,0.04360
2555.65556,0.04349
2553.72676,0.04386
2551.79797,0.04406
2549.86917,0.04431
2547.94037,0.04484
2546.01158,0.04514
2544.08278,0.04520
2542.15398,0.04529
2540.22519,0.04523
2538.29639,0.04493
2536.36759,0.04463
2534.43880,0.04463
2532.51000,0.04477
2530.58120,0.04452
2528.65241,0.04398
2526.72361,0.04372
2524.79481,0.04382
2522.86602,0.04383
2520.93722,0.04370
2519.00842,0.04360
2517.07963,0.04347
2515.15083,0.04350
2513.22203,0.04372
2511.29324,0.04351
2509.36444,0.04285
2507.43564,0.04260
2505.50685,0.04293
2503.57805,0.04332
2501.64925,0.04355
2499.72046,0.04364
2497.79166,0.04352
2495.86286,0.04328
2493.93407,0.04316
2492.00527,0.04294
2490.07647,0.04248
2488.14768,0.04250
2486.21888,0.04318
2484.29008,0.04374
2482.36129,0.04379
2480.43249,0.04376
2478.50369,0.04389
2476.57490,0.04401
2474.64610,0.04388
2472.71730,0.04335
2470.78851,0.04273
2468.85971,0.04245
2466.93091,0.04245
2465.00212,0.04267
2463.07332,0.04284
2461.14452,0.04246
2459.21573,0.04188
2457.28693,0.04183
2455.35813,0.04187
2453.42934,0.04159
2451.50054,0.04136
2449.57174,0.04127
2447.64295,0.04116
2445.71415,0.04117
2443.78535,0.04138
2441.85656,0.04157
2439.92776,0.04164
2437.99896,0.04181
2436.07017,0.04200
2434.14137,0.04184
2432.21257,0.04142
2430.28378,0.04112
2428.35498,0.04109
2426.42618,0.04119
2424.49739,0.04123
2422.56859,0.04107
2420.63979,0.04071
2418.71100,0.04023
2416.78220,0.03986
2414.85340,0.03968
2412.92461,0.03936
2410.99581,0.03893
2409.06701,0.03883
2407.13822,0.03884
2405.20942,0.03863
2403.28062,0.03845
2401.35183,0.03845
2399.42303,0.03830
2397.49423,0.03816
2395.56544,0.03830
2393.63664,0.03851
2391.70784,0.03874
2389.77905,0.03935
2387.85025,0.04115
2385.92145,0.04509
2383.99266,0.05168
2382.06386,0.06092
2380.13506,0.07243
2378.20627,0.08510
2376.27747,0.09781
2374.34867,0.11047
2372.41988,0.12336
2370.49108,0.13633
2368.56228,0.14888
2366.63349,0.16022
2364.70469,0.16936
2362.77589,0.17556
2360.84710,0.17817
2358.91830,0.17639
2356.98951,0.16950
2355.06071,0.15735
2353.13191,0.14083
2351.20312,0.12422
2349.27432,0.11567
2347.34552,0.11985
2345.41673,0.13197
2343.48793,0.14022
2341.55913,0.14103
2339.63034,0.13882
2337.70154,0.13607
2335.77274,0.13398
2333.84395,0.13329
2331.91515,0.13319
2329.98635,0.13127
2328.05756,0.12721
2326.12876,0.12346
2324.19996,0.12093
2322.27117,0.11753
2320.34237,0.11117
2318.41357,0.10276
2316.48478,0.09534
2314.55598,0.09069
2312.62718,0.08743
2310.69839,0.08347
2308.76959,0.07862
2306.84079,0.07339
2304.91200,0.06822
2302.98320,0.06387
2301.05440,0.06036
2299.12561,0.05712
2297.19681,0.05429
2295.26801,0.05210
2293.33922,0.05006
2291.41042,0.04793
2289.48162,0.04600
2287.55283,0.04446
2285.62403,0.04337
2283.69523,0.04292
2281.76644,0.04304
2279.83764,0.04346
2277.90884,0.04413
2275.98005,0.04475
2274.05125,0.04489
2272.12245,0.04490
2270.19366,0.04522
2268.26486,0.04576
2266.33606,0.04608
2264.40727,0.04612
2262.47847,0.04635
2260.54967,0.04679
2258.62088,0.04741
2256.69208,0.04826
2254.76328,0.04856
2252.83449,0.04765
2250.90569,0.04627
2248.97689,0.04558
2247.04810,0.04582
2245.11930,0.04635
2243.19050,0.04701
2241.26171,0.04809
2239.33291,0.04896
2237.40411,0.04910
2235.47532,0.04925
2233.54652,0.04940
2231.61772,0.04909
2229.68893,0.04918
2227.76013,0.04972
2225.83133,0.04985
2223.90254,0.05000
2221.97374,0.05051
2220.04494,0.05083
2218.11615,0.05102
2216.18735,0.05146
2214.25855,0.05145
2212.32976,0.05071
2210.40096,0.05082
2208.47216,0.05207
2206.54337,0.05224
2204.61457,0.05104
2202.68577,0.05094
2200.75698,0.05240
2198.82818,0.05373
2196.89938,0.05457
2194.97059,0.05527
2193.04179,0.05596
2191.11299,0.05728
2189.18420,0.05879
2187.25540,0.05933
2185.32660,0.05867
2183.39781,0.05755
2181.46901,0.05789
2179.54021,0.05982
2177.61142,0.06126
2175.68262,0.06194
2173.75382,0.06246
2171.82503,0.06305
2169.89623,0.06392
2167.96743,0.06419
2166.03864,0.06361
2164.10984,0.06382
2162.18104,0.06660
2160.25225,0.07079
2158.32345,0.07283
2156.39465,0.07174
2154.46586,0.06887
2152.53706,0.06513
2150.60826,0.06080
2148.67947,0.05586
2146.75067,0.05211
2144.82187,0.05145
2142.89308,0.05142
2140.96428,0.04941
2139.03548,0.04723
2137.10669,0.04625
2135.17789,0.04527
2133.24909,0.04378
2131.32030,0.04214
2129.39150,0.04023
2127.46270,0.03822
2125.53391,0.03697
2123.60511,0.03635
2121.67631,0.03557
2119.74752,0.03463
2117.81872,0.03400
2115.88992,0.03390
2113.96113,0.03409
2112.03233,0.03442
2110.10353,0.03481
2108.17474,0.03496
2106.24594,0.03504
2104.31714,0.03542
2102.38835,0.03577
2100.45955,0.03595
2098.53075,0.03596
2096.60196,0.03551
2094.67316,0.03483
2092.74436,0.03441
2090.81557,0.03417
2088.88677,0.03411
2086.95797,0.03451
2085.02918,0.03516
2083.10038,0.03566
2081.17158,0.03600
2079.24279,0.03612
2077.31399,0.03596
2075.38519,0.03551
2073.45640,0.03534
2071.52760,0.03613
2069.59880,0.03707
2067.67001,0.03751
2065.74121,0.03784
2063.81241,0.03816
2061.88362,0.03821
2059.95482,0.03776
2058.02602,0.03715
2056.09723,0.03700
2054.16843,0.03761
2052.23963,0.03900
2050.31084,0.04081
2048.38204,0.04260
2046.45324,0.04403
2044.52445,0.04491
2042.59565,0.04615
2040.66685,0.04858
2038.73806,0.05014
2036.80926,0.04944
2034.88046,0.04873
2032.95167,0.04903
2031.02287,0.04887
2029.09407,0.04779
2027.16528,0.04667
2025.23648,0.04626
2023.30768,0.04602
2021.37889,0.04532
2019.45009,0.04542
2017.52129,0.04691
2015.59250,0.04802
2013.66370,0.04784
2011.73490,0.04708
2009.80611,0.04610
2007.87731,0.04390
2005.94851,0.04058
2004.01972,0.03914
2002.09092,0.04031
2000.16212,0.04143
1998.23333,0.04101
1996.30453,0.03993
1994.37574,0.03971
1992.44694,0.04071
1990.51814,0.04158
1988.58935,0.04150
1986.66055,0.04080
1984.73175,0.03998
1982.80296,0.04053
1980.87416,0.04281
1978.94536,0.04454
1977.01657,0.04430
1975.08777,0.04307
1973.15897,0.04124
1971.23018,0.03865
1969.30138,0.03651
1967.37258,0.03583
1965.44379,0.03635
1963.51499,0.03731
1961.58619,0.03760
1959.65740,0.03700
1957.72860,0.03618
1955.79980,0.03527
1953.87101,0.03449
1951.94221,0.03419
1950.01341,0.03396
1948.08462,0.03335
1946.15582,0.03335
1944.22702,0.03483
1942.29823,0.03563
1940.36943,0.03382
1938.44063,0.03126
1936.51184,0.03007
1934.58304,0.03036
1932.65424,0.03074
1930.72545,0.03028
1928.79665,0.02963
1926.86785,0.02973
1924.93906,0.03083
1923.01026,0.03172
1921.08146,0.03186
1919.15267,0.03201
1917.22387,0.03121
1915.29507,0.02928
1913.36628,0.02853
1911.43748,0.02948
1909.50868,0.03014
1907.57989,0.02935
1905.65109,0.02818
1903.72229,0.02776
1901.79350,0.02779
1899.86470,0.02781
1897.93590,0.02829
1896.00711,0.02921
1894.07831,0.02975
1892.14951,0.03037
1890.22072,0.03133
1888.29192,0.03096
1886.36312,0.02951
1884.43433,0.02855
1882.50553,0.02816
1880.57673,0.02791
1878.64794,0.02760
1876.71914,0.02729
1874.79034,0.02722
1872.86155,0.02845
1870.93275,0.03172
1869.00395,0.03413
1867.07516,0.03232
1865.14636,0.02882
1863.21756,0.02698
1861.28877,0.02667
1859.35997,0.02671
1857.43117,0.02661
1855.50238,0.02643
1853.57358,0.02647
1851.64478,0.02708
1849.71599,0.02861
1847.78719,0.03123
1845.85839,0.03433
1843.92960,0.03479
1842.00080,0.03160
1840.07200,0.02900
1838.14321,0.02856
1836.21441,0.02847
1834.28561,0.02862
1832.35682,0.03071
1830.42802,0.03329
1828.49922,0.03336
1826.57043,0.03230
1824.64163,0.03095
1822.71283,0.02844
1820.78404,0.02652
1818.85524,0.02622
1816.92644,0.02634
1814.99765,0.02660
1813.06885,0.02783
1811.14005,0.02909
1809.21126,0.02877
1807.28246,0.02763
1805.35366,0.02776
1803.42487,0.02993
1801.49607,0.03229
1799.56727,0.03245
1797.63848,0.03155
1795.70968,0.03249
1793.78088,0.03549
1791.85209,0.03633
1789.92329,0.03276
1787.99449,0.02972
1786.06570,0.02961
1784.13690,0.03032
1782.20810,0.03077
1780.27931,0.03073
1778.35051,0.03009
1776.42171,0.03095
1774.49292,0.03459
1772.56412,0.03790
1770.63532,0.03696
1768.70653,0.03348
1766.77773,0.03007
1764.84893,0.02897
1762.92014,0.03056
1760.99134,0.03144
1759.06254,0.03100
1757.13375,0.03074
1755.20495,0.03056
1753.27615,0.03278
1751.34736,0.03778
1749.41856,0.04013
1747.48976,0.03811
1745.56097,0.03580
1743.63217,0.03511
1741.70337,0.03540
1739.77458,0.03513
1737.84578,0.03521
1735.91698,0.03872
1733.98819,0.04234
1732.05939,0.03921
1730.13059,0.03365
1728.20180,0.02948
1726.27300,0.02748
1724.34420,0.02770
1722.41541,0.02937
1720.48661,0.03433
1718.55781,0.04247
1716.62902,0.04599
1714.70022,0.04171
1712.77142,0.03664
1710.84263,0.03507
1708.91383,0.03780
1706.98503,0.04364
1705.05624,0.04943
1703.12744,0.05563
1701.19864,0.06539
1699.26985,0.07397
1697.34105,0.07794
1695.41225,0.08049
1693.48346,0.08274
1691.55466,0.08903
1689.62586,0.10090
1687.69707,0.11574
1685.76827,0.13522
1683.83947,0.15587
1681.91068,0.16580
1679.98188,0.17203
1678.05308,0.18282
1676.12429,0.19828
1674.19549,0.21365
1672.26669,0.22638
1670.33790,0.23878
1668.40910,0.24702
1666.48030,0.25028
1664.55151,0.25523
1662.62271,0.26095
1660.69391,0.26265
1658.76512,0.26335
1656.83632,0.26853
1654.90752,0.27954
1652.97873,0.28624
1651.04993,0.28155
1649.12113,0.28134
1647.19234,0.28686
1645.26354,0.28912
1643.33474,0.29047
1641.40595,0.29806
1639.47715,0.31273
1637.54835,0.33377
1635.61956,0.35653
1633.69076,0.37093
1631.76197,0.38179
1629.83317,0.39697
1627.90437,0.41394
1625.97558,0.42783
1624.04678,0.43749
1622.11798,0.44110
1620.18919,0.44129
1618.26039,0.44242
1616.33159,0.44057
1614.40280,0.43437
1612.47400,0.43073
1610.54520,0.43177
1608.61641,0.43579
1606.68761,0.44158
1604.75881,0.44948
1602.83002,0.45907
1600.90122,0.46879
1598.97242,0.47764
1597.04363,0.48499
1595.11483,0.48934
1593.18603,0.48903
1591.25724,0.48412
1589.32844,0.47492
1587.39964,0.46168
1585.47085,0.44521
1583.54205,0.42632
1581.61325,0.40657
1579.68446,0.38906
1577.75566,0.37233
1575.82686,0.34883
1573.89807,0.32430
1571.96927,0.30699
1570.04047,0.29068
1568.11168,0.27145
1566.18288,0.25408
1564.25408,0.24119
1562.32529,0.23571
1560.39649,0.23682
1558.46769,0.22817
1556.53890,0.20776
1554.61010,0.19153
1552.68130,0.18032
1550.75251,0.17202
1548.82371,0.16494
1546.89491,0.16114
1544.96612,0.16224
1543.03732,0.16553
1541.10852,0.16572
1539.17973,0.15505
1537.25093,0.14209
1535.32213,0.13686
1533.39334,0.13411
1531.46454,0.12847
1529.53574,0.12482
1527.60695,0.12522
1525.67815,0.12625
1523.74935,0.12764
1521.82056,0.12853
1519.89176,0.12574
1517.96296,0.12173
1516.03417,0.11711
1514.10537,0.11234
1512.17657,0.11181
1510.24778,0.11790
1508.31898,0.12733
1506.39018,0.12652
1504.46139,0.11446
1502.53259,0.10815
1500.60379,0.11013
1498.67500,0.11599
1496.74620,0.11997
1494.81740,0.12108
1492.88861,0.12574
1490.95981,0.13668
1489.03101,0.14715
1487.10222,0.15171
1485.17342,0.15569
1483.24462,0.16371
1481.31583,0.17529
1479.38703,0.18880
1477.45823,0.20485
1475.52944,0.22342
1473.60064,0.24107
1471.67184,0.25186
1469.74305,0.25629
1467.81425,0.26220
1465.88545,0.27102
1463.95666,0.27660
1462.02786,0.27874
1460.09906,0.28353
1458.17027,0.28840
1456.24147,0.28012
1454.31267,0.26267
1452.38388,0.24779
1450.45508,0.23588
1448.52628,0.22388
1446.59749,0.20930
1444.66869,0.19427
1442.73989,0.18116
1440.81110,0.17107
1438.88230,0.16481
1436.95350,0.15789
1435.02471,0.14613
1433.09591,0.13528
1431.16711,0.12782
1429.23832,0.12060
1427.30952,0.11375
1425.38072,0.10926
1423.45193,0.10634
1421.52313,0.10529
1419.59433,0.10537
1417.66554,0.10095
1415.73674,0.09295
1413.80794,0.08711
1411.87915,0.08401
1409.95035,0.08185
1408.02155,0.08063
1406.09276,0.08041
1404.16396,0.07914
1402.23516,0.07759
1400.30637,0.07837
1398.37757,0.08006
1396.44877,0.08013
1394.51998,0.07744
1392.59118,0.07283
1390.66238,0.07034
1388.73359,0.07089
1386.80479,0.07033
1384.87599,0.06709
1382.94720,0.06446
1381.01840,0.06372
1379.08960,0.06385
1377.16081,0.06478
1375.23201,0.06602
1373.30321,0.06508
1371.37442,0.06240
1369.44562,0.06072
1367.51682,0.06023
1365.58803,0.06125
1363.65923,0.06359
1361.73043,0.06363
1359.80164,0.06074
1357.87284,0.05839
1355.94404,0.05763
1354.01525,0.05727
1352.08645,0.05691
1350.15765,0.05675
1348.22886,0.05658
1346.30006,0.05631
1344.37126,0.05661
1342.44247,0.05854
1340.51367,0.06131
1338.58487,0.06176
1336.65608,0.05933
1334.72728,0.05675
1332.79848,0.05541
1330.86969,0.05483
1328.94089,0.05446
1327.01209,0.05413
1325.08330,0.05388
1323.15450,0.05389
1321.22570,0.05440
1319.29691,0.05498
1317.36811,0.05494
1315.43931,0.05455
1313.51052,0.05422
1311.58172,0.05371
1309.65292,0.05321
1307.72413,0.05295
1305.79533,0.05276
1303.86653,0.05268
1301.93774,0.05277
1300.00894,0.05294
1298.08014,0.05316
1296.15135,0.05323
1294.22255,0.05313
1292.29375,0.05309
1290.36496,0.05325
1288.43616,0.05337
1286.50736,0.05312
1284.57857,0.05270
1282.64977,0.05247
1280.72097,0.05235
1278.79218,0.05215
1276.86338,0.05192
1274.93458,0.05193
1273.00579,0.05224
1271.07699,0.05251
1269.14820,0.05254
1267.21940,0.05254
1265.29060,0.05268
1263.36181,0.05296
1261.43301,0.05326
1259.50421,0.05335
1257.57542,0.05323
1255.64662,0.05316
1253.71782,0.05327
1251.78903,0.05349
1249.86023,0.05376
1247.93143,0.05402
1246.00264,0.05429
1244.07384,0.05458
1242.14504,0.05479
1240.21625,0.05485
1238.28745,0.05484
1236.35865,0.05484
1234.42986,0.05483
1232.50106,0.05491
1230.57226,0.05513
1228.64347,0.05536
1226.71467,0.05555
1224.78587,0.05573
1222.85708,0.05595
1220.92828,0.05634
1218.99948,0.05688
1217.07069,0.05745
1215.14189,0.05802
1213.21309,0.05861
1211.28430,0.05929
1209.35550,0.06005
1207.42670,0.06087
1205.49791,0.06179
1203.56911,0.06275
1201.64031,0.06375
1199.71152,0.06489
1197.78272,0.06620
1195.85392,0.06762
1193.92513,0.06914
1191.99633,0.07087
1190.06753,0.07288
1188.13874,0.07512
1186.20994,0.07744
1184.28114,0.07983
1182.35235,0.08255
1180.42355,0.08584
1178.49475,0.08970
1176.56596,0.09393
1174.63716,0.09842
1172.70836,0.10312
1170.77957,0.10799
1168.85077,0.11296
1166.92197,0.11788
1164.99318,0.12252
1163.06438,0.12663
1161.13558,0.12986
1159.20679,0.13195
1157.27799,0.13278
1155.34919,0.13232
1153.42040,0.13062
1151.49160,0.12793
1149.56280,0.12439
1147.63401,0.12014
1145.70521,0.11543
1143.77641,0.11054
1141.84762,0.10568
1139.91882,0.10101
1137.99002,0.09653
1136.06123,0.09230
1134.13243,0.08839
1132.20363,0.08489
1130.27484,0.08191
1128.34604,0.07936
1126.41724,0.07710
1124.48845,0.07513
1122.55965,0.07347
1120.63085,0.07213
1118.70206,0.07101
1116.77326,0.06999
1114.84446,0.06909
1112.91567,0.06839
1110.98687,0.06783
1109.05807,0.06738
1107.12928,0.06705
1105.20048,0.06681
1103.27168,0.06662
1101.34289,0.06648
1099.41409,0.06642
1097.48529,0.06639
1095.55650,0.06639
1093.62770,0.06645
1091.69890,0.06654
1089.77011,0.06669
1087.84131,0.06689
1085.91251,0.06703
1083.98372,0.06714
1082.05492,0.06734
1080.12612,0.06766
1078.19733,0.06805
1076.26853,0.06848
1074.33973,0.06891
1072.41094,0.06940
1070.48214,0.06990
1068.55334,0.07027
1066.62455,0.07049
1064.69575,0.07069
1062.76695,0.07077
1060.83816,0.07056
1058.90936,0.07016
1056.98056,0.06980
1055.05177,0.06945
1053.12297,0.06895
1051.19417,0.06834
1049.26538,0.06766
1047.33658,0.06700
1045.40778,0.06636
1043.47899,0.06568
1041.55019,0.06484
1039.62139,0.06390
1037.69260,0.06300
1035.76380,0.06218
1033.83500,0.06138
1031.90621,0.06062
1029.97741,0.05996
1028.04861,0.05931
1026.11982,0.05865
1024.19102,0.05815
1022.26222,0.05784
1020.33343,0.05756
1018.40463,0.05724
1016.47583,0.05703
1014.54704,0.05697
1012.61824,0.05693
1010.68944,0.05681
1008.76065,0.05653
1006.83185,0.05608
1004.90305,0.05549
1002.97426,0.05481
1001.04546,0.05418
999.11666,0.05364
997.18787,0.05317
995.25907,0.05267
993.33027,0.05216
991.40148,0.05169
989.47268,0.05124
987.54388,0.05068
985.61509,0.05006
983.68629,0.04950
981.75749,0.04904
979.82870,0.04854
977.89990,0.04796
975.97110,0.04737
974.04231,0.04687
972.11351,0.04645
970.18471,0.04609
968.25592,0.04587
966.32712,0.04580
964.39832,0.04576
962.46953,0.04564
960.54073,0.04539
958.61193,0.04504
956.68314,0.04464
954.75434,0.04427
952.82554,0.04406
950.89675,0.04395
948.96795,0.04366
947.03915,0.04317
945.11036,0.04266
943.18156,0.04214
941.25276,0.04151
939.32397,0.04083
937.39517,0.04019
935.46637,0.03956
933.53758,0.03893
931.60878,0.03832
929.67998,0.03777
927.75119,0.03737
925.82239,0.03704
923.89359,0.03653
921.96480,0.03583
920.03600,0.03520
918.10720,0.03477
916.17841,0.03444
914.24961,0.03414
912.32081,0.03389
910.39202,0.03370
908.46322,0.03345
906.53443,0.03303
904.60563,0.03259
902.67683,0.03230
900.74804,0.03213
898.81924,0.03186
896.89044,0.03139
894.96165,0.03080
893.03285,0.03016
891.10405,0.02946
889.17526,0.02872
887.24646,0.02793
885.31766,0.02706
883.38887,0.02625
881.46007,0.02561
879.53127,0.02507
877.60248,0.02456
875.67368,0.02412
873.74488,0.02374
871.81609,0.02343
869.88729,0.02314
867.95849,0.02277
866.02970,0.02246
864.10090,0.02237
862.17210,0.02235
860.24331,0.02219
858.31451,0.02196
856.38571,0.02176
854.45692,0.02165
852.52812,0.02161
850.59932,0.02147
848.67053,0.02116
846.74173,0.02085
844.81293,0.02059
842.88414,0.02016
840.95534,0.01963
839.02654,0.01928
837.09775,0.01906
835.16895,0.01879
833.24015,0.01850
831.31136,0.01827
829.38256,0.01805
827.45376,0.01780
825.52497,0.01763
823.59617,0.01774
821.66737,0.01815
819.73858,0.01852
817.80978,0.01876
815.88098,0.01905
813.95219,0.01941
812.02339,0.01975
810.09459,0.02015
808.16580,0.02073
806.23700,0.02138
804.30820,0.02207
802.37941,0.02287
800.45061,0.02374
798.52181,0.02459
796.59302,0.02546
794.66422,0.02630
792.73542,0.02705
790.80663,0.02777
788.87783,0.02844
786.94903,0.02901
785.02024,0.02943
783.09144,0.02934
781.16264,0.02861
779.23385,0.02750
777.30505,0.02623
775.37625,0.02495
773.44746,0.02400
771.51866,0.02353
769.58986,0.02316
767.66107,0.02260
765.73227,0.02213
763.80347,0.02204
761.87468,0.02215
759.94588,0.02235
758.01708,0.02275
756.08829,0.02322
754.15949,0.02344
752.23069,0.02335
750.30190,0.02325
748.37310,0.02328
