3496.90832,0.06887
3494.97953,0.06445
3493.05073,0.06087
3491.12193,0.06512
3489.19314,0.07444
3487.26434,0.07748
3485.33554,0.07116
3483.40675,0.06660
3481.47795,0.07025
3479.54915,0.07441
3477.62036,0.07556
3475.69156,0.07788
3473.76276,0.08118
3471.83397,0.07921
3469.90517,0.07032
3467.97637,0.06504
3466.04758,0.06958
3464.11878,0.07475
3462.18998,0.07237
3460.26119,0.06681
3458.33239,0.06182
3456.40359,0.05589
3454.47480,0.05299
3452.54600,0.05650
3450.61721,0.06086
3448.68841,0.06268
3446.75961,0.06376
3444.83082,0.06194
3442.90202,0.05723
3440.97322,0.05517
3439.04443,0.05429
3437.11563,0.05041
3435.18683,0.04906
3433.25804,0.05347
3431.32924,0.05416
3429.40044,0.04928
3427.47165,0.04788
3425.54285,0.04878
3423.61405,0.04832
3421.68526,0.04772
3419.75646,0.04697
3417.82766,0.04881
3415.89887,0.05083
3413.97007,0.04585
3412.04127,0.03681
3410.11248,0.03471
3408.18368,0.04304
3406.25488,0.05172
3404.32609,0.05144
3402.39729,0.04806
3400.46849,0.05104
3398.53970,0.05388
3396.61090,0.04408
3394.68210,0.03250
3392.75331,0.03412
3390.82451,0.04109
3388.89571,0.04823
3386.96692,0.05473
3385.03812,0.05166
3383.10932,0.04428
3381.18053,0.04452
3379.25173,0.04906
3377.32293,0.05336
3375.39414,0.05572
3373.46534,0.05525
3371.53654,0.05505
3369.60775,0.05615
3367.67895,0.06344
3365.75015,0.07573
3363.82136,0.07476
3361.89256,0.05817
3359.96376,0.04600
3358.03497,0.04711
3356.10617,0.05689
3354.17737,0.06938
3352.24858,0.07668
3350.31978,0.07717
3348.39098,0.07501
3346.46219,0.06905
3344.53339,0.06204
3342.60459,0.05880
3340.67580,0.05698
3338.74700,0.05511
3336.81820,0.05630
3334.88941,0.06267
3332.96061,0.06847
3331.03181,0.06732
3329.10302,0.06198
3327.17422,0.05647
3325.24542,0.05200
3323.31663,0.04905
3321.38783,0.04874
3319.45903,0.04974
3317.53024,0.04845
3315.60144,0.04374
3313.67264,0.03612
3311.74385,0.03004
3309.81505,0.03125
3307.88625,0.03996
3305.95746,0.04887
3304.02866,0.04866
3302.09986,0.04051
3300.17107,0.03385
3298.24227,0.03302
3296.31347,0.03636
3294.38468,0.04061
3292.45588,0.04319
3290.52708,0.04402
3288.59829,0.04359
3286.66949,0.04190
3284.74069,0.04111
3282.81190,0.04161
3280.88310,0.04252
3278.95430,0.04799
3277.02551,0.05585
3275.09671,0.05686
3273.16791,0.05304
3271.23912,0.04911
3269.31032,0.04240
3267.38152,0.03579
3265.45273,0.03378
3263.52393,0.03282
3261.59513,0.03313
3259.66634,0.03766
3257.73754,0.04235
3255.80874,0.04339
3253.87995,0.04120
3251.95115,0.03685
3250.02235,0.03431
3248.09356,0.03536
3246.16476,0.03616
3244.23596,0.03690
3242.30717,0.03857
3240.37837,0.03918
3238.44957,0.04062
3236.52078,0.04340
3234.59198,0.04641
3232.66318,0.05004
3230.73439,0.05070
3228.80559,0.04453
3226.87679,0.03568
3224.94800,0.03287
3223.01920,0.03821
3221.09040,0.04598
3219.16161,0.05159
3217.23281,0.05485
3215.30401,0.05622
3213.37522,0.05478
3211.44642,0.05276
3209.51762,0.05367
3207.58883,0.05627
3205.66003,0.05754
3203.73123,0.05620
3201.80244,0.05411
3199.87364,0.05306
3197.94484,0.05343
3196.01605,0.05528
3194.08725,0.05427
3192.15845,0.04811
3190.22966,0.04486
3188.30086,0.04862
3186.37206,0.05098
3184.44327,0.04801
3182.51447,0.04505
3180.58567,0.04375
3178.65688,0.04288
3176.72808,0.04200
3174.79928,0.04017
3172.87049,0.03872
3170.94169,0.03934
3169.01289,0.03999
3167.08410,0.04048
3165.15530,0.04452
3163.22650,0.04999
3161.29771,0.05035
3159.36891,0.04529
3157.44011,0.03956
3155.51132,0.03753
3153.58252,0.03957
3151.65372,0.04159
3149.72493,0.04054
3147.79613,0.03861
3145.86733,0.03900
3143.93854,0.04032
3142.00974,0.04059
3140.08094,0.04032
3138.15215,0.03971
3136.22335,0.03879
3134.29455,0.03776
3132.36576,0.03703
3130.43696,0.03723
3128.50816,0.03690
3126.57937,0.03532
3124.65057,0.03540
3122.72177,0.03856
3120.79298,0.04206
3118.86418,0.04341
3116.93538,0.04289
3115.00659,0.04180
3113.07779,0.04083
3111.14899,0.03999
3109.22020,0.03907
3107.29140,0.03901
3105.36260,0.04029
3103.43381,0.04095
3101.50501,0.04017
3099.57621,0.03910
3097.64742,0.03807
3095.71862,0.03702
3093.78982,0.03564
3091.86103,0.03415
3089.93223,0.03397
3088.00344,0.03463
3086.07464,0.03472
3084.14584,0.03510
3082.21705,0.03643
3080.28825,0.03719
3078.35945,0.03658
3076.43066,0.03572
3074.50186,0.03577
3072.57306,0.03673
3070.64427,0.03746
3068.71547,0.03687
3066.78667,0.03612
3064.85788,0.03673
3062.92908,0.03717
3061.00028,0.03615
3059.07149,0.03488
3057.14269,0.03435
3055.21389,0.03476
3053.28510,0.03572
3051.35630,0.03663
3049.42750,0.03699
3047.49871,0.03631
3045.56991,0.03559
3043.64111,0.03634
3041.71232,0.03793
3039.78352,0.03859
3037.85472,0.03843
3035.92593,0.03868
3033.99713,0.03901
3032.06833,0.03898
3030.13954,0.03934
3028.21074,0.04015
3026.28194,0.04027
3024.35315,0.03930
3022.42435,0.03867
3020.49555,0.03895
3018.56676,0.03914
3016.63796,0.03905
3014.70916,0.03934
3012.78037,0.04019
3010.85157,0.04112
3008.92277,0.04117
3006.99398,0.04037
3005.06518,0.03975
3003.13638,0.03949
3001.20759,0.03924
2999.27879,0.03932
2997.34999,0.03987
2995.42120,0.04074
2993.49240,0.04144
2991.56360,0.04158
2989.63481,0.04170
2987.70601,0.04195
2985.77721,0.04175
2983.84842,0.04134
2981.91962,0.04156
2979.99082,0.04229
2978.06203,0.04273
2976.13323,0.04265
2974.20443,0.04254
2972.27564,0.04299
2970.34684,0.04400
2968.41804,0.04466
2966.48925,0.04452
2964.56045,0.04424
2962.63165,0.04446
2960.70286,0.04510
2958.77406,0.04587
2956.84526,0.04657
2954.91647,0.04662
2952.98767,0.04597
2951.05887,0.04564
2949.13008,0.04606
2947.20128,0.04653
2945.27248,0.04655
2943.34369,0.04645
2941.41489,0.04655
2939.48609,0.04700
2937.55730,0.04768
2935.62850,0.04821
2933.69970,0.04862
2931.77091,0.04916
2929.84211,0.04974
2927.91331,0.05016
2925.98452,0.05044
2924.05572,0.05064
2922.12692,0.05075
2920.19813,0.05073
2918.26933,0.05067
2916.34053,0.05041
2914.41174,0.04980
2912.48294,0.04913
2910.55414,0.04871
2908.62535,0.04845
2906.69655,0.04806
2904.76775,0.04754
2902.83896,0.04708
2900.91016,0.04674
2898.98136,0.04687
2897.05257,0.04723
2895.12377,0.04682
2893.19497,0.04602
2891.26618,0.04605
2889.33738,0.04664
2887.40858,0.04686
2885.47979,0.04655
2883.55099,0.04625
2881.62219,0.04642
2879.69340,0.04673
2877.76460,0.04680
2875.83580,0.04692
2873.90701,0.04717
2871.97821,0.04727
2870.04941,0.04735
2868.12062,0.04773
2866.19182,0.04827
2864.26302,0.04867
2862.33423,0.04896
2860.40543,0.04921
2858.47663,0.04940
2856.54784,0.04955
2854.61904,0.04984
2852.69024,0.05019
2850.76145,0.05029
2848.83265,0.05008
2846.90385,0.04965
2844.97506,0.04929
2843.04626,0.04924
2841.11746,0.04917
2839.18867,0.04877
2837.25987,0.04824
2835.33107,0.04797
2833.40228,0.04813
2831.47348,0.04847
2829.54468,0.04876
2827.61589,0.04884
2825.68709,0.04878
2823.75829,0.04886
2821.82950,0.04901
2819.90070,0.04893
2817.97190,0.04879
2816.04311,0.04883
2814.11431,0.04900
2812.18551,0.04914
2810.25672,0.04901
2808.32792,0.04860
2806.39912,0.04820
2804.47033,0.04803
2802.54153,0.04806
2800.61273,0.04807
2798.68394,0.04784
2796.75514,0.04748
2794.82634,0.04718
2792.89755,0.04696
2790.96875,0.04680
2789.03995,0.04681
2787.11116,0.04685
2785.18236,0.04664
2783.25356,0.04640
2781.32477,0.04634
2779.39597,0.04622
2777.46717,0.04595
2775.53838,0.04572
2773.60958,0.04562
2771.68078,0.04564
2769.75199,0.04583
2767.82319,0.04600
2765.89439,0.04604
2763.96560,0.04596
2762.03680,0.04577
2760.10800,0.04560
2758.17921,0.04549
2756.25041,0.04533
2754.32161,0.04509
2752.39282,0.04476
2750.46402,0.04453
2748.53522,0.04461
2746.60643,0.04493
2744.67763,0.04516
2742.74883,0.04509
2740.82004,0.04496
2738.89124,0.04498
2736.96244,0.04505
2735.03365,0.04515
2733.10485,0.04515
2731.17605,0.04506
2729.24726,0.04508
2727.31846,0.04522
2725.38967,0.04526
2723.46087,0.04509
2721.53207,0.04495
2719.60328,0.04502
2717.67448,0.04512
2715.74568,0.04509
2713.81689,0.04509
2711.88809,0.04515
2709.95929,0.04505
2708.03050,0.04473
2706.10170,0.04446
2704.17290,0.04453
2702.24411,0.04470
2700.31531,0.04473
2698.38651,0.04464
2696.45772,0.04442
2694.52892,0.04420
2692.60012,0.04423
2690.67133,0.04442
2688.74253,0.04450
2686.81373,0.04448
2684.88494,0.04456
2682.95614,0.04471
2681.02734,0.04470
2679.09855,0.04457
2677.16975,0.04446
2675.24095,0.04442
2673.31216,0.04442
2671.38336,0.04430
2669.45456,0.04423
2667.52577,0.04432
2665.59697,0.04444
2663.66817,0.04449
2661.73938,0.04447
2659.81058,0.04442
2657.88178,0.04439
2655.95299,0.04436
2654.02419,0.04431
2652.09539,0.04430
2650.16660,0.04425
2648.23780,0.04413
2646.30900,0.04408
2644.38021,0.04420
2642.45141,0.04444
2640.52261,0.04461
2638.59382,0.04455
2636.66502,0.04455
2634.73622,0.04474
2632.80743,0.04487
2630.87863,0.04497
2628.94983,0.04517
2627.02104,0.04523
2625.09224,0.04517
2623.16344,0.04529
2621.23465,0.04544
2619.30585,0.04552
2617.37705,0.04561
2615.44826,0.04547
2613.51946,0.04522
2611.59066,0.04525
2609.66187,0.04548
2607.73307,0.04567
2605.80427,0.04574
2603.87548,0.04578
2601.94668,0.04589
2600.01788,0.04595
2598.08909,0.04584
2596.16029,0.04576
2594.23149,0.04582
2592.30270,0.04597
2590.37390,0.04621
2588.44510,0.04618
2586.51631,0.04569
2584.58751,0.04544
2582.65871,0.04568
2580.72992,0.04562
2578.80112,0.04510
2576.87232,0.04499
2574.94353,0.04548
2573.01473,0.04589
2571.08593,0.04617
2569.15714,0.04649
2567.22834,0.04632
2565.29954,0.04569
2563.37075,0.04522
2561.44195,0.04503
2559.51315,0.04488
2557.58436,0.04459
2555.65556,0.04431
2553.72676,0.04428
2551.79797,0.04443
2549.86917,0.04469
2547.94037,0.04495
2546.01158,0.04509
2544.08278,0.04511
2542.15398,0.04494
2540.22519,0.04465
2538.29639,0.04441
2536.36759,0.04433
2534.43880,0.04448
2532.51000,0.04481
2530.58120,0.04490
2528.65241,0.04468
2526.72361,0.04446
2524.79481,0.04430
2522.86602,0.04421
2520.93722,0.04425
2519.00842,0.04428
2517.07963,0.04432
2515.15083,0.04451
2513.22203,0.04461
2511.29324,0.04424
2509.36444,0.04353
2507.43564,0.04315
2505.50685,0.04331
2503.57805,0.04345
2501.64925,0.04331
2499.72046,0.04327
2497.79166,0.04334
2495.86286,0.04334
2493.93407,0.04350
2492.00527,0.04369
2490.07647,0.04370
2488.14768,0.04373
2486.21888,0.04388
2484.29008,0.04388
2482.36129,0.04361
2480.43249,0.04348
2478.50369,0.04366
2476.57490,0.04379
2474.64610,0.04377
2472.71730,0.04375
2470.78851,0.04376
2468.85971,0.04379
2466.93091,0.04370
2465.00212,0.04346
2463.07332,0.04331
2461.14452,0.04322
2459.21573,0.04309
2457.28693,0.04311
2455.35813,0.04310
2453.42934,0.04286
2451.50054,0.04260
2449.57174,0.04229
2447.64295,0.04184
2445.71415,0.04161
2443.78535,0.04172
2441.85656,0.04181
2439.92776,0.04177
2437.99896,0.04195
2436.07017,0.04223
2434.14137,0.04230
2432.21257,0.04221
2430.28378,0.04190
2428.35498,0.04157
2426.42618,0.04176
2424.49739,0.04214
2422.56859,0.04195
2420.63979,0.04131
2418.71100,0.04077
2416.78220,0.04063
2414.85340,0.04072
2412.92461,0.04060
2410.99581,0.04026
2409.06701,0.04000
2407.13822,0.03980
2405.20942,0.03949
2403.28062,0.03928
2401.35183,0.03919
2399.42303,0.03895
2397.49423,0.03864
2395.56544,0.03850
2393.63664,0.03864
2391.70784,0.03894
2389.77905,0.03952
2387.85025,0.04118
2385.92145,0.04504
2383.99266,0.05171
2382.06386,0.06127
2380.13506,0.07310
2378.20627,0.08604
2376.27747,0.09921
2374.34867,0.11262
2372.41988,0.12633
2370.49108,0.13971
2368.56228,0.15194
2366.63349,0.16268
2364.70469,0.17156
2362.77589,0.17786
2360.84710,0.18061
2358.91830,0.17860
2356.98951,0.17121
2355.06071,0.15880
2353.13191,0.14239
2351.20312,0.12592
2349.27432,0.11724
2347.34552,0.12101
2345.41673,0.13257
2343.48793,0.14055
2341.55913,0.14168
2339.63034,0.14017
2337.70154,0.13791
2335.77274,0.13570
2333.84395,0.13479
2331.91515,0.13490
2329.98635,0.13328
2328.05756,0.12919
2326.12876,0.12542
2324.19996,0.12333
2322.27117,0.12051
2320.34237,0.11432
2318.41357,0.10583
2316.48478,0.09826
2314.55598,0.09328
2312.62718,0.08970
2310.69839,0.08549
2308.76959,0.08033
2306.84079,0.07473
2304.91200,0.06912
2302.98320,0.06436
2301.05440,0.06089
2299.12561,0.05808
2297.19681,0.05548
2295.26801,0.05305
2293.33922,0.05059
2291.41042,0.04822
2289.48162,0.04628
2287.55283,0.04482
2285.62403,0.04370
2283.69523,0.04302
2281.76644,0.04292
2279.83764,0.04347
2277.90884,0.04462
2275.98005,0.04584
2274.05125,0.04624
2272.12245,0.04593
2270.19366,0.04602
2268.26486,0.04661
2266.33606,0.04684
2264.40727,0.04666
2262.47847,0.04668
2260.54967,0.04704
2258.62088,0.04760
2256.69208,0.04808
2254.76328,0.04788
2252.83449,0.04693
2250.90569,0.04644
2248.97689,0.04707
2247.04810,0.04784
2245.11930,0.04824
2243.19050,0.04880
2241.26171,0.04905
2239.33291,0.04832
2237.40411,0.04748
2235.47532,0.04739
2233.54652,0.04750
2231.61772,0.04774
2229.68893,0.04853
2227.76013,0.04921
2225.83133,0.04938
2223.90254,0.04946
2221.97374,0.04953
2220.04494,0.04965
2218.11615,0.05023
2216.18735,0.05112
2214.25855,0.05168
2212.32976,0.05184
2210.40096,0.05235
2208.47216,0.05335
2206.54337,0.05386
2204.61457,0.05379
2202.68577,0.05391
2200.75698,0.05436
2198.82818,0.05556
2196.89938,0.05680
2194.97059,0.05665
2193.04179,0.05599
2191.11299,0.05631
2189.18420,0.05735
2187.25540,0.05830
2185.32660,0.05908
2183.39781,0.05954
2181.46901,0.05985
2179.54021,0.06079
2177.61142,0.06131
2175.68262,0.06055
2173.75382,0.05984
2171.82503,0.06014
2169.89623,0.06170
2167.96743,0.06314
2166.03864,0.06230
2164.10984,0.06201
2162.18104,0.06708
2160.25225,0.07382
2158.32345,0.07332
2156.39465,0.06634
2154.46586,0.06094
2152.53706,0.05888
2150.60826,0.05673
2148.67947,0.05338
2146.75067,0.05024
2144.82187,0.04804
2142.89308,0.04695
2140.96428,0.04630
2139.03548,0.04535
2137.10669,0.04440
2135.17789,0.04345
2133.24909,0.04202
2131.32030,0.04070
2129.39150,0.03990
2127.46270,0.03901
2125.53391,0.03801
2123.60511,0.03722
2121.67631,0.03656
2119.74752,0.03609
2117.81872,0.03598
2115.88992,0.03577
2113.96113,0.03506
2112.03233,0.03474
2110.10353,0.03547
2108.17474,0.03647
2106.24594,0.03688
2104.31714,0.03674
2102.38835,0.03653
2100.45955,0.03636
2098.53075,0.03620
2096.60196,0.03596
2094.67316,0.03538
2092.74436,0.03465
2090.81557,0.03449
2088.88677,0.03479
2086.95797,0.03488
2085.02918,0.03477
2083.10038,0.03494
2081.17158,0.03547
2079.24279,0.03599
2077.31399,0.03640
2075.38519,0.03697
2073.45640,0.03749
2071.52760,0.03772
2069.59880,0.03802
2067.67001,0.03849
2065.74121,0.03852
2063.81241,0.03827
2061.88362,0.03816
2059.95482,0.03768
2058.02602,0.03725
2056.09723,0.03770
2054.16843,0.03829
2052.23963,0.03854
2050.31084,0.03974
2048.38204,0.04236
2046.45324,0.04456
2044.52445,0.04538
2042.59565,0.04613
2040.66685,0.04778
2038.73806,0.04916
2036.80926,0.04874
2034.88046,0.04773
2032.95167,0.04785
2031.02287,0.04787
2029.09407,0.04734
2027.16528,0.04730
2025.23648,0.04746
2023.30768,0.04748
2021.37889,0.04706
2019.45009,0.04649
2017.52129,0.04652
2015.59250,0.04591
2013.66370,0.04403
2011.73490,0.04267
2009.80611,0.04274
2007.87731,0.04250
2005.94851,0.04057
2004.01972,0.03880
2002.09092,0.03897
2000.16212,0.04000
1998.23333,0.04028
1996.30453,0.03960
1994.37574,0.03928
1992.44694,0.04046
1990.51814,0.04171
1988.58935,0.04171
1986.66055,0.04157
1984.73175,0.04172
1982.80296,0.04171
1980.87416,0.04176
1978.94536,0.04174
1977.01657,0.04099
1975.08777,0.04031
1973.15897,0.04031
1971.23018,0.04029
1969.30138,0.04060
1967.37258,0.04131
1965.44379,0.04089
1963.51499,0.03857
1961.58619,0.03592
1959.65740,0.03481
1957.72860,0.03477
1955.79980,0.03431
1953.87101,0.03338
1951.94221,0.03271
1950.01341,0.03252
1948.08462,0.03253
1946.15582,0.03310
1944.22702,0.03474
1942.29823,0.03542
1940.36943,0.03362
1938.44063,0.03136
1936.51184,0.03028
1934.58304,0.03029
1932.65424,0.03029
1930.72545,0.02981
1928.79665,0.02949
1926.86785,0.03010
1924.93906,0.03183
1923.01026,0.03306
1921.08146,0.03323
1919.15267,0.03346
1917.22387,0.03252
1915.29507,0.03021
1913.36628,0.02914
1911.43748,0.02970
1909.50868,0.02993
1907.57989,0.02897
1905.65109,0.02794
1903.72229,0.02764
1901.79350,0.02759
1899.86470,0.02760
1897.93590,0.02810
1896.00711,0.02884
1894.07831,0.02923
1892.14951,0.03021
1890.22072,0.03180
1888.29192,0.03156
1886.36312,0.02979
1884.43433,0.02870
1882.50553,0.02846
1880.57673,0.02850
1878.64794,0.02836
1876.71914,0.02806
1874.79034,0.02808
1872.86155,0.02963
1870.93275,0.03350
1869.00395,0.03636
1867.07516,0.03423
1865.14636,0.03007
1863.21756,0.02779
1861.28877,0.02712
1859.35997,0.02680
1857.43117,0.02648
1855.50238,0.02621
1853.57358,0.02615
1851.64478,0.02666
1849.71599,0.02832
1847.78719,0.03142
1845.85839,0.03523
1843.92960,0.03597
1842.00080,0.03229
1840.07200,0.02928
1838.14321,0.02884
1836.21441,0.02891
1834.28561,0.02938
1832.35682,0.03219
1830.42802,0.03550
1828.49922,0.03566
1826.57043,0.03444
1824.64163,0.03287
1822.71283,0.02994
1820.78404,0.02766
1818.85524,0.02713
1816.92644,0.02706
1814.99765,0.02729
1813.06885,0.02865
1811.14005,0.02993
1809.21126,0.02931
1807.28246,0.02784
1805.35366,0.02792
1803.42487,0.03043
1801.49607,0.03318
1799.56727,0.03331
1797.63848,0.03219
1795.70968,0.03334
1793.78088,0.03708
1791.85209,0.03825
1789.92329,0.03408
1787.99449,0.03052
1786.06570,0.03049
1784.13690,0.03152
1782.20810,0.03228
1780.27931,0.03239
1778.35051,0.03173
1776.42171,0.03282
1774.49292,0.03728
1772.56412,0.04135
1770.63532,0.04020
1768.70653,0.03587
1766.77773,0.03163
1764.84893,0.03018
1762.92014,0.03194
1760.99134,0.03288
1759.06254,0.03225
1757.13375,0.03179
1755.20495,0.03136
1753.27615,0.03386
1751.34736,0.03980
1749.41856,0.04263
1747.48976,0.04016
1745.56097,0.03735
1743.63217,0.03660
1741.70337,0.03710
1739.77458,0.03699
1737.84578,0.03731
1735.91698,0.04178
1733.98819,0.04643
1732.05939,0.04290
1730.13059,0.03634
1728.20180,0.03137
1726.27300,0.02901
1724.34420,0.02930
1722.41541,0.03129
1720.48661,0.03710
1718.55781,0.04657
1716.62902,0.05046
1714.70022,0.04499
1712.77142,0.03848
1710.84263,0.03614
1708.91383,0.03895
1706.98503,0.04540
1705.05624,0.05161
1703.12744,0.05826
1701.19864,0.06901
1699.26985,0.07812
1697.34105,0.08162
1695.41225,0.08310
1693.48346,0.08414
1691.55466,0.09004
1689.62586,0.10229
1687.69707,0.11791
1685.76827,0.13885
1683.83947,0.16044
1681.91068,0.16925
1679.98188,0.17421
1678.05308,0.18480
1676.12429,0.20080
1674.19549,0.21647
1672.26669,0.22925
1670.33790,0.24171
1668.40910,0.24909
1666.48030,0.25110
1664.55151,0.25573
1662.62271,0.26150
1660.69391,0.26258
1658.76512,0.26267
1656.83632,0.26850
1654.90752,0.28170
1652.97873,0.28966
1651.04993,0.28372
1649.12113,0.28323
1647.19234,0.28927
1645.26354,0.29066
1643.33474,0.29069
1641.40595,0.29800
1639.47715,0.31344
1637.54835,0.33601
1635.61956,0.35959
1633.69076,0.37279
1631.76197,0.38244
1629.83317,0.39747
1627.90437,0.41479
1625.97558,0.42909
1624.04678,0.43902
1622.11798,0.44223
1620.18919,0.44198
1618.26039,0.44338
1616.33159,0.44142
1614.40280,0.43413
1612.47400,0.42973
1610.54520,0.43061
1608.61641,0.43443
1606.68761,0.43976
1604.75881,0.44740
1602.83002,0.45703
1600.90122,0.46675
1598.97242,0.47564
1597.04363,0.48329
1595.11483,0.48796
1593.18603,0.48772
1591.25724,0.48271
1589.32844,0.47348
1587.39964,0.46045
1585.47085,0.44440
1583.54205,0.42594
1581.61325,0.40660
1579.68446,0.38981
1577.75566,0.37414
1575.82686,0.35090
1573.89807,0.32578
1571.96927,0.30852
1570.04047,0.29266
1568.11168,0.27312
1566.18288,0.25514
1564.25408,0.24218
1562.32529,0.23771
1560.39649,0.24118
1558.46769,0.23357
1556.53890,0.21132
1554.61010,0.19357
1552.68130,0.18170
1550.75251,0.17325
1548.82371,0.16622
1546.89491,0.16297
1544.96612,0.16550
1543.03732,0.17067
1541.10852,0.17223
1539.17973,0.16070
1537.25093,0.14605
1535.32213,0.14045
1533.39334,0.13787
1531.46454,0.13178
1529.53574,0.12792
1527.60695,0.12885
1525.67815,0.13052
1523.74935,0.13261
1521.82056,0.13402
1519.89176,0.13090
1517.96296,0.12622
1516.03417,0.12070
1514.10537,0.11494
1512.17657,0.11426
1510.24778,0.12149
1508.31898,0.13276
1506.39018,0.13167
1504.46139,0.11702
1502.53259,0.10928
1500.60379,0.11140
1498.67500,0.11803
1496.74620,0.12221
1494.81740,0.12283
1492.88861,0.12765
1490.95981,0.13972
1489.03101,0.15085
1487.10222,0.15465
1485.17342,0.15761
1483.24462,0.16523
1481.31583,0.17686
1479.38703,0.19062
1477.45823,0.20729
1475.52944,0.22686
1473.60064,0.24508
1471.67184,0.25495
1469.74305,0.25776
1467.81425,0.26293
1465.88545,0.27179
1463.95666,0.27712
1462.02786,0.27897
1460.09906,0.28454
1458.17027,0.29085
1456.24147,0.28224
1454.31267,0.26308
1452.38388,0.24722
1450.45508,0.23527
1448.52628,0.22357
1446.59749,0.20894
1444.66869,0.19367
1442.73989,0.18062
1440.81110,0.17101
1438.88230,0.16574
1436.95350,0.15975
1435.02471,0.14788
1433.09591,0.13664
1431.16711,0.12922
1429.23832,0.12198
1427.30952,0.11494
1425.38072,0.11050
1423.45193,0.10776
1421.52313,0.10710
1419.59433,0.10773
1417.66554,0.10291
1415.73674,0.09372
1413.80794,0.08712
1411.87915,0.08377
1409.95035,0.08153
1408.02155,0.08042
1406.09276,0.08051
1404.16396,0.07936
1402.23516,0.07788
1400.30637,0.07917
1398.37757,0.08155
1396.44877,0.08198
1394.51998,0.07912
1392.59118,0.07398
1390.66238,0.07134
1388.73359,0.07232
1386.80479,0.07200
1384.87599,0.06844
1382.94720,0.06551
1381.01840,0.06475
1379.08960,0.06500
1377.16081,0.06619
1375.23201,0.06768
1373.30321,0.06654
1371.37442,0.06333
1369.44562,0.06127
1367.51682,0.06059
1365.58803,0.06171
1363.65923,0.06444
1361.73043,0.06446
1359.80164,0.06100
1357.87284,0.05825
1355.94404,0.05741
1354.01525,0.05705
1352.08645,0.05669
1350.15765,0.05659
1348.22886,0.05652
1346.30006,0.05638
1344.37126,0.05692
1342.44247,0.05939
1340.51367,0.06284
1338.58487,0.06355
1336.65608,0.06079
1334.72728,0.05781
1332.79848,0.05627
1330.86969,0.05565
1328.94089,0.05522
1327.01209,0.05480
1325.08330,0.05442
1323.15450,0.05434
1321.22570,0.05482
1319.29691,0.05538
1317.36811,0.05519
1315.43931,0.05459
1313.51052,0.05409
1311.58172,0.05342
1309.65292,0.05278
1307.72413,0.05246
1305.79533,0.05227
1303.86653,0.05222
1301.93774,0.05242
1300.00894,0.05277
1298.08014,0.05317
1296.15135,0.05343
1294.22255,0.05347
1292.29375,0.05355
1290.36496,0.05387
1288.43616,0.05413
1286.50736,0.05395
1284.57857,0.05351
1282.64977,0.05325
1280.72097,0.05307
1278.79218,0.05276
1276.86338,0.05240
1274.93458,0.05229
1273.00579,0.05251
1271.07699,0.05267
1269.14820,0.05253
1267.21940,0.05234
1265.29060,0.05233
1263.36181,0.05249
1261.43301,0.05275
1259.50421,0.05285
1257.57542,0.05274
1255.64662,0.05270
1253.71782,0.05288
1251.78903,0.05321
1249.86023,0.05364
1247.93143,0.05408
1246.00264,0.05451
1244.07384,0.05493
1242.14504,0.05523
1240.21625,0.05538
1238.28745,0.05547
1236.35865,0.05557
1234.42986,0.05561
1232.50106,0.05565
1230.57226,0.05577
1228.64347,0.05590
1226.71467,0.05598
1224.78587,0.05601
1222.85708,0.05605
1220.92828,0.05624
1218.99948,0.05660
1217.07069,0.05702
1215.14189,0.05748
1213.21309,0.05803
1211.28430,0.05870
1209.35550,0.05946
1207.42670,0.06032
1205.49791,0.06131
1203.56911,0.06238
1201.64031,0.06352
1199.71152,0.06481
1197.78272,0.06629
1195.85392,0.06786
1193.92513,0.06950
1191.99633,0.07135
1190.06753,0.07347
1188.13874,0.07580
1186.20994,0.07818
1184.28114,0.08059
1182.35235,0.08327
1180.42355,0.08645
1178.49475,0.09011
1176.56596,0.09412
1174.63716,0.09837
1172.70836,0.10281
1170.77957,0.10745
1168.85077,0.11225
1166.92197,0.11706
1164.99318,0.12164
1163.06438,0.12570
1161.13558,0.12892
1159.20679,0.13104
1157.27799,0.13196
1155.34919,0.13161
1153.42040,0.13007
1151.49160,0.12758
1149.56280,0.12423
1147.63401,0.12014
1145.70521,0.11559
1143.77641,0.11085
1141.84762,0.10613
1139.91882,0.10156
1137.99002,0.09715
1136.06123,0.09296
1134.13243,0.08902
1132.20363,0.08542
1130.27484,0.08227
1128.34604,0.07954
1126.41724,0.07711
1124.48845,0.07495
1122.55965,0.07310
1120.63085,0.07157
1118.70206,0.07032
1116.77326,0.06922
1114.84446,0.06833
1112.91567,0.06769
1110.98687,0.06717
1109.05807,0.06676
1107.12928,0.06653
1105.20048,0.06644
1103.27168,0.06639
1101.34289,0.06638
1099.41409,0.06644
1097.48529,0.06656
1095.55650,0.06671
1093.62770,0.06689
1091.69890,0.06710
1089.77011,0.06736
1087.84131,0.06762
1085.91251,0.06776
1083.98372,0.06782
1082.05492,0.06793
1080.12612,0.06811
1078.19733,0.06832
1076.26853,0.06854
1074.33973,0.06877
1072.41094,0.06908
1070.48214,0.06940
1068.55334,0.06965
1066.62455,0.06983
1064.69575,0.07001
1062.76695,0.07011
1060.83816,0.06995
1058.90936,0.06965
1056.98056,0.06941
1055.05177,0.06916
1053.12297,0.06879
1051.19417,0.06832
1049.26538,0.06782
1047.33658,0.06730
1045.40778,0.06679
1043.47899,0.06621
1041.55019,0.06545
1039.62139,0.06456
1037.69260,0.06367
1035.76380,0.06282
1033.83500,0.06192
1031.90621,0.06103
1029.97741,0.06021
1028.04861,0.05936
1026.11982,0.05852
1024.19102,0.05787
1022.26222,0.05742
1020.33343,0.05699
1018.40463,0.05657
1016.47583,0.05632
1014.54704,0.05626
1012.61824,0.05628
1010.68944,0.05623
1008.76065,0.05602
1006.83185,0.05570
1004.90305,0.05526
1002.97426,0.05475
1001.04546,0.05427
999.11666,0.05388
997.18787,0.05355
995.25907,0.05317
993.33027,0.05272
991.40148,0.05228
989.47268,0.05184
987.54388,0.05126
985.61509,0.05056
983.68629,0.04990
981.75749,0.04929
979.82870,0.04859
977.89990,0.04779
975.97110,0.04702
974.04231,0.04639
972.11351,0.04587
970.18471,0.04544
968.25592,0.04518
966.32712,0.04511
964.39832,0.04510
962.46953,0.04505
960.54073,0.04490
958.61193,0.04468
956.68314,0.04440
954.75434,0.04415
952.82554,0.04407
950.89675,0.04410
948.96795,0.04398
947.03915,0.04366
945.11036,0.04326
943.18156,0.04279
941.25276,0.04219
939.32397,0.04152
937.39517,0.04086
935.46637,0.04014
933.53758,0.03935
931.60878,0.03854
929.67998,0.03781
927.75119,0.03724
925.82239,0.03673
923.89359,0.03607
921.96480,0.03525
920.03600,0.03455
918.10720,0.03410
916.17841,0.03381
914.24961,0.03359
912.32081,0.03346
910.39202,0.03342
908.46322,0.03330
906.53443,0.03304
904.60563,0.03277
902.67683,0.03267
900.74804,0.03267
898.81924,0.03252
896.89044,0.03215
894.96165,0.03164
893.03285,0.03107
891.10405,0.03041
889.17526,0.02965
887.24646,0.02879
885.31766,0.02782
883.38887,0.02683
881.46007,0.02592
879.53127,0.02513
877.60248,0.02450
875.67368,0.02395
873.74488,0.02341
871.81609,0.02296
869.88729,0.02260
867.95849,0.02229
866.02970,0.02208
864.10090,0.02207
862.17210,0.02216
860.24331,0.02217
858.31451,0.02212
856.38571,0.02207
854.45692,0.02211
852.52812,0.02225
850.59932,0.02228
848.67053,0.02211
846.74173,0.02186
844.81293,0.02163
842.88414,0.02130
840.95534,0.02082
839.02654,0.02039
837.09775,0.01999
835.16895,0.01953
833.24015,0.01906
831.31136,0.01868
829.38256,0.01830
827.45376,0.01788
825.52497,0.01759
823.59617,0.01765
821.66737,0.01798
819.73858,0.01820
817.80978,0.01830
815.88098,0.01867
813.95219,0.01935
812.02339,0.02000
810.09459,0.02054
808.16580,0.02119
806.23700,0.02193
804.30820,0.02281
802.37941,0.02384
800.45061,0.02487
798.52181,0.02585
796.59302,0.02683
794.66422,0.02777
792.73542,0.02847
790.80663,0.02903
788.87783,0.02958
786.94903,0.02997
785.02024,0.03002
783.09144,0.02959
781.16264,0.02876
779.23385,0.02762
777.30505,0.02629
775.37625,0.02496
773.44746,0.02393
771.51866,0.02339
769.58986,0.02312
767.66107,0.02291
765.73227,0.02294
763.80347,0.02316
761.87468,0.02320
759.94588,0.02319
758.01708,0.02348
756.08829,0.02399
754.15949,0.02436
752.23069,0.02460
750.30190,0.02479
748.37310,0.02468
