3496.90832,0.06506
3494.97953,0.06601
3493.05073,0.06503
3491.12193,0.06647
3489.19314,0.07148
3487.26434,0.07440
3485.33554,0.06884
3483.40675,0.06078
3481.47795,0.05937
3479.54915,0.06325
3477.62036,0.06826
3475.69156,0.07325
3473.76276,0.07413
3471.83397,0.06805
3469.90517,0.06161
3467.97637,0.06071
3466.04758,0.06327
3464.11878,0.06551
3462.18998,0.06558
3460.26119,0.06457
3458.33239,0.06372
3456.40359,0.06385
3454.47480,0.06570
3452.54600,0.06610
3450.61721,0.06214
3448.68841,0.05697
3446.75961,0.05815
3444.83082,0.06444
3442.90202,0.06563
3440.97322,0.06120
3439.04443,0.05644
3437.11563,0.05128
3435.18683,0.04900
3433.25804,0.05124
3431.32924,0.05240
3429.40044,0.05544
3427.47165,0.06416
3425.54285,0.06848
3423.61405,0.06344
3421.68526,0.05453
3419.75646,0.04805
3417.82766,0.04938
3415.89887,0.05272
3413.97007,0.05136
3412.04127,0.04953
3410.11248,0.04965
3408.18368,0.05020
3406.25488,0.04845
3404.32609,0.04518
3402.39729,0.04636
3400.46849,0.04891
3398.53970,0.04491
3396.61090,0.03864
3394.68210,0.04132
3392.75331,0.05077
3390.82451,0.05653
3388.89571,0.06161
3386.96692,0.06886
3385.03812,0.06629
3383.10932,0.05166
3381.18053,0.04350
3379.25173,0.05026
3377.32293,0.05924
3375.39414,0.06146
3373.46534,0.06004
3371.53654,0.05657
3369.60775,0.05295
3367.67895,0.05790
3365.75015,0.06814
3363.82136,0.06503
3361.89256,0.05146
3359.96376,0.04754
3358.03497,0.05379
3356.10617,0.06079
3354.17737,0.06652
3352.24858,0.06818
3350.31978,0.06772
3348.39098,0.06795
3346.46219,0.06336
3344.53339,0.05830
3342.60459,0.06243
3340.67580,0.06922
3338.74700,0.07131
3336.81820,0.07204
3334.88941,0.07304
3332.96061,0.06843
3331.03181,0.05842
3329.10302,0.05331
3327.17422,0.05283
3325.24542,0.04953
3323.31663,0.04745
3321.38783,0.05139
3319.45903,0.05585
3317.53024,0.05731
3315.60144,0.05614
3313.67264,0.05182
3311.74385,0.04704
3309.81505,0.04552
3307.88625,0.04779
3305.95746,0.04707
3304.02866,0.03707
3302.09986,0.02733
3300.17107,0.02732
3298.24227,0.03016
3296.31347,0.03089
3294.38468,0.03212
3292.45588,0.03169
3290.52708,0.02617
3288.59829,0.01936
3286.66949,0.01866
3284.74069,0.02784
3282.81190,0.04148
3280.88310,0.04951
3278.95430,0.05318
3277.02551,0.05734
3275.09671,0.05662
3273.16791,0.04926
3271.23912,0.04246
3269.31032,0.03836
3267.38152,0.03503
3265.45273,0.03298
3263.52393,0.03302
3261.59513,0.03626
3259.66634,0.04078
3257.73754,0.04200
3255.80874,0.04261
3253.87995,0.04683
3251.95115,0.05043
3250.02235,0.04770
3248.09356,0.04070
3246.16476,0.03623
3244.23596,0.03676
3242.30717,0.03722
3240.37837,0.03571
3238.44957,0.03766
3236.52078,0.04411
3234.59198,0.04976
3232.66318,0.05039
3230.73439,0.04613
3228.80559,0.03955
3226.87679,0.03372
3224.94800,0.03244
3223.01920,0.03661
3221.09040,0.04380
3219.16161,0.05168
3217.23281,0.05548
3215.30401,0.05431
3213.37522,0.05467
3211.44642,0.05829
3209.51762,0.05883
3207.58883,0.05346
3205.66003,0.04881
3203.73123,0.04961
3201.80244,0.05080
3199.87364,0.04987
3197.94484,0.05182
3196.01605,0.05593
3194.08725,0.05504
3192.15845,0.04921
3190.22966,0.04642
3188.30086,0.04895
3186.37206,0.05070
3184.44327,0.04964
3182.51447,0.04835
3180.58567,0.04658
3178.65688,0.04501
3176.72808,0.04450
3174.79928,0.04193
3172.87049,0.03707
3170.94169,0.03340
3169.01289,0.03181
3167.08410,0.03220
3165.15530,0.03549
3163.22650,0.04101
3161.29771,0.04438
3159.36891,0.04150
3157.44011,0.03770
3155.51132,0.04020
3153.58252,0.04481
3151.65372,0.04391
3149.72493,0.03833
3147.79613,0.03439
3145.86733,0.03508
3143.93854,0.03799
3142.00974,0.04061
3140.08094,0.04176
3138.15215,0.04028
3136.22335,0.03751
3134.29455,0.03712
3132.36576,0.03935
3130.43696,0.04053
3128.50816,0.03925
3126.57937,0.03798
3124.65057,0.03885
3122.72177,0.04017
3120.79298,0.03906
3118.86418,0.03727
3116.93538,0.03758
3115.00659,0.03807
3113.07779,0.03728
3111.14899,0.03688
3109.22020,0.03703
3107.29140,0.03727
3105.36260,0.03802
3103.43381,0.03848
3101.50501,0.03796
3099.57621,0.03731
3097.64742,0.03674
3095.71862,0.03605
3093.78982,0.03573
3091.86103,0.03561
3089.93223,0.03567
3088.00344,0.03658
3086.07464,0.03759
3084.14584,0.03781
3082.21705,0.03774
3080.28825,0.03737
3078.35945,0.03687
3076.43066,0.03710
3074.50186,0.03720
3072.57306,0.03626
3070.64427,0.03527
3068.71547,0.03491
3066.78667,0.03566
3064.85788,0.03737
3062.92908,0.03848
3061.00028,0.03838
3059.07149,0.03734
3057.14269,0.03589
3055.21389,0.03552
3053.28510,0.03631
3051.35630,0.03679
3049.42750,0.03663
3047.49871,0.03640
3045.56991,0.03629
3043.64111,0.03632
3041.71232,0.03667
3039.78352,0.03700
3037.85472,0.03721
3035.92593,0.03799
3033.99713,0.03896
3032.06833,0.03932
3030.13954,0.03930
3028.21074,0.03923
3026.28194,0.03920
3024.35315,0.03929
3022.42435,0.03956
3020.49555,0.03986
3018.56676,0.03987
3016.63796,0.03994
3014.70916,0.04026
3012.78037,0.04049
3010.85157,0.04076
3008.92277,0.04107
3006.99398,0.04103
3005.06518,0.04089
3003.13638,0.04088
3001.20759,0.04052
2999.27879,0.03988
2997.34999,0.03980
2995.42120,0.04055
2993.49240,0.04115
2991.56360,0.04097
2989.63481,0.04082
2987.70601,0.04094
2985.77721,0.04077
2983.84842,0.04093
2981.91962,0.04189
2979.99082,0.04267
2978.06203,0.04278
2976.13323,0.04293
2974.20443,0.04330
2972.27564,0.04356
2970.34684,0.04376
2968.41804,0.04382
2966.48925,0.04350
2964.56045,0.04326
2962.63165,0.04377
2960.70286,0.04473
2958.77406,0.04568
2956.84526,0.04677
2954.91647,0.04754
2952.98767,0.04723
2951.05887,0.04645
2949.13008,0.04629
2947.20128,0.04656
2945.27248,0.04655
2943.34369,0.04642
2941.41489,0.04660
2939.48609,0.04720
2937.55730,0.04808
2935.62850,0.04893
2933.69970,0.04950
2931.77091,0.04986
2929.84211,0.05001
2927.91331,0.04996
2925.98452,0.05006
2924.05572,0.05043
2922.12692,0.05084
2920.19813,0.05107
2918.26933,0.05100
2916.34053,0.05076
2914.41174,0.05040
2912.48294,0.04982
2910.55414,0.04914
2908.62535,0.04854
2906.69655,0.04798
2904.76775,0.04745
2902.83896,0.04708
2900.91016,0.04711
2898.98136,0.04758
2897.05257,0.04787
2895.12377,0.04753
2893.19497,0.04695
2891.26618,0.04658
2889.33738,0.04649
2887.40858,0.04661
2885.47979,0.04689
2883.55099,0.04724
2881.62219,0.04741
2879.69340,0.04727
2877.76460,0.04712
2875.83580,0.04715
2873.90701,0.04721
2871.97821,0.04720
2870.04941,0.04727
2868.12062,0.04763
2866.19182,0.04822
2864.26302,0.04870
2862.33423,0.04901
2860.40543,0.04931
2858.47663,0.04968
2856.54784,0.04993
2854.61904,0.04998
2852.69024,0.04999
2850.76145,0.05013
2848.83265,0.05031
2846.90385,0.05030
2844.97506,0.05010
2843.04626,0.04991
2841.11746,0.04965
2839.18867,0.04926
2837.25987,0.04898
2835.33107,0.04895
2833.40228,0.04903
2831.47348,0.04906
2829.54468,0.04899
2827.61589,0.04882
2825.68709,0.04865
2823.75829,0.04867
2821.82950,0.04890
2819.90070,0.04895
2817.97190,0.04865
2816.04311,0.04840
2814.11431,0.04848
2812.18551,0.04871
2810.25672,0.04875
2808.32792,0.04852
2806.39912,0.04828
2804.47033,0.04825
2802.54153,0.04833
2800.61273,0.04836
2798.68394,0.04812
2796.75514,0.04761
2794.82634,0.04713
2792.89755,0.04684
2790.96875,0.04680
2789.03995,0.04699
2787.11116,0.04699
2785.18236,0.04666
2783.25356,0.04643
2781.32477,0.04639
2779.39597,0.04629
2777.46717,0.04604
2775.53838,0.04579
2773.60958,0.04564
2771.68078,0.04547
2769.75199,0.04536
2767.82319,0.04557
2765.89439,0.04597
2763.96560,0.04614
2762.03680,0.04586
2760.10800,0.04543
2758.17921,0.04518
2756.25041,0.04510
2754.32161,0.04503
2752.39282,0.04476
2750.46402,0.04447
2748.53522,0.04451
2746.60643,0.04476
2744.67763,0.04485
2742.74883,0.04477
2740.82004,0.04471
2738.89124,0.04464
2736.96244,0.04464
2735.03365,0.04480
2733.10485,0.04495
2731.17605,0.04503
2729.24726,0.04513
2727.31846,0.04520
2725.38967,0.04513
2723.46087,0.04492
2721.53207,0.04487
2719.60328,0.04509
2717.67448,0.04526
2715.74568,0.04523
2713.81689,0.04517
2711.88809,0.04508
2709.95929,0.04501
2708.03050,0.04494
2706.10170,0.04488
2704.17290,0.04490
2702.24411,0.04487
2700.31531,0.04475
2698.38651,0.04464
2696.45772,0.04453
2694.52892,0.04450
2692.60012,0.04462
2690.67133,0.04461
2688.74253,0.04438
2686.81373,0.04422
2684.88494,0.04431
2682.95614,0.04450
2681.02734,0.04458
2679.09855,0.04462
2677.16975,0.04473
2675.24095,0.04478
2673.31216,0.04462
2671.38336,0.04438
2669.45456,0.04436
2667.52577,0.04453
2665.59697,0.04463
2663.66817,0.04465
2661.73938,0.04464
2659.81058,0.04455
2657.88178,0.04443
2655.95299,0.04438
2654.02419,0.04441
2652.09539,0.04445
2650.16660,0.04440
2648.23780,0.04435
2646.30900,0.04443
2644.38021,0.04459
2642.45141,0.04479
2640.52261,0.04492
2638.59382,0.04491
2636.66502,0.04493
2634.73622,0.04495
2632.80743,0.04490
2630.87863,0.04491
2628.94983,0.04516
2627.02104,0.04549
2625.09224,0.04569
2623.16344,0.04577
2621.23465,0.04585
2619.30585,0.04593
2617.37705,0.04584
2615.44826,0.04562
2613.51946,0.04551
2611.59066,0.04548
2609.66187,0.04537
2607.73307,0.04525
2605.80427,0.04527
2603.87548,0.04556
2601.94668,0.04586
2600.01788,0.04575
2598.08909,0.04555
2596.16029,0.04573
2594.23149,0.04602
2592.30270,0.04611
2590.37390,0.04614
2588.44510,0.04603
2586.51631,0.04571
2584.58751,0.04561
2582.65871,0.04568
2580.72992,0.04538
2578.80112,0.04504
2576.87232,0.04518
2574.94353,0.04540
2573.01473,0.04538
2571.08593,0.04567
2569.15714,0.04629
2567.22834,0.04643
2565.29954,0.04601
2563.37075,0.04556
2561.44195,0.04527
2559.51315,0.04512
2557.58436,0.04514
2555.65556,0.04517
2553.72676,0.04492
2551.79797,0.04445
2549.86917,0.04430
2547.94037,0.04458
2546.01158,0.04479
2544.08278,0.04482
2542.15398,0.04482
2540.22519,0.04485
2538.29639,0.04501
2536.36759,0.04507
2534.43880,0.04505
2532.51000,0.04536
2530.58120,0.04560
2528.65241,0.04532
2526.72361,0.04486
2524.79481,0.04441
2522.86602,0.04402
2520.93722,0.04400
2519.00842,0.04432
2517.07963,0.04461
2515.15083,0.04479
2513.22203,0.04470
2511.29324,0.04422
2509.36444,0.04373
2507.43564,0.04354
2505.50685,0.04370
2503.57805,0.04397
2501.64925,0.04403
2499.72046,0.04393
2497.79166,0.04374
2495.86286,0.04343
2493.93407,0.04336
2492.00527,0.04344
2490.07647,0.04331
2488.14768,0.04340
2486.21888,0.04378
2484.29008,0.04383
2482.36129,0.04365
2480.43249,0.04369
2478.50369,0.04379
2476.57490,0.04382
2474.64610,0.04396
2472.71730,0.04410
2470.78851,0.04404
2468.85971,0.04375
2466.93091,0.04347
2465.00212,0.04350
2463.07332,0.04366
2461.14452,0.04344
2459.21573,0.04298
2457.28693,0.04283
2455.35813,0.04280
2453.42934,0.04262
2451.50054,0.04253
2449.57174,0.04240
2447.64295,0.04201
2445.71415,0.04177
2443.78535,0.04175
2441.85656,0.04173
2439.92776,0.04198
2437.99896,0.04234
2436.07017,0.04229
2434.14137,0.04213
2432.21257,0.04226
2430.28378,0.04240
2428.35498,0.04239
2426.42618,0.04243
2424.49739,0.04240
2422.56859,0.04198
2420.63979,0.04135
2418.71100,0.04086
2416.78220,0.04057
2414.85340,0.04038
2412.92461,0.04012
2410.99581,0.04001
2409.06701,0.04027
2407.13822,0.04045
2405.20942,0.04012
2403.28062,0.03953
2401.35183,0.03902
2399.42303,0.03865
2397.49423,0.03841
2395.56544,0.03828
2393.63664,0.03830
2391.70784,0.03854
2389.77905,0.03916
2387.85025,0.04099
2385.92145,0.04505
2383.99266,0.05182
2382.06386,0.06126
2380.13506,0.07295
2378.20627,0.08584
2376.27747,0.09879
2374.34867,0.11181
2372.41988,0.12533
2370.49108,0.13885
2368.56228,0.15155
2366.63349,0.16296
2364.70469,0.17237
2362.77589,0.17868
2360.84710,0.18096
2358.91830,0.17862
2356.98951,0.17138
2355.06071,0.15934
2353.13191,0.14302
2351.20312,0.12625
2349.27432,0.11733
2347.34552,0.12121
2345.41673,0.13310
2343.48793,0.14115
2341.55913,0.14189
2339.63034,0.13998
2337.70154,0.13761
2335.77274,0.13537
2333.84395,0.13452
2331.91515,0.13482
2329.98635,0.13325
2328.05756,0.12907
2326.12876,0.12521
2324.19996,0.12299
2322.27117,0.12009
2320.34237,0.11391
2318.41357,0.10531
2316.48478,0.09777
2314.55598,0.09328
2312.62718,0.09026
2310.69839,0.08619
2308.76959,0.08077
2306.84079,0.07492
2304.91200,0.06945
2302.98320,0.06482
2301.05440,0.06095
2299.12561,0.05767
2297.19681,0.05506
2295.26801,0.05297
2293.33922,0.05087
2291.41042,0.04855
2289.48162,0.04655
2287.55283,0.04513
2285.62403,0.04408
2283.69523,0.04361
2281.76644,0.04381
2279.83764,0.04442
2277.90884,0.04532
2275.98005,0.04620
2274.05125,0.04641
2272.12245,0.04610
2270.19366,0.04623
2268.26486,0.04704
2266.33606,0.04787
2264.40727,0.04791
2262.47847,0.04719
2260.54967,0.04664
2258.62088,0.04686
2256.69208,0.04753
2254.76328,0.04785
2252.83449,0.04748
2250.90569,0.04677
2248.97689,0.04603
2247.04810,0.04567
2245.11930,0.04624
2243.19050,0.04721
2241.26171,0.04762
2239.33291,0.04759
2237.40411,0.04781
2235.47532,0.04840
2233.54652,0.04876
2231.61772,0.04874
2229.68893,0.04933
2227.76013,0.05033
2225.83133,0.05077
2223.90254,0.05140
2221.97374,0.05240
2220.04494,0.05298
2218.11615,0.05301
2216.18735,0.05266
2214.25855,0.05256
2212.32976,0.05282
2210.40096,0.05322
2208.47216,0.05402
2206.54337,0.05375
2204.61457,0.05181
2202.68577,0.05143
2200.75698,0.05396
2198.82818,0.05605
2196.89938,0.05521
2194.97059,0.05355
2193.04179,0.05390
2191.11299,0.05550
2189.18420,0.05696
2187.25540,0.05814
2185.32660,0.05852
2183.39781,0.05825
2181.46901,0.05813
2179.54021,0.05814
2177.61142,0.05853
2175.68262,0.05930
2173.75382,0.05964
2171.82503,0.05988
2169.89623,0.06072
2167.96743,0.06149
2166.03864,0.06217
2164.10984,0.06429
2162.18104,0.06902
2160.25225,0.07394
2158.32345,0.07418
2156.39465,0.06949
2154.46586,0.06359
2152.53706,0.05891
2150.60826,0.05565
2148.67947,0.05308
2146.75067,0.05126
2144.82187,0.05027
2142.89308,0.04899
2140.96428,0.04679
2139.03548,0.04525
2137.10669,0.04473
2135.17789,0.04370
2133.24909,0.04210
2131.32030,0.04090
2129.39150,0.04026
2127.46270,0.03962
2125.53391,0.03859
2123.60511,0.03724
2121.67631,0.03574
2119.74752,0.03449
2117.81872,0.03423
2115.88992,0.03512
2113.96113,0.03580
2112.03233,0.03547
2110.10353,0.03515
2108.17474,0.03547
2106.24594,0.03581
2104.31714,0.03594
2102.38835,0.03602
2100.45955,0.03580
2098.53075,0.03522
2096.60196,0.03464
2094.67316,0.03422
2092.74436,0.03380
2090.81557,0.03365
2088.88677,0.03423
2086.95797,0.03527
2085.02918,0.03592
2083.10038,0.03595
2081.17158,0.03618
2079.24279,0.03667
2077.31399,0.03688
2075.38519,0.03696
2073.45640,0.03705
2071.52760,0.03739
2069.59880,0.03831
2067.67001,0.03953
2065.74121,0.04007
2063.81241,0.03925
2061.88362,0.03820
2059.95482,0.03798
2058.02602,0.03781
2056.09723,0.03766
2054.16843,0.03827
2052.23963,0.03915
2050.31084,0.04010
2048.38204,0.04152
2046.45324,0.04306
2044.52445,0.04474
2042.59565,0.04676
2040.66685,0.04826
2038.73806,0.04859
2036.80926,0.04821
2034.88046,0.04777
2032.95167,0.04778
2031.02287,0.04830
2029.09407,0.04881
2027.16528,0.04904
2025.23648,0.04864
2023.30768,0.04795
2021.37889,0.04741
2019.45009,0.04736
2017.52129,0.04858
2015.59250,0.04893
2013.66370,0.04669
2011.73490,0.04421
2009.80611,0.04263
2007.87731,0.04098
2005.94851,0.03908
2004.01972,0.03827
2002.09092,0.03948
2000.16212,0.04141
1998.23333,0.04225
1996.30453,0.04175
1994.37574,0.04107
1992.44694,0.04073
1990.51814,0.04013
1988.58935,0.03945
1986.66055,0.03918
1984.73175,0.03901
1982.80296,0.03921
1980.87416,0.04050
1978.94536,0.04195
1977.01657,0.04212
1975.08777,0.04159
1973.15897,0.04041
1971.23018,0.03831
1969.30138,0.03744
1967.37258,0.03874
1965.44379,0.03964
1963.51499,0.03849
1961.58619,0.03673
1959.65740,0.03543
1957.72860,0.03440
1955.79980,0.03352
1953.87101,0.03284
1951.94221,0.03243
1950.01341,0.03241
1948.08462,0.03276
1946.15582,0.03373
1944.22702,0.03517
1942.29823,0.03497
1940.36943,0.03249
1938.44063,0.03023
1936.51184,0.02961
1934.58304,0.03017
1932.65424,0.03054
1930.72545,0.03026
1928.79665,0.03015
1926.86785,0.03084
1924.93906,0.03226
1923.01026,0.03303
1921.08146,0.03303
1919.15267,0.03318
1917.22387,0.03205
1915.29507,0.02971
1913.36628,0.02890
1911.43748,0.02971
1909.50868,0.03005
1907.57989,0.02910
1905.65109,0.02790
1903.72229,0.02735
1901.79350,0.02723
1899.86470,0.02734
1897.93590,0.02796
1896.00711,0.02875
1894.07831,0.02913
1892.14951,0.03005
1890.22072,0.03149
1888.29192,0.03121
1886.36312,0.02960
1884.43433,0.02869
1882.50553,0.02854
1880.57673,0.02853
1878.64794,0.02832
1876.71914,0.02793
1874.79034,0.02787
1872.86155,0.02946
1870.93275,0.03342
1869.00395,0.03638
1867.07516,0.03440
1865.14636,0.03023
1863.21756,0.02779
1861.28877,0.02705
1859.35997,0.02685
1857.43117,0.02665
1855.50238,0.02635
1853.57358,0.02623
1851.64478,0.02674
1849.71599,0.02839
1847.78719,0.03136
1845.85839,0.03508
1843.92960,0.03589
1842.00080,0.03229
1840.07200,0.02925
1838.14321,0.02878
1836.21441,0.02882
1834.28561,0.02923
1832.35682,0.03203
1830.42802,0.03539
1828.49922,0.03565
1826.57043,0.03454
1824.64163,0.03298
1822.71283,0.02999
1820.78404,0.02765
1818.85524,0.02715
1816.92644,0.02711
1814.99765,0.02730
1813.06885,0.02867
1811.14005,0.03002
1809.21126,0.02941
1807.28246,0.02785
1805.35366,0.02784
1803.42487,0.03029
1801.49607,0.03295
1799.56727,0.03302
1797.63848,0.03196
1795.70968,0.03325
1793.78088,0.03706
1791.85209,0.03823
1789.92329,0.03405
1787.99449,0.03046
1786.06570,0.03041
1784.13690,0.03145
1782.20810,0.03228
1780.27931,0.03247
1778.35051,0.03187
1776.42171,0.03299
1774.49292,0.03741
1772.56412,0.04138
1770.63532,0.04014
1768.70653,0.03577
1766.77773,0.03151
1764.84893,0.03009
1762.92014,0.03190
1760.99134,0.03283
1759.06254,0.03216
1757.13375,0.03170
1755.20495,0.03134
1753.27615,0.03384
1751.34736,0.03971
1749.41856,0.04253
1747.48976,0.04015
1745.56097,0.03742
1743.63217,0.03667
1741.70337,0.03711
1739.77458,0.03692
1737.84578,0.03719
1735.91698,0.04163
1733.98819,0.04629
1732.05939,0.04283
1730.13059,0.03635
1728.20180,0.03144
1726.27300,0.02908
1724.34420,0.02936
1722.41541,0.03136
1720.48661,0.03721
1718.55781,0.04673
1716.62902,0.05053
1714.70022,0.04490
1712.77142,0.03839
1710.84263,0.03609
1708.91383,0.03890
1706.98503,0.04535
1705.05624,0.05157
1703.12744,0.05821
1701.19864,0.06896
1699.26985,0.07810
1697.34105,0.08162
1695.41225,0.08306
1693.48346,0.08406
1691.55466,0.08995
1689.62586,0.10221
1687.69707,0.11786
1685.76827,0.13885
1683.83947,0.16048
1681.91068,0.16927
1679.98188,0.17422
1678.05308,0.18485
1676.12429,0.20080
1674.19549,0.21638
1672.26669,0.22920
1670.33790,0.24181
1668.40910,0.24927
1666.48030,0.25125
1664.55151,0.25582
1662.62271,0.26151
1660.69391,0.26256
1658.76512,0.26276
1656.83632,0.26869
1654.90752,0.28176
1652.97873,0.28946
1651.04993,0.28338
1649.12113,0.28288
1647.19234,0.28905
1645.26354,0.29065
1643.33474,0.29074
1641.40595,0.29794
1639.47715,0.31320
1637.54835,0.33566
1635.61956,0.35932
1633.69076,0.37281
1631.76197,0.38269
1629.83317,0.39779
1627.90437,0.41504
1625.97558,0.42916
1624.04678,0.43893
1622.11798,0.44219
1620.18919,0.44202
1618.26039,0.44338
1616.33159,0.44135
1614.40280,0.43400
1612.47400,0.42951
1610.54520,0.43033
1608.61641,0.43424
1606.68761,0.43974
1604.75881,0.44748
1602.83002,0.45716
1600.90122,0.46692
1598.97242,0.47569
1597.04363,0.48308
1595.11483,0.48754
1593.18603,0.48730
1591.25724,0.48257
1589.32844,0.47357
1587.39964,0.46044
1585.47085,0.44415
1583.54205,0.42561
1581.61325,0.40629
1579.68446,0.38959
1577.75566,0.37406
1575.82686,0.35090
1573.89807,0.32574
1571.96927,0.30846
1570.04047,0.29260
1568.11168,0.27304
1566.18288,0.25503
1564.25408,0.24208
1562.32529,0.23767
1560.39649,0.24131
1558.46769,0.23381
1556.53890,0.21144
1554.61010,0.19354
1552.68130,0.18165
1550.75251,0.17322
1548.82371,0.16617
1546.89491,0.16287
1544.96612,0.16542
1543.03732,0.17067
1541.10852,0.17228
1539.17973,0.16072
1537.25093,0.14600
1535.32213,0.14037
1533.39334,0.13780
1531.46454,0.13172
1529.53574,0.12789
1527.60695,0.12885
1525.67815,0.13054
1523.74935,0.13263
1521.82056,0.13401
1519.89176,0.13086
1517.96296,0.12615
1516.03417,0.12062
1514.10537,0.11489
1512.17657,0.11423
1510.24778,0.12147
1508.31898,0.13276
1506.39018,0.13170
1504.46139,0.11708
1502.53259,0.10933
1500.60379,0.11141
1498.67500,0.11799
1496.74620,0.12215
1494.81740,0.12279
1492.88861,0.12759
1490.95981,0.13966
1489.03101,0.15083
1487.10222,0.15466
1485.17342,0.15763
1483.24462,0.16521
1481.31583,0.17679
1479.38703,0.19054
1477.45823,0.20726
1475.52944,0.22687
1473.60064,0.24510
1471.67184,0.25495
1469.74305,0.25773
1467.81425,0.26292
1465.88545,0.27177
1463.95666,0.27704
1462.02786,0.27884
1460.09906,0.28442
1458.17027,0.29074
1456.24147,0.28212
1454.31267,0.26297
1452.38388,0.24715
1450.45508,0.23519
1448.52628,0.22347
1446.59749,0.20886
1444.66869,0.19363
1442.73989,0.18060
1440.81110,0.17100
1438.88230,0.16575
1436.95350,0.15978
1435.02471,0.14790
1433.09591,0.13663
1431.16711,0.12918
1429.23832,0.12192
1427.30952,0.11485
1425.38072,0.11040
1423.45193,0.10769
1421.52313,0.10707
1419.59433,0.10772
1417.66554,0.10289
1415.73674,0.09369
1413.80794,0.08708
1411.87915,0.08375
1409.95035,0.08150
1408.02155,0.08036
1406.09276,0.08044
1404.16396,0.07929
1402.23516,0.07780
1400.30637,0.07909
1398.37757,0.08147
1396.44877,0.08190
1394.51998,0.07906
1392.59118,0.07395
1390.66238,0.07133
1388.73359,0.07230
1386.80479,0.07197
1384.87599,0.06841
1382.94720,0.06547
1381.01840,0.06471
1379.08960,0.06497
1377.16081,0.06617
1375.23201,0.06767
1373.30321,0.06653
1371.37442,0.06330
1369.44562,0.06123
1367.51682,0.06054
1365.58803,0.06166
1363.65923,0.06439
1361.73043,0.06440
1359.80164,0.06094
1357.87284,0.05820
1355.94404,0.05737
1354.01525,0.05702
1352.08645,0.05665
1350.15765,0.05656
1348.22886,0.05650
1346.30006,0.05637
1344.37126,0.05690
1342.44247,0.05936
1340.51367,0.06283
1338.58487,0.06356
1336.65608,0.06081
1334.72728,0.05783
1332.79848,0.05630
1330.86969,0.05564
1328.94089,0.05517
1327.01209,0.05473
1325.08330,0.05437
1323.15450,0.05430
1321.22570,0.05479
1319.29691,0.05536
1317.36811,0.05518
1315.43931,0.05458
1313.51052,0.05407
1311.58172,0.05338
1309.65292,0.05274
1307.72413,0.05243
1305.79533,0.05225
1303.86653,0.05222
1301.93774,0.05241
1300.00894,0.05274
1298.08014,0.05314
1296.15135,0.05339
1294.22255,0.05343
1292.29375,0.05351
1290.36496,0.05382
1288.43616,0.05407
1286.50736,0.05389
1284.57857,0.05347
1282.64977,0.05320
1280.72097,0.05302
1278.79218,0.05273
1276.86338,0.05241
1274.93458,0.05231
1273.00579,0.05252
1271.07699,0.05266
1269.14820,0.05249
1267.21940,0.05227
1265.29060,0.05226
1263.36181,0.05245
1261.43301,0.05270
1259.50421,0.05278
1257.57542,0.05266
1255.64662,0.05263
1253.71782,0.05283
1251.78903,0.05319
1249.86023,0.05361
1247.93143,0.05402
1246.00264,0.05445
1244.07384,0.05487
1242.14504,0.05519
1240.21625,0.05537
1238.28745,0.05548
1236.35865,0.05557
1234.42986,0.05561
1232.50106,0.05565
1230.57226,0.05577
1228.64347,0.05591
1226.71467,0.05599
1224.78587,0.05601
1222.85708,0.05605
1220.92828,0.05624
1218.99948,0.05660
1217.07069,0.05701
1215.14189,0.05745
1213.21309,0.05798
1211.28430,0.05862
1209.35550,0.05938
1207.42670,0.06024
1205.49791,0.06123
1203.56911,0.06230
1201.64031,0.06344
1199.71152,0.06474
1197.78272,0.06623
1195.85392,0.06782
1193.92513,0.06947
1191.99633,0.07132
1190.06753,0.07346
1188.13874,0.07577
1186.20994,0.07813
1184.28114,0.08054
1182.35235,0.08324
1180.42355,0.08642
1178.49475,0.09009
1176.56596,0.09413
1174.63716,0.09840
1172.70836,0.10281
1170.77957,0.10740
1168.85077,0.11218
1166.92197,0.11698
1164.99318,0.12154
1163.06438,0.12560
1161.13558,0.12883
1159.20679,0.13097
1157.27799,0.13190
1155.34919,0.13156
1153.42040,0.13002
1151.49160,0.12750
1149.56280,0.12415
1147.63401,0.12009
1145.70521,0.11557
1143.77641,0.11084
1141.84762,0.10611
1139.91882,0.10152
1137.99002,0.09711
1136.06123,0.09290
1134.13243,0.08896
1132.20363,0.08538
1130.27484,0.08225
1128.34604,0.07952
1126.41724,0.07708
1124.48845,0.07490
1122.55965,0.07304
1120.63085,0.07154
1118.70206,0.07027
1116.77326,0.06917
1114.84446,0.06827
1112.91567,0.06761
1110.98687,0.06710
1109.05807,0.06671
1107.12928,0.06647
1105.20048,0.06637
1103.27168,0.06632
1101.34289,0.06632
1099.41409,0.06642
1097.48529,0.06656
1095.55650,0.06671
1093.62770,0.06690
1091.69890,0.06710
1089.77011,0.06734
1087.84131,0.06758
1085.91251,0.06772
1083.98372,0.06779
1082.05492,0.06791
1080.12612,0.06809
1078.19733,0.06830
1076.26853,0.06852
1074.33973,0.06876
1072.41094,0.06907
1070.48214,0.06940
1068.55334,0.06962
1066.62455,0.06976
1064.69575,0.06993
1062.76695,0.07004
1060.83816,0.06990
1058.90936,0.06961
1056.98056,0.06937
1055.05177,0.06913
1053.12297,0.06877
1051.19417,0.06832
1049.26538,0.06783
1047.33658,0.06732
1045.40778,0.06681
1043.47899,0.06622
1041.55019,0.06546
1039.62139,0.06456
1037.69260,0.06369
1035.76380,0.06285
1033.83500,0.06195
1031.90621,0.06104
1029.97741,0.06020
1028.04861,0.05936
1026.11982,0.05851
1024.19102,0.05783
1022.26222,0.05734
1020.33343,0.05690
1018.40463,0.05648
1016.47583,0.05625
1014.54704,0.05619
1012.61824,0.05621
1010.68944,0.05617
1008.76065,0.05598
1006.83185,0.05566
1004.90305,0.05521
1002.97426,0.05469
1001.04546,0.05421
999.11666,0.05383
997.18787,0.05352
995.25907,0.05316
993.33027,0.05273
991.40148,0.05230
989.47268,0.05187
987.54388,0.05130
985.61509,0.05059
983.68629,0.04990
981.75749,0.04925
979.82870,0.04853
977.89990,0.04774
975.97110,0.04698
974.04231,0.04634
972.11351,0.04579
970.18471,0.04535
968.25592,0.04511
966.32712,0.04506
964.39832,0.04507
962.46953,0.04503
960.54073,0.04490
958.61193,0.04467
956.68314,0.04439
954.75434,0.04413
952.82554,0.04405
950.89675,0.04409
948.96795,0.04397
947.03915,0.04365
945.11036,0.04327
943.18156,0.04284
941.25276,0.04225
939.32397,0.04156
937.39517,0.04087
935.46637,0.04015
933.53758,0.03937
931.60878,0.03856
929.67998,0.03781
927.75119,0.03722
925.82239,0.03671
923.89359,0.03605
921.96480,0.03524
920.03600,0.03453
918.10720,0.03409
916.17841,0.03381
914.24961,0.03357
912.32081,0.03341
910.39202,0.03336
908.46322,0.03328
906.53443,0.03303
904.60563,0.03275
902.67683,0.03264
900.74804,0.03262
898.81924,0.03249
896.89044,0.03215
894.96165,0.03166
893.03285,0.03108
891.10405,0.03041
889.17526,0.02966
887.24646,0.02880
885.31766,0.02779
883.38887,0.02677
881.46007,0.02590
879.53127,0.02516
877.60248,0.02450
875.67368,0.02392
873.74488,0.02341
871.81609,0.02298
869.88729,0.02260
867.95849,0.02225
866.02970,0.02202
864.10090,0.02201
862.17210,0.02209
860.24331,0.02210
858.31451,0.02208
856.38571,0.02208
854.45692,0.02214
852.52812,0.02225
850.59932,0.02225
848.67053,0.02207
846.74173,0.02187
844.81293,0.02167
842.88414,0.02131
840.95534,0.02084
839.02654,0.02049
837.09775,0.02018
835.16895,0.01974
833.24015,0.01922
831.31136,0.01871
829.38256,0.01823
827.45376,0.01783
825.52497,0.01759
823.59617,0.01764
821.66737,0.01791
819.73858,0.01813
817.80978,0.01829
815.88098,0.01861
813.95219,0.01908
812.02339,0.01960
810.09459,0.02028
808.16580,0.02116
806.23700,0.02206
804.30820,0.02294
802.37941,0.02384
800.45061,0.02474
798.52181,0.02565
796.59302,0.02659
794.66422,0.02752
792.73542,0.02834
790.80663,0.02906
788.87783,0.02970
786.94903,0.03017
785.02024,0.03030
783.09144,0.02988
781.16264,0.02891
779.23385,0.02761
777.30505,0.02618
775.37625,0.02481
773.44746,0.02381
771.51866,0.02333
769.58986,0.02314
767.66107,0.02304
765.73227,0.02300
763.80347,0.02302
761.87468,0.02305
759.94588,0.02310
758.01708,0.02348
756.08829,0.02419
754.15949,0.02480
752.23069,0.02518
750.30190,0.02541
748.37310,0.02536
