3496.90832,0.06723
3494.97953,0.06608
3493.05073,0.06501
3491.12193,0.06519
3489.19314,0.06786
3487.26434,0.06916
3485.33554,0.06652
3483.40675,0.06685
3481.47795,0.07179
3479.54915,0.07560
3477.62036,0.07532
3475.69156,0.07019
3473.76276,0.06552
3471.83397,0.06542
3469.90517,0.06585
3467.97637,0.06541
3466.04758,0.06576
3464.11878,0.06678
3462.18998,0.06772
3460.26119,0.06716
3458.33239,0.06409
3456.40359,0.06065
3454.47480,0.06208
3452.54600,0.06707
3450.61721,0.06823
3448.68841,0.06658
3446.75961,0.06760
3444.83082,0.06859
3442.90202,0.06538
3440.97322,0.05979
3439.04443,0.05342
3437.11563,0.04674
3435.18683,0.04406
3433.25804,0.04660
3431.32924,0.04655
3429.40044,0.04285
3427.47165,0.04431
3425.54285,0.04955
3423.61405,0.05230
3421.68526,0.05358
3419.75646,0.05461
3417.82766,0.05552
3415.89887,0.05599
3413.97007,0.05304
3412.04127,0.04748
3410.11248,0.04411
3408.18368,0.04455
3406.25488,0.04631
3404.32609,0.04581
3402.39729,0.04403
3400.46849,0.04537
3398.53970,0.04780
3396.61090,0.04461
3394.68210,0.04056
3392.75331,0.04358
3390.82451,0.04614
3388.89571,0.04535
3386.96692,0.04641
3385.03812,0.04449
3383.10932,0.04027
3381.18053,0.04247
3379.25173,0.04926
3377.32293,0.05537
3375.39414,0.05833
3373.46534,0.05612
3371.53654,0.05264
3369.60775,0.05337
3367.67895,0.05975
3365.75015,0.06658
3363.82136,0.06546
3361.89256,0.05885
3359.96376,0.05506
3358.03497,0.05630
3356.10617,0.06073
3354.17737,0.06388
3352.24858,0.06602
3350.31978,0.06919
3348.39098,0.07069
3346.46219,0.06633
3344.53339,0.05975
3342.60459,0.05855
3340.67580,0.06015
3338.74700,0.05766
3336.81820,0.05233
3334.88941,0.05021
3332.96061,0.04963
3331.03181,0.04775
3329.10302,0.05006
3327.17422,0.05219
3325.24542,0.04838
3323.31663,0.04563
3321.38783,0.04638
3319.45903,0.04744
3317.53024,0.04654
3315.60144,0.04233
3313.67264,0.03959
3311.74385,0.04063
3309.81505,0.04260
3307.88625,0.04688
3305.95746,0.05063
3304.02866,0.04786
3302.09986,0.04184
3300.17107,0.03708
3298.24227,0.03441
3296.31347,0.03583
3294.38468,0.03976
3292.45588,0.04210
3290.52708,0.04214
3288.59829,0.04067
3286.66949,0.03721
3284.74069,0.03331
3282.81190,0.03345
3280.88310,0.03931
3278.95430,0.04849
3277.02551,0.05652
3275.09671,0.05702
3273.16791,0.05114
3271.23912,0.04732
3269.31032,0.04378
3267.38152,0.03744
3265.45273,0.03404
3263.52393,0.03128
3261.59513,0.02579
3259.66634,0.02569
3257.73754,0.03370
3255.80874,0.04159
3253.87995,0.04245
3251.95115,0.03834
3250.02235,0.03515
3248.09356,0.03224
3246.16476,0.02805
3244.23596,0.02885
3242.30717,0.03478
3240.37837,0.03977
3238.44957,0.04441
3236.52078,0.04950
3234.59198,0.05225
3232.66318,0.05067
3230.73439,0.04613
3228.80559,0.04307
3226.87679,0.04270
3224.94800,0.04211
3223.01920,0.04170
3221.09040,0.04440
3219.16161,0.04952
3217.23281,0.05474
3215.30401,0.05748
3213.37522,0.05714
3211.44642,0.05818
3209.51762,0.05994
3207.58883,0.05671
3205.66003,0.05195
3203.73123,0.05277
3201.80244,0.05686
3199.87364,0.05804
3197.94484,0.05679
3196.01605,0.05548
3194.08725,0.05335
3192.15845,0.05053
3190.22966,0.04982
3188.30086,0.05103
3186.37206,0.04893
3184.44327,0.04386
3182.51447,0.04198
3180.58567,0.04529
3178.65688,0.05048
3176.72808,0.05218
3174.79928,0.05029
3172.87049,0.04913
3170.94169,0.04791
3169.01289,0.04414
3167.08410,0.04034
3165.15530,0.04003
3163.22650,0.04195
3161.29771,0.04246
3159.36891,0.04094
3157.44011,0.04035
3155.51132,0.04198
3153.58252,0.04270
3151.65372,0.04035
3149.72493,0.03664
3147.79613,0.03499
3145.86733,0.03645
3143.93854,0.03836
3142.00974,0.03938
3140.08094,0.03995
3138.15215,0.03982
3136.22335,0.03983
3134.29455,0.04042
3132.36576,0.04076
3130.43696,0.04129
3128.50816,0.04099
3126.57937,0.03939
3124.65057,0.03944
3122.72177,0.04109
3120.79298,0.04138
3118.86418,0.04003
3116.93538,0.03863
3115.00659,0.03765
3113.07779,0.03705
3111.14899,0.03784
3109.22020,0.03944
3107.29140,0.04001
3105.36260,0.03951
3103.43381,0.03845
3101.50501,0.03815
3099.57621,0.03893
3097.64742,0.03821
3095.71862,0.03591
3093.78982,0.03481
3091.86103,0.03482
3089.93223,0.03521
3088.00344,0.03630
3086.07464,0.03711
3084.14584,0.03708
3082.21705,0.03693
3080.28825,0.03701
3078.35945,0.03692
3076.43066,0.03678
3074.50186,0.03691
3072.57306,0.03681
3070.64427,0.03640
3068.71547,0.03593
3066.78667,0.03600
3064.85788,0.03681
3062.92908,0.03660
3061.00028,0.03556
3059.07149,0.03570
3057.14269,0.03638
3055.21389,0.03653
3053.28510,0.03640
3051.35630,0.03611
3049.42750,0.03586
3047.49871,0.03615
3045.56991,0.03689
3043.64111,0.03751
3041.71232,0.03793
3039.78352,0.03818
3037.85472,0.03834
3035.92593,0.03879
3033.99713,0.03924
3032.06833,0.03928
3030.13954,0.03895
3028.21074,0.03860
3026.28194,0.03895
3024.35315,0.03964
3022.42435,0.03972
3020.49555,0.03950
3018.56676,0.03966
3016.63796,0.04016
3014.70916,0.04072
3012.78037,0.04129
3010.85157,0.04174
3008.92277,0.04171
3006.99398,0.04116
3005.06518,0.04047
3003.13638,0.03975
3001.20759,0.03916
2999.27879,0.03914
2997.34999,0.03961
2995.42120,0.04028
2993.49240,0.04083
2991.56360,0.04103
2989.63481,0.04131
2987.70601,0.04169
2985.77721,0.04168
2983.84842,0.04171
2981.91962,0.04225
2979.99082,0.04272
2978.06203,0.04270
2976.13323,0.04270
2974.20443,0.04273
2972.27564,0.04252
2970.34684,0.04262
2968.41804,0.04314
2966.48925,0.04357
2964.56045,0.04390
2962.63165,0.04441
2960.70286,0.04486
2958.77406,0.04506
2956.84526,0.04540
2954.91647,0.04572
2952.98767,0.04545
2951.05887,0.04507
2949.13008,0.04528
2947.20128,0.04582
2945.27248,0.04605
2943.34369,0.04602
2941.41489,0.04623
2939.48609,0.04677
2937.55730,0.04738
2935.62850,0.04815
2933.69970,0.04909
2931.77091,0.04980
2929.84211,0.05006
2927.91331,0.05020
2925.98452,0.05065
2924.05572,0.05105
2922.12692,0.05091
2920.19813,0.05059
2918.26933,0.05029
2916.34053,0.04965
2914.41174,0.04862
2912.48294,0.04767
2910.55414,0.04721
2908.62535,0.04704
2906.69655,0.04683
2904.76775,0.04658
2902.83896,0.04636
2900.91016,0.04627
2898.98136,0.04652
2897.05257,0.04684
2895.12377,0.04677
2893.19497,0.04651
2891.26618,0.04648
2889.33738,0.04652
2887.40858,0.04637
2885.47979,0.04609
2883.55099,0.04608
2881.62219,0.04651
2879.69340,0.04666
2877.76460,0.04636
2875.83580,0.04628
2873.90701,0.04652
2871.97821,0.04690
2870.04941,0.04725
2868.12062,0.04756
2866.19182,0.04792
2864.26302,0.04834
2862.33423,0.04866
2860.40543,0.04885
2858.47663,0.04913
2856.54784,0.04934
2854.61904,0.04936
2852.69024,0.04940
2850.76145,0.04950
2848.83265,0.04955
2846.90385,0.04948
2844.97506,0.04942
2843.04626,0.04939
2841.11746,0.04921
2839.18867,0.04884
2837.25987,0.04844
2835.33107,0.04831
2833.40228,0.04847
2831.47348,0.04851
2829.54468,0.04820
2827.61589,0.04771
2825.68709,0.04749
2823.75829,0.04782
2821.82950,0.04849
2819.90070,0.04880
2817.97190,0.04843
2816.04311,0.04791
2814.11431,0.04776
2812.18551,0.04783
2810.25672,0.04792
2808.32792,0.04796
2806.39912,0.04790
2804.47033,0.04773
2802.54153,0.04752
2800.61273,0.04736
2798.68394,0.04725
2796.75514,0.04714
2794.82634,0.04699
2792.89755,0.04682
2790.96875,0.04670
2789.03995,0.04669
2787.11116,0.04658
2785.18236,0.04627
2783.25356,0.04612
2781.32477,0.04626
2779.39597,0.04632
2777.46717,0.04610
2775.53838,0.04575
2773.60958,0.04548
2771.68078,0.04540
2769.75199,0.04535
2767.82319,0.04527
2765.89439,0.04525
2763.96560,0.04522
2762.03680,0.04504
2760.10800,0.04482
2758.17921,0.04471
2756.25041,0.04463
2754.32161,0.04441
2752.39282,0.04406
2750.46402,0.04385
2748.53522,0.04401
2746.60643,0.04439
2744.67763,0.04452
2742.74883,0.04444
2740.82004,0.04458
2738.89124,0.04475
2736.96244,0.04476
2735.03365,0.04476
2733.10485,0.04475
2731.17605,0.04454
2729.24726,0.04426
2727.31846,0.04415
2725.38967,0.04419
2723.46087,0.04417
2721.53207,0.04402
2719.60328,0.04393
2717.67448,0.04404
2715.74568,0.04432
2713.81689,0.04456
2711.88809,0.04449
2709.95929,0.04421
2708.03050,0.04402
2706.10170,0.04402
2704.17290,0.04415
2702.24411,0.04430
2700.31531,0.04439
2698.38651,0.04437
2696.45772,0.04430
2694.52892,0.04431
2692.60012,0.04443
2690.67133,0.04445
2688.74253,0.04425
2686.81373,0.04398
2684.88494,0.04387
2682.95614,0.04396
2681.02734,0.04408
2679.09855,0.04419
2677.16975,0.04431
2675.24095,0.04431
2673.31216,0.04415
2671.38336,0.04383
2669.45456,0.04350
2667.52577,0.04341
2665.59697,0.04353
2663.66817,0.04370
2661.73938,0.04374
2659.81058,0.04361
2657.88178,0.04349
2655.95299,0.04348
2654.02419,0.04351
2652.09539,0.04362
2650.16660,0.04376
2648.23780,0.04387
2646.30900,0.04394
2644.38021,0.04394
2642.45141,0.04402
2640.52261,0.04417
2638.59382,0.04413
2636.66502,0.04398
2634.73622,0.04400
2632.80743,0.04423
2630.87863,0.04453
2628.94983,0.04464
2627.02104,0.04452
2625.09224,0.04441
2623.16344,0.04447
2621.23465,0.04459
2619.30585,0.04467
2617.37705,0.04472
2615.44826,0.04463
2613.51946,0.04444
2611.59066,0.04433
2609.66187,0.04426
2607.73307,0.04430
2605.80427,0.04465
2603.87548,0.04499
2601.94668,0.04497
2600.01788,0.04488
2598.08909,0.04507
2596.16029,0.04538
2594.23149,0.04535
2592.30270,0.04508
2590.37390,0.04516
2588.44510,0.04545
2586.51631,0.04530
2584.58751,0.04492
2582.65871,0.04466
2580.72992,0.04435
2578.80112,0.04411
2576.87232,0.04425
2574.94353,0.04453
2573.01473,0.04452
2571.08593,0.04448
2569.15714,0.04477
2567.22834,0.04504
2565.29954,0.04495
2563.37075,0.04456
2561.44195,0.04418
2559.51315,0.04402
2557.58436,0.04410
2555.65556,0.04421
2553.72676,0.04411
2551.79797,0.04391
2549.86917,0.04400
2547.94037,0.04446
2546.01158,0.04494
2544.08278,0.04524
2542.15398,0.04515
2540.22519,0.04467
2538.29639,0.04424
2536.36759,0.04401
2534.43880,0.04403
2532.51000,0.04421
2530.58120,0.04417
2528.65241,0.04391
2526.72361,0.04372
2524.79481,0.04364
2522.86602,0.04353
2520.93722,0.04341
2519.00842,0.04326
2517.07963,0.04319
2515.15083,0.04359
2513.22203,0.04406
2511.29324,0.04375
2509.36444,0.04306
2507.43564,0.04286
2505.50685,0.04291
2503.57805,0.04276
2501.64925,0.04268
2499.72046,0.04288
2497.79166,0.04310
2495.86286,0.04320
2493.93407,0.04319
2492.00527,0.04288
2490.07647,0.04247
2488.14768,0.04245
2486.21888,0.04273
2484.29008,0.04312
2482.36129,0.04345
2480.43249,0.04339
2478.50369,0.04297
2476.57490,0.04271
2474.64610,0.04268
2472.71730,0.04246
2470.78851,0.04211
2468.85971,0.04200
2466.93091,0.04215
2465.00212,0.04239
2463.07332,0.04256
2461.14452,0.04250
2459.21573,0.04234
2457.28693,0.04229
2455.35813,0.04218
2453.42934,0.04200
2451.50054,0.04198
2449.57174,0.04200
2447.64295,0.04179
2445.71415,0.04150
2443.78535,0.04137
2441.85656,0.04149
2439.92776,0.04170
2437.99896,0.04158
2436.07017,0.04108
2434.14137,0.04074
2432.21257,0.04082
2430.28378,0.04089
2428.35498,0.04082
2426.42618,0.04095
2424.49739,0.04119
2422.56859,0.04101
2420.63979,0.04047
2418.71100,0.04010
2416.78220,0.04013
2414.85340,0.04019
2412.92461,0.03987
2410.99581,0.03938
2409.06701,0.03920
2407.13822,0.03927
2405.20942,0.03922
2403.28062,0.03909
2401.35183,0.03895
2399.42303,0.03854
2397.49423,0.03802
2395.56544,0.03780
2393.63664,0.03780
2391.70784,0.03796
2389.77905,0.03864
2387.85025,0.04042
2385.92145,0.04419
2383.99266,0.05071
2382.06386,0.05988
2380.13506,0.07093
2378.20627,0.08301
2376.27747,0.09547
2374.34867,0.10829
2372.41988,0.12157
2370.49108,0.13475
2368.56228,0.14700
2366.63349,0.15781
2364.70469,0.16649
2362.77589,0.17222
2360.84710,0.17446
2358.91830,0.17271
2356.98951,0.16619
2355.06071,0.15434
2353.13191,0.13804
2351.20312,0.12174
2349.27432,0.11336
2347.34552,0.11744
2345.41673,0.12938
2343.48793,0.13762
2341.55913,0.13846
2339.63034,0.13621
2337.70154,0.13332
2335.77274,0.13112
2333.84395,0.13058
2331.91515,0.13069
2329.98635,0.12883
2328.05756,0.12472
2326.12876,0.12095
2324.19996,0.11864
2322.27117,0.11576
2320.34237,0.11007
2318.41357,0.10227
2316.48478,0.09526
2314.55598,0.09073
2312.62718,0.08742
2310.69839,0.08331
2308.76959,0.07822
2306.84079,0.07275
2304.91200,0.06749
2302.98320,0.06312
2301.05440,0.05959
2299.12561,0.05646
2297.19681,0.05373
2295.26801,0.05146
2293.33922,0.04940
2291.41042,0.04752
2289.48162,0.04594
2287.55283,0.04450
2285.62403,0.04332
2283.69523,0.04265
2281.76644,0.04231
2279.83764,0.04226
2277.90884,0.04279
2275.98005,0.04362
2274.05125,0.04403
2272.12245,0.04415
2270.19366,0.04457
2268.26486,0.04526
2266.33606,0.04603
2264.40727,0.04696
2262.47847,0.04784
2260.54967,0.04838
2258.62088,0.04851
2256.69208,0.04810
2254.76328,0.04721
2252.83449,0.04628
2250.90569,0.04572
2248.97689,0.04587
2247.04810,0.04664
2245.11930,0.04734
2243.19050,0.04731
2241.26171,0.04677
2239.33291,0.04663
2237.40411,0.04701
2235.47532,0.04739
2233.54652,0.04751
2231.61772,0.04717
2229.68893,0.04704
2227.76013,0.04747
2225.83133,0.04772
2223.90254,0.04807
2221.97374,0.04884
2220.04494,0.04934
2218.11615,0.04971
2216.18735,0.05026
2214.25855,0.05076
2212.32976,0.05102
2210.40096,0.05136
2208.47216,0.05222
2206.54337,0.05293
2204.61457,0.05272
2202.68577,0.05225
2200.75698,0.05247
2198.82818,0.05324
2196.89938,0.05376
2194.97059,0.05410
2193.04179,0.05517
2191.11299,0.05657
2189.18420,0.05667
2187.25540,0.05529
2185.32660,0.05452
2183.39781,0.05606
2181.46901,0.05854
2179.54021,0.05929
2177.61142,0.05869
2175.68262,0.05894
2173.75382,0.05949
2171.82503,0.05921
2169.89623,0.05945
2167.96743,0.06117
2166.03864,0.06404
2164.10984,0.06750
2162.18104,0.07073
2160.25225,0.07274
2158.32345,0.07201
2156.39465,0.06828
2154.46586,0.06349
2152.53706,0.05943
2150.60826,0.05670
2148.67947,0.05433
2146.75067,0.05156
2144.82187,0.04922
2142.89308,0.04666
2140.96428,0.04342
2139.03548,0.04198
2137.10669,0.04235
2135.17789,0.04178
2133.24909,0.04019
2131.32030,0.03894
2129.39150,0.03819
2127.46270,0.03741
2125.53391,0.03666
2123.60511,0.03618
2121.67631,0.03559
2119.74752,0.03485
2117.81872,0.03423
2115.88992,0.03390
2113.96113,0.03405
2112.03233,0.03453
2110.10353,0.03499
2108.17474,0.03524
2106.24594,0.03500
2104.31714,0.03459
2102.38835,0.03480
2100.45955,0.03534
2098.53075,0.03526
2096.60196,0.03453
2094.67316,0.03402
2092.74436,0.03370
2090.81557,0.03320
2088.88677,0.03330
2086.95797,0.03425
2085.02918,0.03509
2083.10038,0.03550
2081.17158,0.03566
2079.24279,0.03535
2077.31399,0.03516
2075.38519,0.03551
2073.45640,0.03555
2071.52760,0.03551
2069.59880,0.03627
2067.67001,0.03734
2065.74121,0.03794
2063.81241,0.03782
2061.88362,0.03709
2059.95482,0.03640
2058.02602,0.03651
2056.09723,0.03704
2054.16843,0.03740
2052.23963,0.03817
2050.31084,0.04009
2048.38204,0.04290
2046.45324,0.04538
2044.52445,0.04654
2042.59565,0.04617
2040.66685,0.04513
2038.73806,0.04440
2036.80926,0.04432
2034.88046,0.04573
2032.95167,0.04767
2031.02287,0.04767
2029.09407,0.04668
2027.16528,0.04638
2025.23648,0.04584
2023.30768,0.04481
2021.37889,0.04466
2019.45009,0.04589
2017.52129,0.04701
2015.59250,0.04660
2013.66370,0.04543
2011.73490,0.04461
2009.80611,0.04415
2007.87731,0.04253
2005.94851,0.03893
2004.01972,0.03711
2002.09092,0.03909
2000.16212,0.04128
1998.23333,0.04129
1996.30453,0.04036
1994.37574,0.03987
1992.44694,0.03968
1990.51814,0.03882
1988.58935,0.03801
1986.66055,0.03811
1984.73175,0.03796
1982.80296,0.03808
1980.87416,0.04007
1978.94536,0.04198
1977.01657,0.04157
1975.08777,0.04105
1973.15897,0.04098
1971.23018,0.03917
1969.30138,0.03750
1967.37258,0.03859
1965.44379,0.04000
1963.51499,0.03880
1961.58619,0.03627
1959.65740,0.03435
1957.72860,0.03354
1955.79980,0.03355
1953.87101,0.03335
1951.94221,0.03261
1950.01341,0.03197
1948.08462,0.03150
1946.15582,0.03159
1944.22702,0.03263
1942.29823,0.03284
1940.36943,0.03115
1938.44063,0.02923
1936.51184,0.02850
1934.58304,0.02908
1932.65424,0.02969
1930.72545,0.02936
1928.79665,0.02871
1926.86785,0.02882
1924.93906,0.02998
1923.01026,0.03099
1921.08146,0.03144
1919.15267,0.03201
1917.22387,0.03143
1915.29507,0.02945
1913.36628,0.02862
1911.43748,0.02950
1909.50868,0.02992
1907.57989,0.02880
1905.65109,0.02742
1903.72229,0.02679
1901.79350,0.02648
1899.86470,0.02637
1897.93590,0.02705
1896.00711,0.02801
1894.07831,0.02828
1892.14951,0.02880
1890.22072,0.02984
1888.29192,0.02944
1886.36312,0.02798
1884.43433,0.02720
1882.50553,0.02704
1880.57673,0.02704
1878.64794,0.02688
1876.71914,0.02660
1874.79034,0.02658
1872.86155,0.02801
1870.93275,0.03190
1869.00395,0.03516
1867.07516,0.03355
1865.14636,0.02947
1863.21756,0.02698
1861.28877,0.02620
1859.35997,0.02593
1857.43117,0.02561
1855.50238,0.02528
1853.57358,0.02523
1851.64478,0.02580
1849.71599,0.02738
1847.78719,0.03022
1845.85839,0.03373
1843.92960,0.03438
1842.00080,0.03082
1840.07200,0.02788
1838.14321,0.02740
1836.21441,0.02743
1834.28561,0.02788
1832.35682,0.03061
1830.42802,0.03385
1828.49922,0.03411
1826.57043,0.03304
1824.64163,0.03162
1822.71283,0.02890
1820.78404,0.02681
1818.85524,0.02643
1816.92644,0.02646
1814.99765,0.02665
1813.06885,0.02795
1811.14005,0.02922
1809.21126,0.02861
1807.28246,0.02708
1805.35366,0.02703
1803.42487,0.02930
1801.49607,0.03177
1799.56727,0.03176
1797.63848,0.03062
1795.70968,0.03177
1793.78088,0.03541
1791.85209,0.03647
1789.92329,0.03233
1787.99449,0.02884
1786.06570,0.02883
1784.13690,0.02993
1782.20810,0.03081
1780.27931,0.03105
1778.35051,0.03049
1776.42171,0.03159
1774.49292,0.03594
1772.56412,0.03997
1770.63532,0.03898
1768.70653,0.03488
1766.77773,0.03081
1764.84893,0.02940
1762.92014,0.03109
1760.99134,0.03193
1759.06254,0.03123
1757.13375,0.03071
1755.20495,0.03026
1753.27615,0.03256
1751.34736,0.03810
1749.41856,0.04075
1747.48976,0.03841
1745.56097,0.03570
1743.63217,0.03491
1741.70337,0.03537
1739.77458,0.03530
1737.84578,0.03561
1735.91698,0.03992
1733.98819,0.04450
1732.05939,0.04121
1730.13059,0.03493
1728.20180,0.03023
1726.27300,0.02808
1724.34420,0.02845
1722.41541,0.03039
1720.48661,0.03602
1718.55781,0.04529
1716.62902,0.04910
1714.70022,0.04374
1712.77142,0.03746
1710.84263,0.03527
1708.91383,0.03806
1706.98503,0.04434
1705.05624,0.05038
1703.12744,0.05685
1701.19864,0.06734
1699.26985,0.07628
1697.34105,0.07979
1695.41225,0.08142
1693.48346,0.08266
1691.55466,0.08862
1689.62586,0.10079
1687.69707,0.11635
1685.76827,0.13719
1683.83947,0.15881
1681.91068,0.16794
1679.98188,0.17324
1678.05308,0.18399
1676.12429,0.19998
1674.19549,0.21570
1672.26669,0.22862
1670.33790,0.24124
1668.40910,0.24886
1666.48030,0.25109
1664.55151,0.25578
1662.62271,0.26156
1660.69391,0.26270
1658.76512,0.26280
1656.83632,0.26842
1654.90752,0.28110
1652.97873,0.28862
1651.04993,0.28264
1649.12113,0.28200
1647.19234,0.28794
1645.26354,0.28966
1643.33474,0.29000
1641.40595,0.29727
1639.47715,0.31245
1637.54835,0.33474
1635.61956,0.35846
1633.69076,0.37221
1631.76197,0.38229
1629.83317,0.39758
1627.90437,0.41508
1625.97558,0.42937
1624.04678,0.43931
1622.11798,0.44284
1620.18919,0.44285
1618.26039,0.44418
1616.33159,0.44202
1614.40280,0.43459
1612.47400,0.43004
1610.54520,0.43083
1608.61641,0.43477
1606.68761,0.44032
1604.75881,0.44800
1602.83002,0.45747
1600.90122,0.46703
1598.97242,0.47585
1597.04363,0.48343
1595.11483,0.48808
1593.18603,0.48804
1591.25724,0.48344
1589.32844,0.47451
1587.39964,0.46148
1585.47085,0.44536
1583.54205,0.42697
1581.61325,0.40773
1579.68446,0.39091
1577.75566,0.37515
1575.82686,0.35191
1573.89807,0.32680
1571.96927,0.30942
1570.04047,0.29341
1568.11168,0.27385
1566.18288,0.25585
1564.25408,0.24273
1562.32529,0.23790
1560.39649,0.24084
1558.46769,0.23285
1556.53890,0.21062
1554.61010,0.19291
1552.68130,0.18102
1550.75251,0.17247
1548.82371,0.16533
1546.89491,0.16190
1544.96612,0.16417
1543.03732,0.16906
1541.10852,0.17051
1539.17973,0.15929
1537.25093,0.14497
1535.32213,0.13943
1533.39334,0.13688
1531.46454,0.13094
1529.53574,0.12715
1527.60695,0.12804
1525.67815,0.12969
1523.74935,0.13169
1521.82056,0.13298
1519.89176,0.12990
1517.96296,0.12528
1516.03417,0.11983
1514.10537,0.11417
1512.17657,0.11338
1510.24778,0.12023
1508.31898,0.13105
1506.39018,0.12999
1504.46139,0.11577
1502.53259,0.10820
1500.60379,0.11021
1498.67500,0.11667
1496.74620,0.12086
1494.81740,0.12166
1492.88861,0.12652
1490.95981,0.13846
1489.03101,0.14964
1487.10222,0.15380
1485.17342,0.15713
1483.24462,0.16495
1481.31583,0.17671
1479.38703,0.19055
1477.45823,0.20721
1475.52944,0.22666
1473.60064,0.24485
1471.67184,0.25498
1469.74305,0.25812
1467.81425,0.26338
1465.88545,0.27213
1463.95666,0.27735
1462.02786,0.27909
1460.09906,0.28434
1458.17027,0.29020
1456.24147,0.28149
1454.31267,0.26253
1452.38388,0.24677
1450.45508,0.23472
1448.52628,0.22290
1446.59749,0.20826
1444.66869,0.19305
1442.73989,0.18005
1440.81110,0.17043
1438.88230,0.16506
1436.95350,0.15900
1435.02471,0.14724
1433.09591,0.13612
1431.16711,0.12868
1429.23832,0.12143
1427.30952,0.11444
1425.38072,0.11002
1423.45193,0.10727
1421.52313,0.10651
1419.59433,0.10697
1417.66554,0.10218
1415.73674,0.09319
1413.80794,0.08665
1411.87915,0.08324
1409.95035,0.08086
1408.02155,0.07957
1406.09276,0.07946
1404.16396,0.07822
1402.23516,0.07670
1400.30637,0.07787
1398.37757,0.08009
1396.44877,0.08046
1394.51998,0.07771
1392.59118,0.07279
1390.66238,0.07029
1388.73359,0.07128
1386.80479,0.07101
1384.87599,0.06761
1382.94720,0.06483
1381.01840,0.06414
1379.08960,0.06441
1377.16081,0.06557
1375.23201,0.06703
1373.30321,0.06591
1371.37442,0.06274
1369.44562,0.06067
1367.51682,0.05994
1365.58803,0.06096
1363.65923,0.06349
1361.73043,0.06338
1359.80164,0.05995
1357.87284,0.05722
1355.94404,0.05633
1354.01525,0.05592
1352.08645,0.05553
1350.15765,0.05542
1348.22886,0.05535
1346.30006,0.05523
1344.37126,0.05579
1342.44247,0.05821
1340.51367,0.06162
1338.58487,0.06239
1336.65608,0.05980
1334.72728,0.05702
1332.79848,0.05564
1330.86969,0.05509
1328.94089,0.05469
1327.01209,0.05427
1325.08330,0.05391
1323.15450,0.05382
1321.22570,0.05424
1319.29691,0.05473
1317.36811,0.05449
1315.43931,0.05384
1313.51052,0.05325
1311.58172,0.05248
1309.65292,0.05177
1307.72413,0.05139
1305.79533,0.05117
1303.86653,0.05110
1301.93774,0.05125
1300.00894,0.05158
1298.08014,0.05200
1296.15135,0.05230
1294.22255,0.05242
1292.29375,0.05258
1290.36496,0.05295
1288.43616,0.05326
1286.50736,0.05317
1284.57857,0.05283
1282.64977,0.05264
1280.72097,0.05251
1278.79218,0.05225
1276.86338,0.05192
1274.93458,0.05181
1273.00579,0.05199
1271.07699,0.05210
1269.14820,0.05187
1267.21940,0.05157
1265.29060,0.05147
1263.36181,0.05156
1261.43301,0.05174
1259.50421,0.05173
1257.57542,0.05155
1255.64662,0.05146
1253.71782,0.05163
1251.78903,0.05198
1249.86023,0.05245
1247.93143,0.05291
1246.00264,0.05337
1244.07384,0.05386
1242.14504,0.05428
1240.21625,0.05453
1238.28745,0.05470
1236.35865,0.05486
1234.42986,0.05499
1232.50106,0.05513
1230.57226,0.05531
1228.64347,0.05546
1226.71467,0.05554
1224.78587,0.05554
1222.85708,0.05553
1220.92828,0.05565
1218.99948,0.05591
1217.07069,0.05623
1215.14189,0.05660
1213.21309,0.05705
1211.28430,0.05760
1209.35550,0.05827
1207.42670,0.05909
1205.49791,0.06008
1203.56911,0.06116
1201.64031,0.06231
1199.71152,0.06364
1197.78272,0.06518
1195.85392,0.06684
1193.92513,0.06858
1191.99633,0.07050
1190.06753,0.07271
1188.13874,0.07513
1186.20994,0.07761
1184.28114,0.08011
1182.35235,0.08286
1180.42355,0.08610
1178.49475,0.08983
1176.56596,0.09386
1174.63716,0.09807
1172.70836,0.10244
1170.77957,0.10703
1168.85077,0.11179
1166.92197,0.11650
1164.99318,0.12093
1163.06438,0.12489
1161.13558,0.12807
1159.20679,0.13018
1157.27799,0.13109
1155.34919,0.13073
1153.42040,0.12918
1151.49160,0.12668
1149.56280,0.12335
1147.63401,0.11933
1145.70521,0.11488
1143.77641,0.11023
1141.84762,0.10557
1139.91882,0.10104
1137.99002,0.09667
1136.06123,0.09251
1134.13243,0.08863
1132.20363,0.08509
1130.27484,0.08198
1128.34604,0.07923
1126.41724,0.07672
1124.48845,0.07445
1122.55965,0.07248
1120.63085,0.07085
1118.70206,0.06950
1116.77326,0.06831
1114.84446,0.06731
1112.91567,0.06655
1110.98687,0.06597
1109.05807,0.06555
1107.12928,0.06530
1105.20048,0.06519
1103.27168,0.06518
1101.34289,0.06525
1099.41409,0.06541
1097.48529,0.06559
1095.55650,0.06580
1093.62770,0.06607
1091.69890,0.06638
1089.77011,0.06671
1087.84131,0.06703
1085.91251,0.06723
1083.98372,0.06737
1082.05492,0.06751
1080.12612,0.06767
1078.19733,0.06784
1076.26853,0.06802
1074.33973,0.06820
1072.41094,0.06840
1070.48214,0.06860
1068.55334,0.06872
1066.62455,0.06879
1064.69575,0.06888
1062.76695,0.06890
1060.83816,0.06871
1058.90936,0.06842
1056.98056,0.06820
1055.05177,0.06798
1053.12297,0.06764
1051.19417,0.06723
1049.26538,0.06680
1047.33658,0.06637
1045.40778,0.06594
1043.47899,0.06543
1041.55019,0.06473
1039.62139,0.06391
1037.69260,0.06311
1035.76380,0.06231
1033.83500,0.06142
1031.90621,0.06051
1029.97741,0.05964
1028.04861,0.05875
1026.11982,0.05785
1024.19102,0.05711
1022.26222,0.05654
1020.33343,0.05598
1018.40463,0.05545
1016.47583,0.05510
1014.54704,0.05497
1012.61824,0.05495
1010.68944,0.05489
1008.76065,0.05470
1006.83185,0.05440
1004.90305,0.05401
1002.97426,0.05354
1001.04546,0.05311
999.11666,0.05280
997.18787,0.05257
995.25907,0.05230
993.33027,0.05192
991.40148,0.05153
989.47268,0.05114
987.54388,0.05061
985.61509,0.04995
983.68629,0.04928
981.75749,0.04863
979.82870,0.04788
977.89990,0.04704
975.97110,0.04620
974.04231,0.04545
972.11351,0.04479
970.18471,0.04424
968.25592,0.04392
966.32712,0.04382
964.39832,0.04378
962.46953,0.04370
960.54073,0.04354
958.61193,0.04332
956.68314,0.04309
954.75434,0.04291
952.82554,0.04292
950.89675,0.04303
948.96795,0.04299
947.03915,0.04275
945.11036,0.04244
943.18156,0.04206
941.25276,0.04154
939.32397,0.04094
937.39517,0.04029
935.46637,0.03955
933.53758,0.03873
931.60878,0.03788
929.67998,0.03710
927.75119,0.03644
925.82239,0.03581
923.89359,0.03504
921.96480,0.03413
920.03600,0.03335
918.10720,0.03285
916.17841,0.03251
914.24961,0.03224
912.32081,0.03206
910.39202,0.03199
908.46322,0.03189
906.53443,0.03168
904.60563,0.03153
902.67683,0.03153
900.74804,0.03158
898.81924,0.03149
896.89044,0.03121
894.96165,0.03081
893.03285,0.03033
891.10405,0.02974
889.17526,0.02903
887.24646,0.02819
885.31766,0.02721
883.38887,0.02620
881.46007,0.02526
879.53127,0.02438
877.60248,0.02359
875.67368,0.02290
873.74488,0.02228
871.81609,0.02175
869.88729,0.02132
867.95849,0.02092
866.02970,0.02064
864.10090,0.02062
862.17210,0.02072
860.24331,0.02071
858.31451,0.02070
856.38571,0.02077
854.45692,0.02095
852.52812,0.02118
850.59932,0.02126
848.67053,0.02113
846.74173,0.02101
844.81293,0.02091
842.88414,0.02063
840.95534,0.02019
839.02654,0.01984
837.09775,0.01952
835.16895,0.01908
833.24015,0.01856
831.31136,0.01801
829.38256,0.01744
827.45376,0.01689
825.52497,0.01647
823.59617,0.01634
821.66737,0.01654
819.73858,0.01678
817.80978,0.01693
815.88098,0.01718
813.95219,0.01763
812.02339,0.01818
810.09459,0.01881
808.16580,0.01968
806.23700,0.02068
804.30820,0.02169
802.37941,0.02271
800.45061,0.02376
798.52181,0.02481
796.59302,0.02588
794.66422,0.02693
792.73542,0.02781
790.80663,0.02847
788.87783,0.02902
786.94903,0.02945
785.02024,0.02952
783.09144,0.02897
781.16264,0.02783
779.23385,0.02643
777.30505,0.02491
775.37625,0.02339
773.44746,0.02230
771.51866,0.02175
769.58986,0.02135
767.66107,0.02103
765.73227,0.02105
763.80347,0.02129
761.87468,0.02151
759.94588,0.02172
758.01708,0.02208
756.08829,0.02246
754.15949,0.02283
752.23069,0.02337
750.30190,0.02386
748.37310,0.02378
