3496.90832,0.06146
3494.97953,0.06073
3493.05073,0.05457
3491.12193,0.05099
3489.19314,0.05610
3487.26434,0.06389
3485.33554,0.06216
3483.40675,0.05634
3481.47795,0.05842
3479.54915,0.06536
3477.62036,0.07205
3475.69156,0.07958
3473.76276,0.08576
3471.83397,0.08585
3469.90517,0.08079
3467.97637,0.07551
3466.04758,0.07189
3464.11878,0.07135
3462.18998,0.07352
3460.26119,0.07448
3458.33239,0.07051
3456.40359,0.06131
3454.47480,0.05455
3452.54600,0.05566
3450.61721,0.05886
3448.68841,0.05897
3446.75961,0.05924
3444.83082,0.06229
3442.90202,0.06389
3440.97322,0.06227
3439.04443,0.05751
3437.11563,0.04885
3435.18683,0.04262
3433.25804,0.04251
3431.32924,0.04372
3429.40044,0.04641
3427.47165,0.04967
3425.54285,0.04840
3423.61405,0.04761
3421.68526,0.04911
3419.75646,0.04724
3417.82766,0.04450
3415.89887,0.03947
3413.97007,0.02977
3412.04127,0.02134
3410.11248,0.01834
3408.18368,0.02126
3406.25488,0.02521
3404.32609,0.02411
3402.39729,0.02357
3400.46849,0.02998
3398.53970,0.03583
3396.61090,0.03204
3394.68210,0.02457
3392.75331,0.02169
3390.82451,0.02198
3388.89571,0.02635
3386.96692,0.03448
3385.03812,0.03558
3383.10932,0.02897
3381.18053,0.02881
3379.25173,0.03834
3377.32293,0.04657
3375.39414,0.04690
3373.46534,0.04701
3371.53654,0.05259
3369.60775,0.05626
3367.67895,0.05754
3365.75015,0.06330
3363.82136,0.07170
3361.89256,0.07460
3359.96376,0.06557
3358.03497,0.05151
3356.10617,0.04927
3354.17737,0.05956
3352.24858,0.06882
3350.31978,0.07565
3348.39098,0.08191
3346.46219,0.07868
3344.53339,0.06819
3342.60459,0.06240
3340.67580,0.06277
3338.74700,0.06476
3336.81820,0.06444
3334.88941,0.06246
3332.96061,0.06092
3331.03181,0.05742
3329.10302,0.05197
3327.17422,0.04736
3325.24542,0.04358
3323.31663,0.03963
3321.38783,0.03627
3319.45903,0.03534
3317.53024,0.03524
3315.60144,0.03367
3313.67264,0.03297
3311.74385,0.03218
3309.81505,0.03028
3307.88625,0.03275
3305.95746,0.03741
3304.02866,0.03664
3302.09986,0.03218
3300.17107,0.02892
3298.24227,0.02718
3296.31347,0.02608
3294.38468,0.02343
3292.45588,0.01739
3290.52708,0.01217
3288.59829,0.01355
3286.66949,0.01786
3284.74069,0.01827
3282.81190,0.01498
3280.88310,0.01055
3278.95430,0.00967
3277.02551,0.01625
3275.09671,0.02214
3273.16791,0.02074
3271.23912,0.01555
3269.31032,0.00823
3267.38152,0.00238
3265.45273,0.00152
3263.52393,0.00238
3261.59513,0.00478
3259.66634,0.00947
3257.73754,0.01303
3255.80874,0.01548
3253.87995,0.01883
3251.95115,0.02234
3250.02235,0.02600
3248.09356,0.03016
3246.16476,0.03171
3244.23596,0.02991
3242.30717,0.02702
3240.37837,0.02316
3238.44957,0.02209
3236.52078,0.02605
3234.59198,0.02957
3232.66318,0.03046
3230.73439,0.03322
3228.80559,0.03842
3226.87679,0.03995
3224.94800,0.03549
3223.01920,0.03259
3221.09040,0.03767
3219.16161,0.04661
3217.23281,0.05311
3215.30401,0.05567
3213.37522,0.05652
3211.44642,0.05989
3209.51762,0.06469
3207.58883,0.06570
3205.66003,0.06345
3203.73123,0.06225
3201.80244,0.06314
3199.87364,0.06322
3197.94484,0.06291
3196.01605,0.06475
3194.08725,0.06491
3192.15845,0.06093
3190.22966,0.06048
3188.30086,0.06555
3186.37206,0.06541
3184.44327,0.05887
3182.51447,0.05609
3180.58567,0.05950
3178.65688,0.06511
3176.72808,0.06795
3174.79928,0.06423
3172.87049,0.05693
3170.94169,0.05148
3169.01289,0.04750
3167.08410,0.04399
3165.15530,0.04436
3163.22650,0.04706
3161.29771,0.04585
3159.36891,0.04058
3157.44011,0.03741
3155.51132,0.03882
3153.58252,0.04153
3151.65372,0.04236
3149.72493,0.03933
3147.79613,0.03549
3145.86733,0.03619
3143.93854,0.03879
3142.00974,0.03833
3140.08094,0.03590
3138.15215,0.03434
3136.22335,0.03339
3134.29455,0.03179
3132.36576,0.03098
3130.43696,0.03173
3128.50816,0.03142
3126.57937,0.02944
3124.65057,0.02899
3122.72177,0.03159
3120.79298,0.03479
3118.86418,0.03562
3116.93538,0.03328
3115.00659,0.02919
3113.07779,0.02645
3111.14899,0.02638
3109.22020,0.02620
3107.29140,0.02479
3105.36260,0.02418
3103.43381,0.02478
3101.50501,0.02601
3099.57621,0.02669
3097.64742,0.02493
3095.71862,0.02214
3093.78982,0.02129
3091.86103,0.02158
3089.93223,0.02147
3088.00344,0.02144
3086.07464,0.02149
3084.14584,0.02143
3082.21705,0.02177
3080.28825,0.02203
3078.35945,0.02129
3076.43066,0.02012
3074.50186,0.01971
3072.57306,0.02005
3070.64427,0.02056
3068.71547,0.02050
3066.78667,0.01948
3064.85788,0.01867
3062.92908,0.01902
3061.00028,0.01952
3059.07149,0.01913
3057.14269,0.01875
3055.21389,0.01952
3053.28510,0.02081
3051.35630,0.02130
3049.42750,0.02058
3047.49871,0.01949
3045.56991,0.01916
3043.64111,0.01990
3041.71232,0.02103
3039.78352,0.02130
3037.85472,0.02063
3035.92593,0.02031
3033.99713,0.02071
3032.06833,0.02151
3030.13954,0.02239
3028.21074,0.02287
3026.28194,0.02299
3024.35315,0.02287
3022.42435,0.02261
3020.49555,0.02234
3018.56676,0.02206
3016.63796,0.02196
3014.70916,0.02204
3012.78037,0.02219
3010.85157,0.02243
3008.92277,0.02244
3006.99398,0.02200
3005.06518,0.02184
3003.13638,0.02191
3001.20759,0.02120
2999.27879,0.02031
2997.34999,0.02041
2995.42120,0.02124
2993.49240,0.02180
2991.56360,0.02184
2989.63481,0.02221
2987.70601,0.02283
2985.77721,0.02278
2983.84842,0.02259
2981.91962,0.02305
2979.99082,0.02355
2978.06203,0.02356
2976.13323,0.02348
2974.20443,0.02329
2972.27564,0.02314
2970.34684,0.02360
2968.41804,0.02410
2966.48925,0.02395
2964.56045,0.02383
2962.63165,0.02433
2960.70286,0.02500
2958.77406,0.02532
2956.84526,0.02549
2954.91647,0.02577
2952.98767,0.02588
2951.05887,0.02582
2949.13008,0.02620
2947.20128,0.02689
2945.27248,0.02704
2943.34369,0.02668
2941.41489,0.02640
2939.48609,0.02635
2937.55730,0.02662
2935.62850,0.02718
2933.69970,0.02784
2931.77091,0.02875
2929.84211,0.02962
2927.91331,0.02983
2925.98452,0.02980
2924.05572,0.03019
2922.12692,0.03079
2920.19813,0.03138
2918.26933,0.03179
2916.34053,0.03171
2914.41174,0.03101
2912.48294,0.02993
2910.55414,0.02889
2908.62535,0.02818
2906.69655,0.02791
2904.76775,0.02785
2902.83896,0.02768
2900.91016,0.02761
2898.98136,0.02799
2897.05257,0.02844
2895.12377,0.02840
2893.19497,0.02822
2891.26618,0.02855
2889.33738,0.02907
2887.40858,0.02908
2885.47979,0.02869
2883.55099,0.02870
2881.62219,0.02917
2879.69340,0.02953
2877.76460,0.02974
2875.83580,0.03009
2873.90701,0.03047
2871.97821,0.03076
2870.04941,0.03096
2868.12062,0.03123
2866.19182,0.03174
2864.26302,0.03225
2862.33423,0.03253
2860.40543,0.03283
2858.47663,0.03341
2856.54784,0.03398
2854.61904,0.03431
2852.69024,0.03453
2850.76145,0.03475
2848.83265,0.03508
2846.90385,0.03543
2844.97506,0.03554
2843.04626,0.03555
2841.11746,0.03580
2839.18867,0.03614
2837.25987,0.03609
2835.33107,0.03583
2833.40228,0.03588
2831.47348,0.03620
2829.54468,0.03653
2827.61589,0.03676
2825.68709,0.03694
2823.75829,0.03720
2821.82950,0.03742
2819.90070,0.03731
2817.97190,0.03701
2816.04311,0.03695
2814.11431,0.03699
2812.18551,0.03693
2810.25672,0.03686
2808.32792,0.03669
2806.39912,0.03644
2804.47033,0.03635
2802.54153,0.03642
2800.61273,0.03639
2798.68394,0.03618
2796.75514,0.03587
2794.82634,0.03555
2792.89755,0.03532
2790.96875,0.03518
2789.03995,0.03510
2787.11116,0.03503
2785.18236,0.03483
2783.25356,0.03452
2781.32477,0.03420
2779.39597,0.03396
2777.46717,0.03371
2775.53838,0.03326
2773.60958,0.03285
2771.68078,0.03278
2769.75199,0.03289
2767.82319,0.03292
2765.89439,0.03287
2763.96560,0.03263
2762.03680,0.03220
2760.10800,0.03191
2758.17921,0.03181
2756.25041,0.03172
2754.32161,0.03147
2752.39282,0.03114
2750.46402,0.03116
2748.53522,0.03153
2746.60643,0.03177
2744.67763,0.03179
2742.74883,0.03179
2740.82004,0.03181
2738.89124,0.03186
2736.96244,0.03203
2735.03365,0.03227
2733.10485,0.03228
2731.17605,0.03203
2729.24726,0.03195
2727.31846,0.03225
2725.38967,0.03246
2723.46087,0.03219
2721.53207,0.03185
2719.60328,0.03185
2717.67448,0.03198
2715.74568,0.03200
2713.81689,0.03195
2711.88809,0.03183
2709.95929,0.03155
2708.03050,0.03131
2706.10170,0.03135
2704.17290,0.03150
2702.24411,0.03149
2700.31531,0.03137
2698.38651,0.03138
2696.45772,0.03149
2694.52892,0.03161
2692.60012,0.03176
2690.67133,0.03176
2688.74253,0.03160
2686.81373,0.03152
2684.88494,0.03177
2682.95614,0.03225
2681.02734,0.03255
2679.09855,0.03263
2677.16975,0.03263
2675.24095,0.03248
2673.31216,0.03216
2671.38336,0.03177
2669.45456,0.03144
2667.52577,0.03124
2665.59697,0.03116
2663.66817,0.03114
2661.73938,0.03105
2659.81058,0.03080
2657.88178,0.03070
2655.95299,0.03089
2654.02419,0.03110
2652.09539,0.03121
2650.16660,0.03123
2648.23780,0.03125
2646.30900,0.03138
2644.38021,0.03153
2642.45141,0.03170
2640.52261,0.03189
2638.59382,0.03200
2636.66502,0.03204
2634.73622,0.03222
2632.80743,0.03262
2630.87863,0.03304
2628.94983,0.03323
2627.02104,0.03315
2625.09224,0.03306
2623.16344,0.03313
2621.23465,0.03324
2619.30585,0.03331
2617.37705,0.03333
2615.44826,0.03322
2613.51946,0.03302
2611.59066,0.03306
2609.66187,0.03334
2607.73307,0.03354
2605.80427,0.03352
2603.87548,0.03349
2601.94668,0.03341
2600.01788,0.03322
2598.08909,0.03321
2596.16029,0.03347
2594.23149,0.03373
2592.30270,0.03412
2590.37390,0.03484
2588.44510,0.03520
2586.51631,0.03469
2584.58751,0.03420
2582.65871,0.03411
2580.72992,0.03375
2578.80112,0.03329
2576.87232,0.03329
2574.94353,0.03352
2573.01473,0.03352
2571.08593,0.03336
2569.15714,0.03316
2567.22834,0.03292
2565.29954,0.03269
2563.37075,0.03245
2561.44195,0.03233
2559.51315,0.03238
2557.58436,0.03235
2555.65556,0.03229
2553.72676,0.03223
2551.79797,0.03206
2549.86917,0.03215
2547.94037,0.03264
2546.01158,0.03301
2544.08278,0.03301
2542.15398,0.03277
2540.22519,0.03250
2538.29639,0.03255
2536.36759,0.03283
2534.43880,0.03307
2532.51000,0.03331
2530.58120,0.03347
2528.65241,0.03326
2526.72361,0.03272
2524.79481,0.03216
2522.86602,0.03177
2520.93722,0.03177
2519.00842,0.03189
2517.07963,0.03162
2515.15083,0.03123
2513.22203,0.03111
2511.29324,0.03097
2509.36444,0.03076
2507.43564,0.03088
2505.50685,0.03125
2503.57805,0.03146
2501.64925,0.03154
2499.72046,0.03161
2497.79166,0.03151
2495.86286,0.03138
2493.93407,0.03154
2492.00527,0.03155
2490.07647,0.03119
2488.14768,0.03110
2486.21888,0.03135
2484.29008,0.03165
2482.36129,0.03192
2480.43249,0.03185
2478.50369,0.03143
2476.57490,0.03125
2474.64610,0.03141
2472.71730,0.03133
2470.78851,0.03084
2468.85971,0.03040
2466.93091,0.03039
2465.00212,0.03063
2463.07332,0.03084
2461.14452,0.03079
2459.21573,0.03040
2457.28693,0.02997
2455.35813,0.02969
2453.42934,0.02956
2451.50054,0.02980
2449.57174,0.03022
2447.64295,0.03030
2445.71415,0.03006
2443.78535,0.02987
2441.85656,0.02989
2439.92776,0.03018
2437.99896,0.03050
2436.07017,0.03037
2434.14137,0.03002
2432.21257,0.02974
2430.28378,0.02930
2428.35498,0.02885
2426.42618,0.02877
2424.49739,0.02879
2422.56859,0.02852
2420.63979,0.02794
2418.71100,0.02718
2416.78220,0.02663
2414.85340,0.02635
2412.92461,0.02591
2410.99581,0.02534
2409.06701,0.02510
2407.13822,0.02518
2405.20942,0.02511
2403.28062,0.02481
2401.35183,0.02451
2399.42303,0.02412
2397.49423,0.02360
2395.56544,0.02336
2393.63664,0.02353
2391.70784,0.02367
2389.77905,0.02371
2387.85025,0.02423
2385.92145,0.02566
2383.99266,0.02818
2382.06386,0.03196
2380.13506,0.03696
2378.20627,0.04289
2376.27747,0.04948
2374.34867,0.05661
2372.41988,0.06393
2370.49108,0.07091
2368.56228,0.07733
2366.63349,0.08290
2364.70469,0.08706
2362.77589,0.08981
2360.84710,0.09104
2358.91830,0.08974
2356.98951,0.08527
2355.06071,0.07805
2353.13191,0.06880
2351.20312,0.05969
2349.27432,0.05503
2347.34552,0.05724
2345.41673,0.06363
2343.48793,0.06834
2341.55913,0.06976
2339.63034,0.06961
2337.70154,0.06842
2335.77274,0.06686
2333.84395,0.06611
2331.91515,0.06597
2329.98635,0.06471
2328.05756,0.06205
2326.12876,0.05964
2324.19996,0.05828
2322.27117,0.05700
2320.34237,0.05447
2318.41357,0.05078
2316.48478,0.04731
2314.55598,0.04493
2312.62718,0.04310
2310.69839,0.04102
2308.76959,0.03869
2306.84079,0.03650
2304.91200,0.03469
2302.98320,0.03330
2301.05440,0.03213
2299.12561,0.03108
2297.19681,0.03043
2295.26801,0.03018
2293.33922,0.02984
2291.41042,0.02939
2289.48162,0.02916
2287.55283,0.02904
2285.62403,0.02912
2283.69523,0.02975
2281.76644,0.03067
2279.83764,0.03163
2277.90884,0.03251
2275.98005,0.03294
2274.05125,0.03296
2272.12245,0.03337
2270.19366,0.03464
2268.26486,0.03591
2266.33606,0.03658
2264.40727,0.03716
2262.47847,0.03833
2260.54967,0.03990
2258.62088,0.04123
2256.69208,0.04212
2254.76328,0.04232
2252.83449,0.04169
2250.90569,0.04111
2248.97689,0.04153
2247.04810,0.04243
2245.11930,0.04302
2243.19050,0.04373
2241.26171,0.04488
2239.33291,0.04581
2237.40411,0.04626
2235.47532,0.04714
2233.54652,0.04844
2231.61772,0.04913
2229.68893,0.04999
2227.76013,0.05160
2225.83133,0.05241
2223.90254,0.05223
2221.97374,0.05231
2220.04494,0.05252
2218.11615,0.05267
2216.18735,0.05380
2214.25855,0.05571
2212.32976,0.05689
2210.40096,0.05785
2208.47216,0.05977
2206.54337,0.06071
2204.61457,0.05961
2202.68577,0.05925
2200.75698,0.06070
2198.82818,0.06276
2196.89938,0.06435
2194.97059,0.06503
2193.04179,0.06591
2191.11299,0.06761
2189.18420,0.06914
2187.25540,0.07020
2185.32660,0.07181
2183.39781,0.07366
2181.46901,0.07421
2179.54021,0.07431
2177.61142,0.07522
2175.68262,0.07539
2173.75382,0.07382
2171.82503,0.07342
2169.89623,0.07602
2167.96743,0.07914
2166.03864,0.08204
2164.10984,0.08787
2162.18104,0.09721
2160.25225,0.10439
2158.32345,0.10353
2156.39465,0.09595
2154.46586,0.08627
2152.53706,0.07694
2150.60826,0.06886
2148.67947,0.06266
2146.75067,0.05846
2144.82187,0.05555
2142.89308,0.05238
2140.96428,0.04807
2139.03548,0.04388
2137.10669,0.04069
2135.17789,0.03771
2133.24909,0.03458
2131.32030,0.03188
2129.39150,0.02995
2127.46270,0.02851
2125.53391,0.02715
2123.60511,0.02522
2121.67631,0.02287
2119.74752,0.02118
2117.81872,0.02046
2115.88992,0.02032
2113.96113,0.02058
2112.03233,0.02121
2110.10353,0.02200
2108.17474,0.02225
2106.24594,0.02188
2104.31714,0.02212
2102.38835,0.02301
2100.45955,0.02330
2098.53075,0.02272
2096.60196,0.02173
2094.67316,0.02081
2092.74436,0.02019
2090.81557,0.01994
2088.88677,0.02020
2086.95797,0.02078
2085.02918,0.02117
2083.10038,0.02140
2081.17158,0.02200
2079.24279,0.02278
2077.31399,0.02315
2075.38519,0.02320
2073.45640,0.02356
2071.52760,0.02443
2069.59880,0.02532
2067.67001,0.02612
2065.74121,0.02690
2063.81241,0.02750
2061.88362,0.02803
2059.95482,0.02837
2058.02602,0.02831
2056.09723,0.02854
2054.16843,0.02993
2052.23963,0.03205
2050.31084,0.03449
2048.38204,0.03735
2046.45324,0.03960
2044.52445,0.04131
2042.59565,0.04398
2040.66685,0.04708
2038.73806,0.04840
2036.80926,0.04781
2034.88046,0.04785
2032.95167,0.05046
2031.02287,0.05372
2029.09407,0.05321
2027.16528,0.04957
2025.23648,0.04816
2023.30768,0.04976
2021.37889,0.04971
2019.45009,0.04715
2017.52129,0.04591
2015.59250,0.04673
2013.66370,0.04749
2011.73490,0.04692
2009.80611,0.04520
2007.87731,0.04227
2005.94851,0.03806
2004.01972,0.03515
2002.09092,0.03537
2000.16212,0.03686
1998.23333,0.03681
1996.30453,0.03463
1994.37574,0.03201
1992.44694,0.03103
1990.51814,0.03163
1988.58935,0.03208
1986.66055,0.03254
1984.73175,0.03328
1982.80296,0.03385
1980.87416,0.03474
1978.94536,0.03555
1977.01657,0.03585
1975.08777,0.03637
1973.15897,0.03629
1971.23018,0.03406
1969.30138,0.03108
1967.37258,0.02984
1965.44379,0.02987
1963.51499,0.02904
1961.58619,0.02703
1959.65740,0.02523
1957.72860,0.02386
1955.79980,0.02250
1953.87101,0.02135
1951.94221,0.02029
1950.01341,0.01938
1948.08462,0.01856
1946.15582,0.01743
1944.22702,0.01618
1942.29823,0.01553
1940.36943,0.01534
1938.44063,0.01456
1936.51184,0.01351
1934.58304,0.01314
1932.65424,0.01295
1930.72545,0.01239
1928.79665,0.01193
1926.86785,0.01123
1924.93906,0.00975
1923.01026,0.00849
1921.08146,0.00805
1919.15267,0.00773
1917.22387,0.00767
1915.29507,0.00818
1913.36628,0.00847
1911.43748,0.00818
1909.50868,0.00791
1907.57989,0.00791
1905.65109,0.00786
1903.72229,0.00778
1901.79350,0.00790
1899.86470,0.00803
1897.93590,0.00778
1896.00711,0.00733
1894.07831,0.00714
1892.14951,0.00688
1890.22072,0.00647
1888.29192,0.00673
1886.36312,0.00729
1884.43433,0.00735
1882.50553,0.00728
1880.57673,0.00724
1878.64794,0.00708
1876.71914,0.00680
1874.79034,0.00638
1872.86155,0.00543
1870.93275,0.00359
1869.00395,0.00217
1867.07516,0.00286
1865.14636,0.00449
1863.21756,0.00518
1861.28877,0.00500
1859.35997,0.00490
1857.43117,0.00509
1855.50238,0.00531
1853.57358,0.00546
1851.64478,0.00538
1849.71599,0.00486
1847.78719,0.00372
1845.85839,0.00215
1843.92960,0.00175
1842.00080,0.00346
1840.07200,0.00512
1838.14321,0.00551
1836.21441,0.00533
1834.28561,0.00486
1832.35682,0.00351
1830.42802,0.00188
1828.49922,0.00144
1826.57043,0.00164
1824.64163,0.00196
1822.71283,0.00291
1820.78404,0.00369
1818.85524,0.00383
1816.92644,0.00384
1814.99765,0.00370
1813.06885,0.00302
1811.14005,0.00241
1809.21126,0.00273
1807.28246,0.00346
1805.35366,0.00359
1803.42487,0.00273
1801.49607,0.00179
1799.56727,0.00198
1797.63848,0.00269
1795.70968,0.00238
1793.78088,0.00083
1791.85209,0.00026
1789.92329,0.00205
1787.99449,0.00378
1786.06570,0.00395
1784.13690,0.00345
1782.20810,0.00302
1780.27931,0.00281
1778.35051,0.00290
1776.42171,0.00219
1774.49292,-0.00009
1772.56412,-0.00233
1770.63532,-0.00217
1768.70653,-0.00035
1766.77773,0.00141
1764.84893,0.00193
1762.92014,0.00102
1760.99134,0.00052
1759.06254,0.00088
1757.13375,0.00117
1755.20495,0.00147
1753.27615,0.00070
1751.34736,-0.00148
1749.41856,-0.00254
1747.48976,-0.00145
1745.56097,-0.00009
1743.63217,0.00040
1741.70337,0.00022
1739.77458,0.00016
1737.84578,0.00005
1735.91698,-0.00187
1733.98819,-0.00398
1732.05939,-0.00249
1730.13059,0.00040
1728.20180,0.00268
1726.27300,0.00386
1724.34420,0.00403
1722.41541,0.00360
1720.48661,0.00181
1718.55781,-0.00093
1716.62902,-0.00053
1714.70022,0.00446
1712.77142,0.01033
1710.84263,0.01520
1708.91383,0.01876
1706.98503,0.02230
1705.05624,0.02768
1703.12744,0.03357
1701.19864,0.04050
1699.26985,0.05223
1697.34105,0.06752
1695.41225,0.08659
1693.48346,0.10719
1691.55466,0.12528
1689.62586,0.14305
1687.69707,0.16007
1685.76827,0.17690
1683.83947,0.20045
1681.91068,0.22726
1679.98188,0.24988
1678.05308,0.26916
1676.12429,0.28796
1674.19549,0.30793
1672.26669,0.32544
1670.33790,0.34101
1668.40910,0.35822
1666.48030,0.37308
1664.55151,0.38316
1662.62271,0.39120
1660.69391,0.39849
1658.76512,0.40290
1656.83632,0.40264
1654.90752,0.39808
1652.97873,0.39494
1651.04993,0.39812
1649.12113,0.40065
1647.19234,0.40353
1645.26354,0.41287
1643.33474,0.42609
1641.40595,0.44000
1639.47715,0.45458
1637.54835,0.47197
1635.61956,0.49963
1633.69076,0.53490
1631.76197,0.56654
1629.83317,0.59623
1627.90437,0.62705
1625.97558,0.65627
1624.04678,0.68275
1622.11798,0.70657
1620.18919,0.72357
1618.26039,0.73374
1616.33159,0.74120
1614.40280,0.74740
1612.47400,0.75172
1610.54520,0.75526
1608.61641,0.76080
1606.68761,0.76984
1604.75881,0.78213
1602.83002,0.79697
1600.90122,0.81374
1598.97242,0.83123
1597.04363,0.84753
1595.11483,0.86185
1593.18603,0.87304
1591.25724,0.87996
1589.32844,0.88166
1587.39964,0.87761
1585.47085,0.86796
1583.54205,0.85271
1581.61325,0.83251
1579.68446,0.80784
1577.75566,0.77671
1575.82686,0.73940
1573.89807,0.70608
1571.96927,0.67491
1570.04047,0.63784
1568.11168,0.60132
1566.18288,0.56977
1564.25408,0.53976
1562.32529,0.51059
1560.39649,0.47523
1558.46769,0.43525
1556.53890,0.41081
1554.61010,0.39343
1552.68130,0.37418
1550.75251,0.35456
1548.82371,0.33612
1546.89491,0.31862
1544.96612,0.30011
1543.03732,0.28106
1541.10852,0.26329
1539.17973,0.25076
1537.25093,0.24437
1535.32213,0.23684
1533.39334,0.22685
1531.46454,0.21874
1529.53574,0.21162
1527.60695,0.20281
1525.67815,0.19387
1523.74935,0.18558
1521.82056,0.17761
1519.89176,0.17205
1517.96296,0.16846
1516.03417,0.16589
1514.10537,0.16417
1512.17657,0.16115
1510.24778,0.15546
1508.31898,0.14868
1506.39018,0.14769
1504.46139,0.15403
1502.53259,0.15891
1500.60379,0.16056
1498.67500,0.16186
1496.74620,0.16639
1494.81740,0.17399
1492.88861,0.18082
1490.95981,0.18732
1489.03101,0.19819
1487.10222,0.21452
1485.17342,0.23259
1483.24462,0.25074
1481.31583,0.27005
1479.38703,0.29037
1477.45823,0.31075
1475.52944,0.33202
1473.60064,0.35712
1471.67184,0.38772
1469.74305,0.41687
1467.81425,0.44044
1465.88545,0.46243
1463.95666,0.48497
1462.02786,0.50316
1460.09906,0.51366
1458.17027,0.51973
1456.24147,0.52631
1454.31267,0.53062
1452.38388,0.52819
1450.45508,0.51850
1448.52628,0.50268
1446.59749,0.48330
1444.66869,0.46234
1442.73989,0.43901
1440.81110,0.41380
1438.88230,0.38673
1436.95350,0.35678
1435.02471,0.33039
1433.09591,0.30982
1431.16711,0.28951
1429.23832,0.26948
1427.30952,0.25217
1425.38072,0.23630
1423.45193,0.22153
1421.52313,0.20811
1419.59433,0.19484
1417.66554,0.18451
1415.73674,0.17839
1413.80794,0.17260
1411.87915,0.16588
1409.95035,0.15923
1408.02155,0.15283
1406.09276,0.14636
1404.16396,0.14072
1402.23516,0.13590
1400.30637,0.13039
1398.37757,0.12470
1396.44877,0.12018
1394.51998,0.11719
1392.59118,0.11550
1390.66238,0.11332
1388.73359,0.10970
1386.80479,0.10647
1384.87599,0.10487
1382.94720,0.10341
1381.01840,0.10122
1379.08960,0.09866
1377.16081,0.09586
1375.23201,0.09299
1373.30321,0.09124
1371.37442,0.09060
1369.44562,0.08979
1367.51682,0.08861
1365.58803,0.08682
1363.65923,0.08441
1361.73043,0.08315
1359.80164,0.08349
1357.87284,0.08366
1355.94404,0.08307
1354.01525,0.08238
1352.08645,0.08187
1350.15765,0.08137
1348.22886,0.08091
1346.30006,0.08050
1344.37126,0.07993
1342.44247,0.07869
1340.51367,0.07708
1338.58487,0.07663
1336.65608,0.07777
1334.72728,0.07908
1332.79848,0.07954
1330.86969,0.07922
1328.94089,0.07856
1327.01209,0.07776
1325.08330,0.07680
1323.15450,0.07567
1321.22570,0.07438
1319.29691,0.07323
1317.36811,0.07255
1315.43931,0.07217
1313.51052,0.07187
1311.58172,0.07177
1309.65292,0.07175
1307.72413,0.07155
1305.79533,0.07131
1303.86653,0.07117
1301.93774,0.07107
1300.00894,0.07095
1298.08014,0.07080
1296.15135,0.07066
1294.22255,0.07045
1292.29375,0.07012
1290.36496,0.06972
1288.43616,0.06940
1286.50736,0.06926
1284.57857,0.06920
1282.64977,0.06909
1280.72097,0.06888
1278.79218,0.06865
1276.86338,0.06847
1274.93458,0.06831
1273.00579,0.06817
1271.07699,0.06810
1269.14820,0.06819
1267.21940,0.06849
1265.29060,0.06890
1263.36181,0.06924
1261.43301,0.06942
1259.50421,0.06955
1257.57542,0.06971
1255.64662,0.06985
1253.71782,0.07002
1251.78903,0.07024
1249.86023,0.07050
1247.93143,0.07076
1246.00264,0.07100
1244.07384,0.07131
1242.14504,0.07166
1240.21625,0.07192
1238.28745,0.07209
1236.35865,0.07223
1234.42986,0.07236
1232.50106,0.07256
1230.57226,0.07291
1228.64347,0.07327
1226.71467,0.07357
1224.78587,0.07393
1222.85708,0.07449
1220.92828,0.07526
1218.99948,0.07617
1217.07069,0.07718
1215.14189,0.07819
1213.21309,0.07925
1211.28430,0.08054
1209.35550,0.08204
1207.42670,0.08364
1205.49791,0.08536
1203.56911,0.08722
1201.64031,0.08925
1199.71152,0.09155
1197.78272,0.09420
1195.85392,0.09716
1193.92513,0.10042
1191.99633,0.10415
1190.06753,0.10841
1188.13874,0.11317
1186.20994,0.11839
1184.28114,0.12414
1182.35235,0.13057
1180.42355,0.13784
1178.49475,0.14594
1176.56596,0.15473
1174.63716,0.16413
1172.70836,0.17407
1170.77957,0.18435
1168.85077,0.19471
1166.92197,0.20483
1164.99318,0.21429
1163.06438,0.22267
1161.13558,0.22945
1159.20679,0.23418
1157.27799,0.23658
1155.34919,0.23647
1153.42040,0.23389
1151.49160,0.22914
1149.56280,0.22248
1147.63401,0.21427
1145.70521,0.20499
1143.77641,0.19510
1141.84762,0.18505
1139.91882,0.17521
1137.99002,0.16577
1136.06123,0.15692
1134.13243,0.14879
1132.20363,0.14147
1130.27484,0.13502
1128.34604,0.12937
1126.41724,0.12438
1124.48845,0.11994
1122.55965,0.11606
1120.63085,0.11275
1118.70206,0.10993
1116.77326,0.10741
1114.84446,0.10521
1112.91567,0.10334
1110.98687,0.10175
1109.05807,0.10039
1107.12928,0.09924
1105.20048,0.09830
1103.27168,0.09749
1101.34289,0.09679
1099.41409,0.09626
1097.48529,0.09584
1095.55650,0.09550
1093.62770,0.09525
1091.69890,0.09507
1089.77011,0.09499
1087.84131,0.09499
1085.91251,0.09498
1083.98372,0.09504
1082.05492,0.09529
1080.12612,0.09569
1078.19733,0.09615
1076.26853,0.09667
1074.33973,0.09727
1072.41094,0.09792
1070.48214,0.09859
1068.55334,0.09913
1066.62455,0.09952
1064.69575,0.09985
1062.76695,0.10002
1060.83816,0.09984
1058.90936,0.09939
1056.98056,0.09886
1055.05177,0.09820
1053.12297,0.09731
1051.19417,0.09620
1049.26538,0.09490
1047.33658,0.09350
1045.40778,0.09208
1043.47899,0.09059
1041.55019,0.08896
1039.62139,0.08727
1037.69260,0.08565
1035.76380,0.08413
1033.83500,0.08262
1031.90621,0.08123
1029.97741,0.08001
1028.04861,0.07885
1026.11982,0.07773
1024.19102,0.07678
1022.26222,0.07604
1020.33343,0.07537
1018.40463,0.07472
1016.47583,0.07427
1014.54704,0.07407
1012.61824,0.07399
1010.68944,0.07381
1008.76065,0.07336
1006.83185,0.07262
1004.90305,0.07162
1002.97426,0.07043
1001.04546,0.06925
999.11666,0.06822
997.18787,0.06735
995.25907,0.06652
993.33027,0.06569
991.40148,0.06490
989.47268,0.06413
987.54388,0.06321
985.61509,0.06216
983.68629,0.06114
981.75749,0.06018
979.82870,0.05916
977.89990,0.05805
975.97110,0.05694
974.04231,0.05595
972.11351,0.05504
970.18471,0.05415
968.25592,0.05339
966.32712,0.05282
964.39832,0.05230
962.46953,0.05169
960.54073,0.05094
958.61193,0.05008
956.68314,0.04918
954.75434,0.04831
952.82554,0.04762
950.89675,0.04704
948.96795,0.04628
947.03915,0.04532
945.11036,0.04436
943.18156,0.04341
941.25276,0.04239
939.32397,0.04131
937.39517,0.04024
935.46637,0.03917
933.53758,0.03810
931.60878,0.03702
929.67998,0.03598
927.75119,0.03507
925.82239,0.03418
923.89359,0.03309
921.96480,0.03180
920.03600,0.03055
918.10720,0.02947
916.17841,0.02850
914.24961,0.02755
912.32081,0.02666
910.39202,0.02581
908.46322,0.02491
906.53443,0.02387
904.60563,0.02288
902.67683,0.02208
900.74804,0.02138
898.81924,0.02057
896.89044,0.01956
894.96165,0.01841
893.03285,0.01714
891.10405,0.01574
889.17526,0.01425
887.24646,0.01273
885.31766,0.01120
883.38887,0.00974
881.46007,0.00842
879.53127,0.00722
877.60248,0.00612
875.67368,0.00510
873.74488,0.00414
871.81609,0.00324
869.88729,0.00231
867.95849,0.00137
866.02970,0.00056
864.10090,-0.00003
862.17210,-0.00058
860.24331,-0.00125
858.31451,-0.00195
856.38571,-0.00261
854.45692,-0.00323
852.52812,-0.00379
850.59932,-0.00442
848.67053,-0.00517
846.74173,-0.00587
844.81293,-0.00648
842.88414,-0.00724
840.95534,-0.00809
839.02654,-0.00875
837.09775,-0.00930
835.16895,-0.00987
833.24015,-0.01041
831.31136,-0.01088
829.38256,-0.01127
827.45376,-0.01161
825.52497,-0.01185
823.59617,-0.01177
821.66737,-0.01142
819.73858,-0.01115
817.80978,-0.01104
815.88098,-0.01082
813.95219,-0.01031
812.02339,-0.00971
810.09459,-0.00906
808.16580,-0.00823
806.23700,-0.00723
804.30820,-0.00607
802.37941,-0.00469
800.45061,-0.00312
798.52181,-0.00134
796.59302,0.00070
794.66422,0.00286
792.73542,0.00503
790.80663,0.00726
788.87783,0.00935
786.94903,0.01088
785.02024,0.01151
783.09144,0.01092
781.16264,0.00898
779.23385,0.00599
777.30505,0.00247
775.37625,-0.00105
773.44746,-0.00415
771.51866,-0.00661
769.58986,-0.00850
767.66107,-0.01001
765.73227,-0.01120
763.80347,-0.01224
761.87468,-0.01316
759.94588,-0.01370
758.01708,-0.01384
756.08829,-0.01389
754.15949,-0.01400
752.23069,-0.01394
750.30190,-0.01384
748.37310,-0.01406
